# Temperatura_=_-2.78
# Concentracion g/m^3_=_1620.0
# C_Vs_to_Am_M_A/Vsm_=_65563218390.804596
# pendiente_HvsI_1/m_=_3716.3
# ordenada_HvsI_A/m_=_1297.0
# frecuencia_Hz_=_135093.1190950707

Tiempo_(s)	Campo_(V.s)	Magnetizacion_(V.s)	Campo_(kA/m)	Magnetizacion_(A/m)
0.000000e+00	-5.525883e-06	-1.031975e-09	-3.837616e+01	-6.939899e+01
1.000000e-08	-5.526054e-06	-1.027630e-09	-3.837734e+01	-6.936036e+01
2.000000e-08	-5.525988e-06	-1.025979e-09	-3.837689e+01	-6.932313e+01
3.000000e-08	-5.525628e-06	-1.026264e-09	-3.837438e+01	-6.928734e+01
4.000000e-08	-5.524905e-06	-1.025270e-09	-3.836937e+01	-6.925299e+01
5.000000e-08	-5.523783e-06	-1.023649e-09	-3.836157e+01	-6.922005e+01
6.000000e-08	-5.522035e-06	-1.023895e-09	-3.834943e+01	-6.918846e+01
7.000000e-08	-5.519648e-06	-1.016248e-09	-3.833285e+01	-6.915816e+01
8.000000e-08	-5.516685e-06	-1.006476e-09	-3.831228e+01	-6.912903e+01
9.000000e-08	-5.513186e-06	-1.004356e-09	-3.828798e+01	-6.910094e+01
1.000000e-07	-5.509332e-06	-1.041483e-09	-3.826122e+01	-6.907374e+01
1.100000e-07	-5.505053e-06	-1.071214e-09	-3.823150e+01	-6.904725e+01
1.200000e-07	-5.500441e-06	-1.038194e-09	-3.819947e+01	-6.902129e+01
1.300000e-07	-5.495690e-06	-9.650436e-10	-3.816647e+01	-6.899563e+01
1.400000e-07	-5.490637e-06	-1.008461e-09	-3.813138e+01	-6.897006e+01
1.500000e-07	-5.485092e-06	-1.031123e-09	-3.809287e+01	-6.894434e+01
1.600000e-07	-5.479112e-06	-1.042219e-09	-3.805134e+01	-6.891821e+01
1.700000e-07	-5.472887e-06	-9.733844e-10	-3.800811e+01	-6.889141e+01
1.800000e-07	-5.466217e-06	-1.011809e-09	-3.796179e+01	-6.886369e+01
1.900000e-07	-5.458958e-06	-1.074461e-09	-3.791137e+01	-6.883476e+01
2.000000e-07	-5.451417e-06	-1.067747e-09	-3.785900e+01	-6.880436e+01
2.100000e-07	-5.443697e-06	-1.020001e-09	-3.780539e+01	-6.877222e+01
2.200000e-07	-5.435700e-06	-1.013088e-09	-3.774985e+01	-6.873806e+01
2.300000e-07	-5.427377e-06	-1.087120e-09	-3.769205e+01	-6.870163e+01
2.400000e-07	-5.418758e-06	-1.096794e-09	-3.763219e+01	-6.866267e+01
2.500000e-07	-5.409640e-06	-1.081848e-09	-3.756887e+01	-6.862093e+01
2.600000e-07	-5.399885e-06	-1.063442e-09	-3.750112e+01	-6.857617e+01
2.700000e-07	-5.389423e-06	-1.095265e-09	-3.742847e+01	-6.852816e+01
2.800000e-07	-5.378349e-06	-1.068081e-09	-3.735156e+01	-6.847669e+01
2.900000e-07	-5.366807e-06	-1.057281e-09	-3.727140e+01	-6.842156e+01
3.000000e-07	-5.354827e-06	-1.047822e-09	-3.718821e+01	-6.836259e+01
3.100000e-07	-5.342575e-06	-1.082931e-09	-3.710312e+01	-6.829961e+01
3.200000e-07	-5.329951e-06	-1.063241e-09	-3.701545e+01	-6.823246e+01
3.300000e-07	-5.316841e-06	-1.058376e-09	-3.692440e+01	-6.816101e+01
3.400000e-07	-5.303273e-06	-1.042428e-09	-3.683017e+01	-6.808515e+01
3.500000e-07	-5.289353e-06	-1.062856e-09	-3.673350e+01	-6.800477e+01
3.600000e-07	-5.275055e-06	-1.042754e-09	-3.663420e+01	-6.791979e+01
3.700000e-07	-5.260250e-06	-1.031174e-09	-3.653138e+01	-6.783015e+01
3.800000e-07	-5.244960e-06	-1.039930e-09	-3.642520e+01	-6.773579e+01
3.900000e-07	-5.229172e-06	-1.065534e-09	-3.631556e+01	-6.763669e+01
4.000000e-07	-5.212897e-06	-1.034749e-09	-3.620253e+01	-6.753282e+01
4.100000e-07	-5.196183e-06	-1.022575e-09	-3.608646e+01	-6.742418e+01
4.200000e-07	-5.179120e-06	-1.050076e-09	-3.596795e+01	-6.731080e+01
4.300000e-07	-5.161761e-06	-1.042386e-09	-3.584740e+01	-6.719268e+01
4.400000e-07	-5.144088e-06	-9.988992e-10	-3.572466e+01	-6.706988e+01
4.500000e-07	-5.126129e-06	-1.019247e-09	-3.559994e+01	-6.694243e+01
4.600000e-07	-5.107776e-06	-1.055553e-09	-3.547249e+01	-6.681040e+01
4.700000e-07	-5.089021e-06	-1.003661e-09	-3.534223e+01	-6.667387e+01
4.800000e-07	-5.069953e-06	-9.942204e-10	-3.520981e+01	-6.653290e+01
4.900000e-07	-5.050557e-06	-1.041042e-09	-3.507511e+01	-6.638758e+01
5.000000e-07	-5.030895e-06	-1.033346e-09	-3.493856e+01	-6.623800e+01
5.100000e-07	-5.010992e-06	-9.802527e-10	-3.480034e+01	-6.608427e+01
5.200000e-07	-4.990819e-06	-1.013704e-09	-3.466024e+01	-6.592649e+01
5.300000e-07	-4.970401e-06	-1.012373e-09	-3.451844e+01	-6.576476e+01
5.400000e-07	-4.949687e-06	-9.679470e-10	-3.437459e+01	-6.559920e+01
5.500000e-07	-4.928536e-06	-9.809909e-10	-3.422770e+01	-6.542991e+01
5.600000e-07	-4.906961e-06	-1.030565e-09	-3.407786e+01	-6.525702e+01
5.700000e-07	-4.885058e-06	-9.851010e-10	-3.392576e+01	-6.508065e+01
5.800000e-07	-4.862892e-06	-9.741538e-10	-3.377181e+01	-6.490091e+01
5.900000e-07	-4.840408e-06	-1.006755e-09	-3.361567e+01	-6.471793e+01
6.000000e-07	-4.817504e-06	-9.933149e-10	-3.345660e+01	-6.453182e+01
6.100000e-07	-4.794129e-06	-9.513267e-10	-3.329427e+01	-6.434272e+01
6.200000e-07	-4.770501e-06	-9.811002e-10	-3.313018e+01	-6.415074e+01
6.300000e-07	-4.746771e-06	-9.789509e-10	-3.296538e+01	-6.395602e+01
6.400000e-07	-4.722779e-06	-9.517543e-10	-3.279876e+01	-6.375867e+01
6.500000e-07	-4.698435e-06	-9.610681e-10	-3.262970e+01	-6.355882e+01
6.600000e-07	-4.673710e-06	-9.803637e-10	-3.245798e+01	-6.335660e+01
6.700000e-07	-4.648563e-06	-9.595247e-10	-3.228334e+01	-6.315213e+01
6.800000e-07	-4.622875e-06	-9.560152e-10	-3.210494e+01	-6.294554e+01
6.900000e-07	-4.596644e-06	-9.629079e-10	-3.192278e+01	-6.273696e+01
7.000000e-07	-4.569937e-06	-9.498615e-10	-3.173730e+01	-6.252651e+01
7.100000e-07	-4.542734e-06	-9.395359e-10	-3.154838e+01	-6.231432e+01
7.200000e-07	-4.515208e-06	-9.457135e-10	-3.135722e+01	-6.210052e+01
7.300000e-07	-4.487521e-06	-9.424204e-10	-3.116494e+01	-6.188523e+01
7.400000e-07	-4.459678e-06	-9.356046e-10	-3.097157e+01	-6.166858e+01
7.500000e-07	-4.431621e-06	-9.410262e-10	-3.077672e+01	-6.145070e+01
7.600000e-07	-4.403312e-06	-9.379858e-10	-3.058013e+01	-6.123171e+01
7.700000e-07	-4.374719e-06	-9.328251e-10	-3.038155e+01	-6.101173e+01
7.800000e-07	-4.345811e-06	-9.270467e-10	-3.018079e+01	-6.079089e+01
7.900000e-07	-4.316626e-06	-9.236064e-10	-2.997811e+01	-6.056929e+01
8.000000e-07	-4.287092e-06	-9.147758e-10	-2.977300e+01	-6.034705e+01
8.100000e-07	-4.257203e-06	-9.184511e-10	-2.956542e+01	-6.012427e+01
8.200000e-07	-4.227039e-06	-9.160835e-10	-2.935594e+01	-5.990107e+01
8.300000e-07	-4.196534e-06	-9.140930e-10	-2.914409e+01	-5.967752e+01
8.400000e-07	-4.165687e-06	-9.077907e-10	-2.892986e+01	-5.945373e+01
8.500000e-07	-4.134526e-06	-9.087217e-10	-2.871346e+01	-5.922976e+01
8.600000e-07	-4.103159e-06	-9.023644e-10	-2.849562e+01	-5.900569e+01
8.700000e-07	-4.071689e-06	-8.983366e-10	-2.827707e+01	-5.878158e+01
8.800000e-07	-4.040054e-06	-8.966887e-10	-2.805737e+01	-5.855746e+01
8.900000e-07	-4.008233e-06	-8.938078e-10	-2.783638e+01	-5.833336e+01
9.000000e-07	-3.976196e-06	-8.818533e-10	-2.761389e+01	-5.810931e+01
9.100000e-07	-3.943874e-06	-8.800061e-10	-2.738942e+01	-5.788531e+01
9.200000e-07	-3.911152e-06	-8.727734e-10	-2.716217e+01	-5.766133e+01
9.300000e-07	-3.878122e-06	-8.665460e-10	-2.693278e+01	-5.743734e+01
9.400000e-07	-3.844718e-06	-8.662918e-10	-2.670080e+01	-5.721330e+01
9.500000e-07	-3.810795e-06	-8.715045e-10	-2.646521e+01	-5.698912e+01
9.600000e-07	-3.776458e-06	-8.649571e-10	-2.622675e+01	-5.676472e+01
9.700000e-07	-3.741756e-06	-8.545755e-10	-2.598575e+01	-5.653998e+01
9.800000e-07	-3.706676e-06	-8.513070e-10	-2.574213e+01	-5.631477e+01
9.900000e-07	-3.671219e-06	-8.479688e-10	-2.549588e+01	-5.608893e+01
1.000000e-06	-3.635499e-06	-8.374619e-10	-2.524781e+01	-5.586229e+01
1.010000e-06	-3.599655e-06	-8.339031e-10	-2.499889e+01	-5.563465e+01
1.020000e-06	-3.563692e-06	-8.318359e-10	-2.474913e+01	-5.540580e+01
1.030000e-06	-3.527603e-06	-8.276963e-10	-2.449850e+01	-5.517550e+01
1.040000e-06	-3.491336e-06	-8.246910e-10	-2.424663e+01	-5.494348e+01
1.050000e-06	-3.454861e-06	-8.209036e-10	-2.399332e+01	-5.470949e+01
1.060000e-06	-3.418201e-06	-8.112077e-10	-2.373873e+01	-5.447322e+01
1.070000e-06	-3.381263e-06	-7.994532e-10	-2.348219e+01	-5.423437e+01
1.080000e-06	-3.344028e-06	-7.971395e-10	-2.322361e+01	-5.399263e+01
1.090000e-06	-3.306516e-06	-7.936296e-10	-2.296310e+01	-5.374765e+01
1.100000e-06	-3.268734e-06	-7.903129e-10	-2.270071e+01	-5.349909e+01
1.110000e-06	-3.230728e-06	-7.855814e-10	-2.243676e+01	-5.324661e+01
1.120000e-06	-3.192498e-06	-7.814032e-10	-2.217126e+01	-5.298985e+01
1.130000e-06	-3.154032e-06	-7.722182e-10	-2.190412e+01	-5.272844e+01
1.140000e-06	-3.115413e-06	-7.659852e-10	-2.163592e+01	-5.246202e+01
1.150000e-06	-3.076603e-06	-7.603896e-10	-2.136640e+01	-5.219023e+01
1.160000e-06	-3.037582e-06	-7.552400e-10	-2.109540e+01	-5.191272e+01
1.170000e-06	-2.998429e-06	-7.497835e-10	-2.082349e+01	-5.162912e+01
1.180000e-06	-2.959008e-06	-7.497220e-10	-2.054972e+01	-5.133910e+01
1.190000e-06	-2.919400e-06	-7.462628e-10	-2.027465e+01	-5.104232e+01
1.200000e-06	-2.879685e-06	-7.409005e-10	-1.999884e+01	-5.073845e+01
1.210000e-06	-2.839770e-06	-7.333398e-10	-1.972164e+01	-5.042720e+01
1.220000e-06	-2.799709e-06	-7.257445e-10	-1.944342e+01	-5.010827e+01
1.230000e-06	-2.759547e-06	-7.150251e-10	-1.916450e+01	-4.978140e+01
1.240000e-06	-2.719316e-06	-7.080757e-10	-1.888510e+01	-4.944633e+01
1.250000e-06	-2.678916e-06	-7.022089e-10	-1.860454e+01	-4.910284e+01
1.260000e-06	-2.638258e-06	-6.983933e-10	-1.832218e+01	-4.875073e+01
1.270000e-06	-2.597433e-06	-6.974178e-10	-1.803866e+01	-4.838981e+01
1.280000e-06	-2.556308e-06	-6.947584e-10	-1.775305e+01	-4.801994e+01
1.290000e-06	-2.514844e-06	-6.868558e-10	-1.746509e+01	-4.764099e+01
1.300000e-06	-2.473126e-06	-6.771465e-10	-1.717536e+01	-4.725285e+01
1.310000e-06	-2.431154e-06	-6.675988e-10	-1.688388e+01	-4.685546e+01
1.320000e-06	-2.388854e-06	-6.586437e-10	-1.659011e+01	-4.644876e+01
1.330000e-06	-2.346151e-06	-6.510864e-10	-1.629355e+01	-4.603274e+01
1.340000e-06	-2.303122e-06	-6.474089e-10	-1.599472e+01	-4.560738e+01
1.350000e-06	-2.259923e-06	-6.449938e-10	-1.569472e+01	-4.517272e+01
1.360000e-06	-2.216630e-06	-6.404055e-10	-1.539406e+01	-4.472880e+01
1.370000e-06	-2.173156e-06	-6.336387e-10	-1.509213e+01	-4.427569e+01
1.380000e-06	-2.129520e-06	-6.234967e-10	-1.478910e+01	-4.381346e+01
1.390000e-06	-2.085755e-06	-6.130679e-10	-1.448515e+01	-4.334221e+01
1.400000e-06	-2.041911e-06	-6.026442e-10	-1.418067e+01	-4.286204e+01
1.410000e-06	-1.998016e-06	-5.956173e-10	-1.387582e+01	-4.237308e+01
1.420000e-06	-1.954030e-06	-5.882951e-10	-1.357035e+01	-4.187545e+01
1.430000e-06	-1.909989e-06	-5.815914e-10	-1.326449e+01	-4.136927e+01
1.440000e-06	-1.865887e-06	-5.759851e-10	-1.295821e+01	-4.085468e+01
1.450000e-06	-1.821650e-06	-5.710557e-10	-1.265099e+01	-4.033179e+01
1.460000e-06	-1.777316e-06	-5.616391e-10	-1.234311e+01	-3.980072e+01
1.470000e-06	-1.732854e-06	-5.506537e-10	-1.203433e+01	-3.926159e+01
1.480000e-06	-1.688208e-06	-5.400779e-10	-1.172427e+01	-3.871449e+01
1.490000e-06	-1.643423e-06	-5.317665e-10	-1.141325e+01	-3.815950e+01
1.500000e-06	-1.598505e-06	-5.237017e-10	-1.110130e+01	-3.759667e+01
1.510000e-06	-1.553459e-06	-5.165480e-10	-1.078846e+01	-3.702606e+01
1.520000e-06	-1.508280e-06	-5.085176e-10	-1.047471e+01	-3.644768e+01
1.530000e-06	-1.462916e-06	-4.970982e-10	-1.015966e+01	-3.586151e+01
1.540000e-06	-1.417467e-06	-4.837674e-10	-9.844027e+00	-3.526753e+01
1.550000e-06	-1.372055e-06	-4.755278e-10	-9.528650e+00	-3.466566e+01
1.560000e-06	-1.326588e-06	-4.687538e-10	-9.212892e+00	-3.405582e+01
1.570000e-06	-1.280961e-06	-4.603881e-10	-8.896020e+00	-3.343786e+01
1.580000e-06	-1.235185e-06	-4.494207e-10	-8.578114e+00	-3.281162e+01
1.590000e-06	-1.189366e-06	-4.378968e-10	-8.259912e+00	-3.217692e+01
1.600000e-06	-1.143524e-06	-4.249127e-10	-7.941549e+00	-3.153353e+01
1.610000e-06	-1.097634e-06	-4.137708e-10	-7.622852e+00	-3.088118e+01
1.620000e-06	-1.051627e-06	-4.066169e-10	-7.303338e+00	-3.021960e+01
1.630000e-06	-1.005510e-06	-3.999226e-10	-6.983064e+00	-2.954846e+01
1.640000e-06	-9.592892e-07	-3.911574e-10	-6.662072e+00	-2.886743e+01
1.650000e-06	-9.129562e-07	-3.767644e-10	-6.340299e+00	-2.817614e+01
1.660000e-06	-8.666251e-07	-3.618782e-10	-6.018539e+00	-2.747420e+01
1.670000e-06	-8.202633e-07	-3.445313e-10	-5.696565e+00	-2.676120e+01
1.680000e-06	-7.737991e-07	-3.307097e-10	-5.373881e+00	-2.603674e+01
1.690000e-06	-7.273915e-07	-3.218915e-10	-5.051589e+00	-2.530037e+01
1.700000e-06	-6.810203e-07	-3.152197e-10	-4.729550e+00	-2.455168e+01
1.710000e-06	-6.344951e-07	-3.075500e-10	-4.406442e+00	-2.379022e+01
1.720000e-06	-5.878414e-07	-2.930769e-10	-4.082441e+00	-2.301556e+01
1.730000e-06	-5.411526e-07	-2.769208e-10	-3.758197e+00	-2.222730e+01
1.740000e-06	-4.943495e-07	-2.589040e-10	-3.433159e+00	-2.142501e+01
1.750000e-06	-4.474474e-07	-2.413005e-10	-3.107433e+00	-2.060831e+01
1.760000e-06	-4.005575e-07	-2.289538e-10	-2.781792e+00	-1.977684e+01
1.770000e-06	-3.537095e-07	-2.187856e-10	-2.456442e+00	-1.893027e+01
1.780000e-06	-3.068567e-07	-2.103494e-10	-2.131059e+00	-1.806830e+01
1.790000e-06	-2.598728e-07	-2.013447e-10	-1.804765e+00	-1.719068e+01
1.800000e-06	-2.128646e-07	-1.857431e-10	-1.478302e+00	-1.629719e+01
1.810000e-06	-1.658879e-07	-1.669534e-10	-1.152058e+00	-1.538768e+01
1.820000e-06	-1.189622e-07	-1.500812e-10	-8.261691e-01	-1.446204e+01
1.830000e-06	-7.208066e-08	-1.331797e-10	-5.005858e-01	-1.352022e+01
1.840000e-06	-2.517584e-08	-1.207494e-10	-1.748412e-01	-1.256223e+01
1.850000e-06	2.184210e-08	-1.106063e-10	1.516891e-01	-1.158816e+01
1.860000e-06	6.883210e-08	-9.949726e-11	4.780252e-01	-1.059815e+01
1.870000e-06	1.156577e-07	-8.551490e-11	8.032198e-01	-9.592422e+00
1.880000e-06	1.624666e-07	-7.192560e-11	1.128298e+00	-8.571263e+00
1.890000e-06	2.092624e-07	-5.885780e-11	1.453286e+00	-7.535038e+00
1.900000e-06	2.561063e-07	-4.273612e-11	1.778607e+00	-6.484185e+00
1.910000e-06	3.029684e-07	-2.872084e-11	2.104055e+00	-5.419215e+00
1.920000e-06	3.496997e-07	-1.398214e-11	2.428595e+00	-4.340714e+00
1.930000e-06	3.964063e-07	2.596386e-12	2.752963e+00	-3.249338e+00
1.940000e-06	4.431067e-07	1.670591e-11	3.077288e+00	-2.145816e+00
1.950000e-06	4.897670e-07	2.740605e-11	3.401334e+00	-1.030943e+00
1.960000e-06	5.364848e-07	3.756166e-11	3.725780e+00	9.442020e-02
1.970000e-06	5.831032e-07	5.009654e-11	4.049536e+00	1.229351e+00
1.980000e-06	6.295276e-07	6.385783e-11	4.371944e+00	2.372869e+00
1.990000e-06	6.758471e-07	7.951523e-11	4.693623e+00	3.523942e+00
2.000000e-06	7.221539e-07	9.706162e-11	5.015215e+00	4.681490e+00
2.010000e-06	7.684800e-07	1.158885e-10	5.336941e+00	5.844390e+00
2.020000e-06	8.148103e-07	1.334535e-10	5.658695e+00	7.011484e+00
2.030000e-06	8.611960e-07	1.467871e-10	5.980834e+00	8.181582e+00
2.040000e-06	9.075018e-07	1.583235e-10	6.302419e+00	9.353472e+00
2.050000e-06	9.536531e-07	1.705714e-10	6.622931e+00	1.052592e+01
2.060000e-06	9.997330e-07	1.850392e-10	6.942946e+00	1.169770e+01
2.070000e-06	1.045724e-06	2.021490e-10	7.262343e+00	1.286756e+01
2.080000e-06	1.091591e-06	2.207903e-10	7.580880e+00	1.403426e+01
2.090000e-06	1.137385e-06	2.393823e-10	7.898912e+00	1.519658e+01
2.100000e-06	1.183223e-06	2.551563e-10	8.217245e+00	1.635332e+01
2.110000e-06	1.228972e-06	2.683574e-10	8.534966e+00	1.750328e+01
2.120000e-06	1.274659e-06	2.801365e-10	8.852255e+00	1.864532e+01
2.130000e-06	1.320299e-06	2.937405e-10	9.169212e+00	1.977832e+01
2.140000e-06	1.365800e-06	3.085038e-10	9.485206e+00	2.090123e+01
2.150000e-06	1.411167e-06	3.238997e-10	9.800271e+00	2.201301e+01
2.160000e-06	1.456382e-06	3.403962e-10	1.011428e+01	2.311272e+01
2.170000e-06	1.501541e-06	3.562997e-10	1.042790e+01	2.419944e+01
2.180000e-06	1.546586e-06	3.726076e-10	1.074073e+01	2.527235e+01
2.190000e-06	1.591449e-06	3.853017e-10	1.105229e+01	2.633067e+01
2.200000e-06	1.636147e-06	3.963780e-10	1.136271e+01	2.737370e+01
2.210000e-06	1.680735e-06	4.085918e-10	1.167237e+01	2.840083e+01
2.220000e-06	1.725161e-06	4.231324e-10	1.198090e+01	2.941150e+01
2.230000e-06	1.769398e-06	4.378299e-10	1.228812e+01	3.040525e+01
2.240000e-06	1.813527e-06	4.504244e-10	1.259459e+01	3.138169e+01
2.250000e-06	1.857591e-06	4.629056e-10	1.290060e+01	3.234050e+01
2.260000e-06	1.901639e-06	4.746358e-10	1.320650e+01	3.328145e+01
2.270000e-06	1.945655e-06	4.867838e-10	1.351219e+01	3.420438e+01
2.280000e-06	1.989619e-06	4.987561e-10	1.381750e+01	3.510921e+01
2.290000e-06	2.033504e-06	5.096449e-10	1.412228e+01	3.599591e+01
2.300000e-06	2.077294e-06	5.209705e-10	1.442639e+01	3.686456e+01
2.310000e-06	2.120968e-06	5.332042e-10	1.472970e+01	3.771526e+01
2.320000e-06	2.164560e-06	5.469528e-10	1.503244e+01	3.854821e+01
2.330000e-06	2.208110e-06	5.589111e-10	1.533489e+01	3.936364e+01
2.340000e-06	2.251541e-06	5.682022e-10	1.563650e+01	4.016186e+01
2.350000e-06	2.294725e-06	5.776148e-10	1.593641e+01	4.094319e+01
2.360000e-06	2.337641e-06	5.882421e-10	1.623445e+01	4.170801e+01
2.370000e-06	2.380410e-06	6.002704e-10	1.653148e+01	4.245676e+01
2.380000e-06	2.422941e-06	6.113396e-10	1.682684e+01	4.318986e+01
2.390000e-06	2.465105e-06	6.219900e-10	1.711966e+01	4.390780e+01
2.400000e-06	2.506959e-06	6.323755e-10	1.741033e+01	4.461106e+01
2.410000e-06	2.548491e-06	6.425590e-10	1.769876e+01	4.530015e+01
2.420000e-06	2.589617e-06	6.536437e-10	1.798437e+01	4.597557e+01
2.430000e-06	2.630465e-06	6.647670e-10	1.826806e+01	4.663782e+01
2.440000e-06	2.671119e-06	6.756651e-10	1.855039e+01	4.728742e+01
2.450000e-06	2.711518e-06	6.874606e-10	1.883095e+01	4.792485e+01
2.460000e-06	2.751815e-06	6.984946e-10	1.911081e+01	4.855058e+01
2.470000e-06	2.791978e-06	7.064551e-10	1.938973e+01	4.916508e+01
2.480000e-06	2.831945e-06	7.133804e-10	1.966729e+01	4.976877e+01
2.490000e-06	2.871798e-06	7.198325e-10	1.994406e+01	5.036205e+01
2.500000e-06	2.911542e-06	7.275752e-10	2.022008e+01	5.094530e+01
2.510000e-06	2.951167e-06	7.386571e-10	2.049527e+01	5.151884e+01
2.520000e-06	2.990597e-06	7.489395e-10	2.076910e+01	5.208298e+01
2.530000e-06	3.029774e-06	7.585097e-10	2.104118e+01	5.263797e+01
2.540000e-06	3.068760e-06	7.664751e-10	2.131193e+01	5.318402e+01
2.550000e-06	3.107504e-06	7.706595e-10	2.158100e+01	5.372132e+01
2.560000e-06	3.145965e-06	7.743386e-10	2.184810e+01	5.424999e+01
2.570000e-06	3.184275e-06	7.797447e-10	2.211415e+01	5.477013e+01
2.580000e-06	3.222457e-06	7.846168e-10	2.237932e+01	5.528178e+01
2.590000e-06	3.260405e-06	7.904434e-10	2.264286e+01	5.578496e+01
2.600000e-06	3.298114e-06	7.985155e-10	2.290475e+01	5.627963e+01
2.610000e-06	3.335669e-06	8.061247e-10	2.316556e+01	5.676574e+01
2.620000e-06	3.372877e-06	8.133796e-10	2.342396e+01	5.724319e+01
2.630000e-06	3.409815e-06	8.192025e-10	2.368048e+01	5.771184e+01
2.640000e-06	3.446612e-06	8.237562e-10	2.393603e+01	5.817156e+01
2.650000e-06	3.483095e-06	8.276997e-10	2.418940e+01	5.862215e+01
2.660000e-06	3.519261e-06	8.316469e-10	2.444057e+01	5.906344e+01
2.670000e-06	3.555230e-06	8.378715e-10	2.469037e+01	5.949520e+01
2.680000e-06	3.591102e-06	8.443874e-10	2.493949e+01	5.991722e+01
2.690000e-06	3.626863e-06	8.509522e-10	2.518784e+01	6.032927e+01
2.700000e-06	3.662439e-06	8.568949e-10	2.543491e+01	6.073112e+01
2.710000e-06	3.697823e-06	8.598128e-10	2.568064e+01	6.112255e+01
2.720000e-06	3.733072e-06	8.633790e-10	2.592544e+01	6.150335e+01
2.730000e-06	3.768039e-06	8.708311e-10	2.616828e+01	6.187330e+01
2.740000e-06	3.802598e-06	8.787008e-10	2.640828e+01	6.223221e+01
2.750000e-06	3.836780e-06	8.844067e-10	2.664568e+01	6.257991e+01
2.760000e-06	3.870432e-06	8.877684e-10	2.687938e+01	6.291627e+01
2.770000e-06	3.903470e-06	8.889026e-10	2.710882e+01	6.324114e+01
2.780000e-06	3.936115e-06	8.907278e-10	2.733554e+01	6.355445e+01
2.790000e-06	3.968457e-06	8.949464e-10	2.756014e+01	6.385613e+01
2.800000e-06	4.000575e-06	9.006147e-10	2.778320e+01	6.414615e+01
2.810000e-06	4.032513e-06	9.073948e-10	2.800500e+01	6.442454e+01
2.820000e-06	4.064244e-06	9.139504e-10	2.822536e+01	6.469133e+01
2.830000e-06	4.095837e-06	9.185005e-10	2.844477e+01	6.494662e+01
2.840000e-06	4.127265e-06	9.197923e-10	2.866304e+01	6.519053e+01
2.850000e-06	4.158431e-06	9.192336e-10	2.887948e+01	6.542322e+01
2.860000e-06	4.189273e-06	9.203597e-10	2.909367e+01	6.564491e+01
2.870000e-06	4.219731e-06	9.230211e-10	2.930519e+01	6.585584e+01
2.880000e-06	4.249863e-06	9.265615e-10	2.951445e+01	6.605628e+01
2.890000e-06	4.279696e-06	9.310638e-10	2.972164e+01	6.624655e+01
2.900000e-06	4.309142e-06	9.355860e-10	2.992613e+01	6.642700e+01
2.910000e-06	4.338356e-06	9.408553e-10	3.012902e+01	6.659801e+01
2.920000e-06	4.367359e-06	9.444368e-10	3.033044e+01	6.675998e+01
2.930000e-06	4.396058e-06	9.454134e-10	3.052974e+01	6.691334e+01
2.940000e-06	4.424480e-06	9.470476e-10	3.072713e+01	6.705854e+01
2.950000e-06	4.452594e-06	9.502912e-10	3.092238e+01	6.719606e+01
2.960000e-06	4.480493e-06	9.568019e-10	3.111613e+01	6.732638e+01
2.970000e-06	4.508285e-06	9.639527e-10	3.130914e+01	6.744998e+01
2.980000e-06	4.535873e-06	9.691878e-10	3.150073e+01	6.756736e+01
2.990000e-06	4.563195e-06	9.718789e-10	3.169048e+01	6.767903e+01
3.000000e-06	4.590264e-06	9.717706e-10	3.187847e+01	6.778547e+01
3.010000e-06	4.616816e-06	9.711103e-10	3.206287e+01	6.788718e+01
3.020000e-06	4.642707e-06	9.709619e-10	3.224267e+01	6.798463e+01
3.030000e-06	4.668025e-06	9.735289e-10	3.241851e+01	6.807829e+01
3.040000e-06	4.692880e-06	9.792998e-10	3.259112e+01	6.816861e+01
3.050000e-06	4.717270e-06	9.856182e-10	3.276050e+01	6.825600e+01
3.060000e-06	4.741256e-06	9.896620e-10	3.292708e+01	6.834086e+01
3.070000e-06	4.765052e-06	9.922722e-10	3.309234e+01	6.842357e+01
3.080000e-06	4.788643e-06	9.930064e-10	3.325617e+01	6.850445e+01
3.090000e-06	4.811937e-06	9.925005e-10	3.341794e+01	6.858383e+01
3.100000e-06	4.834893e-06	9.936121e-10	3.357737e+01	6.866197e+01
3.110000e-06	4.857491e-06	9.957341e-10	3.373431e+01	6.873911e+01
3.120000e-06	4.879711e-06	9.978536e-10	3.388862e+01	6.881544e+01
3.130000e-06	4.901559e-06	9.989613e-10	3.404035e+01	6.889112e+01
3.140000e-06	4.923106e-06	1.000471e-09	3.418999e+01	6.896627e+01
3.150000e-06	4.944379e-06	1.001622e-09	3.433773e+01	6.904099e+01
3.160000e-06	4.965376e-06	1.003730e-09	3.448355e+01	6.911530e+01
3.170000e-06	4.986069e-06	1.006949e-09	3.462726e+01	6.918923e+01
3.180000e-06	5.006378e-06	1.010196e-09	3.476830e+01	6.926274e+01
3.190000e-06	5.026383e-06	1.013830e-09	3.490723e+01	6.933577e+01
3.200000e-06	5.046197e-06	1.014662e-09	3.504483e+01	6.940822e+01
3.210000e-06	5.065775e-06	1.014782e-09	3.518080e+01	6.947998e+01
3.220000e-06	5.085062e-06	1.012700e-09	3.531474e+01	6.955090e+01
3.230000e-06	5.104047e-06	1.014165e-09	3.544659e+01	6.962080e+01
3.240000e-06	5.122638e-06	1.020115e-09	3.557570e+01	6.968948e+01
3.250000e-06	5.140719e-06	1.024390e-09	3.570127e+01	6.975674e+01
3.260000e-06	5.158280e-06	1.026720e-09	3.582323e+01	6.982235e+01
3.270000e-06	5.175522e-06	1.023087e-09	3.594297e+01	6.988606e+01
3.280000e-06	5.192504e-06	1.020329e-09	3.606091e+01	6.994764e+01
3.290000e-06	5.209151e-06	1.021920e-09	3.617652e+01	7.000683e+01
3.300000e-06	5.225520e-06	1.025229e-09	3.629019e+01	7.006340e+01
3.310000e-06	5.241477e-06	1.028544e-09	3.640101e+01	7.011708e+01
3.320000e-06	5.256896e-06	1.033170e-09	3.650809e+01	7.016766e+01
3.330000e-06	5.271908e-06	1.035783e-09	3.661235e+01	7.021489e+01
3.340000e-06	5.286437e-06	1.032981e-09	3.671325e+01	7.025857e+01
3.350000e-06	5.300487e-06	1.029287e-09	3.681082e+01	7.029850e+01
3.360000e-06	5.314174e-06	1.027207e-09	3.690588e+01	7.033450e+01
3.370000e-06	5.327404e-06	1.026486e-09	3.699776e+01	7.036641e+01
3.380000e-06	5.340220e-06	1.028625e-09	3.708676e+01	7.039411e+01
3.390000e-06	5.352712e-06	1.034172e-09	3.717352e+01	7.041749e+01
3.400000e-06	5.364881e-06	1.037382e-09	3.725803e+01	7.043646e+01
3.410000e-06	5.376708e-06	1.036381e-09	3.734016e+01	7.045099e+01
3.420000e-06	5.388192e-06	1.037850e-09	3.741992e+01	7.046103e+01
3.430000e-06	5.399190e-06	1.038558e-09	3.749630e+01	7.046661e+01
3.440000e-06	5.409647e-06	1.039312e-09	3.756892e+01	7.046776e+01
3.450000e-06	5.419552e-06	1.040909e-09	3.763771e+01	7.046455e+01
3.460000e-06	5.428807e-06	1.043328e-09	3.770198e+01	7.045708e+01
3.470000e-06	5.437469e-06	1.048527e-09	3.776214e+01	7.044546e+01
3.480000e-06	5.445688e-06	1.051683e-09	3.781922e+01	7.042986e+01
3.490000e-06	5.453645e-06	1.052619e-09	3.787448e+01	7.041044e+01
3.500000e-06	5.461369e-06	1.052751e-09	3.792812e+01	7.038740e+01
3.510000e-06	5.468894e-06	1.053121e-09	3.798038e+01	7.036097e+01
3.520000e-06	5.476038e-06	1.055218e-09	3.803000e+01	7.033140e+01
3.530000e-06	5.482677e-06	1.058110e-09	3.807610e+01	7.029892e+01
3.540000e-06	5.488937e-06	1.058424e-09	3.811957e+01	7.026383e+01
3.550000e-06	5.494832e-06	1.057043e-09	3.816051e+01	7.022639e+01
3.560000e-06	5.500390e-06	1.057148e-09	3.819911e+01	7.018690e+01
3.570000e-06	5.505528e-06	1.059815e-09	3.823479e+01	7.014565e+01
3.580000e-06	5.510256e-06	1.063453e-09	3.826763e+01	7.010294e+01
3.590000e-06	5.514698e-06	1.066917e-09	3.829848e+01	7.005907e+01
3.600000e-06	5.518813e-06	1.067298e-09	3.832706e+01	7.001433e+01
3.610000e-06	5.522648e-06	1.065824e-09	3.835369e+01	6.996901e+01
3.620000e-06	5.526272e-06	1.064662e-09	3.837886e+01	6.992337e+01
3.630000e-06	5.529539e-06	1.066437e-09	3.840155e+01	6.987769e+01
3.640000e-06	5.532356e-06	1.069964e-09	3.842111e+01	6.983222e+01
3.650000e-06	5.534601e-06	1.073397e-09	3.843670e+01	6.978717e+01
3.660000e-06	5.536259e-06	1.075815e-09	3.844821e+01	6.974277e+01
3.670000e-06	5.537363e-06	1.078601e-09	3.845588e+01	6.969920e+01
3.680000e-06	5.537870e-06	1.079498e-09	3.845940e+01	6.965663e+01
3.690000e-06	5.537956e-06	1.080367e-09	3.846000e+01	6.961519e+01
3.700000e-06	5.537814e-06	1.083507e-09	3.845901e+01	6.957502e+01
3.710000e-06	5.537436e-06	1.085379e-09	3.845639e+01	6.953618e+01
3.720000e-06	5.536844e-06	1.088294e-09	3.845228e+01	6.949875e+01
3.730000e-06	5.535913e-06	1.088432e-09	3.844582e+01	6.946275e+01
3.740000e-06	5.534477e-06	1.088832e-09	3.843584e+01	6.942819e+01
3.750000e-06	5.532728e-06	1.086999e-09	3.842369e+01	6.939504e+01
3.760000e-06	5.530681e-06	1.085511e-09	3.840948e+01	6.936326e+01
3.770000e-06	5.528224e-06	1.096480e-09	3.839242e+01	6.933276e+01
3.780000e-06	5.525358e-06	1.110496e-09	3.837251e+01	6.930345e+01
3.790000e-06	5.522025e-06	1.088684e-09	3.834936e+01	6.927519e+01
3.800000e-06	5.518198e-06	1.041091e-09	3.832278e+01	6.924783e+01
3.810000e-06	5.513999e-06	1.031043e-09	3.829363e+01	6.922120e+01
3.820000e-06	5.509659e-06	1.119219e-09	3.826348e+01	6.919512e+01
3.830000e-06	5.505143e-06	1.112740e-09	3.823212e+01	6.916936e+01
3.840000e-06	5.500169e-06	1.068673e-09	3.819758e+01	6.914370e+01
3.850000e-06	5.494626e-06	1.052133e-09	3.815908e+01	6.911791e+01
3.860000e-06	5.488569e-06	1.092451e-09	3.811702e+01	6.909173e+01
3.870000e-06	5.482113e-06	1.127633e-09	3.807218e+01	6.906492e+01
3.880000e-06	5.475278e-06	1.025199e-09	3.802472e+01	6.903719e+01
3.890000e-06	5.467933e-06	1.022961e-09	3.797370e+01	6.900828e+01
3.900000e-06	5.460034e-06	1.107028e-09	3.791885e+01	6.897793e+01
3.910000e-06	5.451771e-06	1.174217e-09	3.786146e+01	6.894585e+01
3.920000e-06	5.443257e-06	1.050987e-09	3.780234e+01	6.891178e+01
3.930000e-06	5.434439e-06	1.011011e-09	3.774110e+01	6.887546e+01
3.940000e-06	5.425262e-06	1.094283e-09	3.767736e+01	6.883663e+01
3.950000e-06	5.415714e-06	1.136293e-09	3.761105e+01	6.879504e+01
3.960000e-06	5.405766e-06	1.044300e-09	3.754197e+01	6.875045e+01
3.970000e-06	5.395370e-06	1.021277e-09	3.746977e+01	6.870263e+01
3.980000e-06	5.384575e-06	1.110459e-09	3.739480e+01	6.865137e+01
3.990000e-06	5.373450e-06	1.108364e-09	3.731754e+01	6.859647e+01
4.000000e-06	5.362030e-06	1.033043e-09	3.723823e+01	6.853774e+01
4.010000e-06	5.350219e-06	1.024467e-09	3.715620e+01	6.847501e+01
4.020000e-06	5.337932e-06	1.084640e-09	3.707088e+01	6.840812e+01
4.030000e-06	5.325181e-06	1.061787e-09	3.698232e+01	6.833695e+01
4.040000e-06	5.311891e-06	1.023799e-09	3.689002e+01	6.826137e+01
4.050000e-06	5.298089e-06	1.033059e-09	3.679417e+01	6.818128e+01
4.060000e-06	5.283794e-06	1.083146e-09	3.669489e+01	6.809660e+01
4.070000e-06	5.268967e-06	1.040165e-09	3.659193e+01	6.800726e+01
4.080000e-06	5.253563e-06	9.951851e-10	3.648495e+01	6.791321e+01
4.090000e-06	5.237696e-06	1.011986e-09	3.637476e+01	6.781441e+01
4.100000e-06	5.221538e-06	1.083485e-09	3.626254e+01	6.771085e+01
4.110000e-06	5.205149e-06	1.045278e-09	3.614872e+01	6.760252e+01
4.120000e-06	5.188467e-06	9.917226e-10	3.603287e+01	6.748944e+01
4.130000e-06	5.171432e-06	1.026739e-09	3.591456e+01	6.737163e+01
4.140000e-06	5.154070e-06	1.077722e-09	3.579399e+01	6.724913e+01
4.150000e-06	5.136243e-06	1.001647e-09	3.567018e+01	6.712198e+01
4.160000e-06	5.118057e-06	9.768321e-10	3.554389e+01	6.699024e+01
4.170000e-06	5.099621e-06	1.054535e-09	3.541585e+01	6.685399e+01
4.180000e-06	5.080787e-06	1.043029e-09	3.528505e+01	6.671329e+01
4.190000e-06	5.061605e-06	9.673437e-10	3.515183e+01	6.656825e+01
4.200000e-06	5.042147e-06	1.025198e-09	3.501670e+01	6.641893e+01
4.210000e-06	5.022297e-06	1.064982e-09	3.487885e+01	6.626546e+01
4.220000e-06	5.002141e-06	9.716199e-10	3.473887e+01	6.610792e+01
4.230000e-06	4.981804e-06	9.753456e-10	3.459764e+01	6.594643e+01
4.240000e-06	4.961244e-06	1.049648e-09	3.445485e+01	6.578109e+01
4.250000e-06	4.940261e-06	9.990629e-10	3.430913e+01	6.561202e+01
4.260000e-06	4.918858e-06	9.602085e-10	3.416049e+01	6.543934e+01
4.270000e-06	4.897034e-06	1.043480e-09	3.400892e+01	6.526316e+01
4.280000e-06	4.874535e-06	1.020962e-09	3.385267e+01	6.508361e+01
4.290000e-06	4.851419e-06	9.545964e-10	3.369214e+01	6.490080e+01
4.300000e-06	4.827851e-06	1.006542e-09	3.352846e+01	6.471486e+01
4.310000e-06	4.803953e-06	1.031084e-09	3.336249e+01	6.452592e+01
4.320000e-06	4.779840e-06	9.516377e-10	3.319503e+01	6.433409e+01
4.330000e-06	4.755522e-06	9.712909e-10	3.302615e+01	6.413950e+01
4.340000e-06	4.730970e-06	1.013122e-09	3.285564e+01	6.394227e+01
4.350000e-06	4.706154e-06	9.776739e-10	3.268330e+01	6.374254e+01
4.360000e-06	4.681094e-06	9.647379e-10	3.250926e+01	6.354042e+01
4.370000e-06	4.655640e-06	1.001745e-09	3.233249e+01	6.333605e+01
4.380000e-06	4.629697e-06	9.771502e-10	3.215233e+01	6.312954e+01
4.390000e-06	4.603431e-06	9.617833e-10	3.196991e+01	6.292103e+01
4.400000e-06	4.576884e-06	9.788422e-10	3.178555e+01	6.271064e+01
4.410000e-06	4.550012e-06	9.765149e-10	3.159892e+01	6.249851e+01
4.420000e-06	4.522831e-06	9.590215e-10	3.141016e+01	6.228474e+01
4.430000e-06	4.495328e-06	9.663407e-10	3.121916e+01	6.206949e+01
4.440000e-06	4.467492e-06	9.646810e-10	3.102584e+01	6.185286e+01
4.450000e-06	4.439457e-06	9.592527e-10	3.083115e+01	6.163499e+01
4.460000e-06	4.411288e-06	9.549056e-10	3.063552e+01	6.141600e+01
4.470000e-06	4.382908e-06	9.516871e-10	3.043842e+01	6.119601e+01
4.480000e-06	4.354292e-06	9.501234e-10	3.023969e+01	6.097514e+01
4.490000e-06	4.325384e-06	9.529510e-10	3.003893e+01	6.075351e+01
4.500000e-06	4.296146e-06	9.515720e-10	2.983588e+01	6.053123e+01
4.510000e-06	4.266380e-06	9.427543e-10	2.962916e+01	6.030841e+01
4.520000e-06	4.236002e-06	9.373796e-10	2.941819e+01	6.008514e+01
4.530000e-06	4.205096e-06	9.349599e-10	2.920355e+01	5.986154e+01
4.540000e-06	4.173802e-06	9.362156e-10	2.898622e+01	5.963767e+01
4.550000e-06	4.142274e-06	9.349933e-10	2.876727e+01	5.941363e+01
4.560000e-06	4.110448e-06	9.410808e-10	2.854624e+01	5.918948e+01
4.570000e-06	4.078355e-06	9.356218e-10	2.832336e+01	5.896527e+01
4.580000e-06	4.046088e-06	9.233389e-10	2.809927e+01	5.874106e+01
4.590000e-06	4.013690e-06	9.200709e-10	2.787428e+01	5.851688e+01
4.600000e-06	3.981011e-06	9.194190e-10	2.764733e+01	5.829274e+01
4.610000e-06	3.947954e-06	9.051438e-10	2.741775e+01	5.806864e+01
4.620000e-06	3.914640e-06	9.069508e-10	2.718639e+01	5.784457e+01
4.630000e-06	3.881073e-06	9.131312e-10	2.695328e+01	5.762050e+01
4.640000e-06	3.847285e-06	9.088530e-10	2.671863e+01	5.739637e+01
4.650000e-06	3.813212e-06	8.975973e-10	2.648200e+01	5.717212e+01
4.660000e-06	3.778898e-06	8.977943e-10	2.624369e+01	5.694765e+01
4.670000e-06	3.744378e-06	8.900611e-10	2.600396e+01	5.672285e+01
4.680000e-06	3.709550e-06	8.821805e-10	2.576209e+01	5.649760e+01
4.690000e-06	3.674444e-06	8.829125e-10	2.551828e+01	5.627173e+01
4.700000e-06	3.639100e-06	8.869818e-10	2.527283e+01	5.604508e+01
4.710000e-06	3.603526e-06	8.808180e-10	2.502577e+01	5.581744e+01
4.720000e-06	3.567673e-06	8.784258e-10	2.477678e+01	5.558861e+01
4.730000e-06	3.531688e-06	8.807939e-10	2.452687e+01	5.535835e+01
4.740000e-06	3.495613e-06	8.771677e-10	2.427633e+01	5.512640e+01
4.750000e-06	3.459390e-06	8.662287e-10	2.402477e+01	5.489249e+01
4.760000e-06	3.422997e-06	8.622551e-10	2.377203e+01	5.465634e+01
4.770000e-06	3.386393e-06	8.578556e-10	2.351783e+01	5.441763e+01
4.780000e-06	3.349575e-06	8.498240e-10	2.326213e+01	5.417604e+01
4.790000e-06	3.312364e-06	8.515761e-10	2.300370e+01	5.393126e+01
4.800000e-06	3.274780e-06	8.568688e-10	2.274269e+01	5.368293e+01
4.810000e-06	3.236793e-06	8.569969e-10	2.247888e+01	5.343070e+01
4.820000e-06	3.198350e-06	8.540834e-10	2.221190e+01	5.317422e+01
4.830000e-06	3.159521e-06	8.516365e-10	2.194224e+01	5.291312e+01
4.840000e-06	3.120279e-06	8.422473e-10	2.166971e+01	5.264704e+01
4.850000e-06	3.080790e-06	8.316675e-10	2.139547e+01	5.237563e+01
4.860000e-06	3.041107e-06	8.247645e-10	2.111988e+01	5.209852e+01
4.870000e-06	3.001230e-06	8.219061e-10	2.084295e+01	5.181535e+01
4.880000e-06	2.961227e-06	8.202423e-10	2.056513e+01	5.152579e+01
4.890000e-06	2.921096e-06	8.216769e-10	2.028643e+01	5.122949e+01
4.900000e-06	2.880826e-06	8.204131e-10	2.000676e+01	5.092614e+01
4.910000e-06	2.840435e-06	8.174915e-10	1.972625e+01	5.061543e+01
4.920000e-06	2.799964e-06	8.101231e-10	1.944519e+01	5.029706e+01
4.930000e-06	2.759337e-06	8.020032e-10	1.916304e+01	4.997077e+01
4.940000e-06	2.718428e-06	7.922515e-10	1.887894e+01	4.963631e+01
4.950000e-06	2.677346e-06	7.878972e-10	1.859364e+01	4.929344e+01
4.960000e-06	2.636101e-06	7.854779e-10	1.830719e+01	4.894196e+01
4.970000e-06	2.594681e-06	7.834532e-10	1.801954e+01	4.858170e+01
4.980000e-06	2.553114e-06	7.792638e-10	1.773087e+01	4.821249e+01
4.990000e-06	2.511413e-06	7.761615e-10	1.744127e+01	4.783421e+01
5.000000e-06	2.469544e-06	7.703162e-10	1.715049e+01	4.744675e+01
5.010000e-06	2.427407e-06	7.629750e-10	1.685786e+01	4.705004e+01
5.020000e-06	2.385102e-06	7.569816e-10	1.656406e+01	4.664403e+01
5.030000e-06	2.342679e-06	7.538424e-10	1.626944e+01	4.622870e+01
5.040000e-06	2.300165e-06	7.493427e-10	1.597419e+01	4.580403e+01
5.050000e-06	2.257491e-06	7.435166e-10	1.567782e+01	4.537006e+01
5.060000e-06	2.214560e-06	7.386663e-10	1.537968e+01	4.492682e+01
5.070000e-06	2.171503e-06	7.345112e-10	1.508065e+01	4.447438e+01
5.080000e-06	2.128237e-06	7.303332e-10	1.478018e+01	4.401281e+01
5.090000e-06	2.084772e-06	7.254047e-10	1.447833e+01	4.354222e+01
5.100000e-06	2.041190e-06	7.210822e-10	1.417566e+01	4.306271e+01
5.110000e-06	1.997438e-06	7.172221e-10	1.387181e+01	4.257438e+01
5.120000e-06	1.953608e-06	7.126602e-10	1.356742e+01	4.207738e+01
5.130000e-06	1.909692e-06	7.035647e-10	1.326243e+01	4.157182e+01
5.140000e-06	1.865684e-06	6.950799e-10	1.295680e+01	4.105784e+01
5.150000e-06	1.821642e-06	6.872723e-10	1.265094e+01	4.053555e+01
5.160000e-06	1.777537e-06	6.811065e-10	1.234464e+01	4.000507e+01
5.170000e-06	1.733368e-06	6.735734e-10	1.203790e+01	3.946652e+01
5.180000e-06	1.689166e-06	6.675561e-10	1.173092e+01	3.891999e+01
5.190000e-06	1.644891e-06	6.602422e-10	1.142344e+01	3.836556e+01
5.200000e-06	1.600542e-06	6.523413e-10	1.111544e+01	3.780330e+01
5.210000e-06	1.556061e-06	6.435245e-10	1.080653e+01	3.723325e+01
5.220000e-06	1.511445e-06	6.329375e-10	1.049669e+01	3.665542e+01
5.230000e-06	1.466762e-06	6.230524e-10	1.018637e+01	3.606982e+01
5.240000e-06	1.421926e-06	6.122839e-10	9.874993e+00	3.547640e+01
5.250000e-06	1.376953e-06	6.022426e-10	9.562665e+00	3.487510e+01
5.260000e-06	1.331951e-06	5.931027e-10	9.250132e+00	3.426584e+01
5.270000e-06	1.286827e-06	5.848816e-10	8.936757e+00	3.364847e+01
5.280000e-06	1.241503e-06	5.770265e-10	8.621993e+00	3.302284e+01
5.290000e-06	1.196039e-06	5.679817e-10	8.306255e+00	3.238877e+01
5.300000e-06	1.150565e-06	5.573708e-10	7.990442e+00	3.174602e+01
5.310000e-06	1.105048e-06	5.443850e-10	7.674339e+00	3.109434e+01
5.320000e-06	1.059386e-06	5.315725e-10	7.357226e+00	3.043345e+01
5.330000e-06	1.013663e-06	5.219297e-10	7.039688e+00	2.976304e+01
5.340000e-06	9.678770e-07	5.124115e-10	6.721713e+00	2.908275e+01
5.350000e-06	9.219643e-07	5.034266e-10	6.402858e+00	2.839224e+01
5.360000e-06	8.759749e-07	4.941076e-10	6.083471e+00	2.769111e+01
5.370000e-06	8.299376e-07	4.821385e-10	5.763751e+00	2.697897e+01
5.380000e-06	7.838630e-07	4.669925e-10	5.443772e+00	2.625538e+01
5.390000e-06	7.377330e-07	4.508006e-10	5.123409e+00	2.551994e+01
5.400000e-06	6.914413e-07	4.359502e-10	4.801922e+00	2.477220e+01
5.410000e-06	6.450931e-07	4.239913e-10	4.480043e+00	2.401173e+01
5.420000e-06	5.986804e-07	4.155416e-10	4.157716e+00	2.323810e+01
5.430000e-06	5.521816e-07	4.069941e-10	3.834791e+00	2.245090e+01
5.440000e-06	5.057843e-07	3.959182e-10	3.512571e+00	2.164970e+01
5.450000e-06	4.593849e-07	3.821612e-10	3.190336e+00	2.083413e+01
5.460000e-06	4.129886e-07	3.685910e-10	2.868124e+00	2.000382e+01
5.470000e-06	3.665946e-07	3.519055e-10	2.545926e+00	1.915843e+01
5.480000e-06	3.200738e-07	3.358169e-10	2.222848e+00	1.829766e+01
5.490000e-06	2.735132e-07	3.248151e-10	1.899495e+00	1.742127e+01
5.500000e-06	2.270383e-07	3.153351e-10	1.576736e+00	1.652902e+01
5.510000e-06	1.805854e-07	3.038144e-10	1.254129e+00	1.562076e+01
5.520000e-06	1.341341e-07	2.895125e-10	9.315349e-01	1.469638e+01
5.530000e-06	8.768654e-08	2.736263e-10	6.089655e-01	1.375582e+01
5.540000e-06	4.118408e-08	2.587082e-10	2.860152e-01	1.279909e+01
5.550000e-06	-5.324576e-09	2.419411e-10	-3.697812e-02	1.182626e+01
5.560000e-06	-5.178383e-08	2.252895e-10	-3.596283e-01	1.083748e+01
5.570000e-06	-9.827010e-08	2.060155e-10	-6.824663e-01	9.832966e+00
5.580000e-06	-1.447640e-07	1.884599e-10	-1.005357e+00	8.812991e+00
5.590000e-06	-1.912309e-07	1.746266e-10	-1.328060e+00	7.777917e+00
5.600000e-06	-2.377384e-07	1.595456e-10	-1.651046e+00	6.728176e+00
5.610000e-06	-2.842190e-07	1.439934e-10	-1.973845e+00	5.664272e+00
5.620000e-06	-3.306559e-07	1.254619e-10	-2.296339e+00	4.586785e+00
5.630000e-06	-3.770929e-07	1.064194e-10	-2.618835e+00	3.496367e+00
5.640000e-06	-4.235054e-07	8.699116e-11	-2.941160e+00	2.393739e+00
5.650000e-06	-4.698904e-07	6.759256e-11	-3.263295e+00	1.279691e+00
5.660000e-06	-5.162363e-07	4.513263e-11	-3.585158e+00	1.550786e-01
5.670000e-06	-5.624394e-07	2.407681e-11	-3.906029e+00	-9.791800e-01
5.680000e-06	-6.086012e-07	6.012741e-12	-4.226614e+00	-2.122110e+00
5.690000e-06	-6.548381e-07	-9.433664e-12	-4.547720e+00	-3.272683e+00
5.700000e-06	-7.009914e-07	-2.441490e-11	-4.868245e+00	-4.429823e+00
5.710000e-06	-7.470726e-07	-4.132783e-11	-5.188270e+00	-5.592410e+00
5.720000e-06	-7.931801e-07	-6.072020e-11	-5.508477e+00	-6.759288e+00
5.730000e-06	-8.391404e-07	-8.245800e-11	-5.827663e+00	-7.929270e+00
5.740000e-06	-8.849622e-07	-1.042724e-10	-6.145886e+00	-9.101146e+00
5.750000e-06	-9.307315e-07	-1.223956e-10	-6.463745e+00	-1.027369e+01
5.760000e-06	-9.764288e-07	-1.421323e-10	-6.781103e+00	-1.144566e+01
5.770000e-06	-1.022070e-06	-1.602018e-10	-7.098072e+00	-1.261581e+01
5.780000e-06	-1.067653e-06	-1.762090e-10	-7.414635e+00	-1.378291e+01
5.790000e-06	-1.113116e-06	-1.941290e-10	-7.730372e+00	-1.494574e+01
5.800000e-06	-1.158405e-06	-2.120721e-10	-8.044890e+00	-1.610307e+01
5.810000e-06	-1.203562e-06	-2.309208e-10	-8.358499e+00	-1.725373e+01
5.820000e-06	-1.248644e-06	-2.497405e-10	-8.671585e+00	-1.839656e+01
5.830000e-06	-1.293657e-06	-2.683770e-10	-8.984191e+00	-1.953045e+01
5.840000e-06	-1.338588e-06	-2.860960e-10	-9.296230e+00	-2.065432e+01
5.850000e-06	-1.383399e-06	-3.055121e-10	-9.607431e+00	-2.176716e+01
5.860000e-06	-1.428080e-06	-3.252828e-10	-9.917734e+00	-2.286800e+01
5.870000e-06	-1.472617e-06	-3.453196e-10	-1.022703e+01	-2.395592e+01
5.880000e-06	-1.517047e-06	-3.660610e-10	-1.053559e+01	-2.503010e+01
5.890000e-06	-1.561418e-06	-3.859485e-10	-1.084373e+01	-2.608975e+01
5.900000e-06	-1.605761e-06	-4.031127e-10	-1.115169e+01	-2.713417e+01
5.910000e-06	-1.650067e-06	-4.179203e-10	-1.145939e+01	-2.816274e+01
5.920000e-06	-1.694253e-06	-4.333488e-10	-1.176625e+01	-2.917489e+01
5.930000e-06	-1.738397e-06	-4.501592e-10	-1.207282e+01	-3.017016e+01
5.940000e-06	-1.782531e-06	-4.675440e-10	-1.237932e+01	-3.114814e+01
5.950000e-06	-1.826588e-06	-4.870716e-10	-1.268529e+01	-3.210852e+01
5.960000e-06	-1.870625e-06	-5.056258e-10	-1.299112e+01	-3.305105e+01
5.970000e-06	-1.914585e-06	-5.231621e-10	-1.329641e+01	-3.397557e+01
5.980000e-06	-1.958404e-06	-5.387153e-10	-1.360073e+01	-3.488200e+01
5.990000e-06	-2.002152e-06	-5.550905e-10	-1.390455e+01	-3.577030e+01
6.000000e-06	-2.045672e-06	-5.692074e-10	-1.420679e+01	-3.664053e+01
6.010000e-06	-2.089050e-06	-5.850145e-10	-1.450803e+01	-3.749282e+01
6.020000e-06	-2.132342e-06	-5.996025e-10	-1.480869e+01	-3.832733e+01
6.030000e-06	-2.175466e-06	-6.100270e-10	-1.510817e+01	-3.914430e+01
6.040000e-06	-2.218406e-06	-6.181893e-10	-1.540639e+01	-3.994402e+01
6.050000e-06	-2.261199e-06	-6.309036e-10	-1.570358e+01	-4.072683e+01
6.060000e-06	-2.303900e-06	-6.497876e-10	-1.600012e+01	-4.149311e+01
6.070000e-06	-2.346376e-06	-6.695368e-10	-1.629511e+01	-4.224326e+01
6.080000e-06	-2.388613e-06	-6.903408e-10	-1.658844e+01	-4.297774e+01
6.090000e-06	-2.430757e-06	-7.082596e-10	-1.688113e+01	-4.369702e+01
6.100000e-06	-2.472818e-06	-7.209880e-10	-1.717323e+01	-4.440157e+01
6.110000e-06	-2.514640e-06	-7.283886e-10	-1.746368e+01	-4.509191e+01
6.120000e-06	-2.556174e-06	-7.355908e-10	-1.775212e+01	-4.576854e+01
6.130000e-06	-2.597532e-06	-7.469576e-10	-1.803934e+01	-4.643196e+01
6.140000e-06	-2.638769e-06	-7.612991e-10	-1.832573e+01	-4.708268e+01
6.150000e-06	-2.679751e-06	-7.765082e-10	-1.861034e+01	-4.772119e+01
6.160000e-06	-2.720534e-06	-7.954572e-10	-1.889357e+01	-4.834797e+01
6.170000e-06	-2.761147e-06	-8.114102e-10	-1.917561e+01	-4.896348e+01
6.180000e-06	-2.801529e-06	-8.248853e-10	-1.945606e+01	-4.956814e+01
6.190000e-06	-2.841776e-06	-8.338786e-10	-1.973557e+01	-5.016236e+01
6.200000e-06	-2.881893e-06	-8.365304e-10	-2.001418e+01	-5.074652e+01
6.210000e-06	-2.921869e-06	-8.400219e-10	-2.029180e+01	-5.132095e+01
6.220000e-06	-2.961774e-06	-8.475398e-10	-2.056893e+01	-5.188595e+01
6.230000e-06	-3.001649e-06	-8.572086e-10	-2.084586e+01	-5.244178e+01
6.240000e-06	-3.041402e-06	-8.713068e-10	-2.112193e+01	-5.298866e+01
6.250000e-06	-3.080906e-06	-8.890983e-10	-2.139628e+01	-5.352678e+01
6.260000e-06	-3.120134e-06	-9.077458e-10	-2.166871e+01	-5.405625e+01
6.270000e-06	-3.159104e-06	-9.192205e-10	-2.193935e+01	-5.457719e+01
6.280000e-06	-3.197797e-06	-9.222167e-10	-2.220806e+01	-5.508963e+01
6.290000e-06	-3.235972e-06	-9.216980e-10	-2.247318e+01	-5.559361e+01
6.300000e-06	-3.273571e-06	-9.220764e-10	-2.273429e+01	-5.608908e+01
6.310000e-06	-3.310923e-06	-9.241387e-10	-2.299370e+01	-5.657599e+01
6.320000e-06	-3.348014e-06	-9.319729e-10	-2.325129e+01	-5.705426e+01
6.330000e-06	-3.384692e-06	-9.446889e-10	-2.350601e+01	-5.752374e+01
6.340000e-06	-3.421079e-06	-9.573616e-10	-2.375871e+01	-5.798429e+01
6.350000e-06	-3.457301e-06	-9.649974e-10	-2.401027e+01	-5.843574e+01
6.360000e-06	-3.493401e-06	-9.668758e-10	-2.426098e+01	-5.887790e+01
6.370000e-06	-3.529389e-06	-9.712543e-10	-2.451091e+01	-5.931055e+01
6.380000e-06	-3.565272e-06	-9.769660e-10	-2.476010e+01	-5.973348e+01
6.390000e-06	-3.600930e-06	-9.796532e-10	-2.500774e+01	-6.014646e+01
6.400000e-06	-3.636367e-06	-9.820121e-10	-2.525384e+01	-6.054926e+01
6.410000e-06	-3.671623e-06	-9.875702e-10	-2.549869e+01	-6.094166e+01
6.420000e-06	-3.706520e-06	-9.960966e-10	-2.574104e+01	-6.132343e+01
6.430000e-06	-3.741059e-06	-1.007076e-09	-2.598091e+01	-6.169438e+01
6.440000e-06	-3.775452e-06	-1.014814e-09	-2.621976e+01	-6.205431e+01
6.450000e-06	-3.809611e-06	-1.019652e-09	-2.645699e+01	-6.240305e+01
6.460000e-06	-3.843441e-06	-1.021490e-09	-2.669193e+01	-6.274044e+01
6.470000e-06	-3.876982e-06	-1.023294e-09	-2.692487e+01	-6.306636e+01
6.480000e-06	-3.910230e-06	-1.027294e-09	-2.715577e+01	-6.338072e+01
6.490000e-06	-3.943245e-06	-1.035471e-09	-2.738505e+01	-6.368346e+01
6.500000e-06	-3.975952e-06	-1.042792e-09	-2.761220e+01	-6.397455e+01
6.510000e-06	-4.008372e-06	-1.045271e-09	-2.783734e+01	-6.425399e+01
6.520000e-06	-4.040588e-06	-1.047995e-09	-2.806108e+01	-6.452184e+01
6.530000e-06	-4.072646e-06	-1.052425e-09	-2.828371e+01	-6.477817e+01
6.540000e-06	-4.104504e-06	-1.055274e-09	-2.850496e+01	-6.502311e+01
6.550000e-06	-4.136115e-06	-1.056164e-09	-2.872450e+01	-6.525682e+01
6.560000e-06	-4.167369e-06	-1.058284e-09	-2.894154e+01	-6.547950e+01
6.570000e-06	-4.198183e-06	-1.062593e-09	-2.915554e+01	-6.569140e+01
6.580000e-06	-4.228571e-06	-1.067881e-09	-2.936658e+01	-6.589280e+01
6.590000e-06	-4.258503e-06	-1.073875e-09	-2.957446e+01	-6.608399e+01
6.600000e-06	-4.287973e-06	-1.080574e-09	-2.977912e+01	-6.626533e+01
6.610000e-06	-4.316942e-06	-1.083071e-09	-2.998030e+01	-6.643720e+01
6.620000e-06	-4.345565e-06	-1.080805e-09	-3.017908e+01	-6.660000e+01
6.630000e-06	-4.373928e-06	-1.078394e-09	-3.037605e+01	-6.675415e+01
6.640000e-06	-4.402068e-06	-1.078083e-09	-3.057148e+01	-6.690011e+01
6.650000e-06	-4.430021e-06	-1.081095e-09	-3.076561e+01	-6.703834e+01
6.660000e-06	-4.457802e-06	-1.086708e-09	-3.095855e+01	-6.716932e+01
6.670000e-06	-4.485287e-06	-1.094010e-09	-3.114943e+01	-6.729355e+01
6.680000e-06	-4.512467e-06	-1.100165e-09	-3.133818e+01	-6.741152e+01
6.690000e-06	-4.539366e-06	-1.103550e-09	-3.152499e+01	-6.752373e+01
6.700000e-06	-4.565918e-06	-1.106191e-09	-3.170939e+01	-6.763068e+01
6.710000e-06	-4.592145e-06	-1.105542e-09	-3.189153e+01	-6.773285e+01
6.720000e-06	-4.618111e-06	-1.104730e-09	-3.207186e+01	-6.783073e+01
6.730000e-06	-4.643796e-06	-1.106568e-09	-3.225024e+01	-6.792478e+01
6.740000e-06	-4.669009e-06	-1.109760e-09	-3.242534e+01	-6.801545e+01
6.750000e-06	-4.693821e-06	-1.112586e-09	-3.259765e+01	-6.810315e+01
6.760000e-06	-4.718388e-06	-1.114694e-09	-3.276826e+01	-6.818830e+01
6.770000e-06	-4.742754e-06	-1.114793e-09	-3.293748e+01	-6.827126e+01
6.780000e-06	-4.766905e-06	-1.113201e-09	-3.310521e+01	-6.835238e+01
6.790000e-06	-4.790887e-06	-1.113067e-09	-3.327175e+01	-6.843196e+01
6.800000e-06	-4.814573e-06	-1.115088e-09	-3.343625e+01	-6.851029e+01
6.810000e-06	-4.837879e-06	-1.115903e-09	-3.359811e+01	-6.858759e+01
6.820000e-06	-4.860777e-06	-1.112670e-09	-3.375713e+01	-6.866406e+01
6.830000e-06	-4.883086e-06	-1.111794e-09	-3.391206e+01	-6.873988e+01
6.840000e-06	-4.904821e-06	-1.112127e-09	-3.406300e+01	-6.881517e+01
6.850000e-06	-4.926056e-06	-1.112555e-09	-3.421048e+01	-6.889000e+01
6.860000e-06	-4.946757e-06	-1.113973e-09	-3.435424e+01	-6.896444e+01
6.870000e-06	-4.967109e-06	-1.116198e-09	-3.449558e+01	-6.903849e+01
6.880000e-06	-4.987295e-06	-1.117790e-09	-3.463577e+01	-6.911212e+01
6.890000e-06	-5.007206e-06	-1.116638e-09	-3.477405e+01	-6.918528e+01
6.900000e-06	-5.026888e-06	-1.113637e-09	-3.491074e+01	-6.925788e+01
6.910000e-06	-5.046307e-06	-1.110451e-09	-3.504559e+01	-6.932980e+01
6.920000e-06	-5.065287e-06	-1.107336e-09	-3.517741e+01	-6.940088e+01
6.930000e-06	-5.083869e-06	-1.104391e-09	-3.530646e+01	-6.947096e+01
6.940000e-06	-5.102161e-06	-1.104828e-09	-3.543349e+01	-6.953984e+01
6.950000e-06	-5.120156e-06	-1.107901e-09	-3.555847e+01	-6.960731e+01
6.960000e-06	-5.137827e-06	-1.113190e-09	-3.568118e+01	-6.967315e+01
6.970000e-06	-5.155178e-06	-1.115732e-09	-3.580168e+01	-6.973712e+01
6.980000e-06	-5.172227e-06	-1.115679e-09	-3.592008e+01	-6.979898e+01
6.990000e-06	-5.188883e-06	-1.116735e-09	-3.603576e+01	-6.985847e+01
7.000000e-06	-5.205172e-06	-1.115547e-09	-3.614888e+01	-6.991535e+01
7.010000e-06	-5.221248e-06	-1.111682e-09	-3.626052e+01	-6.996937e+01
7.020000e-06	-5.237025e-06	-1.108245e-09	-3.637010e+01	-7.002030e+01
7.030000e-06	-5.252431e-06	-1.106019e-09	-3.647708e+01	-7.006791e+01
7.040000e-06	-5.267310e-06	-1.103403e-09	-3.658042e+01	-7.011198e+01
7.050000e-06	-5.281438e-06	-1.102381e-09	-3.667853e+01	-7.015232e+01
7.060000e-06	-5.295010e-06	-1.100847e-09	-3.677279e+01	-7.018874e+01
7.070000e-06	-5.308160e-06	-1.097351e-09	-3.686411e+01	-7.022109e+01
7.080000e-06	-5.320800e-06	-1.095607e-09	-3.695190e+01	-7.024924e+01
7.090000e-06	-5.333017e-06	-1.094509e-09	-3.703674e+01	-7.027307e+01
7.100000e-06	-5.344953e-06	-1.090762e-09	-3.711963e+01	-7.029250e+01
7.110000e-06	-5.356504e-06	-1.086100e-09	-3.719985e+01	-7.030748e+01
7.120000e-06	-5.367584e-06	-1.083096e-09	-3.727680e+01	-7.031799e+01
7.130000e-06	-5.378296e-06	-1.079411e-09	-3.735120e+01	-7.032403e+01
7.140000e-06	-5.388611e-06	-1.076724e-09	-3.742283e+01	-7.032564e+01
7.150000e-06	-5.398526e-06	-1.075513e-09	-3.749169e+01	-7.032288e+01
7.160000e-06	-5.408093e-06	-1.073377e-09	-3.755813e+01	-7.031584e+01
7.170000e-06	-5.417383e-06	-1.071158e-09	-3.762264e+01	-7.030465e+01
7.180000e-06	-5.426290e-06	-1.070451e-09	-3.768450e+01	-7.028946e+01
7.190000e-06	-5.434790e-06	-1.069079e-09	-3.774354e+01	-7.027044e+01
7.200000e-06	-5.443088e-06	-1.067176e-09	-3.780116e+01	-7.024779e+01
7.210000e-06	-5.451151e-06	-1.066483e-09	-3.785716e+01	-7.022173e+01
7.220000e-06	-5.458904e-06	-1.063620e-09	-3.791100e+01	-7.019249e+01
7.230000e-06	-5.466274e-06	-1.059469e-09	-3.796218e+01	-7.016034e+01
7.240000e-06	-5.473141e-06	-1.057845e-09	-3.800987e+01	-7.012554e+01
7.250000e-06	-5.479440e-06	-1.058726e-09	-3.805362e+01	-7.008837e+01
7.260000e-06	-5.485085e-06	-1.059086e-09	-3.809282e+01	-7.004913e+01
7.270000e-06	-5.490206e-06	-1.058873e-09	-3.812838e+01	-7.000810e+01
7.280000e-06	-5.494913e-06	-1.058288e-09	-3.816108e+01	-6.996560e+01
7.290000e-06	-5.499259e-06	-1.055791e-09	-3.819126e+01	-6.992190e+01
7.300000e-06	-5.503376e-06	-1.053399e-09	-3.821985e+01	-6.987731e+01
7.310000e-06	-5.507264e-06	-1.051721e-09	-3.824685e+01	-6.983211e+01
7.320000e-06	-5.510795e-06	-1.049022e-09	-3.827137e+01	-6.978658e+01
7.330000e-06	-5.513908e-06	-1.047447e-09	-3.829299e+01	-6.974099e+01
7.340000e-06	-5.516653e-06	-1.046846e-09	-3.831205e+01	-6.969557e+01
7.350000e-06	-5.519053e-06	-1.046063e-09	-3.832873e+01	-6.965057e+01
7.360000e-06	-5.521129e-06	-1.044772e-09	-3.834314e+01	-6.960619e+01
7.370000e-06	-5.522839e-06	-1.044402e-09	-3.835502e+01	-6.956264e+01
7.380000e-06	-5.524164e-06	-1.044328e-09	-3.836421e+01	-6.952007e+01
7.390000e-06	-5.525092e-06	-1.041357e-09	-3.837066e+01	-6.947862e+01
7.400000e-06	-5.525596e-06	-1.037171e-09	-3.837417e+01	-6.943843e+01
