# Temperatura_=_-0.3
# Concentracion g/m^3_=_1620.0
# C_Vs_to_Am_M_A/Vsm_=_65563218390.804596
# pendiente_HvsI_1/m_=_3716.3
# ordenada_HvsI_A/m_=_1297.0
# frecuencia_Hz_=_135106.33527199598

Tiempo_(s)	Campo_(V.s)	Magnetizacion_(V.s)	Campo_(kA/m)	Magnetizacion_(A/m)
0.000000e+00	-5.526068e-06	-1.383601e-09	-3.837111e+01	-9.159678e+01
1.000000e-08	-5.526244e-06	-1.386279e-09	-3.837233e+01	-9.157962e+01
2.000000e-08	-5.526049e-06	-1.389649e-09	-3.837097e+01	-9.156158e+01
3.000000e-08	-5.525387e-06	-1.391981e-09	-3.836638e+01	-9.154267e+01
4.000000e-08	-5.524196e-06	-1.391406e-09	-3.835811e+01	-9.152288e+01
5.000000e-08	-5.522500e-06	-1.390427e-09	-3.834633e+01	-9.150218e+01
6.000000e-08	-5.520282e-06	-1.385522e-09	-3.833093e+01	-9.148051e+01
7.000000e-08	-5.517425e-06	-1.376243e-09	-3.831109e+01	-9.145781e+01
8.000000e-08	-5.514090e-06	-1.371664e-09	-3.828794e+01	-9.143397e+01
9.000000e-08	-5.510346e-06	-1.376585e-09	-3.826194e+01	-9.140889e+01
1.000000e-07	-5.506176e-06	-1.366509e-09	-3.823298e+01	-9.138243e+01
1.100000e-07	-5.501708e-06	-1.389613e-09	-3.820196e+01	-9.135446e+01
1.200000e-07	-5.496945e-06	-1.369512e-09	-3.816889e+01	-9.132482e+01
1.300000e-07	-5.491874e-06	-1.371849e-09	-3.813368e+01	-9.129332e+01
1.400000e-07	-5.486486e-06	-1.343432e-09	-3.809626e+01	-9.125981e+01
1.500000e-07	-5.480760e-06	-1.347860e-09	-3.805650e+01	-9.122407e+01
1.600000e-07	-5.474622e-06	-1.364901e-09	-3.801388e+01	-9.118592e+01
1.700000e-07	-5.468027e-06	-1.369685e-09	-3.796809e+01	-9.114516e+01
1.800000e-07	-5.461097e-06	-1.370812e-09	-3.791997e+01	-9.110159e+01
1.900000e-07	-5.453844e-06	-1.359823e-09	-3.786961e+01	-9.105499e+01
2.000000e-07	-5.446302e-06	-1.387867e-09	-3.781724e+01	-9.100517e+01
2.100000e-07	-5.438520e-06	-1.394091e-09	-3.776321e+01	-9.095193e+01
2.200000e-07	-5.430415e-06	-1.400829e-09	-3.770693e+01	-9.089508e+01
2.300000e-07	-5.421945e-06	-1.387183e-09	-3.764811e+01	-9.083441e+01
2.400000e-07	-5.413032e-06	-1.411919e-09	-3.758622e+01	-9.076977e+01
2.500000e-07	-5.403411e-06	-1.414895e-09	-3.751942e+01	-9.070097e+01
2.600000e-07	-5.393035e-06	-1.413110e-09	-3.744737e+01	-9.062785e+01
2.700000e-07	-5.382077e-06	-1.385960e-09	-3.737128e+01	-9.055028e+01
2.800000e-07	-5.370660e-06	-1.401877e-09	-3.729201e+01	-9.046811e+01
2.900000e-07	-5.358959e-06	-1.408301e-09	-3.721076e+01	-9.038123e+01
3.000000e-07	-5.346966e-06	-1.408804e-09	-3.712748e+01	-9.028953e+01
3.100000e-07	-5.334535e-06	-1.392193e-09	-3.704117e+01	-9.019293e+01
3.200000e-07	-5.321638e-06	-1.399442e-09	-3.695161e+01	-9.009134e+01
3.300000e-07	-5.308302e-06	-1.391500e-09	-3.685901e+01	-8.998471e+01
3.400000e-07	-5.294548e-06	-1.375234e-09	-3.676351e+01	-8.987300e+01
3.500000e-07	-5.280339e-06	-1.359861e-09	-3.666485e+01	-8.975618e+01
3.600000e-07	-5.265734e-06	-1.375252e-09	-3.656344e+01	-8.963424e+01
3.700000e-07	-5.250729e-06	-1.384836e-09	-3.645925e+01	-8.950718e+01
3.800000e-07	-5.235190e-06	-1.384845e-09	-3.635135e+01	-8.937501e+01
3.900000e-07	-5.219181e-06	-1.380513e-09	-3.624019e+01	-8.923777e+01
4.000000e-07	-5.202755e-06	-1.365357e-09	-3.612613e+01	-8.909549e+01
4.100000e-07	-5.185921e-06	-1.348485e-09	-3.600924e+01	-8.894824e+01
4.200000e-07	-5.168728e-06	-1.342794e-09	-3.588986e+01	-8.879607e+01
4.300000e-07	-5.151230e-06	-1.357024e-09	-3.576836e+01	-8.863905e+01
4.400000e-07	-5.133414e-06	-1.343921e-09	-3.564465e+01	-8.847728e+01
4.500000e-07	-5.115205e-06	-1.344658e-09	-3.551821e+01	-8.831084e+01
4.600000e-07	-5.096542e-06	-1.349213e-09	-3.538863e+01	-8.813981e+01
4.700000e-07	-5.077532e-06	-1.343755e-09	-3.525663e+01	-8.796430e+01
4.800000e-07	-5.058269e-06	-1.313560e-09	-3.512287e+01	-8.778442e+01
4.900000e-07	-5.038698e-06	-1.324148e-09	-3.498697e+01	-8.760026e+01
5.000000e-07	-5.018906e-06	-1.322808e-09	-3.484955e+01	-8.741194e+01
5.100000e-07	-4.998869e-06	-1.306857e-09	-3.471042e+01	-8.721955e+01
5.200000e-07	-4.978507e-06	-1.304750e-09	-3.456903e+01	-8.702320e+01
5.300000e-07	-4.957858e-06	-1.331036e-09	-3.442565e+01	-8.682299e+01
5.400000e-07	-4.936856e-06	-1.312484e-09	-3.427982e+01	-8.661903e+01
5.500000e-07	-4.915495e-06	-1.295501e-09	-3.413150e+01	-8.641142e+01
5.600000e-07	-4.893822e-06	-1.298010e-09	-3.398101e+01	-8.620024e+01
5.700000e-07	-4.871779e-06	-1.292988e-09	-3.382795e+01	-8.598558e+01
5.800000e-07	-4.849333e-06	-1.267822e-09	-3.367209e+01	-8.576753e+01
5.900000e-07	-4.826527e-06	-1.276812e-09	-3.351373e+01	-8.554616e+01
6.000000e-07	-4.803313e-06	-1.282159e-09	-3.335254e+01	-8.532156e+01
6.100000e-07	-4.779809e-06	-1.267935e-09	-3.318934e+01	-8.509377e+01
6.200000e-07	-4.756218e-06	-1.262428e-09	-3.302554e+01	-8.486288e+01
6.300000e-07	-4.732438e-06	-1.266517e-09	-3.286041e+01	-8.462893e+01
6.400000e-07	-4.708361e-06	-1.253018e-09	-3.269323e+01	-8.439197e+01
6.500000e-07	-4.683891e-06	-1.246970e-09	-3.252332e+01	-8.415205e+01
6.600000e-07	-4.658961e-06	-1.253019e-09	-3.235021e+01	-8.390921e+01
6.700000e-07	-4.633480e-06	-1.244409e-09	-3.217329e+01	-8.366348e+01
6.800000e-07	-4.607248e-06	-1.236491e-09	-3.199114e+01	-8.341490e+01
6.900000e-07	-4.580541e-06	-1.240253e-09	-3.180570e+01	-8.316348e+01
7.000000e-07	-4.553558e-06	-1.239246e-09	-3.161833e+01	-8.290926e+01
7.100000e-07	-4.526223e-06	-1.228833e-09	-3.142853e+01	-8.265225e+01
7.200000e-07	-4.498668e-06	-1.230919e-09	-3.123720e+01	-8.239246e+01
7.300000e-07	-4.470951e-06	-1.228173e-09	-3.104474e+01	-8.212992e+01
7.400000e-07	-4.442988e-06	-1.222107e-09	-3.085057e+01	-8.186463e+01
7.500000e-07	-4.414776e-06	-1.215854e-09	-3.065468e+01	-8.159660e+01
7.600000e-07	-4.386329e-06	-1.213052e-09	-3.045715e+01	-8.132584e+01
7.700000e-07	-4.357518e-06	-1.201833e-09	-3.025710e+01	-8.105235e+01
7.800000e-07	-4.328340e-06	-1.199360e-09	-3.005450e+01	-8.077615e+01
7.900000e-07	-4.298887e-06	-1.195668e-09	-2.984999e+01	-8.049724e+01
8.000000e-07	-4.269162e-06	-1.192979e-09	-2.964358e+01	-8.021561e+01
8.100000e-07	-4.239123e-06	-1.189100e-09	-2.943501e+01	-7.993127e+01
8.200000e-07	-4.208791e-06	-1.192724e-09	-2.922439e+01	-7.964423e+01
8.300000e-07	-4.178134e-06	-1.184939e-09	-2.901152e+01	-7.935447e+01
8.400000e-07	-4.147157e-06	-1.176733e-09	-2.879643e+01	-7.906201e+01
8.500000e-07	-4.115943e-06	-1.170755e-09	-2.857969e+01	-7.876683e+01
8.600000e-07	-4.084594e-06	-1.165342e-09	-2.836201e+01	-7.846892e+01
8.700000e-07	-4.053129e-06	-1.154468e-09	-2.814353e+01	-7.816829e+01
8.800000e-07	-4.021450e-06	-1.152829e-09	-2.792356e+01	-7.786491e+01
8.900000e-07	-3.989583e-06	-1.151464e-09	-2.770228e+01	-7.755878e+01
9.000000e-07	-3.957416e-06	-1.144987e-09	-2.747893e+01	-7.724986e+01
9.100000e-07	-3.924829e-06	-1.137827e-09	-2.725266e+01	-7.693814e+01
9.200000e-07	-3.891848e-06	-1.134156e-09	-2.702365e+01	-7.662359e+01
9.300000e-07	-3.858410e-06	-1.126422e-09	-2.679146e+01	-7.630617e+01
9.400000e-07	-3.824528e-06	-1.119446e-09	-2.655620e+01	-7.598584e+01
9.500000e-07	-3.790275e-06	-1.117252e-09	-2.631836e+01	-7.566254e+01
9.600000e-07	-3.755618e-06	-1.112944e-09	-2.607771e+01	-7.533623e+01
9.700000e-07	-3.720595e-06	-1.106493e-09	-2.583453e+01	-7.500683e+01
9.800000e-07	-3.685373e-06	-1.101588e-09	-2.558996e+01	-7.467428e+01
9.900000e-07	-3.649943e-06	-1.097351e-09	-2.534395e+01	-7.433850e+01
1.000000e-06	-3.614317e-06	-1.087772e-09	-2.509657e+01	-7.399938e+01
1.010000e-06	-3.578525e-06	-1.080208e-09	-2.484804e+01	-7.365683e+01
1.020000e-06	-3.542561e-06	-1.073836e-09	-2.459832e+01	-7.331075e+01
1.030000e-06	-3.506424e-06	-1.066495e-09	-2.434739e+01	-7.296101e+01
1.040000e-06	-3.470033e-06	-1.056181e-09	-2.409471e+01	-7.260749e+01
1.050000e-06	-3.433402e-06	-1.049941e-09	-2.384036e+01	-7.225004e+01
1.060000e-06	-3.396513e-06	-1.040482e-09	-2.358422e+01	-7.188853e+01
1.070000e-06	-3.359271e-06	-1.032693e-09	-2.332562e+01	-7.152280e+01
1.080000e-06	-3.321784e-06	-1.029541e-09	-2.306532e+01	-7.115269e+01
1.090000e-06	-3.284116e-06	-1.027699e-09	-2.280377e+01	-7.077802e+01
1.100000e-06	-3.246205e-06	-1.018065e-09	-2.254052e+01	-7.039862e+01
1.110000e-06	-3.208093e-06	-1.009229e-09	-2.227589e+01	-7.001432e+01
1.120000e-06	-3.169858e-06	-9.998459e-10	-2.201040e+01	-6.962491e+01
1.130000e-06	-3.131359e-06	-9.911993e-10	-2.174307e+01	-6.923022e+01
1.140000e-06	-3.092558e-06	-9.828163e-10	-2.147366e+01	-6.883004e+01
1.150000e-06	-3.053586e-06	-9.784363e-10	-2.120305e+01	-6.842418e+01
1.160000e-06	-3.014456e-06	-9.729053e-10	-2.093134e+01	-6.801245e+01
1.170000e-06	-2.975140e-06	-9.680177e-10	-2.065835e+01	-6.759464e+01
1.180000e-06	-2.935648e-06	-9.629996e-10	-2.038413e+01	-6.717055e+01
1.190000e-06	-2.896025e-06	-9.568096e-10	-2.010900e+01	-6.673999e+01
1.200000e-06	-2.856228e-06	-9.484870e-10	-1.983266e+01	-6.630277e+01
1.210000e-06	-2.816231e-06	-9.403007e-10	-1.955494e+01	-6.585870e+01
1.220000e-06	-2.776152e-06	-9.334082e-10	-1.927664e+01	-6.540759e+01
1.230000e-06	-2.735964e-06	-9.271414e-10	-1.899759e+01	-6.494926e+01
1.240000e-06	-2.695468e-06	-9.225640e-10	-1.871640e+01	-6.448353e+01
1.250000e-06	-2.654627e-06	-9.179771e-10	-1.843281e+01	-6.401025e+01
1.260000e-06	-2.613540e-06	-9.121130e-10	-1.814752e+01	-6.352925e+01
1.270000e-06	-2.572353e-06	-9.050941e-10	-1.786153e+01	-6.304038e+01
1.280000e-06	-2.531031e-06	-8.976355e-10	-1.757460e+01	-6.254349e+01
1.290000e-06	-2.489416e-06	-8.892837e-10	-1.728564e+01	-6.203844e+01
1.300000e-06	-2.447399e-06	-8.802928e-10	-1.699389e+01	-6.152510e+01
1.310000e-06	-2.405042e-06	-8.706617e-10	-1.669978e+01	-6.100335e+01
1.320000e-06	-2.362416e-06	-8.611709e-10	-1.640380e+01	-6.047307e+01
1.330000e-06	-2.319496e-06	-8.524309e-10	-1.610578e+01	-5.993415e+01
1.340000e-06	-2.276369e-06	-8.461455e-10	-1.580632e+01	-5.938648e+01
1.350000e-06	-2.233129e-06	-8.380706e-10	-1.550608e+01	-5.882995e+01
1.360000e-06	-2.189728e-06	-8.305072e-10	-1.520471e+01	-5.826448e+01
1.370000e-06	-2.146180e-06	-8.238474e-10	-1.490233e+01	-5.768996e+01
1.380000e-06	-2.102527e-06	-8.166493e-10	-1.459922e+01	-5.710629e+01
1.390000e-06	-2.058776e-06	-8.061476e-10	-1.429543e+01	-5.651338e+01
1.400000e-06	-2.014960e-06	-7.952634e-10	-1.399118e+01	-5.591112e+01
1.410000e-06	-1.971042e-06	-7.835092e-10	-1.368624e+01	-5.529942e+01
1.420000e-06	-1.927030e-06	-7.718888e-10	-1.338063e+01	-5.467815e+01
1.430000e-06	-1.882965e-06	-7.617972e-10	-1.307466e+01	-5.404721e+01
1.440000e-06	-1.838759e-06	-7.533785e-10	-1.276771e+01	-5.340646e+01
1.450000e-06	-1.794393e-06	-7.431411e-10	-1.245965e+01	-5.275577e+01
1.460000e-06	-1.749979e-06	-7.322811e-10	-1.215125e+01	-5.209499e+01
1.470000e-06	-1.705490e-06	-7.186636e-10	-1.184233e+01	-5.142396e+01
1.480000e-06	-1.660887e-06	-7.034991e-10	-1.153262e+01	-5.074249e+01
1.490000e-06	-1.616151e-06	-6.894912e-10	-1.122199e+01	-5.005039e+01
1.500000e-06	-1.571207e-06	-6.780277e-10	-1.090992e+01	-4.934745e+01
1.510000e-06	-1.526092e-06	-6.675751e-10	-1.059666e+01	-4.863344e+01
1.520000e-06	-1.480891e-06	-6.553638e-10	-1.028279e+01	-4.790811e+01
1.530000e-06	-1.435598e-06	-6.411903e-10	-9.968294e+00	-4.717119e+01
1.540000e-06	-1.390191e-06	-6.283741e-10	-9.653006e+00	-4.642238e+01
1.550000e-06	-1.344684e-06	-6.162427e-10	-9.337024e+00	-4.566137e+01
1.560000e-06	-1.299123e-06	-6.038277e-10	-9.020663e+00	-4.488785e+01
1.570000e-06	-1.253523e-06	-5.928160e-10	-8.704033e+00	-4.410145e+01
1.580000e-06	-1.207856e-06	-5.819798e-10	-8.386936e+00	-4.330181e+01
1.590000e-06	-1.162096e-06	-5.692977e-10	-8.069194e+00	-4.248855e+01
1.600000e-06	-1.116232e-06	-5.571037e-10	-7.750730e+00	-4.166127e+01
1.610000e-06	-1.070260e-06	-5.462169e-10	-7.431514e+00	-4.081955e+01
1.620000e-06	-1.024261e-06	-5.349833e-10	-7.112116e+00	-3.996297e+01
1.630000e-06	-9.781931e-07	-5.237628e-10	-6.792234e+00	-3.909110e+01
1.640000e-06	-9.319814e-07	-5.090412e-10	-6.471357e+00	-3.820350e+01
1.650000e-06	-8.856695e-07	-4.908152e-10	-6.149783e+00	-3.729972e+01
1.660000e-06	-8.392798e-07	-4.720439e-10	-5.827669e+00	-3.637932e+01
1.670000e-06	-7.928466e-07	-4.583188e-10	-5.505253e+00	-3.544188e+01
1.680000e-06	-7.463894e-07	-4.475558e-10	-5.182670e+00	-3.448695e+01
1.690000e-06	-6.998721e-07	-4.394649e-10	-4.859670e+00	-3.351413e+01
1.700000e-06	-6.533458e-07	-4.294033e-10	-4.536607e+00	-3.252301e+01
1.710000e-06	-6.068991e-07	-4.135146e-10	-4.214097e+00	-3.151321e+01
1.720000e-06	-5.603608e-07	-3.918379e-10	-3.890951e+00	-3.048438e+01
1.730000e-06	-5.136666e-07	-3.691053e-10	-3.566724e+00	-2.943619e+01
1.740000e-06	-4.669699e-07	-3.502015e-10	-3.242478e+00	-2.836835e+01
1.750000e-06	-4.201838e-07	-3.358250e-10	-2.917611e+00	-2.728062e+01
1.760000e-06	-3.732737e-07	-3.228660e-10	-2.591884e+00	-2.617277e+01
1.770000e-06	-3.263962e-07	-3.115501e-10	-2.266383e+00	-2.504466e+01
1.780000e-06	-2.795471e-07	-2.992058e-10	-1.941079e+00	-2.389617e+01
1.790000e-06	-2.326580e-07	-2.809090e-10	-1.615497e+00	-2.272725e+01
1.800000e-06	-1.856871e-07	-2.571163e-10	-1.289347e+00	-2.153790e+01
1.810000e-06	-1.386585e-07	-2.308373e-10	-9.627969e-01	-2.032820e+01
1.820000e-06	-9.166810e-08	-2.092126e-10	-6.365116e-01	-1.909828e+01
1.830000e-06	-4.472722e-08	-1.938642e-10	-3.105703e-01	-1.784834e+01
1.840000e-06	2.185469e-09	-1.805736e-10	1.517514e-02	-1.657866e+01
1.850000e-06	4.902593e-08	-1.690362e-10	3.404191e-01	-1.528960e+01
1.860000e-06	9.578862e-08	-1.546950e-10	6.651231e-01	-1.398156e+01
1.870000e-06	1.426257e-07	-1.346416e-10	9.903432e-01	-1.265506e+01
1.880000e-06	1.895084e-07	-1.118361e-10	1.315881e+00	-1.131067e+01
1.890000e-06	2.363096e-07	-8.854975e-11	1.640852e+00	-9.949044e+00
1.900000e-06	2.831287e-07	-6.787546e-11	1.965948e+00	-8.570907e+00
1.910000e-06	3.299861e-07	-4.833933e-11	2.291310e+00	-7.177063e+00
1.920000e-06	3.767948e-07	-3.157367e-11	2.616333e+00	-5.768389e+00
1.930000e-06	4.235304e-07	-1.578543e-11	2.940848e+00	-4.345833e+00
1.940000e-06	4.702436e-07	-6.950901e-13	3.265209e+00	-2.910409e+00
1.950000e-06	5.168925e-07	1.492053e-11	3.589123e+00	-1.463198e+00
1.960000e-06	5.634444e-07	3.229070e-11	3.912363e+00	-5.341250e-03
1.970000e-06	6.099442e-07	5.390539e-11	4.235241e+00	1.461963e+00
1.980000e-06	6.564062e-07	7.744462e-11	4.557858e+00	2.937465e+00
1.990000e-06	7.028817e-07	1.002600e-10	4.880568e+00	4.419867e+00
2.000000e-06	7.493572e-07	1.228440e-10	5.203278e+00	5.907830e+00
2.010000e-06	7.957190e-07	1.430150e-10	5.525198e+00	7.399980e+00
2.020000e-06	8.419662e-07	1.615521e-10	5.846323e+00	8.894914e+00
2.030000e-06	8.882250e-07	1.791897e-10	6.167528e+00	1.039121e+01
2.040000e-06	9.345454e-07	1.958198e-10	6.489160e+00	1.188741e+01
2.050000e-06	9.808139e-07	2.132628e-10	6.810433e+00	1.338208e+01
2.060000e-06	1.026897e-06	2.352490e-10	7.130420e+00	1.487376e+01
2.070000e-06	1.072839e-06	2.601474e-10	7.449425e+00	1.636101e+01
2.080000e-06	1.118684e-06	2.832538e-10	7.767758e+00	1.784238e+01
2.090000e-06	1.164438e-06	3.044470e-10	8.085455e+00	1.931646e+01
2.100000e-06	1.210161e-06	3.226911e-10	8.402936e+00	2.078186e+01
2.110000e-06	1.255814e-06	3.380556e-10	8.719937e+00	2.223721e+01
2.120000e-06	1.301362e-06	3.551735e-10	9.036206e+00	2.368121e+01
2.130000e-06	1.346898e-06	3.738807e-10	9.352397e+00	2.511258e+01
2.140000e-06	1.392387e-06	3.940266e-10	9.668253e+00	2.653009e+01
2.150000e-06	1.437730e-06	4.150746e-10	9.983100e+00	2.793259e+01
2.160000e-06	1.482952e-06	4.381868e-10	1.029711e+01	2.931896e+01
2.170000e-06	1.528098e-06	4.609600e-10	1.061058e+01	3.068818e+01
2.180000e-06	1.573144e-06	4.790918e-10	1.092337e+01	3.203929e+01
2.190000e-06	1.618014e-06	4.943087e-10	1.123493e+01	3.337138e+01
2.200000e-06	1.662716e-06	5.071713e-10	1.154532e+01	3.468365e+01
2.210000e-06	1.707256e-06	5.212607e-10	1.185459e+01	3.597538e+01
2.220000e-06	1.751668e-06	5.387573e-10	1.216297e+01	3.724591e+01
2.230000e-06	1.796009e-06	5.579136e-10	1.247087e+01	3.849469e+01
2.240000e-06	1.840190e-06	5.779563e-10	1.277764e+01	3.972122e+01
2.250000e-06	1.884208e-06	5.969628e-10	1.308329e+01	4.092512e+01
2.260000e-06	1.928131e-06	6.133098e-10	1.338828e+01	4.210609e+01
2.270000e-06	1.972012e-06	6.270689e-10	1.369297e+01	4.326389e+01
2.280000e-06	2.015810e-06	6.395370e-10	1.399709e+01	4.439837e+01
2.290000e-06	2.059502e-06	6.506282e-10	1.430047e+01	4.550949e+01
2.300000e-06	2.103106e-06	6.622632e-10	1.460324e+01	4.659724e+01
2.310000e-06	2.146651e-06	6.769524e-10	1.490560e+01	4.766171e+01
2.320000e-06	2.190154e-06	6.928118e-10	1.520767e+01	4.870307e+01
2.330000e-06	2.233558e-06	7.093669e-10	1.550905e+01	4.972152e+01
2.340000e-06	2.276869e-06	7.264083e-10	1.580979e+01	5.071737e+01
2.350000e-06	2.320040e-06	7.404605e-10	1.610956e+01	5.169093e+01
2.360000e-06	2.362979e-06	7.523134e-10	1.640771e+01	5.264262e+01
2.370000e-06	2.405630e-06	7.640510e-10	1.670386e+01	5.357285e+01
2.380000e-06	2.447976e-06	7.750273e-10	1.699790e+01	5.448211e+01
2.390000e-06	2.490108e-06	7.870253e-10	1.729045e+01	5.537091e+01
2.400000e-06	2.531884e-06	8.022458e-10	1.758053e+01	5.623979e+01
2.410000e-06	2.573264e-06	8.201991e-10	1.786786e+01	5.708931e+01
2.420000e-06	2.614359e-06	8.378912e-10	1.815320e+01	5.792005e+01
2.430000e-06	2.655230e-06	8.522545e-10	1.843700e+01	5.873260e+01
2.440000e-06	2.695988e-06	8.649602e-10	1.872001e+01	5.952757e+01
2.450000e-06	2.736533e-06	8.764223e-10	1.900154e+01	6.030554e+01
2.460000e-06	2.776771e-06	8.849045e-10	1.928094e+01	6.106711e+01
2.470000e-06	2.816735e-06	8.924038e-10	1.955843e+01	6.181286e+01
2.480000e-06	2.856541e-06	9.004764e-10	1.983483e+01	6.254336e+01
2.490000e-06	2.896219e-06	9.110209e-10	2.011034e+01	6.325916e+01
2.500000e-06	2.935800e-06	9.251888e-10	2.038518e+01	6.396079e+01
2.510000e-06	2.975304e-06	9.390057e-10	2.065948e+01	6.464875e+01
2.520000e-06	3.014593e-06	9.493343e-10	2.093229e+01	6.532351e+01
2.530000e-06	3.053584e-06	9.567419e-10	2.120303e+01	6.598552e+01
2.540000e-06	3.092356e-06	9.625125e-10	2.147225e+01	6.663517e+01
2.550000e-06	3.130909e-06	9.679937e-10	2.173995e+01	6.727286e+01
2.560000e-06	3.169248e-06	9.744410e-10	2.200616e+01	6.789891e+01
2.570000e-06	3.207406e-06	9.834246e-10	2.227112e+01	6.851362e+01
2.580000e-06	3.245392e-06	9.940134e-10	2.253488e+01	6.911726e+01
2.590000e-06	3.283157e-06	1.004265e-09	2.279711e+01	6.971005e+01
2.600000e-06	3.320662e-06	1.014100e-09	2.305753e+01	7.029219e+01
2.610000e-06	3.357989e-06	1.024356e-09	2.331671e+01	7.086383e+01
2.620000e-06	3.395133e-06	1.033315e-09	2.357463e+01	7.142510e+01
2.630000e-06	3.432015e-06	1.040122e-09	2.383073e+01	7.197608e+01
2.640000e-06	3.468623e-06	1.045414e-09	2.408492e+01	7.251686e+01
2.650000e-06	3.504978e-06	1.049626e-09	2.433736e+01	7.304745e+01
2.660000e-06	3.541053e-06	1.055616e-09	2.458785e+01	7.356787e+01
2.670000e-06	3.576921e-06	1.063018e-09	2.483690e+01	7.407813e+01
2.680000e-06	3.612657e-06	1.070419e-09	2.508504e+01	7.457819e+01
2.690000e-06	3.648239e-06	1.078574e-09	2.533211e+01	7.506802e+01
2.700000e-06	3.683711e-06	1.087247e-09	2.557842e+01	7.554757e+01
2.710000e-06	3.718978e-06	1.095085e-09	2.582330e+01	7.601680e+01
2.720000e-06	3.753946e-06	1.102868e-09	2.606610e+01	7.647563e+01
2.730000e-06	3.788601e-06	1.109898e-09	2.630673e+01	7.692403e+01
2.740000e-06	3.822892e-06	1.115488e-09	2.654484e+01	7.736193e+01
2.750000e-06	3.856784e-06	1.121959e-09	2.678017e+01	7.778929e+01
2.760000e-06	3.890219e-06	1.129410e-09	2.701234e+01	7.820607e+01
2.770000e-06	3.923246e-06	1.137864e-09	2.724166e+01	7.861227e+01
2.780000e-06	3.955868e-06	1.146275e-09	2.746818e+01	7.900786e+01
2.790000e-06	3.988087e-06	1.153174e-09	2.769190e+01	7.939286e+01
2.800000e-06	4.020042e-06	1.159748e-09	2.791378e+01	7.976732e+01
2.810000e-06	4.051820e-06	1.164870e-09	2.813444e+01	8.013127e+01
2.820000e-06	4.083428e-06	1.168999e-09	2.835391e+01	8.048481e+01
2.830000e-06	4.114872e-06	1.173398e-09	2.857225e+01	8.082804e+01
2.840000e-06	4.146055e-06	1.178409e-09	2.878877e+01	8.116108e+01
2.850000e-06	4.176985e-06	1.185460e-09	2.900354e+01	8.148410e+01
2.860000e-06	4.207627e-06	1.192381e-09	2.921631e+01	8.179728e+01
2.870000e-06	4.237855e-06	1.196730e-09	2.942620e+01	8.210082e+01
2.880000e-06	4.267734e-06	1.200771e-09	2.963367e+01	8.239497e+01
2.890000e-06	4.297372e-06	1.204820e-09	2.983947e+01	8.267998e+01
2.900000e-06	4.326840e-06	1.210434e-09	3.004408e+01	8.295613e+01
2.910000e-06	4.356059e-06	1.218824e-09	3.024697e+01	8.322373e+01
2.920000e-06	4.384980e-06	1.227099e-09	3.044778e+01	8.348310e+01
2.930000e-06	4.413609e-06	1.232872e-09	3.064658e+01	8.373458e+01
2.940000e-06	4.441864e-06	1.237250e-09	3.084277e+01	8.397853e+01
2.950000e-06	4.469770e-06	1.243300e-09	3.103654e+01	8.421530e+01
2.960000e-06	4.497486e-06	1.249328e-09	3.122899e+01	8.444529e+01
2.970000e-06	4.525082e-06	1.253449e-09	3.142061e+01	8.466886e+01
2.980000e-06	4.552522e-06	1.256603e-09	3.161114e+01	8.488642e+01
2.990000e-06	4.579616e-06	1.258843e-09	3.179927e+01	8.509834e+01
3.000000e-06	4.606351e-06	1.260486e-09	3.198491e+01	8.530501e+01
3.010000e-06	4.632687e-06	1.264213e-09	3.216778e+01	8.550681e+01
3.020000e-06	4.658420e-06	1.269700e-09	3.234646e+01	8.570410e+01
3.030000e-06	4.683666e-06	1.275308e-09	3.252175e+01	8.589726e+01
3.040000e-06	4.708410e-06	1.281157e-09	3.269357e+01	8.608660e+01
3.050000e-06	4.732650e-06	1.286038e-09	3.286188e+01	8.627247e+01
3.060000e-06	4.756523e-06	1.289244e-09	3.302765e+01	8.645518e+01
3.070000e-06	4.780117e-06	1.288928e-09	3.319148e+01	8.663499e+01
3.080000e-06	4.803451e-06	1.286436e-09	3.335350e+01	8.681217e+01
3.090000e-06	4.826492e-06	1.286408e-09	3.351349e+01	8.698696e+01
3.100000e-06	4.849249e-06	1.288474e-09	3.367151e+01	8.715955e+01
3.110000e-06	4.871672e-06	1.292369e-09	3.382721e+01	8.733013e+01
3.120000e-06	4.893752e-06	1.296590e-09	3.398052e+01	8.749885e+01
3.130000e-06	4.915506e-06	1.300703e-09	3.413157e+01	8.766581e+01
3.140000e-06	4.936986e-06	1.303503e-09	3.428073e+01	8.783110e+01
3.150000e-06	4.958139e-06	1.304608e-09	3.442760e+01	8.799479e+01
3.160000e-06	4.978860e-06	1.305336e-09	3.457148e+01	8.815688e+01
3.170000e-06	4.999228e-06	1.307915e-09	3.471291e+01	8.831739e+01
3.180000e-06	5.019296e-06	1.313854e-09	3.485226e+01	8.847628e+01
3.190000e-06	5.039086e-06	1.319261e-09	3.498967e+01	8.863348e+01
3.200000e-06	5.058661e-06	1.322352e-09	3.512559e+01	8.878892e+01
3.210000e-06	5.078069e-06	1.321756e-09	3.526036e+01	8.894247e+01
3.220000e-06	5.097218e-06	1.322919e-09	3.539332e+01	8.909402e+01
3.230000e-06	5.115957e-06	1.328785e-09	3.552343e+01	8.924341e+01
3.240000e-06	5.134172e-06	1.334253e-09	3.564992e+01	8.939048e+01
3.250000e-06	5.151876e-06	1.337727e-09	3.577285e+01	8.953503e+01
3.260000e-06	5.169123e-06	1.336698e-09	3.589260e+01	8.967689e+01
3.270000e-06	5.186050e-06	1.333840e-09	3.601014e+01	8.981585e+01
3.280000e-06	5.202707e-06	1.333985e-09	3.612580e+01	8.995169e+01
3.290000e-06	5.219034e-06	1.336657e-09	3.623917e+01	9.008422e+01
3.300000e-06	5.235023e-06	1.340472e-09	3.635019e+01	9.021321e+01
3.310000e-06	5.250570e-06	1.344894e-09	3.645814e+01	9.033847e+01
3.320000e-06	5.265617e-06	1.348791e-09	3.656262e+01	9.045978e+01
3.330000e-06	5.280203e-06	1.350567e-09	3.666391e+01	9.057696e+01
3.340000e-06	5.294420e-06	1.351130e-09	3.676263e+01	9.068981e+01
3.350000e-06	5.308292e-06	1.352238e-09	3.685894e+01	9.079818e+01
3.360000e-06	5.321775e-06	1.352692e-09	3.695256e+01	9.090190e+01
3.370000e-06	5.334831e-06	1.353594e-09	3.704322e+01	9.100084e+01
3.380000e-06	5.347467e-06	1.358202e-09	3.713096e+01	9.109488e+01
3.390000e-06	5.359753e-06	1.363502e-09	3.721627e+01	9.118392e+01
3.400000e-06	5.371717e-06	1.364913e-09	3.729935e+01	9.126788e+01
3.410000e-06	5.383292e-06	1.365513e-09	3.737972e+01	9.134670e+01
3.420000e-06	5.394479e-06	1.367078e-09	3.745740e+01	9.142037e+01
3.430000e-06	5.405227e-06	1.368439e-09	3.753203e+01	9.148887e+01
3.440000e-06	5.415418e-06	1.369376e-09	3.760279e+01	9.155221e+01
3.450000e-06	5.425031e-06	1.371477e-09	3.766954e+01	9.161045e+01
3.460000e-06	5.433999e-06	1.375438e-09	3.773181e+01	9.166363e+01
3.470000e-06	5.442401e-06	1.378845e-09	3.779015e+01	9.171186e+01
3.480000e-06	5.450408e-06	1.379996e-09	3.784575e+01	9.175523e+01
3.490000e-06	5.458152e-06	1.379254e-09	3.789952e+01	9.179387e+01
3.500000e-06	5.465708e-06	1.378354e-09	3.795199e+01	9.182794e+01
3.510000e-06	5.472938e-06	1.379719e-09	3.800219e+01	9.185760e+01
3.520000e-06	5.479731e-06	1.384850e-09	3.804936e+01	9.188302e+01
3.530000e-06	5.486153e-06	1.389832e-09	3.809395e+01	9.190439e+01
3.540000e-06	5.492244e-06	1.391101e-09	3.813625e+01	9.192193e+01
3.550000e-06	5.497984e-06	1.391308e-09	3.817610e+01	9.193584e+01
3.560000e-06	5.503396e-06	1.392175e-09	3.821368e+01	9.194634e+01
3.570000e-06	5.508431e-06	1.392957e-09	3.824864e+01	9.195366e+01
3.580000e-06	5.512992e-06	1.394200e-09	3.828031e+01	9.195802e+01
3.590000e-06	5.517179e-06	1.394216e-09	3.830939e+01	9.195963e+01
3.600000e-06	5.521089e-06	1.393739e-09	3.833653e+01	9.195873e+01
3.610000e-06	5.524742e-06	1.394086e-09	3.836190e+01	9.195553e+01
3.620000e-06	5.528177e-06	1.394515e-09	3.838575e+01	9.195022e+01
3.630000e-06	5.531270e-06	1.395329e-09	3.840723e+01	9.194301e+01
3.640000e-06	5.533892e-06	1.398089e-09	3.842544e+01	9.193409e+01
3.650000e-06	5.536004e-06	1.401265e-09	3.844010e+01	9.192361e+01
3.660000e-06	5.537559e-06	1.405012e-09	3.845090e+01	9.191174e+01
3.670000e-06	5.538467e-06	1.408124e-09	3.845720e+01	9.189860e+01
3.680000e-06	5.538812e-06	1.409157e-09	3.845960e+01	9.188433e+01
3.690000e-06	5.538870e-06	1.407223e-09	3.846000e+01	9.186901e+01
3.700000e-06	5.538679e-06	1.403408e-09	3.845867e+01	9.185271e+01
3.710000e-06	5.538147e-06	1.401870e-09	3.845498e+01	9.183551e+01
3.720000e-06	5.537273e-06	1.402084e-09	3.844891e+01	9.181742e+01
3.730000e-06	5.536038e-06	1.406329e-09	3.844033e+01	9.179847e+01
3.740000e-06	5.534382e-06	1.410558e-09	3.842883e+01	9.177864e+01
3.750000e-06	5.532349e-06	1.410665e-09	3.841472e+01	9.175789e+01
3.760000e-06	5.530006e-06	1.416095e-09	3.839845e+01	9.173618e+01
3.770000e-06	5.527292e-06	1.413723e-09	3.837961e+01	9.171343e+01
3.780000e-06	5.524075e-06	1.398984e-09	3.835727e+01	9.168955e+01
3.790000e-06	5.520362e-06	1.408815e-09	3.833149e+01	9.166442e+01
3.800000e-06	5.516264e-06	1.389587e-09	3.830303e+01	9.163792e+01
3.810000e-06	5.511895e-06	1.396094e-09	3.827269e+01	9.160990e+01
3.820000e-06	5.507339e-06	1.409902e-09	3.824106e+01	9.158021e+01
3.830000e-06	5.502446e-06	1.416356e-09	3.820708e+01	9.154868e+01
3.840000e-06	5.497060e-06	1.425428e-09	3.816968e+01	9.151511e+01
3.850000e-06	5.491232e-06	1.381668e-09	3.812922e+01	9.147933e+01
3.860000e-06	5.485064e-06	1.362579e-09	3.808639e+01	9.144114e+01
3.870000e-06	5.478450e-06	1.358832e-09	3.804046e+01	9.140033e+01
3.880000e-06	5.471334e-06	1.400188e-09	3.799105e+01	9.135671e+01
3.890000e-06	5.463777e-06	1.396226e-09	3.793858e+01	9.131007e+01
3.900000e-06	5.455736e-06	1.386562e-09	3.788275e+01	9.126021e+01
3.910000e-06	5.447224e-06	1.382496e-09	3.782364e+01	9.120692e+01
3.920000e-06	5.438339e-06	1.390043e-09	3.776195e+01	9.115002e+01
3.930000e-06	5.429169e-06	1.375282e-09	3.769827e+01	9.108931e+01
3.940000e-06	5.419702e-06	1.357505e-09	3.763254e+01	9.102462e+01
3.950000e-06	5.409887e-06	1.372831e-09	3.756439e+01	9.095578e+01
3.960000e-06	5.399665e-06	1.393616e-09	3.749340e+01	9.088262e+01
3.970000e-06	5.389093e-06	1.392709e-09	3.742000e+01	9.080500e+01
3.980000e-06	5.378184e-06	1.367367e-09	3.734425e+01	9.072279e+01
3.990000e-06	5.366856e-06	1.363453e-09	3.726559e+01	9.063586e+01
4.000000e-06	5.355183e-06	1.358523e-09	3.718454e+01	9.054412e+01
4.010000e-06	5.343174e-06	1.348532e-09	3.710115e+01	9.044747e+01
4.020000e-06	5.330606e-06	1.324416e-09	3.701389e+01	9.034583e+01
4.030000e-06	5.317500e-06	1.350963e-09	3.692288e+01	9.023916e+01
4.040000e-06	5.304021e-06	1.364235e-09	3.682929e+01	9.012741e+01
4.050000e-06	5.290058e-06	1.353148e-09	3.673234e+01	9.001054e+01
4.060000e-06	5.275514e-06	1.310496e-09	3.663134e+01	8.988855e+01
4.070000e-06	5.260340e-06	1.325171e-09	3.652598e+01	8.976144e+01
4.080000e-06	5.244611e-06	1.340174e-09	3.641677e+01	8.962923e+01
4.090000e-06	5.228494e-06	1.332206e-09	3.630485e+01	8.949194e+01
4.100000e-06	5.212110e-06	1.321382e-09	3.619109e+01	8.934962e+01
4.110000e-06	5.195484e-06	1.338148e-09	3.607565e+01	8.920232e+01
4.120000e-06	5.178573e-06	1.331684e-09	3.595822e+01	8.905011e+01
4.130000e-06	5.161328e-06	1.321308e-09	3.583848e+01	8.889305e+01
4.140000e-06	5.143667e-06	1.335997e-09	3.571585e+01	8.873123e+01
4.150000e-06	5.125656e-06	1.336850e-09	3.559078e+01	8.856474e+01
4.160000e-06	5.107349e-06	1.315567e-09	3.546367e+01	8.839367e+01
4.170000e-06	5.088687e-06	1.329344e-09	3.533409e+01	8.821812e+01
4.180000e-06	5.069730e-06	1.348126e-09	3.520245e+01	8.803819e+01
4.190000e-06	5.050458e-06	1.314295e-09	3.506864e+01	8.785399e+01
4.200000e-06	5.030778e-06	1.307958e-09	3.493199e+01	8.766561e+01
4.210000e-06	5.010814e-06	1.328780e-09	3.479336e+01	8.747318e+01
4.220000e-06	4.990636e-06	1.311025e-09	3.465325e+01	8.727679e+01
4.230000e-06	4.970196e-06	1.289809e-09	3.451132e+01	8.707654e+01
4.240000e-06	4.949475e-06	1.333833e-09	3.436745e+01	8.687253e+01
4.250000e-06	4.928447e-06	1.332286e-09	3.422143e+01	8.666487e+01
4.260000e-06	4.906860e-06	1.293703e-09	3.407154e+01	8.645364e+01
4.270000e-06	4.884681e-06	1.305934e-09	3.391754e+01	8.623894e+01
4.280000e-06	4.862018e-06	1.330833e-09	3.376017e+01	8.602085e+01
4.290000e-06	4.838837e-06	1.290409e-09	3.359921e+01	8.579944e+01
4.300000e-06	4.815204e-06	1.282310e-09	3.343512e+01	8.557478e+01
4.310000e-06	4.791204e-06	1.301907e-09	3.326846e+01	8.534696e+01
4.320000e-06	4.766958e-06	1.290561e-09	3.310011e+01	8.511602e+01
4.330000e-06	4.742475e-06	1.277660e-09	3.293011e+01	8.488202e+01
4.340000e-06	4.717738e-06	1.300341e-09	3.275834e+01	8.464502e+01
4.350000e-06	4.692753e-06	1.287401e-09	3.258485e+01	8.440506e+01
4.360000e-06	4.667378e-06	1.272318e-09	3.240866e+01	8.416217e+01
4.370000e-06	4.641635e-06	1.281672e-09	3.222991e+01	8.391640e+01
4.380000e-06	4.615587e-06	1.278684e-09	3.204904e+01	8.366777e+01
4.390000e-06	4.589181e-06	1.261476e-09	3.186569e+01	8.341630e+01
4.400000e-06	4.562470e-06	1.267584e-09	3.168022e+01	8.316204e+01
4.410000e-06	4.535491e-06	1.264046e-09	3.149288e+01	8.290498e+01
4.420000e-06	4.508217e-06	1.249700e-09	3.130350e+01	8.264515e+01
4.430000e-06	4.480605e-06	1.257193e-09	3.111177e+01	8.238256e+01
4.440000e-06	4.452711e-06	1.262602e-09	3.091808e+01	8.211722e+01
4.450000e-06	4.424573e-06	1.249759e-09	3.072271e+01	8.184915e+01
4.460000e-06	4.396195e-06	1.245410e-09	3.052566e+01	8.157834e+01
4.470000e-06	4.367655e-06	1.247613e-09	3.032748e+01	8.130481e+01
4.480000e-06	4.338879e-06	1.238383e-09	3.012768e+01	8.102857e+01
4.490000e-06	4.309731e-06	1.237513e-09	2.992528e+01	8.074961e+01
4.500000e-06	4.280170e-06	1.238472e-09	2.972002e+01	8.046793e+01
4.510000e-06	4.250155e-06	1.229835e-09	2.951161e+01	8.018355e+01
4.520000e-06	4.219632e-06	1.222220e-09	2.929967e+01	7.989646e+01
4.530000e-06	4.188613e-06	1.231125e-09	2.908428e+01	7.960666e+01
4.540000e-06	4.157137e-06	1.227041e-09	2.886572e+01	7.931415e+01
4.550000e-06	4.125360e-06	1.214775e-09	2.864507e+01	7.901893e+01
4.560000e-06	4.093379e-06	1.209912e-09	2.842301e+01	7.872098e+01
4.570000e-06	4.061140e-06	1.212085e-09	2.819915e+01	7.842030e+01
4.580000e-06	4.028694e-06	1.204123e-09	2.797386e+01	7.811688e+01
4.590000e-06	3.996077e-06	1.201804e-09	2.774738e+01	7.781070e+01
4.600000e-06	3.963172e-06	1.200203e-09	2.751890e+01	7.750174e+01
4.610000e-06	3.929929e-06	1.191022e-09	2.728807e+01	7.718997e+01
4.620000e-06	3.896443e-06	1.180246e-09	2.705555e+01	7.687537e+01
4.630000e-06	3.862709e-06	1.181038e-09	2.682131e+01	7.655791e+01
4.640000e-06	3.828770e-06	1.174844e-09	2.658566e+01	7.623753e+01
4.650000e-06	3.794605e-06	1.163605e-09	2.634843e+01	7.591419e+01
4.660000e-06	3.760050e-06	1.160754e-09	2.610849e+01	7.558783e+01
4.670000e-06	3.725207e-06	1.165532e-09	2.586655e+01	7.525839e+01
4.680000e-06	3.690233e-06	1.161560e-09	2.562370e+01	7.492580e+01
4.690000e-06	3.655073e-06	1.157727e-09	2.537957e+01	7.458996e+01
4.700000e-06	3.619707e-06	1.151985e-09	2.513400e+01	7.425080e+01
4.710000e-06	3.584110e-06	1.138440e-09	2.488682e+01	7.390821e+01
4.720000e-06	3.548221e-06	1.128515e-09	2.463762e+01	7.356208e+01
4.730000e-06	3.512119e-06	1.130786e-09	2.438694e+01	7.321230e+01
4.740000e-06	3.475915e-06	1.134045e-09	2.413555e+01	7.285873e+01
4.750000e-06	3.439526e-06	1.131184e-09	2.388288e+01	7.250124e+01
4.760000e-06	3.402921e-06	1.130984e-09	2.362870e+01	7.213968e+01
4.770000e-06	3.366155e-06	1.124544e-09	2.337342e+01	7.177391e+01
4.780000e-06	3.329177e-06	1.111926e-09	2.311666e+01	7.140375e+01
4.790000e-06	3.291847e-06	1.101018e-09	2.285745e+01	7.102903e+01
4.800000e-06	3.254044e-06	1.095884e-09	2.259496e+01	7.064959e+01
4.810000e-06	3.215826e-06	1.090582e-09	2.232958e+01	7.026524e+01
4.820000e-06	3.177260e-06	1.087886e-09	2.206180e+01	6.987579e+01
4.830000e-06	3.138384e-06	1.086503e-09	2.179185e+01	6.948105e+01
4.840000e-06	3.099201e-06	1.082123e-09	2.151978e+01	6.908083e+01
4.850000e-06	3.059754e-06	1.072633e-09	2.124588e+01	6.867493e+01
4.860000e-06	3.020074e-06	1.064326e-09	2.097035e+01	6.826315e+01
4.870000e-06	2.980164e-06	1.054670e-09	2.069323e+01	6.784529e+01
4.880000e-06	2.940073e-06	1.048089e-09	2.041485e+01	6.742116e+01
4.890000e-06	2.899798e-06	1.042737e-09	2.013520e+01	6.699056e+01
4.900000e-06	2.859358e-06	1.041644e-09	1.985439e+01	6.655329e+01
4.910000e-06	2.818789e-06	1.038023e-09	1.957270e+01	6.610917e+01
4.920000e-06	2.778095e-06	1.030924e-09	1.929013e+01	6.565801e+01
4.930000e-06	2.737301e-06	1.021411e-09	1.900688e+01	6.519964e+01
4.940000e-06	2.696331e-06	1.012678e-09	1.872239e+01	6.473387e+01
4.950000e-06	2.655147e-06	1.004656e-09	1.843643e+01	6.426054e+01
4.960000e-06	2.613849e-06	9.982253e-10	1.814966e+01	6.377950e+01
4.970000e-06	2.572374e-06	9.927566e-10	1.786168e+01	6.329058e+01
4.980000e-06	2.530668e-06	9.865035e-10	1.757209e+01	6.279364e+01
4.990000e-06	2.488828e-06	9.804414e-10	1.728156e+01	6.228855e+01
5.000000e-06	2.446871e-06	9.717656e-10	1.699023e+01	6.177517e+01
5.010000e-06	2.404697e-06	9.635048e-10	1.669739e+01	6.125337e+01
5.020000e-06	2.362280e-06	9.583036e-10	1.640285e+01	6.072304e+01
5.030000e-06	2.319671e-06	9.533329e-10	1.610699e+01	6.018408e+01
5.040000e-06	2.276981e-06	9.491878e-10	1.581057e+01	5.963636e+01
5.050000e-06	2.234146e-06	9.468427e-10	1.551314e+01	5.907979e+01
5.060000e-06	2.191102e-06	9.432027e-10	1.521426e+01	5.851428e+01
5.070000e-06	2.147883e-06	9.362396e-10	1.491416e+01	5.793971e+01
5.080000e-06	2.104497e-06	9.260539e-10	1.461290e+01	5.735600e+01
5.090000e-06	2.060977e-06	9.160328e-10	1.431071e+01	5.676304e+01
5.100000e-06	2.017356e-06	9.059577e-10	1.400783e+01	5.616074e+01
5.110000e-06	1.973621e-06	8.986884e-10	1.370414e+01	5.554898e+01
5.120000e-06	1.929715e-06	8.911662e-10	1.339927e+01	5.492767e+01
5.130000e-06	1.885663e-06	8.829637e-10	1.309339e+01	5.429669e+01
5.140000e-06	1.841475e-06	8.745773e-10	1.278656e+01	5.365589e+01
5.150000e-06	1.797243e-06	8.652174e-10	1.247944e+01	5.300516e+01
5.160000e-06	1.752989e-06	8.535674e-10	1.217215e+01	5.234433e+01
5.170000e-06	1.708680e-06	8.437308e-10	1.186449e+01	5.167325e+01
5.180000e-06	1.664321e-06	8.330931e-10	1.155647e+01	5.099174e+01
5.190000e-06	1.619893e-06	8.205845e-10	1.124798e+01	5.029960e+01
5.200000e-06	1.575379e-06	8.087913e-10	1.093889e+01	4.959662e+01
5.210000e-06	1.530769e-06	7.965595e-10	1.062913e+01	4.888256e+01
5.220000e-06	1.486087e-06	7.852018e-10	1.031888e+01	4.815718e+01
5.230000e-06	1.441303e-06	7.757938e-10	1.000791e+01	4.742021e+01
5.240000e-06	1.396445e-06	7.667042e-10	9.696432e+00	4.667136e+01
5.250000e-06	1.351536e-06	7.556874e-10	9.384602e+00	4.591031e+01
5.260000e-06	1.306549e-06	7.425973e-10	9.072223e+00	4.513674e+01
5.270000e-06	1.261444e-06	7.282448e-10	8.759033e+00	4.435030e+01
5.280000e-06	1.216150e-06	7.131198e-10	8.444524e+00	4.355062e+01
5.290000e-06	1.170733e-06	6.993088e-10	8.129163e+00	4.273731e+01
5.300000e-06	1.125230e-06	6.867879e-10	7.813209e+00	4.190998e+01
5.310000e-06	1.079588e-06	6.756685e-10	7.496287e+00	4.106822e+01
5.320000e-06	1.033842e-06	6.655650e-10	7.178639e+00	4.021159e+01
5.330000e-06	9.880318e-07	6.550979e-10	6.860551e+00	3.933967e+01
5.340000e-06	9.422140e-07	6.437311e-10	6.542408e+00	3.845203e+01
5.350000e-06	8.963147e-07	6.289386e-10	6.223699e+00	3.754820e+01
5.360000e-06	8.502704e-07	6.126675e-10	5.903983e+00	3.662776e+01
5.370000e-06	8.041790e-07	5.975955e-10	5.583941e+00	3.569027e+01
5.380000e-06	7.580190e-07	5.815865e-10	5.263422e+00	3.473530e+01
5.390000e-06	7.117929e-07	5.670073e-10	4.942444e+00	3.376243e+01
5.400000e-06	6.655145e-07	5.559817e-10	4.621103e+00	3.277127e+01
5.410000e-06	6.192037e-07	5.441755e-10	4.299536e+00	3.176142e+01
5.420000e-06	5.728384e-07	5.293578e-10	3.977592e+00	3.073255e+01
5.430000e-06	5.264056e-07	5.132817e-10	3.655179e+00	2.968431e+01
5.440000e-06	4.798998e-07	4.973899e-10	3.332258e+00	2.861643e+01
5.450000e-06	4.333383e-07	4.818504e-10	3.008951e+00	2.752865e+01
5.460000e-06	3.867559e-07	4.642245e-10	2.685499e+00	2.642076e+01
5.470000e-06	3.402044e-07	4.452210e-10	2.362262e+00	2.529260e+01
5.480000e-06	2.937250e-07	4.271930e-10	2.039525e+00	2.414407e+01
5.490000e-06	2.472471e-07	4.102904e-10	1.716799e+00	2.297510e+01
5.500000e-06	2.007491e-07	3.927034e-10	1.393932e+00	2.178571e+01
5.510000e-06	1.541399e-07	3.715138e-10	1.070294e+00	2.057596e+01
5.520000e-06	1.074698e-07	3.498537e-10	7.462330e-01	1.934599e+01
5.530000e-06	6.085468e-08	3.315979e-10	4.225539e-01	1.809601e+01
5.540000e-06	1.427436e-08	3.159544e-10	9.911620e-02	1.682629e+01
5.550000e-06	-3.234959e-08	2.985030e-10	-2.246244e-01	1.553718e+01
5.560000e-06	-7.896943e-08	2.779446e-10	-5.483364e-01	1.422910e+01
5.570000e-06	-1.255886e-07	2.537482e-10	-8.720436e-01	1.290255e+01
5.580000e-06	-1.722212e-07	2.291957e-10	-1.195844e+00	1.155812e+01
5.590000e-06	-2.188379e-07	2.059051e-10	-1.519535e+00	1.019645e+01
5.600000e-06	-2.654670e-07	1.826785e-10	-1.843311e+00	8.818262e+00
5.610000e-06	-3.120270e-07	1.608880e-10	-2.166608e+00	7.424373e+00
5.620000e-06	-3.585589e-07	1.396596e-10	-2.489709e+00	6.015655e+00
5.630000e-06	-4.051336e-07	1.182217e-10	-2.813108e+00	4.593053e+00
5.640000e-06	-4.516476e-07	9.524481e-11	-3.136085e+00	3.157584e+00
5.650000e-06	-4.980198e-07	6.938296e-11	-3.458077e+00	1.710328e+00
5.660000e-06	-5.443404e-07	4.191841e-11	-3.779711e+00	2.524258e-01
5.670000e-06	-5.906346e-07	1.432728e-11	-4.101162e+00	-1.214924e+00
5.680000e-06	-6.368495e-07	-1.144825e-11	-4.422063e+00	-2.690471e+00
5.690000e-06	-6.830803e-07	-3.588634e-11	-4.743074e+00	-4.172918e+00
5.700000e-06	-7.293503e-07	-5.960646e-11	-5.064356e+00	-5.660926e+00
5.710000e-06	-7.755212e-07	-8.331221e-11	-5.384951e+00	-7.153122e+00
5.720000e-06	-8.215653e-07	-1.088413e-10	-5.704666e+00	-8.648101e+00
5.730000e-06	-8.674881e-07	-1.349452e-10	-6.023537e+00	-1.014444e+01
5.740000e-06	-9.133124e-07	-1.611578e-10	-6.341726e+00	-1.164069e+01
5.750000e-06	-9.591185e-07	-1.874931e-10	-6.659788e+00	-1.313540e+01
5.760000e-06	-1.004873e-06	-2.132865e-10	-6.977491e+00	-1.462713e+01
5.770000e-06	-1.050473e-06	-2.362403e-10	-7.294122e+00	-1.611442e+01
5.780000e-06	-1.095956e-06	-2.574660e-10	-7.609938e+00	-1.759584e+01
5.790000e-06	-1.141378e-06	-2.784074e-10	-7.925336e+00	-1.906996e+01
5.800000e-06	-1.186697e-06	-2.994043e-10	-8.240012e+00	-2.053540e+01
5.810000e-06	-1.231952e-06	-3.228735e-10	-8.554248e+00	-2.199081e+01
5.820000e-06	-1.277032e-06	-3.492650e-10	-8.867266e+00	-2.343485e+01
5.830000e-06	-1.321917e-06	-3.750850e-10	-9.178937e+00	-2.486626e+01
5.840000e-06	-1.366743e-06	-3.994600e-10	-9.490192e+00	-2.628382e+01
5.850000e-06	-1.411527e-06	-4.240236e-10	-9.801154e+00	-2.768636e+01
5.860000e-06	-1.456209e-06	-4.468752e-10	-1.011141e+01	-2.907278e+01
5.870000e-06	-1.500732e-06	-4.667954e-10	-1.042056e+01	-3.044205e+01
5.880000e-06	-1.545195e-06	-4.872426e-10	-1.072930e+01	-3.179319e+01
5.890000e-06	-1.589648e-06	-5.085540e-10	-1.103797e+01	-3.312533e+01
5.900000e-06	-1.634080e-06	-5.307332e-10	-1.134648e+01	-3.443765e+01
5.910000e-06	-1.678466e-06	-5.558205e-10	-1.165469e+01	-3.572943e+01
5.920000e-06	-1.722776e-06	-5.798068e-10	-1.196236e+01	-3.700000e+01
5.930000e-06	-1.767021e-06	-5.988597e-10	-1.226958e+01	-3.824882e+01
5.940000e-06	-1.811186e-06	-6.155163e-10	-1.257625e+01	-3.947540e+01
5.950000e-06	-1.855253e-06	-6.331109e-10	-1.288223e+01	-4.067935e+01
5.960000e-06	-1.899236e-06	-6.506434e-10	-1.318764e+01	-4.186036e+01
5.970000e-06	-1.943119e-06	-6.682682e-10	-1.349234e+01	-4.301820e+01
5.980000e-06	-1.986829e-06	-6.884373e-10	-1.379586e+01	-4.415273e+01
5.990000e-06	-2.030420e-06	-7.101926e-10	-1.409854e+01	-4.526389e+01
6.000000e-06	-2.073903e-06	-7.323728e-10	-1.440047e+01	-4.635169e+01
6.010000e-06	-2.117211e-06	-7.510438e-10	-1.470118e+01	-4.741621e+01
6.020000e-06	-2.160338e-06	-7.648942e-10	-1.500064e+01	-4.845761e+01
6.030000e-06	-2.203271e-06	-7.758937e-10	-1.529875e+01	-4.947611e+01
6.040000e-06	-2.246021e-06	-7.882660e-10	-1.559559e+01	-5.047200e+01
6.050000e-06	-2.288596e-06	-8.076930e-10	-1.589122e+01	-5.144561e+01
6.060000e-06	-2.331064e-06	-8.306553e-10	-1.618610e+01	-5.239734e+01
6.070000e-06	-2.373414e-06	-8.542639e-10	-1.648016e+01	-5.332762e+01
6.080000e-06	-2.415600e-06	-8.730683e-10	-1.677309e+01	-5.423692e+01
6.090000e-06	-2.457628e-06	-8.894155e-10	-1.706492e+01	-5.512577e+01
6.100000e-06	-2.499531e-06	-9.027081e-10	-1.735588e+01	-5.599469e+01
6.110000e-06	-2.541319e-06	-9.123257e-10	-1.764604e+01	-5.684426e+01
6.120000e-06	-2.582932e-06	-9.240573e-10	-1.793499e+01	-5.767504e+01
6.130000e-06	-2.624266e-06	-9.384802e-10	-1.822199e+01	-5.848764e+01
6.140000e-06	-2.665315e-06	-9.522546e-10	-1.850703e+01	-5.928265e+01
6.150000e-06	-2.706195e-06	-9.656026e-10	-1.879088e+01	-6.006067e+01
6.160000e-06	-2.746892e-06	-9.790433e-10	-1.907347e+01	-6.082228e+01
6.170000e-06	-2.787412e-06	-9.926105e-10	-1.935482e+01	-6.156808e+01
6.180000e-06	-2.827823e-06	-1.008333e-09	-1.963543e+01	-6.229862e+01
6.190000e-06	-2.868135e-06	-1.022937e-09	-1.991534e+01	-6.301447e+01
6.200000e-06	-2.908374e-06	-1.034360e-09	-2.019474e+01	-6.371615e+01
6.210000e-06	-2.948510e-06	-1.044422e-09	-2.047343e+01	-6.440415e+01
6.220000e-06	-2.988475e-06	-1.051758e-09	-2.075094e+01	-6.507896e+01
6.230000e-06	-3.028237e-06	-1.056062e-09	-2.102703e+01	-6.574101e+01
6.240000e-06	-3.067769e-06	-1.066079e-09	-2.130153e+01	-6.639071e+01
6.250000e-06	-3.106988e-06	-1.085083e-09	-2.157385e+01	-6.702844e+01
6.260000e-06	-3.145881e-06	-1.103469e-09	-2.184391e+01	-6.765453e+01
6.270000e-06	-3.184464e-06	-1.115562e-09	-2.211182e+01	-6.826929e+01
6.280000e-06	-3.222656e-06	-1.123275e-09	-2.237701e+01	-6.887297e+01
6.290000e-06	-3.260422e-06	-1.128484e-09	-2.263924e+01	-6.946581e+01
6.300000e-06	-3.297774e-06	-1.131645e-09	-2.289860e+01	-7.004799e+01
6.310000e-06	-3.334773e-06	-1.137186e-09	-2.315551e+01	-7.061968e+01
6.320000e-06	-3.371489e-06	-1.148406e-09	-2.341045e+01	-7.118099e+01
6.330000e-06	-3.408058e-06	-1.160253e-09	-2.366438e+01	-7.173203e+01
6.340000e-06	-3.444525e-06	-1.172379e-09	-2.391759e+01	-7.227284e+01
6.350000e-06	-3.480844e-06	-1.182942e-09	-2.416978e+01	-7.280348e+01
6.360000e-06	-3.517009e-06	-1.190674e-09	-2.442090e+01	-7.332395e+01
6.370000e-06	-3.552973e-06	-1.196610e-09	-2.467061e+01	-7.383425e+01
6.380000e-06	-3.588712e-06	-1.201276e-09	-2.491878e+01	-7.433436e+01
6.390000e-06	-3.624195e-06	-1.205526e-09	-2.516515e+01	-7.482423e+01
6.400000e-06	-3.659441e-06	-1.212336e-09	-2.540989e+01	-7.530383e+01
6.410000e-06	-3.694438e-06	-1.221734e-09	-2.565290e+01	-7.577310e+01
6.420000e-06	-3.729103e-06	-1.232026e-09	-2.589360e+01	-7.623198e+01
6.430000e-06	-3.763533e-06	-1.240340e-09	-2.613267e+01	-7.668042e+01
6.440000e-06	-3.797786e-06	-1.247498e-09	-2.637052e+01	-7.711837e+01
6.450000e-06	-3.831759e-06	-1.253036e-09	-2.660641e+01	-7.754577e+01
6.460000e-06	-3.865466e-06	-1.256488e-09	-2.684046e+01	-7.796260e+01
6.470000e-06	-3.898935e-06	-1.261004e-09	-2.707286e+01	-7.836884e+01
6.480000e-06	-3.932136e-06	-1.268795e-09	-2.730339e+01	-7.876448e+01
6.490000e-06	-3.965082e-06	-1.277495e-09	-2.753216e+01	-7.914953e+01
6.500000e-06	-3.997728e-06	-1.283329e-09	-2.775884e+01	-7.952403e+01
6.510000e-06	-4.030110e-06	-1.287871e-09	-2.798369e+01	-7.988803e+01
6.520000e-06	-4.062291e-06	-1.293276e-09	-2.820715e+01	-8.024161e+01
6.530000e-06	-4.094205e-06	-1.297400e-09	-2.842875e+01	-8.058488e+01
6.540000e-06	-4.125887e-06	-1.300387e-09	-2.864873e+01	-8.091797e+01
6.550000e-06	-4.157269e-06	-1.303477e-09	-2.886664e+01	-8.124103e+01
6.560000e-06	-4.188267e-06	-1.307480e-09	-2.908188e+01	-8.155426e+01
6.570000e-06	-4.218942e-06	-1.313394e-09	-2.929488e+01	-8.185785e+01
6.580000e-06	-4.249033e-06	-1.317993e-09	-2.950382e+01	-8.215204e+01
6.590000e-06	-4.278498e-06	-1.320391e-09	-2.970841e+01	-8.243710e+01
6.600000e-06	-4.307600e-06	-1.322940e-09	-2.991049e+01	-8.271329e+01
6.610000e-06	-4.336397e-06	-1.325796e-09	-3.011044e+01	-8.298094e+01
6.620000e-06	-4.364925e-06	-1.327662e-09	-3.030853e+01	-8.324035e+01
6.630000e-06	-4.393272e-06	-1.332042e-09	-3.050536e+01	-8.349188e+01
6.640000e-06	-4.421399e-06	-1.336549e-09	-3.070067e+01	-8.373587e+01
6.650000e-06	-4.449306e-06	-1.339856e-09	-3.089444e+01	-8.397269e+01
6.660000e-06	-4.476960e-06	-1.343041e-09	-3.108646e+01	-8.420272e+01
6.670000e-06	-4.504291e-06	-1.344016e-09	-3.127624e+01	-8.442634e+01
6.680000e-06	-4.531274e-06	-1.344857e-09	-3.146360e+01	-8.464394e+01
6.690000e-06	-4.557854e-06	-1.350068e-09	-3.164816e+01	-8.485591e+01
6.700000e-06	-4.584095e-06	-1.355770e-09	-3.183037e+01	-8.506262e+01
6.710000e-06	-4.610065e-06	-1.359452e-09	-3.201070e+01	-8.526447e+01
6.720000e-06	-4.635815e-06	-1.363363e-09	-3.218950e+01	-8.546181e+01
6.730000e-06	-4.661251e-06	-1.366344e-09	-3.236612e+01	-8.565500e+01
6.740000e-06	-4.686289e-06	-1.366723e-09	-3.253997e+01	-8.584440e+01
6.750000e-06	-4.710978e-06	-1.365770e-09	-3.271140e+01	-8.603031e+01
6.760000e-06	-4.735384e-06	-1.366713e-09	-3.288087e+01	-8.621306e+01
6.770000e-06	-4.759549e-06	-1.367777e-09	-3.304866e+01	-8.639292e+01
6.780000e-06	-4.783553e-06	-1.372271e-09	-3.321534e+01	-8.657014e+01
6.790000e-06	-4.807323e-06	-1.379950e-09	-3.338039e+01	-8.674498e+01
6.800000e-06	-4.830718e-06	-1.385529e-09	-3.354284e+01	-8.691762e+01
6.810000e-06	-4.853629e-06	-1.387011e-09	-3.370192e+01	-8.708824e+01
6.820000e-06	-4.875978e-06	-1.387149e-09	-3.385711e+01	-8.725700e+01
6.830000e-06	-4.897789e-06	-1.388134e-09	-3.400856e+01	-8.742401e+01
6.840000e-06	-4.919057e-06	-1.388480e-09	-3.415623e+01	-8.758935e+01
6.850000e-06	-4.939849e-06	-1.388319e-09	-3.430060e+01	-8.775308e+01
6.860000e-06	-4.960320e-06	-1.389417e-09	-3.444275e+01	-8.791522e+01
6.870000e-06	-4.980613e-06	-1.392523e-09	-3.458366e+01	-8.807577e+01
6.880000e-06	-5.000762e-06	-1.394609e-09	-3.472357e+01	-8.823470e+01
6.890000e-06	-5.020601e-06	-1.395056e-09	-3.486132e+01	-8.839195e+01
6.900000e-06	-5.040083e-06	-1.396264e-09	-3.499660e+01	-8.854743e+01
6.910000e-06	-5.059236e-06	-1.396477e-09	-3.512958e+01	-8.870103e+01
6.920000e-06	-5.078036e-06	-1.395896e-09	-3.526013e+01	-8.885263e+01
6.930000e-06	-5.096487e-06	-1.397595e-09	-3.538825e+01	-8.900206e+01
6.940000e-06	-5.114637e-06	-1.401316e-09	-3.551427e+01	-8.914917e+01
6.950000e-06	-5.132523e-06	-1.405485e-09	-3.563846e+01	-8.929378e+01
6.960000e-06	-5.150068e-06	-1.408333e-09	-3.576029e+01	-8.943568e+01
6.970000e-06	-5.167207e-06	-1.409934e-09	-3.587930e+01	-8.957468e+01
6.980000e-06	-5.183944e-06	-1.411412e-09	-3.599552e+01	-8.971057e+01
6.990000e-06	-5.200404e-06	-1.412051e-09	-3.610981e+01	-8.984314e+01
7.000000e-06	-5.216679e-06	-1.410155e-09	-3.622282e+01	-8.997218e+01
7.010000e-06	-5.232683e-06	-1.408832e-09	-3.633394e+01	-9.009748e+01
7.020000e-06	-5.248221e-06	-1.410016e-09	-3.644184e+01	-9.021884e+01
7.030000e-06	-5.263211e-06	-1.410566e-09	-3.654592e+01	-9.033606e+01
7.040000e-06	-5.277647e-06	-1.409721e-09	-3.664616e+01	-9.044896e+01
7.050000e-06	-5.291382e-06	-1.406820e-09	-3.674153e+01	-9.055738e+01
7.060000e-06	-5.304444e-06	-1.404305e-09	-3.683223e+01	-9.066114e+01
7.070000e-06	-5.317168e-06	-1.402141e-09	-3.692058e+01	-9.076013e+01
7.080000e-06	-5.329591e-06	-1.402756e-09	-3.700684e+01	-9.085421e+01
7.090000e-06	-5.341590e-06	-1.406476e-09	-3.709015e+01	-9.094329e+01
7.100000e-06	-5.353174e-06	-1.408766e-09	-3.717059e+01	-9.102730e+01
7.110000e-06	-5.364398e-06	-1.410584e-09	-3.724853e+01	-9.110617e+01
7.120000e-06	-5.375266e-06	-1.408064e-09	-3.732399e+01	-9.117988e+01
7.130000e-06	-5.385746e-06	-1.404879e-09	-3.739676e+01	-9.124842e+01
7.140000e-06	-5.395840e-06	-1.401158e-09	-3.746685e+01	-9.131181e+01
7.150000e-06	-5.405540e-06	-1.400028e-09	-3.753420e+01	-9.137009e+01
7.160000e-06	-5.414846e-06	-1.402506e-09	-3.759882e+01	-9.142332e+01
7.170000e-06	-5.423824e-06	-1.407582e-09	-3.766116e+01	-9.147159e+01
7.180000e-06	-5.432512e-06	-1.411766e-09	-3.772149e+01	-9.151501e+01
7.190000e-06	-5.440946e-06	-1.410298e-09	-3.778005e+01	-9.155370e+01
7.200000e-06	-5.449174e-06	-1.408145e-09	-3.783718e+01	-9.158782e+01
7.210000e-06	-5.457135e-06	-1.405548e-09	-3.789246e+01	-9.161751e+01
7.220000e-06	-5.464775e-06	-1.401146e-09	-3.794551e+01	-9.164298e+01
7.230000e-06	-5.471847e-06	-1.398340e-09	-3.799461e+01	-9.166440e+01
7.240000e-06	-5.478137e-06	-1.400205e-09	-3.803829e+01	-9.168198e+01
7.250000e-06	-5.483783e-06	-1.404564e-09	-3.807749e+01	-9.169594e+01
7.260000e-06	-5.488937e-06	-1.407274e-09	-3.811328e+01	-9.170649e+01
7.270000e-06	-5.493688e-06	-1.407522e-09	-3.814627e+01	-9.171385e+01
7.280000e-06	-5.498148e-06	-1.404657e-09	-3.817724e+01	-9.171825e+01
7.290000e-06	-5.502325e-06	-1.399676e-09	-3.820624e+01	-9.171991e+01
7.300000e-06	-5.506187e-06	-1.396823e-09	-3.823306e+01	-9.171906e+01
7.310000e-06	-5.509733e-06	-1.397282e-09	-3.825768e+01	-9.171590e+01
7.320000e-06	-5.512948e-06	-1.398037e-09	-3.828000e+01	-9.171064e+01
7.330000e-06	-5.515829e-06	-1.397580e-09	-3.830001e+01	-9.170347e+01
7.340000e-06	-5.518357e-06	-1.397800e-09	-3.831756e+01	-9.169459e+01
7.350000e-06	-5.520490e-06	-1.396696e-09	-3.833237e+01	-9.168416e+01
7.360000e-06	-5.522269e-06	-1.395335e-09	-3.834473e+01	-9.167233e+01
7.370000e-06	-5.523644e-06	-1.392918e-09	-3.835427e+01	-9.165924e+01
7.380000e-06	-5.524634e-06	-1.388840e-09	-3.836115e+01	-9.164501e+01
7.390000e-06	-5.525361e-06	-1.384621e-09	-3.836620e+01	-9.162974e+01
7.400000e-06	-5.525783e-06	-1.382509e-09	-3.836913e+01	-9.161349e+01
