# Temperatura_=_-0.3
# Concentracion g/m^3_=_1620.0
# C_Vs_to_Am_M_A/Vsm_=_65563218390.804596
# pendiente_HvsI_1/m_=_3716.3
# ordenada_HvsI_A/m_=_1297.0
# frecuencia_Hz_=_135107.3176090996

Tiempo_(s)	Campo_(V.s)	Magnetizacion_(V.s)	Campo_(kA/m)	Magnetizacion_(A/m)
0.000000e+00	-5.507263e-06	-1.353742e-09	-3.835925e+01	-8.856269e+01
1.000000e-08	-5.507501e-06	-1.353466e-09	-3.836091e+01	-8.858524e+01
2.000000e-08	-5.507477e-06	-1.354384e-09	-3.836073e+01	-8.860633e+01
3.000000e-08	-5.507086e-06	-1.354036e-09	-3.835801e+01	-8.862573e+01
4.000000e-08	-5.506244e-06	-1.350861e-09	-3.835215e+01	-8.864321e+01
5.000000e-08	-5.504828e-06	-1.347833e-09	-3.834229e+01	-8.865852e+01
6.000000e-08	-5.502733e-06	-1.345304e-09	-3.832769e+01	-8.867139e+01
7.000000e-08	-5.500034e-06	-1.342888e-09	-3.830889e+01	-8.868156e+01
8.000000e-08	-5.496927e-06	-1.359945e-09	-3.828725e+01	-8.868877e+01
9.000000e-08	-5.493443e-06	-1.363861e-09	-3.826299e+01	-8.869275e+01
1.000000e-07	-5.489508e-06	-1.318188e-09	-3.823558e+01	-8.869323e+01
1.100000e-07	-5.485257e-06	-1.302349e-09	-3.820597e+01	-8.868994e+01
1.200000e-07	-5.480752e-06	-1.352671e-09	-3.817459e+01	-8.868264e+01
1.300000e-07	-5.475862e-06	-1.363961e-09	-3.814053e+01	-8.867107e+01
1.400000e-07	-5.470620e-06	-1.333131e-09	-3.810402e+01	-8.865500e+01
1.500000e-07	-5.465134e-06	-1.284617e-09	-3.806581e+01	-8.863422e+01
1.600000e-07	-5.459349e-06	-1.345017e-09	-3.802551e+01	-8.860852e+01
1.700000e-07	-5.453094e-06	-1.358536e-09	-3.798195e+01	-8.857772e+01
1.800000e-07	-5.446358e-06	-1.332307e-09	-3.793503e+01	-8.854165e+01
1.900000e-07	-5.439223e-06	-1.301250e-09	-3.788533e+01	-8.850017e+01
2.000000e-07	-5.431805e-06	-1.343928e-09	-3.783367e+01	-8.845316e+01
2.100000e-07	-5.424149e-06	-1.376649e-09	-3.778034e+01	-8.840054e+01
2.200000e-07	-5.416203e-06	-1.375787e-09	-3.772500e+01	-8.834222e+01
2.300000e-07	-5.407937e-06	-1.363739e-09	-3.766742e+01	-8.827816e+01
2.400000e-07	-5.399278e-06	-1.372968e-09	-3.760710e+01	-8.820835e+01
2.500000e-07	-5.389942e-06	-1.397360e-09	-3.754208e+01	-8.813279e+01
2.600000e-07	-5.379902e-06	-1.373209e-09	-3.747215e+01	-8.805152e+01
2.700000e-07	-5.369333e-06	-1.363657e-09	-3.739854e+01	-8.796458e+01
2.800000e-07	-5.358230e-06	-1.366622e-09	-3.732120e+01	-8.787206e+01
2.900000e-07	-5.346691e-06	-1.395609e-09	-3.724083e+01	-8.777406e+01
3.000000e-07	-5.334857e-06	-1.365725e-09	-3.715840e+01	-8.767070e+01
3.100000e-07	-5.322653e-06	-1.358427e-09	-3.707340e+01	-8.756213e+01
3.200000e-07	-5.309983e-06	-1.359313e-09	-3.698515e+01	-8.744851e+01
3.300000e-07	-5.296930e-06	-1.380300e-09	-3.689423e+01	-8.733000e+01
3.400000e-07	-5.283522e-06	-1.343867e-09	-3.680084e+01	-8.720680e+01
3.500000e-07	-5.269701e-06	-1.336377e-09	-3.670458e+01	-8.707912e+01
3.600000e-07	-5.255395e-06	-1.351104e-09	-3.660493e+01	-8.694715e+01
3.700000e-07	-5.240548e-06	-1.366988e-09	-3.650152e+01	-8.681112e+01
3.800000e-07	-5.225185e-06	-1.329959e-09	-3.639452e+01	-8.667123e+01
3.900000e-07	-5.209410e-06	-1.339147e-09	-3.628464e+01	-8.652773e+01
4.000000e-07	-5.193285e-06	-1.355205e-09	-3.617233e+01	-8.638082e+01
4.100000e-07	-5.176744e-06	-1.323863e-09	-3.605711e+01	-8.623072e+01
4.200000e-07	-5.159716e-06	-1.297599e-09	-3.593851e+01	-8.607764e+01
4.300000e-07	-5.142460e-06	-1.339929e-09	-3.581832e+01	-8.592179e+01
4.400000e-07	-5.124980e-06	-1.340844e-09	-3.569656e+01	-8.576336e+01
4.500000e-07	-5.107067e-06	-1.289082e-09	-3.557179e+01	-8.560253e+01
4.600000e-07	-5.088696e-06	-1.307533e-09	-3.544384e+01	-8.543947e+01
4.700000e-07	-5.069899e-06	-1.343889e-09	-3.531291e+01	-8.527434e+01
4.800000e-07	-5.050788e-06	-1.307792e-09	-3.517980e+01	-8.510726e+01
4.900000e-07	-5.031434e-06	-1.292337e-09	-3.504500e+01	-8.493837e+01
5.000000e-07	-5.011858e-06	-1.330325e-09	-3.490864e+01	-8.476775e+01
5.100000e-07	-4.992029e-06	-1.296012e-09	-3.477054e+01	-8.459550e+01
5.200000e-07	-4.971902e-06	-1.262990e-09	-3.463035e+01	-8.442167e+01
5.300000e-07	-4.951446e-06	-1.300376e-09	-3.448786e+01	-8.424631e+01
5.400000e-07	-4.930596e-06	-1.308274e-09	-3.434264e+01	-8.406944e+01
5.500000e-07	-4.909310e-06	-1.259729e-09	-3.419438e+01	-8.389106e+01
5.600000e-07	-4.887693e-06	-1.284884e-09	-3.404381e+01	-8.371116e+01
5.700000e-07	-4.865844e-06	-1.305395e-09	-3.389163e+01	-8.352970e+01
5.800000e-07	-4.843646e-06	-1.267800e-09	-3.373702e+01	-8.334664e+01
5.900000e-07	-4.821031e-06	-1.257318e-09	-3.357950e+01	-8.316191e+01
6.000000e-07	-4.798049e-06	-1.285352e-09	-3.341942e+01	-8.297544e+01
6.100000e-07	-4.774776e-06	-1.254795e-09	-3.325732e+01	-8.278712e+01
6.200000e-07	-4.751303e-06	-1.240853e-09	-3.309382e+01	-8.259686e+01
6.300000e-07	-4.727643e-06	-1.261712e-09	-3.292903e+01	-8.240454e+01
6.400000e-07	-4.703713e-06	-1.255996e-09	-3.276235e+01	-8.221004e+01
6.500000e-07	-4.679447e-06	-1.238522e-09	-3.259334e+01	-8.201324e+01
6.600000e-07	-4.654831e-06	-1.258616e-09	-3.242187e+01	-8.181400e+01
6.700000e-07	-4.629712e-06	-1.251946e-09	-3.224692e+01	-8.161220e+01
6.800000e-07	-4.603974e-06	-1.233050e-09	-3.206765e+01	-8.140770e+01
6.900000e-07	-4.577669e-06	-1.238316e-09	-3.188443e+01	-8.120038e+01
7.000000e-07	-4.550931e-06	-1.238531e-09	-3.169819e+01	-8.099010e+01
7.100000e-07	-4.523818e-06	-1.217198e-09	-3.150934e+01	-8.077674e+01
7.200000e-07	-4.496425e-06	-1.220830e-09	-3.131855e+01	-8.056019e+01
7.300000e-07	-4.468857e-06	-1.226024e-09	-3.112653e+01	-8.034035e+01
7.400000e-07	-4.441088e-06	-1.212633e-09	-3.093311e+01	-8.011712e+01
7.500000e-07	-4.413101e-06	-1.214249e-09	-3.073818e+01	-7.989041e+01
7.600000e-07	-4.384848e-06	-1.220425e-09	-3.054139e+01	-7.966015e+01
7.700000e-07	-4.356256e-06	-1.207236e-09	-3.034224e+01	-7.942627e+01
7.800000e-07	-4.327329e-06	-1.200533e-09	-3.014076e+01	-7.918872e+01
7.900000e-07	-4.298141e-06	-1.206602e-09	-2.993746e+01	-7.894747e+01
8.000000e-07	-4.268698e-06	-1.192940e-09	-2.973238e+01	-7.870249e+01
8.100000e-07	-4.238958e-06	-1.182033e-09	-2.952524e+01	-7.845376e+01
8.200000e-07	-4.208913e-06	-1.187867e-09	-2.931597e+01	-7.820130e+01
8.300000e-07	-4.178502e-06	-1.188813e-09	-2.910415e+01	-7.794509e+01
8.400000e-07	-4.147784e-06	-1.176784e-09	-2.889019e+01	-7.768518e+01
8.500000e-07	-4.116880e-06	-1.180099e-09	-2.867493e+01	-7.742158e+01
8.600000e-07	-4.085753e-06	-1.178030e-09	-2.845813e+01	-7.715433e+01
8.700000e-07	-4.054405e-06	-1.163704e-09	-2.823978e+01	-7.688348e+01
8.800000e-07	-4.022911e-06	-1.152969e-09	-2.802042e+01	-7.660908e+01
8.900000e-07	-3.991222e-06	-1.154088e-09	-2.779970e+01	-7.633119e+01
9.000000e-07	-3.959245e-06	-1.142122e-09	-2.757698e+01	-7.604985e+01
9.100000e-07	-3.926960e-06	-1.134603e-09	-2.735210e+01	-7.576513e+01
9.200000e-07	-3.894271e-06	-1.137291e-09	-2.712441e+01	-7.547707e+01
9.300000e-07	-3.861179e-06	-1.136401e-09	-2.689393e+01	-7.518574e+01
9.400000e-07	-3.827719e-06	-1.125992e-09	-2.666087e+01	-7.489117e+01
9.500000e-07	-3.793863e-06	-1.126004e-09	-2.642506e+01	-7.459341e+01
9.600000e-07	-3.759472e-06	-1.123091e-09	-2.618551e+01	-7.429248e+01
9.700000e-07	-3.724636e-06	-1.113063e-09	-2.594288e+01	-7.398840e+01
9.800000e-07	-3.689583e-06	-1.107780e-09	-2.569872e+01	-7.368119e+01
9.900000e-07	-3.654290e-06	-1.107363e-09	-2.545290e+01	-7.337083e+01
1.000000e-06	-3.618820e-06	-1.097047e-09	-2.520584e+01	-7.305731e+01
1.010000e-06	-3.583208e-06	-1.087774e-09	-2.495780e+01	-7.274058e+01
1.020000e-06	-3.547482e-06	-1.086102e-09	-2.470896e+01	-7.242061e+01
1.030000e-06	-3.511626e-06	-1.081205e-09	-2.445922e+01	-7.209731e+01
1.040000e-06	-3.475544e-06	-1.073780e-09	-2.420789e+01	-7.177060e+01
1.050000e-06	-3.439183e-06	-1.070256e-09	-2.395463e+01	-7.144037e+01
1.060000e-06	-3.402529e-06	-1.064527e-09	-2.369933e+01	-7.110651e+01
1.070000e-06	-3.365616e-06	-1.056238e-09	-2.344222e+01	-7.076886e+01
1.080000e-06	-3.328471e-06	-1.054016e-09	-2.318350e+01	-7.042728e+01
1.090000e-06	-3.291106e-06	-1.050683e-09	-2.292324e+01	-7.008158e+01
1.100000e-06	-3.253508e-06	-1.042529e-09	-2.266137e+01	-6.973157e+01
1.110000e-06	-3.215641e-06	-1.033138e-09	-2.239762e+01	-6.937705e+01
1.120000e-06	-3.177500e-06	-1.026292e-09	-2.213196e+01	-6.901780e+01
1.130000e-06	-3.139132e-06	-1.016410e-09	-2.186472e+01	-6.865358e+01
1.140000e-06	-3.100586e-06	-1.009837e-09	-2.159623e+01	-6.828415e+01
1.150000e-06	-3.061810e-06	-1.003874e-09	-2.132615e+01	-6.790925e+01
1.160000e-06	-3.022828e-06	-9.969038e-10	-2.105463e+01	-6.752863e+01
1.170000e-06	-2.983670e-06	-9.886256e-10	-2.078189e+01	-6.714202e+01
1.180000e-06	-2.944326e-06	-9.841521e-10	-2.050785e+01	-6.674915e+01
1.190000e-06	-2.904847e-06	-9.767663e-10	-2.023287e+01	-6.634974e+01
1.200000e-06	-2.865291e-06	-9.679728e-10	-1.995735e+01	-6.594353e+01
1.210000e-06	-2.825590e-06	-9.607962e-10	-1.968083e+01	-6.553025e+01
1.220000e-06	-2.785704e-06	-9.560503e-10	-1.940302e+01	-6.510963e+01
1.230000e-06	-2.745656e-06	-9.480539e-10	-1.912407e+01	-6.468140e+01
1.240000e-06	-2.705434e-06	-9.416966e-10	-1.884392e+01	-6.424532e+01
1.250000e-06	-2.665107e-06	-9.368392e-10	-1.856303e+01	-6.380115e+01
1.260000e-06	-2.624457e-06	-9.316607e-10	-1.827989e+01	-6.334864e+01
1.270000e-06	-2.583507e-06	-9.265297e-10	-1.799467e+01	-6.288758e+01
1.280000e-06	-2.542462e-06	-9.210230e-10	-1.770878e+01	-6.241776e+01
1.290000e-06	-2.501077e-06	-9.115030e-10	-1.742053e+01	-6.193897e+01
1.300000e-06	-2.459275e-06	-9.000832e-10	-1.712937e+01	-6.145105e+01
1.310000e-06	-2.417198e-06	-8.902306e-10	-1.683629e+01	-6.095381e+01
1.320000e-06	-2.374893e-06	-8.809580e-10	-1.654163e+01	-6.044710e+01
1.330000e-06	-2.332314e-06	-8.738302e-10	-1.624506e+01	-5.993078e+01
1.340000e-06	-2.289442e-06	-8.700045e-10	-1.594644e+01	-5.940473e+01
1.350000e-06	-2.246359e-06	-8.653877e-10	-1.564636e+01	-5.886883e+01
1.360000e-06	-2.203147e-06	-8.574473e-10	-1.534538e+01	-5.832298e+01
1.370000e-06	-2.159807e-06	-8.478318e-10	-1.504351e+01	-5.776708e+01
1.380000e-06	-2.116338e-06	-8.373869e-10	-1.474074e+01	-5.720106e+01
1.390000e-06	-2.072807e-06	-8.267730e-10	-1.443754e+01	-5.662483e+01
1.400000e-06	-2.029261e-06	-8.170129e-10	-1.413423e+01	-5.603834e+01
1.410000e-06	-1.985645e-06	-8.098413e-10	-1.383043e+01	-5.544151e+01
1.420000e-06	-1.941912e-06	-8.021769e-10	-1.352583e+01	-5.483429e+01
1.430000e-06	-1.898080e-06	-7.948587e-10	-1.322053e+01	-5.421661e+01
1.440000e-06	-1.854162e-06	-7.862861e-10	-1.291463e+01	-5.358842e+01
1.450000e-06	-1.810165e-06	-7.754152e-10	-1.260818e+01	-5.294963e+01
1.460000e-06	-1.765985e-06	-7.612259e-10	-1.230046e+01	-5.230018e+01
1.470000e-06	-1.721612e-06	-7.468366e-10	-1.199139e+01	-5.163999e+01
1.480000e-06	-1.677115e-06	-7.321698e-10	-1.168146e+01	-5.096895e+01
1.490000e-06	-1.632430e-06	-7.198387e-10	-1.137022e+01	-5.028696e+01
1.500000e-06	-1.587602e-06	-7.105635e-10	-1.105798e+01	-4.959390e+01
1.510000e-06	-1.542690e-06	-7.017248e-10	-1.074516e+01	-4.888963e+01
1.520000e-06	-1.497654e-06	-6.898662e-10	-1.043148e+01	-4.817398e+01
1.530000e-06	-1.452530e-06	-6.748468e-10	-1.011718e+01	-4.744678e+01
1.540000e-06	-1.407280e-06	-6.579800e-10	-9.802003e+00	-4.670784e+01
1.550000e-06	-1.361940e-06	-6.429660e-10	-9.486197e+00	-4.595692e+01
1.560000e-06	-1.316582e-06	-6.310989e-10	-9.170270e+00	-4.519380e+01
1.570000e-06	-1.271100e-06	-6.219351e-10	-8.853481e+00	-4.441820e+01
1.580000e-06	-1.225546e-06	-6.131924e-10	-8.536184e+00	-4.362983e+01
1.590000e-06	-1.179938e-06	-6.019325e-10	-8.218519e+00	-4.282840e+01
1.600000e-06	-1.134219e-06	-5.872297e-10	-7.900076e+00	-4.201358e+01
1.610000e-06	-1.088441e-06	-5.730409e-10	-7.581222e+00	-4.118501e+01
1.620000e-06	-1.042644e-06	-5.587839e-10	-7.262236e+00	-4.034233e+01
1.630000e-06	-9.967361e-07	-5.439277e-10	-6.942476e+00	-3.948518e+01
1.640000e-06	-9.507039e-07	-5.276974e-10	-6.621852e+00	-3.861315e+01
1.650000e-06	-9.046649e-07	-5.104274e-10	-6.301181e+00	-3.772584e+01
1.660000e-06	-8.585737e-07	-4.963557e-10	-5.980146e+00	-3.682286e+01
1.670000e-06	-8.123613e-07	-4.838001e-10	-5.658268e+00	-3.590379e+01
1.680000e-06	-7.660635e-07	-4.715600e-10	-5.335794e+00	-3.496823e+01
1.690000e-06	-7.197725e-07	-4.584005e-10	-5.013367e+00	-3.401577e+01
1.700000e-06	-6.734549e-07	-4.450483e-10	-4.690755e+00	-3.304603e+01
1.710000e-06	-6.270253e-07	-4.278971e-10	-4.367363e+00	-3.205862e+01
1.720000e-06	-5.805277e-07	-4.083566e-10	-4.043498e+00	-3.105318e+01
1.730000e-06	-5.340212e-07	-3.899888e-10	-3.719570e+00	-3.002938e+01
1.740000e-06	-4.874564e-07	-3.738908e-10	-3.395236e+00	-2.898692e+01
1.750000e-06	-4.408723e-07	-3.594065e-10	-3.070768e+00	-2.792552e+01
1.760000e-06	-3.943004e-07	-3.463525e-10	-2.746385e+00	-2.684495e+01
1.770000e-06	-3.476942e-07	-3.332548e-10	-2.421763e+00	-2.574502e+01
1.780000e-06	-3.010153e-07	-3.193133e-10	-2.096635e+00	-2.462558e+01
1.790000e-06	-2.542685e-07	-3.009253e-10	-1.771033e+00	-2.348654e+01
1.800000e-06	-2.075236e-07	-2.783991e-10	-1.445446e+00	-2.232787e+01
1.810000e-06	-1.607747e-07	-2.560964e-10	-1.119830e+00	-2.114960e+01
1.820000e-06	-1.140376e-07	-2.360633e-10	-7.942959e-01	-1.995181e+01
1.830000e-06	-6.739594e-08	-2.194389e-10	-4.694269e-01	-1.873467e+01
1.840000e-06	-2.079161e-08	-2.059047e-10	-1.448180e-01	-1.749839e+01
1.850000e-06	2.586089e-08	-1.924668e-10	1.801266e-01	-1.624329e+01
1.860000e-06	7.255806e-08	-1.790470e-10	5.053822e-01	-1.496974e+01
1.870000e-06	1.193128e-07	-1.632106e-10	8.310388e-01	-1.367818e+01
1.880000e-06	1.661476e-07	-1.434674e-10	1.157253e+00	-1.236914e+01
1.890000e-06	2.129036e-07	-1.224443e-10	1.482918e+00	-1.104324e+01
1.900000e-06	2.595084e-07	-1.014867e-10	1.807530e+00	-9.701140e+00
1.910000e-06	3.061335e-07	-8.247968e-11	2.132284e+00	-8.343613e+00
1.920000e-06	3.528058e-07	-6.355562e-11	2.457366e+00	-6.971484e+00
1.930000e-06	3.994984e-07	-4.631598e-11	2.782591e+00	-5.585659e+00
1.940000e-06	4.461983e-07	-2.870643e-11	3.107865e+00	-4.187110e+00
1.950000e-06	4.928817e-07	-1.222610e-11	3.433024e+00	-2.776878e+00
1.960000e-06	5.394516e-07	4.381914e-12	3.757394e+00	-1.356067e+00
1.970000e-06	5.859031e-07	2.261817e-11	4.080939e+00	7.416272e-02
1.980000e-06	6.323061e-07	4.296675e-11	4.404145e+00	1.512595e+00
1.990000e-06	6.786902e-07	6.463786e-11	4.727220e+00	2.957964e+00
2.000000e-06	7.249969e-07	8.616154e-11	5.049756e+00	4.408965e+00
2.010000e-06	7.711637e-07	1.069717e-10	5.371317e+00	5.864252e+00
2.020000e-06	8.172633e-07	1.264191e-10	5.692411e+00	7.322451e+00
2.030000e-06	8.633012e-07	1.445028e-10	6.013074e+00	8.782162e+00
2.040000e-06	9.093756e-07	1.617304e-10	6.333993e+00	1.024197e+01
2.050000e-06	9.555158e-07	1.797270e-10	6.655369e+00	1.170045e+01
2.060000e-06	1.001564e-06	1.998630e-10	6.976104e+00	1.315617e+01
2.070000e-06	1.047416e-06	2.219249e-10	7.295470e+00	1.460770e+01
2.080000e-06	1.093171e-06	2.433472e-10	7.614169e+00	1.605363e+01
2.090000e-06	1.138890e-06	2.642006e-10	7.932607e+00	1.749258e+01
2.100000e-06	1.184491e-06	2.861374e-10	8.250230e+00	1.892316e+01
2.110000e-06	1.229979e-06	3.079906e-10	8.567065e+00	2.034403e+01
2.120000e-06	1.275438e-06	3.290855e-10	8.883697e+00	2.175391e+01
2.130000e-06	1.320872e-06	3.491878e-10	9.200150e+00	2.315154e+01
2.140000e-06	1.366230e-06	3.659403e-10	9.516080e+00	2.453571e+01
2.150000e-06	1.411496e-06	3.805686e-10	9.831366e+00	2.590529e+01
2.160000e-06	1.456644e-06	3.971702e-10	1.014584e+01	2.725918e+01
2.170000e-06	1.501700e-06	4.169663e-10	1.045965e+01	2.859637e+01
2.180000e-06	1.546586e-06	4.361731e-10	1.077230e+01	2.991592e+01
2.190000e-06	1.591307e-06	4.546643e-10	1.108379e+01	3.121695e+01
2.200000e-06	1.635924e-06	4.721785e-10	1.139455e+01	3.249866e+01
2.210000e-06	1.680438e-06	4.884537e-10	1.170460e+01	3.376036e+01
2.220000e-06	1.724842e-06	5.050727e-10	1.201389e+01	3.500139e+01
2.230000e-06	1.769049e-06	5.234376e-10	1.232180e+01	3.622121e+01
2.240000e-06	1.813062e-06	5.412142e-10	1.262836e+01	3.741935e+01
2.250000e-06	1.857020e-06	5.572747e-10	1.293453e+01	3.859544e+01
2.260000e-06	1.900913e-06	5.730395e-10	1.324026e+01	3.974916e+01
2.270000e-06	1.944686e-06	5.887111e-10	1.354515e+01	4.088029e+01
2.280000e-06	1.988403e-06	6.034865e-10	1.384964e+01	4.198871e+01
2.290000e-06	2.032116e-06	6.180810e-10	1.415412e+01	4.307433e+01
2.300000e-06	2.075768e-06	6.325984e-10	1.445816e+01	4.413719e+01
2.310000e-06	2.119298e-06	6.478444e-10	1.476136e+01	4.517735e+01
2.320000e-06	2.162732e-06	6.636088e-10	1.506388e+01	4.619497e+01
2.330000e-06	2.206048e-06	6.778443e-10	1.536559e+01	4.719026e+01
2.340000e-06	2.249221e-06	6.903950e-10	1.566630e+01	4.816349e+01
2.350000e-06	2.292178e-06	7.034216e-10	1.596550e+01	4.911499e+01
2.360000e-06	2.334976e-06	7.166825e-10	1.626360e+01	5.004513e+01
2.370000e-06	2.377632e-06	7.285106e-10	1.656071e+01	5.095433e+01
2.380000e-06	2.419943e-06	7.394418e-10	1.685541e+01	5.184303e+01
2.390000e-06	2.461916e-06	7.515024e-10	1.714776e+01	5.271174e+01
2.400000e-06	2.503620e-06	7.651512e-10	1.743824e+01	5.356096e+01
2.410000e-06	2.545067e-06	7.791260e-10	1.772693e+01	5.439123e+01
2.420000e-06	2.586279e-06	7.940826e-10	1.801398e+01	5.520309e+01
2.430000e-06	2.627182e-06	8.086635e-10	1.829888e+01	5.599711e+01
2.440000e-06	2.667781e-06	8.209843e-10	1.858166e+01	5.677385e+01
2.450000e-06	2.708154e-06	8.314815e-10	1.886286e+01	5.753388e+01
2.460000e-06	2.748253e-06	8.420096e-10	1.914216e+01	5.827776e+01
2.470000e-06	2.788153e-06	8.518220e-10	1.942007e+01	5.900603e+01
2.480000e-06	2.827914e-06	8.606132e-10	1.969702e+01	5.971924e+01
2.490000e-06	2.867498e-06	8.697972e-10	1.997273e+01	6.041790e+01
2.500000e-06	2.906942e-06	8.810031e-10	2.024746e+01	6.110251e+01
2.510000e-06	2.946266e-06	8.934471e-10	2.052136e+01	6.177356e+01
2.520000e-06	2.985486e-06	9.053670e-10	2.079453e+01	6.243148e+01
2.530000e-06	3.024569e-06	9.160855e-10	2.106676e+01	6.307670e+01
2.540000e-06	3.063477e-06	9.253670e-10	2.133776e+01	6.370962e+01
2.550000e-06	3.102138e-06	9.332053e-10	2.160705e+01	6.433058e+01
2.560000e-06	3.140527e-06	9.407878e-10	2.187443e+01	6.493992e+01
2.570000e-06	3.178635e-06	9.481625e-10	2.213986e+01	6.553794e+01
2.580000e-06	3.216511e-06	9.553426e-10	2.240367e+01	6.612490e+01
2.590000e-06	3.254223e-06	9.632873e-10	2.266635e+01	6.670103e+01
2.600000e-06	3.291772e-06	9.723362e-10	2.292788e+01	6.726653e+01
2.610000e-06	3.329155e-06	9.814320e-10	2.318827e+01	6.782158e+01
2.620000e-06	3.366334e-06	9.895013e-10	2.344723e+01	6.836632e+01
2.630000e-06	3.403218e-06	9.966611e-10	2.370413e+01	6.890086e+01
2.640000e-06	3.439831e-06	1.002150e-09	2.395915e+01	6.942531e+01
2.650000e-06	3.476234e-06	1.005756e-09	2.421270e+01	6.993974e+01
2.660000e-06	3.512357e-06	1.010080e-09	2.446431e+01	7.044420e+01
2.670000e-06	3.548225e-06	1.015813e-09	2.471414e+01	7.093874e+01
2.680000e-06	3.583946e-06	1.022452e-09	2.496294e+01	7.142337e+01
2.690000e-06	3.619561e-06	1.031422e-09	2.521101e+01	7.189811e+01
2.700000e-06	3.655063e-06	1.042406e-09	2.545828e+01	7.236298e+01
2.710000e-06	3.690430e-06	1.052499e-09	2.570462e+01	7.281798e+01
2.720000e-06	3.725556e-06	1.061011e-09	2.594928e+01	7.326311e+01
2.730000e-06	3.760368e-06	1.069031e-09	2.619176e+01	7.369838e+01
2.740000e-06	3.794818e-06	1.074179e-09	2.643171e+01	7.412380e+01
2.750000e-06	3.828794e-06	1.076971e-09	2.666836e+01	7.453937e+01
2.760000e-06	3.862320e-06	1.079647e-09	2.690187e+01	7.494514e+01
2.770000e-06	3.895370e-06	1.083773e-09	2.713207e+01	7.534113e+01
2.780000e-06	3.928012e-06	1.090380e-09	2.735943e+01	7.572739e+01
2.790000e-06	3.960366e-06	1.098999e-09	2.758478e+01	7.610399e+01
2.800000e-06	3.992423e-06	1.107397e-09	2.780807e+01	7.647100e+01
2.810000e-06	4.024227e-06	1.113993e-09	2.802959e+01	7.682853e+01
2.820000e-06	4.055789e-06	1.119755e-09	2.824942e+01	7.717668e+01
2.830000e-06	4.087155e-06	1.124646e-09	2.846790e+01	7.751560e+01
2.840000e-06	4.118351e-06	1.127731e-09	2.868518e+01	7.784542e+01
2.850000e-06	4.149272e-06	1.131954e-09	2.890055e+01	7.816633e+01
2.860000e-06	4.179858e-06	1.138358e-09	2.911359e+01	7.847850e+01
2.870000e-06	4.210174e-06	1.144639e-09	2.932475e+01	7.878214e+01
2.880000e-06	4.240157e-06	1.150852e-09	2.953359e+01	7.907747e+01
2.890000e-06	4.269810e-06	1.157325e-09	2.974012e+01	7.936472e+01
2.900000e-06	4.299265e-06	1.163046e-09	2.994529e+01	7.964414e+01
2.910000e-06	4.328507e-06	1.169244e-09	3.014896e+01	7.991598e+01
2.920000e-06	4.357412e-06	1.174987e-09	3.035029e+01	8.018051e+01
2.930000e-06	4.386007e-06	1.180097e-09	3.054946e+01	8.043801e+01
2.940000e-06	4.414335e-06	1.185446e-09	3.074677e+01	8.068876e+01
2.950000e-06	4.442323e-06	1.190095e-09	3.094172e+01	8.093304e+01
2.960000e-06	4.470049e-06	1.195462e-09	3.113483e+01	8.117112e+01
2.970000e-06	4.497626e-06	1.201829e-09	3.132691e+01	8.140330e+01
2.980000e-06	4.525012e-06	1.207388e-09	3.151766e+01	8.162985e+01
2.990000e-06	4.552109e-06	1.210115e-09	3.170640e+01	8.185104e+01
3.000000e-06	4.578921e-06	1.210698e-09	3.189315e+01	8.206713e+01
3.010000e-06	4.605326e-06	1.212395e-09	3.207707e+01	8.227838e+01
3.020000e-06	4.631047e-06	1.216521e-09	3.225622e+01	8.248502e+01
3.030000e-06	4.656160e-06	1.222014e-09	3.243114e+01	8.268728e+01
3.040000e-06	4.680903e-06	1.228054e-09	3.260347e+01	8.288538e+01
3.050000e-06	4.705231e-06	1.233475e-09	3.277292e+01	8.307949e+01
3.060000e-06	4.729157e-06	1.236844e-09	3.293957e+01	8.326979e+01
3.070000e-06	4.752806e-06	1.237420e-09	3.310430e+01	8.345645e+01
3.080000e-06	4.776198e-06	1.236642e-09	3.326723e+01	8.363958e+01
3.090000e-06	4.799344e-06	1.236648e-09	3.342844e+01	8.381931e+01
3.100000e-06	4.822194e-06	1.238143e-09	3.358760e+01	8.399573e+01
3.110000e-06	4.844697e-06	1.241163e-09	3.374433e+01	8.416891e+01
3.120000e-06	4.866822e-06	1.243890e-09	3.389844e+01	8.433889e+01
3.130000e-06	4.888661e-06	1.245842e-09	3.405055e+01	8.450572e+01
3.140000e-06	4.910239e-06	1.248483e-09	3.420085e+01	8.466941e+01
3.150000e-06	4.931428e-06	1.251989e-09	3.434843e+01	8.482994e+01
3.160000e-06	4.952298e-06	1.255843e-09	3.449380e+01	8.498731e+01
3.170000e-06	4.972853e-06	1.259084e-09	3.463697e+01	8.514146e+01
3.180000e-06	4.993031e-06	1.263901e-09	3.477751e+01	8.529237e+01
3.190000e-06	5.012906e-06	1.268100e-09	3.491594e+01	8.543996e+01
3.200000e-06	5.032518e-06	1.271716e-09	3.505255e+01	8.558416e+01
3.210000e-06	5.051884e-06	1.275422e-09	3.518744e+01	8.572491e+01
3.220000e-06	5.071054e-06	1.279749e-09	3.532096e+01	8.586211e+01
3.230000e-06	5.089924e-06	1.285335e-09	3.545239e+01	8.599569e+01
3.240000e-06	5.108350e-06	1.290692e-09	3.558073e+01	8.612556e+01
3.250000e-06	5.126373e-06	1.292269e-09	3.570627e+01	8.625163e+01
3.260000e-06	5.143927e-06	1.288661e-09	3.582854e+01	8.637384e+01
3.270000e-06	5.161053e-06	1.284548e-09	3.594782e+01	8.649210e+01
3.280000e-06	5.177898e-06	1.282422e-09	3.606515e+01	8.660635e+01
3.290000e-06	5.194405e-06	1.286757e-09	3.618013e+01	8.671654e+01
3.300000e-06	5.210520e-06	1.293214e-09	3.629237e+01	8.682262e+01
3.310000e-06	5.226302e-06	1.299559e-09	3.640229e+01	8.692456e+01
3.320000e-06	5.241624e-06	1.305250e-09	3.650901e+01	8.702236e+01
3.330000e-06	5.256380e-06	1.308429e-09	3.661180e+01	8.711600e+01
3.340000e-06	5.270760e-06	1.309061e-09	3.671196e+01	8.720551e+01
3.350000e-06	5.284811e-06	1.307142e-09	3.680982e+01	8.729092e+01
3.360000e-06	5.298424e-06	1.306878e-09	3.690464e+01	8.737229e+01
3.370000e-06	5.311634e-06	1.308080e-09	3.699665e+01	8.744968e+01
3.380000e-06	5.324495e-06	1.310821e-09	3.708623e+01	8.752318e+01
3.390000e-06	5.337013e-06	1.314784e-09	3.717342e+01	8.759290e+01
3.400000e-06	5.349235e-06	1.316763e-09	3.725855e+01	8.765895e+01
3.410000e-06	5.361140e-06	1.318097e-09	3.734147e+01	8.772148e+01
3.420000e-06	5.372605e-06	1.319178e-09	3.742132e+01	8.778063e+01
3.430000e-06	5.383627e-06	1.320040e-09	3.749810e+01	8.783657e+01
3.440000e-06	5.394141e-06	1.322472e-09	3.757132e+01	8.788948e+01
3.450000e-06	5.404026e-06	1.326862e-09	3.764018e+01	8.793954e+01
3.460000e-06	5.413318e-06	1.330970e-09	3.770490e+01	8.798695e+01
3.470000e-06	5.422005e-06	1.333299e-09	3.776540e+01	8.803190e+01
3.480000e-06	5.430222e-06	1.336018e-09	3.782264e+01	8.807460e+01
3.490000e-06	5.438123e-06	1.337507e-09	3.787767e+01	8.811525e+01
3.500000e-06	5.445714e-06	1.337981e-09	3.793055e+01	8.815405e+01
3.510000e-06	5.453019e-06	1.338236e-09	3.798143e+01	8.819121e+01
3.520000e-06	5.459960e-06	1.341067e-09	3.802977e+01	8.822691e+01
3.530000e-06	5.466611e-06	1.345072e-09	3.807609e+01	8.826134e+01
3.540000e-06	5.472946e-06	1.346619e-09	3.812022e+01	8.829467e+01
3.550000e-06	5.478831e-06	1.346308e-09	3.816121e+01	8.832706e+01
3.560000e-06	5.484369e-06	1.345472e-09	3.819979e+01	8.835866e+01
3.570000e-06	5.489536e-06	1.344781e-09	3.823577e+01	8.838960e+01
3.580000e-06	5.494305e-06	1.343962e-09	3.826899e+01	8.841999e+01
3.590000e-06	5.498671e-06	1.343754e-09	3.829940e+01	8.844991e+01
3.600000e-06	5.502657e-06	1.345678e-09	3.832717e+01	8.847943e+01
3.610000e-06	5.506376e-06	1.348827e-09	3.835307e+01	8.850860e+01
3.620000e-06	5.509849e-06	1.352098e-09	3.837726e+01	8.853743e+01
3.630000e-06	5.513008e-06	1.356477e-09	3.839926e+01	8.856593e+01
3.640000e-06	5.515812e-06	1.360629e-09	3.841879e+01	8.859406e+01
3.650000e-06	5.518099e-06	1.361638e-09	3.843472e+01	8.862176e+01
3.660000e-06	5.519782e-06	1.361212e-09	3.844644e+01	8.864897e+01
3.670000e-06	5.520958e-06	1.360471e-09	3.845464e+01	8.867558e+01
3.680000e-06	5.521595e-06	1.361239e-09	3.845907e+01	8.870146e+01
3.690000e-06	5.521728e-06	1.363092e-09	3.846000e+01	8.872646e+01
3.700000e-06	5.521506e-06	1.363305e-09	3.845845e+01	8.875042e+01
3.710000e-06	5.521007e-06	1.363011e-09	3.845497e+01	8.877314e+01
3.720000e-06	5.520262e-06	1.362975e-09	3.844978e+01	8.879441e+01
3.730000e-06	5.519212e-06	1.363798e-09	3.844247e+01	8.881402e+01
3.740000e-06	5.517803e-06	1.366644e-09	3.843266e+01	8.883172e+01
3.750000e-06	5.516079e-06	1.375295e-09	3.842065e+01	8.884726e+01
3.760000e-06	5.513996e-06	1.389540e-09	3.840614e+01	8.886040e+01
3.770000e-06	5.511543e-06	1.378710e-09	3.838906e+01	8.887086e+01
3.780000e-06	5.508681e-06	1.341920e-09	3.836913e+01	8.887838e+01
3.790000e-06	5.505203e-06	1.375222e-09	3.834490e+01	8.888269e+01
3.800000e-06	5.501246e-06	1.422537e-09	3.831733e+01	8.888352e+01
3.810000e-06	5.497084e-06	1.380973e-09	3.828835e+01	8.888061e+01
3.820000e-06	5.492747e-06	1.352591e-09	3.825814e+01	8.887371e+01
3.830000e-06	5.488126e-06	1.352215e-09	3.822595e+01	8.886256e+01
3.840000e-06	5.482989e-06	1.408763e-09	3.819017e+01	8.884693e+01
3.850000e-06	5.477327e-06	1.376727e-09	3.815073e+01	8.882660e+01
3.860000e-06	5.471301e-06	1.301555e-09	3.810876e+01	8.880137e+01
3.870000e-06	5.464856e-06	1.338441e-09	3.806387e+01	8.877105e+01
3.880000e-06	5.457908e-06	1.413980e-09	3.801548e+01	8.873547e+01
3.890000e-06	5.450503e-06	1.400115e-09	3.796390e+01	8.869450e+01
3.900000e-06	5.442651e-06	1.283582e-09	3.790921e+01	8.864802e+01
3.910000e-06	5.434354e-06	1.317614e-09	3.785142e+01	8.859591e+01
3.920000e-06	5.425718e-06	1.399010e-09	3.779127e+01	8.853812e+01
3.930000e-06	5.416864e-06	1.394990e-09	3.772960e+01	8.847460e+01
3.940000e-06	5.407727e-06	1.308532e-09	3.766596e+01	8.840532e+01
3.950000e-06	5.398116e-06	1.344127e-09	3.759901e+01	8.833029e+01
3.960000e-06	5.388098e-06	1.396615e-09	3.752924e+01	8.824954e+01
3.970000e-06	5.377852e-06	1.364848e-09	3.745787e+01	8.816313e+01
3.980000e-06	5.367290e-06	1.313946e-09	3.738431e+01	8.807112e+01
3.990000e-06	5.356296e-06	1.342048e-09	3.730773e+01	8.797363e+01
4.000000e-06	5.344855e-06	1.368498e-09	3.722804e+01	8.787076e+01
4.010000e-06	5.333006e-06	1.327098e-09	3.714551e+01	8.776268e+01
4.020000e-06	5.320646e-06	1.302027e-09	3.705942e+01	8.764952e+01
4.030000e-06	5.307751e-06	1.335688e-09	3.696961e+01	8.753146e+01
4.040000e-06	5.294593e-06	1.368153e-09	3.687796e+01	8.740870e+01
4.050000e-06	5.281076e-06	1.308841e-09	3.678381e+01	8.728143e+01
4.060000e-06	5.266856e-06	1.275608e-09	3.668476e+01	8.714987e+01
4.070000e-06	5.251954e-06	1.316237e-09	3.658096e+01	8.701422e+01
4.080000e-06	5.236532e-06	1.356259e-09	3.647355e+01	8.687470e+01
4.090000e-06	5.220676e-06	1.287088e-09	3.636311e+01	8.673154e+01
4.100000e-06	5.204494e-06	1.266140e-09	3.625040e+01	8.658496e+01
4.110000e-06	5.188103e-06	1.329137e-09	3.613623e+01	8.643517e+01
4.120000e-06	5.171436e-06	1.339135e-09	3.602014e+01	8.628238e+01
4.130000e-06	5.154311e-06	1.261376e-09	3.590086e+01	8.612681e+01
4.140000e-06	5.136759e-06	1.299633e-09	3.577861e+01	8.596864e+01
4.150000e-06	5.118887e-06	1.353544e-09	3.565412e+01	8.580806e+01
4.160000e-06	5.100705e-06	1.285808e-09	3.552748e+01	8.564523e+01
4.170000e-06	5.082249e-06	1.248420e-09	3.539894e+01	8.548031e+01
4.180000e-06	5.063569e-06	1.337191e-09	3.526883e+01	8.531345e+01
4.190000e-06	5.044586e-06	1.321607e-09	3.513660e+01	8.514475e+01
4.200000e-06	5.025200e-06	1.244486e-09	3.500158e+01	8.497433e+01
4.210000e-06	5.005424e-06	1.295584e-09	3.486383e+01	8.480227e+01
4.220000e-06	4.985315e-06	1.328677e-09	3.472377e+01	8.462862e+01
4.230000e-06	4.964928e-06	1.254558e-09	3.458177e+01	8.445344e+01
4.240000e-06	4.944343e-06	1.275140e-09	3.443839e+01	8.427674e+01
4.250000e-06	4.923541e-06	1.332475e-09	3.429350e+01	8.409854e+01
4.260000e-06	4.902328e-06	1.267231e-09	3.414575e+01	8.391882e+01
4.270000e-06	4.880542e-06	1.257356e-09	3.399400e+01	8.373755e+01
4.280000e-06	4.858234e-06	1.330848e-09	3.383862e+01	8.355468e+01
4.290000e-06	4.835375e-06	1.294788e-09	3.367941e+01	8.337015e+01
4.300000e-06	4.811918e-06	1.237108e-09	3.351602e+01	8.318387e+01
4.310000e-06	4.788088e-06	1.287979e-09	3.335004e+01	8.299576e+01
4.320000e-06	4.764002e-06	1.285830e-09	3.318228e+01	8.280572e+01
4.330000e-06	4.739657e-06	1.240944e-09	3.301271e+01	8.261363e+01
4.340000e-06	4.715107e-06	1.270131e-09	3.284172e+01	8.241937e+01
4.350000e-06	4.690277e-06	1.286181e-09	3.266876e+01	8.222282e+01
4.360000e-06	4.665118e-06	1.244005e-09	3.249353e+01	8.202384e+01
4.370000e-06	4.639625e-06	1.260846e-09	3.231596e+01	8.182231e+01
4.380000e-06	4.613805e-06	1.274316e-09	3.213613e+01	8.161810e+01
4.390000e-06	4.587657e-06	1.241615e-09	3.195400e+01	8.141106e+01
4.400000e-06	4.561195e-06	1.241446e-09	3.176968e+01	8.120108e+01
4.410000e-06	4.534468e-06	1.260684e-09	3.158353e+01	8.098804e+01
4.420000e-06	4.507442e-06	1.237333e-09	3.139528e+01	8.077182e+01
4.430000e-06	4.480061e-06	1.241991e-09	3.120457e+01	8.055231e+01
4.440000e-06	4.452322e-06	1.262260e-09	3.101136e+01	8.032942e+01
4.450000e-06	4.424311e-06	1.242627e-09	3.081626e+01	8.010305e+01
4.460000e-06	4.396090e-06	1.228307e-09	3.061970e+01	7.987314e+01
4.470000e-06	4.367693e-06	1.247321e-09	3.042190e+01	7.963961e+01
4.480000e-06	4.339046e-06	1.237401e-09	3.022237e+01	7.940243e+01
4.490000e-06	4.310036e-06	1.219619e-09	3.002031e+01	7.916154e+01
4.500000e-06	4.280756e-06	1.228398e-09	2.981637e+01	7.891692e+01
4.510000e-06	4.251159e-06	1.226246e-09	2.961022e+01	7.866856e+01
4.520000e-06	4.221007e-06	1.208834e-09	2.940020e+01	7.841646e+01
4.530000e-06	4.190295e-06	1.217696e-09	2.918629e+01	7.816062e+01
4.540000e-06	4.159126e-06	1.227888e-09	2.896919e+01	7.790106e+01
4.550000e-06	4.127550e-06	1.209515e-09	2.874925e+01	7.763782e+01
4.560000e-06	4.095649e-06	1.202336e-09	2.852705e+01	7.737093e+01
4.570000e-06	4.063516e-06	1.211859e-09	2.830324e+01	7.710043e+01
4.580000e-06	4.031180e-06	1.201995e-09	2.807802e+01	7.682638e+01
4.590000e-06	3.998685e-06	1.187025e-09	2.785168e+01	7.654882e+01
4.600000e-06	3.966034e-06	1.193418e-09	2.762426e+01	7.626782e+01
4.610000e-06	3.933133e-06	1.189771e-09	2.739510e+01	7.598343e+01
4.620000e-06	3.899861e-06	1.177222e-09	2.716335e+01	7.569571e+01
4.630000e-06	3.866323e-06	1.179356e-09	2.692975e+01	7.540470e+01
4.640000e-06	3.832553e-06	1.181780e-09	2.669454e+01	7.511045e+01
4.650000e-06	3.798492e-06	1.162619e-09	2.645730e+01	7.481301e+01
4.660000e-06	3.764171e-06	1.154877e-09	2.621824e+01	7.451239e+01
4.670000e-06	3.729612e-06	1.160528e-09	2.597753e+01	7.420863e+01
4.680000e-06	3.694842e-06	1.158632e-09	2.573535e+01	7.390173e+01
4.690000e-06	3.659843e-06	1.152500e-09	2.549158e+01	7.359169e+01
4.700000e-06	3.624597e-06	1.156409e-09	2.524608e+01	7.327848e+01
4.710000e-06	3.589114e-06	1.150406e-09	2.499894e+01	7.296208e+01
4.720000e-06	3.553389e-06	1.139693e-09	2.475010e+01	7.264243e+01
4.730000e-06	3.517416e-06	1.139681e-09	2.449955e+01	7.231946e+01
4.740000e-06	3.481243e-06	1.142352e-09	2.424759e+01	7.199309e+01
4.750000e-06	3.444937e-06	1.132962e-09	2.399471e+01	7.166322e+01
4.760000e-06	3.408511e-06	1.127757e-09	2.374100e+01	7.132971e+01
4.770000e-06	3.371918e-06	1.125103e-09	2.348612e+01	7.099244e+01
4.780000e-06	3.335121e-06	1.117551e-09	2.322982e+01	7.065125e+01
4.790000e-06	3.297995e-06	1.112032e-09	2.297123e+01	7.030595e+01
4.800000e-06	3.260495e-06	1.110016e-09	2.271004e+01	6.995636e+01
4.810000e-06	3.222652e-06	1.104135e-09	2.244645e+01	6.960228e+01
4.820000e-06	3.184606e-06	1.097483e-09	2.218145e+01	6.924348e+01
4.830000e-06	3.146260e-06	1.096281e-09	2.191436e+01	6.887974e+01
4.840000e-06	3.107476e-06	1.091573e-09	2.164423e+01	6.851080e+01
4.850000e-06	3.068272e-06	1.083244e-09	2.137116e+01	6.813642e+01
4.860000e-06	3.028742e-06	1.077399e-09	2.109582e+01	6.775634e+01
4.870000e-06	2.989013e-06	1.073198e-09	2.081910e+01	6.737029e+01
4.880000e-06	2.949050e-06	1.067066e-09	2.054075e+01	6.697801e+01
4.890000e-06	2.908842e-06	1.062403e-09	2.026070e+01	6.657921e+01
4.900000e-06	2.868469e-06	1.057480e-09	1.997949e+01	6.617363e+01
4.910000e-06	2.828042e-06	1.052246e-09	1.969791e+01	6.576100e+01
4.920000e-06	2.787555e-06	1.046797e-09	1.941591e+01	6.534105e+01
4.930000e-06	2.746947e-06	1.042532e-09	1.913306e+01	6.491352e+01
4.940000e-06	2.706187e-06	1.033213e-09	1.884916e+01	6.447816e+01
4.950000e-06	2.665339e-06	1.025858e-09	1.856464e+01	6.403472e+01
4.960000e-06	2.624296e-06	1.021371e-09	1.827877e+01	6.358297e+01
4.970000e-06	2.583002e-06	1.017609e-09	1.799115e+01	6.312268e+01
4.980000e-06	2.541613e-06	1.011744e-09	1.770287e+01	6.265365e+01
4.990000e-06	2.500047e-06	1.007119e-09	1.741336e+01	6.217567e+01
5.000000e-06	2.458166e-06	1.001332e-09	1.712164e+01	6.168856e+01
5.010000e-06	2.416060e-06	9.939977e-10	1.682836e+01	6.119216e+01
5.020000e-06	2.373738e-06	9.870755e-10	1.653358e+01	6.068630e+01
5.030000e-06	2.331280e-06	9.815375e-10	1.623785e+01	6.017084e+01
5.040000e-06	2.288762e-06	9.760969e-10	1.594171e+01	5.964566e+01
5.050000e-06	2.246075e-06	9.709882e-10	1.564439e+01	5.911063e+01
5.060000e-06	2.203180e-06	9.645214e-10	1.534562e+01	5.856566e+01
5.070000e-06	2.160133e-06	9.569115e-10	1.504578e+01	5.801066e+01
5.080000e-06	2.116961e-06	9.488951e-10	1.474508e+01	5.744554e+01
5.090000e-06	2.073654e-06	9.406885e-10	1.444344e+01	5.687022e+01
5.100000e-06	2.030226e-06	9.322351e-10	1.414095e+01	5.628463e+01
5.110000e-06	1.986638e-06	9.236511e-10	1.383735e+01	5.568872e+01
5.120000e-06	1.942873e-06	9.155402e-10	1.353252e+01	5.508242e+01
5.130000e-06	1.899050e-06	9.074023e-10	1.322728e+01	5.446567e+01
5.140000e-06	1.855150e-06	8.996344e-10	1.292151e+01	5.383841e+01
5.150000e-06	1.811110e-06	8.917519e-10	1.261476e+01	5.320056e+01
5.160000e-06	1.766958e-06	8.828993e-10	1.230724e+01	5.255206e+01
5.170000e-06	1.722730e-06	8.717559e-10	1.199918e+01	5.189281e+01
5.180000e-06	1.678478e-06	8.614845e-10	1.169095e+01	5.122274e+01
5.190000e-06	1.634153e-06	8.507825e-10	1.138222e+01	5.054172e+01
5.200000e-06	1.589743e-06	8.410263e-10	1.107289e+01	4.984963e+01
5.210000e-06	1.545246e-06	8.307029e-10	1.076296e+01	4.914635e+01
5.220000e-06	1.500693e-06	8.196937e-10	1.045264e+01	4.843171e+01
5.230000e-06	1.456109e-06	8.074297e-10	1.014211e+01	4.770554e+01
5.240000e-06	1.411396e-06	7.951613e-10	9.830667e+00	4.696763e+01
5.250000e-06	1.366558e-06	7.828738e-10	9.518366e+00	4.621778e+01
5.260000e-06	1.321716e-06	7.710104e-10	9.206029e+00	4.545573e+01
5.270000e-06	1.276836e-06	7.589002e-10	8.893430e+00	4.468123e+01
5.280000e-06	1.231839e-06	7.460705e-10	8.580014e+00	4.389400e+01
5.290000e-06	1.186742e-06	7.321322e-10	8.265911e+00	4.309372e+01
5.300000e-06	1.141508e-06	7.179863e-10	7.950843e+00	4.228008e+01
5.310000e-06	1.096084e-06	7.037611e-10	7.634453e+00	4.145272e+01
5.320000e-06	1.050608e-06	6.915000e-10	7.317707e+00	4.061129e+01
5.330000e-06	1.005106e-06	6.808251e-10	7.000775e+00	3.975541e+01
5.340000e-06	9.594161e-07	6.701074e-10	6.682535e+00	3.888468e+01
5.350000e-06	9.136588e-07	6.582288e-10	6.363826e+00	3.799872e+01
5.360000e-06	8.678788e-07	6.444552e-10	6.044958e+00	3.709711e+01
5.370000e-06	8.219873e-07	6.289235e-10	5.725315e+00	3.617945e+01
5.380000e-06	7.760952e-07	6.119021e-10	5.405667e+00	3.524533e+01
5.390000e-06	7.302163e-07	5.947376e-10	5.086110e+00	3.429435e+01
5.400000e-06	6.843095e-07	5.799274e-10	4.766360e+00	3.332611e+01
5.410000e-06	6.383806e-07	5.665637e-10	4.446455e+00	3.234024e+01
5.420000e-06	5.923639e-07	5.531753e-10	4.125939e+00	3.133637e+01
5.430000e-06	5.461943e-07	5.387397e-10	3.804358e+00	3.031417e+01
5.440000e-06	4.999305e-07	5.208658e-10	3.482121e+00	2.927333e+01
5.450000e-06	4.535444e-07	5.034809e-10	3.159033e+00	2.821357e+01
5.460000e-06	4.070917e-07	4.871332e-10	2.835479e+00	2.713466e+01
5.470000e-06	3.606331e-07	4.705373e-10	2.511885e+00	2.603640e+01
5.480000e-06	3.141326e-07	4.546202e-10	2.187999e+00	2.491864e+01
5.490000e-06	2.677374e-07	4.390737e-10	1.864847e+00	2.378129e+01
5.500000e-06	2.213771e-07	4.225071e-10	1.541938e+00	2.262431e+01
5.510000e-06	1.749530e-07	4.066666e-10	1.218585e+00	2.144772e+01
5.520000e-06	1.284830e-07	3.902151e-10	8.949110e-01	2.025161e+01
5.530000e-06	8.202597e-08	3.720236e-10	5.713282e-01	1.903612e+01
5.540000e-06	3.563709e-08	3.532421e-10	2.482198e-01	1.780148e+01
5.550000e-06	-1.077535e-08	3.330107e-10	-7.505260e-02	1.654799e+01
5.560000e-06	-5.723145e-08	3.090579e-10	-3.986291e-01	1.527600e+01
5.570000e-06	-1.036879e-07	2.837764e-10	-7.222079e-01	1.398598e+01
5.580000e-06	-1.501749e-07	2.604025e-10	-1.046000e+00	1.267843e+01
5.590000e-06	-1.966920e-07	2.392033e-10	-1.370001e+00	1.135396e+01
5.600000e-06	-2.431667e-07	2.179007e-10	-1.693707e+00	1.001324e+01
5.610000e-06	-2.895642e-07	1.954712e-10	-2.016876e+00	8.657017e+00
5.620000e-06	-3.359356e-07	1.727216e-10	-2.339862e+00	7.286124e+00
5.630000e-06	-3.822865e-07	1.494293e-10	-2.662706e+00	5.901456e+00
5.640000e-06	-4.285276e-07	1.253122e-10	-2.984785e+00	4.503982e+00
5.650000e-06	-4.747596e-07	1.017531e-10	-3.306800e+00	3.094735e+00
5.660000e-06	-5.209741e-07	7.812792e-11	-3.628694e+00	1.674814e+00
5.670000e-06	-5.671127e-07	5.427216e-11	-3.950059e+00	2.453762e-01
5.680000e-06	-6.132482e-07	3.151028e-11	-4.271403e+00	-1.192367e+00
5.690000e-06	-6.593611e-07	8.128565e-12	-4.592589e+00	-2.637156e+00
5.700000e-06	-7.053829e-07	-1.797118e-11	-4.913140e+00	-4.087685e+00
5.710000e-06	-7.512642e-07	-4.622118e-11	-5.232713e+00	-5.542615e+00
5.720000e-06	-7.971000e-07	-7.516026e-11	-5.551970e+00	-7.000572e+00
5.730000e-06	-8.428890e-07	-1.023772e-10	-5.870899e+00	-8.460158e+00
5.740000e-06	-8.885874e-07	-1.260974e-10	-6.189198e+00	-9.919960e+00
5.750000e-06	-9.341993e-07	-1.469523e-10	-6.506895e+00	-1.137855e+01
5.760000e-06	-9.797146e-07	-1.683171e-10	-6.823919e+00	-1.283450e+01
5.770000e-06	-1.025205e-06	-1.925260e-10	-7.140770e+00	-1.428638e+01
5.780000e-06	-1.070640e-06	-2.165589e-10	-7.457233e+00	-1.573279e+01
5.790000e-06	-1.115967e-06	-2.422252e-10	-7.772945e+00	-1.717231e+01
5.800000e-06	-1.161144e-06	-2.676055e-10	-8.087612e+00	-1.860359e+01
5.810000e-06	-1.206206e-06	-2.892185e-10	-8.401478e+00	-2.002527e+01
5.820000e-06	-1.251162e-06	-3.094816e-10	-8.714603e+00	-2.143606e+01
5.830000e-06	-1.296026e-06	-3.295460e-10	-9.027097e+00	-2.283471e+01
5.840000e-06	-1.340881e-06	-3.488544e-10	-9.339520e+00	-2.421999e+01
5.850000e-06	-1.385661e-06	-3.712754e-10	-9.651419e+00	-2.559077e+01
5.860000e-06	-1.430283e-06	-3.970373e-10	-9.962220e+00	-2.694596e+01
5.870000e-06	-1.474818e-06	-4.240422e-10	-1.027242e+01	-2.828453e+01
5.880000e-06	-1.519340e-06	-4.512602e-10	-1.058252e+01	-2.960552e+01
5.890000e-06	-1.563765e-06	-4.753591e-10	-1.089195e+01	-3.090808e+01
5.900000e-06	-1.608115e-06	-4.963702e-10	-1.120086e+01	-3.219138e+01
5.910000e-06	-1.652444e-06	-5.137716e-10	-1.150962e+01	-3.345471e+01
5.920000e-06	-1.696743e-06	-5.290403e-10	-1.181817e+01	-3.469744e+01
5.930000e-06	-1.741047e-06	-5.461560e-10	-1.212676e+01	-3.591899e+01
5.940000e-06	-1.785230e-06	-5.630463e-10	-1.243450e+01	-3.711890e+01
5.950000e-06	-1.829263e-06	-5.832849e-10	-1.274120e+01	-3.829679e+01
5.960000e-06	-1.873286e-06	-6.067762e-10	-1.304783e+01	-3.945233e+01
5.970000e-06	-1.917211e-06	-6.298167e-10	-1.335378e+01	-4.058530e+01
5.980000e-06	-1.960922e-06	-6.498195e-10	-1.365824e+01	-4.169556e+01
5.990000e-06	-2.004543e-06	-6.669378e-10	-1.396206e+01	-4.278303e+01
6.000000e-06	-2.048075e-06	-6.819122e-10	-1.426527e+01	-4.384773e+01
6.010000e-06	-2.091344e-06	-6.956412e-10	-1.456665e+01	-4.488972e+01
6.020000e-06	-2.134394e-06	-7.136625e-10	-1.486650e+01	-4.590916e+01
6.030000e-06	-2.177248e-06	-7.325427e-10	-1.516499e+01	-4.690625e+01
6.040000e-06	-2.219921e-06	-7.501956e-10	-1.546221e+01	-4.788126e+01
6.050000e-06	-2.262519e-06	-7.679911e-10	-1.575892e+01	-4.883450e+01
6.060000e-06	-2.305036e-06	-7.856050e-10	-1.605506e+01	-4.976635e+01
6.070000e-06	-2.347400e-06	-8.029233e-10	-1.635014e+01	-5.067722e+01
6.080000e-06	-2.389605e-06	-8.207555e-10	-1.664410e+01	-5.156757e+01
6.090000e-06	-2.431615e-06	-8.371910e-10	-1.693671e+01	-5.243787e+01
6.100000e-06	-2.473417e-06	-8.508699e-10	-1.722787e+01	-5.328864e+01
6.110000e-06	-2.515031e-06	-8.615342e-10	-1.751772e+01	-5.412041e+01
6.120000e-06	-2.556509e-06	-8.726026e-10	-1.780662e+01	-5.493374e+01
6.130000e-06	-2.597736e-06	-8.855249e-10	-1.809378e+01	-5.572917e+01
6.140000e-06	-2.638703e-06	-8.998997e-10	-1.837912e+01	-5.650728e+01
6.150000e-06	-2.679523e-06	-9.154599e-10	-1.866344e+01	-5.726862e+01
6.160000e-06	-2.720146e-06	-9.332278e-10	-1.894639e+01	-5.801377e+01
6.170000e-06	-2.760656e-06	-9.496050e-10	-1.922855e+01	-5.874327e+01
6.180000e-06	-2.801111e-06	-9.634615e-10	-1.951032e+01	-5.945766e+01
6.190000e-06	-2.841488e-06	-9.753691e-10	-1.979156e+01	-6.015746e+01
6.200000e-06	-2.881740e-06	-9.843275e-10	-2.007193e+01	-6.084318e+01
6.210000e-06	-2.921884e-06	-9.939435e-10	-2.035154e+01	-6.151528e+01
6.220000e-06	-2.961904e-06	-1.006080e-09	-2.063029e+01	-6.217423e+01
6.230000e-06	-3.001721e-06	-1.018140e-09	-2.090762e+01	-6.282044e+01
6.240000e-06	-3.041226e-06	-1.028469e-09	-2.118278e+01	-6.345432e+01
6.250000e-06	-3.080391e-06	-1.039991e-09	-2.145557e+01	-6.407621e+01
6.260000e-06	-3.119252e-06	-1.052796e-09	-2.172625e+01	-6.468646e+01
6.270000e-06	-3.157756e-06	-1.063736e-09	-2.199443e+01	-6.528536e+01
6.280000e-06	-3.195825e-06	-1.073009e-09	-2.225959e+01	-6.587318e+01
6.290000e-06	-3.233477e-06	-1.082429e-09	-2.252185e+01	-6.645015e+01
6.300000e-06	-3.270804e-06	-1.089986e-09	-2.278184e+01	-6.701648e+01
6.310000e-06	-3.307788e-06	-1.097643e-09	-2.303944e+01	-6.757234e+01
6.320000e-06	-3.344483e-06	-1.107702e-09	-2.329503e+01	-6.811787e+01
6.330000e-06	-3.380983e-06	-1.115672e-09	-2.354926e+01	-6.865321e+01
6.340000e-06	-3.417340e-06	-1.121915e-09	-2.380249e+01	-6.917845e+01
6.350000e-06	-3.453610e-06	-1.128280e-09	-2.405512e+01	-6.969366e+01
6.360000e-06	-3.489771e-06	-1.135330e-09	-2.430699e+01	-7.019890e+01
6.370000e-06	-3.525754e-06	-1.147053e-09	-2.455762e+01	-7.069420e+01
6.380000e-06	-3.561467e-06	-1.158934e-09	-2.480637e+01	-7.117961e+01
6.390000e-06	-3.596889e-06	-1.165370e-09	-2.505309e+01	-7.165512e+01
6.400000e-06	-3.632023e-06	-1.167271e-09	-2.529781e+01	-7.212076e+01
6.410000e-06	-3.666920e-06	-1.171782e-09	-2.554087e+01	-7.257653e+01
6.420000e-06	-3.701610e-06	-1.179342e-09	-2.578249e+01	-7.302243e+01
6.430000e-06	-3.736048e-06	-1.188543e-09	-2.602236e+01	-7.345847e+01
6.440000e-06	-3.770295e-06	-1.198324e-09	-2.626090e+01	-7.388465e+01
6.450000e-06	-3.804338e-06	-1.206817e-09	-2.649801e+01	-7.430100e+01
6.460000e-06	-3.838055e-06	-1.210897e-09	-2.673286e+01	-7.470752e+01
6.470000e-06	-3.871431e-06	-1.215543e-09	-2.696533e+01	-7.510427e+01
6.480000e-06	-3.904504e-06	-1.221662e-09	-2.719569e+01	-7.549129e+01
6.490000e-06	-3.937291e-06	-1.228248e-09	-2.742406e+01	-7.586864e+01
6.500000e-06	-3.969849e-06	-1.233864e-09	-2.765083e+01	-7.623640e+01
6.510000e-06	-4.002228e-06	-1.239018e-09	-2.787636e+01	-7.659466e+01
6.520000e-06	-4.034415e-06	-1.244338e-09	-2.810055e+01	-7.694354e+01
6.530000e-06	-4.066413e-06	-1.248139e-09	-2.832342e+01	-7.728316e+01
6.540000e-06	-4.098102e-06	-1.251357e-09	-2.854414e+01	-7.761369e+01
6.550000e-06	-4.129462e-06	-1.253584e-09	-2.876257e+01	-7.793528e+01
6.560000e-06	-4.160607e-06	-1.255891e-09	-2.897950e+01	-7.824812e+01
6.570000e-06	-4.191290e-06	-1.259602e-09	-2.919321e+01	-7.855241e+01
6.580000e-06	-4.221427e-06	-1.265390e-09	-2.940313e+01	-7.884837e+01
6.590000e-06	-4.251151e-06	-1.271986e-09	-2.961016e+01	-7.913623e+01
6.600000e-06	-4.280418e-06	-1.278842e-09	-2.981401e+01	-7.941623e+01
6.610000e-06	-4.309259e-06	-1.284157e-09	-3.001490e+01	-7.968865e+01
6.620000e-06	-4.337784e-06	-1.287248e-09	-3.021358e+01	-7.995373e+01
6.630000e-06	-4.366085e-06	-1.288697e-09	-3.041070e+01	-8.021175e+01
6.640000e-06	-4.394185e-06	-1.292561e-09	-3.060642e+01	-8.046300e+01
6.650000e-06	-4.422100e-06	-1.297989e-09	-3.080086e+01	-8.070775e+01
6.660000e-06	-4.449782e-06	-1.305302e-09	-3.099367e+01	-8.094629e+01
6.670000e-06	-4.477131e-06	-1.311595e-09	-3.118416e+01	-8.117889e+01
6.680000e-06	-4.504090e-06	-1.317121e-09	-3.137194e+01	-8.140585e+01
6.690000e-06	-4.530711e-06	-1.321003e-09	-3.155735e+01	-8.162742e+01
6.700000e-06	-4.557058e-06	-1.324215e-09	-3.174087e+01	-8.184388e+01
6.710000e-06	-4.583046e-06	-1.325800e-09	-3.192188e+01	-8.205547e+01
6.720000e-06	-4.608701e-06	-1.325151e-09	-3.210058e+01	-8.226243e+01
6.730000e-06	-4.634104e-06	-1.325180e-09	-3.227751e+01	-8.246500e+01
6.740000e-06	-4.659191e-06	-1.326812e-09	-3.245225e+01	-8.266338e+01
6.750000e-06	-4.683995e-06	-1.329201e-09	-3.262501e+01	-8.285776e+01
6.760000e-06	-4.708532e-06	-1.331193e-09	-3.279592e+01	-8.304833e+01
6.770000e-06	-4.732829e-06	-1.331102e-09	-3.296515e+01	-8.323523e+01
6.780000e-06	-4.756935e-06	-1.330098e-09	-3.313306e+01	-8.341860e+01
6.790000e-06	-4.780748e-06	-1.330278e-09	-3.329892e+01	-8.359856e+01
6.800000e-06	-4.804207e-06	-1.332875e-09	-3.346231e+01	-8.377519e+01
6.810000e-06	-4.827294e-06	-1.335482e-09	-3.362312e+01	-8.394858e+01
6.820000e-06	-4.849820e-06	-1.337527e-09	-3.378001e+01	-8.411878e+01
6.830000e-06	-4.871710e-06	-1.341369e-09	-3.393248e+01	-8.428582e+01
6.840000e-06	-4.893149e-06	-1.342852e-09	-3.408182e+01	-8.444971e+01
6.850000e-06	-4.914202e-06	-1.342973e-09	-3.422845e+01	-8.461046e+01
6.860000e-06	-4.934862e-06	-1.341800e-09	-3.437235e+01	-8.476804e+01
6.870000e-06	-4.955231e-06	-1.338977e-09	-3.451423e+01	-8.492241e+01
6.880000e-06	-4.975409e-06	-1.337845e-09	-3.465477e+01	-8.507354e+01
6.890000e-06	-4.995373e-06	-1.340524e-09	-3.479383e+01	-8.522135e+01
6.900000e-06	-5.014999e-06	-1.346309e-09	-3.493052e+01	-8.536579e+01
6.910000e-06	-5.034211e-06	-1.349294e-09	-3.506434e+01	-8.550678e+01
6.920000e-06	-5.053109e-06	-1.348878e-09	-3.519597e+01	-8.564423e+01
6.930000e-06	-5.071691e-06	-1.346240e-09	-3.532540e+01	-8.577806e+01
6.940000e-06	-5.089852e-06	-1.345868e-09	-3.545189e+01	-8.590818e+01
6.950000e-06	-5.107670e-06	-1.348203e-09	-3.557600e+01	-8.603453e+01
6.960000e-06	-5.125131e-06	-1.351219e-09	-3.569761e+01	-8.615700e+01
6.970000e-06	-5.142268e-06	-1.356938e-09	-3.581698e+01	-8.627554e+01
6.980000e-06	-5.159146e-06	-1.362968e-09	-3.593454e+01	-8.639008e+01
6.990000e-06	-5.175737e-06	-1.365985e-09	-3.605010e+01	-8.650055e+01
7.000000e-06	-5.192093e-06	-1.363797e-09	-3.616402e+01	-8.660692e+01
7.010000e-06	-5.208201e-06	-1.358733e-09	-3.627622e+01	-8.670916e+01
7.020000e-06	-5.223820e-06	-1.356400e-09	-3.638501e+01	-8.680725e+01
7.030000e-06	-5.238807e-06	-1.356210e-09	-3.648939e+01	-8.690119e+01
7.040000e-06	-5.253295e-06	-1.356837e-09	-3.659030e+01	-8.699099e+01
7.050000e-06	-5.267217e-06	-1.359854e-09	-3.668728e+01	-8.707669e+01
7.060000e-06	-5.280496e-06	-1.362361e-09	-3.677976e+01	-8.715834e+01
7.070000e-06	-5.293281e-06	-1.362908e-09	-3.686882e+01	-8.723600e+01
7.080000e-06	-5.305741e-06	-1.361754e-09	-3.695560e+01	-8.730977e+01
7.090000e-06	-5.317911e-06	-1.361404e-09	-3.704037e+01	-8.737974e+01
7.100000e-06	-5.329736e-06	-1.360525e-09	-3.712273e+01	-8.744604e+01
7.110000e-06	-5.341140e-06	-1.361096e-09	-3.720216e+01	-8.750881e+01
7.120000e-06	-5.352059e-06	-1.362612e-09	-3.727822e+01	-8.756818e+01
7.130000e-06	-5.362614e-06	-1.361093e-09	-3.735173e+01	-8.762434e+01
7.140000e-06	-5.372850e-06	-1.358532e-09	-3.742303e+01	-8.767744e+01
7.150000e-06	-5.382757e-06	-1.357225e-09	-3.749204e+01	-8.772768e+01
7.160000e-06	-5.392282e-06	-1.354804e-09	-3.755838e+01	-8.777525e+01
7.170000e-06	-5.401367e-06	-1.352954e-09	-3.762166e+01	-8.782034e+01
7.180000e-06	-5.410149e-06	-1.352566e-09	-3.768283e+01	-8.786317e+01
7.190000e-06	-5.418709e-06	-1.351768e-09	-3.774245e+01	-8.790393e+01
7.200000e-06	-5.427054e-06	-1.350697e-09	-3.780058e+01	-8.794282e+01
7.210000e-06	-5.435079e-06	-1.351506e-09	-3.785647e+01	-8.798006e+01
7.220000e-06	-5.442753e-06	-1.353214e-09	-3.790992e+01	-8.801582e+01
7.230000e-06	-5.450057e-06	-1.354714e-09	-3.796079e+01	-8.805029e+01
7.240000e-06	-5.456753e-06	-1.356662e-09	-3.800744e+01	-8.808366e+01
7.250000e-06	-5.462708e-06	-1.358675e-09	-3.804891e+01	-8.811607e+01
7.260000e-06	-5.468060e-06	-1.358382e-09	-3.808619e+01	-8.814768e+01
7.270000e-06	-5.472977e-06	-1.355618e-09	-3.812044e+01	-8.817862e+01
7.280000e-06	-5.477559e-06	-1.353390e-09	-3.815235e+01	-8.820899e+01
7.290000e-06	-5.481953e-06	-1.353364e-09	-3.818295e+01	-8.823889e+01
7.300000e-06	-5.486075e-06	-1.356418e-09	-3.821167e+01	-8.826839e+01
7.310000e-06	-5.489771e-06	-1.359407e-09	-3.823741e+01	-8.829754e+01
7.320000e-06	-5.493076e-06	-1.361004e-09	-3.826043e+01	-8.832635e+01
7.330000e-06	-5.496019e-06	-1.360268e-09	-3.828093e+01	-8.835482e+01
7.340000e-06	-5.498629e-06	-1.356692e-09	-3.829911e+01	-8.838293e+01
7.350000e-06	-5.500911e-06	-1.352514e-09	-3.831500e+01	-8.841062e+01
7.360000e-06	-5.502847e-06	-1.349766e-09	-3.832848e+01	-8.843783e+01
7.370000e-06	-5.504359e-06	-1.348673e-09	-3.833902e+01	-8.846444e+01
7.380000e-06	-5.505476e-06	-1.350120e-09	-3.834680e+01	-8.849033e+01
7.390000e-06	-5.506313e-06	-1.353230e-09	-3.835263e+01	-8.851536e+01
7.400000e-06	-5.506879e-06	-1.354855e-09	-3.835657e+01	-8.853935e+01
