# Temperatura_=_-0.3
# Concentracion g/m^3_=_1620.0
# C_Vs_to_Am_M_A/Vsm_=_65563218390.804596
# pendiente_HvsI_1/m_=_3716.3
# ordenada_HvsI_A/m_=_1297.0
# frecuencia_Hz_=_135109.1696433622

Tiempo_(s)	Campo_(V.s)	Magnetizacion_(V.s)	Campo_(kA/m)	Magnetizacion_(A/m)
0.000000e+00	-5.523208e-06	-1.332118e-09	-3.837291e+01	-8.702161e+01
1.000000e-08	-5.523321e-06	-1.331878e-09	-3.837370e+01	-8.703655e+01
2.000000e-08	-5.523104e-06	-1.331850e-09	-3.837219e+01	-8.704836e+01
3.000000e-08	-5.522442e-06	-1.329145e-09	-3.836759e+01	-8.705681e+01
4.000000e-08	-5.521223e-06	-1.324485e-09	-3.835912e+01	-8.706170e+01
5.000000e-08	-5.519385e-06	-1.318991e-09	-3.834635e+01	-8.706278e+01
6.000000e-08	-5.516932e-06	-1.308630e-09	-3.832931e+01	-8.705985e+01
7.000000e-08	-5.513988e-06	-1.315035e-09	-3.830885e+01	-8.705269e+01
8.000000e-08	-5.510641e-06	-1.349652e-09	-3.828560e+01	-8.704108e+01
9.000000e-08	-5.506872e-06	-1.367666e-09	-3.825942e+01	-8.702482e+01
1.000000e-07	-5.502644e-06	-1.307549e-09	-3.823004e+01	-8.700374e+01
1.100000e-07	-5.498078e-06	-1.260062e-09	-3.819832e+01	-8.697765e+01
1.200000e-07	-5.493331e-06	-1.289623e-09	-3.816534e+01	-8.694641e+01
1.300000e-07	-5.488316e-06	-1.386069e-09	-3.813050e+01	-8.690989e+01
1.400000e-07	-5.482873e-06	-1.310692e-09	-3.809268e+01	-8.686797e+01
1.500000e-07	-5.477106e-06	-1.248252e-09	-3.805261e+01	-8.682057e+01
1.600000e-07	-5.470987e-06	-1.274140e-09	-3.801010e+01	-8.676763e+01
1.700000e-07	-5.464344e-06	-1.392469e-09	-3.796395e+01	-8.670911e+01
1.800000e-07	-5.457239e-06	-1.348461e-09	-3.791459e+01	-8.664503e+01
1.900000e-07	-5.449888e-06	-1.232331e-09	-3.786351e+01	-8.657539e+01
2.000000e-07	-5.442329e-06	-1.254851e-09	-3.781100e+01	-8.650026e+01
2.100000e-07	-5.434500e-06	-1.353156e-09	-3.775660e+01	-8.641971e+01
2.200000e-07	-5.426411e-06	-1.377595e-09	-3.770041e+01	-8.633387e+01
2.300000e-07	-5.417894e-06	-1.298785e-09	-3.764123e+01	-8.624285e+01
2.400000e-07	-5.408843e-06	-1.311735e-09	-3.757835e+01	-8.614684e+01
2.500000e-07	-5.399087e-06	-1.342664e-09	-3.751057e+01	-8.604601e+01
2.600000e-07	-5.388669e-06	-1.351291e-09	-3.743819e+01	-8.594058e+01
2.700000e-07	-5.377779e-06	-1.288224e-09	-3.736253e+01	-8.583078e+01
2.800000e-07	-5.366352e-06	-1.315213e-09	-3.728314e+01	-8.571686e+01
2.900000e-07	-5.354523e-06	-1.334075e-09	-3.720096e+01	-8.559909e+01
3.000000e-07	-5.342404e-06	-1.335598e-09	-3.711676e+01	-8.547774e+01
3.100000e-07	-5.329891e-06	-1.278693e-09	-3.702983e+01	-8.535310e+01
3.200000e-07	-5.316923e-06	-1.303325e-09	-3.693973e+01	-8.522546e+01
3.300000e-07	-5.303579e-06	-1.316332e-09	-3.684702e+01	-8.509511e+01
3.400000e-07	-5.289922e-06	-1.302478e-09	-3.675214e+01	-8.496235e+01
3.500000e-07	-5.275742e-06	-1.253832e-09	-3.665362e+01	-8.482747e+01
3.600000e-07	-5.261041e-06	-1.284553e-09	-3.655148e+01	-8.469075e+01
3.700000e-07	-5.245979e-06	-1.306851e-09	-3.644684e+01	-8.455245e+01
3.800000e-07	-5.230396e-06	-1.288157e-09	-3.633858e+01	-8.441284e+01
3.900000e-07	-5.214248e-06	-1.272035e-09	-3.622639e+01	-8.427215e+01
4.000000e-07	-5.197799e-06	-1.308324e-09	-3.611211e+01	-8.413060e+01
4.100000e-07	-5.181000e-06	-1.295729e-09	-3.599540e+01	-8.398838e+01
4.200000e-07	-5.163747e-06	-1.244930e-09	-3.587553e+01	-8.384566e+01
4.300000e-07	-5.146204e-06	-1.275374e-09	-3.575365e+01	-8.370257e+01
4.400000e-07	-5.128447e-06	-1.311027e-09	-3.563028e+01	-8.355923e+01
4.500000e-07	-5.110203e-06	-1.264381e-09	-3.550352e+01	-8.341572e+01
4.600000e-07	-5.091384e-06	-1.229083e-09	-3.537278e+01	-8.327208e+01
4.700000e-07	-5.072345e-06	-1.297196e-09	-3.524051e+01	-8.312831e+01
4.800000e-07	-5.053130e-06	-1.292027e-09	-3.510701e+01	-8.298441e+01
4.900000e-07	-5.033606e-06	-1.244983e-09	-3.497136e+01	-8.284031e+01
5.000000e-07	-5.013807e-06	-1.259305e-09	-3.483381e+01	-8.269593e+01
5.100000e-07	-4.993714e-06	-1.290030e-09	-3.469421e+01	-8.255114e+01
5.200000e-07	-4.973216e-06	-1.229753e-09	-3.455180e+01	-8.240580e+01
5.300000e-07	-4.952366e-06	-1.239362e-09	-3.440694e+01	-8.225972e+01
5.400000e-07	-4.931268e-06	-1.279821e-09	-3.426037e+01	-8.211269e+01
5.500000e-07	-4.909810e-06	-1.248409e-09	-3.411128e+01	-8.196448e+01
5.600000e-07	-4.887934e-06	-1.203154e-09	-3.395930e+01	-8.181483e+01
5.700000e-07	-4.865801e-06	-1.261666e-09	-3.380553e+01	-8.166347e+01
5.800000e-07	-4.843334e-06	-1.259289e-09	-3.364943e+01	-8.151010e+01
5.900000e-07	-4.820435e-06	-1.209267e-09	-3.349034e+01	-8.135443e+01
6.000000e-07	-4.797238e-06	-1.219875e-09	-3.332918e+01	-8.119613e+01
6.100000e-07	-4.773836e-06	-1.249512e-09	-3.316659e+01	-8.103489e+01
6.200000e-07	-4.750198e-06	-1.202146e-09	-3.300237e+01	-8.087038e+01
6.300000e-07	-4.726301e-06	-1.196912e-09	-3.283634e+01	-8.070229e+01
6.400000e-07	-4.702146e-06	-1.227382e-09	-3.266852e+01	-8.053031e+01
6.500000e-07	-4.677633e-06	-1.212140e-09	-3.249821e+01	-8.035413e+01
6.600000e-07	-4.652605e-06	-1.191179e-09	-3.232433e+01	-8.017346e+01
6.700000e-07	-4.627002e-06	-1.214743e-09	-3.214645e+01	-7.998802e+01
6.800000e-07	-4.600819e-06	-1.206080e-09	-3.196454e+01	-7.979757e+01
6.900000e-07	-4.574160e-06	-1.180800e-09	-3.177933e+01	-7.960187e+01
7.000000e-07	-4.547082e-06	-1.192476e-09	-3.159120e+01	-7.940072e+01
7.100000e-07	-4.519706e-06	-1.197164e-09	-3.140100e+01	-7.919394e+01
7.200000e-07	-4.492163e-06	-1.178049e-09	-3.120965e+01	-7.898140e+01
7.300000e-07	-4.464397e-06	-1.179770e-09	-3.101674e+01	-7.876296e+01
7.400000e-07	-4.436408e-06	-1.193257e-09	-3.082228e+01	-7.853857e+01
7.500000e-07	-4.408214e-06	-1.174796e-09	-3.062640e+01	-7.830817e+01
7.600000e-07	-4.379714e-06	-1.165923e-09	-3.042840e+01	-7.807175e+01
7.700000e-07	-4.350850e-06	-1.168446e-09	-3.022787e+01	-7.782934e+01
7.800000e-07	-4.321681e-06	-1.164836e-09	-3.002521e+01	-7.758099e+01
7.900000e-07	-4.292246e-06	-1.154931e-09	-2.982070e+01	-7.732682e+01
8.000000e-07	-4.262595e-06	-1.159869e-09	-2.961470e+01	-7.706693e+01
8.100000e-07	-4.232658e-06	-1.149903e-09	-2.940672e+01	-7.680149e+01
8.200000e-07	-4.202336e-06	-1.144557e-09	-2.919605e+01	-7.653068e+01
8.300000e-07	-4.171692e-06	-1.143278e-09	-2.898315e+01	-7.625473e+01
8.400000e-07	-4.140763e-06	-1.140169e-09	-2.876827e+01	-7.597386e+01
8.500000e-07	-4.109574e-06	-1.121589e-09	-2.855158e+01	-7.568833e+01
8.600000e-07	-4.078202e-06	-1.119984e-09	-2.833362e+01	-7.539842e+01
8.700000e-07	-4.046668e-06	-1.115709e-09	-2.811453e+01	-7.510441e+01
8.800000e-07	-4.014986e-06	-1.109162e-09	-2.789442e+01	-7.480660e+01
8.900000e-07	-3.983064e-06	-1.105372e-09	-2.767264e+01	-7.450530e+01
9.000000e-07	-3.950836e-06	-1.107471e-09	-2.744874e+01	-7.420080e+01
9.100000e-07	-3.918337e-06	-1.094267e-09	-2.722295e+01	-7.389341e+01
9.200000e-07	-3.885511e-06	-1.088468e-09	-2.699488e+01	-7.358341e+01
9.300000e-07	-3.852176e-06	-1.088556e-09	-2.676329e+01	-7.327110e+01
9.400000e-07	-3.818237e-06	-1.083071e-09	-2.652749e+01	-7.295673e+01
9.500000e-07	-3.783774e-06	-1.074580e-09	-2.628806e+01	-7.264054e+01
9.600000e-07	-3.748957e-06	-1.076694e-09	-2.604616e+01	-7.232277e+01
9.700000e-07	-3.713848e-06	-1.073900e-09	-2.580225e+01	-7.200360e+01
9.800000e-07	-3.678514e-06	-1.064578e-09	-2.555676e+01	-7.168321e+01
9.900000e-07	-3.643076e-06	-1.063080e-09	-2.531055e+01	-7.136171e+01
1.000000e-06	-3.607506e-06	-1.063056e-09	-2.506342e+01	-7.103922e+01
1.010000e-06	-3.571765e-06	-1.054151e-09	-2.481511e+01	-7.071578e+01
1.020000e-06	-3.535819e-06	-1.045333e-09	-2.456537e+01	-7.039141e+01
1.030000e-06	-3.499659e-06	-1.043765e-09	-2.431415e+01	-7.006610e+01
1.040000e-06	-3.463288e-06	-1.034973e-09	-2.406146e+01	-6.973978e+01
1.050000e-06	-3.426645e-06	-1.025341e-09	-2.380688e+01	-6.941233e+01
1.060000e-06	-3.389685e-06	-1.021254e-09	-2.355010e+01	-6.908362e+01
1.070000e-06	-3.352447e-06	-1.019977e-09	-2.329138e+01	-6.875344e+01
1.080000e-06	-3.315046e-06	-1.011761e-09	-2.303154e+01	-6.842158e+01
1.090000e-06	-3.277461e-06	-1.008907e-09	-2.277041e+01	-6.808775e+01
1.100000e-06	-3.239562e-06	-1.003069e-09	-2.250710e+01	-6.775166e+01
1.110000e-06	-3.201408e-06	-9.939209e-10	-2.224202e+01	-6.741295e+01
1.120000e-06	-3.162998e-06	-9.831248e-10	-2.197517e+01	-6.707126e+01
1.130000e-06	-3.124336e-06	-9.787197e-10	-2.170656e+01	-6.672618e+01
1.140000e-06	-3.085488e-06	-9.680507e-10	-2.143667e+01	-6.637728e+01
1.150000e-06	-3.046483e-06	-9.581471e-10	-2.116568e+01	-6.602411e+01
1.160000e-06	-3.007372e-06	-9.518494e-10	-2.089394e+01	-6.566620e+01
1.170000e-06	-2.968116e-06	-9.478082e-10	-2.062121e+01	-6.530308e+01
1.180000e-06	-2.928700e-06	-9.392029e-10	-2.034737e+01	-6.493424e+01
1.190000e-06	-2.889068e-06	-9.357423e-10	-2.007202e+01	-6.455920e+01
1.200000e-06	-2.849195e-06	-9.321418e-10	-1.979500e+01	-6.417746e+01
1.210000e-06	-2.809190e-06	-9.265680e-10	-1.951706e+01	-6.378851e+01
1.220000e-06	-2.769127e-06	-9.178047e-10	-1.923872e+01	-6.339189e+01
1.230000e-06	-2.728926e-06	-9.087772e-10	-1.895942e+01	-6.298711e+01
1.240000e-06	-2.688513e-06	-8.975792e-10	-1.867865e+01	-6.257372e+01
1.250000e-06	-2.647818e-06	-8.887781e-10	-1.839592e+01	-6.215128e+01
1.260000e-06	-2.606784e-06	-8.838581e-10	-1.811083e+01	-6.171938e+01
1.270000e-06	-2.565469e-06	-8.790483e-10	-1.782379e+01	-6.127764e+01
1.280000e-06	-2.523952e-06	-8.725946e-10	-1.753535e+01	-6.082569e+01
1.290000e-06	-2.482106e-06	-8.635983e-10	-1.724462e+01	-6.036322e+01
1.300000e-06	-2.439889e-06	-8.539033e-10	-1.695131e+01	-5.988992e+01
1.310000e-06	-2.397373e-06	-8.434582e-10	-1.665593e+01	-5.940556e+01
1.320000e-06	-2.354593e-06	-8.332771e-10	-1.635871e+01	-5.890991e+01
1.330000e-06	-2.311637e-06	-8.257924e-10	-1.606027e+01	-5.840278e+01
1.340000e-06	-2.268476e-06	-8.216593e-10	-1.576041e+01	-5.788404e+01
1.350000e-06	-2.225148e-06	-8.141034e-10	-1.545939e+01	-5.735357e+01
1.360000e-06	-2.181709e-06	-8.047237e-10	-1.515759e+01	-5.681130e+01
1.370000e-06	-2.138160e-06	-7.950013e-10	-1.485503e+01	-5.625720e+01
1.380000e-06	-2.094533e-06	-7.866595e-10	-1.455193e+01	-5.569126e+01
1.390000e-06	-2.050784e-06	-7.774361e-10	-1.424798e+01	-5.511350e+01
1.400000e-06	-2.006930e-06	-7.689967e-10	-1.394330e+01	-5.452398e+01
1.410000e-06	-1.963052e-06	-7.574681e-10	-1.363846e+01	-5.392276e+01
1.420000e-06	-1.919097e-06	-7.455269e-10	-1.333307e+01	-5.330996e+01
1.430000e-06	-1.875060e-06	-7.320741e-10	-1.302712e+01	-5.268568e+01
1.440000e-06	-1.830925e-06	-7.191479e-10	-1.272049e+01	-5.205004e+01
1.450000e-06	-1.786675e-06	-7.045948e-10	-1.241306e+01	-5.140318e+01
1.460000e-06	-1.742316e-06	-6.930405e-10	-1.210487e+01	-5.074524e+01
1.470000e-06	-1.697834e-06	-6.839321e-10	-1.179583e+01	-5.007635e+01
1.480000e-06	-1.653165e-06	-6.743933e-10	-1.148549e+01	-4.939666e+01
1.490000e-06	-1.608321e-06	-6.623724e-10	-1.117393e+01	-4.870628e+01
1.500000e-06	-1.563362e-06	-6.513502e-10	-1.086158e+01	-4.800532e+01
1.510000e-06	-1.518259e-06	-6.400740e-10	-1.054822e+01	-4.729388e+01
1.520000e-06	-1.473096e-06	-6.281453e-10	-1.023445e+01	-4.657203e+01
1.530000e-06	-1.427859e-06	-6.157426e-10	-9.920161e+00	-4.583981e+01
1.540000e-06	-1.382441e-06	-6.045096e-10	-9.604614e+00	-4.509724e+01
1.550000e-06	-1.336933e-06	-5.928720e-10	-9.288447e+00	-4.434430e+01
1.560000e-06	-1.291386e-06	-5.809863e-10	-8.972001e+00	-4.358095e+01
1.570000e-06	-1.245757e-06	-5.699635e-10	-8.654995e+00	-4.280710e+01
1.580000e-06	-1.200081e-06	-5.592599e-10	-8.337655e+00	-4.202263e+01
1.590000e-06	-1.154343e-06	-5.472764e-10	-8.019889e+00	-4.122737e+01
1.600000e-06	-1.108510e-06	-5.357271e-10	-7.701457e+00	-4.042113e+01
1.610000e-06	-1.062608e-06	-5.258726e-10	-7.382552e+00	-3.960366e+01
1.620000e-06	-1.016616e-06	-5.163360e-10	-7.063017e+00	-3.877468e+01
1.630000e-06	-9.705178e-07	-5.038705e-10	-6.742747e+00	-3.793389e+01
1.640000e-06	-9.243988e-07	-4.845445e-10	-6.422332e+00	-3.708093e+01
1.650000e-06	-8.781500e-07	-4.654807e-10	-6.101014e+00	-3.621541e+01
1.660000e-06	-8.318174e-07	-4.487633e-10	-5.779115e+00	-3.533693e+01
1.670000e-06	-7.854652e-07	-4.364243e-10	-5.457079e+00	-3.444505e+01
1.680000e-06	-7.390298e-07	-4.259328e-10	-5.134466e+00	-3.353931e+01
1.690000e-06	-6.925396e-07	-4.181121e-10	-4.811472e+00	-3.261924e+01
1.700000e-06	-6.460091e-07	-4.068165e-10	-4.488198e+00	-3.168435e+01
1.710000e-06	-5.994682e-07	-3.907955e-10	-4.164851e+00	-3.073415e+01
1.720000e-06	-5.528745e-07	-3.718271e-10	-3.841138e+00	-2.976816e+01
1.730000e-06	-5.062249e-07	-3.524805e-10	-3.517036e+00	-2.878588e+01
1.740000e-06	-4.595555e-07	-3.347025e-10	-3.192797e+00	-2.778685e+01
1.750000e-06	-4.128148e-07	-3.197435e-10	-2.868063e+00	-2.677062e+01
1.760000e-06	-3.660361e-07	-3.065629e-10	-2.543064e+00	-2.573677e+01
1.770000e-06	-3.192998e-07	-2.952282e-10	-2.218360e+00	-2.468491e+01
1.780000e-06	-2.725119e-07	-2.831294e-10	-1.893298e+00	-2.361468e+01
1.790000e-06	-2.256924e-07	-2.668678e-10	-1.568015e+00	-2.252580e+01
1.800000e-06	-1.789110e-07	-2.468415e-10	-1.242998e+00	-2.141800e+01
1.810000e-06	-1.321236e-07	-2.269496e-10	-9.179390e-01	-2.029110e+01
1.820000e-06	-8.527679e-08	-2.093161e-10	-5.924670e-01	-1.914498e+01
1.830000e-06	-3.843222e-08	-1.919217e-10	-2.670108e-01	-1.797959e+01
1.840000e-06	8.339843e-09	-1.756537e-10	5.794170e-02	-1.679494e+01
1.850000e-06	5.515466e-08	-1.608629e-10	3.831912e-01	-1.559115e+01
1.860000e-06	1.020594e-07	-1.465224e-10	7.090656e-01	-1.436839e+01
1.870000e-06	1.489400e-07	-1.316066e-10	1.034772e+00	-1.312695e+01
1.880000e-06	1.958051e-07	-1.150629e-10	1.360371e+00	-1.186718e+01
1.890000e-06	2.426056e-07	-9.553179e-11	1.685521e+00	-1.058954e+01
1.900000e-06	2.893629e-07	-7.522980e-11	2.010371e+00	-9.294583e+00
1.910000e-06	3.361902e-07	-5.352490e-11	2.335707e+00	-7.982941e+00
1.920000e-06	3.829509e-07	-3.321951e-11	2.660581e+00	-6.655349e+00
1.930000e-06	4.296284e-07	-1.577683e-11	2.984876e+00	-5.312628e+00
1.940000e-06	4.762748e-07	-2.934087e-12	3.308956e+00	-3.955689e+00
1.950000e-06	5.228795e-07	8.125717e-12	3.632746e+00	-2.585530e+00
1.960000e-06	5.694462e-07	2.170125e-11	3.956271e+00	-1.203227e+00
1.970000e-06	6.159790e-07	4.067215e-11	4.279561e+00	1.900627e-01
1.980000e-06	6.625125e-07	6.272556e-11	4.602856e+00	1.593110e+00
1.990000e-06	7.089864e-07	8.549110e-11	4.925737e+00	3.004621e+00
2.000000e-06	7.553902e-07	1.074752e-10	5.248131e+00	4.423239e+00
2.010000e-06	8.017126e-07	1.271037e-10	5.569960e+00	5.847556e+00
2.020000e-06	8.479012e-07	1.434130e-10	5.890858e+00	7.276117e+00
2.030000e-06	8.940477e-07	1.589879e-10	6.211465e+00	8.707428e+00
2.040000e-06	9.402244e-07	1.784780e-10	6.532281e+00	1.013997e+01
2.050000e-06	9.863592e-07	2.006027e-10	6.852806e+00	1.157219e+01
2.060000e-06	1.032363e-06	2.238068e-10	7.172421e+00	1.300254e+01
2.070000e-06	1.078220e-06	2.474892e-10	7.491018e+00	1.442946e+01
2.080000e-06	1.123993e-06	2.692048e-10	7.809027e+00	1.585140e+01
2.090000e-06	1.169769e-06	2.876753e-10	8.127058e+00	1.726680e+01
2.100000e-06	1.215478e-06	3.043605e-10	8.444630e+00	1.867417e+01
2.110000e-06	1.261107e-06	3.200154e-10	8.761636e+00	2.007201e+01
2.120000e-06	1.306653e-06	3.359837e-10	9.078073e+00	2.145887e+01
2.130000e-06	1.352070e-06	3.535345e-10	9.393611e+00	2.283337e+01
2.140000e-06	1.397408e-06	3.733391e-10	9.708597e+00	2.419415e+01
2.150000e-06	1.442655e-06	3.944132e-10	1.002295e+01	2.553996e+01
2.160000e-06	1.487845e-06	4.155829e-10	1.033692e+01	2.686957e+01
2.170000e-06	1.532938e-06	4.351763e-10	1.065020e+01	2.818186e+01
2.180000e-06	1.577862e-06	4.520173e-10	1.096232e+01	2.947579e+01
2.190000e-06	1.622638e-06	4.668459e-10	1.127340e+01	3.075037e+01
2.200000e-06	1.667287e-06	4.821205e-10	1.158360e+01	3.200476e+01
2.210000e-06	1.711820e-06	4.981315e-10	1.189300e+01	3.323816e+01
2.220000e-06	1.756282e-06	5.154670e-10	1.220190e+01	3.444989e+01
2.230000e-06	1.800660e-06	5.334352e-10	1.251022e+01	3.563938e+01
2.240000e-06	1.844812e-06	5.495848e-10	1.281697e+01	3.680612e+01
2.250000e-06	1.888805e-06	5.637838e-10	1.312261e+01	3.794974e+01
2.260000e-06	1.932729e-06	5.773765e-10	1.342778e+01	3.906994e+01
2.270000e-06	1.976565e-06	5.907449e-10	1.373234e+01	4.016654e+01
2.280000e-06	2.020355e-06	6.054145e-10	1.403657e+01	4.123943e+01
2.290000e-06	2.064066e-06	6.193867e-10	1.434026e+01	4.228860e+01
2.300000e-06	2.107662e-06	6.320777e-10	1.464314e+01	4.331414e+01
2.310000e-06	2.151161e-06	6.455417e-10	1.494535e+01	4.431621e+01
2.320000e-06	2.194599e-06	6.572089e-10	1.524714e+01	4.529504e+01
2.330000e-06	2.237996e-06	6.678224e-10	1.554865e+01	4.625097e+01
2.340000e-06	2.281294e-06	6.781578e-10	1.584946e+01	4.718437e+01
2.350000e-06	2.324395e-06	6.903865e-10	1.614891e+01	4.809568e+01
2.360000e-06	2.367322e-06	7.043861e-10	1.644715e+01	4.898540e+01
2.370000e-06	2.410001e-06	7.178202e-10	1.674367e+01	4.985409e+01
2.380000e-06	2.452295e-06	7.302014e-10	1.703751e+01	5.070232e+01
2.390000e-06	2.494261e-06	7.412256e-10	1.732907e+01	5.153073e+01
2.400000e-06	2.535921e-06	7.516667e-10	1.761851e+01	5.233996e+01
2.410000e-06	2.577306e-06	7.614577e-10	1.790603e+01	5.313068e+01
2.420000e-06	2.618407e-06	7.721630e-10	1.819158e+01	5.390357e+01
2.430000e-06	2.659253e-06	7.838448e-10	1.847536e+01	5.465931e+01
2.440000e-06	2.699863e-06	7.965191e-10	1.875751e+01	5.539860e+01
2.450000e-06	2.740133e-06	8.100757e-10	1.903728e+01	5.612211e+01
2.460000e-06	2.780110e-06	8.217348e-10	1.931502e+01	5.683051e+01
2.470000e-06	2.819934e-06	8.317054e-10	1.959171e+01	5.752445e+01
2.480000e-06	2.859675e-06	8.404036e-10	1.986781e+01	5.820454e+01
2.490000e-06	2.899396e-06	8.490546e-10	2.014378e+01	5.887139e+01
2.500000e-06	2.939036e-06	8.595645e-10	2.041918e+01	5.952555e+01
2.510000e-06	2.978500e-06	8.698687e-10	2.069336e+01	6.016755e+01
2.520000e-06	3.017787e-06	8.799238e-10	2.096631e+01	6.079788e+01
2.530000e-06	3.056803e-06	8.898749e-10	2.123737e+01	6.141698e+01
2.540000e-06	3.095526e-06	8.991295e-10	2.150640e+01	6.202526e+01
2.550000e-06	3.133986e-06	9.064866e-10	2.177361e+01	6.262308e+01
2.560000e-06	3.172316e-06	9.147814e-10	2.203991e+01	6.321075e+01
2.570000e-06	3.210527e-06	9.237560e-10	2.230538e+01	6.378853e+01
2.580000e-06	3.248499e-06	9.310903e-10	2.256920e+01	6.435666e+01
2.590000e-06	3.286272e-06	9.380550e-10	2.283163e+01	6.491531e+01
2.600000e-06	3.323812e-06	9.454624e-10	2.309244e+01	6.546464e+01
2.610000e-06	3.361146e-06	9.540183e-10	2.335182e+01	6.600472e+01
2.620000e-06	3.398225e-06	9.640732e-10	2.360943e+01	6.653565e+01
2.630000e-06	3.434958e-06	9.745662e-10	2.386463e+01	6.705744e+01
2.640000e-06	3.471416e-06	9.830375e-10	2.411793e+01	6.757009e+01
2.650000e-06	3.507641e-06	9.898307e-10	2.436960e+01	6.807359e+01
2.660000e-06	3.543671e-06	9.974597e-10	2.461993e+01	6.856789e+01
2.670000e-06	3.579561e-06	1.003985e-09	2.486927e+01	6.905291e+01
2.680000e-06	3.615322e-06	1.011137e-09	2.511772e+01	6.952857e+01
2.690000e-06	3.650957e-06	1.017674e-09	2.536530e+01	6.999479e+01
2.700000e-06	3.686471e-06	1.023616e-09	2.561204e+01	7.045147e+01
2.710000e-06	3.721778e-06	1.031256e-09	2.585734e+01	7.089851e+01
2.720000e-06	3.756820e-06	1.040549e-09	2.610079e+01	7.133581e+01
2.730000e-06	3.791564e-06	1.048528e-09	2.634218e+01	7.176327e+01
2.740000e-06	3.825833e-06	1.052785e-09	2.658027e+01	7.218083e+01
2.750000e-06	3.859571e-06	1.057259e-09	2.681467e+01	7.258841e+01
2.760000e-06	3.892906e-06	1.061608e-09	2.704626e+01	7.298595e+01
2.770000e-06	3.925854e-06	1.066312e-09	2.727517e+01	7.337344e+01
2.780000e-06	3.958319e-06	1.073230e-09	2.750072e+01	7.375085e+01
2.790000e-06	3.990389e-06	1.083277e-09	2.772354e+01	7.411821e+01
2.800000e-06	4.022313e-06	1.091628e-09	2.794533e+01	7.447555e+01
2.810000e-06	4.054124e-06	1.098152e-09	2.816634e+01	7.482294e+01
2.820000e-06	4.085743e-06	1.103721e-09	2.838602e+01	7.516048e+01
2.830000e-06	4.117161e-06	1.106820e-09	2.860429e+01	7.548830e+01
2.840000e-06	4.148352e-06	1.107985e-09	2.882099e+01	7.580655e+01
2.850000e-06	4.179284e-06	1.111923e-09	2.903590e+01	7.611541e+01
2.860000e-06	4.209920e-06	1.118262e-09	2.924874e+01	7.641510e+01
2.870000e-06	4.240202e-06	1.125163e-09	2.945913e+01	7.670585e+01
2.880000e-06	4.270107e-06	1.132087e-09	2.966689e+01	7.698792e+01
2.890000e-06	4.299684e-06	1.138386e-09	2.987239e+01	7.726161e+01
2.900000e-06	4.329016e-06	1.141388e-09	3.007617e+01	7.752721e+01
2.910000e-06	4.358069e-06	1.143020e-09	3.027802e+01	7.778506e+01
2.920000e-06	4.386808e-06	1.144509e-09	3.047769e+01	7.803549e+01
2.930000e-06	4.415234e-06	1.144365e-09	3.067518e+01	7.827886e+01
2.940000e-06	4.443373e-06	1.146767e-09	3.087067e+01	7.851554e+01
2.950000e-06	4.471293e-06	1.153896e-09	3.106465e+01	7.874589e+01
2.960000e-06	4.499028e-06	1.164012e-09	3.125734e+01	7.897029e+01
2.970000e-06	4.526601e-06	1.171443e-09	3.144891e+01	7.918911e+01
2.980000e-06	4.553953e-06	1.177222e-09	3.163894e+01	7.940272e+01
2.990000e-06	4.581035e-06	1.177575e-09	3.182709e+01	7.961149e+01
3.000000e-06	4.607751e-06	1.173433e-09	3.201270e+01	7.981577e+01
3.010000e-06	4.633978e-06	1.170424e-09	3.219492e+01	8.001591e+01
3.020000e-06	4.659571e-06	1.170040e-09	3.237272e+01	8.021222e+01
3.030000e-06	4.684534e-06	1.174104e-09	3.254616e+01	8.040501e+01
3.040000e-06	4.709054e-06	1.181791e-09	3.271652e+01	8.059458e+01
3.050000e-06	4.733180e-06	1.190364e-09	3.288413e+01	8.078118e+01
3.060000e-06	4.756994e-06	1.194988e-09	3.304958e+01	8.096506e+01
3.070000e-06	4.780547e-06	1.195114e-09	3.321322e+01	8.114642e+01
3.080000e-06	4.803891e-06	1.192030e-09	3.337540e+01	8.132545e+01
3.090000e-06	4.826914e-06	1.190302e-09	3.353536e+01	8.150231e+01
3.100000e-06	4.849515e-06	1.192251e-09	3.369238e+01	8.167713e+01
3.110000e-06	4.871821e-06	1.196104e-09	3.384735e+01	8.185001e+01
3.120000e-06	4.893854e-06	1.198521e-09	3.400042e+01	8.202103e+01
3.130000e-06	4.915565e-06	1.200340e-09	3.415126e+01	8.219022e+01
3.140000e-06	4.936961e-06	1.203074e-09	3.429991e+01	8.235760e+01
3.150000e-06	4.957986e-06	1.205092e-09	3.444598e+01	8.252318e+01
3.160000e-06	4.978605e-06	1.208676e-09	3.458924e+01	8.268691e+01
3.170000e-06	4.998848e-06	1.214942e-09	3.472988e+01	8.284874e+01
3.180000e-06	5.018812e-06	1.222709e-09	3.486858e+01	8.300860e+01
3.190000e-06	5.038604e-06	1.228971e-09	3.500609e+01	8.316640e+01
3.200000e-06	5.058231e-06	1.231447e-09	3.514245e+01	8.332202e+01
3.210000e-06	5.077597e-06	1.231226e-09	3.527699e+01	8.347537e+01
3.220000e-06	5.096585e-06	1.230599e-09	3.540892e+01	8.362629e+01
3.230000e-06	5.115230e-06	1.234013e-09	3.553845e+01	8.377466e+01
3.240000e-06	5.133489e-06	1.240187e-09	3.566531e+01	8.392033e+01
3.250000e-06	5.151240e-06	1.243869e-09	3.578864e+01	8.406317e+01
3.260000e-06	5.168529e-06	1.243893e-09	3.590875e+01	8.420303e+01
3.270000e-06	5.185489e-06	1.243208e-09	3.602659e+01	8.433977e+01
3.280000e-06	5.202139e-06	1.246287e-09	3.614226e+01	8.447326e+01
3.290000e-06	5.218416e-06	1.251393e-09	3.625535e+01	8.460338e+01
3.300000e-06	5.234300e-06	1.255999e-09	3.636570e+01	8.473002e+01
3.310000e-06	5.249735e-06	1.259195e-09	3.647294e+01	8.485307e+01
3.320000e-06	5.264761e-06	1.260931e-09	3.657733e+01	8.497245e+01
3.330000e-06	5.279356e-06	1.260807e-09	3.667873e+01	8.508809e+01
3.340000e-06	5.293537e-06	1.260056e-09	3.677725e+01	8.519994e+01
3.350000e-06	5.307376e-06	1.259702e-09	3.687340e+01	8.530797e+01
3.360000e-06	5.320786e-06	1.259375e-09	3.696656e+01	8.541216e+01
3.370000e-06	5.333776e-06	1.260179e-09	3.705681e+01	8.551251e+01
3.380000e-06	5.346398e-06	1.264273e-09	3.714451e+01	8.560904e+01
3.390000e-06	5.358684e-06	1.268076e-09	3.722987e+01	8.570179e+01
3.400000e-06	5.370589e-06	1.268679e-09	3.731258e+01	8.579083e+01
3.410000e-06	5.382148e-06	1.268378e-09	3.739288e+01	8.587622e+01
3.420000e-06	5.393364e-06	1.268778e-09	3.747081e+01	8.595806e+01
3.430000e-06	5.404077e-06	1.271352e-09	3.754524e+01	8.603644e+01
3.440000e-06	5.414213e-06	1.274041e-09	3.761566e+01	8.611149e+01
3.450000e-06	5.423609e-06	1.278412e-09	3.768094e+01	8.618333e+01
3.460000e-06	5.432348e-06	1.281822e-09	3.774166e+01	8.625210e+01
3.470000e-06	5.440692e-06	1.283763e-09	3.779962e+01	8.631793e+01
3.480000e-06	5.448717e-06	1.284948e-09	3.785538e+01	8.638096e+01
3.490000e-06	5.456509e-06	1.286427e-09	3.790951e+01	8.644135e+01
3.500000e-06	5.464025e-06	1.290485e-09	3.796173e+01	8.649924e+01
3.510000e-06	5.471194e-06	1.292937e-09	3.801154e+01	8.655476e+01
3.520000e-06	5.477933e-06	1.293389e-09	3.805836e+01	8.660804e+01
3.530000e-06	5.484274e-06	1.289132e-09	3.810241e+01	8.665922e+01
3.540000e-06	5.490299e-06	1.283590e-09	3.814427e+01	8.670841e+01
3.550000e-06	5.496024e-06	1.282318e-09	3.818405e+01	8.675570e+01
3.560000e-06	5.501400e-06	1.288091e-09	3.822140e+01	8.680117e+01
3.570000e-06	5.506283e-06	1.296750e-09	3.825532e+01	8.684491e+01
3.580000e-06	5.510681e-06	1.304272e-09	3.828588e+01	8.688695e+01
3.590000e-06	5.514773e-06	1.307504e-09	3.831431e+01	8.692732e+01
3.600000e-06	5.518696e-06	1.303999e-09	3.834156e+01	8.696604e+01
3.610000e-06	5.522399e-06	1.298480e-09	3.836729e+01	8.700309e+01
3.620000e-06	5.525806e-06	1.295931e-09	3.839096e+01	8.703844e+01
3.630000e-06	5.528879e-06	1.297246e-09	3.841231e+01	8.707202e+01
3.640000e-06	5.531457e-06	1.301270e-09	3.843022e+01	8.710376e+01
3.650000e-06	5.533390e-06	1.306174e-09	3.844365e+01	8.713356e+01
3.660000e-06	5.534665e-06	1.312118e-09	3.845251e+01	8.716129e+01
3.670000e-06	5.535404e-06	1.314771e-09	3.845764e+01	8.718683e+01
3.680000e-06	5.535743e-06	1.313111e-09	3.846000e+01	8.721000e+01
3.690000e-06	5.535732e-06	1.311038e-09	3.845992e+01	8.723064e+01
3.700000e-06	5.535447e-06	1.310487e-09	3.845794e+01	8.724855e+01
3.710000e-06	5.534926e-06	1.311116e-09	3.845432e+01	8.726354e+01
3.720000e-06	5.534095e-06	1.309367e-09	3.844855e+01	8.727539e+01
3.730000e-06	5.532869e-06	1.309762e-09	3.844003e+01	8.728389e+01
3.740000e-06	5.531217e-06	1.314241e-09	3.842855e+01	8.728882e+01
3.750000e-06	5.529163e-06	1.327596e-09	3.841428e+01	8.728995e+01
3.760000e-06	5.526770e-06	1.336996e-09	3.839766e+01	8.728706e+01
3.770000e-06	5.523995e-06	1.300876e-09	3.837838e+01	8.727994e+01
3.780000e-06	5.520704e-06	1.254476e-09	3.835552e+01	8.726837e+01
3.790000e-06	5.516895e-06	1.286393e-09	3.832905e+01	8.725216e+01
3.800000e-06	5.512732e-06	1.355390e-09	3.830013e+01	8.723112e+01
3.810000e-06	5.508429e-06	1.360973e-09	3.827023e+01	8.720508e+01
3.820000e-06	5.504040e-06	1.243685e-09	3.823974e+01	8.717389e+01
3.830000e-06	5.499250e-06	1.258733e-09	3.820646e+01	8.713741e+01
3.840000e-06	5.493763e-06	1.356049e-09	3.816834e+01	8.709553e+01
3.850000e-06	5.487804e-06	1.351074e-09	3.812694e+01	8.704818e+01
3.860000e-06	5.481698e-06	1.238851e-09	3.808452e+01	8.699528e+01
3.870000e-06	5.475180e-06	1.215668e-09	3.803923e+01	8.693681e+01
3.880000e-06	5.467868e-06	1.414146e-09	3.798843e+01	8.687277e+01
3.890000e-06	5.460046e-06	1.426512e-09	3.793409e+01	8.680318e+01
3.900000e-06	5.452040e-06	1.262368e-09	3.787847e+01	8.672809e+01
3.910000e-06	5.443614e-06	1.187349e-09	3.781992e+01	8.664759e+01
3.920000e-06	5.434749e-06	1.380793e-09	3.775834e+01	8.656179e+01
3.930000e-06	5.425679e-06	1.424747e-09	3.769532e+01	8.647082e+01
3.940000e-06	5.416376e-06	1.263107e-09	3.763069e+01	8.637485e+01
3.950000e-06	5.406592e-06	1.214287e-09	3.756272e+01	8.627406e+01
3.960000e-06	5.396190e-06	1.369028e-09	3.749044e+01	8.616868e+01
3.970000e-06	5.385488e-06	1.399063e-09	3.741609e+01	8.605893e+01
3.980000e-06	5.374597e-06	1.266381e-09	3.734042e+01	8.594505e+01
3.990000e-06	5.363184e-06	1.270402e-09	3.726113e+01	8.582732e+01
4.000000e-06	5.351344e-06	1.362179e-09	3.717887e+01	8.570602e+01
4.010000e-06	5.339270e-06	1.330847e-09	3.709498e+01	8.558142e+01
4.020000e-06	5.326694e-06	1.219950e-09	3.700762e+01	8.545382e+01
4.030000e-06	5.313545e-06	1.276703e-09	3.691626e+01	8.532352e+01
4.040000e-06	5.299996e-06	1.355814e-09	3.682213e+01	8.519080e+01
4.050000e-06	5.286106e-06	1.311415e-09	3.672563e+01	8.505597e+01
4.060000e-06	5.271534e-06	1.204551e-09	3.662439e+01	8.491929e+01
4.070000e-06	5.256133e-06	1.275536e-09	3.651739e+01	8.478104e+01
4.080000e-06	5.240332e-06	1.353823e-09	3.640761e+01	8.464147e+01
4.090000e-06	5.224314e-06	1.296485e-09	3.629632e+01	8.450083e+01
4.100000e-06	5.207916e-06	1.205516e-09	3.618239e+01	8.435932e+01
4.110000e-06	5.191204e-06	1.290465e-09	3.606629e+01	8.421715e+01
4.120000e-06	5.174248e-06	1.349705e-09	3.594848e+01	8.407447e+01
4.130000e-06	5.156861e-06	1.268773e-09	3.582769e+01	8.393143e+01
4.140000e-06	5.139064e-06	1.230943e-09	3.570404e+01	8.378813e+01
4.150000e-06	5.121028e-06	1.322734e-09	3.557873e+01	8.364466e+01
4.160000e-06	5.102672e-06	1.298902e-09	3.545121e+01	8.350106e+01
4.170000e-06	5.083926e-06	1.210199e-09	3.532096e+01	8.335735e+01
4.180000e-06	5.064856e-06	1.271221e-09	3.518847e+01	8.321349e+01
4.190000e-06	5.045452e-06	1.334756e-09	3.505367e+01	8.306944e+01
4.200000e-06	5.025675e-06	1.244404e-09	3.491626e+01	8.292510e+01
4.210000e-06	5.005614e-06	1.220660e-09	3.477688e+01	8.278036e+01
4.220000e-06	4.985435e-06	1.311165e-09	3.463669e+01	8.263506e+01
4.230000e-06	4.965024e-06	1.273193e-09	3.449489e+01	8.248902e+01
4.240000e-06	4.944306e-06	1.212808e-09	3.435094e+01	8.234203e+01
4.250000e-06	4.923230e-06	1.277038e-09	3.420452e+01	8.219386e+01
4.260000e-06	4.901508e-06	1.289529e-09	3.405360e+01	8.204426e+01
4.270000e-06	4.879118e-06	1.205169e-09	3.389804e+01	8.189294e+01
4.280000e-06	4.856320e-06	1.253318e-09	3.373966e+01	8.173962e+01
4.290000e-06	4.833102e-06	1.304870e-09	3.357835e+01	8.158399e+01
4.300000e-06	4.809418e-06	1.227947e-09	3.341380e+01	8.142574e+01
4.310000e-06	4.785414e-06	1.200145e-09	3.324703e+01	8.126454e+01
4.320000e-06	4.761158e-06	1.278609e-09	3.307851e+01	8.110008e+01
4.330000e-06	4.736669e-06	1.250443e-09	3.290837e+01	8.093204e+01
4.340000e-06	4.711958e-06	1.203309e-09	3.273669e+01	8.076010e+01
4.350000e-06	4.686924e-06	1.236716e-09	3.256276e+01	8.058396e+01
4.360000e-06	4.661505e-06	1.249166e-09	3.238616e+01	8.040333e+01
4.370000e-06	4.635742e-06	1.205746e-09	3.220718e+01	8.021794e+01
4.380000e-06	4.609620e-06	1.228394e-09	3.202569e+01	8.002753e+01
4.390000e-06	4.583181e-06	1.248198e-09	3.184200e+01	7.983188e+01
4.400000e-06	4.556365e-06	1.218501e-09	3.165569e+01	7.963077e+01
4.410000e-06	4.529200e-06	1.204182e-09	3.146697e+01	7.942404e+01
4.420000e-06	4.501820e-06	1.223751e-09	3.127674e+01	7.921154e+01
4.430000e-06	4.474162e-06	1.217178e-09	3.108459e+01	7.899315e+01
4.440000e-06	4.446234e-06	1.204714e-09	3.089055e+01	7.876880e+01
4.450000e-06	4.418116e-06	1.202366e-09	3.069520e+01	7.853845e+01
4.460000e-06	4.389849e-06	1.197145e-09	3.049881e+01	7.830207e+01
4.470000e-06	4.361381e-06	1.191420e-09	3.030103e+01	7.805970e+01
4.480000e-06	4.332536e-06	1.196186e-09	3.010063e+01	7.781141e+01
4.490000e-06	4.303269e-06	1.198154e-09	2.989729e+01	7.755727e+01
4.500000e-06	4.273704e-06	1.188876e-09	2.969189e+01	7.729743e+01
4.510000e-06	4.243693e-06	1.183543e-09	2.948338e+01	7.703203e+01
4.520000e-06	4.213020e-06	1.178224e-09	2.927028e+01	7.676127e+01
4.530000e-06	4.181832e-06	1.177017e-09	2.905360e+01	7.648536e+01
4.540000e-06	4.150344e-06	1.177928e-09	2.883483e+01	7.620453e+01
4.550000e-06	4.118570e-06	1.175664e-09	2.861408e+01	7.591905e+01
4.560000e-06	4.086509e-06	1.160839e-09	2.839133e+01	7.562918e+01
4.570000e-06	4.054308e-06	1.162672e-09	2.816761e+01	7.533522e+01
4.580000e-06	4.021967e-06	1.168473e-09	2.794292e+01	7.503746e+01
4.590000e-06	3.989336e-06	1.160249e-09	2.771622e+01	7.473620e+01
4.600000e-06	3.956477e-06	1.147728e-09	2.748793e+01	7.443175e+01
4.610000e-06	3.923407e-06	1.152565e-09	2.725817e+01	7.412440e+01
4.620000e-06	3.890018e-06	1.144321e-09	2.702620e+01	7.381445e+01
4.630000e-06	3.856328e-06	1.135712e-09	2.679213e+01	7.350218e+01
4.640000e-06	3.822406e-06	1.135161e-09	2.655646e+01	7.318785e+01
4.650000e-06	3.788248e-06	1.131406e-09	2.631914e+01	7.287171e+01
4.660000e-06	3.753829e-06	1.116404e-09	2.608002e+01	7.255398e+01
4.670000e-06	3.719128e-06	1.120979e-09	2.583893e+01	7.223486e+01
4.680000e-06	3.684102e-06	1.128166e-09	2.559558e+01	7.191451e+01
4.690000e-06	3.648777e-06	1.121951e-09	2.535016e+01	7.159306e+01
4.700000e-06	3.613186e-06	1.114000e-09	2.510289e+01	7.127061e+01
4.710000e-06	3.577349e-06	1.113975e-09	2.485391e+01	7.094721e+01
4.720000e-06	3.541335e-06	1.107328e-09	2.460370e+01	7.062289e+01
4.730000e-06	3.505195e-06	1.099771e-09	2.435261e+01	7.029763e+01
4.740000e-06	3.468939e-06	1.098706e-09	2.410072e+01	6.997135e+01
4.750000e-06	3.432511e-06	1.095539e-09	2.384764e+01	6.964394e+01
4.760000e-06	3.395916e-06	1.087200e-09	2.359339e+01	6.931527e+01
4.770000e-06	3.359101e-06	1.083630e-09	2.333761e+01	6.898515e+01
4.780000e-06	3.321987e-06	1.086129e-09	2.307976e+01	6.865333e+01
4.790000e-06	3.284581e-06	1.082023e-09	2.281988e+01	6.831954e+01
4.800000e-06	3.246825e-06	1.077924e-09	2.255756e+01	6.798349e+01
4.810000e-06	3.208769e-06	1.075431e-09	2.229317e+01	6.764483e+01
4.820000e-06	3.170297e-06	1.069768e-09	2.202588e+01	6.730318e+01
4.830000e-06	3.131270e-06	1.061936e-09	2.175474e+01	6.695815e+01
4.840000e-06	3.091873e-06	1.056868e-09	2.148103e+01	6.660929e+01
4.850000e-06	3.052257e-06	1.047471e-09	2.120579e+01	6.625617e+01
4.860000e-06	3.012401e-06	1.037858e-09	2.092889e+01	6.589831e+01
4.870000e-06	2.972351e-06	1.033492e-09	2.065064e+01	6.553523e+01
4.880000e-06	2.932249e-06	1.032312e-09	2.037202e+01	6.516644e+01
4.890000e-06	2.892101e-06	1.026630e-09	2.009309e+01	6.479144e+01
4.900000e-06	2.851823e-06	1.023981e-09	1.981326e+01	6.440974e+01
4.910000e-06	2.811398e-06	1.018559e-09	1.953240e+01	6.402084e+01
4.920000e-06	2.770805e-06	1.010225e-09	1.925038e+01	6.362426e+01
4.930000e-06	2.730069e-06	1.000060e-09	1.896736e+01	6.321952e+01
4.940000e-06	2.689156e-06	9.931600e-10	1.868312e+01	6.280618e+01
4.950000e-06	2.648047e-06	9.834422e-10	1.839751e+01	6.238378e+01
4.960000e-06	2.606796e-06	9.750971e-10	1.811092e+01	6.195193e+01
4.970000e-06	2.565321e-06	9.701986e-10	1.782277e+01	6.151023e+01
4.980000e-06	2.523607e-06	9.679507e-10	1.753295e+01	6.105833e+01
4.990000e-06	2.481763e-06	9.634410e-10	1.724224e+01	6.059590e+01
5.000000e-06	2.439756e-06	9.579721e-10	1.695039e+01	6.012265e+01
5.010000e-06	2.397550e-06	9.517983e-10	1.665716e+01	5.963833e+01
5.020000e-06	2.355197e-06	9.441259e-10	1.636291e+01	5.914272e+01
5.030000e-06	2.312654e-06	9.348595e-10	1.606734e+01	5.863564e+01
5.040000e-06	2.269947e-06	9.254598e-10	1.577063e+01	5.811694e+01
5.050000e-06	2.227096e-06	9.175587e-10	1.547292e+01	5.758651e+01
5.060000e-06	2.184030e-06	9.110364e-10	1.517372e+01	5.704429e+01
5.070000e-06	2.140773e-06	9.071296e-10	1.487318e+01	5.649023e+01
5.080000e-06	2.097344e-06	9.047902e-10	1.457145e+01	5.592434e+01
5.090000e-06	2.053819e-06	9.020281e-10	1.426906e+01	5.534662e+01
5.100000e-06	2.010162e-06	8.940072e-10	1.396576e+01	5.475715e+01
5.110000e-06	1.966279e-06	8.808104e-10	1.366088e+01	5.415598e+01
5.120000e-06	1.922284e-06	8.651610e-10	1.335522e+01	5.354322e+01
5.130000e-06	1.878261e-06	8.540816e-10	1.304936e+01	5.291898e+01
5.140000e-06	1.834215e-06	8.479661e-10	1.274335e+01	5.228338e+01
5.150000e-06	1.790077e-06	8.445539e-10	1.243670e+01	5.163657e+01
5.160000e-06	1.745822e-06	8.381718e-10	1.212923e+01	5.097867e+01
5.170000e-06	1.701508e-06	8.297968e-10	1.182136e+01	5.030984e+01
5.180000e-06	1.657162e-06	8.190504e-10	1.151326e+01	4.963019e+01
5.190000e-06	1.612745e-06	8.091112e-10	1.120467e+01	4.893985e+01
5.200000e-06	1.568229e-06	7.989933e-10	1.089539e+01	4.823894e+01
5.210000e-06	1.523666e-06	7.893025e-10	1.058578e+01	4.752754e+01
5.220000e-06	1.479095e-06	7.789601e-10	1.027613e+01	4.680573e+01
5.230000e-06	1.434413e-06	7.684152e-10	9.965691e+00	4.607355e+01
5.240000e-06	1.389591e-06	7.564065e-10	9.654293e+00	4.533103e+01
5.250000e-06	1.344760e-06	7.443624e-10	9.342825e+00	4.457814e+01
5.260000e-06	1.299884e-06	7.317413e-10	9.031046e+00	4.381483e+01
5.270000e-06	1.254792e-06	7.177684e-10	8.717763e+00	4.304103e+01
5.280000e-06	1.209328e-06	7.037938e-10	8.401900e+00	4.225660e+01
5.290000e-06	1.163707e-06	6.934383e-10	8.084940e+00	4.146138e+01
5.300000e-06	1.118155e-06	6.861541e-10	7.768469e+00	4.065519e+01
5.310000e-06	1.072605e-06	6.774444e-10	7.452004e+00	3.983776e+01
5.320000e-06	1.027011e-06	6.674993e-10	7.135236e+00	3.900883e+01
5.330000e-06	9.812739e-07	6.546314e-10	6.817475e+00	3.816808e+01
5.340000e-06	9.353409e-07	6.404664e-10	6.498353e+00	3.731516e+01
5.350000e-06	8.892257e-07	6.239902e-10	6.177964e+00	3.644969e+01
5.360000e-06	8.430854e-07	6.088528e-10	5.857400e+00	3.557126e+01
5.370000e-06	7.970647e-07	5.940180e-10	5.537668e+00	3.467942e+01
5.380000e-06	7.510360e-07	5.777961e-10	5.217880e+00	3.377373e+01
5.390000e-06	7.048772e-07	5.637235e-10	4.897188e+00	3.285370e+01
5.400000e-06	6.585919e-07	5.528250e-10	4.575618e+00	3.191886e+01
5.410000e-06	6.122914e-07	5.439644e-10	4.253942e+00	3.096870e+01
5.420000e-06	5.659906e-07	5.320126e-10	3.932263e+00	3.000275e+01
5.430000e-06	5.196639e-07	5.155667e-10	3.610405e+00	2.902052e+01
5.440000e-06	4.732770e-07	4.979219e-10	3.288128e+00	2.802153e+01
5.450000e-06	4.268270e-07	4.773660e-10	2.965413e+00	2.700535e+01
5.460000e-06	3.804330e-07	4.573091e-10	2.643087e+00	2.597154e+01
5.470000e-06	3.339829e-07	4.407086e-10	2.320372e+00	2.491972e+01
5.480000e-06	2.874727e-07	4.275914e-10	1.997239e+00	2.384954e+01
5.490000e-06	2.410103e-07	4.154100e-10	1.674437e+00	2.276070e+01
5.500000e-06	1.945680e-07	4.004984e-10	1.351776e+00	2.165295e+01
5.510000e-06	1.480656e-07	3.830977e-10	1.028697e+00	2.052609e+01
5.520000e-06	1.014661e-07	3.638749e-10	7.049433e-01	1.938002e+01
5.530000e-06	5.489985e-08	3.430126e-10	3.814209e-01	1.821467e+01
5.540000e-06	8.376335e-09	3.230626e-10	5.819523e-02	1.703007e+01
5.550000e-06	-3.819868e-08	3.019860e-10	-2.653883e-01	1.582632e+01
5.560000e-06	-8.479878e-08	2.788813e-10	-5.891460e-01	1.460361e+01
5.570000e-06	-1.314012e-07	2.562268e-10	-9.129199e-01	1.336221e+01
5.580000e-06	-1.780072e-07	2.365216e-10	-1.236719e+00	1.210248e+01
5.590000e-06	-2.246127e-07	2.174039e-10	-1.560514e+00	1.082489e+01
5.600000e-06	-2.711669e-07	1.957974e-10	-1.883953e+00	9.529977e+00
5.610000e-06	-3.176457e-07	1.749660e-10	-2.206868e+00	8.218380e+00
5.620000e-06	-3.641627e-07	1.542670e-10	-2.530048e+00	6.890832e+00
5.630000e-06	-4.107123e-07	1.313854e-10	-2.853455e+00	5.548155e+00
5.640000e-06	-4.572209e-07	1.080384e-10	-3.176577e+00	4.191261e+00
5.650000e-06	-5.035765e-07	8.526547e-11	-3.498636e+00	2.821146e+00
5.660000e-06	-5.498146e-07	5.913534e-11	-3.819879e+00	1.438887e+00
5.670000e-06	-5.961517e-07	3.462387e-11	-4.141810e+00	4.564239e-02
5.680000e-06	-6.424652e-07	1.237588e-11	-4.463576e+00	-1.357361e+00
5.690000e-06	-6.886781e-07	-1.068053e-11	-4.784644e+00	-2.768827e+00
5.700000e-06	-7.348472e-07	-3.432989e-11	-5.105407e+00	-4.187401e+00
5.710000e-06	-7.808973e-07	-5.668594e-11	-5.425344e+00	-5.611673e+00
5.720000e-06	-8.268189e-07	-7.895600e-11	-5.744388e+00	-7.040190e+00
5.730000e-06	-8.727250e-07	-1.021103e-10	-6.063324e+00	-8.471456e+00
5.740000e-06	-9.186445e-07	-1.253459e-10	-6.382353e+00	-9.903952e+00
5.750000e-06	-9.645235e-07	-1.518957e-10	-6.701101e+00	-1.133613e+01
5.760000e-06	-1.010278e-06	-1.800875e-10	-7.018981e+00	-1.276644e+01
5.770000e-06	-1.055920e-06	-2.053124e-10	-7.336084e+00	-1.419331e+01
5.780000e-06	-1.101480e-06	-2.270086e-10	-7.652616e+00	-1.561520e+01
5.790000e-06	-1.146893e-06	-2.466865e-10	-7.968124e+00	-1.703057e+01
5.800000e-06	-1.192150e-06	-2.649053e-10	-8.282555e+00	-1.843789e+01
5.810000e-06	-1.237243e-06	-2.838363e-10	-8.595843e+00	-1.983568e+01
5.820000e-06	-1.282267e-06	-3.055365e-10	-8.908650e+00	-2.122250e+01
5.830000e-06	-1.327259e-06	-3.300652e-10	-9.221234e+00	-2.259695e+01
5.840000e-06	-1.372136e-06	-3.576606e-10	-9.533018e+00	-2.395769e+01
5.850000e-06	-1.416919e-06	-3.853269e-10	-9.844152e+00	-2.530345e+01
5.860000e-06	-1.461654e-06	-4.096012e-10	-1.015496e+01	-2.663302e+01
5.870000e-06	-1.506289e-06	-4.311992e-10	-1.046506e+01	-2.794527e+01
5.880000e-06	-1.550779e-06	-4.513806e-10	-1.077416e+01	-2.923915e+01
5.890000e-06	-1.595157e-06	-4.709536e-10	-1.108248e+01	-3.051369e+01
5.900000e-06	-1.639479e-06	-4.892167e-10	-1.139041e+01	-3.176803e+01
5.910000e-06	-1.683737e-06	-5.080125e-10	-1.169789e+01	-3.300139e+01
5.920000e-06	-1.727966e-06	-5.286582e-10	-1.200518e+01	-3.421308e+01
5.930000e-06	-1.772175e-06	-5.494755e-10	-1.231232e+01	-3.540251e+01
5.940000e-06	-1.816301e-06	-5.698774e-10	-1.261889e+01	-3.656922e+01
5.950000e-06	-1.860355e-06	-5.893107e-10	-1.292496e+01	-3.771279e+01
5.960000e-06	-1.904311e-06	-6.077310e-10	-1.323034e+01	-3.883295e+01
5.970000e-06	-1.948157e-06	-6.261756e-10	-1.353497e+01	-3.992950e+01
5.980000e-06	-1.991935e-06	-6.440124e-10	-1.383912e+01	-4.100234e+01
5.990000e-06	-2.035571e-06	-6.604942e-10	-1.414228e+01	-4.205147e+01
6.000000e-06	-2.079049e-06	-6.758642e-10	-1.444435e+01	-4.307697e+01
6.010000e-06	-2.122405e-06	-6.904078e-10	-1.474557e+01	-4.407899e+01
6.020000e-06	-2.165544e-06	-7.037977e-10	-1.504528e+01	-4.505778e+01
6.030000e-06	-2.208497e-06	-7.173994e-10	-1.534370e+01	-4.601366e+01
6.040000e-06	-2.251316e-06	-7.339725e-10	-1.564119e+01	-4.694702e+01
6.050000e-06	-2.293963e-06	-7.539658e-10	-1.593748e+01	-4.785828e+01
6.060000e-06	-2.336440e-06	-7.747822e-10	-1.623259e+01	-4.874796e+01
6.070000e-06	-2.378733e-06	-7.926189e-10	-1.652643e+01	-4.961660e+01
6.080000e-06	-2.420904e-06	-8.067035e-10	-1.681942e+01	-5.046479e+01
6.090000e-06	-2.462958e-06	-8.174668e-10	-1.711159e+01	-5.129316e+01
6.100000e-06	-2.504831e-06	-8.271384e-10	-1.740250e+01	-5.210234e+01
6.110000e-06	-2.546484e-06	-8.406048e-10	-1.769189e+01	-5.289302e+01
6.120000e-06	-2.587950e-06	-8.591314e-10	-1.797998e+01	-5.366586e+01
6.130000e-06	-2.629122e-06	-8.765035e-10	-1.826602e+01	-5.442156e+01
6.140000e-06	-2.669971e-06	-8.893074e-10	-1.854983e+01	-5.516081e+01
6.150000e-06	-2.710697e-06	-9.029257e-10	-1.883278e+01	-5.588427e+01
6.160000e-06	-2.751341e-06	-9.190834e-10	-1.911515e+01	-5.659263e+01
6.170000e-06	-2.791862e-06	-9.342704e-10	-1.939667e+01	-5.728652e+01
6.180000e-06	-2.832232e-06	-9.486726e-10	-1.967715e+01	-5.796657e+01
6.190000e-06	-2.872490e-06	-9.606206e-10	-1.995684e+01	-5.863337e+01
6.200000e-06	-2.912672e-06	-9.703367e-10	-2.023601e+01	-5.928748e+01
6.210000e-06	-2.952757e-06	-9.790067e-10	-2.051451e+01	-5.992944e+01
6.220000e-06	-2.992701e-06	-9.859298e-10	-2.079202e+01	-6.055973e+01
6.230000e-06	-3.032448e-06	-9.933526e-10	-2.106817e+01	-6.117879e+01
6.240000e-06	-3.071956e-06	-1.004302e-09	-2.134265e+01	-6.178702e+01
6.250000e-06	-3.111189e-06	-1.019866e-09	-2.161523e+01	-6.238479e+01
6.260000e-06	-3.150168e-06	-1.034699e-09	-2.188603e+01	-6.297242e+01
6.270000e-06	-3.188769e-06	-1.046225e-09	-2.215422e+01	-6.355016e+01
6.280000e-06	-3.226896e-06	-1.055405e-09	-2.241911e+01	-6.411824e+01
6.290000e-06	-3.264653e-06	-1.061060e-09	-2.268143e+01	-6.467685e+01
6.300000e-06	-3.302012e-06	-1.063301e-09	-2.294098e+01	-6.522613e+01
6.310000e-06	-3.338990e-06	-1.067698e-09	-2.319789e+01	-6.576617e+01
6.320000e-06	-3.375714e-06	-1.074326e-09	-2.345303e+01	-6.629705e+01
6.330000e-06	-3.412245e-06	-1.080703e-09	-2.370684e+01	-6.681880e+01
6.340000e-06	-3.448598e-06	-1.090481e-09	-2.395940e+01	-6.733141e+01
6.350000e-06	-3.484788e-06	-1.102824e-09	-2.421083e+01	-6.783486e+01
6.360000e-06	-3.520855e-06	-1.114985e-09	-2.446141e+01	-6.832911e+01
6.370000e-06	-3.556801e-06	-1.126945e-09	-2.471115e+01	-6.881409e+01
6.380000e-06	-3.592506e-06	-1.135102e-09	-2.495921e+01	-6.928971e+01
6.390000e-06	-3.627900e-06	-1.137957e-09	-2.520511e+01	-6.975589e+01
6.400000e-06	-3.663006e-06	-1.138561e-09	-2.544902e+01	-7.021252e+01
6.410000e-06	-3.697899e-06	-1.141938e-09	-2.569144e+01	-7.065951e+01
6.420000e-06	-3.732534e-06	-1.150752e-09	-2.593206e+01	-7.109677e+01
6.430000e-06	-3.766915e-06	-1.161751e-09	-2.617093e+01	-7.152419e+01
6.440000e-06	-3.801150e-06	-1.173613e-09	-2.640878e+01	-7.194170e+01
6.450000e-06	-3.835096e-06	-1.182941e-09	-2.664462e+01	-7.234923e+01
6.460000e-06	-3.868699e-06	-1.187688e-09	-2.687808e+01	-7.274673e+01
6.470000e-06	-3.901993e-06	-1.190790e-09	-2.710939e+01	-7.313417e+01
6.480000e-06	-3.934961e-06	-1.195186e-09	-2.733844e+01	-7.351154e+01
6.490000e-06	-3.967669e-06	-1.199926e-09	-2.756569e+01	-7.387885e+01
6.500000e-06	-4.000175e-06	-1.200832e-09	-2.779152e+01	-7.423615e+01
6.510000e-06	-4.032511e-06	-1.200254e-09	-2.801618e+01	-7.458350e+01
6.520000e-06	-4.064730e-06	-1.202354e-09	-2.824003e+01	-7.492100e+01
6.530000e-06	-4.096772e-06	-1.205838e-09	-2.846264e+01	-7.524877e+01
6.540000e-06	-4.128485e-06	-1.210366e-09	-2.868297e+01	-7.556698e+01
6.550000e-06	-4.159795e-06	-1.214797e-09	-2.890050e+01	-7.587580e+01
6.560000e-06	-4.190648e-06	-1.221019e-09	-2.911484e+01	-7.617544e+01
6.570000e-06	-4.221044e-06	-1.227365e-09	-2.932602e+01	-7.646614e+01
6.580000e-06	-4.250921e-06	-1.230879e-09	-2.953360e+01	-7.674817e+01
6.590000e-06	-4.280316e-06	-1.232457e-09	-2.973782e+01	-7.702181e+01
6.600000e-06	-4.309390e-06	-1.233777e-09	-2.993982e+01	-7.728737e+01
6.610000e-06	-4.338169e-06	-1.233929e-09	-3.013976e+01	-7.754517e+01
6.620000e-06	-4.366725e-06	-1.233353e-09	-3.033815e+01	-7.779556e+01
6.630000e-06	-4.395033e-06	-1.237240e-09	-3.053483e+01	-7.803889e+01
6.640000e-06	-4.423118e-06	-1.242562e-09	-3.072995e+01	-7.827552e+01
6.650000e-06	-4.450986e-06	-1.249018e-09	-3.092357e+01	-7.850582e+01
6.660000e-06	-4.478599e-06	-1.256614e-09	-3.111541e+01	-7.873018e+01
6.670000e-06	-4.505897e-06	-1.261400e-09	-3.130506e+01	-7.894895e+01
6.680000e-06	-4.532778e-06	-1.265971e-09	-3.149182e+01	-7.916252e+01
6.690000e-06	-4.559329e-06	-1.270607e-09	-3.167629e+01	-7.937125e+01
6.700000e-06	-4.585623e-06	-1.272921e-09	-3.185897e+01	-7.957549e+01
6.710000e-06	-4.611586e-06	-1.272583e-09	-3.203935e+01	-7.977558e+01
6.720000e-06	-4.637221e-06	-1.272989e-09	-3.221745e+01	-7.997184e+01
6.730000e-06	-4.662507e-06	-1.275496e-09	-3.239313e+01	-8.016460e+01
6.740000e-06	-4.687405e-06	-1.277424e-09	-3.256610e+01	-8.035412e+01
6.750000e-06	-4.712028e-06	-1.279609e-09	-3.273717e+01	-8.054067e+01
6.760000e-06	-4.736453e-06	-1.281435e-09	-3.290687e+01	-8.072450e+01
6.770000e-06	-4.760676e-06	-1.282580e-09	-3.307516e+01	-8.090582e+01
6.780000e-06	-4.784618e-06	-1.285660e-09	-3.324150e+01	-8.108481e+01
6.790000e-06	-4.808261e-06	-1.291361e-09	-3.340576e+01	-8.126163e+01
6.800000e-06	-4.831544e-06	-1.294711e-09	-3.356752e+01	-8.143640e+01
6.810000e-06	-4.854299e-06	-1.295659e-09	-3.372561e+01	-8.160924e+01
6.820000e-06	-4.876543e-06	-1.298065e-09	-3.388016e+01	-8.178021e+01
6.830000e-06	-4.898300e-06	-1.301581e-09	-3.403131e+01	-8.194935e+01
6.840000e-06	-4.919547e-06	-1.306121e-09	-3.417893e+01	-8.211669e+01
6.850000e-06	-4.940396e-06	-1.309353e-09	-3.432378e+01	-8.228222e+01
6.860000e-06	-4.960927e-06	-1.311414e-09	-3.446642e+01	-8.244591e+01
6.870000e-06	-4.981212e-06	-1.314677e-09	-3.460735e+01	-8.260769e+01
6.880000e-06	-5.001252e-06	-1.317692e-09	-3.474658e+01	-8.276751e+01
6.890000e-06	-5.020987e-06	-1.320791e-09	-3.488369e+01	-8.292526e+01
6.900000e-06	-5.040350e-06	-1.324485e-09	-3.501821e+01	-8.308085e+01
6.910000e-06	-5.059359e-06	-1.325736e-09	-3.515029e+01	-8.323415e+01
6.920000e-06	-5.078085e-06	-1.325204e-09	-3.528039e+01	-8.338502e+01
6.930000e-06	-5.096525e-06	-1.327236e-09	-3.540850e+01	-8.353335e+01
6.940000e-06	-5.114647e-06	-1.331018e-09	-3.553440e+01	-8.367898e+01
6.950000e-06	-5.132419e-06	-1.334684e-09	-3.565788e+01	-8.382177e+01
6.960000e-06	-5.149796e-06	-1.338267e-09	-3.577860e+01	-8.396159e+01
6.970000e-06	-5.166768e-06	-1.342175e-09	-3.589651e+01	-8.409828e+01
6.980000e-06	-5.183413e-06	-1.346491e-09	-3.601216e+01	-8.423173e+01
6.990000e-06	-5.199861e-06	-1.349642e-09	-3.612643e+01	-8.436180e+01
7.000000e-06	-5.216123e-06	-1.350781e-09	-3.623942e+01	-8.448839e+01
7.010000e-06	-5.232030e-06	-1.349582e-09	-3.634993e+01	-8.461140e+01
7.020000e-06	-5.247443e-06	-1.346801e-09	-3.645701e+01	-8.473074e+01
7.030000e-06	-5.262298e-06	-1.344420e-09	-3.656022e+01	-8.484634e+01
7.040000e-06	-5.276555e-06	-1.344032e-09	-3.665927e+01	-8.495815e+01
7.050000e-06	-5.290212e-06	-1.345077e-09	-3.675415e+01	-8.506613e+01
7.060000e-06	-5.303318e-06	-1.347293e-09	-3.684520e+01	-8.517027e+01
7.070000e-06	-5.316013e-06	-1.350461e-09	-3.693341e+01	-8.527057e+01
7.080000e-06	-5.328399e-06	-1.354299e-09	-3.701946e+01	-8.536706e+01
7.090000e-06	-5.340438e-06	-1.355336e-09	-3.710310e+01	-8.545977e+01
7.100000e-06	-5.352061e-06	-1.353598e-09	-3.718385e+01	-8.554876e+01
7.110000e-06	-5.363268e-06	-1.351094e-09	-3.726172e+01	-8.563411e+01
7.120000e-06	-5.374091e-06	-1.346331e-09	-3.733691e+01	-8.571590e+01
7.130000e-06	-5.384546e-06	-1.342609e-09	-3.740954e+01	-8.579424e+01
7.140000e-06	-5.394627e-06	-1.341757e-09	-3.747958e+01	-8.586925e+01
7.150000e-06	-5.404293e-06	-1.343903e-09	-3.754674e+01	-8.594104e+01
7.160000e-06	-5.413454e-06	-1.347376e-09	-3.761038e+01	-8.600976e+01
7.170000e-06	-5.422231e-06	-1.351108e-09	-3.767137e+01	-8.607555e+01
7.180000e-06	-5.430847e-06	-1.351821e-09	-3.773122e+01	-8.613854e+01
7.190000e-06	-5.439270e-06	-1.348979e-09	-3.778974e+01	-8.619888e+01
7.200000e-06	-5.447412e-06	-1.348065e-09	-3.784631e+01	-8.625673e+01
7.210000e-06	-5.455266e-06	-1.346232e-09	-3.790088e+01	-8.631220e+01
7.220000e-06	-5.462632e-06	-1.343353e-09	-3.795206e+01	-8.636544e+01
7.230000e-06	-5.469341e-06	-1.341828e-09	-3.799867e+01	-8.641658e+01
7.240000e-06	-5.475510e-06	-1.343401e-09	-3.804152e+01	-8.646572e+01
7.250000e-06	-5.481172e-06	-1.345951e-09	-3.808086e+01	-8.651296e+01
7.260000e-06	-5.486350e-06	-1.345394e-09	-3.811683e+01	-8.655840e+01
7.270000e-06	-5.491119e-06	-1.344803e-09	-3.814997e+01	-8.660209e+01
7.280000e-06	-5.495569e-06	-1.344484e-09	-3.818089e+01	-8.664408e+01
7.290000e-06	-5.499769e-06	-1.344411e-09	-3.821007e+01	-8.668441e+01
7.300000e-06	-5.503673e-06	-1.345084e-09	-3.823719e+01	-8.672309e+01
7.310000e-06	-5.507235e-06	-1.345413e-09	-3.826193e+01	-8.676009e+01
7.320000e-06	-5.510404e-06	-1.344074e-09	-3.828395e+01	-8.679539e+01
7.330000e-06	-5.513201e-06	-1.338967e-09	-3.830339e+01	-8.682893e+01
7.340000e-06	-5.515668e-06	-1.334725e-09	-3.832053e+01	-8.686063e+01
7.350000e-06	-5.517813e-06	-1.334657e-09	-3.833543e+01	-8.689038e+01
7.360000e-06	-5.519688e-06	-1.336705e-09	-3.834845e+01	-8.691807e+01
7.370000e-06	-5.521006e-06	-1.339539e-09	-3.835761e+01	-8.694356e+01
7.380000e-06	-5.521847e-06	-1.340831e-09	-3.836346e+01	-8.696669e+01
7.390000e-06	-5.522488e-06	-1.339640e-09	-3.836791e+01	-8.698728e+01
7.400000e-06	-5.522903e-06	-1.335530e-09	-3.837079e+01	-8.700515e+01
