# Temperatura_=_10.77
# Concentracion g/m^3_=_1620.0
# C_Vs_to_Am_M_A/Vsm_=_65563218390.804596
# pendiente_HvsI_1/m_=_3716.3
# ordenada_HvsI_A/m_=_1297.0
# frecuencia_Hz_=_135105.33583361955

Tiempo_(s)	Campo_(V.s)	Magnetizacion_(V.s)	Campo_(kA/m)	Magnetizacion_(A/m)
0.000000e+00	-5.520527e-06	-7.679094e-10	-3.836809e+01	-4.947969e+01
1.000000e-08	-5.520658e-06	-7.693407e-10	-3.836900e+01	-4.948938e+01
2.000000e-08	-5.520504e-06	-7.712693e-10	-3.836793e+01	-4.950050e+01
3.000000e-08	-5.519889e-06	-7.704660e-10	-3.836366e+01	-4.951282e+01
4.000000e-08	-5.518744e-06	-7.652750e-10	-3.835570e+01	-4.952613e+01
5.000000e-08	-5.517033e-06	-7.593530e-10	-3.834381e+01	-4.954017e+01
6.000000e-08	-5.514697e-06	-7.531360e-10	-3.832758e+01	-4.955468e+01
7.000000e-08	-5.511795e-06	-7.414413e-10	-3.830740e+01	-4.956938e+01
8.000000e-08	-5.508449e-06	-7.368859e-10	-3.828415e+01	-4.958399e+01
9.000000e-08	-5.504677e-06	-7.502216e-10	-3.825794e+01	-4.959821e+01
1.000000e-07	-5.500534e-06	-7.641689e-10	-3.822914e+01	-4.961174e+01
1.100000e-07	-5.496132e-06	-7.726555e-10	-3.819855e+01	-4.962427e+01
1.200000e-07	-5.491513e-06	-7.172053e-10	-3.816645e+01	-4.963550e+01
1.300000e-07	-5.486572e-06	-7.112988e-10	-3.813210e+01	-4.964513e+01
1.400000e-07	-5.481231e-06	-7.189909e-10	-3.809498e+01	-4.965286e+01
1.500000e-07	-5.475485e-06	-7.344583e-10	-3.805504e+01	-4.965842e+01
1.600000e-07	-5.469362e-06	-7.212498e-10	-3.801249e+01	-4.966151e+01
1.700000e-07	-5.462878e-06	-7.111567e-10	-3.796743e+01	-4.966189e+01
1.800000e-07	-5.455993e-06	-7.502626e-10	-3.791958e+01	-4.965930e+01
1.900000e-07	-5.448686e-06	-7.468376e-10	-3.786879e+01	-4.965353e+01
2.000000e-07	-5.441061e-06	-7.432721e-10	-3.781580e+01	-4.964436e+01
2.100000e-07	-5.433200e-06	-7.296790e-10	-3.776116e+01	-4.963161e+01
2.200000e-07	-5.425090e-06	-7.633717e-10	-3.770480e+01	-4.961512e+01
2.300000e-07	-5.416663e-06	-7.696186e-10	-3.764623e+01	-4.959474e+01
2.400000e-07	-5.407747e-06	-7.851220e-10	-3.758426e+01	-4.957038e+01
2.500000e-07	-5.398220e-06	-7.731531e-10	-3.751805e+01	-4.954194e+01
2.600000e-07	-5.388073e-06	-7.798892e-10	-3.744753e+01	-4.950936e+01
2.700000e-07	-5.377279e-06	-7.695966e-10	-3.737251e+01	-4.947261e+01
2.800000e-07	-5.365914e-06	-7.766189e-10	-3.729352e+01	-4.943168e+01
2.900000e-07	-5.354201e-06	-7.758298e-10	-3.721211e+01	-4.938660e+01
3.000000e-07	-5.342195e-06	-7.783527e-10	-3.712867e+01	-4.933740e+01
3.100000e-07	-5.329816e-06	-7.821992e-10	-3.704264e+01	-4.928416e+01
3.200000e-07	-5.317000e-06	-7.816200e-10	-3.695356e+01	-4.922696e+01
3.300000e-07	-5.303734e-06	-7.753566e-10	-3.686136e+01	-4.916592e+01
3.400000e-07	-5.290103e-06	-7.673875e-10	-3.676663e+01	-4.910117e+01
3.500000e-07	-5.276146e-06	-7.626249e-10	-3.666962e+01	-4.903285e+01
3.600000e-07	-5.261620e-06	-7.558139e-10	-3.656867e+01	-4.896113e+01
3.700000e-07	-5.246516e-06	-7.628283e-10	-3.646369e+01	-4.888620e+01
3.800000e-07	-5.230923e-06	-7.727612e-10	-3.635532e+01	-4.880823e+01
3.900000e-07	-5.214864e-06	-7.660222e-10	-3.624371e+01	-4.872743e+01
4.000000e-07	-5.198463e-06	-7.499184e-10	-3.612972e+01	-4.864400e+01
4.100000e-07	-5.181746e-06	-7.654585e-10	-3.601354e+01	-4.855815e+01
4.200000e-07	-5.164684e-06	-7.665195e-10	-3.589496e+01	-4.847009e+01
4.300000e-07	-5.147303e-06	-7.537751e-10	-3.577416e+01	-4.838004e+01
4.400000e-07	-5.129549e-06	-7.475958e-10	-3.565077e+01	-4.828819e+01
4.500000e-07	-5.111288e-06	-7.706631e-10	-3.552385e+01	-4.819476e+01
4.600000e-07	-5.092617e-06	-7.527951e-10	-3.539409e+01	-4.809992e+01
4.700000e-07	-5.073633e-06	-7.385597e-10	-3.526214e+01	-4.800388e+01
4.800000e-07	-5.054365e-06	-7.471909e-10	-3.512823e+01	-4.790679e+01
4.900000e-07	-5.034846e-06	-7.600286e-10	-3.499257e+01	-4.780883e+01
5.000000e-07	-5.015079e-06	-7.316935e-10	-3.485519e+01	-4.771013e+01
5.100000e-07	-4.995094e-06	-7.350217e-10	-3.471630e+01	-4.761083e+01
5.200000e-07	-4.974738e-06	-7.465792e-10	-3.457481e+01	-4.751104e+01
5.300000e-07	-4.953974e-06	-7.411381e-10	-3.443050e+01	-4.741086e+01
5.400000e-07	-4.932947e-06	-7.293335e-10	-3.428437e+01	-4.731036e+01
5.500000e-07	-4.911623e-06	-7.458756e-10	-3.413616e+01	-4.720960e+01
5.600000e-07	-4.889921e-06	-7.354873e-10	-3.398533e+01	-4.710863e+01
5.700000e-07	-4.867803e-06	-7.163152e-10	-3.383161e+01	-4.700746e+01
5.800000e-07	-4.845304e-06	-7.201086e-10	-3.367524e+01	-4.690610e+01
5.900000e-07	-4.822484e-06	-7.303791e-10	-3.351664e+01	-4.680454e+01
6.000000e-07	-4.799286e-06	-7.170174e-10	-3.335541e+01	-4.670274e+01
6.100000e-07	-4.775824e-06	-7.175756e-10	-3.319235e+01	-4.660067e+01
6.200000e-07	-4.752243e-06	-7.228982e-10	-3.302846e+01	-4.649824e+01
6.300000e-07	-4.728434e-06	-7.075894e-10	-3.286299e+01	-4.639540e+01
6.400000e-07	-4.704307e-06	-7.004281e-10	-3.269530e+01	-4.629206e+01
6.500000e-07	-4.679814e-06	-7.097328e-10	-3.252507e+01	-4.618811e+01
6.600000e-07	-4.654867e-06	-7.060515e-10	-3.235169e+01	-4.608345e+01
6.700000e-07	-4.629425e-06	-6.941632e-10	-3.217487e+01	-4.597797e+01
6.800000e-07	-4.603375e-06	-7.011771e-10	-3.199381e+01	-4.587155e+01
6.900000e-07	-4.576682e-06	-6.977464e-10	-3.180830e+01	-4.576406e+01
7.000000e-07	-4.549599e-06	-6.868712e-10	-3.162007e+01	-4.565538e+01
7.100000e-07	-4.522283e-06	-6.852953e-10	-3.143022e+01	-4.554538e+01
7.200000e-07	-4.494749e-06	-6.918895e-10	-3.123886e+01	-4.543395e+01
7.300000e-07	-4.467042e-06	-6.832508e-10	-3.104629e+01	-4.532096e+01
7.400000e-07	-4.439134e-06	-6.857427e-10	-3.085233e+01	-4.520629e+01
7.500000e-07	-4.410942e-06	-6.872766e-10	-3.065639e+01	-4.508985e+01
7.600000e-07	-4.382497e-06	-6.803731e-10	-3.045870e+01	-4.497151e+01
7.700000e-07	-4.353762e-06	-6.707319e-10	-3.025899e+01	-4.485121e+01
7.800000e-07	-4.324648e-06	-6.726485e-10	-3.005664e+01	-4.472883e+01
7.900000e-07	-4.295223e-06	-6.637931e-10	-2.985214e+01	-4.460433e+01
8.000000e-07	-4.265548e-06	-6.622981e-10	-2.964589e+01	-4.447763e+01
8.100000e-07	-4.235626e-06	-6.675304e-10	-2.943793e+01	-4.434868e+01
8.200000e-07	-4.205447e-06	-6.689441e-10	-2.922818e+01	-4.421745e+01
8.300000e-07	-4.174883e-06	-6.596411e-10	-2.901576e+01	-4.408391e+01
8.400000e-07	-4.143962e-06	-6.599660e-10	-2.880086e+01	-4.394804e+01
8.500000e-07	-4.112763e-06	-6.567099e-10	-2.858402e+01	-4.380984e+01
8.600000e-07	-4.081336e-06	-6.471548e-10	-2.836561e+01	-4.366932e+01
8.700000e-07	-4.049786e-06	-6.404603e-10	-2.814633e+01	-4.352650e+01
8.800000e-07	-4.018097e-06	-6.398591e-10	-2.792609e+01	-4.338140e+01
8.900000e-07	-3.986210e-06	-6.330800e-10	-2.770447e+01	-4.323406e+01
9.000000e-07	-3.954051e-06	-6.289198e-10	-2.748096e+01	-4.308452e+01
9.100000e-07	-3.921618e-06	-6.297508e-10	-2.725555e+01	-4.293283e+01
9.200000e-07	-3.888880e-06	-6.270399e-10	-2.702802e+01	-4.277905e+01
9.300000e-07	-3.855696e-06	-6.243553e-10	-2.679739e+01	-4.262323e+01
9.400000e-07	-3.821944e-06	-6.275296e-10	-2.656281e+01	-4.246543e+01
9.500000e-07	-3.787702e-06	-6.278523e-10	-2.632482e+01	-4.230571e+01
9.600000e-07	-3.753127e-06	-6.205444e-10	-2.608453e+01	-4.214414e+01
9.700000e-07	-3.718241e-06	-6.180242e-10	-2.584206e+01	-4.198076e+01
9.800000e-07	-3.683075e-06	-6.158693e-10	-2.559766e+01	-4.181563e+01
9.900000e-07	-3.647669e-06	-6.105584e-10	-2.535158e+01	-4.164879e+01
1.000000e-06	-3.612016e-06	-6.049951e-10	-2.510379e+01	-4.148029e+01
1.010000e-06	-3.576164e-06	-6.060275e-10	-2.485462e+01	-4.131015e+01
1.020000e-06	-3.540172e-06	-6.027209e-10	-2.460447e+01	-4.113840e+01
1.030000e-06	-3.504024e-06	-6.002808e-10	-2.435324e+01	-4.096504e+01
1.040000e-06	-3.467639e-06	-5.987679e-10	-2.410036e+01	-4.079007e+01
1.050000e-06	-3.431023e-06	-5.952818e-10	-2.384588e+01	-4.061348e+01
1.060000e-06	-3.394152e-06	-5.854328e-10	-2.358962e+01	-4.043525e+01
1.070000e-06	-3.356964e-06	-5.814737e-10	-2.333116e+01	-4.025533e+01
1.080000e-06	-3.319525e-06	-5.796231e-10	-2.307096e+01	-4.007366e+01
1.090000e-06	-3.281904e-06	-5.773546e-10	-2.280949e+01	-3.989018e+01
1.100000e-06	-3.244129e-06	-5.726963e-10	-2.254695e+01	-3.970480e+01
1.110000e-06	-3.206159e-06	-5.693334e-10	-2.228306e+01	-3.951743e+01
1.120000e-06	-3.167891e-06	-5.633325e-10	-2.201709e+01	-3.932795e+01
1.130000e-06	-3.129335e-06	-5.611475e-10	-2.174912e+01	-3.913624e+01
1.140000e-06	-3.090570e-06	-5.626012e-10	-2.147970e+01	-3.894216e+01
1.150000e-06	-3.051605e-06	-5.626139e-10	-2.120889e+01	-3.874555e+01
1.160000e-06	-3.012480e-06	-5.597433e-10	-2.093697e+01	-3.854627e+01
1.170000e-06	-2.973217e-06	-5.574627e-10	-2.066409e+01	-3.834413e+01
1.180000e-06	-2.933776e-06	-5.531499e-10	-2.038997e+01	-3.813896e+01
1.190000e-06	-2.894189e-06	-5.489600e-10	-2.011484e+01	-3.793056e+01
1.200000e-06	-2.854512e-06	-5.471977e-10	-1.983908e+01	-3.771875e+01
1.210000e-06	-2.814699e-06	-5.468566e-10	-1.956238e+01	-3.750332e+01
1.220000e-06	-2.774665e-06	-5.462060e-10	-1.928414e+01	-3.728405e+01
1.230000e-06	-2.734476e-06	-5.472590e-10	-1.900482e+01	-3.706076e+01
1.240000e-06	-2.694186e-06	-5.464158e-10	-1.872480e+01	-3.683322e+01
1.250000e-06	-2.653677e-06	-5.404945e-10	-1.844326e+01	-3.660122e+01
1.260000e-06	-2.612936e-06	-5.356751e-10	-1.816011e+01	-3.636456e+01
1.270000e-06	-2.571852e-06	-5.317994e-10	-1.787457e+01	-3.612303e+01
1.280000e-06	-2.530435e-06	-5.288399e-10	-1.758672e+01	-3.587641e+01
1.290000e-06	-2.488790e-06	-5.234881e-10	-1.729729e+01	-3.562450e+01
1.300000e-06	-2.446805e-06	-5.188061e-10	-1.700549e+01	-3.536711e+01
1.310000e-06	-2.404476e-06	-5.134203e-10	-1.671129e+01	-3.510405e+01
1.320000e-06	-2.361819e-06	-5.084246e-10	-1.641483e+01	-3.483511e+01
1.330000e-06	-2.318884e-06	-5.069280e-10	-1.611642e+01	-3.456013e+01
1.340000e-06	-2.275759e-06	-5.063963e-10	-1.581670e+01	-3.427892e+01
1.350000e-06	-2.232564e-06	-5.008220e-10	-1.551649e+01	-3.399130e+01
1.360000e-06	-2.189228e-06	-4.927339e-10	-1.521530e+01	-3.369712e+01
1.370000e-06	-2.145666e-06	-4.831680e-10	-1.491254e+01	-3.339621e+01
1.380000e-06	-2.101974e-06	-4.754194e-10	-1.460889e+01	-3.308840e+01
1.390000e-06	-2.058254e-06	-4.681874e-10	-1.430503e+01	-3.277356e+01
1.400000e-06	-2.014510e-06	-4.627298e-10	-1.400100e+01	-3.245153e+01
1.410000e-06	-1.970729e-06	-4.572103e-10	-1.369672e+01	-3.212215e+01
1.420000e-06	-1.926837e-06	-4.522665e-10	-1.339166e+01	-3.178530e+01
1.430000e-06	-1.882769e-06	-4.481166e-10	-1.308539e+01	-3.144080e+01
1.440000e-06	-1.838588e-06	-4.442480e-10	-1.277833e+01	-3.108854e+01
1.450000e-06	-1.794301e-06	-4.359110e-10	-1.247053e+01	-3.072834e+01
1.460000e-06	-1.749898e-06	-4.245531e-10	-1.216193e+01	-3.036007e+01
1.470000e-06	-1.705364e-06	-4.145383e-10	-1.185241e+01	-2.998356e+01
1.480000e-06	-1.660690e-06	-4.048515e-10	-1.154193e+01	-2.959866e+01
1.490000e-06	-1.615923e-06	-3.975238e-10	-1.123079e+01	-2.920519e+01
1.500000e-06	-1.571029e-06	-3.939109e-10	-1.091877e+01	-2.880299e+01
1.510000e-06	-1.525946e-06	-3.902907e-10	-1.060544e+01	-2.839186e+01
1.520000e-06	-1.480765e-06	-3.839567e-10	-1.029143e+01	-2.797162e+01
1.530000e-06	-1.435541e-06	-3.746624e-10	-9.977120e+00	-2.754207e+01
1.540000e-06	-1.390186e-06	-3.661082e-10	-9.661902e+00	-2.710298e+01
1.550000e-06	-1.344664e-06	-3.576944e-10	-9.345519e+00	-2.665414e+01
1.560000e-06	-1.299057e-06	-3.473321e-10	-9.028548e+00	-2.619532e+01
1.570000e-06	-1.253397e-06	-3.372593e-10	-8.711204e+00	-2.572626e+01
1.580000e-06	-1.207683e-06	-3.290480e-10	-8.393493e+00	-2.524672e+01
1.590000e-06	-1.161873e-06	-3.238910e-10	-8.075111e+00	-2.475642e+01
1.600000e-06	-1.115915e-06	-3.193745e-10	-7.755696e+00	-2.425511e+01
1.610000e-06	-1.069896e-06	-3.146360e-10	-7.435861e+00	-2.374249e+01
1.620000e-06	-1.023890e-06	-3.048471e-10	-7.116118e+00	-2.321828e+01
1.630000e-06	-9.778611e-07	-2.936802e-10	-6.796211e+00	-2.268220e+01
1.640000e-06	-9.317607e-07	-2.811421e-10	-6.475809e+00	-2.213394e+01
1.650000e-06	-8.856537e-07	-2.713995e-10	-6.155362e+00	-2.157322e+01
1.660000e-06	-8.394185e-07	-2.648160e-10	-5.834024e+00	-2.099975e+01
1.670000e-06	-7.929352e-07	-2.582342e-10	-5.510961e+00	-2.041324e+01
1.680000e-06	-7.464892e-07	-2.514900e-10	-5.188158e+00	-1.981340e+01
1.690000e-06	-7.000780e-07	-2.449264e-10	-4.865597e+00	-1.919999e+01
1.700000e-06	-6.535368e-07	-2.350702e-10	-4.542132e+00	-1.857273e+01
1.710000e-06	-6.069478e-07	-2.227248e-10	-4.218335e+00	-1.793140e+01
1.720000e-06	-5.604072e-07	-2.106875e-10	-3.894873e+00	-1.727578e+01
1.730000e-06	-5.138843e-07	-2.015762e-10	-3.571536e+00	-1.660568e+01
1.740000e-06	-4.672906e-07	-1.945849e-10	-3.247706e+00	-1.592093e+01
1.750000e-06	-4.206239e-07	-1.878692e-10	-2.923369e+00	-1.522141e+01
1.760000e-06	-3.738351e-07	-1.797017e-10	-2.598183e+00	-1.450701e+01
1.770000e-06	-3.269640e-07	-1.688072e-10	-2.272425e+00	-1.377768e+01
1.780000e-06	-2.801317e-07	-1.584262e-10	-1.946937e+00	-1.303339e+01
1.790000e-06	-2.332991e-07	-1.457749e-10	-1.621447e+00	-1.227417e+01
1.800000e-06	-1.864442e-07	-1.315013e-10	-1.295802e+00	-1.150009e+01
1.810000e-06	-1.396181e-07	-1.167126e-10	-9.703568e-01	-1.071128e+01
1.820000e-06	-9.277065e-08	-1.041235e-10	-6.447632e-01	-9.907897e+00
1.830000e-06	-4.590265e-08	-9.467769e-11	-3.190270e-01	-9.090183e+00
1.840000e-06	8.629053e-10	-8.580869e-11	5.997259e-03	-8.258418e+00
1.850000e-06	4.751946e-08	-7.787944e-11	3.302639e-01	-7.412943e+00
1.860000e-06	9.425235e-08	-6.854032e-11	6.550611e-01	-6.554158e+00
1.870000e-06	1.410602e-07	-5.548289e-11	9.803795e-01	-5.682521e+00
1.880000e-06	1.878910e-07	-4.245679e-11	1.305857e+00	-4.798551e+00
1.890000e-06	2.347251e-07	-2.757092e-11	1.631358e+00	-3.902825e+00
1.900000e-06	2.815246e-07	-1.346533e-11	1.956618e+00	-2.995978e+00
1.910000e-06	3.283336e-07	6.146206e-13	2.281944e+00	-2.078702e+00
1.920000e-06	3.750547e-07	1.223646e-11	2.606660e+00	-1.151745e+00
1.930000e-06	4.217097e-07	2.129774e-11	2.930915e+00	-2.159086e-01
1.940000e-06	4.683237e-07	2.958710e-11	3.254886e+00	7.279543e-01
1.950000e-06	5.149255e-07	3.855409e-11	3.578772e+00	1.678943e+00
1.960000e-06	5.615090e-07	5.225077e-11	3.902531e+00	2.636114e+00
1.970000e-06	6.080121e-07	6.848799e-11	4.225732e+00	3.598479e+00
1.980000e-06	6.545610e-07	8.602881e-11	4.549250e+00	4.565017e+00
1.990000e-06	7.010202e-07	1.026135e-10	4.872145e+00	5.534671e+00
2.000000e-06	7.473698e-07	1.168147e-10	5.194278e+00	6.506360e+00
2.010000e-06	7.936891e-07	1.278288e-10	5.516201e+00	7.478978e+00
2.020000e-06	8.398999e-07	1.373259e-10	5.837370e+00	8.451404e+00
2.030000e-06	8.860460e-07	1.473827e-10	6.158088e+00	9.422503e+00
2.040000e-06	9.321011e-07	1.588966e-10	6.478176e+00	1.039114e+01
2.050000e-06	9.780721e-07	1.720663e-10	6.797677e+00	1.135616e+01
2.060000e-06	1.024050e-06	1.873900e-10	7.117231e+00	1.231645e+01
2.070000e-06	1.069968e-06	2.049437e-10	7.436361e+00	1.327088e+01
2.080000e-06	1.115848e-06	2.216997e-10	7.755233e+00	1.421834e+01
2.090000e-06	1.161737e-06	2.369132e-10	8.074163e+00	1.515776e+01
2.100000e-06	1.207432e-06	2.503958e-10	8.391747e+00	1.608807e+01
2.110000e-06	1.252996e-06	2.621699e-10	8.708422e+00	1.700826e+01
2.120000e-06	1.298538e-06	2.744284e-10	9.024941e+00	1.791736e+01
2.130000e-06	1.343993e-06	2.869856e-10	9.340858e+00	1.881442e+01
2.140000e-06	1.389426e-06	2.984765e-10	9.656620e+00	1.969857e+01
2.150000e-06	1.434744e-06	3.106050e-10	9.971581e+00	2.056896e+01
2.160000e-06	1.479937e-06	3.242794e-10	1.028567e+01	2.142482e+01
2.170000e-06	1.525068e-06	3.383531e-10	1.059934e+01	2.226545e+01
2.180000e-06	1.570111e-06	3.506813e-10	1.091239e+01	2.309018e+01
2.190000e-06	1.615065e-06	3.618266e-10	1.122483e+01	2.389843e+01
2.200000e-06	1.659837e-06	3.715175e-10	1.153600e+01	2.468968e+01
2.210000e-06	1.704379e-06	3.795629e-10	1.184557e+01	2.546349e+01
2.220000e-06	1.748829e-06	3.881594e-10	1.215450e+01	2.621948e+01
2.230000e-06	1.793194e-06	3.976505e-10	1.246284e+01	2.695734e+01
2.240000e-06	1.837341e-06	4.073647e-10	1.276966e+01	2.767683e+01
2.250000e-06	1.881329e-06	4.164258e-10	1.307538e+01	2.837780e+01
2.260000e-06	1.925256e-06	4.257051e-10	1.338068e+01	2.906015e+01
2.270000e-06	1.969110e-06	4.349886e-10	1.368547e+01	2.972384e+01
2.280000e-06	2.012869e-06	4.442523e-10	1.398960e+01	3.036892e+01
2.290000e-06	2.056556e-06	4.538648e-10	1.429322e+01	3.099549e+01
2.300000e-06	2.100189e-06	4.636967e-10	1.459648e+01	3.160371e+01
2.310000e-06	2.143786e-06	4.713931e-10	1.489948e+01	3.219379e+01
2.320000e-06	2.187279e-06	4.771324e-10	1.520176e+01	3.276602e+01
2.330000e-06	2.230664e-06	4.811133e-10	1.550329e+01	3.332071e+01
2.340000e-06	2.273928e-06	4.843753e-10	1.580398e+01	3.385822e+01
2.350000e-06	2.316952e-06	4.894972e-10	1.610300e+01	3.437896e+01
2.360000e-06	2.359747e-06	4.975945e-10	1.640043e+01	3.488338e+01
2.370000e-06	2.402370e-06	5.072712e-10	1.669666e+01	3.537195e+01
2.380000e-06	2.444745e-06	5.167327e-10	1.699117e+01	3.584517e+01
2.390000e-06	2.486796e-06	5.253850e-10	1.728343e+01	3.630355e+01
2.400000e-06	2.528556e-06	5.324599e-10	1.757366e+01	3.674763e+01
2.410000e-06	2.569990e-06	5.392993e-10	1.786163e+01	3.717796e+01
2.420000e-06	2.611079e-06	5.465120e-10	1.814720e+01	3.759509e+01
2.430000e-06	2.651889e-06	5.521801e-10	1.843083e+01	3.799957e+01
2.440000e-06	2.692430e-06	5.579826e-10	1.871260e+01	3.839196e+01
2.450000e-06	2.732696e-06	5.655725e-10	1.899245e+01	3.877279e+01
2.460000e-06	2.772726e-06	5.723499e-10	1.927066e+01	3.914261e+01
2.470000e-06	2.812615e-06	5.772837e-10	1.954789e+01	3.950192e+01
2.480000e-06	2.852354e-06	5.806031e-10	1.982408e+01	3.985122e+01
2.490000e-06	2.891960e-06	5.854408e-10	2.009935e+01	4.019100e+01
2.500000e-06	2.931473e-06	5.922237e-10	2.037397e+01	4.052168e+01
2.510000e-06	2.970841e-06	5.974492e-10	2.064758e+01	4.084371e+01
2.520000e-06	3.010053e-06	6.016949e-10	2.092011e+01	4.115748e+01
2.530000e-06	3.049063e-06	6.059627e-10	2.119123e+01	4.146335e+01
2.540000e-06	3.087876e-06	6.083210e-10	2.146098e+01	4.176165e+01
2.550000e-06	3.126450e-06	6.091505e-10	2.172907e+01	4.205268e+01
2.560000e-06	3.164760e-06	6.119917e-10	2.199533e+01	4.233671e+01
2.570000e-06	3.202878e-06	6.166273e-10	2.226025e+01	4.261398e+01
2.580000e-06	3.240825e-06	6.203032e-10	2.252399e+01	4.288469e+01
2.590000e-06	3.278519e-06	6.237343e-10	2.278596e+01	4.314900e+01
2.600000e-06	3.315981e-06	6.277680e-10	2.304633e+01	4.340707e+01
2.610000e-06	3.353235e-06	6.334749e-10	2.330524e+01	4.365900e+01
2.620000e-06	3.390290e-06	6.394449e-10	2.356278e+01	4.390488e+01
2.630000e-06	3.427129e-06	6.434341e-10	2.381881e+01	4.414478e+01
2.640000e-06	3.463671e-06	6.447347e-10	2.407278e+01	4.437873e+01
2.650000e-06	3.499961e-06	6.451417e-10	2.432500e+01	4.460675e+01
2.660000e-06	3.536006e-06	6.459016e-10	2.457552e+01	4.482886e+01
2.670000e-06	3.571830e-06	6.476324e-10	2.482450e+01	4.504503e+01
2.680000e-06	3.607506e-06	6.523378e-10	2.507244e+01	4.525525e+01
2.690000e-06	3.643076e-06	6.587253e-10	2.531966e+01	4.545949e+01
2.700000e-06	3.678563e-06	6.645768e-10	2.556630e+01	4.565772e+01
2.710000e-06	3.713888e-06	6.703171e-10	2.581181e+01	4.584989e+01
2.720000e-06	3.748911e-06	6.779601e-10	2.605522e+01	4.603597e+01
2.730000e-06	3.783556e-06	6.848421e-10	2.629601e+01	4.621593e+01
2.740000e-06	3.817733e-06	6.868236e-10	2.653354e+01	4.638974e+01
2.750000e-06	3.851427e-06	6.858729e-10	2.676772e+01	4.655739e+01
2.760000e-06	3.884667e-06	6.865086e-10	2.699874e+01	4.671885e+01
2.770000e-06	3.917574e-06	6.892033e-10	2.722744e+01	4.687415e+01
2.780000e-06	3.950170e-06	6.941549e-10	2.745399e+01	4.702329e+01
2.790000e-06	3.982427e-06	7.021644e-10	2.767818e+01	4.716631e+01
2.800000e-06	4.014410e-06	7.104562e-10	2.790046e+01	4.730326e+01
2.810000e-06	4.046172e-06	7.154912e-10	2.812121e+01	4.743421e+01
2.820000e-06	4.077774e-06	7.171663e-10	2.834085e+01	4.755925e+01
2.830000e-06	4.109253e-06	7.158132e-10	2.855963e+01	4.767849e+01
2.840000e-06	4.140537e-06	7.128856e-10	2.877705e+01	4.779205e+01
2.850000e-06	4.171423e-06	7.109375e-10	2.899171e+01	4.790007e+01
2.860000e-06	4.201999e-06	7.113004e-10	2.920422e+01	4.800271e+01
2.870000e-06	4.232398e-06	7.142465e-10	2.941549e+01	4.810017e+01
2.880000e-06	4.262463e-06	7.211059e-10	2.962445e+01	4.819262e+01
2.890000e-06	4.292176e-06	7.284204e-10	2.983096e+01	4.828028e+01
2.900000e-06	4.321550e-06	7.337536e-10	3.003511e+01	4.836337e+01
2.910000e-06	4.350629e-06	7.374916e-10	3.023721e+01	4.844212e+01
2.920000e-06	4.379459e-06	7.372178e-10	3.043758e+01	4.851678e+01
2.930000e-06	4.407970e-06	7.341940e-10	3.063573e+01	4.858760e+01
2.940000e-06	4.436152e-06	7.321974e-10	3.083160e+01	4.865483e+01
2.950000e-06	4.464100e-06	7.325207e-10	3.102585e+01	4.871872e+01
2.960000e-06	4.491919e-06	7.347305e-10	3.121919e+01	4.877954e+01
2.970000e-06	4.519570e-06	7.387102e-10	3.141136e+01	4.883753e+01
2.980000e-06	4.546968e-06	7.421735e-10	3.160178e+01	4.889295e+01
2.990000e-06	4.574115e-06	7.422086e-10	3.179045e+01	4.894604e+01
3.000000e-06	4.600960e-06	7.398275e-10	3.197703e+01	4.899703e+01
3.010000e-06	4.627356e-06	7.367813e-10	3.216049e+01	4.904615e+01
3.020000e-06	4.653117e-06	7.343733e-10	3.233953e+01	4.909360e+01
3.030000e-06	4.678224e-06	7.355261e-10	3.251402e+01	4.913957e+01
3.040000e-06	4.702801e-06	7.387391e-10	3.268483e+01	4.918424e+01
3.050000e-06	4.726946e-06	7.413586e-10	3.285264e+01	4.922777e+01
3.060000e-06	4.750829e-06	7.425444e-10	3.301863e+01	4.927029e+01
3.070000e-06	4.774505e-06	7.432861e-10	3.318318e+01	4.931192e+01
3.080000e-06	4.797909e-06	7.434863e-10	3.334584e+01	4.935276e+01
3.090000e-06	4.821042e-06	7.416535e-10	3.350662e+01	4.939288e+01
3.100000e-06	4.843879e-06	7.385409e-10	3.366533e+01	4.943234e+01
3.110000e-06	4.866301e-06	7.368637e-10	3.382117e+01	4.947115e+01
3.120000e-06	4.888377e-06	7.362694e-10	3.397460e+01	4.950934e+01
3.130000e-06	4.910166e-06	7.365426e-10	3.412603e+01	4.954689e+01
3.140000e-06	4.931642e-06	7.378691e-10	3.427529e+01	4.958376e+01
3.150000e-06	4.952820e-06	7.388787e-10	3.442248e+01	4.961991e+01
3.160000e-06	4.973559e-06	7.392054e-10	3.456662e+01	4.965526e+01
3.170000e-06	4.993851e-06	7.398204e-10	3.470765e+01	4.968974e+01
3.180000e-06	5.013883e-06	7.412878e-10	3.484688e+01	4.972325e+01
3.190000e-06	5.033725e-06	7.432106e-10	3.498478e+01	4.975568e+01
3.200000e-06	5.053355e-06	7.461720e-10	3.512121e+01	4.978691e+01
3.210000e-06	5.072683e-06	7.470668e-10	3.525554e+01	4.981681e+01
3.220000e-06	5.091622e-06	7.475309e-10	3.538717e+01	4.984525e+01
3.230000e-06	5.110291e-06	7.501336e-10	3.551692e+01	4.987211e+01
3.240000e-06	5.128623e-06	7.532341e-10	3.564433e+01	4.989724e+01
3.250000e-06	5.146418e-06	7.540857e-10	3.576801e+01	4.992052e+01
3.260000e-06	5.163832e-06	7.495124e-10	3.588903e+01	4.994183e+01
3.270000e-06	5.180897e-06	7.437105e-10	3.600764e+01	4.996103e+01
3.280000e-06	5.197539e-06	7.418201e-10	3.612330e+01	4.997803e+01
3.290000e-06	5.213880e-06	7.446796e-10	3.623687e+01	4.999273e+01
3.300000e-06	5.229885e-06	7.504822e-10	3.634811e+01	5.000504e+01
3.310000e-06	5.245450e-06	7.559052e-10	3.645629e+01	5.001490e+01
3.320000e-06	5.260585e-06	7.583036e-10	3.656147e+01	5.002226e+01
3.330000e-06	5.275359e-06	7.570600e-10	3.666415e+01	5.002708e+01
3.340000e-06	5.289770e-06	7.543398e-10	3.676431e+01	5.002935e+01
3.350000e-06	5.303658e-06	7.513361e-10	3.686084e+01	5.002909e+01
3.360000e-06	5.317072e-06	7.490733e-10	3.695407e+01	5.002632e+01
3.370000e-06	5.330085e-06	7.499639e-10	3.704451e+01	5.002109e+01
3.380000e-06	5.342744e-06	7.547461e-10	3.713249e+01	5.001348e+01
3.390000e-06	5.355074e-06	7.609106e-10	3.721818e+01	5.000359e+01
3.400000e-06	5.367005e-06	7.630945e-10	3.730110e+01	4.999153e+01
3.410000e-06	5.378607e-06	7.621168e-10	3.738174e+01	4.997743e+01
3.420000e-06	5.389881e-06	7.598316e-10	3.746009e+01	4.996146e+01
3.430000e-06	5.400740e-06	7.576676e-10	3.753556e+01	4.994379e+01
3.440000e-06	5.410923e-06	7.569983e-10	3.760634e+01	4.992461e+01
3.450000e-06	5.420371e-06	7.579775e-10	3.767200e+01	4.990413e+01
3.460000e-06	5.429279e-06	7.601189e-10	3.773392e+01	4.988255e+01
3.470000e-06	5.437708e-06	7.622559e-10	3.779249e+01	4.986012e+01
3.480000e-06	5.445769e-06	7.636126e-10	3.784852e+01	4.983707e+01
3.490000e-06	5.453605e-06	7.627027e-10	3.790298e+01	4.981364e+01
3.500000e-06	5.461183e-06	7.621959e-10	3.795564e+01	4.979007e+01
3.510000e-06	5.468371e-06	7.650028e-10	3.800560e+01	4.976661e+01
3.520000e-06	5.475184e-06	7.693926e-10	3.805296e+01	4.974351e+01
3.530000e-06	5.481658e-06	7.716968e-10	3.809795e+01	4.972101e+01
3.540000e-06	5.487761e-06	7.701830e-10	3.814036e+01	4.969932e+01
3.550000e-06	5.493496e-06	7.664686e-10	3.818023e+01	4.967868e+01
3.560000e-06	5.498852e-06	7.629757e-10	3.821745e+01	4.965929e+01
3.570000e-06	5.503752e-06	7.608912e-10	3.825150e+01	4.964134e+01
3.580000e-06	5.508200e-06	7.606107e-10	3.828242e+01	4.962500e+01
3.590000e-06	5.512335e-06	7.602031e-10	3.831116e+01	4.961044e+01
3.600000e-06	5.516227e-06	7.605260e-10	3.833820e+01	4.959778e+01
3.610000e-06	5.519888e-06	7.620768e-10	3.836365e+01	4.958713e+01
3.620000e-06	5.523332e-06	7.647835e-10	3.838759e+01	4.957857e+01
3.630000e-06	5.526476e-06	7.658605e-10	3.840944e+01	4.957217e+01
3.640000e-06	5.529176e-06	7.646604e-10	3.842820e+01	4.956795e+01
3.650000e-06	5.531238e-06	7.654110e-10	3.844254e+01	4.956592e+01
3.660000e-06	5.532612e-06	7.677388e-10	3.845208e+01	4.956605e+01
3.670000e-06	5.533417e-06	7.685820e-10	3.845768e+01	4.956829e+01
3.680000e-06	5.533751e-06	7.680738e-10	3.846000e+01	4.957255e+01
3.690000e-06	5.533738e-06	7.668802e-10	3.845991e+01	4.957873e+01
3.700000e-06	5.533494e-06	7.666666e-10	3.845821e+01	4.958669e+01
3.710000e-06	5.533014e-06	7.693067e-10	3.845488e+01	4.959628e+01
3.720000e-06	5.532229e-06	7.716248e-10	3.844942e+01	4.960730e+01
3.730000e-06	5.531053e-06	7.714212e-10	3.844125e+01	4.961955e+01
3.740000e-06	5.529499e-06	7.695563e-10	3.843045e+01	4.963280e+01
3.750000e-06	5.527553e-06	7.671395e-10	3.841692e+01	4.964681e+01
3.760000e-06	5.525213e-06	7.726180e-10	3.840066e+01	4.966131e+01
3.770000e-06	5.522551e-06	7.777335e-10	3.838216e+01	4.967603e+01
3.780000e-06	5.519483e-06	7.672685e-10	3.836084e+01	4.969068e+01
3.790000e-06	5.515953e-06	7.496825e-10	3.833630e+01	4.970497e+01
3.800000e-06	5.512020e-06	7.272107e-10	3.830897e+01	4.971858e+01
3.810000e-06	5.507736e-06	7.643347e-10	3.827919e+01	4.973123e+01
3.820000e-06	5.503251e-06	8.041924e-10	3.824802e+01	4.974260e+01
3.830000e-06	5.498527e-06	7.918614e-10	3.821519e+01	4.975239e+01
3.840000e-06	5.493385e-06	7.757915e-10	3.817945e+01	4.976032e+01
3.850000e-06	5.487715e-06	7.591666e-10	3.814005e+01	4.976608e+01
3.860000e-06	5.481491e-06	7.738831e-10	3.809679e+01	4.976941e+01
3.870000e-06	5.474916e-06	7.439224e-10	3.805110e+01	4.977004e+01
3.880000e-06	5.467989e-06	7.376011e-10	3.800295e+01	4.976774e+01
3.890000e-06	5.460474e-06	7.677014e-10	3.795072e+01	4.976225e+01
3.900000e-06	5.452439e-06	8.054622e-10	3.789488e+01	4.975339e+01
3.910000e-06	5.444044e-06	7.832085e-10	3.783653e+01	4.974097e+01
3.920000e-06	5.435302e-06	7.368361e-10	3.777578e+01	4.972481e+01
3.930000e-06	5.426323e-06	7.542722e-10	3.771337e+01	4.970479e+01
3.940000e-06	5.417014e-06	7.787835e-10	3.764867e+01	4.968078e+01
3.950000e-06	5.407313e-06	7.777804e-10	3.758124e+01	4.965270e+01
3.960000e-06	5.397233e-06	7.506390e-10	3.751119e+01	4.962049e+01
3.970000e-06	5.386723e-06	7.716934e-10	3.743814e+01	4.958411e+01
3.980000e-06	5.375828e-06	7.825594e-10	3.736242e+01	4.954355e+01
3.990000e-06	5.364509e-06	7.711914e-10	3.728376e+01	4.949883e+01
4.000000e-06	5.352752e-06	7.535604e-10	3.720204e+01	4.944999e+01
4.010000e-06	5.340602e-06	7.631031e-10	3.711760e+01	4.939710e+01
4.020000e-06	5.328014e-06	7.623511e-10	3.703011e+01	4.934025e+01
4.030000e-06	5.314946e-06	7.617941e-10	3.693929e+01	4.927955e+01
4.040000e-06	5.301473e-06	7.510180e-10	3.684565e+01	4.921511e+01
4.050000e-06	5.287531e-06	7.552599e-10	3.674875e+01	4.914711e+01
4.060000e-06	5.273048e-06	7.406502e-10	3.664809e+01	4.907569e+01
4.070000e-06	5.257952e-06	7.306216e-10	3.654318e+01	4.900103e+01
4.080000e-06	5.242300e-06	7.317984e-10	3.643440e+01	4.892333e+01
4.090000e-06	5.226312e-06	7.598273e-10	3.632328e+01	4.884278e+01
4.100000e-06	5.210057e-06	7.629519e-10	3.621030e+01	4.875958e+01
4.110000e-06	5.193481e-06	7.342305e-10	3.609510e+01	4.867394e+01
4.120000e-06	5.176621e-06	7.362582e-10	3.597792e+01	4.858608e+01
4.130000e-06	5.159507e-06	7.639510e-10	3.585898e+01	4.849621e+01
4.140000e-06	5.142009e-06	7.573758e-10	3.573736e+01	4.840452e+01
4.150000e-06	5.124079e-06	7.328865e-10	3.561275e+01	4.831123e+01
4.160000e-06	5.105736e-06	7.570256e-10	3.548527e+01	4.821652e+01
4.170000e-06	5.087006e-06	7.648696e-10	3.535509e+01	4.812059e+01
4.180000e-06	5.067973e-06	7.361015e-10	3.522281e+01	4.802361e+01
4.190000e-06	5.048608e-06	7.353141e-10	3.508822e+01	4.792573e+01
4.200000e-06	5.028928e-06	7.676307e-10	3.495144e+01	4.782711e+01
4.210000e-06	5.008989e-06	7.417904e-10	3.481287e+01	4.772787e+01
4.220000e-06	4.988808e-06	7.234587e-10	3.467260e+01	4.762814e+01
4.230000e-06	4.968409e-06	7.512626e-10	3.453083e+01	4.752801e+01
4.240000e-06	4.947709e-06	7.599668e-10	3.438696e+01	4.742755e+01
4.250000e-06	4.926564e-06	7.219891e-10	3.424000e+01	4.732683e+01
4.260000e-06	4.904920e-06	7.352243e-10	3.408958e+01	4.722590e+01
4.270000e-06	4.882746e-06	7.540893e-10	3.393547e+01	4.712477e+01
4.280000e-06	4.859965e-06	7.337299e-10	3.377714e+01	4.702345e+01
4.290000e-06	4.836681e-06	7.236451e-10	3.361531e+01	4.692192e+01
4.300000e-06	4.813061e-06	7.472772e-10	3.345115e+01	4.682017e+01
4.310000e-06	4.789130e-06	7.241218e-10	3.328483e+01	4.671813e+01
4.320000e-06	4.764887e-06	7.049404e-10	3.311634e+01	4.661576e+01
4.330000e-06	4.740353e-06	7.258164e-10	3.294582e+01	4.651298e+01
4.340000e-06	4.715558e-06	7.322628e-10	3.277350e+01	4.640970e+01
4.350000e-06	4.690487e-06	7.085722e-10	3.259925e+01	4.630582e+01
4.360000e-06	4.665070e-06	7.186917e-10	3.242260e+01	4.620125e+01
4.370000e-06	4.639344e-06	7.246788e-10	3.224380e+01	4.609586e+01
4.380000e-06	4.613320e-06	7.029422e-10	3.206293e+01	4.598954e+01
4.390000e-06	4.587005e-06	7.012200e-10	3.188004e+01	4.588216e+01
4.400000e-06	4.560357e-06	7.149104e-10	3.169484e+01	4.577361e+01
4.410000e-06	4.533329e-06	6.994838e-10	3.150699e+01	4.566375e+01
4.420000e-06	4.505990e-06	6.917557e-10	3.131698e+01	4.555246e+01
4.430000e-06	4.478350e-06	7.125153e-10	3.112488e+01	4.543962e+01
4.440000e-06	4.450463e-06	7.092873e-10	3.093106e+01	4.532512e+01
4.450000e-06	4.422394e-06	6.943407e-10	3.073598e+01	4.520885e+01
4.460000e-06	4.394129e-06	6.981620e-10	3.053954e+01	4.509070e+01
4.470000e-06	4.365644e-06	6.971303e-10	3.034157e+01	4.497057e+01
4.480000e-06	4.336914e-06	6.805287e-10	3.014189e+01	4.484840e+01
4.490000e-06	4.307817e-06	6.861090e-10	2.993967e+01	4.472409e+01
4.500000e-06	4.278257e-06	6.896560e-10	2.973422e+01	4.459760e+01
4.510000e-06	4.248164e-06	6.825358e-10	2.952507e+01	4.446886e+01
4.520000e-06	4.217532e-06	6.857855e-10	2.931218e+01	4.433784e+01
4.530000e-06	4.186426e-06	6.983069e-10	2.909599e+01	4.420451e+01
4.540000e-06	4.154929e-06	6.892104e-10	2.887708e+01	4.406886e+01
4.550000e-06	4.123135e-06	6.853907e-10	2.865611e+01	4.393087e+01
4.560000e-06	4.091077e-06	6.880419e-10	2.843330e+01	4.379057e+01
4.570000e-06	4.058872e-06	6.822313e-10	2.820948e+01	4.364795e+01
4.580000e-06	4.026580e-06	6.728733e-10	2.798504e+01	4.350306e+01
4.590000e-06	3.994072e-06	6.785095e-10	2.775911e+01	4.335592e+01
4.600000e-06	3.961174e-06	6.779233e-10	2.753047e+01	4.320658e+01
4.610000e-06	3.927917e-06	6.732709e-10	2.729933e+01	4.305509e+01
4.620000e-06	3.894467e-06	6.765413e-10	2.706685e+01	4.290150e+01
4.630000e-06	3.860809e-06	6.834004e-10	2.683292e+01	4.274587e+01
4.640000e-06	3.826867e-06	6.763075e-10	2.659703e+01	4.258825e+01
4.650000e-06	3.792708e-06	6.702326e-10	2.635961e+01	4.242872e+01
4.660000e-06	3.758283e-06	6.698319e-10	2.612036e+01	4.226731e+01
4.670000e-06	3.723564e-06	6.639339e-10	2.587906e+01	4.210410e+01
4.680000e-06	3.688554e-06	6.575397e-10	2.563574e+01	4.193914e+01
4.690000e-06	3.653267e-06	6.603357e-10	2.539049e+01	4.177246e+01
4.700000e-06	3.617719e-06	6.590618e-10	2.514343e+01	4.160411e+01
4.710000e-06	3.581890e-06	6.530993e-10	2.489441e+01	4.143413e+01
4.720000e-06	3.545891e-06	6.574800e-10	2.464422e+01	4.126253e+01
4.730000e-06	3.509752e-06	6.617645e-10	2.439305e+01	4.108932e+01
4.740000e-06	3.473485e-06	6.560173e-10	2.414099e+01	4.091451e+01
4.750000e-06	3.437177e-06	6.502516e-10	2.388865e+01	4.073808e+01
4.760000e-06	3.400742e-06	6.501199e-10	2.363542e+01	4.056001e+01
4.770000e-06	3.364030e-06	6.434723e-10	2.338027e+01	4.038024e+01
4.780000e-06	3.326947e-06	6.413059e-10	2.312254e+01	4.019875e+01
4.790000e-06	3.289520e-06	6.448495e-10	2.286242e+01	4.001544e+01
4.800000e-06	3.251724e-06	6.447562e-10	2.259974e+01	3.983024e+01
4.810000e-06	3.213445e-06	6.392366e-10	2.233369e+01	3.964306e+01
4.820000e-06	3.174812e-06	6.404538e-10	2.206519e+01	3.945378e+01
4.830000e-06	3.135856e-06	6.397383e-10	2.179445e+01	3.926228e+01
4.840000e-06	3.096546e-06	6.348537e-10	2.152124e+01	3.906842e+01
4.850000e-06	3.056991e-06	6.312545e-10	2.124633e+01	3.887206e+01
4.860000e-06	3.017238e-06	6.300337e-10	2.097004e+01	3.867302e+01
4.870000e-06	2.977256e-06	6.235311e-10	2.069216e+01	3.847115e+01
4.880000e-06	2.937135e-06	6.171866e-10	2.041331e+01	3.826626e+01
4.890000e-06	2.896904e-06	6.132361e-10	2.013371e+01	3.805816e+01
4.900000e-06	2.856556e-06	6.081163e-10	1.985329e+01	3.784665e+01
4.910000e-06	2.816101e-06	6.045966e-10	1.957212e+01	3.763155e+01
4.920000e-06	2.775511e-06	6.066453e-10	1.929002e+01	3.741263e+01
4.930000e-06	2.734769e-06	6.088625e-10	1.900686e+01	3.718970e+01
4.940000e-06	2.693824e-06	6.072462e-10	1.872229e+01	3.696254e+01
4.950000e-06	2.652697e-06	6.027157e-10	1.843645e+01	3.673095e+01
4.960000e-06	2.611403e-06	5.952686e-10	1.814946e+01	3.649470e+01
4.970000e-06	2.569927e-06	5.832019e-10	1.786119e+01	3.625360e+01
4.980000e-06	2.528285e-06	5.730119e-10	1.757178e+01	3.600743e+01
4.990000e-06	2.486487e-06	5.685536e-10	1.728128e+01	3.575600e+01
5.000000e-06	2.444439e-06	5.661795e-10	1.698904e+01	3.549909e+01
5.010000e-06	2.402153e-06	5.662105e-10	1.669515e+01	3.523653e+01
5.020000e-06	2.359808e-06	5.676695e-10	1.640085e+01	3.496811e+01
5.030000e-06	2.317381e-06	5.663002e-10	1.610598e+01	3.469366e+01
5.040000e-06	2.274761e-06	5.599963e-10	1.580977e+01	3.441299e+01
5.050000e-06	2.231971e-06	5.514617e-10	1.551237e+01	3.412593e+01
5.060000e-06	2.188964e-06	5.406421e-10	1.521347e+01	3.383232e+01
5.070000e-06	2.145703e-06	5.315889e-10	1.491280e+01	3.353200e+01
5.080000e-06	2.102248e-06	5.280636e-10	1.461079e+01	3.322479e+01
5.090000e-06	2.058668e-06	5.267589e-10	1.430790e+01	3.291056e+01
5.100000e-06	2.015014e-06	5.247458e-10	1.400451e+01	3.258915e+01
5.110000e-06	1.971281e-06	5.227807e-10	1.370056e+01	3.226042e+01
5.120000e-06	1.927472e-06	5.179079e-10	1.339608e+01	3.192421e+01
5.130000e-06	1.883545e-06	5.110023e-10	1.309079e+01	3.158038e+01
5.140000e-06	1.839514e-06	5.032766e-10	1.278477e+01	3.122879e+01
5.150000e-06	1.795451e-06	4.963866e-10	1.247852e+01	3.086928e+01
5.160000e-06	1.751297e-06	4.902477e-10	1.217165e+01	3.050170e+01
5.170000e-06	1.707044e-06	4.873226e-10	1.186409e+01	3.012591e+01
5.180000e-06	1.662730e-06	4.856494e-10	1.155610e+01	2.974173e+01
5.190000e-06	1.618317e-06	4.823694e-10	1.124743e+01	2.934900e+01
5.200000e-06	1.573831e-06	4.760857e-10	1.093825e+01	2.894756e+01
5.210000e-06	1.529309e-06	4.677504e-10	1.062882e+01	2.853720e+01
5.220000e-06	1.484701e-06	4.604792e-10	1.031879e+01	2.811775e+01
5.230000e-06	1.440024e-06	4.524877e-10	1.000828e+01	2.768900e+01
5.240000e-06	1.395252e-06	4.461967e-10	9.697113e+00	2.725073e+01
5.250000e-06	1.350318e-06	4.414292e-10	9.384813e+00	2.680274e+01
5.260000e-06	1.305333e-06	4.362613e-10	9.072168e+00	2.634477e+01
5.270000e-06	1.260353e-06	4.291670e-10	8.759553e+00	2.587660e+01
5.280000e-06	1.215229e-06	4.217132e-10	8.445935e+00	2.539796e+01
5.290000e-06	1.169935e-06	4.146119e-10	8.131139e+00	2.490859e+01
5.300000e-06	1.124621e-06	4.044101e-10	7.816206e+00	2.440822e+01
5.310000e-06	1.079249e-06	3.942448e-10	7.500865e+00	2.389658e+01
5.320000e-06	1.033750e-06	3.873619e-10	7.184644e+00	2.337337e+01
5.330000e-06	9.881281e-07	3.831038e-10	6.867568e+00	2.283830e+01
5.340000e-06	9.424218e-07	3.821641e-10	6.549905e+00	2.229109e+01
5.350000e-06	8.966563e-07	3.790304e-10	6.231831e+00	2.173144e+01
5.360000e-06	8.507109e-07	3.700222e-10	5.912507e+00	2.115906e+01
5.370000e-06	8.046515e-07	3.562022e-10	5.592391e+00	2.057366e+01
5.380000e-06	7.585739e-07	3.400592e-10	5.272148e+00	1.997497e+01
5.390000e-06	7.124354e-07	3.242798e-10	4.951482e+00	1.936272e+01
5.400000e-06	6.661444e-07	3.121779e-10	4.629756e+00	1.873664e+01
5.410000e-06	6.197395e-07	3.069088e-10	4.307238e+00	1.809651e+01
5.420000e-06	5.733187e-07	3.039363e-10	3.984610e+00	1.744211e+01
5.430000e-06	5.268693e-07	3.012480e-10	3.661783e+00	1.677325e+01
5.440000e-06	4.803958e-07	2.964591e-10	3.338788e+00	1.608975e+01
5.450000e-06	4.338895e-07	2.862153e-10	3.015566e+00	1.539148e+01
5.460000e-06	3.873114e-07	2.695783e-10	2.691844e+00	1.467834e+01
5.470000e-06	3.406546e-07	2.505346e-10	2.367576e+00	1.395027e+01
5.480000e-06	2.939734e-07	2.356542e-10	2.043138e+00	1.320725e+01
5.490000e-06	2.473349e-07	2.272335e-10	1.718997e+00	1.244929e+01
5.500000e-06	2.007215e-07	2.208620e-10	1.395030e+00	1.167647e+01
5.510000e-06	1.541256e-07	2.133749e-10	1.071185e+00	1.088889e+01
5.520000e-06	1.075562e-07	2.043962e-10	7.475238e-01	1.008674e+01
5.530000e-06	6.099630e-08	1.932341e-10	4.239290e-01	9.270232e+00
5.540000e-06	1.445995e-08	1.799255e-10	1.004978e-01	8.439645e+00
5.550000e-06	-3.210314e-08	1.639977e-10	-2.231193e-01	7.595318e+00
5.560000e-06	-7.867209e-08	1.448896e-10	-5.467772e-01	6.737645e+00
5.570000e-06	-1.252470e-07	1.252265e-10	-8.704766e-01	5.867081e+00
5.580000e-06	-1.718673e-07	1.095452e-10	-1.194491e+00	4.984137e+00
5.590000e-06	-2.185061e-07	9.597700e-11	-1.518634e+00	4.089387e+00
5.600000e-06	-2.650827e-07	7.968783e-11	-1.842345e+00	3.183461e+00
5.610000e-06	-3.115633e-07	6.379706e-11	-2.165389e+00	2.267045e+00
5.620000e-06	-3.580441e-07	5.107630e-11	-2.488435e+00	1.340885e+00
5.630000e-06	-4.045292e-07	3.868107e-11	-2.811510e+00	4.057770e-01
5.640000e-06	-4.509677e-07	2.459251e-11	-3.134260e+00	-5.374309e-01
5.650000e-06	-4.972881e-07	8.659603e-12	-3.456191e+00	-1.487842e+00
5.660000e-06	-5.434975e-07	-9.076501e-12	-3.777350e+00	-2.444514e+00
5.670000e-06	-5.897219e-07	-2.893843e-11	-4.098613e+00	-3.406466e+00
5.680000e-06	-6.359761e-07	-4.847692e-11	-4.420083e+00	-4.372676e+00
5.690000e-06	-6.822053e-07	-6.688107e-11	-4.741380e+00	-5.342091e+00
5.700000e-06	-7.283072e-07	-8.491629e-11	-5.061792e+00	-6.313633e+00
5.710000e-06	-7.742802e-07	-1.034015e-10	-5.381308e+00	-7.286197e+00
5.720000e-06	-8.202538e-07	-1.216586e-10	-5.700828e+00	-8.258662e+00
5.730000e-06	-8.661362e-07	-1.388382e-10	-6.019714e+00	-9.229895e+00
5.740000e-06	-9.119342e-07	-1.552821e-10	-6.338014e+00	-1.019876e+01
5.750000e-06	-9.576299e-07	-1.724591e-10	-6.655602e+00	-1.116411e+01
5.760000e-06	-1.003203e-06	-1.915478e-10	-6.972341e+00	-1.212482e+01
5.770000e-06	-1.048774e-06	-2.108599e-10	-7.289060e+00	-1.307976e+01
5.780000e-06	-1.094261e-06	-2.287928e-10	-7.605200e+00	-1.402782e+01
5.790000e-06	-1.139647e-06	-2.460885e-10	-7.920638e+00	-1.496792e+01
5.800000e-06	-1.184933e-06	-2.604543e-10	-8.235379e+00	-1.589902e+01
5.810000e-06	-1.230062e-06	-2.715594e-10	-8.549030e+00	-1.682007e+01
5.820000e-06	-1.275096e-06	-2.827965e-10	-8.862013e+00	-1.773011e+01
5.830000e-06	-1.320010e-06	-2.970021e-10	-9.174173e+00	-1.862819e+01
5.840000e-06	-1.364811e-06	-3.137082e-10	-9.485544e+00	-1.951342e+01
5.850000e-06	-1.409524e-06	-3.309081e-10	-9.796301e+00	-2.038497e+01
5.860000e-06	-1.454114e-06	-3.477700e-10	-1.010621e+01	-2.124205e+01
5.870000e-06	-1.498660e-06	-3.622122e-10	-1.041580e+01	-2.208395e+01
5.880000e-06	-1.543131e-06	-3.748649e-10	-1.072488e+01	-2.291001e+01
5.890000e-06	-1.587524e-06	-3.873123e-10	-1.103341e+01	-2.371964e+01
5.900000e-06	-1.631859e-06	-3.985283e-10	-1.134155e+01	-2.451230e+01
5.910000e-06	-1.676121e-06	-4.096204e-10	-1.164917e+01	-2.528756e+01
5.920000e-06	-1.720353e-06	-4.214780e-10	-1.195658e+01	-2.604503e+01
5.930000e-06	-1.764570e-06	-4.314038e-10	-1.226390e+01	-2.678439e+01
5.940000e-06	-1.808676e-06	-4.409087e-10	-1.257044e+01	-2.750540e+01
5.950000e-06	-1.852670e-06	-4.497488e-10	-1.287620e+01	-2.820790e+01
5.960000e-06	-1.896610e-06	-4.560676e-10	-1.318159e+01	-2.889178e+01
5.970000e-06	-1.940470e-06	-4.631536e-10	-1.348642e+01	-2.955701e+01
5.980000e-06	-1.984211e-06	-4.745287e-10	-1.379042e+01	-3.020362e+01
5.990000e-06	-2.027751e-06	-4.880980e-10	-1.409303e+01	-3.083170e+01
6.000000e-06	-2.071245e-06	-5.002227e-10	-1.439531e+01	-3.144142e+01
6.010000e-06	-2.114692e-06	-5.102410e-10	-1.469727e+01	-3.203299e+01
6.020000e-06	-2.157852e-06	-5.188679e-10	-1.499724e+01	-3.260667e+01
6.030000e-06	-2.200782e-06	-5.236087e-10	-1.529560e+01	-3.316279e+01
6.040000e-06	-2.243524e-06	-5.268824e-10	-1.559267e+01	-3.370170e+01
6.050000e-06	-2.286092e-06	-5.332764e-10	-1.588852e+01	-3.422380e+01
6.060000e-06	-2.328548e-06	-5.435452e-10	-1.618359e+01	-3.472955e+01
6.070000e-06	-2.370809e-06	-5.569604e-10	-1.647731e+01	-3.521940e+01
6.080000e-06	-2.412906e-06	-5.714098e-10	-1.676989e+01	-3.569385e+01
6.090000e-06	-2.454931e-06	-5.846092e-10	-1.706196e+01	-3.615343e+01
6.100000e-06	-2.496846e-06	-5.935723e-10	-1.735327e+01	-3.659866e+01
6.110000e-06	-2.538569e-06	-5.987297e-10	-1.764325e+01	-3.703009e+01
6.120000e-06	-2.580094e-06	-6.025174e-10	-1.793186e+01	-3.744828e+01
6.130000e-06	-2.621454e-06	-6.041420e-10	-1.821931e+01	-3.785378e+01
6.140000e-06	-2.662551e-06	-6.055129e-10	-1.850494e+01	-3.824713e+01
6.150000e-06	-2.703364e-06	-6.126056e-10	-1.878859e+01	-3.862889e+01
6.160000e-06	-2.744032e-06	-6.243672e-10	-1.907124e+01	-3.899959e+01
6.170000e-06	-2.784599e-06	-6.359159e-10	-1.935318e+01	-3.935973e+01
6.180000e-06	-2.825017e-06	-6.460820e-10	-1.963409e+01	-3.970983e+01
6.190000e-06	-2.865289e-06	-6.542408e-10	-1.991398e+01	-4.005036e+01
6.200000e-06	-2.905417e-06	-6.584710e-10	-2.019288e+01	-4.038177e+01
6.210000e-06	-2.945422e-06	-6.613990e-10	-2.047091e+01	-4.070449e+01
6.220000e-06	-2.985311e-06	-6.650449e-10	-2.074814e+01	-4.101891e+01
6.230000e-06	-3.025071e-06	-6.685256e-10	-2.102448e+01	-4.132540e+01
6.240000e-06	-3.064594e-06	-6.750708e-10	-2.129916e+01	-4.162430e+01
6.250000e-06	-3.103814e-06	-6.841044e-10	-2.157175e+01	-4.191591e+01
6.260000e-06	-3.142831e-06	-6.905028e-10	-2.184292e+01	-4.220049e+01
6.270000e-06	-3.181534e-06	-6.945396e-10	-2.211191e+01	-4.247830e+01
6.280000e-06	-3.219660e-06	-6.968407e-10	-2.237689e+01	-4.274952e+01
6.290000e-06	-3.257278e-06	-6.997147e-10	-2.263834e+01	-4.301434e+01
6.300000e-06	-3.294626e-06	-7.035783e-10	-2.289791e+01	-4.327291e+01
6.310000e-06	-3.331713e-06	-7.093889e-10	-2.315567e+01	-4.352532e+01
6.320000e-06	-3.368513e-06	-7.149241e-10	-2.341143e+01	-4.377169e+01
6.330000e-06	-3.405053e-06	-7.200424e-10	-2.366538e+01	-4.401206e+01
6.340000e-06	-3.441386e-06	-7.248397e-10	-2.391790e+01	-4.424649e+01
6.350000e-06	-3.477612e-06	-7.271636e-10	-2.416968e+01	-4.447499e+01
6.360000e-06	-3.513707e-06	-7.289254e-10	-2.442054e+01	-4.469756e+01
6.370000e-06	-3.549600e-06	-7.331659e-10	-2.467000e+01	-4.491421e+01
6.380000e-06	-3.585214e-06	-7.383373e-10	-2.491752e+01	-4.512491e+01
6.390000e-06	-3.620596e-06	-7.430046e-10	-2.516342e+01	-4.532963e+01
6.400000e-06	-3.655774e-06	-7.486466e-10	-2.540792e+01	-4.552834e+01
6.410000e-06	-3.690739e-06	-7.550318e-10	-2.565093e+01	-4.572100e+01
6.420000e-06	-3.725429e-06	-7.626364e-10	-2.589202e+01	-4.590757e+01
6.430000e-06	-3.759797e-06	-7.669070e-10	-2.613088e+01	-4.608802e+01
6.440000e-06	-3.793929e-06	-7.669567e-10	-2.636810e+01	-4.626233e+01
6.450000e-06	-3.827862e-06	-7.639404e-10	-2.660394e+01	-4.643046e+01
6.460000e-06	-3.861558e-06	-7.607901e-10	-2.683813e+01	-4.659243e+01
6.470000e-06	-3.894937e-06	-7.619672e-10	-2.707012e+01	-4.674821e+01
6.480000e-06	-3.928004e-06	-7.699037e-10	-2.729993e+01	-4.689785e+01
6.490000e-06	-3.960773e-06	-7.806802e-10	-2.752768e+01	-4.704135e+01
6.500000e-06	-3.993286e-06	-7.869868e-10	-2.775365e+01	-4.717879e+01
6.510000e-06	-4.025620e-06	-7.891363e-10	-2.797837e+01	-4.731022e+01
6.520000e-06	-4.057839e-06	-7.890873e-10	-2.820230e+01	-4.743573e+01
6.530000e-06	-4.089899e-06	-7.857003e-10	-2.842512e+01	-4.755543e+01
6.540000e-06	-4.121679e-06	-7.809655e-10	-2.864599e+01	-4.766943e+01
6.550000e-06	-4.153011e-06	-7.767434e-10	-2.886375e+01	-4.777789e+01
6.560000e-06	-4.183898e-06	-7.770666e-10	-2.907842e+01	-4.788096e+01
6.570000e-06	-4.214390e-06	-7.809536e-10	-2.929034e+01	-4.797881e+01
6.580000e-06	-4.244427e-06	-7.849841e-10	-2.949910e+01	-4.807165e+01
6.590000e-06	-4.273944e-06	-7.881052e-10	-2.970425e+01	-4.815968e+01
6.600000e-06	-4.303017e-06	-7.889338e-10	-2.990630e+01	-4.824313e+01
6.610000e-06	-4.331810e-06	-7.860055e-10	-3.010641e+01	-4.832221e+01
6.620000e-06	-4.360287e-06	-7.805337e-10	-3.030433e+01	-4.839719e+01
6.630000e-06	-4.388506e-06	-7.776032e-10	-3.050046e+01	-4.846829e+01
6.640000e-06	-4.416557e-06	-7.762907e-10	-3.069542e+01	-4.853579e+01
6.650000e-06	-4.444379e-06	-7.764145e-10	-3.088878e+01	-4.859993e+01
6.660000e-06	-4.471995e-06	-7.785735e-10	-3.108072e+01	-4.866098e+01
6.670000e-06	-4.499374e-06	-7.815451e-10	-3.127100e+01	-4.871918e+01
6.680000e-06	-4.526335e-06	-7.851413e-10	-3.145838e+01	-4.877478e+01
6.690000e-06	-4.552938e-06	-7.876574e-10	-3.164328e+01	-4.882804e+01
6.700000e-06	-4.579315e-06	-7.887394e-10	-3.182660e+01	-4.887918e+01
6.710000e-06	-4.605427e-06	-7.879898e-10	-3.200808e+01	-4.892842e+01
6.720000e-06	-4.631115e-06	-7.870603e-10	-3.218661e+01	-4.897598e+01
6.730000e-06	-4.656402e-06	-7.866572e-10	-3.236236e+01	-4.902205e+01
6.740000e-06	-4.681387e-06	-7.844588e-10	-3.253601e+01	-4.906680e+01
6.750000e-06	-4.706058e-06	-7.822146e-10	-3.270747e+01	-4.911040e+01
6.760000e-06	-4.730493e-06	-7.815358e-10	-3.287730e+01	-4.915298e+01
6.770000e-06	-4.754727e-06	-7.819243e-10	-3.304572e+01	-4.919466e+01
6.780000e-06	-4.778749e-06	-7.842632e-10	-3.321268e+01	-4.923555e+01
6.790000e-06	-4.802477e-06	-7.903091e-10	-3.337759e+01	-4.927570e+01
6.800000e-06	-4.825820e-06	-7.961084e-10	-3.353982e+01	-4.931519e+01
6.810000e-06	-4.848712e-06	-7.987687e-10	-3.369892e+01	-4.935404e+01
6.820000e-06	-4.871089e-06	-7.994628e-10	-3.385445e+01	-4.939226e+01
6.830000e-06	-4.892882e-06	-7.988319e-10	-3.400591e+01	-4.942984e+01
6.840000e-06	-4.914104e-06	-7.970616e-10	-3.415340e+01	-4.946675e+01
6.850000e-06	-4.934939e-06	-7.947273e-10	-3.429821e+01	-4.950294e+01
6.860000e-06	-4.955462e-06	-7.936983e-10	-3.444085e+01	-4.953835e+01
6.870000e-06	-4.975717e-06	-7.963811e-10	-3.458162e+01	-4.957288e+01
6.880000e-06	-4.995790e-06	-8.002669e-10	-3.472113e+01	-4.960646e+01
6.890000e-06	-5.015669e-06	-8.027184e-10	-3.485929e+01	-4.963896e+01
6.900000e-06	-5.035226e-06	-8.037320e-10	-3.499521e+01	-4.967027e+01
6.910000e-06	-5.054348e-06	-8.026671e-10	-3.512811e+01	-4.970027e+01
6.920000e-06	-5.073092e-06	-8.007789e-10	-3.525838e+01	-4.972882e+01
6.930000e-06	-5.091548e-06	-8.008939e-10	-3.538665e+01	-4.975580e+01
6.940000e-06	-5.109727e-06	-8.019505e-10	-3.551300e+01	-4.978106e+01
6.950000e-06	-5.127576e-06	-8.021115e-10	-3.563705e+01	-4.980448e+01
6.960000e-06	-5.145051e-06	-8.026295e-10	-3.575851e+01	-4.982593e+01
6.970000e-06	-5.162164e-06	-8.039704e-10	-3.587744e+01	-4.984530e+01
6.980000e-06	-5.178922e-06	-8.060005e-10	-3.599391e+01	-4.986246e+01
6.990000e-06	-5.195376e-06	-8.084544e-10	-3.610827e+01	-4.987734e+01
7.000000e-06	-5.211597e-06	-8.092075e-10	-3.622100e+01	-4.988983e+01
7.010000e-06	-5.227511e-06	-8.072185e-10	-3.633161e+01	-4.989988e+01
7.020000e-06	-5.242996e-06	-8.059237e-10	-3.643923e+01	-4.990742e+01
7.030000e-06	-5.257886e-06	-8.053953e-10	-3.654272e+01	-4.991244e+01
7.040000e-06	-5.272125e-06	-8.026067e-10	-3.664168e+01	-4.991490e+01
7.050000e-06	-5.285796e-06	-7.972732e-10	-3.673669e+01	-4.991483e+01
7.060000e-06	-5.298932e-06	-7.935422e-10	-3.682799e+01	-4.991225e+01
7.070000e-06	-5.311609e-06	-7.907484e-10	-3.691610e+01	-4.990720e+01
7.080000e-06	-5.323962e-06	-7.895766e-10	-3.700195e+01	-4.989977e+01
7.090000e-06	-5.335971e-06	-7.936123e-10	-3.708542e+01	-4.989004e+01
7.100000e-06	-5.347544e-06	-7.984007e-10	-3.716585e+01	-4.987814e+01
7.110000e-06	-5.358740e-06	-8.020000e-10	-3.724366e+01	-4.986419e+01
7.120000e-06	-5.369634e-06	-8.016916e-10	-3.731938e+01	-4.984835e+01
7.130000e-06	-5.380212e-06	-7.989844e-10	-3.739289e+01	-4.983079e+01
7.140000e-06	-5.390421e-06	-7.942421e-10	-3.746384e+01	-4.981171e+01
7.150000e-06	-5.400185e-06	-7.875256e-10	-3.753171e+01	-4.979130e+01
7.160000e-06	-5.409502e-06	-7.829876e-10	-3.759646e+01	-4.976979e+01
7.170000e-06	-5.418442e-06	-7.840773e-10	-3.765859e+01	-4.974740e+01
7.180000e-06	-5.427036e-06	-7.890301e-10	-3.771832e+01	-4.972437e+01
7.190000e-06	-5.435339e-06	-7.923420e-10	-3.777603e+01	-4.970094e+01
7.200000e-06	-5.443425e-06	-7.958885e-10	-3.783223e+01	-4.967736e+01
7.210000e-06	-5.451207e-06	-7.970640e-10	-3.788632e+01	-4.965387e+01
7.220000e-06	-5.458590e-06	-7.946561e-10	-3.793763e+01	-4.963071e+01
7.230000e-06	-5.465556e-06	-7.903645e-10	-3.798604e+01	-4.960812e+01
7.240000e-06	-5.472020e-06	-7.870447e-10	-3.803096e+01	-4.958634e+01
7.250000e-06	-5.477865e-06	-7.876735e-10	-3.807159e+01	-4.956558e+01
7.260000e-06	-5.483141e-06	-7.893917e-10	-3.810826e+01	-4.954606e+01
7.270000e-06	-5.487974e-06	-7.898886e-10	-3.814185e+01	-4.952796e+01
7.280000e-06	-5.492468e-06	-7.882106e-10	-3.817308e+01	-4.951147e+01
7.290000e-06	-5.496696e-06	-7.848907e-10	-3.820246e+01	-4.949673e+01
7.300000e-06	-5.500660e-06	-7.835636e-10	-3.823001e+01	-4.948389e+01
7.310000e-06	-5.504330e-06	-7.845345e-10	-3.825552e+01	-4.947305e+01
7.320000e-06	-5.507631e-06	-7.857669e-10	-3.827847e+01	-4.946429e+01
7.330000e-06	-5.510498e-06	-7.839399e-10	-3.829839e+01	-4.945769e+01
7.340000e-06	-5.512955e-06	-7.807206e-10	-3.831547e+01	-4.945327e+01
7.350000e-06	-5.515105e-06	-7.766443e-10	-3.833041e+01	-4.945104e+01
7.360000e-06	-5.516880e-06	-7.709703e-10	-3.834275e+01	-4.945097e+01
7.370000e-06	-5.518175e-06	-7.674480e-10	-3.835174e+01	-4.945301e+01
7.380000e-06	-5.519143e-06	-7.663137e-10	-3.835847e+01	-4.945709e+01
7.390000e-06	-5.519826e-06	-7.671217e-10	-3.836322e+01	-4.946309e+01
7.400000e-06	-5.520243e-06	-7.675071e-10	-3.836612e+01	-4.947089e+01
