# Temperatura_=_12.32
# Concentracion g/m^3_=_1620.0
# C_Vs_to_Am_M_A/Vsm_=_65563218390.804596
# pendiente_HvsI_1/m_=_3716.3
# ordenada_HvsI_A/m_=_1297.0
# frecuencia_Hz_=_135102.73122367673

Tiempo_(s)	Campo_(V.s)	Magnetizacion_(V.s)	Campo_(kA/m)	Magnetizacion_(A/m)
0.000000e+00	-5.522562e-06	-8.028101e-10	-3.836568e+01	-5.346878e+01
1.000000e-08	-5.522702e-06	-8.017130e-10	-3.836666e+01	-5.345413e+01
2.000000e-08	-5.522590e-06	-8.021801e-10	-3.836588e+01	-5.343769e+01
3.000000e-08	-5.522015e-06	-8.021473e-10	-3.836189e+01	-5.341940e+01
4.000000e-08	-5.520860e-06	-8.004321e-10	-3.835386e+01	-5.339926e+01
5.000000e-08	-5.519131e-06	-7.973319e-10	-3.834185e+01	-5.337722e+01
6.000000e-08	-5.516766e-06	-7.863976e-10	-3.832542e+01	-5.335329e+01
7.000000e-08	-5.513864e-06	-7.783673e-10	-3.830526e+01	-5.332745e+01
8.000000e-08	-5.510498e-06	-8.048046e-10	-3.828188e+01	-5.329970e+01
9.000000e-08	-5.506664e-06	-8.410755e-10	-3.825524e+01	-5.327005e+01
1.000000e-07	-5.502442e-06	-8.158445e-10	-3.822591e+01	-5.323853e+01
1.100000e-07	-5.498007e-06	-7.704162e-10	-3.819510e+01	-5.320516e+01
1.200000e-07	-5.493432e-06	-7.496199e-10	-3.816332e+01	-5.316999e+01
1.300000e-07	-5.488525e-06	-8.000334e-10	-3.812923e+01	-5.313304e+01
1.400000e-07	-5.483162e-06	-7.939187e-10	-3.809197e+01	-5.309440e+01
1.500000e-07	-5.477432e-06	-7.649446e-10	-3.805216e+01	-5.305411e+01
1.600000e-07	-5.471356e-06	-7.647963e-10	-3.800996e+01	-5.301225e+01
1.700000e-07	-5.464841e-06	-8.052119e-10	-3.796469e+01	-5.296891e+01
1.800000e-07	-5.457871e-06	-8.093076e-10	-3.791627e+01	-5.292418e+01
1.900000e-07	-5.450538e-06	-7.603399e-10	-3.786533e+01	-5.287815e+01
2.000000e-07	-5.442947e-06	-7.495311e-10	-3.781259e+01	-5.283091e+01
2.100000e-07	-5.435113e-06	-7.716145e-10	-3.775817e+01	-5.278259e+01
2.200000e-07	-5.426945e-06	-7.910122e-10	-3.770143e+01	-5.273328e+01
2.300000e-07	-5.418478e-06	-7.760935e-10	-3.764260e+01	-5.268309e+01
2.400000e-07	-5.409589e-06	-7.778815e-10	-3.758086e+01	-5.263214e+01
2.500000e-07	-5.400058e-06	-7.811339e-10	-3.751464e+01	-5.258053e+01
2.600000e-07	-5.389859e-06	-7.949240e-10	-3.744379e+01	-5.252837e+01
2.700000e-07	-5.379027e-06	-7.811481e-10	-3.736854e+01	-5.247577e+01
2.800000e-07	-5.367678e-06	-7.889135e-10	-3.728970e+01	-5.242282e+01
2.900000e-07	-5.355899e-06	-7.932880e-10	-3.720786e+01	-5.236962e+01
3.000000e-07	-5.343772e-06	-8.071242e-10	-3.712362e+01	-5.231624e+01
3.100000e-07	-5.331326e-06	-7.978382e-10	-3.703715e+01	-5.226276e+01
3.200000e-07	-5.318425e-06	-7.877816e-10	-3.694753e+01	-5.220925e+01
3.300000e-07	-5.305063e-06	-7.846423e-10	-3.685471e+01	-5.215575e+01
3.400000e-07	-5.291388e-06	-7.964977e-10	-3.675970e+01	-5.210230e+01
3.500000e-07	-5.277364e-06	-7.868113e-10	-3.666227e+01	-5.204892e+01
3.600000e-07	-5.262834e-06	-7.884881e-10	-3.656134e+01	-5.199562e+01
3.700000e-07	-5.247870e-06	-8.005290e-10	-3.645738e+01	-5.194240e+01
3.800000e-07	-5.232359e-06	-7.980783e-10	-3.634962e+01	-5.188923e+01
3.900000e-07	-5.216208e-06	-7.818697e-10	-3.623742e+01	-5.183607e+01
4.000000e-07	-5.199797e-06	-7.937190e-10	-3.612341e+01	-5.178286e+01
4.100000e-07	-5.183129e-06	-7.978634e-10	-3.600762e+01	-5.172953e+01
4.200000e-07	-5.166072e-06	-7.727025e-10	-3.588912e+01	-5.167599e+01
4.300000e-07	-5.148713e-06	-7.773401e-10	-3.576853e+01	-5.162214e+01
4.400000e-07	-5.130994e-06	-7.969843e-10	-3.564543e+01	-5.156785e+01
4.500000e-07	-5.112818e-06	-7.801342e-10	-3.551916e+01	-5.151300e+01
4.600000e-07	-5.094195e-06	-7.570076e-10	-3.538979e+01	-5.145743e+01
4.700000e-07	-5.075190e-06	-7.828719e-10	-3.525776e+01	-5.140100e+01
4.800000e-07	-5.055862e-06	-7.814504e-10	-3.512348e+01	-5.134352e+01
4.900000e-07	-5.036268e-06	-7.623319e-10	-3.498736e+01	-5.128482e+01
5.000000e-07	-5.016495e-06	-7.703578e-10	-3.485000e+01	-5.122472e+01
5.100000e-07	-4.996484e-06	-7.806639e-10	-3.471098e+01	-5.116303e+01
5.200000e-07	-4.976138e-06	-7.507408e-10	-3.456964e+01	-5.109956e+01
5.300000e-07	-4.955492e-06	-7.566480e-10	-3.442620e+01	-5.103412e+01
5.400000e-07	-4.934476e-06	-7.763605e-10	-3.428021e+01	-5.096651e+01
5.500000e-07	-4.912999e-06	-7.623996e-10	-3.413100e+01	-5.089655e+01
5.600000e-07	-4.891206e-06	-7.455100e-10	-3.397961e+01	-5.082405e+01
5.700000e-07	-4.869114e-06	-7.657154e-10	-3.382613e+01	-5.074884e+01
5.800000e-07	-4.846656e-06	-7.559450e-10	-3.367012e+01	-5.067076e+01
5.900000e-07	-4.823879e-06	-7.356454e-10	-3.351188e+01	-5.058965e+01
6.000000e-07	-4.800728e-06	-7.395434e-10	-3.335105e+01	-5.050538e+01
6.100000e-07	-4.777244e-06	-7.444711e-10	-3.318790e+01	-5.041782e+01
6.200000e-07	-4.753540e-06	-7.259925e-10	-3.302323e+01	-5.032687e+01
6.300000e-07	-4.729682e-06	-7.280804e-10	-3.285749e+01	-5.023244e+01
6.400000e-07	-4.705590e-06	-7.379001e-10	-3.269012e+01	-5.013446e+01
6.500000e-07	-4.681096e-06	-7.318913e-10	-3.251995e+01	-5.003290e+01
6.600000e-07	-4.656131e-06	-7.274825e-10	-3.234652e+01	-4.992772e+01
6.700000e-07	-4.630674e-06	-7.348709e-10	-3.216967e+01	-4.981892e+01
6.800000e-07	-4.604581e-06	-7.300260e-10	-3.198840e+01	-4.970653e+01
6.900000e-07	-4.577861e-06	-7.208623e-10	-3.180277e+01	-4.959060e+01
7.000000e-07	-4.550697e-06	-7.246338e-10	-3.161406e+01	-4.947119e+01
7.100000e-07	-4.523284e-06	-7.251304e-10	-3.142362e+01	-4.934840e+01
7.200000e-07	-4.495746e-06	-7.164411e-10	-3.123231e+01	-4.922233e+01
7.300000e-07	-4.468059e-06	-7.131404e-10	-3.103997e+01	-4.909312e+01
7.400000e-07	-4.440183e-06	-7.184903e-10	-3.084631e+01	-4.896093e+01
7.500000e-07	-4.412055e-06	-7.157697e-10	-3.065090e+01	-4.882592e+01
7.600000e-07	-4.383617e-06	-7.130316e-10	-3.045334e+01	-4.868828e+01
7.700000e-07	-4.354832e-06	-7.123969e-10	-3.025337e+01	-4.854821e+01
7.800000e-07	-4.325676e-06	-7.110418e-10	-3.005082e+01	-4.840592e+01
7.900000e-07	-4.296213e-06	-7.038860e-10	-2.984614e+01	-4.826163e+01
8.000000e-07	-4.266520e-06	-7.054159e-10	-2.963986e+01	-4.811557e+01
8.100000e-07	-4.236531e-06	-7.056153e-10	-2.943153e+01	-4.796798e+01
8.200000e-07	-4.206269e-06	-7.038198e-10	-2.922129e+01	-4.781907e+01
8.300000e-07	-4.175769e-06	-7.013057e-10	-2.900940e+01	-4.766909e+01
8.400000e-07	-4.144958e-06	-7.022525e-10	-2.879536e+01	-4.751826e+01
8.500000e-07	-4.113868e-06	-6.959956e-10	-2.857938e+01	-4.736679e+01
8.600000e-07	-4.082492e-06	-6.919567e-10	-2.836140e+01	-4.721489e+01
8.700000e-07	-4.050893e-06	-6.892256e-10	-2.814188e+01	-4.706275e+01
8.800000e-07	-4.019185e-06	-6.878912e-10	-2.792161e+01	-4.691054e+01
8.900000e-07	-3.987278e-06	-6.838879e-10	-2.769994e+01	-4.675844e+01
9.000000e-07	-3.955104e-06	-6.835300e-10	-2.747643e+01	-4.660655e+01
9.100000e-07	-3.922677e-06	-6.775473e-10	-2.725115e+01	-4.645500e+01
9.200000e-07	-3.889972e-06	-6.730425e-10	-2.702395e+01	-4.630388e+01
9.300000e-07	-3.856782e-06	-6.736618e-10	-2.679338e+01	-4.615322e+01
9.400000e-07	-3.822974e-06	-6.765170e-10	-2.655851e+01	-4.600306e+01
9.500000e-07	-3.788681e-06	-6.769335e-10	-2.632027e+01	-4.585339e+01
9.600000e-07	-3.754040e-06	-6.780941e-10	-2.607962e+01	-4.570418e+01
9.700000e-07	-3.719100e-06	-6.782936e-10	-2.583689e+01	-4.555535e+01
9.800000e-07	-3.683856e-06	-6.734599e-10	-2.559204e+01	-4.540679e+01
9.900000e-07	-3.648390e-06	-6.691984e-10	-2.534566e+01	-4.525837e+01
1.000000e-06	-3.612742e-06	-6.691649e-10	-2.509801e+01	-4.510991e+01
1.010000e-06	-3.576946e-06	-6.677584e-10	-2.484934e+01	-4.496121e+01
1.020000e-06	-3.540992e-06	-6.648975e-10	-2.459956e+01	-4.481205e+01
1.030000e-06	-3.504855e-06	-6.653616e-10	-2.434851e+01	-4.466214e+01
1.040000e-06	-3.468475e-06	-6.627448e-10	-2.409578e+01	-4.451121e+01
1.050000e-06	-3.431800e-06	-6.566432e-10	-2.384099e+01	-4.435893e+01
1.060000e-06	-3.394822e-06	-6.500450e-10	-2.358410e+01	-4.420495e+01
1.070000e-06	-3.357520e-06	-6.465862e-10	-2.332496e+01	-4.404892e+01
1.080000e-06	-3.320011e-06	-6.421968e-10	-2.306439e+01	-4.389046e+01
1.090000e-06	-3.282338e-06	-6.431198e-10	-2.280267e+01	-4.372917e+01
1.100000e-06	-3.244462e-06	-6.443667e-10	-2.253954e+01	-4.356463e+01
1.110000e-06	-3.206394e-06	-6.404218e-10	-2.227508e+01	-4.339644e+01
1.120000e-06	-3.168158e-06	-6.322959e-10	-2.200945e+01	-4.322416e+01
1.130000e-06	-3.129661e-06	-6.290462e-10	-2.174201e+01	-4.304738e+01
1.140000e-06	-3.090903e-06	-6.251399e-10	-2.147275e+01	-4.286568e+01
1.150000e-06	-3.051895e-06	-6.204266e-10	-2.120176e+01	-4.267863e+01
1.160000e-06	-3.012652e-06	-6.174919e-10	-2.092913e+01	-4.248583e+01
1.170000e-06	-2.973274e-06	-6.164931e-10	-2.065557e+01	-4.228689e+01
1.180000e-06	-2.933779e-06	-6.122083e-10	-2.038120e+01	-4.208142e+01
1.190000e-06	-2.894189e-06	-6.074712e-10	-2.010617e+01	-4.186907e+01
1.200000e-06	-2.854476e-06	-6.028963e-10	-1.983028e+01	-4.164950e+01
1.210000e-06	-2.814622e-06	-5.969626e-10	-1.955340e+01	-4.142239e+01
1.220000e-06	-2.774643e-06	-5.893638e-10	-1.927567e+01	-4.118745e+01
1.230000e-06	-2.734507e-06	-5.854312e-10	-1.899684e+01	-4.094444e+01
1.240000e-06	-2.694081e-06	-5.822179e-10	-1.871600e+01	-4.069311e+01
1.250000e-06	-2.653366e-06	-5.771695e-10	-1.843315e+01	-4.043327e+01
1.260000e-06	-2.612463e-06	-5.752070e-10	-1.814899e+01	-4.016477e+01
1.270000e-06	-2.571352e-06	-5.751680e-10	-1.786339e+01	-3.988746e+01
1.280000e-06	-2.530005e-06	-5.704170e-10	-1.757615e+01	-3.960125e+01
1.290000e-06	-2.488381e-06	-5.626234e-10	-1.728698e+01	-3.930608e+01
1.300000e-06	-2.446431e-06	-5.566629e-10	-1.699556e+01	-3.900191e+01
1.310000e-06	-2.404148e-06	-5.517549e-10	-1.670181e+01	-3.868875e+01
1.320000e-06	-2.361504e-06	-5.455927e-10	-1.640556e+01	-3.836662e+01
1.330000e-06	-2.318545e-06	-5.432216e-10	-1.610712e+01	-3.803558e+01
1.340000e-06	-2.275424e-06	-5.425389e-10	-1.580755e+01	-3.769572e+01
1.350000e-06	-2.232154e-06	-5.367029e-10	-1.550696e+01	-3.734715e+01
1.360000e-06	-2.188694e-06	-5.297687e-10	-1.520504e+01	-3.698998e+01
1.370000e-06	-2.145162e-06	-5.241193e-10	-1.490262e+01	-3.662436e+01
1.380000e-06	-2.101562e-06	-5.189028e-10	-1.459972e+01	-3.625045e+01
1.390000e-06	-2.057838e-06	-5.137618e-10	-1.429597e+01	-3.586843e+01
1.400000e-06	-2.014011e-06	-5.115356e-10	-1.399150e+01	-3.547845e+01
1.410000e-06	-1.970101e-06	-5.073639e-10	-1.368645e+01	-3.508070e+01
1.420000e-06	-1.926177e-06	-5.008957e-10	-1.338131e+01	-3.467536e+01
1.430000e-06	-1.882195e-06	-4.951723e-10	-1.307576e+01	-3.426258e+01
1.440000e-06	-1.838053e-06	-4.900725e-10	-1.276910e+01	-3.384254e+01
1.450000e-06	-1.793719e-06	-4.825888e-10	-1.246111e+01	-3.341536e+01
1.460000e-06	-1.749267e-06	-4.750869e-10	-1.215230e+01	-3.298119e+01
1.470000e-06	-1.704721e-06	-4.687320e-10	-1.184283e+01	-3.254012e+01
1.480000e-06	-1.660020e-06	-4.621051e-10	-1.153229e+01	-3.209224e+01
1.490000e-06	-1.615131e-06	-4.554597e-10	-1.122045e+01	-3.163760e+01
1.500000e-06	-1.569999e-06	-4.500624e-10	-1.090691e+01	-3.117621e+01
1.510000e-06	-1.524788e-06	-4.426680e-10	-1.059283e+01	-3.070808e+01
1.520000e-06	-1.479538e-06	-4.338599e-10	-1.027847e+01	-3.023314e+01
1.530000e-06	-1.434130e-06	-4.228361e-10	-9.963020e+00	-2.975132e+01
1.540000e-06	-1.388707e-06	-4.132275e-10	-9.647462e+00	-2.926249e+01
1.550000e-06	-1.343281e-06	-4.043787e-10	-9.331879e+00	-2.876649e+01
1.560000e-06	-1.297724e-06	-3.957777e-10	-9.015394e+00	-2.826311e+01
1.570000e-06	-1.252099e-06	-3.875559e-10	-8.698432e+00	-2.775211e+01
1.580000e-06	-1.206456e-06	-3.788645e-10	-8.381348e+00	-2.723321e+01
1.590000e-06	-1.160649e-06	-3.685384e-10	-8.063120e+00	-2.670610e+01
1.600000e-06	-1.114659e-06	-3.584455e-10	-7.743630e+00	-2.617041e+01
1.610000e-06	-1.068638e-06	-3.491602e-10	-7.423914e+00	-2.562575e+01
1.620000e-06	-1.022583e-06	-3.401783e-10	-7.103965e+00	-2.507172e+01
1.630000e-06	-9.764775e-07	-3.310655e-10	-6.783668e+00	-2.450785e+01
1.640000e-06	-9.302722e-07	-3.201438e-10	-6.462677e+00	-2.393369e+01
1.650000e-06	-8.839496e-07	-3.096749e-10	-6.140870e+00	-2.334874e+01
1.660000e-06	-8.376463e-07	-2.987538e-10	-5.819197e+00	-2.275249e+01
1.670000e-06	-7.913163e-07	-2.904855e-10	-5.497338e+00	-2.214444e+01
1.680000e-06	-7.448791e-07	-2.818433e-10	-5.174735e+00	-2.152406e+01
1.690000e-06	-6.983906e-07	-2.744118e-10	-4.851776e+00	-2.089084e+01
1.700000e-06	-6.519275e-07	-2.670707e-10	-4.528993e+00	-2.024427e+01
1.710000e-06	-6.054005e-07	-2.568144e-10	-4.205766e+00	-1.958384e+01
1.720000e-06	-5.586981e-07	-2.446648e-10	-3.881321e+00	-1.890909e+01
1.730000e-06	-5.119708e-07	-2.335879e-10	-3.556703e+00	-1.821955e+01
1.740000e-06	-4.653706e-07	-2.238397e-10	-3.232967e+00	-1.751481e+01
1.750000e-06	-4.187766e-07	-2.148764e-10	-2.909275e+00	-1.679448e+01
1.760000e-06	-3.720290e-07	-2.051603e-10	-2.584516e+00	-1.605822e+01
1.770000e-06	-3.251359e-07	-1.969735e-10	-2.258746e+00	-1.530573e+01
1.780000e-06	-2.782324e-07	-1.904370e-10	-1.932903e+00	-1.453679e+01
1.790000e-06	-2.313791e-07	-1.805392e-10	-1.607409e+00	-1.375120e+01
1.800000e-06	-1.845633e-07	-1.661488e-10	-1.282176e+00	-1.294887e+01
1.810000e-06	-1.377088e-07	-1.500177e-10	-9.566742e-01	-1.212973e+01
1.820000e-06	-9.081224e-08	-1.344131e-10	-6.308800e-01	-1.129383e+01
1.830000e-06	-4.394480e-08	-1.195782e-10	-3.052881e-01	-1.044125e+01
1.840000e-06	2.875312e-09	-1.045258e-10	1.997503e-02	-9.572199e+00
1.850000e-06	4.970530e-08	-9.440284e-11	3.453068e-01	-8.686923e+00
1.860000e-06	9.660368e-08	-8.786765e-11	6.711136e-01	-7.785775e+00
1.870000e-06	1.434609e-07	-7.929053e-11	9.966344e-01	-6.869185e+00
1.880000e-06	1.903043e-07	-6.909457e-11	1.322059e+00	-5.937668e+00
1.890000e-06	2.371720e-07	-5.590346e-11	1.647653e+00	-4.991821e+00
1.900000e-06	2.840198e-07	-3.963565e-11	1.973109e+00	-4.032328e+00
1.910000e-06	3.308438e-07	-2.264416e-11	2.298399e+00	-3.059950e+00
1.920000e-06	3.776728e-07	-8.318607e-12	2.623724e+00	-2.075528e+00
1.930000e-06	4.244377e-07	4.886130e-12	2.948603e+00	-1.079980e+00
1.940000e-06	4.710762e-07	1.630389e-11	3.272605e+00	-7.429293e-02
1.950000e-06	5.176636e-07	2.586036e-11	3.596251e+00	9.404756e-01
1.960000e-06	5.642382e-07	3.527152e-11	3.919808e+00	1.963207e+00
1.970000e-06	6.107740e-07	4.795087e-11	4.243096e+00	2.992725e+00
1.980000e-06	6.573033e-07	6.449537e-11	4.566340e+00	4.027802e+00
1.990000e-06	7.038450e-07	8.411918e-11	4.889668e+00	5.067166e+00
2.000000e-06	7.503362e-07	1.037136e-10	5.212646e+00	6.109505e+00
2.010000e-06	7.967511e-07	1.220244e-10	5.535095e+00	7.153479e+00
2.020000e-06	8.430891e-07	1.366053e-10	5.857008e+00	8.197721e+00
2.030000e-06	8.893441e-07	1.477395e-10	6.178346e+00	9.240851e+00
2.040000e-06	9.355330e-07	1.562964e-10	6.499223e+00	1.028148e+01
2.050000e-06	9.816414e-07	1.654813e-10	6.819542e+00	1.131822e+01
2.060000e-06	1.027709e-06	1.783716e-10	7.139579e+00	1.234968e+01
2.070000e-06	1.073700e-06	1.953302e-10	7.459082e+00	1.337451e+01
2.080000e-06	1.119525e-06	2.134441e-10	7.777434e+00	1.439135e+01
2.090000e-06	1.165273e-06	2.305627e-10	8.095245e+00	1.539890e+01
2.100000e-06	1.210996e-06	2.468585e-10	8.412890e+00	1.639589e+01
2.110000e-06	1.256676e-06	2.608144e-10	8.730229e+00	1.738108e+01
2.120000e-06	1.302290e-06	2.732993e-10	9.047114e+00	1.835330e+01
2.130000e-06	1.347794e-06	2.849668e-10	9.363237e+00	1.931144e+01
2.140000e-06	1.393149e-06	2.955243e-10	9.678320e+00	2.025444e+01
2.150000e-06	1.438390e-06	3.061306e-10	9.992609e+00	2.118131e+01
2.160000e-06	1.483586e-06	3.183859e-10	1.030659e+01	2.209116e+01
2.170000e-06	1.528660e-06	3.320400e-10	1.061972e+01	2.298315e+01
2.180000e-06	1.573574e-06	3.453176e-10	1.093175e+01	2.385654e+01
2.190000e-06	1.618359e-06	3.569741e-10	1.124287e+01	2.471066e+01
2.200000e-06	1.663082e-06	3.675072e-10	1.155357e+01	2.554494e+01
2.210000e-06	1.707761e-06	3.770929e-10	1.186396e+01	2.635889e+01
2.220000e-06	1.752269e-06	3.868450e-10	1.217315e+01	2.715213e+01
2.230000e-06	1.796539e-06	3.961385e-10	1.248070e+01	2.792434e+01
2.240000e-06	1.840705e-06	4.067461e-10	1.278753e+01	2.867532e+01
2.250000e-06	1.884818e-06	4.161369e-10	1.309398e+01	2.940493e+01
2.260000e-06	1.928766e-06	4.264579e-10	1.339930e+01	3.011314e+01
2.270000e-06	1.972620e-06	4.353646e-10	1.370395e+01	3.080000e+01
2.280000e-06	2.016392e-06	4.416326e-10	1.400804e+01	3.146563e+01
2.290000e-06	2.060072e-06	4.472898e-10	1.431148e+01	3.211025e+01
2.300000e-06	2.103737e-06	4.547160e-10	1.461483e+01	3.273413e+01
2.310000e-06	2.147356e-06	4.645321e-10	1.491786e+01	3.333762e+01
2.320000e-06	2.190890e-06	4.742641e-10	1.522029e+01	3.392114e+01
2.330000e-06	2.234350e-06	4.848254e-10	1.552221e+01	3.448517e+01
2.340000e-06	2.277653e-06	4.936468e-10	1.582304e+01	3.503024e+01
2.350000e-06	2.320717e-06	5.003000e-10	1.612221e+01	3.555693e+01
2.360000e-06	2.363569e-06	5.031928e-10	1.641991e+01	3.606585e+01
2.370000e-06	2.406162e-06	5.049969e-10	1.671580e+01	3.655766e+01
2.380000e-06	2.448495e-06	5.093488e-10	1.700989e+01	3.703305e+01
2.390000e-06	2.490609e-06	5.185018e-10	1.730246e+01	3.749273e+01
2.400000e-06	2.532471e-06	5.302639e-10	1.759328e+01	3.793742e+01
2.410000e-06	2.573930e-06	5.411171e-10	1.788130e+01	3.836786e+01
2.420000e-06	2.615030e-06	5.510604e-10	1.816682e+01	3.878479e+01
2.430000e-06	2.655841e-06	5.573710e-10	1.845034e+01	3.918896e+01
2.440000e-06	2.696382e-06	5.607628e-10	1.873199e+01	3.958109e+01
2.450000e-06	2.736758e-06	5.650253e-10	1.901248e+01	3.996191e+01
2.460000e-06	2.776910e-06	5.694104e-10	1.929142e+01	4.033211e+01
2.470000e-06	2.816867e-06	5.753370e-10	1.956901e+01	4.069239e+01
2.480000e-06	2.856707e-06	5.819343e-10	1.984578e+01	4.104339e+01
2.490000e-06	2.896415e-06	5.902224e-10	2.012163e+01	4.138574e+01
2.500000e-06	2.936012e-06	5.985763e-10	2.039672e+01	4.172003e+01
2.510000e-06	2.975424e-06	6.052683e-10	2.067051e+01	4.204681e+01
2.520000e-06	3.014622e-06	6.110138e-10	2.094282e+01	4.236659e+01
2.530000e-06	3.053648e-06	6.131465e-10	2.121394e+01	4.267985e+01
2.540000e-06	3.092486e-06	6.120234e-10	2.148375e+01	4.298702e+01
2.550000e-06	3.131097e-06	6.118919e-10	2.175199e+01	4.328848e+01
2.560000e-06	3.169448e-06	6.164345e-10	2.201841e+01	4.358458e+01
2.570000e-06	3.207631e-06	6.216309e-10	2.228367e+01	4.387561e+01
2.580000e-06	3.245620e-06	6.290131e-10	2.254759e+01	4.416182e+01
2.590000e-06	3.283365e-06	6.384130e-10	2.280980e+01	4.444342e+01
2.600000e-06	3.320905e-06	6.455402e-10	2.307059e+01	4.472059e+01
2.610000e-06	3.358212e-06	6.498690e-10	2.332977e+01	4.499344e+01
2.620000e-06	3.395226e-06	6.519336e-10	2.358691e+01	4.526206e+01
2.630000e-06	3.431993e-06	6.509818e-10	2.384233e+01	4.552652e+01
2.640000e-06	3.468534e-06	6.501062e-10	2.409619e+01	4.578682e+01
2.650000e-06	3.504819e-06	6.527149e-10	2.434826e+01	4.604295e+01
2.660000e-06	3.540872e-06	6.596666e-10	2.459873e+01	4.629488e+01
2.670000e-06	3.576725e-06	6.679278e-10	2.484780e+01	4.654254e+01
2.680000e-06	3.612463e-06	6.733384e-10	2.509607e+01	4.678584e+01
2.690000e-06	3.648120e-06	6.747529e-10	2.534379e+01	4.702469e+01
2.700000e-06	3.683630e-06	6.738838e-10	2.559048e+01	4.725896e+01
2.710000e-06	3.718944e-06	6.731714e-10	2.583581e+01	4.748853e+01
2.720000e-06	3.753957e-06	6.765615e-10	2.607904e+01	4.771326e+01
2.730000e-06	3.788662e-06	6.852481e-10	2.632014e+01	4.793302e+01
2.740000e-06	3.823037e-06	6.958716e-10	2.655895e+01	4.814765e+01
2.750000e-06	3.856935e-06	7.043392e-10	2.679444e+01	4.835704e+01
2.760000e-06	3.890288e-06	7.072698e-10	2.702615e+01	4.856104e+01
2.770000e-06	3.923151e-06	7.059149e-10	2.725445e+01	4.875952e+01
2.780000e-06	3.955654e-06	7.039397e-10	2.748025e+01	4.895239e+01
2.790000e-06	3.987893e-06	7.035564e-10	2.770422e+01	4.913953e+01
2.800000e-06	4.019860e-06	7.075465e-10	2.792629e+01	4.932085e+01
2.810000e-06	4.051620e-06	7.148543e-10	2.814693e+01	4.949630e+01
2.820000e-06	4.083244e-06	7.222473e-10	2.836663e+01	4.966581e+01
2.830000e-06	4.114667e-06	7.266622e-10	2.858493e+01	4.982936e+01
2.840000e-06	4.145817e-06	7.256614e-10	2.880133e+01	4.998694e+01
2.850000e-06	4.176733e-06	7.240372e-10	2.901610e+01	5.013854e+01
2.860000e-06	4.207347e-06	7.227707e-10	2.922878e+01	5.028420e+01
2.870000e-06	4.237631e-06	7.213035e-10	2.943916e+01	5.042397e+01
2.880000e-06	4.267682e-06	7.223523e-10	2.964793e+01	5.055793e+01
2.890000e-06	4.297398e-06	7.263939e-10	2.985437e+01	5.068615e+01
2.900000e-06	4.326757e-06	7.334621e-10	3.005833e+01	5.080875e+01
2.910000e-06	4.355874e-06	7.404239e-10	3.026061e+01	5.092586e+01
2.920000e-06	4.384709e-06	7.436019e-10	3.046093e+01	5.103762e+01
2.930000e-06	4.413168e-06	7.436298e-10	3.065864e+01	5.114420e+01
2.940000e-06	4.441342e-06	7.423201e-10	3.085436e+01	5.124576e+01
2.950000e-06	4.469335e-06	7.419038e-10	3.104883e+01	5.134249e+01
2.960000e-06	4.497149e-06	7.413949e-10	3.124206e+01	5.143460e+01
2.970000e-06	4.524786e-06	7.419047e-10	3.143406e+01	5.152229e+01
2.980000e-06	4.552181e-06	7.443577e-10	3.162437e+01	5.160577e+01
2.990000e-06	4.579235e-06	7.459854e-10	3.181232e+01	5.168526e+01
3.000000e-06	4.605908e-06	7.464277e-10	3.199761e+01	5.176098e+01
3.010000e-06	4.632075e-06	7.487350e-10	3.217940e+01	5.183316e+01
3.020000e-06	4.657728e-06	7.522243e-10	3.235762e+01	5.190203e+01
3.030000e-06	4.682857e-06	7.534390e-10	3.253219e+01	5.196779e+01
3.040000e-06	4.707375e-06	7.531685e-10	3.270252e+01	5.203068e+01
3.050000e-06	4.731416e-06	7.539712e-10	3.286953e+01	5.209089e+01
3.060000e-06	4.755223e-06	7.556733e-10	3.303492e+01	5.214864e+01
3.070000e-06	4.778814e-06	7.572764e-10	3.319881e+01	5.220412e+01
3.080000e-06	4.802131e-06	7.578537e-10	3.336079e+01	5.225751e+01
3.090000e-06	4.825193e-06	7.585457e-10	3.352101e+01	5.230900e+01
3.100000e-06	4.847877e-06	7.601728e-10	3.367860e+01	5.235875e+01
3.110000e-06	4.870170e-06	7.622945e-10	3.383347e+01	5.240691e+01
3.120000e-06	4.892170e-06	7.608679e-10	3.398630e+01	5.245363e+01
3.130000e-06	4.913827e-06	7.582732e-10	3.413676e+01	5.249903e+01
3.140000e-06	4.935154e-06	7.561096e-10	3.428491e+01	5.254322e+01
3.150000e-06	4.956132e-06	7.553276e-10	3.443065e+01	5.258631e+01
3.160000e-06	4.976739e-06	7.574750e-10	3.457381e+01	5.262840e+01
3.170000e-06	4.997089e-06	7.635306e-10	3.471518e+01	5.266954e+01
3.180000e-06	5.017190e-06	7.689647e-10	3.485483e+01	5.270982e+01
3.190000e-06	5.037053e-06	7.692595e-10	3.499282e+01	5.274929e+01
3.200000e-06	5.056740e-06	7.682980e-10	3.512958e+01	5.278797e+01
3.210000e-06	5.076200e-06	7.644216e-10	3.526477e+01	5.282592e+01
3.220000e-06	5.095318e-06	7.632347e-10	3.539759e+01	5.286315e+01
3.230000e-06	5.114005e-06	7.683360e-10	3.552741e+01	5.289968e+01
3.240000e-06	5.132234e-06	7.764299e-10	3.565404e+01	5.293551e+01
3.250000e-06	5.150023e-06	7.812519e-10	3.577763e+01	5.297064e+01
3.260000e-06	5.167372e-06	7.767382e-10	3.589815e+01	5.300507e+01
3.270000e-06	5.184393e-06	7.693472e-10	3.601640e+01	5.303879e+01
3.280000e-06	5.201134e-06	7.638519e-10	3.613270e+01	5.307178e+01
3.290000e-06	5.217508e-06	7.620722e-10	3.624645e+01	5.310404e+01
3.300000e-06	5.233509e-06	7.652287e-10	3.635761e+01	5.313552e+01
3.310000e-06	5.249110e-06	7.714936e-10	3.646599e+01	5.316623e+01
3.320000e-06	5.264209e-06	7.802115e-10	3.657089e+01	5.319614e+01
3.330000e-06	5.278750e-06	7.860580e-10	3.667191e+01	5.322521e+01
3.340000e-06	5.292810e-06	7.885695e-10	3.676958e+01	5.325345e+01
3.350000e-06	5.306654e-06	7.859758e-10	3.686575e+01	5.328082e+01
3.360000e-06	5.320252e-06	7.786902e-10	3.696022e+01	5.330731e+01
3.370000e-06	5.333353e-06	7.738742e-10	3.705123e+01	5.333291e+01
3.380000e-06	5.346054e-06	7.758196e-10	3.713947e+01	5.335759e+01
3.390000e-06	5.358364e-06	7.820640e-10	3.722499e+01	5.338134e+01
3.400000e-06	5.370277e-06	7.877488e-10	3.730775e+01	5.340416e+01
3.410000e-06	5.381857e-06	7.924565e-10	3.738819e+01	5.342603e+01
3.420000e-06	5.393010e-06	7.946010e-10	3.746568e+01	5.344696e+01
3.430000e-06	5.403759e-06	7.949842e-10	3.754035e+01	5.346692e+01
3.440000e-06	5.414078e-06	7.937700e-10	3.761204e+01	5.348592e+01
3.450000e-06	5.423727e-06	7.912008e-10	3.767907e+01	5.350396e+01
3.460000e-06	5.432630e-06	7.903774e-10	3.774092e+01	5.352102e+01
3.470000e-06	5.440979e-06	7.898701e-10	3.779893e+01	5.353710e+01
3.480000e-06	5.448963e-06	7.905476e-10	3.785439e+01	5.355221e+01
3.490000e-06	5.456671e-06	7.938463e-10	3.790794e+01	5.356633e+01
3.500000e-06	5.464223e-06	7.985618e-10	3.796040e+01	5.357945e+01
3.510000e-06	5.471527e-06	8.034137e-10	3.801114e+01	5.359157e+01
3.520000e-06	5.478338e-06	8.074965e-10	3.805846e+01	5.360267e+01
3.530000e-06	5.484728e-06	8.084530e-10	3.810285e+01	5.361275e+01
3.540000e-06	5.490733e-06	8.049745e-10	3.814456e+01	5.362177e+01
3.550000e-06	5.496350e-06	8.026179e-10	3.818359e+01	5.362972e+01
3.560000e-06	5.501647e-06	8.017476e-10	3.822039e+01	5.363658e+01
3.570000e-06	5.506509e-06	8.008480e-10	3.825417e+01	5.364231e+01
3.580000e-06	5.510961e-06	8.013617e-10	3.828509e+01	5.364689e+01
3.590000e-06	5.515106e-06	8.010123e-10	3.831389e+01	5.365027e+01
3.600000e-06	5.518968e-06	8.005157e-10	3.834072e+01	5.365243e+01
3.610000e-06	5.522647e-06	8.011416e-10	3.836628e+01	5.365331e+01
3.620000e-06	5.526112e-06	8.024585e-10	3.839035e+01	5.365288e+01
3.630000e-06	5.529220e-06	8.031556e-10	3.841194e+01	5.365108e+01
3.640000e-06	5.531788e-06	8.032335e-10	3.842978e+01	5.364786e+01
3.650000e-06	5.533618e-06	8.057596e-10	3.844249e+01	5.364318e+01
3.660000e-06	5.534870e-06	8.092590e-10	3.845119e+01	5.363698e+01
3.670000e-06	5.535691e-06	8.102595e-10	3.845689e+01	5.362921e+01
3.680000e-06	5.536091e-06	8.096553e-10	3.845967e+01	5.361983e+01
3.690000e-06	5.536138e-06	8.087012e-10	3.846000e+01	5.360877e+01
3.700000e-06	5.535873e-06	8.088728e-10	3.845816e+01	5.359600e+01
3.710000e-06	5.535325e-06	8.110753e-10	3.845435e+01	5.358148e+01
3.720000e-06	5.534470e-06	8.132321e-10	3.844841e+01	5.356515e+01
3.730000e-06	5.533289e-06	8.144558e-10	3.844021e+01	5.354699e+01
3.740000e-06	5.531745e-06	8.165320e-10	3.842948e+01	5.352697e+01
3.750000e-06	5.529791e-06	8.251338e-10	3.841591e+01	5.350506e+01
3.760000e-06	5.527465e-06	8.411843e-10	3.839974e+01	5.348126e+01
3.770000e-06	5.524770e-06	8.230680e-10	3.838103e+01	5.345554e+01
3.780000e-06	5.521627e-06	7.655152e-10	3.835919e+01	5.342792e+01
3.790000e-06	5.517963e-06	7.601927e-10	3.833373e+01	5.339840e+01
3.800000e-06	5.513797e-06	8.081285e-10	3.830479e+01	5.336701e+01
3.810000e-06	5.509399e-06	8.554621e-10	3.827424e+01	5.333376e+01
3.820000e-06	5.504921e-06	8.308241e-10	3.824314e+01	5.329870e+01
3.830000e-06	5.500149e-06	8.050007e-10	3.820998e+01	5.326187e+01
3.840000e-06	5.494735e-06	8.361702e-10	3.817237e+01	5.322333e+01
3.850000e-06	5.488704e-06	8.420377e-10	3.813047e+01	5.318315e+01
3.860000e-06	5.482469e-06	7.889930e-10	3.808716e+01	5.314139e+01
3.870000e-06	5.475933e-06	7.472872e-10	3.804175e+01	5.309814e+01
3.880000e-06	5.468798e-06	8.247990e-10	3.799218e+01	5.305349e+01
3.890000e-06	5.461138e-06	8.737338e-10	3.793897e+01	5.300753e+01
3.900000e-06	5.453075e-06	8.255296e-10	3.788296e+01	5.296036e+01
3.910000e-06	5.444609e-06	7.633950e-10	3.782414e+01	5.291209e+01
3.920000e-06	5.435695e-06	8.016648e-10	3.776221e+01	5.286283e+01
3.930000e-06	5.426582e-06	8.428228e-10	3.769890e+01	5.281268e+01
3.940000e-06	5.417316e-06	8.138088e-10	3.763453e+01	5.276176e+01
3.950000e-06	5.407572e-06	7.909692e-10	3.756684e+01	5.271017e+01
3.960000e-06	5.397324e-06	8.175801e-10	3.749565e+01	5.265802e+01
3.970000e-06	5.386731e-06	8.318849e-10	3.742206e+01	5.260543e+01
3.980000e-06	5.375747e-06	8.027078e-10	3.734575e+01	5.255247e+01
3.990000e-06	5.364303e-06	7.942782e-10	3.726625e+01	5.249925e+01
4.000000e-06	5.352539e-06	8.091734e-10	3.718452e+01	5.244586e+01
4.010000e-06	5.340477e-06	8.159259e-10	3.710073e+01	5.239236e+01
4.020000e-06	5.327948e-06	7.985774e-10	3.701369e+01	5.233881e+01
4.030000e-06	5.314860e-06	7.980906e-10	3.692276e+01	5.228528e+01
4.040000e-06	5.301360e-06	8.016888e-10	3.682898e+01	5.223179e+01
4.050000e-06	5.287507e-06	8.066248e-10	3.673274e+01	5.217838e+01
4.060000e-06	5.273045e-06	7.749873e-10	3.663227e+01	5.212504e+01
4.070000e-06	5.257845e-06	7.653136e-10	3.652667e+01	5.207178e+01
4.080000e-06	5.242126e-06	7.916515e-10	3.641747e+01	5.201858e+01
4.090000e-06	5.226080e-06	8.120530e-10	3.630600e+01	5.196539e+01
4.100000e-06	5.209733e-06	7.793496e-10	3.619244e+01	5.191215e+01
4.110000e-06	5.193083e-06	7.787909e-10	3.607677e+01	5.185881e+01
4.120000e-06	5.176144e-06	8.114413e-10	3.595909e+01	5.180526e+01
4.130000e-06	5.158894e-06	7.989339e-10	3.583925e+01	5.175141e+01
4.140000e-06	5.141252e-06	7.721174e-10	3.571669e+01	5.169713e+01
4.150000e-06	5.123222e-06	8.035473e-10	3.559144e+01	5.164230e+01
4.160000e-06	5.104869e-06	8.123840e-10	3.546394e+01	5.158677e+01
4.170000e-06	5.086189e-06	7.748323e-10	3.533417e+01	5.153038e+01
4.180000e-06	5.067228e-06	7.887774e-10	3.520244e+01	5.147296e+01
4.190000e-06	5.047905e-06	8.167510e-10	3.506821e+01	5.141434e+01
4.200000e-06	5.028186e-06	7.805685e-10	3.493121e+01	5.135434e+01
4.210000e-06	5.008190e-06	7.641320e-10	3.479230e+01	5.129276e+01
4.220000e-06	4.987946e-06	8.000231e-10	3.465166e+01	5.122942e+01
4.230000e-06	4.967441e-06	7.838190e-10	3.450921e+01	5.116411e+01
4.240000e-06	4.946690e-06	7.619309e-10	3.436506e+01	5.109666e+01
4.250000e-06	4.925684e-06	7.937168e-10	3.421913e+01	5.102687e+01
4.260000e-06	4.904145e-06	8.001531e-10	3.406949e+01	5.095456e+01
4.270000e-06	4.881925e-06	7.655634e-10	3.391513e+01	5.087955e+01
4.280000e-06	4.859115e-06	7.806186e-10	3.375667e+01	5.080169e+01
4.290000e-06	4.835761e-06	7.937367e-10	3.359442e+01	5.072081e+01
4.300000e-06	4.812014e-06	7.672246e-10	3.342945e+01	5.063677e+01
4.310000e-06	4.788017e-06	7.595899e-10	3.326274e+01	5.054946e+01
4.320000e-06	4.763779e-06	7.836228e-10	3.309436e+01	5.045877e+01
4.330000e-06	4.739282e-06	7.781757e-10	3.292418e+01	5.036460e+01
4.340000e-06	4.714549e-06	7.743435e-10	3.275236e+01	5.026689e+01
4.350000e-06	4.689526e-06	7.799406e-10	3.257852e+01	5.016559e+01
4.360000e-06	4.664109e-06	7.750401e-10	3.240194e+01	5.006068e+01
4.370000e-06	4.638293e-06	7.568702e-10	3.222260e+01	4.995216e+01
4.380000e-06	4.612195e-06	7.557972e-10	3.204130e+01	4.984004e+01
4.390000e-06	4.585814e-06	7.591028e-10	3.185802e+01	4.972437e+01
4.400000e-06	4.559044e-06	7.589579e-10	3.167205e+01	4.960521e+01
4.410000e-06	4.531960e-06	7.555212e-10	3.148389e+01	4.948267e+01
4.420000e-06	4.504577e-06	7.607007e-10	3.129366e+01	4.935684e+01
4.430000e-06	4.476870e-06	7.693179e-10	3.110118e+01	4.922785e+01
4.440000e-06	4.448966e-06	7.649383e-10	3.090733e+01	4.909587e+01
4.450000e-06	4.420903e-06	7.552368e-10	3.071237e+01	4.896106e+01
4.460000e-06	4.392600e-06	7.573381e-10	3.051575e+01	4.882360e+01
4.470000e-06	4.364052e-06	7.539368e-10	3.031742e+01	4.868369e+01
4.480000e-06	4.335238e-06	7.458728e-10	3.011725e+01	4.854155e+01
4.490000e-06	4.306160e-06	7.494505e-10	2.991524e+01	4.839739e+01
4.500000e-06	4.276694e-06	7.488905e-10	2.971054e+01	4.825144e+01
4.510000e-06	4.246684e-06	7.419173e-10	2.950206e+01	4.810393e+01
4.520000e-06	4.216226e-06	7.425094e-10	2.929046e+01	4.795510e+01
4.530000e-06	4.185222e-06	7.471641e-10	2.907508e+01	4.780516e+01
4.540000e-06	4.153688e-06	7.422692e-10	2.885601e+01	4.765436e+01
4.550000e-06	4.121848e-06	7.415060e-10	2.863481e+01	4.750291e+01
4.560000e-06	4.089761e-06	7.391107e-10	2.841190e+01	4.735100e+01
4.570000e-06	4.057479e-06	7.356948e-10	2.818764e+01	4.719885e+01
4.580000e-06	4.025047e-06	7.337988e-10	2.796233e+01	4.704661e+01
4.590000e-06	3.992392e-06	7.340175e-10	2.773547e+01	4.689446e+01
4.600000e-06	3.959490e-06	7.290983e-10	2.750690e+01	4.674252e+01
4.610000e-06	3.926350e-06	7.278355e-10	2.727667e+01	4.659091e+01
4.620000e-06	3.892936e-06	7.272552e-10	2.704454e+01	4.643972e+01
4.630000e-06	3.859266e-06	7.268445e-10	2.681063e+01	4.628899e+01
4.640000e-06	3.825326e-06	7.233881e-10	2.657485e+01	4.613876e+01
4.650000e-06	3.791161e-06	7.198908e-10	2.633751e+01	4.598902e+01
4.660000e-06	3.756767e-06	7.130407e-10	2.609856e+01	4.583974e+01
4.670000e-06	3.722167e-06	7.089487e-10	2.585820e+01	4.569085e+01
4.680000e-06	3.687244e-06	7.084399e-10	2.561558e+01	4.554224e+01
4.690000e-06	3.652011e-06	7.082071e-10	2.537082e+01	4.539378e+01
4.700000e-06	3.616582e-06	7.037136e-10	2.512469e+01	4.524531e+01
4.710000e-06	3.580889e-06	7.026322e-10	2.487672e+01	4.509661e+01
4.720000e-06	3.544953e-06	7.036554e-10	2.462708e+01	4.494746e+01
4.730000e-06	3.508845e-06	7.003979e-10	2.437623e+01	4.479760e+01
4.740000e-06	3.472624e-06	6.955447e-10	2.412460e+01	4.464673e+01
4.750000e-06	3.436286e-06	6.950565e-10	2.387216e+01	4.449454e+01
4.760000e-06	3.399792e-06	6.953336e-10	2.361863e+01	4.434069e+01
4.770000e-06	3.363054e-06	6.940558e-10	2.336341e+01	4.418482e+01
4.780000e-06	3.326096e-06	6.965213e-10	2.310666e+01	4.402654e+01
4.790000e-06	3.288857e-06	6.944646e-10	2.284796e+01	4.386547e+01
4.800000e-06	3.251156e-06	6.873290e-10	2.258605e+01	4.370119e+01
4.810000e-06	3.212955e-06	6.839825e-10	2.232066e+01	4.353328e+01
4.820000e-06	3.174320e-06	6.854845e-10	2.205226e+01	4.336134e+01
4.830000e-06	3.135266e-06	6.854684e-10	2.178095e+01	4.318492e+01
4.840000e-06	3.095897e-06	6.852258e-10	2.150744e+01	4.300361e+01
4.850000e-06	3.056335e-06	6.835114e-10	2.123261e+01	4.281699e+01
4.860000e-06	3.016541e-06	6.758493e-10	2.095616e+01	4.262466e+01
4.870000e-06	2.976574e-06	6.653770e-10	2.067850e+01	4.242621e+01
4.880000e-06	2.936535e-06	6.605248e-10	2.040034e+01	4.222127e+01
4.890000e-06	2.896409e-06	6.588591e-10	2.012159e+01	4.200948e+01
4.900000e-06	2.856121e-06	6.593281e-10	1.984171e+01	4.179049e+01
4.910000e-06	2.815667e-06	6.606459e-10	1.956066e+01	4.156398e+01
4.920000e-06	2.775108e-06	6.614425e-10	1.927890e+01	4.132968e+01
4.930000e-06	2.734367e-06	6.559196e-10	1.899587e+01	4.108732e+01
4.940000e-06	2.693376e-06	6.493044e-10	1.871110e+01	4.083666e+01
4.950000e-06	2.652268e-06	6.431050e-10	1.842552e+01	4.057751e+01
4.960000e-06	2.611041e-06	6.374769e-10	1.813911e+01	4.030970e+01
4.970000e-06	2.569536e-06	6.314791e-10	1.785078e+01	4.003310e+01
4.980000e-06	2.527739e-06	6.284594e-10	1.756041e+01	3.974760e+01
4.990000e-06	2.485797e-06	6.253103e-10	1.726903e+01	3.945315e+01
5.000000e-06	2.443793e-06	6.204336e-10	1.697723e+01	3.914970e+01
5.010000e-06	2.401649e-06	6.169319e-10	1.668445e+01	3.883726e+01
5.020000e-06	2.359310e-06	6.144291e-10	1.639032e+01	3.851584e+01
5.030000e-06	2.316822e-06	6.110038e-10	1.609515e+01	3.818552e+01
5.040000e-06	2.274211e-06	6.084146e-10	1.579913e+01	3.784636e+01
5.050000e-06	2.231347e-06	6.084903e-10	1.550135e+01	3.749847e+01
5.060000e-06	2.188243e-06	6.058623e-10	1.520190e+01	3.714198e+01
5.070000e-06	2.145038e-06	6.005215e-10	1.490175e+01	3.677703e+01
5.080000e-06	2.101669e-06	5.952740e-10	1.460047e+01	3.640378e+01
5.090000e-06	2.058115e-06	5.896591e-10	1.429789e+01	3.602239e+01
5.100000e-06	2.014453e-06	5.826298e-10	1.399457e+01	3.563304e+01
5.110000e-06	1.970678e-06	5.759157e-10	1.369046e+01	3.523591e+01
5.120000e-06	1.926810e-06	5.697129e-10	1.338571e+01	3.483116e+01
5.130000e-06	1.882839e-06	5.643259e-10	1.308024e+01	3.441896e+01
5.140000e-06	1.838747e-06	5.592486e-10	1.277393e+01	3.399949e+01
5.150000e-06	1.794573e-06	5.555106e-10	1.246705e+01	3.357287e+01
5.160000e-06	1.750354e-06	5.477949e-10	1.215985e+01	3.313925e+01
5.170000e-06	1.706083e-06	5.380517e-10	1.185230e+01	3.269872e+01
5.180000e-06	1.661736e-06	5.299354e-10	1.154421e+01	3.225137e+01
5.190000e-06	1.617363e-06	5.237932e-10	1.123595e+01	3.179726e+01
5.200000e-06	1.572914e-06	5.182141e-10	1.092716e+01	3.133641e+01
5.210000e-06	1.528303e-06	5.121083e-10	1.061724e+01	3.086880e+01
5.220000e-06	1.483583e-06	5.066625e-10	1.030657e+01	3.039441e+01
5.230000e-06	1.438844e-06	4.997224e-10	9.995768e+00	2.991313e+01
5.240000e-06	1.394130e-06	4.921122e-10	9.685136e+00	2.942486e+01
5.250000e-06	1.349260e-06	4.826083e-10	9.373420e+00	2.892943e+01
5.260000e-06	1.304192e-06	4.715176e-10	9.060330e+00	2.842665e+01
5.270000e-06	1.258986e-06	4.625951e-10	8.746276e+00	2.791626e+01
5.280000e-06	1.213758e-06	4.557794e-10	8.432075e+00	2.739801e+01
5.290000e-06	1.168500e-06	4.481316e-10	8.117662e+00	2.687156e+01
5.300000e-06	1.123052e-06	4.402271e-10	7.801936e+00	2.633657e+01
5.310000e-06	1.077416e-06	4.323228e-10	7.484897e+00	2.579264e+01
5.320000e-06	1.031718e-06	4.231122e-10	7.167429e+00	2.523938e+01
5.330000e-06	9.859954e-07	4.151260e-10	6.849790e+00	2.467632e+01
5.340000e-06	9.402060e-07	4.107895e-10	6.531687e+00	2.410300e+01
5.350000e-06	8.943669e-07	4.046715e-10	6.213239e+00	2.351894e+01
5.360000e-06	8.483835e-07	3.948349e-10	5.893789e+00	2.292362e+01
5.370000e-06	8.022735e-07	3.836358e-10	5.573459e+00	2.231654e+01
5.380000e-06	7.560608e-07	3.717543e-10	5.252416e+00	2.169718e+01
5.390000e-06	7.097636e-07	3.606000e-10	4.930786e+00	2.106502e+01
5.400000e-06	6.634994e-07	3.509615e-10	4.609384e+00	2.041954e+01
5.410000e-06	6.172004e-07	3.438104e-10	4.287741e+00	1.976026e+01
5.420000e-06	5.708045e-07	3.358748e-10	3.965425e+00	1.908669e+01
5.430000e-06	5.244344e-07	3.263644e-10	3.643288e+00	1.839837e+01
5.440000e-06	4.781004e-07	3.163284e-10	3.321402e+00	1.769488e+01
5.450000e-06	4.316785e-07	3.053258e-10	2.998906e+00	1.697583e+01
5.460000e-06	3.852122e-07	2.914389e-10	2.676100e+00	1.624088e+01
5.470000e-06	3.386979e-07	2.787132e-10	2.352961e+00	1.548973e+01
5.480000e-06	2.921602e-07	2.673958e-10	2.029661e+00	1.472213e+01
5.490000e-06	2.456683e-07	2.563613e-10	1.706677e+00	1.393791e+01
5.500000e-06	1.990828e-07	2.471649e-10	1.383044e+00	1.313694e+01
5.510000e-06	1.525226e-07	2.339650e-10	1.059587e+00	1.231917e+01
5.520000e-06	1.060362e-07	2.184765e-10	7.366422e-01	1.148463e+01
5.530000e-06	5.945698e-08	2.046838e-10	4.130524e-01	1.063341e+01
5.540000e-06	1.284012e-08	1.919008e-10	8.920133e-02	9.765689e+00
5.550000e-06	-3.381359e-08	1.778213e-10	-2.349058e-01	8.881723e+00
5.560000e-06	-8.052930e-08	1.627041e-10	-5.594436e-01	7.981851e+00
5.570000e-06	-1.272013e-07	1.470911e-10	-8.836775e-01	7.066499e+00
5.580000e-06	-1.738311e-07	1.292333e-10	-1.207619e+00	6.136173e+00
5.590000e-06	-2.203760e-07	1.118848e-10	-1.530970e+00	5.191465e+00
5.600000e-06	-2.669304e-07	9.449232e-11	-1.854387e+00	4.233050e+00
5.610000e-06	-3.135239e-07	7.792434e-11	-2.178076e+00	3.261684e+00
5.620000e-06	-3.600965e-07	6.258492e-11	-2.501620e+00	2.278202e+00
5.630000e-06	-4.066220e-07	4.931141e-11	-2.824836e+00	1.283513e+00
5.640000e-06	-4.530963e-07	3.497511e-11	-3.147697e+00	2.786010e-01
5.650000e-06	-4.995736e-07	1.840540e-11	-3.470578e+00	-7.354833e-01
5.660000e-06	-5.459731e-07	2.001107e-12	-3.792919e+00	-1.757626e+00
5.670000e-06	-5.922490e-07	-1.638548e-11	-4.114402e+00	-2.786655e+00
5.680000e-06	-6.384577e-07	-3.505207e-11	-4.435417e+00	-3.821348e+00
5.690000e-06	-6.846416e-07	-5.384233e-11	-4.756261e+00	-4.860435e+00
5.700000e-06	-7.308200e-07	-7.300803e-11	-5.077066e+00	-5.902608e+00
5.710000e-06	-7.769634e-07	-9.026918e-11	-5.397628e+00	-6.946527e+00
5.720000e-06	-8.230433e-07	-1.066160e-10	-5.717748e+00	-7.990831e+00
5.730000e-06	-8.690345e-07	-1.226126e-10	-6.037253e+00	-9.034137e+00
5.740000e-06	-9.149276e-07	-1.389563e-10	-6.356076e+00	-1.007506e+01
5.750000e-06	-9.606757e-07	-1.562892e-10	-6.673892e+00	-1.111220e+01
5.760000e-06	-1.006326e-06	-1.766213e-10	-6.991030e+00	-1.214419e+01
5.770000e-06	-1.051934e-06	-1.985608e-10	-7.307871e+00	-1.316965e+01
5.780000e-06	-1.097409e-06	-2.182790e-10	-7.623787e+00	-1.418724e+01
5.790000e-06	-1.142812e-06	-2.351864e-10	-7.939205e+00	-1.519565e+01
5.800000e-06	-1.188163e-06	-2.489060e-10	-8.254263e+00	-1.619359e+01
5.810000e-06	-1.233362e-06	-2.601260e-10	-8.568266e+00	-1.717984e+01
5.820000e-06	-1.278388e-06	-2.691430e-10	-8.881063e+00	-1.815322e+01
5.830000e-06	-1.323260e-06	-2.799036e-10	-9.192797e+00	-1.911260e+01
5.840000e-06	-1.368004e-06	-2.936209e-10	-9.503632e+00	-2.005693e+01
5.850000e-06	-1.412689e-06	-3.086447e-10	-9.814065e+00	-2.098522e+01
5.860000e-06	-1.457312e-06	-3.256809e-10	-1.012406e+01	-2.189655e+01
5.870000e-06	-1.501844e-06	-3.434060e-10	-1.043343e+01	-2.279009e+01
5.880000e-06	-1.546260e-06	-3.600438e-10	-1.074200e+01	-2.366508e+01
5.890000e-06	-1.590593e-06	-3.755274e-10	-1.104998e+01	-2.452086e+01
5.900000e-06	-1.634937e-06	-3.873364e-10	-1.135804e+01	-2.535684e+01
5.910000e-06	-1.679213e-06	-3.983581e-10	-1.166563e+01	-2.617254e+01
5.920000e-06	-1.723386e-06	-4.104082e-10	-1.197250e+01	-2.696754e+01
5.930000e-06	-1.767517e-06	-4.212066e-10	-1.227908e+01	-2.774155e+01
5.940000e-06	-1.811603e-06	-4.332545e-10	-1.258535e+01	-2.849433e+01
5.950000e-06	-1.855646e-06	-4.483337e-10	-1.289133e+01	-2.922576e+01
5.960000e-06	-1.899623e-06	-4.620783e-10	-1.319684e+01	-2.993578e+01
5.970000e-06	-1.943453e-06	-4.748966e-10	-1.350132e+01	-3.062445e+01
5.980000e-06	-1.987139e-06	-4.884702e-10	-1.380482e+01	-3.129187e+01
5.990000e-06	-2.030782e-06	-4.989881e-10	-1.410801e+01	-3.193826e+01
6.000000e-06	-2.074286e-06	-5.061822e-10	-1.441023e+01	-3.256388e+01
6.010000e-06	-2.117635e-06	-5.136787e-10	-1.471138e+01	-3.316909e+01
6.020000e-06	-2.160836e-06	-5.201690e-10	-1.501150e+01	-3.375429e+01
6.030000e-06	-2.203788e-06	-5.251811e-10	-1.530989e+01	-3.431996e+01
6.040000e-06	-2.246505e-06	-5.338390e-10	-1.560665e+01	-3.486662e+01
6.050000e-06	-2.289036e-06	-5.467412e-10	-1.590212e+01	-3.539484e+01
6.060000e-06	-2.331407e-06	-5.609263e-10	-1.619647e+01	-3.590525e+01
6.070000e-06	-2.373654e-06	-5.754519e-10	-1.648997e+01	-3.639849e+01
6.080000e-06	-2.415775e-06	-5.879158e-10	-1.678258e+01	-3.687525e+01
6.090000e-06	-2.457783e-06	-5.944780e-10	-1.707441e+01	-3.733624e+01
6.100000e-06	-2.499619e-06	-5.981388e-10	-1.736505e+01	-3.778218e+01
6.110000e-06	-2.541290e-06	-6.017754e-10	-1.765455e+01	-3.821382e+01
6.120000e-06	-2.582785e-06	-6.066622e-10	-1.794282e+01	-3.863188e+01
6.130000e-06	-2.624005e-06	-6.133909e-10	-1.822918e+01	-3.903711e+01
6.140000e-06	-2.665012e-06	-6.211300e-10	-1.851406e+01	-3.943025e+01
6.150000e-06	-2.705820e-06	-6.298712e-10	-1.879755e+01	-3.981201e+01
6.160000e-06	-2.746474e-06	-6.397125e-10	-1.907998e+01	-4.018311e+01
6.170000e-06	-2.787004e-06	-6.494382e-10	-1.936154e+01	-4.054422e+01
6.180000e-06	-2.827394e-06	-6.584314e-10	-1.964213e+01	-4.089600e+01
6.190000e-06	-2.867695e-06	-6.655330e-10	-1.992211e+01	-4.123907e+01
6.200000e-06	-2.907921e-06	-6.704278e-10	-2.020156e+01	-4.157404e+01
6.210000e-06	-2.948061e-06	-6.751892e-10	-2.048042e+01	-4.190146e+01
6.220000e-06	-2.988050e-06	-6.801454e-10	-2.075823e+01	-4.222184e+01
6.230000e-06	-3.027817e-06	-6.849092e-10	-2.103449e+01	-4.253565e+01
6.240000e-06	-3.067383e-06	-6.912749e-10	-2.130936e+01	-4.284335e+01
6.250000e-06	-3.106759e-06	-7.004797e-10	-2.158291e+01	-4.314530e+01
6.260000e-06	-3.145817e-06	-7.081158e-10	-2.185425e+01	-4.344186e+01
6.270000e-06	-3.184420e-06	-7.130660e-10	-2.212243e+01	-4.373333e+01
6.280000e-06	-3.222524e-06	-7.167918e-10	-2.238714e+01	-4.401997e+01
6.290000e-06	-3.260231e-06	-7.196972e-10	-2.264909e+01	-4.430198e+01
6.300000e-06	-3.297661e-06	-7.213108e-10	-2.290912e+01	-4.457954e+01
6.310000e-06	-3.334684e-06	-7.239160e-10	-2.316632e+01	-4.485278e+01
6.320000e-06	-3.371303e-06	-7.276800e-10	-2.342072e+01	-4.512178e+01
6.330000e-06	-3.407751e-06	-7.316592e-10	-2.367392e+01	-4.538661e+01
6.340000e-06	-3.444085e-06	-7.357302e-10	-2.392634e+01	-4.564729e+01
6.350000e-06	-3.480276e-06	-7.382387e-10	-2.417776e+01	-4.590380e+01
6.360000e-06	-3.516353e-06	-7.418350e-10	-2.442839e+01	-4.615611e+01
6.370000e-06	-3.552286e-06	-7.478770e-10	-2.467802e+01	-4.640416e+01
6.380000e-06	-3.587981e-06	-7.530180e-10	-2.492600e+01	-4.664786e+01
6.390000e-06	-3.623469e-06	-7.576379e-10	-2.517254e+01	-4.688712e+01
6.400000e-06	-3.658736e-06	-7.627575e-10	-2.541753e+01	-4.712180e+01
6.410000e-06	-3.693703e-06	-7.665986e-10	-2.566045e+01	-4.735180e+01
6.420000e-06	-3.728357e-06	-7.708751e-10	-2.590120e+01	-4.757697e+01
6.430000e-06	-3.762704e-06	-7.750412e-10	-2.613981e+01	-4.779718e+01
6.440000e-06	-3.796861e-06	-7.775291e-10	-2.637710e+01	-4.801228e+01
6.450000e-06	-3.830788e-06	-7.775159e-10	-2.661280e+01	-4.822214e+01
6.460000e-06	-3.864423e-06	-7.776356e-10	-2.684646e+01	-4.842662e+01
6.470000e-06	-3.897772e-06	-7.803211e-10	-2.707814e+01	-4.862560e+01
6.480000e-06	-3.930785e-06	-7.863066e-10	-2.730748e+01	-4.881897e+01
6.490000e-06	-3.963527e-06	-7.928425e-10	-2.753494e+01	-4.900662e+01
6.500000e-06	-3.996080e-06	-7.961964e-10	-2.776109e+01	-4.918846e+01
6.510000e-06	-4.028469e-06	-7.968283e-10	-2.798610e+01	-4.936443e+01
6.520000e-06	-4.060693e-06	-7.967340e-10	-2.820996e+01	-4.953447e+01
6.530000e-06	-4.092670e-06	-7.972432e-10	-2.843211e+01	-4.969855e+01
6.540000e-06	-4.124381e-06	-7.978356e-10	-2.865241e+01	-4.985665e+01
6.550000e-06	-4.155783e-06	-7.965803e-10	-2.887056e+01	-5.000878e+01
6.560000e-06	-4.186716e-06	-7.973387e-10	-2.908545e+01	-5.015497e+01
6.570000e-06	-4.217178e-06	-8.024780e-10	-2.929708e+01	-5.029526e+01
6.580000e-06	-4.247181e-06	-8.066435e-10	-2.950551e+01	-5.042973e+01
6.590000e-06	-4.276682e-06	-8.082327e-10	-2.971046e+01	-5.055845e+01
6.600000e-06	-4.305785e-06	-8.098599e-10	-2.991264e+01	-5.068155e+01
6.610000e-06	-4.334527e-06	-8.090328e-10	-3.011231e+01	-5.079914e+01
6.620000e-06	-4.362984e-06	-8.085186e-10	-3.031001e+01	-5.091137e+01
6.630000e-06	-4.391279e-06	-8.113437e-10	-3.050657e+01	-5.101840e+01
6.640000e-06	-4.419430e-06	-8.140907e-10	-3.070214e+01	-5.112041e+01
6.650000e-06	-4.447428e-06	-8.149875e-10	-3.089665e+01	-5.121757e+01
6.660000e-06	-4.475146e-06	-8.168079e-10	-3.108920e+01	-5.131008e+01
6.670000e-06	-4.502512e-06	-8.196248e-10	-3.127931e+01	-5.139816e+01
6.680000e-06	-4.529505e-06	-8.239823e-10	-3.146684e+01	-5.148201e+01
6.690000e-06	-4.556117e-06	-8.305013e-10	-3.165172e+01	-5.156186e+01
6.700000e-06	-4.582388e-06	-8.341160e-10	-3.183422e+01	-5.163792e+01
6.710000e-06	-4.608305e-06	-8.356894e-10	-3.201427e+01	-5.171042e+01
6.720000e-06	-4.633825e-06	-8.350861e-10	-3.219156e+01	-5.177958e+01
6.730000e-06	-4.659029e-06	-8.328305e-10	-3.236665e+01	-5.184563e+01
6.740000e-06	-4.683979e-06	-8.304199e-10	-3.253998e+01	-5.190877e+01
6.750000e-06	-4.708608e-06	-8.286767e-10	-3.271108e+01	-5.196923e+01
6.760000e-06	-4.732989e-06	-8.290429e-10	-3.288046e+01	-5.202721e+01
6.770000e-06	-4.757200e-06	-8.306279e-10	-3.304866e+01	-5.208290e+01
6.780000e-06	-4.781231e-06	-8.340223e-10	-3.321560e+01	-5.213649e+01
6.790000e-06	-4.804986e-06	-8.393080e-10	-3.338063e+01	-5.218816e+01
6.800000e-06	-4.828436e-06	-8.420963e-10	-3.354354e+01	-5.223808e+01
6.810000e-06	-4.851412e-06	-8.431774e-10	-3.370315e+01	-5.228640e+01
6.820000e-06	-4.873733e-06	-8.428757e-10	-3.385822e+01	-5.233327e+01
6.830000e-06	-4.895527e-06	-8.424421e-10	-3.400963e+01	-5.237880e+01
6.840000e-06	-4.916833e-06	-8.425183e-10	-3.415764e+01	-5.242312e+01
6.850000e-06	-4.937645e-06	-8.417537e-10	-3.430222e+01	-5.246633e+01
6.860000e-06	-4.958120e-06	-8.410787e-10	-3.444446e+01	-5.250853e+01
6.870000e-06	-4.978374e-06	-8.419747e-10	-3.458516e+01	-5.254978e+01
6.880000e-06	-4.998401e-06	-8.443920e-10	-3.472430e+01	-5.259016e+01
6.890000e-06	-5.018182e-06	-8.462605e-10	-3.486172e+01	-5.262972e+01
6.900000e-06	-5.037711e-06	-8.460105e-10	-3.499738e+01	-5.266850e+01
6.910000e-06	-5.056907e-06	-8.444807e-10	-3.513074e+01	-5.270654e+01
6.920000e-06	-5.075703e-06	-8.405489e-10	-3.526132e+01	-5.274386e+01
6.930000e-06	-5.094112e-06	-8.346158e-10	-3.538921e+01	-5.278047e+01
6.940000e-06	-5.112136e-06	-8.313961e-10	-3.551442e+01	-5.281639e+01
6.950000e-06	-5.129819e-06	-8.325333e-10	-3.563727e+01	-5.285161e+01
6.960000e-06	-5.147158e-06	-8.359352e-10	-3.575772e+01	-5.288613e+01
6.970000e-06	-5.164137e-06	-8.408880e-10	-3.587568e+01	-5.291994e+01
6.980000e-06	-5.180826e-06	-8.468815e-10	-3.599162e+01	-5.295303e+01
6.990000e-06	-5.197273e-06	-8.491940e-10	-3.610587e+01	-5.298537e+01
7.000000e-06	-5.213516e-06	-8.471362e-10	-3.621872e+01	-5.301696e+01
7.010000e-06	-5.229497e-06	-8.428118e-10	-3.632974e+01	-5.304776e+01
7.020000e-06	-5.245032e-06	-8.391803e-10	-3.643766e+01	-5.307776e+01
7.030000e-06	-5.259989e-06	-8.364254e-10	-3.654157e+01	-5.310694e+01
7.040000e-06	-5.274209e-06	-8.337017e-10	-3.664035e+01	-5.313528e+01
7.050000e-06	-5.287840e-06	-8.313226e-10	-3.673506e+01	-5.316276e+01
7.060000e-06	-5.301091e-06	-8.285414e-10	-3.682711e+01	-5.318935e+01
7.070000e-06	-5.313900e-06	-8.253194e-10	-3.691610e+01	-5.321505e+01
7.080000e-06	-5.326357e-06	-8.238132e-10	-3.700263e+01	-5.323984e+01
7.090000e-06	-5.338504e-06	-8.244911e-10	-3.708702e+01	-5.326370e+01
7.100000e-06	-5.350239e-06	-8.265545e-10	-3.716854e+01	-5.328663e+01
7.110000e-06	-5.361509e-06	-8.276108e-10	-3.724683e+01	-5.330861e+01
7.120000e-06	-5.372349e-06	-8.250175e-10	-3.732215e+01	-5.332965e+01
7.130000e-06	-5.382804e-06	-8.207825e-10	-3.739478e+01	-5.334972e+01
7.140000e-06	-5.392933e-06	-8.174750e-10	-3.746514e+01	-5.336883e+01
7.150000e-06	-5.402725e-06	-8.133186e-10	-3.753317e+01	-5.338698e+01
7.160000e-06	-5.412063e-06	-8.102008e-10	-3.759804e+01	-5.340415e+01
7.170000e-06	-5.420980e-06	-8.116129e-10	-3.765999e+01	-5.342035e+01
7.180000e-06	-5.429584e-06	-8.140745e-10	-3.771976e+01	-5.343557e+01
7.190000e-06	-5.437915e-06	-8.153520e-10	-3.777764e+01	-5.344980e+01
7.200000e-06	-5.446073e-06	-8.173372e-10	-3.783431e+01	-5.346304e+01
7.210000e-06	-5.454044e-06	-8.175922e-10	-3.788969e+01	-5.347527e+01
7.220000e-06	-5.461672e-06	-8.139146e-10	-3.794268e+01	-5.348649e+01
7.230000e-06	-5.468782e-06	-8.086182e-10	-3.799207e+01	-5.349668e+01
7.240000e-06	-5.475188e-06	-8.058679e-10	-3.803658e+01	-5.350582e+01
7.250000e-06	-5.480841e-06	-8.061250e-10	-3.807585e+01	-5.351389e+01
7.260000e-06	-5.485936e-06	-8.077894e-10	-3.811124e+01	-5.352087e+01
7.270000e-06	-5.490628e-06	-8.100723e-10	-3.814384e+01	-5.352673e+01
7.280000e-06	-5.495031e-06	-8.112740e-10	-3.817443e+01	-5.353144e+01
7.290000e-06	-5.499261e-06	-8.125604e-10	-3.820381e+01	-5.353495e+01
7.300000e-06	-5.503203e-06	-8.144381e-10	-3.823120e+01	-5.353724e+01
7.310000e-06	-5.506789e-06	-8.164827e-10	-3.825611e+01	-5.353827e+01
7.320000e-06	-5.509933e-06	-8.154761e-10	-3.827795e+01	-5.353797e+01
7.330000e-06	-5.512685e-06	-8.116228e-10	-3.829707e+01	-5.353632e+01
7.340000e-06	-5.515148e-06	-8.085251e-10	-3.831418e+01	-5.353325e+01
7.350000e-06	-5.517319e-06	-8.063845e-10	-3.832926e+01	-5.352873e+01
7.360000e-06	-5.519184e-06	-8.041441e-10	-3.834222e+01	-5.352269e+01
7.370000e-06	-5.520517e-06	-8.025467e-10	-3.835148e+01	-5.351508e+01
7.380000e-06	-5.521363e-06	-8.030504e-10	-3.835736e+01	-5.350587e+01
7.390000e-06	-5.521976e-06	-8.051092e-10	-3.836161e+01	-5.349498e+01
7.400000e-06	-5.522336e-06	-8.051337e-10	-3.836412e+01	-5.348239e+01
