# Temperatura_=_-0.27
# Concentracion g/m^3_=_1620.0
# C_Vs_to_Am_M_A/Vsm_=_65563218390.804596
# pendiente_HvsI_1/m_=_3716.3
# ordenada_HvsI_A/m_=_1297.0
# frecuencia_Hz_=_135110.13140932145

Tiempo_(s)	Campo_(V.s)	Magnetizacion_(V.s)	Campo_(kA/m)	Magnetizacion_(A/m)
0.000000e+00	-5.518876e-06	-1.183532e-09	-3.836936e+01	-7.638428e+01
1.000000e-08	-5.519099e-06	-1.183776e-09	-3.837091e+01	-7.640864e+01
2.000000e-08	-5.519085e-06	-1.183432e-09	-3.837081e+01	-7.643321e+01
3.000000e-08	-5.518746e-06	-1.182986e-09	-3.836846e+01	-7.645797e+01
4.000000e-08	-5.517919e-06	-1.180623e-09	-3.836270e+01	-7.648287e+01
5.000000e-08	-5.516512e-06	-1.176544e-09	-3.835292e+01	-7.650787e+01
6.000000e-08	-5.514610e-06	-1.172142e-09	-3.833970e+01	-7.653287e+01
7.000000e-08	-5.512193e-06	-1.170632e-09	-3.832290e+01	-7.655777e+01
8.000000e-08	-5.509160e-06	-1.163228e-09	-3.830181e+01	-7.658245e+01
9.000000e-08	-5.505596e-06	-1.142598e-09	-3.827703e+01	-7.660677e+01
1.000000e-07	-5.501628e-06	-1.172833e-09	-3.824944e+01	-7.663056e+01
1.100000e-07	-5.497314e-06	-1.236445e-09	-3.821945e+01	-7.665366e+01
1.200000e-07	-5.492695e-06	-1.173007e-09	-3.818734e+01	-7.667586e+01
1.300000e-07	-5.487903e-06	-1.103252e-09	-3.815402e+01	-7.669697e+01
1.400000e-07	-5.482879e-06	-1.127239e-09	-3.811909e+01	-7.671678e+01
1.500000e-07	-5.477384e-06	-1.192629e-09	-3.808089e+01	-7.673507e+01
1.600000e-07	-5.471453e-06	-1.181269e-09	-3.803966e+01	-7.675161e+01
1.700000e-07	-5.465211e-06	-1.084809e-09	-3.799626e+01	-7.676617e+01
1.800000e-07	-5.458664e-06	-1.171680e-09	-3.795074e+01	-7.677852e+01
1.900000e-07	-5.451645e-06	-1.240331e-09	-3.790194e+01	-7.678842e+01
2.000000e-07	-5.444221e-06	-1.235337e-09	-3.785033e+01	-7.679566e+01
2.100000e-07	-5.436550e-06	-1.133654e-09	-3.779700e+01	-7.680000e+01
2.200000e-07	-5.428580e-06	-1.162728e-09	-3.774159e+01	-7.680122e+01
2.300000e-07	-5.420312e-06	-1.211841e-09	-3.768410e+01	-7.679912e+01
2.400000e-07	-5.411660e-06	-1.222924e-09	-3.762395e+01	-7.679349e+01
2.500000e-07	-5.402507e-06	-1.185099e-09	-3.756032e+01	-7.678414e+01
2.600000e-07	-5.392691e-06	-1.195813e-09	-3.749207e+01	-7.677088e+01
2.700000e-07	-5.382107e-06	-1.217101e-09	-3.741849e+01	-7.675356e+01
2.800000e-07	-5.371072e-06	-1.199204e-09	-3.734177e+01	-7.673201e+01
2.900000e-07	-5.359713e-06	-1.176079e-09	-3.726280e+01	-7.670611e+01
3.000000e-07	-5.347887e-06	-1.177474e-09	-3.718058e+01	-7.667571e+01
3.100000e-07	-5.335629e-06	-1.215324e-09	-3.709536e+01	-7.664072e+01
3.200000e-07	-5.322996e-06	-1.202890e-09	-3.700752e+01	-7.660104e+01
3.300000e-07	-5.309958e-06	-1.188319e-09	-3.691688e+01	-7.655659e+01
3.400000e-07	-5.296473e-06	-1.163834e-09	-3.682313e+01	-7.650731e+01
3.500000e-07	-5.282642e-06	-1.206800e-09	-3.672697e+01	-7.645315e+01
3.600000e-07	-5.268429e-06	-1.180177e-09	-3.662816e+01	-7.639407e+01
3.700000e-07	-5.253624e-06	-1.157361e-09	-3.652523e+01	-7.633006e+01
3.800000e-07	-5.238325e-06	-1.177040e-09	-3.641886e+01	-7.626111e+01
3.900000e-07	-5.222657e-06	-1.233292e-09	-3.630993e+01	-7.618721e+01
4.000000e-07	-5.206544e-06	-1.166444e-09	-3.619791e+01	-7.610839e+01
4.100000e-07	-5.189982e-06	-1.153820e-09	-3.608276e+01	-7.602467e+01
4.200000e-07	-5.173040e-06	-1.209058e-09	-3.596498e+01	-7.593608e+01
4.300000e-07	-5.155777e-06	-1.191109e-09	-3.584496e+01	-7.584268e+01
4.400000e-07	-5.138154e-06	-1.106470e-09	-3.572243e+01	-7.574449e+01
4.500000e-07	-5.120240e-06	-1.182778e-09	-3.559789e+01	-7.564159e+01
4.600000e-07	-5.101966e-06	-1.224691e-09	-3.547084e+01	-7.553402e+01
4.700000e-07	-5.083186e-06	-1.127412e-09	-3.534027e+01	-7.542186e+01
4.800000e-07	-5.064029e-06	-1.119429e-09	-3.520709e+01	-7.530517e+01
4.900000e-07	-5.044629e-06	-1.214589e-09	-3.507221e+01	-7.518402e+01
5.000000e-07	-5.024994e-06	-1.151635e-09	-3.493570e+01	-7.505847e+01
5.100000e-07	-5.005196e-06	-1.096928e-09	-3.479806e+01	-7.492860e+01
5.200000e-07	-4.985183e-06	-1.188622e-09	-3.465892e+01	-7.479448e+01
5.300000e-07	-4.964731e-06	-1.176612e-09	-3.451673e+01	-7.465617e+01
5.400000e-07	-4.943755e-06	-1.081902e-09	-3.437089e+01	-7.451375e+01
5.500000e-07	-4.922509e-06	-1.147382e-09	-3.422318e+01	-7.436728e+01
5.600000e-07	-4.901042e-06	-1.194757e-09	-3.407394e+01	-7.421682e+01
5.700000e-07	-4.879184e-06	-1.088508e-09	-3.392197e+01	-7.406245e+01
5.800000e-07	-4.856950e-06	-1.096914e-09	-3.376739e+01	-7.390422e+01
5.900000e-07	-4.834367e-06	-1.173056e-09	-3.361039e+01	-7.374221e+01
6.000000e-07	-4.811397e-06	-1.115400e-09	-3.345070e+01	-7.357646e+01
6.100000e-07	-4.788082e-06	-1.076880e-09	-3.328860e+01	-7.340704e+01
6.200000e-07	-4.764594e-06	-1.153201e-09	-3.312530e+01	-7.323402e+01
6.300000e-07	-4.740909e-06	-1.120194e-09	-3.296063e+01	-7.305745e+01
6.400000e-07	-4.716906e-06	-1.065040e-09	-3.279375e+01	-7.287740e+01
6.500000e-07	-4.692558e-06	-1.110521e-09	-3.262448e+01	-7.269393e+01
6.600000e-07	-4.667794e-06	-1.127233e-09	-3.245231e+01	-7.250711e+01
6.700000e-07	-4.642542e-06	-1.071536e-09	-3.227675e+01	-7.231701e+01
6.800000e-07	-4.616799e-06	-1.097760e-09	-3.209777e+01	-7.212370e+01
6.900000e-07	-4.590545e-06	-1.115266e-09	-3.191524e+01	-7.192726e+01
7.000000e-07	-4.563814e-06	-1.078489e-09	-3.172940e+01	-7.172776e+01
7.100000e-07	-4.536696e-06	-1.074868e-09	-3.154086e+01	-7.152530e+01
7.200000e-07	-4.509317e-06	-1.104082e-09	-3.135052e+01	-7.131997e+01
7.300000e-07	-4.481749e-06	-1.073837e-09	-3.115885e+01	-7.111186e+01
7.400000e-07	-4.454005e-06	-1.065682e-09	-3.096596e+01	-7.090106e+01
7.500000e-07	-4.426062e-06	-1.087093e-09	-3.077169e+01	-7.068769e+01
7.600000e-07	-4.397836e-06	-1.077332e-09	-3.057545e+01	-7.047186e+01
7.700000e-07	-4.369246e-06	-1.055541e-09	-3.037669e+01	-7.025367e+01
7.800000e-07	-4.340331e-06	-1.069936e-09	-3.017566e+01	-7.003325e+01
7.900000e-07	-4.311158e-06	-1.064499e-09	-2.997284e+01	-6.981072e+01
8.000000e-07	-4.281745e-06	-1.049143e-09	-2.976835e+01	-6.958620e+01
8.100000e-07	-4.252046e-06	-1.062546e-09	-2.956186e+01	-6.935982e+01
8.200000e-07	-4.221976e-06	-1.070751e-09	-2.935281e+01	-6.913170e+01
8.300000e-07	-4.191604e-06	-1.053419e-09	-2.914165e+01	-6.890198e+01
8.400000e-07	-4.160925e-06	-1.053156e-09	-2.892836e+01	-6.867077e+01
8.500000e-07	-4.129923e-06	-1.063113e-09	-2.871282e+01	-6.843819e+01
8.600000e-07	-4.098632e-06	-1.045413e-09	-2.849527e+01	-6.820437e+01
8.700000e-07	-4.067160e-06	-1.035804e-09	-2.827647e+01	-6.796940e+01
8.800000e-07	-4.035609e-06	-1.043929e-09	-2.805711e+01	-6.773341e+01
8.900000e-07	-4.003854e-06	-1.038838e-09	-2.783634e+01	-6.749646e+01
9.000000e-07	-3.971812e-06	-1.022834e-09	-2.761357e+01	-6.725865e+01
9.100000e-07	-3.939454e-06	-1.031627e-09	-2.738861e+01	-6.702005e+01
9.200000e-07	-3.906724e-06	-1.027458e-09	-2.716106e+01	-6.678071e+01
9.300000e-07	-3.873550e-06	-1.010545e-09	-2.693042e+01	-6.654067e+01
9.400000e-07	-3.839928e-06	-1.009392e-09	-2.669666e+01	-6.629995e+01
9.500000e-07	-3.805872e-06	-1.018243e-09	-2.645989e+01	-6.605855e+01
9.600000e-07	-3.771346e-06	-1.005249e-09	-2.621985e+01	-6.581645e+01
9.700000e-07	-3.736417e-06	-1.003785e-09	-2.597702e+01	-6.557362e+01
9.800000e-07	-3.701183e-06	-1.009704e-09	-2.573206e+01	-6.532999e+01
9.900000e-07	-3.665785e-06	-1.002899e-09	-2.548595e+01	-6.508548e+01
1.000000e-06	-3.630320e-06	-9.875243e-10	-2.523939e+01	-6.483997e+01
1.010000e-06	-3.594740e-06	-9.909977e-10	-2.499202e+01	-6.459335e+01
1.020000e-06	-3.558954e-06	-9.866399e-10	-2.474323e+01	-6.434545e+01
1.030000e-06	-3.522975e-06	-9.799027e-10	-2.449308e+01	-6.409609e+01
1.040000e-06	-3.486869e-06	-9.833018e-10	-2.424206e+01	-6.384508e+01
1.050000e-06	-3.450497e-06	-9.851973e-10	-2.398919e+01	-6.359217e+01
1.060000e-06	-3.413760e-06	-9.692175e-10	-2.373378e+01	-6.333713e+01
1.070000e-06	-3.376761e-06	-9.561465e-10	-2.347655e+01	-6.307968e+01
1.080000e-06	-3.339564e-06	-9.529552e-10	-2.321794e+01	-6.281953e+01
1.090000e-06	-3.302047e-06	-9.474023e-10	-2.295711e+01	-6.255637e+01
1.100000e-06	-3.264249e-06	-9.452418e-10	-2.269432e+01	-6.228989e+01
1.110000e-06	-3.226313e-06	-9.495194e-10	-2.243058e+01	-6.201973e+01
1.120000e-06	-3.188163e-06	-9.449199e-10	-2.216534e+01	-6.174554e+01
1.130000e-06	-3.149779e-06	-9.312342e-10	-2.189848e+01	-6.146697e+01
1.140000e-06	-3.111203e-06	-9.219266e-10	-2.163029e+01	-6.118363e+01
1.150000e-06	-3.072403e-06	-9.140307e-10	-2.136053e+01	-6.089515e+01
1.160000e-06	-3.033419e-06	-9.059677e-10	-2.108950e+01	-6.060116e+01
1.170000e-06	-2.994284e-06	-9.020616e-10	-2.081742e+01	-6.030126e+01
1.180000e-06	-2.954982e-06	-9.041814e-10	-2.054418e+01	-5.999509e+01
1.190000e-06	-2.915557e-06	-9.017289e-10	-2.027008e+01	-5.968226e+01
1.200000e-06	-2.876007e-06	-8.974931e-10	-1.999512e+01	-5.936241e+01
1.210000e-06	-2.836295e-06	-8.902773e-10	-1.971902e+01	-5.903518e+01
1.220000e-06	-2.796447e-06	-8.806694e-10	-1.944198e+01	-5.870024e+01
1.230000e-06	-2.756442e-06	-8.692095e-10	-1.916385e+01	-5.835725e+01
1.240000e-06	-2.716226e-06	-8.653186e-10	-1.888425e+01	-5.800591e+01
1.250000e-06	-2.675750e-06	-8.597941e-10	-1.860285e+01	-5.764591e+01
1.260000e-06	-2.634937e-06	-8.549377e-10	-1.831910e+01	-5.727699e+01
1.270000e-06	-2.593862e-06	-8.504312e-10	-1.803353e+01	-5.689890e+01
1.280000e-06	-2.552585e-06	-8.477549e-10	-1.774656e+01	-5.651141e+01
1.290000e-06	-2.511074e-06	-8.397510e-10	-1.745796e+01	-5.611432e+01
1.300000e-06	-2.469222e-06	-8.320861e-10	-1.716698e+01	-5.570744e+01
1.310000e-06	-2.426984e-06	-8.268877e-10	-1.687333e+01	-5.529064e+01
1.320000e-06	-2.384555e-06	-8.209069e-10	-1.657835e+01	-5.486378e+01
1.330000e-06	-2.341917e-06	-8.121554e-10	-1.628191e+01	-5.442676e+01
1.340000e-06	-2.299021e-06	-8.052456e-10	-1.598368e+01	-5.397950e+01
1.350000e-06	-2.255908e-06	-7.989446e-10	-1.568394e+01	-5.352194e+01
1.360000e-06	-2.212584e-06	-7.920127e-10	-1.538274e+01	-5.305406e+01
1.370000e-06	-2.169165e-06	-7.852715e-10	-1.508087e+01	-5.257582e+01
1.380000e-06	-2.125700e-06	-7.802117e-10	-1.477869e+01	-5.208725e+01
1.390000e-06	-2.082151e-06	-7.738341e-10	-1.447592e+01	-5.158834e+01
1.400000e-06	-2.038473e-06	-7.654662e-10	-1.417225e+01	-5.107915e+01
1.410000e-06	-1.994668e-06	-7.573833e-10	-1.386770e+01	-5.055970e+01
1.420000e-06	-1.950768e-06	-7.475620e-10	-1.356249e+01	-5.003004e+01
1.430000e-06	-1.906729e-06	-7.365345e-10	-1.325632e+01	-4.949023e+01
1.440000e-06	-1.862548e-06	-7.258833e-10	-1.294915e+01	-4.894032e+01
1.450000e-06	-1.818340e-06	-7.179430e-10	-1.264180e+01	-4.838037e+01
1.460000e-06	-1.774063e-06	-7.078345e-10	-1.233397e+01	-4.781040e+01
1.470000e-06	-1.729648e-06	-6.964868e-10	-1.202518e+01	-4.723047e+01
1.480000e-06	-1.685099e-06	-6.847343e-10	-1.171546e+01	-4.664060e+01
1.490000e-06	-1.640383e-06	-6.749772e-10	-1.140458e+01	-4.604078e+01
1.500000e-06	-1.595627e-06	-6.642557e-10	-1.109341e+01	-4.543102e+01
1.510000e-06	-1.550810e-06	-6.548471e-10	-1.078183e+01	-4.481128e+01
1.520000e-06	-1.505784e-06	-6.456486e-10	-1.046879e+01	-4.418149e+01
1.530000e-06	-1.460573e-06	-6.357241e-10	-1.015447e+01	-4.354158e+01
1.540000e-06	-1.415233e-06	-6.247897e-10	-9.839245e+00	-4.289144e+01
1.550000e-06	-1.369847e-06	-6.137563e-10	-9.523709e+00	-4.223092e+01
1.560000e-06	-1.324401e-06	-6.012163e-10	-9.207745e+00	-4.155985e+01
1.570000e-06	-1.278836e-06	-5.877431e-10	-8.890965e+00	-4.087802e+01
1.580000e-06	-1.233202e-06	-5.762619e-10	-8.573696e+00	-4.018520e+01
1.590000e-06	-1.187513e-06	-5.669147e-10	-8.256051e+00	-3.948110e+01
1.600000e-06	-1.141667e-06	-5.552352e-10	-7.937312e+00	-3.876543e+01
1.610000e-06	-1.095705e-06	-5.439475e-10	-7.617763e+00	-3.803784e+01
1.620000e-06	-1.049724e-06	-5.326532e-10	-7.298089e+00	-3.729797e+01
1.630000e-06	-1.003706e-06	-5.203005e-10	-6.978153e+00	-3.654543e+01
1.640000e-06	-9.576609e-07	-5.051700e-10	-6.658029e+00	-3.577979e+01
1.650000e-06	-9.115272e-07	-4.871467e-10	-6.337290e+00	-3.500061e+01
1.660000e-06	-8.652517e-07	-4.698287e-10	-6.015564e+00	-3.420743e+01
1.670000e-06	-8.189571e-07	-4.556206e-10	-5.693706e+00	-3.339977e+01
1.680000e-06	-7.726598e-07	-4.446361e-10	-5.371829e+00	-3.257714e+01
1.690000e-06	-7.262446e-07	-4.368518e-10	-5.049133e+00	-3.173905e+01
1.700000e-06	-6.797741e-07	-4.297694e-10	-4.726053e+00	-3.088499e+01
1.710000e-06	-6.332585e-07	-4.174752e-10	-4.402658e+00	-3.001448e+01
1.720000e-06	-5.867200e-07	-3.999216e-10	-4.079104e+00	-2.912703e+01
1.730000e-06	-5.402008e-07	-3.809407e-10	-3.755685e+00	-2.822218e+01
1.740000e-06	-4.935673e-07	-3.636306e-10	-3.431471e+00	-2.729947e+01
1.750000e-06	-4.468535e-07	-3.469694e-10	-3.106698e+00	-2.635850e+01
1.760000e-06	-4.001242e-07	-3.323876e-10	-2.781818e+00	-2.539887e+01
1.770000e-06	-3.533885e-07	-3.192475e-10	-2.456894e+00	-2.442025e+01
1.780000e-06	-3.066520e-07	-3.070350e-10	-2.131963e+00	-2.342233e+01
1.790000e-06	-2.598615e-07	-2.938692e-10	-1.806657e+00	-2.240486e+01
1.800000e-06	-2.130816e-07	-2.769207e-10	-1.481426e+00	-2.136767e+01
1.810000e-06	-1.663465e-07	-2.563772e-10	-1.156505e+00	-2.031063e+01
1.820000e-06	-1.195648e-07	-2.361698e-10	-8.312610e-01	-1.923367e+01
1.830000e-06	-7.277615e-08	-2.180743e-10	-5.059679e-01	-1.813681e+01
1.840000e-06	-2.598167e-08	-2.019374e-10	-1.806346e-01	-1.702016e+01
1.850000e-06	2.079369e-08	-1.853600e-10	1.445658e-01	-1.588388e+01
1.860000e-06	6.749355e-08	-1.709092e-10	4.692413e-01	-1.472823e+01
1.870000e-06	1.142449e-07	-1.531907e-10	7.942749e-01	-1.355355e+01
1.880000e-06	1.610958e-07	-1.342052e-10	1.120000e+00	-1.236030e+01
1.890000e-06	2.079628e-07	-1.164511e-10	1.445838e+00	-1.114898e+01
1.900000e-06	2.547840e-07	-9.788281e-11	1.771357e+00	-9.920219e+00
1.910000e-06	3.015460e-07	-8.043583e-11	2.096464e+00	-8.674724e+00
1.920000e-06	3.482517e-07	-6.346787e-11	2.421181e+00	-7.413293e+00
1.930000e-06	3.949880e-07	-4.811322e-11	2.746109e+00	-6.136813e+00
1.940000e-06	4.417718e-07	-3.057816e-11	3.071368e+00	-4.846258e+00
1.950000e-06	4.884929e-07	-1.293211e-11	3.396192e+00	-3.542686e+00
1.960000e-06	5.350947e-07	5.334807e-12	3.720185e+00	-2.227235e+00
1.970000e-06	5.816402e-07	2.367330e-11	4.043787e+00	-9.011162e-01
1.980000e-06	6.281627e-07	4.286332e-11	4.367230e+00	4.343852e-01
1.990000e-06	6.746838e-07	6.334459e-11	4.690663e+00	1.777921e+00
2.000000e-06	7.211338e-07	8.370807e-11	5.013601e+00	3.128084e+00
2.010000e-06	7.674260e-07	1.028444e-10	5.335442e+00	4.483416e+00
2.020000e-06	8.136166e-07	1.200497e-10	5.656577e+00	5.842414e+00
2.030000e-06	8.597719e-07	1.375741e-10	5.977467e+00	7.203537e+00
2.040000e-06	9.058640e-07	1.559995e-10	6.297917e+00	8.565217e+00
2.050000e-06	9.519448e-07	1.725430e-10	6.618288e+00	9.925865e+00
2.060000e-06	9.980054e-07	1.915467e-10	6.938519e+00	1.128388e+01
2.070000e-06	1.043969e-06	2.127789e-10	7.258075e+00	1.263767e+01
2.080000e-06	1.089812e-06	2.343264e-10	7.576798e+00	1.398562e+01
2.090000e-06	1.135552e-06	2.540141e-10	7.894797e+00	1.532617e+01
2.100000e-06	1.181261e-06	2.720446e-10	8.212586e+00	1.665774e+01
2.110000e-06	1.226947e-06	2.905400e-10	8.530212e+00	1.797883e+01
2.120000e-06	1.272515e-06	3.086202e-10	8.847014e+00	1.928795e+01
2.130000e-06	1.317932e-06	3.276528e-10	9.162771e+00	2.058366e+01
2.140000e-06	1.363316e-06	3.466023e-10	9.478298e+00	2.186460e+01
2.150000e-06	1.408664e-06	3.651731e-10	9.793579e+00	2.312944e+01
2.160000e-06	1.453879e-06	3.834743e-10	1.010793e+01	2.437697e+01
2.170000e-06	1.498954e-06	4.022566e-10	1.042131e+01	2.560601e+01
2.180000e-06	1.543920e-06	4.198811e-10	1.073393e+01	2.681550e+01
2.190000e-06	1.588814e-06	4.341814e-10	1.104605e+01	2.800444e+01
2.200000e-06	1.633557e-06	4.469041e-10	1.135712e+01	2.917196e+01
2.210000e-06	1.678157e-06	4.604094e-10	1.166719e+01	3.031726e+01
2.220000e-06	1.722705e-06	4.756921e-10	1.197691e+01	3.143964e+01
2.230000e-06	1.767098e-06	4.920338e-10	1.228555e+01	3.253853e+01
2.240000e-06	1.811297e-06	5.070600e-10	1.259284e+01	3.361343e+01
2.250000e-06	1.855291e-06	5.207384e-10	1.289870e+01	3.466396e+01
2.260000e-06	1.899171e-06	5.336250e-10	1.320377e+01	3.568987e+01
2.270000e-06	1.943022e-06	5.458859e-10	1.350864e+01	3.669096e+01
2.280000e-06	1.986772e-06	5.592011e-10	1.381280e+01	3.766718e+01
2.290000e-06	2.030464e-06	5.733225e-10	1.411657e+01	3.861856e+01
2.300000e-06	2.074124e-06	5.843153e-10	1.442011e+01	3.954523e+01
2.310000e-06	2.117705e-06	5.951062e-10	1.472311e+01	4.044740e+01
2.320000e-06	2.161219e-06	6.062783e-10	1.502563e+01	4.132539e+01
2.330000e-06	2.204658e-06	6.172711e-10	1.532763e+01	4.217957e+01
2.340000e-06	2.247997e-06	6.281372e-10	1.562894e+01	4.301043e+01
2.350000e-06	2.291198e-06	6.405926e-10	1.592930e+01	4.381849e+01
2.360000e-06	2.334264e-06	6.524681e-10	1.622871e+01	4.460436e+01
2.370000e-06	2.377154e-06	6.643793e-10	1.652689e+01	4.536868e+01
2.380000e-06	2.419713e-06	6.758247e-10	1.682278e+01	4.611217e+01
2.390000e-06	2.461892e-06	6.856120e-10	1.711602e+01	4.683558e+01
2.400000e-06	2.503772e-06	6.956549e-10	1.740719e+01	4.753967e+01
2.410000e-06	2.545366e-06	7.049530e-10	1.769637e+01	4.822525e+01
2.420000e-06	2.586657e-06	7.144720e-10	1.798344e+01	4.889316e+01
2.430000e-06	2.627625e-06	7.259342e-10	1.826826e+01	4.954422e+01
2.440000e-06	2.668174e-06	7.380312e-10	1.855018e+01	5.017926e+01
2.450000e-06	2.708354e-06	7.505445e-10	1.882953e+01	5.079913e+01
2.460000e-06	2.748376e-06	7.622246e-10	1.910777e+01	5.140463e+01
2.470000e-06	2.788336e-06	7.714582e-10	1.938559e+01	5.199657e+01
2.480000e-06	2.828180e-06	7.785067e-10	1.966260e+01	5.257573e+01
2.490000e-06	2.867918e-06	7.837880e-10	1.993887e+01	5.314284e+01
2.500000e-06	2.907541e-06	7.905672e-10	2.021435e+01	5.369862e+01
2.510000e-06	2.947025e-06	7.983916e-10	2.048886e+01	5.424374e+01
2.520000e-06	2.986380e-06	8.077913e-10	2.076247e+01	5.477881e+01
2.530000e-06	3.025542e-06	8.179435e-10	2.103474e+01	5.530441e+01
2.540000e-06	3.064475e-06	8.270758e-10	2.130542e+01	5.582106e+01
2.550000e-06	3.103239e-06	8.337469e-10	2.157492e+01	5.632923e+01
2.560000e-06	3.141783e-06	8.395685e-10	2.184289e+01	5.682933e+01
2.570000e-06	3.180003e-06	8.463563e-10	2.210861e+01	5.732172e+01
2.580000e-06	3.217974e-06	8.533449e-10	2.237260e+01	5.780668e+01
2.590000e-06	3.255776e-06	8.607358e-10	2.263541e+01	5.828446e+01
2.600000e-06	3.293381e-06	8.685718e-10	2.289686e+01	5.875525e+01
2.610000e-06	3.330745e-06	8.773322e-10	2.315663e+01	5.921917e+01
2.620000e-06	3.367919e-06	8.876489e-10	2.341507e+01	5.967630e+01
2.630000e-06	3.404855e-06	8.965835e-10	2.367187e+01	6.012666e+01
2.640000e-06	3.441528e-06	9.017637e-10	2.392683e+01	6.057024e+01
2.650000e-06	3.477962e-06	9.042960e-10	2.418014e+01	6.100698e+01
2.660000e-06	3.514083e-06	9.100124e-10	2.443126e+01	6.143677e+01
2.670000e-06	3.549967e-06	9.163159e-10	2.468074e+01	6.185948e+01
2.680000e-06	3.585720e-06	9.196879e-10	2.492931e+01	6.227494e+01
2.690000e-06	3.621339e-06	9.232608e-10	2.517695e+01	6.268296e+01
2.700000e-06	3.656791e-06	9.276367e-10	2.542342e+01	6.308333e+01
2.710000e-06	3.692157e-06	9.313171e-10	2.566930e+01	6.347583e+01
2.720000e-06	3.727365e-06	9.346995e-10	2.591408e+01	6.386021e+01
2.730000e-06	3.762271e-06	9.419383e-10	2.615676e+01	6.423625e+01
2.740000e-06	3.796872e-06	9.491702e-10	2.639732e+01	6.460370e+01
2.750000e-06	3.830954e-06	9.536266e-10	2.663427e+01	6.496232e+01
2.760000e-06	3.864463e-06	9.574280e-10	2.686724e+01	6.531190e+01
2.770000e-06	3.897591e-06	9.610801e-10	2.709756e+01	6.565224e+01
2.780000e-06	3.930247e-06	9.660160e-10	2.732460e+01	6.598313e+01
2.790000e-06	3.962481e-06	9.720055e-10	2.754870e+01	6.630442e+01
2.800000e-06	3.994497e-06	9.781838e-10	2.777129e+01	6.661597e+01
2.810000e-06	4.026334e-06	9.829746e-10	2.799263e+01	6.691768e+01
2.820000e-06	4.058053e-06	9.863972e-10	2.821316e+01	6.720946e+01
2.830000e-06	4.089656e-06	9.898686e-10	2.843287e+01	6.749129e+01
2.840000e-06	4.121038e-06	9.914622e-10	2.865105e+01	6.776316e+01
2.850000e-06	4.152186e-06	9.943248e-10	2.886760e+01	6.802511e+01
2.860000e-06	4.183056e-06	9.991132e-10	2.908222e+01	6.827721e+01
2.870000e-06	4.213536e-06	1.004231e-09	2.929413e+01	6.851959e+01
2.880000e-06	4.243686e-06	1.007905e-09	2.950375e+01	6.875240e+01
2.890000e-06	4.273573e-06	1.010072e-09	2.971153e+01	6.897583e+01
2.900000e-06	4.303123e-06	1.012256e-09	2.991697e+01	6.919012e+01
2.910000e-06	4.332283e-06	1.015790e-09	3.011971e+01	6.939553e+01
2.920000e-06	4.361168e-06	1.022244e-09	3.032053e+01	6.959238e+01
2.930000e-06	4.389797e-06	1.029802e-09	3.051956e+01	6.978098e+01
2.940000e-06	4.418083e-06	1.036935e-09	3.071622e+01	6.996172e+01
2.950000e-06	4.446085e-06	1.041892e-09	3.091090e+01	7.013497e+01
2.960000e-06	4.473875e-06	1.045869e-09	3.110411e+01	7.030114e+01
2.970000e-06	4.501495e-06	1.048701e-09	3.129614e+01	7.046068e+01
2.980000e-06	4.528993e-06	1.050064e-09	3.148731e+01	7.061402e+01
2.990000e-06	4.556271e-06	1.052301e-09	3.167696e+01	7.076161e+01
3.000000e-06	4.583205e-06	1.054367e-09	3.186421e+01	7.090393e+01
3.010000e-06	4.609695e-06	1.055377e-09	3.204838e+01	7.104144e+01
3.020000e-06	4.635699e-06	1.056692e-09	3.222917e+01	7.117459e+01
3.030000e-06	4.661136e-06	1.059041e-09	3.240602e+01	7.130386e+01
3.040000e-06	4.685948e-06	1.061425e-09	3.257852e+01	7.142969e+01
3.050000e-06	4.710323e-06	1.062632e-09	3.274799e+01	7.155251e+01
3.060000e-06	4.734367e-06	1.065260e-09	3.291515e+01	7.167274e+01
3.070000e-06	4.758107e-06	1.067891e-09	3.308020e+01	7.179079e+01
3.080000e-06	4.781591e-06	1.068428e-09	3.324347e+01	7.190702e+01
3.090000e-06	4.804922e-06	1.068954e-09	3.340567e+01	7.202179e+01
3.100000e-06	4.827939e-06	1.070135e-09	3.356570e+01	7.213541e+01
3.110000e-06	4.850473e-06	1.070753e-09	3.372237e+01	7.224818e+01
3.120000e-06	4.872664e-06	1.070796e-09	3.387664e+01	7.236035e+01
3.130000e-06	4.894634e-06	1.070957e-09	3.402939e+01	7.247214e+01
3.140000e-06	4.916311e-06	1.071572e-09	3.418009e+01	7.258374e+01
3.150000e-06	4.937593e-06	1.072696e-09	3.432805e+01	7.269530e+01
3.160000e-06	4.958494e-06	1.075193e-09	3.447336e+01	7.280692e+01
3.170000e-06	4.979046e-06	1.078774e-09	3.461625e+01	7.291870e+01
3.180000e-06	4.999283e-06	1.083887e-09	3.475695e+01	7.303067e+01
3.190000e-06	5.019233e-06	1.090176e-09	3.489565e+01	7.314284e+01
3.200000e-06	5.038984e-06	1.094901e-09	3.503297e+01	7.325518e+01
3.210000e-06	5.058511e-06	1.096304e-09	3.516872e+01	7.336764e+01
3.220000e-06	5.077798e-06	1.094892e-09	3.530281e+01	7.348014e+01
3.230000e-06	5.096740e-06	1.094701e-09	3.543451e+01	7.359255e+01
3.240000e-06	5.115321e-06	1.097317e-09	3.556369e+01	7.370475e+01
3.250000e-06	5.133491e-06	1.100731e-09	3.569002e+01	7.381657e+01
3.260000e-06	5.151135e-06	1.102860e-09	3.581268e+01	7.392784e+01
3.270000e-06	5.168297e-06	1.101833e-09	3.593200e+01	7.403837e+01
3.280000e-06	5.185166e-06	1.101593e-09	3.604928e+01	7.414794e+01
3.290000e-06	5.201744e-06	1.104430e-09	3.616454e+01	7.425634e+01
3.300000e-06	5.217980e-06	1.107054e-09	3.627741e+01	7.436335e+01
3.310000e-06	5.233928e-06	1.109653e-09	3.638829e+01	7.446875e+01
3.320000e-06	5.249384e-06	1.113083e-09	3.649575e+01	7.457232e+01
3.330000e-06	5.264291e-06	1.115043e-09	3.659939e+01	7.467384e+01
3.340000e-06	5.278706e-06	1.114792e-09	3.669960e+01	7.477310e+01
3.350000e-06	5.292665e-06	1.115971e-09	3.679665e+01	7.486989e+01
3.360000e-06	5.306280e-06	1.118636e-09	3.689131e+01	7.496403e+01
3.370000e-06	5.319582e-06	1.120430e-09	3.698379e+01	7.505534e+01
3.380000e-06	5.332514e-06	1.121275e-09	3.707370e+01	7.514367e+01
3.390000e-06	5.345031e-06	1.123195e-09	3.716072e+01	7.522889e+01
3.400000e-06	5.357145e-06	1.124844e-09	3.724494e+01	7.531088e+01
3.410000e-06	5.368937e-06	1.125079e-09	3.732692e+01	7.538954e+01
3.420000e-06	5.380421e-06	1.124893e-09	3.740677e+01	7.546481e+01
3.430000e-06	5.391527e-06	1.124530e-09	3.748398e+01	7.553664e+01
3.440000e-06	5.402114e-06	1.124076e-09	3.755758e+01	7.560501e+01
3.450000e-06	5.412142e-06	1.124751e-09	3.762730e+01	7.566994e+01
3.460000e-06	5.421627e-06	1.127676e-09	3.769324e+01	7.573144e+01
3.470000e-06	5.430461e-06	1.130923e-09	3.775467e+01	7.578957e+01
3.480000e-06	5.438718e-06	1.132884e-09	3.781207e+01	7.584442e+01
3.490000e-06	5.446618e-06	1.132964e-09	3.786700e+01	7.589607e+01
3.500000e-06	5.454285e-06	1.131844e-09	3.792030e+01	7.594464e+01
3.510000e-06	5.461736e-06	1.131008e-09	3.797210e+01	7.599028e+01
3.520000e-06	5.468857e-06	1.131059e-09	3.802161e+01	7.603314e+01
3.530000e-06	5.475569e-06	1.132104e-09	3.806827e+01	7.607339e+01
3.540000e-06	5.481926e-06	1.133942e-09	3.811247e+01	7.611121e+01
3.550000e-06	5.487897e-06	1.135296e-09	3.815398e+01	7.614679e+01
3.560000e-06	5.493459e-06	1.136431e-09	3.819265e+01	7.618034e+01
3.570000e-06	5.498655e-06	1.137766e-09	3.822878e+01	7.621206e+01
3.580000e-06	5.503477e-06	1.139822e-09	3.826230e+01	7.624215e+01
3.590000e-06	5.507925e-06	1.140879e-09	3.829322e+01	7.627083e+01
3.600000e-06	5.512023e-06	1.140228e-09	3.832171e+01	7.629829e+01
3.610000e-06	5.515778e-06	1.139883e-09	3.834782e+01	7.632474e+01
3.620000e-06	5.519224e-06	1.140189e-09	3.837178e+01	7.635036e+01
3.630000e-06	5.522472e-06	1.142278e-09	3.839436e+01	7.637534e+01
3.640000e-06	5.525485e-06	1.145233e-09	3.841531e+01	7.639984e+01
3.650000e-06	5.528050e-06	1.148586e-09	3.843314e+01	7.642402e+01
3.660000e-06	5.529935e-06	1.150866e-09	3.844625e+01	7.644800e+01
3.670000e-06	5.531103e-06	1.152040e-09	3.845436e+01	7.647192e+01
3.680000e-06	5.531719e-06	1.155077e-09	3.845865e+01	7.649587e+01
3.690000e-06	5.531913e-06	1.157058e-09	3.846000e+01	7.651992e+01
3.700000e-06	5.531785e-06	1.156580e-09	3.845911e+01	7.654413e+01
3.710000e-06	5.531439e-06	1.156151e-09	3.845670e+01	7.656853e+01
3.720000e-06	5.530859e-06	1.155788e-09	3.845267e+01	7.659314e+01
3.730000e-06	5.529917e-06	1.156044e-09	3.844612e+01	7.661793e+01
3.740000e-06	5.528545e-06	1.157150e-09	3.843658e+01	7.664288e+01
3.750000e-06	5.526759e-06	1.159026e-09	3.842417e+01	7.666792e+01
3.760000e-06	5.524605e-06	1.161952e-09	3.840919e+01	7.669298e+01
3.770000e-06	5.522124e-06	1.163476e-09	3.839194e+01	7.671795e+01
3.780000e-06	5.519323e-06	1.190668e-09	3.837247e+01	7.674271e+01
3.790000e-06	5.516136e-06	1.193757e-09	3.835031e+01	7.676712e+01
3.800000e-06	5.512420e-06	1.104172e-09	3.832447e+01	7.679102e+01
3.810000e-06	5.508226e-06	1.128300e-09	3.829532e+01	7.681423e+01
3.820000e-06	5.503829e-06	1.226496e-09	3.826475e+01	7.683657e+01
3.830000e-06	5.499290e-06	1.222949e-09	3.823319e+01	7.685784e+01
3.840000e-06	5.494432e-06	1.189135e-09	3.819941e+01	7.687782e+01
3.850000e-06	5.489032e-06	1.133265e-09	3.816187e+01	7.689630e+01
3.860000e-06	5.482967e-06	1.236411e-09	3.811971e+01	7.691304e+01
3.870000e-06	5.476510e-06	1.230087e-09	3.807482e+01	7.692783e+01
3.880000e-06	5.469836e-06	1.099477e-09	3.802842e+01	7.694043e+01
3.890000e-06	5.462561e-06	1.084793e-09	3.797783e+01	7.695060e+01
3.900000e-06	5.454665e-06	1.245726e-09	3.792294e+01	7.695812e+01
3.910000e-06	5.446443e-06	1.314112e-09	3.786578e+01	7.696277e+01
3.920000e-06	5.437897e-06	1.128799e-09	3.780636e+01	7.696432e+01
3.930000e-06	5.429068e-06	1.096134e-09	3.774498e+01	7.696255e+01
3.940000e-06	5.419917e-06	1.208519e-09	3.768136e+01	7.695728e+01
3.950000e-06	5.410484e-06	1.245213e-09	3.761577e+01	7.694830e+01
3.960000e-06	5.400656e-06	1.095031e-09	3.754745e+01	7.693543e+01
3.970000e-06	5.390284e-06	1.133545e-09	3.747534e+01	7.691851e+01
3.980000e-06	5.379493e-06	1.253901e-09	3.740032e+01	7.689737e+01
3.990000e-06	5.368509e-06	1.246511e-09	3.732395e+01	7.687189e+01
4.000000e-06	5.357207e-06	1.137614e-09	3.724537e+01	7.684192e+01
4.010000e-06	5.345286e-06	1.158075e-09	3.716250e+01	7.680737e+01
4.020000e-06	5.332962e-06	1.208546e-09	3.707681e+01	7.676814e+01
4.030000e-06	5.320451e-06	1.176702e-09	3.698983e+01	7.672415e+01
4.040000e-06	5.307347e-06	1.127367e-09	3.689873e+01	7.667533e+01
4.050000e-06	5.293574e-06	1.162325e-09	3.680298e+01	7.662163e+01
4.060000e-06	5.279554e-06	1.224087e-09	3.670550e+01	7.656302e+01
4.070000e-06	5.264999e-06	1.185847e-09	3.660431e+01	7.649947e+01
4.080000e-06	5.249543e-06	1.103594e-09	3.649685e+01	7.643098e+01
4.090000e-06	5.233546e-06	1.129884e-09	3.638563e+01	7.635756e+01
4.100000e-06	5.217327e-06	1.238830e-09	3.627287e+01	7.627920e+01
4.110000e-06	5.200835e-06	1.175062e-09	3.615821e+01	7.619594e+01
4.120000e-06	5.184020e-06	1.080303e-09	3.604131e+01	7.610781e+01
4.130000e-06	5.166957e-06	1.171038e-09	3.592268e+01	7.601486e+01
4.140000e-06	5.149675e-06	1.252274e-09	3.580253e+01	7.591712e+01
4.150000e-06	5.131958e-06	1.097573e-09	3.567936e+01	7.581467e+01
4.160000e-06	5.113846e-06	1.096936e-09	3.555343e+01	7.570754e+01
4.170000e-06	5.095461e-06	1.243495e-09	3.542561e+01	7.559582e+01
4.180000e-06	5.076695e-06	1.168868e-09	3.529515e+01	7.547956e+01
4.190000e-06	5.057572e-06	1.041753e-09	3.516220e+01	7.535883e+01
4.200000e-06	5.038164e-06	1.204498e-09	3.502726e+01	7.523370e+01
4.210000e-06	5.018378e-06	1.222536e-09	3.488970e+01	7.510424e+01
4.220000e-06	4.998289e-06	1.046137e-09	3.475004e+01	7.497052e+01
4.230000e-06	4.978025e-06	1.119217e-09	3.460915e+01	7.483262e+01
4.240000e-06	4.957507e-06	1.243487e-09	3.446650e+01	7.469059e+01
4.250000e-06	4.936657e-06	1.081843e-09	3.432155e+01	7.454451e+01
4.260000e-06	4.915460e-06	1.074091e-09	3.417418e+01	7.439444e+01
4.270000e-06	4.893740e-06	1.233928e-09	3.402317e+01	7.424044e+01
4.280000e-06	4.871309e-06	1.133632e-09	3.386722e+01	7.408259e+01
4.290000e-06	4.848312e-06	1.037763e-09	3.370734e+01	7.392094e+01
4.300000e-06	4.824989e-06	1.193792e-09	3.354519e+01	7.375556e+01
4.310000e-06	4.801303e-06	1.179179e-09	3.338052e+01	7.358650e+01
4.320000e-06	4.777162e-06	1.044189e-09	3.321268e+01	7.341383e+01
4.330000e-06	4.752680e-06	1.129387e-09	3.304247e+01	7.323760e+01
4.340000e-06	4.728011e-06	1.178608e-09	3.287096e+01	7.305789e+01
4.350000e-06	4.703165e-06	1.072979e-09	3.269822e+01	7.287476e+01
4.360000e-06	4.678043e-06	1.098597e-09	3.252356e+01	7.268827e+01
4.370000e-06	4.652572e-06	1.164176e-09	3.234648e+01	7.249850e+01
4.380000e-06	4.626691e-06	1.089309e-09	3.216655e+01	7.230551e+01
4.390000e-06	4.600497e-06	1.080169e-09	3.198443e+01	7.210938e+01
4.400000e-06	4.574050e-06	1.136911e-09	3.180056e+01	7.191019e+01
4.410000e-06	4.547198e-06	1.108617e-09	3.161388e+01	7.170803e+01
4.420000e-06	4.520044e-06	1.079154e-09	3.142509e+01	7.150299e+01
4.430000e-06	4.492627e-06	1.114712e-09	3.123448e+01	7.129516e+01
4.440000e-06	4.464863e-06	1.100198e-09	3.104145e+01	7.108464e+01
4.450000e-06	4.436871e-06	1.074669e-09	3.084684e+01	7.087153e+01
4.460000e-06	4.408728e-06	1.088920e-09	3.065118e+01	7.065595e+01
4.470000e-06	4.380374e-06	1.093891e-09	3.045405e+01	7.043801e+01
4.480000e-06	4.351734e-06	1.072275e-09	3.025494e+01	7.021783e+01
4.490000e-06	4.322853e-06	1.084837e-09	3.005415e+01	6.999552e+01
4.500000e-06	4.293645e-06	1.090694e-09	2.985108e+01	6.977122e+01
4.510000e-06	4.263956e-06	1.071931e-09	2.964467e+01	6.954504e+01
4.520000e-06	4.233768e-06	1.064195e-09	2.943479e+01	6.931712e+01
4.530000e-06	4.203099e-06	1.076705e-09	2.922157e+01	6.908758e+01
4.540000e-06	4.171965e-06	1.063413e-09	2.900512e+01	6.885654e+01
4.550000e-06	4.140432e-06	1.059116e-09	2.878589e+01	6.862413e+01
4.560000e-06	4.108627e-06	1.076600e-09	2.856476e+01	6.839046e+01
4.570000e-06	4.076574e-06	1.068168e-09	2.834192e+01	6.815564e+01
4.580000e-06	4.044291e-06	1.042516e-09	2.811748e+01	6.791978e+01
4.590000e-06	4.011774e-06	1.054034e-09	2.789140e+01	6.768297e+01
4.600000e-06	3.979054e-06	1.058303e-09	2.766392e+01	6.744529e+01
4.610000e-06	3.946056e-06	1.037158e-09	2.743451e+01	6.720680e+01
4.620000e-06	3.912761e-06	1.042566e-09	2.720303e+01	6.696758e+01
4.630000e-06	3.879295e-06	1.054510e-09	2.697036e+01	6.672765e+01
4.640000e-06	3.845557e-06	1.034819e-09	2.673580e+01	6.648704e+01
4.650000e-06	3.811534e-06	1.022296e-09	2.649926e+01	6.624575e+01
4.660000e-06	3.777234e-06	1.032266e-09	2.626079e+01	6.600376e+01
4.670000e-06	3.742623e-06	1.022943e-09	2.602016e+01	6.576105e+01
4.680000e-06	3.707763e-06	1.014298e-09	2.577780e+01	6.551754e+01
4.690000e-06	3.672713e-06	1.027401e-09	2.553412e+01	6.527316e+01
4.700000e-06	3.637436e-06	1.032444e-09	2.528886e+01	6.502780e+01
4.710000e-06	3.601900e-06	1.011694e-09	2.504180e+01	6.478133e+01
4.720000e-06	3.566165e-06	1.004627e-09	2.479336e+01	6.453360e+01
4.730000e-06	3.530230e-06	1.004363e-09	2.454352e+01	6.428443e+01
4.740000e-06	3.494071e-06	9.950219e-10	2.429213e+01	6.403361e+01
4.750000e-06	3.457711e-06	9.904154e-10	2.403934e+01	6.378092e+01
4.760000e-06	3.421171e-06	1.000358e-09	2.378530e+01	6.352612e+01
4.770000e-06	3.384490e-06	9.936337e-10	2.353028e+01	6.326894e+01
4.780000e-06	3.347682e-06	9.807754e-10	2.327438e+01	6.300908e+01
4.790000e-06	3.310620e-06	9.798776e-10	2.301671e+01	6.274625e+01
4.800000e-06	3.273188e-06	9.785438e-10	2.275647e+01	6.248010e+01
4.810000e-06	3.235369e-06	9.673967e-10	2.249354e+01	6.221032e+01
4.820000e-06	3.197034e-06	9.671924e-10	2.222702e+01	6.193654e+01
4.830000e-06	3.158258e-06	9.686727e-10	2.195743e+01	6.165840e+01
4.840000e-06	3.119285e-06	9.616023e-10	2.168648e+01	6.137553e+01
4.850000e-06	3.080063e-06	9.574669e-10	2.141379e+01	6.108755e+01
4.860000e-06	3.040568e-06	9.565020e-10	2.113921e+01	6.079408e+01
4.870000e-06	3.000813e-06	9.453213e-10	2.086281e+01	6.049474e+01
4.880000e-06	2.960805e-06	9.339076e-10	2.058466e+01	6.018916e+01
4.890000e-06	2.920659e-06	9.286891e-10	2.030555e+01	5.987695e+01
4.900000e-06	2.880424e-06	9.244162e-10	2.002582e+01	5.955776e+01
4.910000e-06	2.840105e-06	9.214879e-10	1.974551e+01	5.923122e+01
4.920000e-06	2.799635e-06	9.211624e-10	1.946414e+01	5.889699e+01
4.930000e-06	2.758944e-06	9.184284e-10	1.918124e+01	5.855474e+01
4.940000e-06	2.718095e-06	9.090827e-10	1.889725e+01	5.820415e+01
4.950000e-06	2.677093e-06	9.016945e-10	1.861219e+01	5.784494e+01
4.960000e-06	2.635846e-06	8.953452e-10	1.832542e+01	5.747683e+01
4.970000e-06	2.594362e-06	8.883087e-10	1.803701e+01	5.709956e+01
4.980000e-06	2.552761e-06	8.813298e-10	1.774778e+01	5.671292e+01
4.990000e-06	2.511076e-06	8.793706e-10	1.745797e+01	5.631669e+01
5.000000e-06	2.469262e-06	8.775028e-10	1.716726e+01	5.591069e+01
5.010000e-06	2.427227e-06	8.749538e-10	1.687502e+01	5.549478e+01
5.020000e-06	2.384931e-06	8.714955e-10	1.658096e+01	5.506882e+01
5.030000e-06	2.342456e-06	8.684514e-10	1.628566e+01	5.463270e+01
5.040000e-06	2.299874e-06	8.622827e-10	1.598961e+01	5.418635e+01
5.050000e-06	2.257120e-06	8.549785e-10	1.569237e+01	5.372971e+01
5.060000e-06	2.214168e-06	8.479998e-10	1.539375e+01	5.326274e+01
5.070000e-06	2.171149e-06	8.437137e-10	1.509467e+01	5.278542e+01
5.080000e-06	2.127960e-06	8.403498e-10	1.479440e+01	5.229776e+01
5.090000e-06	2.084555e-06	8.380890e-10	1.449263e+01	5.179977e+01
5.100000e-06	2.041018e-06	8.344573e-10	1.418994e+01	5.129148e+01
5.110000e-06	1.997325e-06	8.291593e-10	1.388618e+01	5.077294e+01
5.120000e-06	1.953531e-06	8.199188e-10	1.358170e+01	5.024419e+01
5.130000e-06	1.909617e-06	8.082676e-10	1.327639e+01	4.970528e+01
5.140000e-06	1.865555e-06	7.975521e-10	1.297006e+01	4.915626e+01
5.150000e-06	1.821454e-06	7.904836e-10	1.266345e+01	4.859720e+01
5.160000e-06	1.777336e-06	7.850767e-10	1.235673e+01	4.802812e+01
5.170000e-06	1.733082e-06	7.792468e-10	1.204906e+01	4.744908e+01
5.180000e-06	1.688716e-06	7.730244e-10	1.174061e+01	4.686008e+01
5.190000e-06	1.644351e-06	7.649121e-10	1.143217e+01	4.626115e+01
5.200000e-06	1.599926e-06	7.585496e-10	1.112330e+01	4.565227e+01
5.210000e-06	1.555402e-06	7.504290e-10	1.081376e+01	4.503342e+01
5.220000e-06	1.510807e-06	7.392965e-10	1.050371e+01	4.440453e+01
5.230000e-06	1.466106e-06	7.284664e-10	1.019294e+01	4.376552e+01
5.240000e-06	1.421295e-06	7.186720e-10	9.881394e+00	4.311629e+01
5.250000e-06	1.376412e-06	7.088341e-10	9.569349e+00	4.245670e+01
5.260000e-06	1.331513e-06	6.977327e-10	9.257193e+00	4.178657e+01
5.270000e-06	1.286558e-06	6.860227e-10	8.944646e+00	4.110570e+01
5.280000e-06	1.241400e-06	6.759622e-10	8.630693e+00	4.041385e+01
5.290000e-06	1.196083e-06	6.670343e-10	8.315629e+00	3.971076e+01
5.300000e-06	1.150782e-06	6.549106e-10	8.000680e+00	3.899612e+01
5.310000e-06	1.105391e-06	6.410163e-10	7.685106e+00	3.826959e+01
5.320000e-06	1.059841e-06	6.301048e-10	7.368423e+00	3.753082e+01
5.330000e-06	1.014150e-06	6.187849e-10	7.050763e+00	3.677940e+01
5.340000e-06	9.683859e-07	6.082465e-10	6.732593e+00	3.601493e+01
5.350000e-06	9.225430e-07	5.998013e-10	6.413876e+00	3.523695e+01
5.360000e-06	8.765357e-07	5.884552e-10	6.094015e+00	3.444501e+01
5.370000e-06	8.305251e-07	5.749894e-10	5.774131e+00	3.363863e+01
5.380000e-06	7.844742e-07	5.616920e-10	5.453968e+00	3.281732e+01
5.390000e-06	7.383620e-07	5.488459e-10	5.133378e+00	3.198059e+01
5.400000e-06	6.922387e-07	5.384570e-10	4.812711e+00	3.112794e+01
5.410000e-06	6.459957e-07	5.276096e-10	4.491212e+00	3.025887e+01
5.420000e-06	5.996374e-07	5.160276e-10	4.168911e+00	2.937290e+01
5.430000e-06	5.532255e-07	5.017682e-10	3.846237e+00	2.846957e+01
5.440000e-06	5.068111e-07	4.876073e-10	3.523547e+00	2.754842e+01
5.450000e-06	4.603314e-07	4.764409e-10	3.200402e+00	2.660904e+01
5.460000e-06	4.137938e-07	4.650735e-10	2.876854e+00	2.565104e+01
5.470000e-06	3.672833e-07	4.503130e-10	2.553496e+00	2.467406e+01
5.480000e-06	3.207833e-07	4.342219e-10	2.230210e+00	2.367782e+01
5.490000e-06	2.741844e-07	4.181910e-10	1.906236e+00	2.266204e+01
5.500000e-06	2.275347e-07	4.026866e-10	1.581909e+00	2.162656e+01
5.510000e-06	1.809926e-07	3.873637e-10	1.258331e+00	2.057122e+01
5.520000e-06	1.345253e-07	3.687667e-10	9.352720e-01	1.949598e+01
5.530000e-06	8.799097e-08	3.492864e-10	6.117473e-01	1.840084e+01
5.540000e-06	4.138496e-08	3.331756e-10	2.877242e-01	1.728588e+01
5.550000e-06	-5.169069e-09	3.177487e-10	-3.593736e-02	1.615128e+01
5.560000e-06	-5.165937e-08	3.002971e-10	-3.591559e-01	1.499728e+01
5.570000e-06	-9.807088e-08	2.814417e-10	-6.818267e-01	1.382424e+01
5.580000e-06	-1.445656e-07	2.616954e-10	-1.005076e+00	1.263256e+01
5.590000e-06	-1.911596e-07	2.417087e-10	-1.329015e+00	1.142278e+01
5.600000e-06	-2.377255e-07	2.197710e-10	-1.652759e+00	1.019551e+01
5.610000e-06	-2.842467e-07	1.971287e-10	-1.976193e+00	8.951432e+00
5.620000e-06	-3.306675e-07	1.755528e-10	-2.298928e+00	7.691350e+00
5.630000e-06	-3.770966e-07	1.549352e-10	-2.621722e+00	6.416143e+00
5.640000e-06	-4.235557e-07	1.345937e-10	-2.944723e+00	5.126777e+00
5.650000e-06	-4.699406e-07	1.147593e-10	-3.267209e+00	3.824302e+00
5.660000e-06	-5.162422e-07	9.495642e-11	-3.589115e+00	2.509849e+00
5.670000e-06	-5.625595e-07	7.281371e-11	-3.911131e+00	1.184626e+00
5.680000e-06	-6.088400e-07	4.824769e-11	-4.232891e+00	-1.500895e-01
5.690000e-06	-6.550295e-07	2.415111e-11	-4.554018e+00	-1.492954e+00
5.700000e-06	-7.011600e-07	-3.044124e-14	-4.874736e+00	-2.842566e+00
5.710000e-06	-7.472142e-07	-2.307275e-11	-5.194922e+00	-4.197469e+00
5.720000e-06	-7.932097e-07	-4.326579e-11	-5.514700e+00	-5.556165e+00
5.730000e-06	-8.391374e-07	-6.149328e-11	-5.834008e+00	-6.917116e+00
5.740000e-06	-8.850230e-07	-8.097060e-11	-6.153022e+00	-8.278755e+00
5.750000e-06	-9.308638e-07	-1.033733e-10	-6.471725e+00	-9.639496e+00
5.760000e-06	-9.765963e-07	-1.273038e-10	-6.789675e+00	-1.099774e+01
5.770000e-06	-1.022167e-06	-1.533588e-10	-7.106503e+00	-1.235188e+01
5.780000e-06	-1.067610e-06	-1.783959e-10	-7.422440e+00	-1.370033e+01
5.790000e-06	-1.112955e-06	-1.981849e-10	-7.737696e+00	-1.504150e+01
5.800000e-06	-1.158216e-06	-2.154615e-10	-8.052366e+00	-1.637383e+01
5.810000e-06	-1.203332e-06	-2.322227e-10	-8.366027e+00	-1.769579e+01
5.820000e-06	-1.248260e-06	-2.488515e-10	-8.678387e+00	-1.900591e+01
5.830000e-06	-1.293092e-06	-2.674886e-10	-8.990075e+00	-2.030273e+01
5.840000e-06	-1.337835e-06	-2.893595e-10	-9.301147e+00	-2.158490e+01
5.850000e-06	-1.382560e-06	-3.150684e-10	-9.612089e+00	-2.285108e+01
5.860000e-06	-1.427266e-06	-3.405915e-10	-9.922903e+00	-2.410004e+01
5.870000e-06	-1.471825e-06	-3.625388e-10	-1.023269e+01	-2.533061e+01
5.880000e-06	-1.516283e-06	-3.795976e-10	-1.054179e+01	-2.654171e+01
5.890000e-06	-1.560713e-06	-3.930791e-10	-1.085068e+01	-2.773235e+01
5.900000e-06	-1.605120e-06	-4.067550e-10	-1.115941e+01	-2.890163e+01
5.910000e-06	-1.649508e-06	-4.238111e-10	-1.146802e+01	-3.004875e+01
5.920000e-06	-1.693844e-06	-4.454976e-10	-1.177626e+01	-3.117301e+01
5.930000e-06	-1.738125e-06	-4.683751e-10	-1.208412e+01	-3.227382e+01
5.940000e-06	-1.782375e-06	-4.891848e-10	-1.239176e+01	-3.335068e+01
5.950000e-06	-1.826543e-06	-5.079429e-10	-1.269884e+01	-3.440321e+01
5.960000e-06	-1.870629e-06	-5.241935e-10	-1.300534e+01	-3.543111e+01
5.970000e-06	-1.914650e-06	-5.374102e-10	-1.331138e+01	-3.643423e+01
5.980000e-06	-1.958496e-06	-5.512689e-10	-1.361622e+01	-3.741247e+01
5.990000e-06	-2.002159e-06	-5.671039e-10	-1.391978e+01	-3.836586e+01
6.000000e-06	-2.045665e-06	-5.823595e-10	-1.422225e+01	-3.929452e+01
6.010000e-06	-2.089040e-06	-5.976216e-10	-1.452381e+01	-4.019867e+01
6.020000e-06	-2.132312e-06	-6.136201e-10	-1.482466e+01	-4.107860e+01
6.030000e-06	-2.175408e-06	-6.292995e-10	-1.512428e+01	-4.193470e+01
6.040000e-06	-2.218294e-06	-6.436435e-10	-1.542244e+01	-4.276743e+01
6.050000e-06	-2.261011e-06	-6.578323e-10	-1.571943e+01	-4.357731e+01
6.060000e-06	-2.303587e-06	-6.724017e-10	-1.601543e+01	-4.436495e+01
6.070000e-06	-2.345969e-06	-6.868848e-10	-1.631009e+01	-4.513099e+01
6.080000e-06	-2.388182e-06	-7.025103e-10	-1.660356e+01	-4.587613e+01
6.090000e-06	-2.430245e-06	-7.186784e-10	-1.689600e+01	-4.660112e+01
6.100000e-06	-2.472208e-06	-7.326632e-10	-1.718774e+01	-4.730674e+01
6.110000e-06	-2.514009e-06	-7.449179e-10	-1.747836e+01	-4.799378e+01
6.120000e-06	-2.555554e-06	-7.562693e-10	-1.776720e+01	-4.866308e+01
6.130000e-06	-2.596891e-06	-7.672615e-10	-1.805459e+01	-4.931545e+01
6.140000e-06	-2.638006e-06	-7.789228e-10	-1.834044e+01	-4.995174e+01
6.150000e-06	-2.678990e-06	-7.903182e-10	-1.862537e+01	-5.057279e+01
6.160000e-06	-2.719835e-06	-8.019968e-10	-1.890934e+01	-5.117940e+01
6.170000e-06	-2.760393e-06	-8.156008e-10	-1.919132e+01	-5.177239e+01
6.180000e-06	-2.800778e-06	-8.302635e-10	-1.947209e+01	-5.235252e+01
6.190000e-06	-2.841127e-06	-8.423363e-10	-1.975262e+01	-5.292056e+01
6.200000e-06	-2.881418e-06	-8.513791e-10	-2.003273e+01	-5.347720e+01
6.210000e-06	-2.921597e-06	-8.585976e-10	-2.031207e+01	-5.402313e+01
6.220000e-06	-2.961645e-06	-8.665469e-10	-2.059050e+01	-5.455896e+01
6.230000e-06	-3.001574e-06	-8.756061e-10	-2.086810e+01	-5.508528e+01
6.240000e-06	-3.041281e-06	-8.855825e-10	-2.114416e+01	-5.560260e+01
6.250000e-06	-3.080596e-06	-8.967595e-10	-2.141749e+01	-5.611141e+01
6.260000e-06	-3.119530e-06	-9.069181e-10	-2.168818e+01	-5.661211e+01
6.270000e-06	-3.158159e-06	-9.162670e-10	-2.195675e+01	-5.710507e+01
6.280000e-06	-3.196484e-06	-9.246698e-10	-2.222319e+01	-5.759059e+01
6.290000e-06	-3.234503e-06	-9.301398e-10	-2.248751e+01	-5.806891e+01
6.300000e-06	-3.272086e-06	-9.349515e-10	-2.274881e+01	-5.854022e+01
6.310000e-06	-3.309232e-06	-9.402472e-10	-2.300706e+01	-5.900465e+01
6.320000e-06	-3.346063e-06	-9.462172e-10	-2.326312e+01	-5.946229e+01
6.330000e-06	-3.382666e-06	-9.531086e-10	-2.351760e+01	-5.991316e+01
6.340000e-06	-3.419146e-06	-9.615384e-10	-2.377122e+01	-6.035726e+01
6.350000e-06	-3.455482e-06	-9.706116e-10	-2.402385e+01	-6.079451e+01
6.360000e-06	-3.491686e-06	-9.787872e-10	-2.427555e+01	-6.122483e+01
6.370000e-06	-3.527740e-06	-9.869927e-10	-2.452621e+01	-6.164808e+01
6.380000e-06	-3.563615e-06	-9.929886e-10	-2.477563e+01	-6.206410e+01
6.390000e-06	-3.599276e-06	-9.970278e-10	-2.502356e+01	-6.247269e+01
6.400000e-06	-3.634708e-06	-1.001916e-09	-2.526990e+01	-6.287365e+01
6.410000e-06	-3.669828e-06	-1.007415e-09	-2.551406e+01	-6.326676e+01
6.420000e-06	-3.704636e-06	-1.014249e-09	-2.575606e+01	-6.365178e+01
6.430000e-06	-3.739202e-06	-1.023498e-09	-2.599638e+01	-6.402846e+01
6.440000e-06	-3.773507e-06	-1.031427e-09	-2.623488e+01	-6.439658e+01
6.450000e-06	-3.807536e-06	-1.036182e-09	-2.647147e+01	-6.475590e+01
6.460000e-06	-3.841308e-06	-1.037796e-09	-2.670626e+01	-6.510619e+01
6.470000e-06	-3.874746e-06	-1.038963e-09	-2.693873e+01	-6.544724e+01
6.480000e-06	-3.907888e-06	-1.043286e-09	-2.716915e+01	-6.577887e+01
6.490000e-06	-3.940744e-06	-1.051015e-09	-2.739758e+01	-6.610092e+01
6.500000e-06	-3.973317e-06	-1.058846e-09	-2.762404e+01	-6.641323e+01
6.510000e-06	-4.005758e-06	-1.062725e-09	-2.784958e+01	-6.671570e+01
6.520000e-06	-4.038076e-06	-1.065379e-09	-2.807426e+01	-6.700826e+01
6.530000e-06	-4.070231e-06	-1.069941e-09	-2.829782e+01	-6.729087e+01
6.540000e-06	-4.102118e-06	-1.073407e-09	-2.851951e+01	-6.756351e+01
6.550000e-06	-4.133756e-06	-1.075867e-09	-2.873947e+01	-6.782623e+01
6.560000e-06	-4.165131e-06	-1.079045e-09	-2.895760e+01	-6.807910e+01
6.570000e-06	-4.195902e-06	-1.083657e-09	-2.917153e+01	-6.832222e+01
6.580000e-06	-4.226075e-06	-1.089087e-09	-2.938131e+01	-6.855577e+01
6.590000e-06	-4.255780e-06	-1.094686e-09	-2.958783e+01	-6.877992e+01
6.600000e-06	-4.284930e-06	-1.099384e-09	-2.979049e+01	-6.899490e+01
6.610000e-06	-4.313755e-06	-1.102665e-09	-2.999089e+01	-6.920099e+01
6.620000e-06	-4.342367e-06	-1.104579e-09	-3.018981e+01	-6.939848e+01
6.630000e-06	-4.370751e-06	-1.106108e-09	-3.038715e+01	-6.958771e+01
6.640000e-06	-4.398992e-06	-1.108865e-09	-3.058350e+01	-6.976903e+01
6.650000e-06	-4.427085e-06	-1.111885e-09	-3.077880e+01	-6.994283e+01
6.660000e-06	-4.454933e-06	-1.115314e-09	-3.097242e+01	-7.010953e+01
6.670000e-06	-4.482422e-06	-1.119310e-09	-3.116353e+01	-7.026954e+01
6.680000e-06	-4.509540e-06	-1.124238e-09	-3.135206e+01	-7.042333e+01
6.690000e-06	-4.536338e-06	-1.129177e-09	-3.153837e+01	-7.057133e+01
6.700000e-06	-4.562848e-06	-1.132411e-09	-3.172268e+01	-7.071402e+01
6.710000e-06	-4.589041e-06	-1.134670e-09	-3.190478e+01	-7.085185e+01
6.720000e-06	-4.614913e-06	-1.136102e-09	-3.208466e+01	-7.098530e+01
6.730000e-06	-4.640488e-06	-1.138350e-09	-3.226247e+01	-7.111481e+01
6.740000e-06	-4.665646e-06	-1.140508e-09	-3.243738e+01	-7.124086e+01
6.750000e-06	-4.690412e-06	-1.142091e-09	-3.260956e+01	-7.136385e+01
6.760000e-06	-4.714918e-06	-1.144850e-09	-3.277994e+01	-7.148423e+01
6.770000e-06	-4.739242e-06	-1.145739e-09	-3.294904e+01	-7.160239e+01
6.780000e-06	-4.763444e-06	-1.146399e-09	-3.311730e+01	-7.171871e+01
6.790000e-06	-4.787442e-06	-1.150434e-09	-3.328415e+01	-7.183353e+01
6.800000e-06	-4.811083e-06	-1.154898e-09	-3.344851e+01	-7.194719e+01
6.810000e-06	-4.834244e-06	-1.157543e-09	-3.360953e+01	-7.205996e+01
6.820000e-06	-4.856851e-06	-1.158956e-09	-3.376671e+01	-7.217212e+01
6.830000e-06	-4.878887e-06	-1.158772e-09	-3.391991e+01	-7.228388e+01
6.840000e-06	-4.900428e-06	-1.157271e-09	-3.406967e+01	-7.239543e+01
6.850000e-06	-4.921513e-06	-1.156252e-09	-3.421626e+01	-7.250693e+01
6.860000e-06	-4.942153e-06	-1.157142e-09	-3.435976e+01	-7.261850e+01
6.870000e-06	-4.962555e-06	-1.159731e-09	-3.450160e+01	-7.273020e+01
6.880000e-06	-4.982847e-06	-1.163279e-09	-3.464268e+01	-7.284210e+01
6.890000e-06	-5.002962e-06	-1.165874e-09	-3.478253e+01	-7.295420e+01
6.900000e-06	-5.022791e-06	-1.167258e-09	-3.492039e+01	-7.306647e+01
6.910000e-06	-5.042214e-06	-1.166529e-09	-3.505542e+01	-7.317887e+01
6.920000e-06	-5.061164e-06	-1.163193e-09	-3.518717e+01	-7.329131e+01
6.930000e-06	-5.079674e-06	-1.160635e-09	-3.531586e+01	-7.340369e+01
6.940000e-06	-5.097897e-06	-1.161522e-09	-3.544255e+01	-7.351586e+01
6.950000e-06	-5.115921e-06	-1.164711e-09	-3.556786e+01	-7.362766e+01
6.960000e-06	-5.133581e-06	-1.169066e-09	-3.569064e+01	-7.373893e+01
6.970000e-06	-5.150723e-06	-1.173818e-09	-3.580982e+01	-7.384947e+01
6.980000e-06	-5.167488e-06	-1.177047e-09	-3.592638e+01	-7.395907e+01
6.990000e-06	-5.184039e-06	-1.178499e-09	-3.604144e+01	-7.406752e+01
7.000000e-06	-5.200397e-06	-1.179352e-09	-3.615517e+01	-7.417461e+01
7.010000e-06	-5.216540e-06	-1.179882e-09	-3.626740e+01	-7.428010e+01
7.020000e-06	-5.232316e-06	-1.178304e-09	-3.637708e+01	-7.438377e+01
7.030000e-06	-5.247618e-06	-1.176046e-09	-3.648347e+01	-7.448542e+01
7.040000e-06	-5.262373e-06	-1.176105e-09	-3.658605e+01	-7.458481e+01
7.050000e-06	-5.276414e-06	-1.176061e-09	-3.668367e+01	-7.468176e+01
7.060000e-06	-5.289798e-06	-1.174129e-09	-3.677672e+01	-7.477607e+01
7.070000e-06	-5.302706e-06	-1.173023e-09	-3.686646e+01	-7.486757e+01
7.080000e-06	-5.315239e-06	-1.173169e-09	-3.695360e+01	-7.495611e+01
7.090000e-06	-5.327413e-06	-1.174749e-09	-3.703823e+01	-7.504153e+01
7.100000e-06	-5.339281e-06	-1.176516e-09	-3.712075e+01	-7.512374e+01
7.110000e-06	-5.350877e-06	-1.176948e-09	-3.720136e+01	-7.520263e+01
7.120000e-06	-5.362027e-06	-1.177046e-09	-3.727888e+01	-7.527813e+01
7.130000e-06	-5.372726e-06	-1.175415e-09	-3.735327e+01	-7.535019e+01
7.140000e-06	-5.383039e-06	-1.173029e-09	-3.742497e+01	-7.541880e+01
7.150000e-06	-5.392979e-06	-1.172258e-09	-3.749407e+01	-7.548396e+01
7.160000e-06	-5.402510e-06	-1.170867e-09	-3.756034e+01	-7.554569e+01
7.170000e-06	-5.411626e-06	-1.168615e-09	-3.762371e+01	-7.560404e+01
7.180000e-06	-5.420445e-06	-1.168917e-09	-3.768503e+01	-7.565910e+01
7.190000e-06	-5.428972e-06	-1.169745e-09	-3.774431e+01	-7.571096e+01
7.200000e-06	-5.437203e-06	-1.170103e-09	-3.780154e+01	-7.575973e+01
7.210000e-06	-5.445155e-06	-1.172497e-09	-3.785682e+01	-7.580555e+01
7.220000e-06	-5.452773e-06	-1.172215e-09	-3.790979e+01	-7.584859e+01
7.230000e-06	-5.459985e-06	-1.169446e-09	-3.795992e+01	-7.588899e+01
7.240000e-06	-5.466696e-06	-1.169021e-09	-3.800658e+01	-7.592695e+01
7.250000e-06	-5.472854e-06	-1.171628e-09	-3.804939e+01	-7.596266e+01
7.260000e-06	-5.478473e-06	-1.175077e-09	-3.808846e+01	-7.599631e+01
7.270000e-06	-5.483610e-06	-1.175265e-09	-3.812417e+01	-7.602812e+01
7.280000e-06	-5.488304e-06	-1.175373e-09	-3.815681e+01	-7.605829e+01
7.290000e-06	-5.492683e-06	-1.175791e-09	-3.818725e+01	-7.608702e+01
7.300000e-06	-5.496817e-06	-1.176318e-09	-3.821600e+01	-7.611452e+01
7.310000e-06	-5.500670e-06	-1.179495e-09	-3.824279e+01	-7.614099e+01
7.320000e-06	-5.504148e-06	-1.183033e-09	-3.826697e+01	-7.616662e+01
7.330000e-06	-5.507206e-06	-1.185269e-09	-3.828823e+01	-7.619159e+01
7.340000e-06	-5.509926e-06	-1.183308e-09	-3.830714e+01	-7.621607e+01
7.350000e-06	-5.512314e-06	-1.180234e-09	-3.832374e+01	-7.624021e+01
7.360000e-06	-5.514342e-06	-1.179860e-09	-3.833784e+01	-7.626416e+01
7.370000e-06	-5.515938e-06	-1.180298e-09	-3.834894e+01	-7.628802e+01
7.380000e-06	-5.517128e-06	-1.179439e-09	-3.835721e+01	-7.631191e+01
7.390000e-06	-5.517964e-06	-1.180115e-09	-3.836302e+01	-7.633589e+01
7.400000e-06	-5.518493e-06	-1.182783e-09	-3.836669e+01	-7.636003e+01
