# Temperatura_=_-0.2
# Concentracion g/m^3_=_1620.0
# C_Vs_to_Am_M_A/Vsm_=_65563218390.804596
# pendiente_HvsI_1/m_=_3716.3
# ordenada_HvsI_A/m_=_1297.0
# frecuencia_Hz_=_135109.67808520794

Tiempo_(s)	Campo_(V.s)	Magnetizacion_(V.s)	Campo_(kA/m)	Magnetizacion_(A/m)
0.000000e+00	-5.530698e-06	-1.182070e-09	-3.837143e+01	-7.467665e+01
1.000000e-08	-5.530814e-06	-1.183586e-09	-3.837223e+01	-7.468398e+01
2.000000e-08	-5.530555e-06	-1.187377e-09	-3.837044e+01	-7.469302e+01
3.000000e-08	-5.529868e-06	-1.188751e-09	-3.836567e+01	-7.470375e+01
4.000000e-08	-5.528737e-06	-1.186945e-09	-3.835783e+01	-7.471611e+01
5.000000e-08	-5.527003e-06	-1.185684e-09	-3.834579e+01	-7.473005e+01
6.000000e-08	-5.524660e-06	-1.188940e-09	-3.832954e+01	-7.474543e+01
7.000000e-08	-5.521840e-06	-1.181973e-09	-3.830997e+01	-7.476212e+01
8.000000e-08	-5.518497e-06	-1.143531e-09	-3.828678e+01	-7.477996e+01
9.000000e-08	-5.514682e-06	-1.153909e-09	-3.826031e+01	-7.479875e+01
1.000000e-07	-5.510542e-06	-1.243240e-09	-3.823158e+01	-7.481829e+01
1.100000e-07	-5.506003e-06	-1.212791e-09	-3.820009e+01	-7.483832e+01
1.200000e-07	-5.501215e-06	-1.111433e-09	-3.816687e+01	-7.485860e+01
1.300000e-07	-5.496307e-06	-1.115291e-09	-3.813283e+01	-7.487886e+01
1.400000e-07	-5.490975e-06	-1.191635e-09	-3.809583e+01	-7.489880e+01
1.500000e-07	-5.485118e-06	-1.214018e-09	-3.805520e+01	-7.491813e+01
1.600000e-07	-5.478910e-06	-1.084345e-09	-3.801213e+01	-7.493654e+01
1.700000e-07	-5.472378e-06	-1.124438e-09	-3.796681e+01	-7.495371e+01
1.800000e-07	-5.465433e-06	-1.226975e-09	-3.791863e+01	-7.496933e+01
1.900000e-07	-5.458129e-06	-1.243607e-09	-3.786795e+01	-7.498306e+01
2.000000e-07	-5.450524e-06	-1.154907e-09	-3.781519e+01	-7.499460e+01
2.100000e-07	-5.442677e-06	-1.148496e-09	-3.776075e+01	-7.500363e+01
2.200000e-07	-5.434591e-06	-1.213278e-09	-3.770465e+01	-7.500983e+01
2.300000e-07	-5.426087e-06	-1.212628e-09	-3.764565e+01	-7.501289e+01
2.400000e-07	-5.417116e-06	-1.174406e-09	-3.758341e+01	-7.501252e+01
2.500000e-07	-5.407562e-06	-1.168675e-09	-3.751712e+01	-7.500844e+01
2.600000e-07	-5.397231e-06	-1.209979e-09	-3.744545e+01	-7.500038e+01
2.700000e-07	-5.386281e-06	-1.193907e-09	-3.736947e+01	-7.498807e+01
2.800000e-07	-5.374880e-06	-1.162428e-09	-3.729038e+01	-7.497129e+01
2.900000e-07	-5.363107e-06	-1.145044e-09	-3.720870e+01	-7.494979e+01
3.000000e-07	-5.351017e-06	-1.183476e-09	-3.712482e+01	-7.492339e+01
3.100000e-07	-5.338551e-06	-1.173101e-09	-3.703833e+01	-7.489189e+01
3.200000e-07	-5.325594e-06	-1.146386e-09	-3.694844e+01	-7.485513e+01
3.300000e-07	-5.312203e-06	-1.117828e-09	-3.685553e+01	-7.481296e+01
3.400000e-07	-5.298507e-06	-1.164058e-09	-3.676051e+01	-7.476526e+01
3.500000e-07	-5.284487e-06	-1.164690e-09	-3.666324e+01	-7.471191e+01
3.600000e-07	-5.269925e-06	-1.118198e-09	-3.656221e+01	-7.465285e+01
3.700000e-07	-5.254713e-06	-1.129828e-09	-3.645667e+01	-7.458799e+01
3.800000e-07	-5.239093e-06	-1.199596e-09	-3.634830e+01	-7.451730e+01
3.900000e-07	-5.223117e-06	-1.141761e-09	-3.623746e+01	-7.444075e+01
4.000000e-07	-5.206626e-06	-1.085262e-09	-3.612305e+01	-7.435834e+01
4.100000e-07	-5.189752e-06	-1.162371e-09	-3.600598e+01	-7.427009e+01
4.200000e-07	-5.172662e-06	-1.174983e-09	-3.588741e+01	-7.417601e+01
4.300000e-07	-5.155183e-06	-1.065709e-09	-3.576615e+01	-7.407617e+01
4.400000e-07	-5.137348e-06	-1.114854e-09	-3.564240e+01	-7.397063e+01
4.500000e-07	-5.119213e-06	-1.212026e-09	-3.551659e+01	-7.385946e+01
4.600000e-07	-5.100500e-06	-1.107834e-09	-3.538676e+01	-7.374276e+01
4.700000e-07	-5.081283e-06	-1.058550e-09	-3.525343e+01	-7.362064e+01
4.800000e-07	-5.061943e-06	-1.177407e-09	-3.511925e+01	-7.349321e+01
4.900000e-07	-5.042455e-06	-1.144912e-09	-3.498405e+01	-7.336062e+01
5.000000e-07	-5.022683e-06	-1.038041e-09	-3.484687e+01	-7.322299e+01
5.100000e-07	-5.002636e-06	-1.138682e-09	-3.470779e+01	-7.308048e+01
5.200000e-07	-4.982317e-06	-1.168970e-09	-3.456682e+01	-7.293325e+01
5.300000e-07	-4.961600e-06	-1.042642e-09	-3.442309e+01	-7.278147e+01
5.400000e-07	-4.940489e-06	-1.086006e-09	-3.427662e+01	-7.262530e+01
5.500000e-07	-4.919029e-06	-1.188278e-09	-3.412773e+01	-7.246493e+01
5.600000e-07	-4.897164e-06	-1.072503e-09	-3.397603e+01	-7.230054e+01
5.700000e-07	-4.874999e-06	-1.038870e-09	-3.382226e+01	-7.213232e+01
5.800000e-07	-4.852575e-06	-1.147422e-09	-3.366668e+01	-7.196045e+01
5.900000e-07	-4.829697e-06	-1.100034e-09	-3.350795e+01	-7.178512e+01
6.000000e-07	-4.806426e-06	-1.017055e-09	-3.334650e+01	-7.160654e+01
6.100000e-07	-4.782942e-06	-1.108935e-09	-3.318357e+01	-7.142489e+01
6.200000e-07	-4.759260e-06	-1.111274e-09	-3.301927e+01	-7.124036e+01
6.300000e-07	-4.735340e-06	-1.025703e-09	-3.285331e+01	-7.105316e+01
6.400000e-07	-4.711135e-06	-1.068684e-09	-3.268538e+01	-7.086346e+01
6.500000e-07	-4.686600e-06	-1.109577e-09	-3.251516e+01	-7.067146e+01
6.600000e-07	-4.661528e-06	-1.037113e-09	-3.234121e+01	-7.047735e+01
6.700000e-07	-4.635993e-06	-1.049494e-09	-3.216405e+01	-7.028130e+01
6.800000e-07	-4.610092e-06	-1.096271e-09	-3.198436e+01	-7.008349e+01
6.900000e-07	-4.583556e-06	-1.052442e-09	-3.180025e+01	-6.988410e+01
7.000000e-07	-4.556452e-06	-1.034826e-09	-3.161221e+01	-6.968328e+01
7.100000e-07	-4.529081e-06	-1.074859e-09	-3.142231e+01	-6.948121e+01
7.200000e-07	-4.501519e-06	-1.046595e-09	-3.123109e+01	-6.927802e+01
7.300000e-07	-4.473727e-06	-1.014709e-09	-3.103827e+01	-6.907387e+01
7.400000e-07	-4.445738e-06	-1.045591e-09	-3.084408e+01	-6.886889e+01
7.500000e-07	-4.417522e-06	-1.044890e-09	-3.064832e+01	-6.866320e+01
7.600000e-07	-4.388956e-06	-1.020260e-09	-3.045014e+01	-6.845691e+01
7.700000e-07	-4.360051e-06	-1.043317e-09	-3.024960e+01	-6.825013e+01
7.800000e-07	-4.330878e-06	-1.052734e-09	-3.004720e+01	-6.804295e+01
7.900000e-07	-4.301406e-06	-1.020694e-09	-2.984272e+01	-6.783544e+01
8.000000e-07	-4.271670e-06	-1.024143e-09	-2.963642e+01	-6.762767e+01
8.100000e-07	-4.241698e-06	-1.034793e-09	-2.942848e+01	-6.741967e+01
8.200000e-07	-4.211386e-06	-1.010080e-09	-2.921817e+01	-6.721149e+01
8.300000e-07	-4.180673e-06	-1.004467e-09	-2.900509e+01	-6.700314e+01
8.400000e-07	-4.149645e-06	-1.032093e-09	-2.878982e+01	-6.679462e+01
8.500000e-07	-4.118371e-06	-1.022114e-09	-2.857284e+01	-6.658590e+01
8.600000e-07	-4.086907e-06	-1.007298e-09	-2.835455e+01	-6.637696e+01
8.700000e-07	-4.055344e-06	-1.018609e-09	-2.813557e+01	-6.616773e+01
8.800000e-07	-4.023592e-06	-1.013421e-09	-2.791528e+01	-6.595815e+01
8.900000e-07	-3.991603e-06	-9.849076e-10	-2.769334e+01	-6.574812e+01
9.000000e-07	-3.959422e-06	-9.885480e-10	-2.747007e+01	-6.553753e+01
9.100000e-07	-3.926920e-06	-9.910398e-10	-2.724457e+01	-6.532625e+01
9.200000e-07	-3.894020e-06	-9.724192e-10	-2.701632e+01	-6.511414e+01
9.300000e-07	-3.860639e-06	-9.729350e-10	-2.678473e+01	-6.490101e+01
9.400000e-07	-3.826659e-06	-9.911747e-10	-2.654898e+01	-6.468670e+01
9.500000e-07	-3.792136e-06	-9.811329e-10	-2.630946e+01	-6.447099e+01
9.600000e-07	-3.757261e-06	-9.713418e-10	-2.606750e+01	-6.425367e+01
9.700000e-07	-3.722104e-06	-9.776510e-10	-2.582358e+01	-6.403451e+01
9.800000e-07	-3.686676e-06	-9.671447e-10	-2.557779e+01	-6.381325e+01
9.900000e-07	-3.651083e-06	-9.454820e-10	-2.533085e+01	-6.358963e+01
1.000000e-06	-3.615370e-06	-9.480019e-10	-2.508307e+01	-6.336339e+01
1.010000e-06	-3.579569e-06	-9.498298e-10	-2.483469e+01	-6.313424e+01
1.020000e-06	-3.543627e-06	-9.403864e-10	-2.458533e+01	-6.290188e+01
1.030000e-06	-3.507470e-06	-9.429909e-10	-2.433448e+01	-6.266602e+01
1.040000e-06	-3.471056e-06	-9.494698e-10	-2.408184e+01	-6.242635e+01
1.050000e-06	-3.434385e-06	-9.362480e-10	-2.382742e+01	-6.218257e+01
1.060000e-06	-3.397428e-06	-9.217901e-10	-2.357101e+01	-6.193437e+01
1.070000e-06	-3.360203e-06	-9.205554e-10	-2.331275e+01	-6.168144e+01
1.080000e-06	-3.322774e-06	-9.134177e-10	-2.305307e+01	-6.142348e+01
1.090000e-06	-3.285070e-06	-9.086309e-10	-2.279149e+01	-6.116019e+01
1.100000e-06	-3.247045e-06	-9.125282e-10	-2.252767e+01	-6.089129e+01
1.110000e-06	-3.208818e-06	-9.088695e-10	-2.226246e+01	-6.061649e+01
1.120000e-06	-3.170422e-06	-8.924215e-10	-2.199607e+01	-6.033553e+01
1.130000e-06	-3.131801e-06	-8.842009e-10	-2.172812e+01	-6.004814e+01
1.140000e-06	-3.092917e-06	-8.775963e-10	-2.145834e+01	-5.975410e+01
1.150000e-06	-3.053892e-06	-8.657844e-10	-2.118760e+01	-5.945317e+01
1.160000e-06	-3.014764e-06	-8.598514e-10	-2.091613e+01	-5.914516e+01
1.170000e-06	-2.975431e-06	-8.640841e-10	-2.064324e+01	-5.882989e+01
1.180000e-06	-2.935922e-06	-8.607394e-10	-2.036913e+01	-5.850718e+01
1.190000e-06	-2.896265e-06	-8.558701e-10	-2.009399e+01	-5.817690e+01
1.200000e-06	-2.856475e-06	-8.522397e-10	-1.981793e+01	-5.783893e+01
1.210000e-06	-2.816561e-06	-8.446532e-10	-1.954102e+01	-5.749317e+01
1.220000e-06	-2.776488e-06	-8.305080e-10	-1.926299e+01	-5.713956e+01
1.230000e-06	-2.736177e-06	-8.227605e-10	-1.898332e+01	-5.677805e+01
1.240000e-06	-2.695622e-06	-8.169718e-10	-1.870195e+01	-5.640861e+01
1.250000e-06	-2.654819e-06	-8.104522e-10	-1.841887e+01	-5.603124e+01
1.260000e-06	-2.613854e-06	-8.083285e-10	-1.813466e+01	-5.564595e+01
1.270000e-06	-2.572712e-06	-8.103988e-10	-1.784922e+01	-5.525279e+01
1.280000e-06	-2.531232e-06	-8.060347e-10	-1.756143e+01	-5.485179e+01
1.290000e-06	-2.489469e-06	-7.957149e-10	-1.727169e+01	-5.444305e+01
1.300000e-06	-2.447373e-06	-7.844424e-10	-1.697963e+01	-5.402663e+01
1.310000e-06	-2.404847e-06	-7.732211e-10	-1.668459e+01	-5.360264e+01
1.320000e-06	-2.362012e-06	-7.627664e-10	-1.638740e+01	-5.317118e+01
1.330000e-06	-2.318968e-06	-7.591390e-10	-1.608877e+01	-5.273235e+01
1.340000e-06	-2.275695e-06	-7.602426e-10	-1.578854e+01	-5.228628e+01
1.350000e-06	-2.232219e-06	-7.571722e-10	-1.548691e+01	-5.183307e+01
1.360000e-06	-2.188638e-06	-7.524975e-10	-1.518455e+01	-5.137283e+01
1.370000e-06	-2.145009e-06	-7.478506e-10	-1.488186e+01	-5.090567e+01
1.380000e-06	-2.101344e-06	-7.414717e-10	-1.457892e+01	-5.043167e+01
1.390000e-06	-2.057620e-06	-7.326544e-10	-1.427556e+01	-4.995091e+01
1.400000e-06	-2.013812e-06	-7.252192e-10	-1.397162e+01	-4.946344e+01
1.410000e-06	-1.969881e-06	-7.160675e-10	-1.366684e+01	-4.896931e+01
1.420000e-06	-1.925870e-06	-7.073382e-10	-1.336149e+01	-4.846852e+01
1.430000e-06	-1.881826e-06	-6.996141e-10	-1.305592e+01	-4.796107e+01
1.440000e-06	-1.837692e-06	-6.939050e-10	-1.274972e+01	-4.744690e+01
1.450000e-06	-1.793421e-06	-6.871133e-10	-1.244258e+01	-4.692594e+01
1.460000e-06	-1.748986e-06	-6.804240e-10	-1.213429e+01	-4.639807e+01
1.470000e-06	-1.704445e-06	-6.718744e-10	-1.182527e+01	-4.586315e+01
1.480000e-06	-1.659783e-06	-6.622446e-10	-1.151540e+01	-4.532097e+01
1.490000e-06	-1.614937e-06	-6.524130e-10	-1.120427e+01	-4.477130e+01
1.500000e-06	-1.569935e-06	-6.439317e-10	-1.089205e+01	-4.421388e+01
1.510000e-06	-1.524801e-06	-6.343392e-10	-1.057892e+01	-4.364839e+01
1.520000e-06	-1.479520e-06	-6.223611e-10	-1.026476e+01	-4.307445e+01
1.530000e-06	-1.434048e-06	-6.083417e-10	-9.949284e+00	-4.249168e+01
1.540000e-06	-1.388503e-06	-5.964499e-10	-9.633291e+00	-4.189963e+01
1.550000e-06	-1.342892e-06	-5.881170e-10	-9.316853e+00	-4.129781e+01
1.560000e-06	-1.297216e-06	-5.804438e-10	-8.999953e+00	-4.068570e+01
1.570000e-06	-1.251538e-06	-5.735647e-10	-8.683047e+00	-4.006275e+01
1.580000e-06	-1.205780e-06	-5.656522e-10	-8.365578e+00	-3.942836e+01
1.590000e-06	-1.159937e-06	-5.535717e-10	-8.047529e+00	-3.878192e+01
1.600000e-06	-1.113995e-06	-5.404279e-10	-7.728789e+00	-3.812278e+01
1.610000e-06	-1.067970e-06	-5.265557e-10	-7.409468e+00	-3.745026e+01
1.620000e-06	-1.021901e-06	-5.134630e-10	-7.089849e+00	-3.676370e+01
1.630000e-06	-9.757319e-07	-5.020859e-10	-6.769530e+00	-3.606239e+01
1.640000e-06	-9.294540e-07	-4.896753e-10	-6.448459e+00	-3.534563e+01
1.650000e-06	-8.831227e-07	-4.759211e-10	-6.127017e+00	-3.461272e+01
1.660000e-06	-8.367810e-07	-4.626880e-10	-5.805502e+00	-3.386296e+01
1.670000e-06	-7.903981e-07	-4.507631e-10	-5.483703e+00	-3.309567e+01
1.680000e-06	-7.439553e-07	-4.386179e-10	-5.161487e+00	-3.231018e+01
1.690000e-06	-6.974751e-07	-4.280277e-10	-4.839012e+00	-3.150586e+01
1.700000e-06	-6.509449e-07	-4.158354e-10	-4.516190e+00	-3.068208e+01
1.710000e-06	-6.043374e-07	-4.002140e-10	-4.192832e+00	-2.983828e+01
1.720000e-06	-5.576721e-07	-3.829307e-10	-3.869073e+00	-2.897394e+01
1.730000e-06	-5.109700e-07	-3.676473e-10	-3.545058e+00	-2.808856e+01
1.740000e-06	-4.642965e-07	-3.542713e-10	-3.221242e+00	-2.718174e+01
1.750000e-06	-4.175844e-07	-3.420699e-10	-2.897159e+00	-2.625311e+01
1.760000e-06	-3.707779e-07	-3.309265e-10	-2.572420e+00	-2.530239e+01
1.770000e-06	-3.239698e-07	-3.206766e-10	-2.247670e+00	-2.432937e+01
1.780000e-06	-2.771730e-07	-3.094243e-10	-1.922999e+00	-2.333389e+01
1.790000e-06	-2.302884e-07	-2.924962e-10	-1.597717e+00	-2.231592e+01
1.800000e-06	-1.833021e-07	-2.722109e-10	-1.271732e+00	-2.127547e+01
1.810000e-06	-1.363564e-07	-2.521254e-10	-9.460269e-01	-2.021269e+01
1.820000e-06	-8.942033e-08	-2.333495e-10	-6.203893e-01	-1.912777e+01
1.830000e-06	-4.247518e-08	-2.188813e-10	-2.946885e-01	-1.802103e+01
1.840000e-06	4.452950e-09	-2.058977e-10	3.089412e-02	-1.689287e+01
1.850000e-06	5.140599e-08	-1.951157e-10	3.566496e-01	-1.574380e+01
1.860000e-06	9.832278e-08	-1.821990e-10	6.821536e-01	-1.457442e+01
1.870000e-06	1.451786e-07	-1.662692e-10	1.007235e+00	-1.338541e+01
1.880000e-06	1.920642e-07	-1.488479e-10	1.332522e+00	-1.217756e+01
1.890000e-06	2.389500e-07	-1.305503e-10	1.657811e+00	-1.095176e+01
1.900000e-06	2.858615e-07	-1.137448e-10	1.983278e+00	-9.708965e+00
1.910000e-06	3.327324e-07	-9.603801e-11	2.308464e+00	-8.450236e+00
1.920000e-06	3.794901e-07	-7.912077e-11	2.632864e+00	-7.176704e+00
1.930000e-06	4.262616e-07	-6.359722e-11	2.957361e+00	-5.889578e+00
1.940000e-06	4.730591e-07	-4.791796e-11	3.282037e+00	-4.590138e+00
1.950000e-06	5.198210e-07	-3.335404e-11	3.606466e+00	-3.279727e+00
1.960000e-06	5.664946e-07	-1.957420e-11	3.930283e+00	-1.959746e+00
1.970000e-06	6.131331e-07	-4.535863e-12	4.253856e+00	-6.316454e-01
1.980000e-06	6.597421e-07	1.244651e-11	4.577225e+00	7.030819e-01
1.990000e-06	7.062633e-07	3.209004e-11	4.899984e+00	2.042908e+00
2.000000e-06	7.527260e-07	5.296279e-11	5.222337e+00	3.386280e+00
2.010000e-06	7.991233e-07	7.418498e-11	5.544238e+00	4.731624e+00
2.020000e-06	8.454684e-07	9.443057e-11	5.865775e+00	6.077362e+00
2.030000e-06	8.917861e-07	1.122912e-10	6.187122e+00	7.421910e+00
2.040000e-06	9.379612e-07	1.277352e-10	6.507481e+00	8.763697e+00
2.050000e-06	9.840310e-07	1.418704e-10	6.827108e+00	1.010116e+01
2.060000e-06	1.030116e-06	1.580763e-10	7.146838e+00	1.143278e+01
2.070000e-06	1.076150e-06	1.787925e-10	7.466221e+00	1.275705e+01
2.080000e-06	1.122108e-06	1.991955e-10	7.785072e+00	1.407252e+01
2.090000e-06	1.168032e-06	2.169685e-10	8.103687e+00	1.537777e+01
2.100000e-06	1.213892e-06	2.337180e-10	8.421864e+00	1.667147e+01
2.110000e-06	1.259602e-06	2.510945e-10	8.738992e+00	1.795232e+01
2.120000e-06	1.305121e-06	2.697260e-10	9.054802e+00	1.921910e+01
2.130000e-06	1.350562e-06	2.885045e-10	9.370063e+00	2.047067e+01
2.140000e-06	1.395975e-06	3.054714e-10	9.685135e+00	2.170597e+01
2.150000e-06	1.441386e-06	3.209046e-10	1.000019e+01	2.292403e+01
2.160000e-06	1.486750e-06	3.368175e-10	1.031492e+01	2.412394e+01
2.170000e-06	1.531946e-06	3.543976e-10	1.062849e+01	2.530493e+01
2.180000e-06	1.577005e-06	3.707330e-10	1.094110e+01	2.646627e+01
2.190000e-06	1.621857e-06	3.859800e-10	1.125228e+01	2.760736e+01
2.200000e-06	1.666533e-06	4.029342e-10	1.156224e+01	2.872769e+01
2.210000e-06	1.711098e-06	4.206831e-10	1.187143e+01	2.982684e+01
2.220000e-06	1.755452e-06	4.380659e-10	1.217915e+01	3.090449e+01
2.230000e-06	1.799621e-06	4.544026e-10	1.248559e+01	3.196040e+01
2.240000e-06	1.843708e-06	4.694431e-10	1.279146e+01	3.299445e+01
2.250000e-06	1.887714e-06	4.826134e-10	1.309677e+01	3.400657e+01
2.260000e-06	1.931636e-06	4.947179e-10	1.340150e+01	3.499680e+01
2.270000e-06	1.975504e-06	5.062924e-10	1.370585e+01	3.596526e+01
2.280000e-06	2.019308e-06	5.175075e-10	1.400976e+01	3.691215e+01
2.290000e-06	2.063052e-06	5.296431e-10	1.431325e+01	3.783771e+01
2.300000e-06	2.106771e-06	5.434799e-10	1.461656e+01	3.874228e+01
2.310000e-06	2.150478e-06	5.578199e-10	1.491980e+01	3.962625e+01
2.320000e-06	2.194069e-06	5.726584e-10	1.522223e+01	4.049004e+01
2.330000e-06	2.237538e-06	5.859670e-10	1.552381e+01	4.133416e+01
2.340000e-06	2.280897e-06	5.975755e-10	1.582463e+01	4.215912e+01
2.350000e-06	2.324115e-06	6.078501e-10	1.612447e+01	4.296547e+01
2.360000e-06	2.367155e-06	6.175129e-10	1.642308e+01	4.375380e+01
2.370000e-06	2.409894e-06	6.276443e-10	1.671960e+01	4.452471e+01
2.380000e-06	2.452304e-06	6.379467e-10	1.701384e+01	4.527880e+01
2.390000e-06	2.494416e-06	6.500562e-10	1.730601e+01	4.601669e+01
2.400000e-06	2.536238e-06	6.637072e-10	1.759616e+01	4.673900e+01
2.410000e-06	2.577733e-06	6.772010e-10	1.788405e+01	4.744633e+01
2.420000e-06	2.618914e-06	6.905758e-10	1.816976e+01	4.813926e+01
2.430000e-06	2.659810e-06	7.020033e-10	1.845349e+01	4.881838e+01
2.440000e-06	2.700415e-06	7.118600e-10	1.873521e+01	4.948422e+01
2.450000e-06	2.740803e-06	7.222962e-10	1.901542e+01	5.013730e+01
2.460000e-06	2.781050e-06	7.315805e-10	1.929465e+01	5.077811e+01
2.470000e-06	2.821067e-06	7.383018e-10	1.957228e+01	5.140708e+01
2.480000e-06	2.860858e-06	7.445201e-10	1.984834e+01	5.202463e+01
2.490000e-06	2.900551e-06	7.530346e-10	2.012373e+01	5.263112e+01
2.500000e-06	2.940137e-06	7.641415e-10	2.039837e+01	5.322687e+01
2.510000e-06	2.979611e-06	7.757848e-10	2.067224e+01	5.381215e+01
2.520000e-06	3.018967e-06	7.864057e-10	2.094529e+01	5.438718e+01
2.530000e-06	3.058123e-06	7.957856e-10	2.121695e+01	5.495216e+01
2.540000e-06	3.097044e-06	8.021461e-10	2.148698e+01	5.550720e+01
2.550000e-06	3.135644e-06	8.051381e-10	2.175479e+01	5.605242e+01
2.560000e-06	3.173965e-06	8.080595e-10	2.202065e+01	5.658785e+01
2.570000e-06	3.212147e-06	8.127953e-10	2.228555e+01	5.711350e+01
2.580000e-06	3.250078e-06	8.180137e-10	2.254872e+01	5.762936e+01
2.590000e-06	3.287695e-06	8.245038e-10	2.280970e+01	5.813535e+01
2.600000e-06	3.325168e-06	8.338509e-10	2.306969e+01	5.863138e+01
2.610000e-06	3.362554e-06	8.450220e-10	2.332906e+01	5.911734e+01
2.620000e-06	3.399658e-06	8.555309e-10	2.358649e+01	5.959308e+01
2.630000e-06	3.436422e-06	8.622283e-10	2.384155e+01	6.005845e+01
2.640000e-06	3.472961e-06	8.655438e-10	2.409505e+01	6.051327e+01
2.650000e-06	3.509296e-06	8.685486e-10	2.434714e+01	6.095736e+01
2.660000e-06	3.545380e-06	8.715470e-10	2.459749e+01	6.139055e+01
2.670000e-06	3.581274e-06	8.760295e-10	2.484652e+01	6.181264e+01
2.680000e-06	3.617049e-06	8.816484e-10	2.509472e+01	6.222347e+01
2.690000e-06	3.652710e-06	8.892466e-10	2.534213e+01	6.262286e+01
2.700000e-06	3.688262e-06	8.985057e-10	2.558879e+01	6.301067e+01
2.710000e-06	3.723600e-06	9.065703e-10	2.583397e+01	6.338677e+01
2.720000e-06	3.758647e-06	9.145764e-10	2.607711e+01	6.375104e+01
2.730000e-06	3.793385e-06	9.213548e-10	2.631812e+01	6.410342e+01
2.740000e-06	3.827721e-06	9.242849e-10	2.655634e+01	6.444384e+01
2.750000e-06	3.861584e-06	9.253321e-10	2.679129e+01	6.477231e+01
2.760000e-06	3.894914e-06	9.267298e-10	2.702252e+01	6.508884e+01
2.770000e-06	3.927684e-06	9.297228e-10	2.724987e+01	6.539348e+01
2.780000e-06	3.960064e-06	9.356928e-10	2.747452e+01	6.568634e+01
2.790000e-06	3.992149e-06	9.427414e-10	2.769713e+01	6.596756e+01
2.800000e-06	4.024057e-06	9.491993e-10	2.791851e+01	6.623732e+01
2.810000e-06	4.055867e-06	9.545079e-10	2.813920e+01	6.649584e+01
2.820000e-06	4.087503e-06	9.603261e-10	2.835868e+01	6.674340e+01
2.830000e-06	4.118914e-06	9.651217e-10	2.857661e+01	6.698028e+01
2.840000e-06	4.150051e-06	9.684302e-10	2.879264e+01	6.720685e+01
2.850000e-06	4.180943e-06	9.716177e-10	2.900696e+01	6.742347e+01
2.860000e-06	4.211547e-06	9.739317e-10	2.921929e+01	6.763057e+01
2.870000e-06	4.241830e-06	9.751584e-10	2.942939e+01	6.782860e+01
2.880000e-06	4.271862e-06	9.781946e-10	2.963775e+01	6.801802e+01
2.890000e-06	4.301678e-06	9.815588e-10	2.984461e+01	6.819934e+01
2.900000e-06	4.331218e-06	9.862166e-10	3.004956e+01	6.837309e+01
2.910000e-06	4.360376e-06	9.930304e-10	3.025185e+01	6.853981e+01
2.920000e-06	4.389123e-06	1.000129e-09	3.045129e+01	6.870004e+01
2.930000e-06	4.417534e-06	1.004926e-09	3.064841e+01	6.885436e+01
2.940000e-06	4.445742e-06	1.006804e-09	3.084411e+01	6.900333e+01
2.950000e-06	4.473755e-06	1.010736e-09	3.103846e+01	6.914752e+01
2.960000e-06	4.501576e-06	1.016704e-09	3.123148e+01	6.928748e+01
2.970000e-06	4.529275e-06	1.022553e-09	3.142366e+01	6.942378e+01
2.980000e-06	4.556778e-06	1.026136e-09	3.161447e+01	6.955695e+01
2.990000e-06	4.583946e-06	1.025737e-09	3.180296e+01	6.968752e+01
3.000000e-06	4.610669e-06	1.024192e-09	3.198836e+01	6.981597e+01
3.010000e-06	4.636910e-06	1.024703e-09	3.217042e+01	6.994278e+01
3.020000e-06	4.662631e-06	1.028087e-09	3.234886e+01	7.006839e+01
3.030000e-06	4.687744e-06	1.033989e-09	3.252310e+01	7.019321e+01
3.040000e-06	4.712318e-06	1.039486e-09	3.269359e+01	7.031760e+01
3.050000e-06	4.736500e-06	1.043481e-09	3.286136e+01	7.044191e+01
3.060000e-06	4.760390e-06	1.045086e-09	3.302711e+01	7.056641e+01
3.070000e-06	4.784063e-06	1.044422e-09	3.319135e+01	7.069136e+01
3.080000e-06	4.807538e-06	1.042103e-09	3.335422e+01	7.081696e+01
3.090000e-06	4.830730e-06	1.041504e-09	3.351512e+01	7.094336e+01
3.100000e-06	4.853511e-06	1.043454e-09	3.367317e+01	7.107068e+01
3.110000e-06	4.875903e-06	1.046720e-09	3.382852e+01	7.119897e+01
3.120000e-06	4.897958e-06	1.050017e-09	3.398154e+01	7.132827e+01
3.130000e-06	4.919735e-06	1.054538e-09	3.413263e+01	7.145853e+01
3.140000e-06	4.941240e-06	1.058586e-09	3.428183e+01	7.158970e+01
3.150000e-06	4.962393e-06	1.060412e-09	3.442858e+01	7.172167e+01
3.160000e-06	4.983094e-06	1.061617e-09	3.457221e+01	7.185428e+01
3.170000e-06	5.003374e-06	1.061969e-09	3.471291e+01	7.198735e+01
3.180000e-06	5.023395e-06	1.062573e-09	3.485181e+01	7.212066e+01
3.190000e-06	5.043202e-06	1.063706e-09	3.498923e+01	7.225397e+01
3.200000e-06	5.062817e-06	1.065699e-09	3.512531e+01	7.238699e+01
3.210000e-06	5.082245e-06	1.066616e-09	3.526010e+01	7.251943e+01
3.220000e-06	5.101336e-06	1.068469e-09	3.539256e+01	7.265097e+01
3.230000e-06	5.120076e-06	1.074339e-09	3.552257e+01	7.278128e+01
3.240000e-06	5.138364e-06	1.080020e-09	3.564945e+01	7.291001e+01
3.250000e-06	5.156164e-06	1.081539e-09	3.577295e+01	7.303682e+01
3.260000e-06	5.173588e-06	1.077063e-09	3.589383e+01	7.316134e+01
3.270000e-06	5.190575e-06	1.070896e-09	3.601169e+01	7.328324e+01
3.280000e-06	5.207282e-06	1.068199e-09	3.612760e+01	7.340217e+01
3.290000e-06	5.223755e-06	1.068134e-09	3.624189e+01	7.351779e+01
3.300000e-06	5.239832e-06	1.070256e-09	3.635343e+01	7.362979e+01
3.310000e-06	5.255476e-06	1.075519e-09	3.646196e+01	7.373785e+01
3.320000e-06	5.270636e-06	1.080959e-09	3.656714e+01	7.384171e+01
3.330000e-06	5.285300e-06	1.082657e-09	3.666888e+01	7.394110e+01
3.340000e-06	5.299600e-06	1.081937e-09	3.676809e+01	7.403580e+01
3.350000e-06	5.313556e-06	1.079922e-09	3.686492e+01	7.412560e+01
3.360000e-06	5.327137e-06	1.077361e-09	3.695914e+01	7.421034e+01
3.370000e-06	5.340308e-06	1.076431e-09	3.705052e+01	7.428988e+01
3.380000e-06	5.353024e-06	1.078233e-09	3.713875e+01	7.436412e+01
3.390000e-06	5.365357e-06	1.080995e-09	3.722431e+01	7.443301e+01
3.400000e-06	5.377331e-06	1.082099e-09	3.730738e+01	7.449650e+01
3.410000e-06	5.388925e-06	1.083015e-09	3.738782e+01	7.455462e+01
3.420000e-06	5.400120e-06	1.084570e-09	3.746549e+01	7.460740e+01
3.430000e-06	5.410801e-06	1.085652e-09	3.753960e+01	7.465493e+01
3.440000e-06	5.420871e-06	1.087730e-09	3.760946e+01	7.469734e+01
3.450000e-06	5.430411e-06	1.091219e-09	3.767564e+01	7.473476e+01
3.460000e-06	5.439364e-06	1.093997e-09	3.773776e+01	7.476738e+01
3.470000e-06	5.447723e-06	1.093466e-09	3.779576e+01	7.479542e+01
3.480000e-06	5.455710e-06	1.091538e-09	3.785117e+01	7.481911e+01
3.490000e-06	5.463488e-06	1.090426e-09	3.790513e+01	7.483873e+01
3.500000e-06	5.471008e-06	1.090428e-09	3.795731e+01	7.485455e+01
3.510000e-06	5.478210e-06	1.093570e-09	3.800727e+01	7.486689e+01
3.520000e-06	5.485114e-06	1.099081e-09	3.805517e+01	7.487607e+01
3.530000e-06	5.491631e-06	1.103328e-09	3.810039e+01	7.488242e+01
3.540000e-06	5.497696e-06	1.104293e-09	3.814246e+01	7.488630e+01
3.550000e-06	5.503389e-06	1.104805e-09	3.818196e+01	7.488804e+01
3.560000e-06	5.508708e-06	1.104843e-09	3.821887e+01	7.488800e+01
3.570000e-06	5.513589e-06	1.103656e-09	3.825273e+01	7.488654e+01
3.580000e-06	5.518071e-06	1.103677e-09	3.828382e+01	7.488399e+01
3.590000e-06	5.522184e-06	1.103060e-09	3.831236e+01	7.488071e+01
3.600000e-06	5.526052e-06	1.101445e-09	3.833919e+01	7.487700e+01
3.610000e-06	5.529749e-06	1.102947e-09	3.836485e+01	7.487320e+01
3.620000e-06	5.533199e-06	1.108150e-09	3.838878e+01	7.486958e+01
3.630000e-06	5.536281e-06	1.112595e-09	3.841016e+01	7.486643e+01
3.640000e-06	5.538965e-06	1.116050e-09	3.842878e+01	7.486400e+01
3.650000e-06	5.540999e-06	1.119309e-09	3.844289e+01	7.486252e+01
3.660000e-06	5.542331e-06	1.120246e-09	3.845213e+01	7.486218e+01
3.670000e-06	5.543137e-06	1.121201e-09	3.845773e+01	7.486315e+01
3.680000e-06	5.543464e-06	1.120968e-09	3.846000e+01	7.486559e+01
3.690000e-06	5.543433e-06	1.117959e-09	3.845978e+01	7.486959e+01
3.700000e-06	5.543136e-06	1.116101e-09	3.845772e+01	7.487524e+01
3.710000e-06	5.542606e-06	1.116132e-09	3.845405e+01	7.488258e+01
3.720000e-06	5.541720e-06	1.118830e-09	3.844790e+01	7.489164e+01
3.730000e-06	5.540474e-06	1.124499e-09	3.843925e+01	7.490238e+01
3.740000e-06	5.538849e-06	1.128538e-09	3.842798e+01	7.491477e+01
3.750000e-06	5.536846e-06	1.126874e-09	3.841408e+01	7.492872e+01
3.760000e-06	5.534530e-06	1.118983e-09	3.839802e+01	7.494412e+01
3.770000e-06	5.531800e-06	1.146178e-09	3.837907e+01	7.496083e+01
3.780000e-06	5.528694e-06	1.173950e-09	3.835753e+01	7.497868e+01
3.790000e-06	5.525165e-06	1.078008e-09	3.833304e+01	7.499749e+01
3.800000e-06	5.521129e-06	1.048420e-09	3.830504e+01	7.501704e+01
3.810000e-06	5.516835e-06	1.165096e-09	3.827525e+01	7.503710e+01
3.820000e-06	5.512386e-06	1.195216e-09	3.824438e+01	7.505740e+01
3.830000e-06	5.507649e-06	1.161329e-09	3.821152e+01	7.507767e+01
3.840000e-06	5.502475e-06	1.091843e-09	3.817562e+01	7.509763e+01
3.850000e-06	5.496575e-06	1.192629e-09	3.813468e+01	7.511697e+01
3.860000e-06	5.490154e-06	1.274063e-09	3.809014e+01	7.513540e+01
3.870000e-06	5.483591e-06	1.123941e-09	3.804460e+01	7.515259e+01
3.880000e-06	5.476596e-06	1.041510e-09	3.799607e+01	7.516822e+01
3.890000e-06	5.468886e-06	1.188914e-09	3.794258e+01	7.518198e+01
3.900000e-06	5.460713e-06	1.327576e-09	3.788588e+01	7.519354e+01
3.910000e-06	5.452383e-06	1.141206e-09	3.782809e+01	7.520258e+01
3.920000e-06	5.443707e-06	1.038154e-09	3.776789e+01	7.520879e+01
3.930000e-06	5.434547e-06	1.189984e-09	3.770434e+01	7.521187e+01
3.940000e-06	5.425133e-06	1.287339e-09	3.763903e+01	7.521153e+01
3.950000e-06	5.415459e-06	1.121008e-09	3.757191e+01	7.520746e+01
3.960000e-06	5.405224e-06	1.074751e-09	3.750090e+01	7.519942e+01
3.970000e-06	5.394520e-06	1.233217e-09	3.742664e+01	7.518713e+01
3.980000e-06	5.383642e-06	1.252505e-09	3.735117e+01	7.517036e+01
3.990000e-06	5.372449e-06	1.121954e-09	3.727351e+01	7.514889e+01
4.000000e-06	5.360653e-06	1.114111e-09	3.719167e+01	7.512250e+01
4.010000e-06	5.348373e-06	1.209721e-09	3.710647e+01	7.509102e+01
4.020000e-06	5.335837e-06	1.190850e-09	3.701950e+01	7.505428e+01
4.030000e-06	5.322740e-06	1.113244e-09	3.692864e+01	7.501212e+01
4.040000e-06	5.309021e-06	1.124655e-09	3.683346e+01	7.496444e+01
4.050000e-06	5.295033e-06	1.212224e-09	3.673641e+01	7.491111e+01
4.060000e-06	5.280703e-06	1.192274e-09	3.663699e+01	7.485206e+01
4.070000e-06	5.265628e-06	1.084393e-09	3.653240e+01	7.478722e+01
4.080000e-06	5.249861e-06	1.082528e-09	3.642301e+01	7.471655e+01
4.090000e-06	5.233796e-06	1.230164e-09	3.631155e+01	7.464002e+01
4.100000e-06	5.217412e-06	1.203061e-09	3.619788e+01	7.455763e+01
4.110000e-06	5.200596e-06	1.051452e-09	3.608121e+01	7.446939e+01
4.120000e-06	5.183567e-06	1.120458e-09	3.596306e+01	7.437533e+01
4.130000e-06	5.166410e-06	1.273981e-09	3.584404e+01	7.427551e+01
4.140000e-06	5.148789e-06	1.127939e-09	3.572178e+01	7.416998e+01
4.150000e-06	5.130685e-06	1.045539e-09	3.559618e+01	7.405883e+01
4.160000e-06	5.112365e-06	1.240055e-09	3.546908e+01	7.394215e+01
4.170000e-06	5.093744e-06	1.219131e-09	3.533988e+01	7.382004e+01
4.180000e-06	5.074613e-06	1.017586e-09	3.520716e+01	7.369264e+01
4.190000e-06	5.055181e-06	1.155399e-09	3.507234e+01	7.356006e+01
4.200000e-06	5.035481e-06	1.270647e-09	3.493566e+01	7.342245e+01
4.210000e-06	5.015431e-06	1.052062e-09	3.479656e+01	7.327996e+01
4.220000e-06	4.995221e-06	1.066131e-09	3.465634e+01	7.313275e+01
4.230000e-06	4.974817e-06	1.268845e-09	3.451478e+01	7.298098e+01
4.240000e-06	4.953982e-06	1.125035e-09	3.437023e+01	7.282483e+01
4.250000e-06	4.932684e-06	1.029812e-09	3.422247e+01	7.266448e+01
4.260000e-06	4.911035e-06	1.238810e-09	3.407227e+01	7.250011e+01
4.270000e-06	4.888764e-06	1.184025e-09	3.391775e+01	7.233190e+01
4.280000e-06	4.865742e-06	1.011870e-09	3.375803e+01	7.216005e+01
4.290000e-06	4.842339e-06	1.171820e-09	3.359566e+01	7.198474e+01
4.300000e-06	4.818671e-06	1.226896e-09	3.343146e+01	7.180617e+01
4.310000e-06	4.794669e-06	1.035736e-09	3.326493e+01	7.162454e+01
4.320000e-06	4.770440e-06	1.099638e-09	3.309684e+01	7.144003e+01
4.330000e-06	4.745951e-06	1.217682e-09	3.292693e+01	7.125284e+01
4.340000e-06	4.721139e-06	1.099463e-09	3.275479e+01	7.106316e+01
4.350000e-06	4.695995e-06	1.087893e-09	3.258034e+01	7.087118e+01
4.360000e-06	4.670551e-06	1.198109e-09	3.240381e+01	7.067709e+01
4.370000e-06	4.644759e-06	1.122732e-09	3.222487e+01	7.048105e+01
4.380000e-06	4.618608e-06	1.071254e-09	3.204344e+01	7.028326e+01
4.390000e-06	4.592190e-06	1.149848e-09	3.186015e+01	7.008389e+01
4.400000e-06	4.565410e-06	1.132408e-09	3.167436e+01	6.988309e+01
4.410000e-06	4.538332e-06	1.073198e-09	3.148649e+01	6.968103e+01
4.420000e-06	4.510979e-06	1.118651e-09	3.129672e+01	6.947787e+01
4.430000e-06	4.483273e-06	1.130177e-09	3.110450e+01	6.927373e+01
4.440000e-06	4.455281e-06	1.091999e-09	3.091029e+01	6.906877e+01
4.450000e-06	4.427091e-06	1.109694e-09	3.071472e+01	6.886309e+01
4.460000e-06	4.398746e-06	1.125976e-09	3.051806e+01	6.865683e+01
4.470000e-06	4.370168e-06	1.089026e-09	3.031979e+01	6.845007e+01
4.480000e-06	4.341312e-06	1.087611e-09	3.011958e+01	6.824290e+01
4.490000e-06	4.312132e-06	1.107859e-09	2.991714e+01	6.803541e+01
4.500000e-06	4.282477e-06	1.083476e-09	2.971140e+01	6.782765e+01
4.510000e-06	4.252293e-06	1.066700e-09	2.950198e+01	6.761967e+01
4.520000e-06	4.221565e-06	1.087867e-09	2.928879e+01	6.741151e+01
4.530000e-06	4.190323e-06	1.080198e-09	2.907204e+01	6.720318e+01
4.540000e-06	4.158780e-06	1.060450e-09	2.885320e+01	6.699467e+01
4.550000e-06	4.126993e-06	1.083510e-09	2.863266e+01	6.678597e+01
4.560000e-06	4.094962e-06	1.085735e-09	2.841043e+01	6.657705e+01
4.570000e-06	4.062719e-06	1.052908e-09	2.818674e+01	6.636784e+01
4.580000e-06	4.030312e-06	1.059462e-09	2.796190e+01	6.615828e+01
4.590000e-06	3.997705e-06	1.075022e-09	2.773568e+01	6.594826e+01
4.600000e-06	3.964822e-06	1.043644e-09	2.750754e+01	6.573769e+01
4.610000e-06	3.931664e-06	1.036322e-09	2.727749e+01	6.552643e+01
4.620000e-06	3.898164e-06	1.056723e-09	2.704507e+01	6.531433e+01
4.630000e-06	3.864315e-06	1.041673e-09	2.681023e+01	6.510122e+01
4.640000e-06	3.830257e-06	1.021942e-09	2.657394e+01	6.488693e+01
4.650000e-06	3.796047e-06	1.038336e-09	2.633659e+01	6.467124e+01
4.660000e-06	3.761610e-06	1.034394e-09	2.609768e+01	6.445393e+01
4.670000e-06	3.726971e-06	1.014456e-09	2.585735e+01	6.423479e+01
4.680000e-06	3.692027e-06	1.022018e-09	2.561491e+01	6.401355e+01
4.690000e-06	3.656726e-06	1.031191e-09	2.537000e+01	6.378995e+01
4.700000e-06	3.621173e-06	1.010197e-09	2.512334e+01	6.356373e+01
4.710000e-06	3.585352e-06	1.003913e-09	2.487481e+01	6.333459e+01
4.720000e-06	3.549339e-06	1.016616e-09	2.462496e+01	6.310225e+01
4.730000e-06	3.513256e-06	1.009999e-09	2.437462e+01	6.286640e+01
4.740000e-06	3.477068e-06	1.000142e-09	2.412355e+01	6.262675e+01
4.750000e-06	3.440699e-06	1.011448e-09	2.387122e+01	6.238299e+01
4.760000e-06	3.404172e-06	1.009789e-09	2.361781e+01	6.213480e+01
4.770000e-06	3.367403e-06	9.920745e-10	2.336270e+01	6.188189e+01
4.780000e-06	3.330245e-06	9.920860e-10	2.310490e+01	6.162395e+01
4.790000e-06	3.292640e-06	9.949358e-10	2.284401e+01	6.136068e+01
4.800000e-06	3.254703e-06	9.835486e-10	2.258080e+01	6.109180e+01
4.810000e-06	3.216404e-06	9.812117e-10	2.231509e+01	6.081702e+01
4.820000e-06	3.177536e-06	9.850450e-10	2.204543e+01	6.053607e+01
4.830000e-06	3.138325e-06	9.750270e-10	2.177339e+01	6.024870e+01
4.840000e-06	3.098879e-06	9.664272e-10	2.149971e+01	5.995468e+01
4.850000e-06	3.059182e-06	9.681039e-10	2.122430e+01	5.965377e+01
4.860000e-06	3.019272e-06	9.635958e-10	2.094741e+01	5.934578e+01
4.870000e-06	2.979215e-06	9.543079e-10	2.066949e+01	5.903052e+01
4.880000e-06	2.939069e-06	9.522659e-10	2.039096e+01	5.870782e+01
4.890000e-06	2.898800e-06	9.474719e-10	2.011158e+01	5.837756e+01
4.900000e-06	2.858439e-06	9.386809e-10	1.983156e+01	5.803961e+01
4.910000e-06	2.817963e-06	9.339732e-10	1.955074e+01	5.769387e+01
4.920000e-06	2.777362e-06	9.317587e-10	1.926906e+01	5.734028e+01
4.930000e-06	2.736573e-06	9.242388e-10	1.898607e+01	5.697879e+01
4.940000e-06	2.695549e-06	9.212086e-10	1.870145e+01	5.660937e+01
4.950000e-06	2.654311e-06	9.214305e-10	1.841534e+01	5.623201e+01
4.960000e-06	2.612848e-06	9.185002e-10	1.812768e+01	5.584674e+01
4.970000e-06	2.571258e-06	9.121434e-10	1.783913e+01	5.545359e+01
4.980000e-06	2.529511e-06	9.086605e-10	1.754950e+01	5.505262e+01
4.990000e-06	2.487603e-06	9.029001e-10	1.725874e+01	5.464389e+01
5.000000e-06	2.445515e-06	8.940393e-10	1.696674e+01	5.422749e+01
5.010000e-06	2.403228e-06	8.876250e-10	1.667336e+01	5.380351e+01
5.020000e-06	2.360796e-06	8.833756e-10	1.637897e+01	5.337207e+01
5.030000e-06	2.318201e-06	8.786283e-10	1.608345e+01	5.293326e+01
5.040000e-06	2.275434e-06	8.766802e-10	1.578673e+01	5.248721e+01
5.050000e-06	2.232503e-06	8.758893e-10	1.548888e+01	5.203402e+01
5.060000e-06	2.189388e-06	8.714724e-10	1.518975e+01	5.157380e+01
5.070000e-06	2.146054e-06	8.662094e-10	1.488911e+01	5.110665e+01
5.080000e-06	2.102606e-06	8.606863e-10	1.458767e+01	5.063267e+01
5.090000e-06	2.059047e-06	8.503177e-10	1.428546e+01	5.015192e+01
5.100000e-06	2.015378e-06	8.377689e-10	1.398249e+01	4.966447e+01
5.110000e-06	1.971604e-06	8.297679e-10	1.367879e+01	4.917036e+01
5.120000e-06	1.927754e-06	8.225772e-10	1.337456e+01	4.866959e+01
5.130000e-06	1.883821e-06	8.163363e-10	1.306976e+01	4.816215e+01
5.140000e-06	1.839792e-06	8.137937e-10	1.276429e+01	4.764800e+01
5.150000e-06	1.795698e-06	8.113082e-10	1.245837e+01	4.712706e+01
5.160000e-06	1.751527e-06	8.031691e-10	1.215192e+01	4.659921e+01
5.170000e-06	1.707296e-06	7.929387e-10	1.184505e+01	4.606430e+01
5.180000e-06	1.662960e-06	7.798076e-10	1.153745e+01	4.552214e+01
5.190000e-06	1.618505e-06	7.669788e-10	1.122902e+01	4.497249e+01
5.200000e-06	1.573997e-06	7.558481e-10	1.092023e+01	4.441509e+01
5.210000e-06	1.529471e-06	7.456073e-10	1.061132e+01	4.384961e+01
5.220000e-06	1.484817e-06	7.363001e-10	1.030151e+01	4.327569e+01
5.230000e-06	1.439991e-06	7.290162e-10	9.990512e+00	4.269294e+01
5.240000e-06	1.395082e-06	7.231397e-10	9.678937e+00	4.210090e+01
5.250000e-06	1.350067e-06	7.139566e-10	9.366633e+00	4.149910e+01
5.260000e-06	1.304909e-06	7.021275e-10	9.053327e+00	4.088701e+01
5.270000e-06	1.259682e-06	6.902455e-10	8.739551e+00	4.026408e+01
5.280000e-06	1.214497e-06	6.799958e-10	8.426061e+00	3.962971e+01
5.290000e-06	1.169225e-06	6.683534e-10	8.111962e+00	3.898328e+01
5.300000e-06	1.123689e-06	6.558926e-10	7.796042e+00	3.832416e+01
5.310000e-06	1.077982e-06	6.461941e-10	7.478933e+00	3.765166e+01
5.320000e-06	1.032207e-06	6.366988e-10	7.161347e+00	3.696512e+01
5.330000e-06	9.862364e-07	6.243367e-10	6.842409e+00	3.626382e+01
5.340000e-06	9.401812e-07	6.131390e-10	6.522883e+00	3.554708e+01
5.350000e-06	8.941775e-07	6.027312e-10	6.203714e+00	3.481419e+01
5.360000e-06	8.480873e-07	5.911178e-10	5.883944e+00	3.406445e+01
5.370000e-06	8.019533e-07	5.788106e-10	5.563872e+00	3.329718e+01
5.380000e-06	7.557778e-07	5.659423e-10	5.243510e+00	3.251171e+01
5.390000e-06	7.095196e-07	5.492540e-10	4.922576e+00	3.170740e+01
5.400000e-06	6.631953e-07	5.319858e-10	4.601183e+00	3.088364e+01
5.410000e-06	6.168481e-07	5.202867e-10	4.279630e+00	3.003986e+01
5.420000e-06	5.704177e-07	5.081467e-10	3.957501e+00	2.917553e+01
5.430000e-06	5.238738e-07	4.944207e-10	3.634584e+00	2.829017e+01
5.440000e-06	4.774037e-07	4.829548e-10	3.312179e+00	2.738337e+01
5.450000e-06	4.309207e-07	4.731903e-10	2.989684e+00	2.645476e+01
5.460000e-06	3.843556e-07	4.573702e-10	2.666620e+00	2.550406e+01
5.470000e-06	3.377648e-07	4.387743e-10	2.343378e+00	2.453105e+01
5.480000e-06	2.911295e-07	4.215019e-10	2.019827e+00	2.353559e+01
5.490000e-06	2.444143e-07	4.051466e-10	1.695722e+00	2.251763e+01
5.500000e-06	1.976901e-07	3.912542e-10	1.371554e+00	2.147721e+01
5.510000e-06	1.510567e-07	3.793536e-10	1.048017e+00	2.041444e+01
5.520000e-06	1.044927e-07	3.647228e-10	7.249597e-01	1.932954e+01
5.530000e-06	5.792415e-08	3.467588e-10	4.018719e-01	1.822281e+01
5.540000e-06	1.135211e-08	3.294399e-10	7.875979e-02	1.709468e+01
5.550000e-06	-3.520341e-08	3.117468e-10	-2.442377e-01	1.594562e+01
5.560000e-06	-8.186708e-08	2.923984e-10	-5.679856e-01	1.477626e+01
5.570000e-06	-1.285458e-07	2.730356e-10	-8.918381e-01	1.358726e+01
5.580000e-06	-1.751409e-07	2.557684e-10	-1.215110e+00	1.237943e+01
5.590000e-06	-2.217127e-07	2.378751e-10	-1.538221e+00	1.115365e+01
5.600000e-06	-2.682654e-07	2.174254e-10	-1.861198e+00	9.910873e+00
5.610000e-06	-3.148045e-07	1.954965e-10	-2.184082e+00	8.652161e+00
5.620000e-06	-3.613490e-07	1.723538e-10	-2.507003e+00	7.378646e+00
5.630000e-06	-4.078604e-07	1.497801e-10	-2.829694e+00	6.091538e+00
5.640000e-06	-4.543713e-07	1.302803e-10	-3.152382e+00	4.792116e+00
5.650000e-06	-5.008791e-07	1.109649e-10	-3.475049e+00	3.481722e+00
5.660000e-06	-5.473727e-07	9.004348e-11	-3.797617e+00	2.161759e+00
5.670000e-06	-5.937807e-07	6.808005e-11	-4.119591e+00	8.336754e-01
5.680000e-06	-6.400359e-07	4.603620e-11	-4.440505e+00	-5.010344e-01
5.690000e-06	-6.862505e-07	2.261637e-11	-4.761137e+00	-1.840843e+00
5.700000e-06	-7.324535e-07	-1.596601e-12	-5.081689e+00	-3.184197e+00
5.710000e-06	-7.786187e-07	-2.600877e-11	-5.401978e+00	-4.529525e+00
5.720000e-06	-8.247717e-07	-5.039459e-11	-5.722183e+00	-5.875244e+00
5.730000e-06	-8.708904e-07	-7.393370e-11	-6.042150e+00	-7.219775e+00
5.740000e-06	-9.168848e-07	-9.353679e-11	-6.361255e+00	-8.561544e+00
5.750000e-06	-9.627321e-07	-1.104665e-10	-6.679339e+00	-9.898994e+00
5.760000e-06	-1.008403e-06	-1.304751e-10	-6.996202e+00	-1.123059e+01
5.770000e-06	-1.053967e-06	-1.524419e-10	-7.312320e+00	-1.255485e+01
5.780000e-06	-1.099508e-06	-1.753228e-10	-7.628277e+00	-1.387030e+01
5.790000e-06	-1.144941e-06	-1.981791e-10	-7.943483e+00	-1.517553e+01
5.800000e-06	-1.190238e-06	-2.199445e-10	-8.257750e+00	-1.646921e+01
5.810000e-06	-1.235431e-06	-2.424146e-10	-8.571293e+00	-1.775004e+01
5.820000e-06	-1.280525e-06	-2.640769e-10	-8.884151e+00	-1.901680e+01
5.830000e-06	-1.325488e-06	-2.828287e-10	-9.196105e+00	-2.026836e+01
5.840000e-06	-1.370356e-06	-3.005134e-10	-9.507394e+00	-2.150365e+01
5.850000e-06	-1.415216e-06	-3.198001e-10	-9.818624e+00	-2.272168e+01
5.860000e-06	-1.460031e-06	-3.419616e-10	-1.012955e+01	-2.392158e+01
5.870000e-06	-1.504658e-06	-3.652482e-10	-1.043917e+01	-2.510255e+01
5.880000e-06	-1.549081e-06	-3.877579e-10	-1.074737e+01	-2.626387e+01
5.890000e-06	-1.593428e-06	-4.086475e-10	-1.105504e+01	-2.740495e+01
5.900000e-06	-1.637734e-06	-4.272445e-10	-1.136243e+01	-2.852526e+01
5.910000e-06	-1.681977e-06	-4.451029e-10	-1.166938e+01	-2.962439e+01
5.920000e-06	-1.726175e-06	-4.639536e-10	-1.197603e+01	-3.070202e+01
5.930000e-06	-1.770346e-06	-4.823491e-10	-1.228248e+01	-3.175792e+01
5.940000e-06	-1.814482e-06	-5.011136e-10	-1.258869e+01	-3.279194e+01
5.950000e-06	-1.858548e-06	-5.191519e-10	-1.289442e+01	-3.380405e+01
5.960000e-06	-1.902472e-06	-5.351121e-10	-1.319916e+01	-3.479426e+01
5.970000e-06	-1.946349e-06	-5.508841e-10	-1.350358e+01	-3.576271e+01
5.980000e-06	-1.990184e-06	-5.671509e-10	-1.380770e+01	-3.670957e+01
5.990000e-06	-2.033838e-06	-5.833063e-10	-1.411057e+01	-3.763512e+01
6.000000e-06	-2.077375e-06	-5.987023e-10	-1.441262e+01	-3.853967e+01
6.010000e-06	-2.120802e-06	-6.142602e-10	-1.471391e+01	-3.942362e+01
6.020000e-06	-2.164027e-06	-6.297701e-10	-1.501380e+01	-4.028740e+01
6.030000e-06	-2.207048e-06	-6.417177e-10	-1.531228e+01	-4.113150e+01
6.040000e-06	-2.249913e-06	-6.521148e-10	-1.560967e+01	-4.195644e+01
6.050000e-06	-2.292568e-06	-6.653315e-10	-1.590561e+01	-4.276277e+01
6.060000e-06	-2.335005e-06	-6.801804e-10	-1.620003e+01	-4.355109e+01
6.070000e-06	-2.377349e-06	-6.968253e-10	-1.649381e+01	-4.432198e+01
6.080000e-06	-2.419621e-06	-7.109827e-10	-1.678709e+01	-4.507605e+01
6.090000e-06	-2.461743e-06	-7.244851e-10	-1.707932e+01	-4.581393e+01
6.100000e-06	-2.503664e-06	-7.377989e-10	-1.737017e+01	-4.653622e+01
6.110000e-06	-2.545395e-06	-7.496457e-10	-1.765970e+01	-4.724353e+01
6.120000e-06	-2.586982e-06	-7.601919e-10	-1.794822e+01	-4.793644e+01
6.130000e-06	-2.628355e-06	-7.686629e-10	-1.823526e+01	-4.861554e+01
6.140000e-06	-2.669545e-06	-7.757970e-10	-1.852104e+01	-4.928136e+01
6.150000e-06	-2.710575e-06	-7.850749e-10	-1.880570e+01	-4.993443e+01
6.160000e-06	-2.751322e-06	-7.986568e-10	-1.908840e+01	-5.057522e+01
6.170000e-06	-2.791862e-06	-8.127034e-10	-1.936966e+01	-5.120418e+01
6.180000e-06	-2.832283e-06	-8.259483e-10	-1.965009e+01	-5.182171e+01
6.190000e-06	-2.872536e-06	-8.378189e-10	-1.992936e+01	-5.242818e+01
6.200000e-06	-2.912673e-06	-8.453524e-10	-2.020783e+01	-5.302391e+01
6.210000e-06	-2.952759e-06	-8.520132e-10	-2.048594e+01	-5.360917e+01
6.220000e-06	-2.992756e-06	-8.602466e-10	-2.076344e+01	-5.418419e+01
6.230000e-06	-3.032589e-06	-8.699553e-10	-2.103980e+01	-5.474915e+01
6.240000e-06	-3.072215e-06	-8.829548e-10	-2.131472e+01	-5.530418e+01
6.250000e-06	-3.111562e-06	-8.956917e-10	-2.158770e+01	-5.584937e+01
6.260000e-06	-3.150540e-06	-9.049079e-10	-2.185813e+01	-5.638479e+01
6.270000e-06	-3.189183e-06	-9.104682e-10	-2.212623e+01	-5.691042e+01
6.280000e-06	-3.227504e-06	-9.134607e-10	-2.239210e+01	-5.742626e+01
6.290000e-06	-3.265433e-06	-9.160940e-10	-2.265525e+01	-5.793223e+01
6.300000e-06	-3.302915e-06	-9.215424e-10	-2.291529e+01	-5.842825e+01
6.310000e-06	-3.340026e-06	-9.305827e-10	-2.317276e+01	-5.891419e+01
6.320000e-06	-3.376851e-06	-9.406997e-10	-2.342825e+01	-5.938991e+01
6.330000e-06	-3.413454e-06	-9.504223e-10	-2.368220e+01	-5.985526e+01
6.340000e-06	-3.449847e-06	-9.595547e-10	-2.393469e+01	-6.031007e+01
6.350000e-06	-3.486082e-06	-9.651198e-10	-2.418608e+01	-6.075415e+01
6.360000e-06	-3.522177e-06	-9.690064e-10	-2.443651e+01	-6.118731e+01
6.370000e-06	-3.558122e-06	-9.730463e-10	-2.468589e+01	-6.160939e+01
6.380000e-06	-3.593877e-06	-9.766052e-10	-2.493396e+01	-6.202020e+01
6.390000e-06	-3.629416e-06	-9.809249e-10	-2.518053e+01	-6.241957e+01
6.400000e-06	-3.664695e-06	-9.883665e-10	-2.542528e+01	-6.280736e+01
6.410000e-06	-3.699633e-06	-9.979067e-10	-2.566768e+01	-6.318344e+01
6.420000e-06	-3.734269e-06	-1.009491e-09	-2.590798e+01	-6.354770e+01
6.430000e-06	-3.768662e-06	-1.020258e-09	-2.614660e+01	-6.390006e+01
6.440000e-06	-3.802841e-06	-1.027646e-09	-2.638373e+01	-6.424047e+01
6.450000e-06	-3.836738e-06	-1.030088e-09	-2.661891e+01	-6.456892e+01
6.460000e-06	-3.870367e-06	-1.028765e-09	-2.685222e+01	-6.488542e+01
6.470000e-06	-3.903768e-06	-1.029279e-09	-2.708395e+01	-6.519005e+01
6.480000e-06	-3.936821e-06	-1.034593e-09	-2.731327e+01	-6.548289e+01
6.490000e-06	-3.969531e-06	-1.042551e-09	-2.754021e+01	-6.576409e+01
6.500000e-06	-4.002032e-06	-1.050045e-09	-2.776570e+01	-6.603384e+01
6.510000e-06	-4.034330e-06	-1.055454e-09	-2.798978e+01	-6.629234e+01
6.520000e-06	-4.066473e-06	-1.060785e-09	-2.821278e+01	-6.653988e+01
6.530000e-06	-4.098454e-06	-1.063824e-09	-2.843466e+01	-6.677675e+01
6.540000e-06	-4.130165e-06	-1.064843e-09	-2.865467e+01	-6.700330e+01
6.550000e-06	-4.161587e-06	-1.065357e-09	-2.887268e+01	-6.721990e+01
6.560000e-06	-4.192668e-06	-1.065985e-09	-2.908831e+01	-6.742699e+01
6.570000e-06	-4.223276e-06	-1.068845e-09	-2.930066e+01	-6.762499e+01
6.580000e-06	-4.253295e-06	-1.073996e-09	-2.950893e+01	-6.781440e+01
6.590000e-06	-4.282800e-06	-1.080401e-09	-2.971364e+01	-6.799570e+01
6.600000e-06	-4.311936e-06	-1.087555e-09	-2.991578e+01	-6.816943e+01
6.610000e-06	-4.340681e-06	-1.093665e-09	-3.011521e+01	-6.833613e+01
6.620000e-06	-4.369149e-06	-1.096075e-09	-3.031272e+01	-6.849635e+01
6.630000e-06	-4.397466e-06	-1.098771e-09	-3.050918e+01	-6.865065e+01
6.640000e-06	-4.425623e-06	-1.101184e-09	-3.070453e+01	-6.879960e+01
6.650000e-06	-4.453590e-06	-1.101705e-09	-3.089856e+01	-6.894377e+01
6.660000e-06	-4.481261e-06	-1.103283e-09	-3.109054e+01	-6.908372e+01
6.670000e-06	-4.508654e-06	-1.106327e-09	-3.128059e+01	-6.922000e+01
6.680000e-06	-4.535735e-06	-1.110425e-09	-3.146847e+01	-6.935316e+01
6.690000e-06	-4.562369e-06	-1.116935e-09	-3.165326e+01	-6.948370e+01
6.700000e-06	-4.588665e-06	-1.123131e-09	-3.183569e+01	-6.961214e+01
6.710000e-06	-4.614680e-06	-1.127910e-09	-3.201618e+01	-6.973893e+01
6.720000e-06	-4.640350e-06	-1.130436e-09	-3.219429e+01	-6.986452e+01
6.730000e-06	-4.665711e-06	-1.128968e-09	-3.237023e+01	-6.998932e+01
6.740000e-06	-4.690726e-06	-1.123944e-09	-3.254378e+01	-7.011370e+01
6.750000e-06	-4.715412e-06	-1.120193e-09	-3.271505e+01	-7.023799e+01
6.760000e-06	-4.739865e-06	-1.119971e-09	-3.288471e+01	-7.036248e+01
6.770000e-06	-4.764141e-06	-1.124960e-09	-3.305313e+01	-7.048741e+01
6.780000e-06	-4.788243e-06	-1.133260e-09	-3.322035e+01	-7.061299e+01
6.790000e-06	-4.812100e-06	-1.141756e-09	-3.338587e+01	-7.073937e+01
6.800000e-06	-4.835591e-06	-1.144369e-09	-3.354885e+01	-7.086667e+01
6.810000e-06	-4.858603e-06	-1.141131e-09	-3.370850e+01	-7.099495e+01
6.820000e-06	-4.881035e-06	-1.139043e-09	-3.386413e+01	-7.112423e+01
6.830000e-06	-4.902855e-06	-1.138745e-09	-3.401552e+01	-7.125447e+01
6.840000e-06	-4.924203e-06	-1.140694e-09	-3.416363e+01	-7.138563e+01
6.850000e-06	-4.945112e-06	-1.145112e-09	-3.430869e+01	-7.151757e+01
6.860000e-06	-4.965639e-06	-1.147765e-09	-3.445111e+01	-7.165017e+01
6.870000e-06	-4.985928e-06	-1.147942e-09	-3.459187e+01	-7.178322e+01
6.880000e-06	-5.006000e-06	-1.147032e-09	-3.473113e+01	-7.191652e+01
6.890000e-06	-5.025779e-06	-1.144888e-09	-3.486835e+01	-7.204980e+01
6.900000e-06	-5.045214e-06	-1.143865e-09	-3.500319e+01	-7.218281e+01
6.910000e-06	-5.064306e-06	-1.144772e-09	-3.513565e+01	-7.231523e+01
6.920000e-06	-5.083030e-06	-1.145274e-09	-3.526555e+01	-7.244675e+01
6.930000e-06	-5.101415e-06	-1.148963e-09	-3.539311e+01	-7.257704e+01
6.940000e-06	-5.119515e-06	-1.151941e-09	-3.551868e+01	-7.270576e+01
6.950000e-06	-5.137313e-06	-1.152472e-09	-3.564216e+01	-7.283255e+01
6.960000e-06	-5.154712e-06	-1.153377e-09	-3.576287e+01	-7.295706e+01
6.970000e-06	-5.171727e-06	-1.151296e-09	-3.588092e+01	-7.307894e+01
6.980000e-06	-5.188435e-06	-1.153126e-09	-3.599684e+01	-7.319785e+01
6.990000e-06	-5.204882e-06	-1.154965e-09	-3.611095e+01	-7.331345e+01
7.000000e-06	-5.221116e-06	-1.156735e-09	-3.622358e+01	-7.342543e+01
7.010000e-06	-5.237090e-06	-1.157538e-09	-3.633440e+01	-7.353348e+01
7.020000e-06	-5.252759e-06	-1.158523e-09	-3.644311e+01	-7.363732e+01
7.030000e-06	-5.267882e-06	-1.160065e-09	-3.654804e+01	-7.373670e+01
7.040000e-06	-5.282236e-06	-1.160691e-09	-3.664762e+01	-7.383137e+01
7.050000e-06	-5.295973e-06	-1.160977e-09	-3.674293e+01	-7.392116e+01
7.060000e-06	-5.309208e-06	-1.159132e-09	-3.683475e+01	-7.400588e+01
7.070000e-06	-5.321965e-06	-1.158779e-09	-3.692326e+01	-7.408540e+01
7.080000e-06	-5.334335e-06	-1.160547e-09	-3.700908e+01	-7.415963e+01
7.090000e-06	-5.346293e-06	-1.162501e-09	-3.709204e+01	-7.422849e+01
7.100000e-06	-5.357833e-06	-1.164933e-09	-3.717211e+01	-7.429197e+01
7.110000e-06	-5.369043e-06	-1.166282e-09	-3.724988e+01	-7.435007e+01
7.120000e-06	-5.379976e-06	-1.165971e-09	-3.732573e+01	-7.440283e+01
7.130000e-06	-5.390525e-06	-1.165117e-09	-3.739892e+01	-7.445035e+01
7.140000e-06	-5.400713e-06	-1.166218e-09	-3.746960e+01	-7.449274e+01
7.150000e-06	-5.410555e-06	-1.165807e-09	-3.753789e+01	-7.453014e+01
7.160000e-06	-5.419896e-06	-1.163841e-09	-3.760269e+01	-7.456275e+01
7.170000e-06	-5.428863e-06	-1.167233e-09	-3.766491e+01	-7.459077e+01
7.180000e-06	-5.437527e-06	-1.171057e-09	-3.772502e+01	-7.461444e+01
7.190000e-06	-5.445893e-06	-1.172669e-09	-3.778306e+01	-7.463404e+01
7.200000e-06	-5.454036e-06	-1.175905e-09	-3.783955e+01	-7.464985e+01
7.210000e-06	-5.461884e-06	-1.178187e-09	-3.789400e+01	-7.466217e+01
7.220000e-06	-5.469312e-06	-1.175898e-09	-3.794554e+01	-7.467133e+01
7.230000e-06	-5.476310e-06	-1.173670e-09	-3.799409e+01	-7.467767e+01
7.240000e-06	-5.482772e-06	-1.175259e-09	-3.803892e+01	-7.468152e+01
7.250000e-06	-5.488676e-06	-1.177642e-09	-3.807988e+01	-7.468324e+01
7.260000e-06	-5.493985e-06	-1.177940e-09	-3.811672e+01	-7.468319e+01
7.270000e-06	-5.498712e-06	-1.177624e-09	-3.814951e+01	-7.468171e+01
7.280000e-06	-5.503120e-06	-1.176022e-09	-3.818009e+01	-7.467915e+01
7.290000e-06	-5.507313e-06	-1.175398e-09	-3.820918e+01	-7.467584e+01
7.300000e-06	-5.511261e-06	-1.175807e-09	-3.823657e+01	-7.467212e+01
7.310000e-06	-5.514893e-06	-1.178435e-09	-3.826177e+01	-7.466830e+01
7.320000e-06	-5.518090e-06	-1.182131e-09	-3.828395e+01	-7.466467e+01
7.330000e-06	-5.520863e-06	-1.184444e-09	-3.830320e+01	-7.466150e+01
7.340000e-06	-5.523332e-06	-1.185077e-09	-3.832032e+01	-7.465905e+01
7.350000e-06	-5.525510e-06	-1.184737e-09	-3.833544e+01	-7.465755e+01
7.360000e-06	-5.527295e-06	-1.183793e-09	-3.834782e+01	-7.465719e+01
7.370000e-06	-5.528554e-06	-1.180775e-09	-3.835656e+01	-7.465815e+01
7.380000e-06	-5.529465e-06	-1.178758e-09	-3.836287e+01	-7.466056e+01
7.390000e-06	-5.530104e-06	-1.180737e-09	-3.836731e+01	-7.466455e+01
7.400000e-06	-5.530451e-06	-1.182434e-09	-3.836972e+01	-7.467018e+01
