# Temperatura_=_-1.02
# Concentracion g/m^3_=_1620.0
# C_Vs_to_Am_M_A/Vsm_=_65563218390.804596
# pendiente_HvsI_1/m_=_3716.3
# ordenada_HvsI_A/m_=_1297.0
# frecuencia_Hz_=_135092.65972414732

Tiempo_(s)	Campo_(V.s)	Magnetizacion_(V.s)	Campo_(kA/m)	Magnetizacion_(A/m)
0.000000e+00	-5.527320e-06	-1.047461e-09	-3.838553e+01	-6.869425e+01
1.000000e-08	-5.527463e-06	-1.046803e-09	-3.838652e+01	-6.867119e+01
2.000000e-08	-5.527405e-06	-1.047113e-09	-3.838612e+01	-6.864970e+01
3.000000e-08	-5.526984e-06	-1.045046e-09	-3.838320e+01	-6.862983e+01
4.000000e-08	-5.525993e-06	-1.040053e-09	-3.837632e+01	-6.861157e+01
5.000000e-08	-5.524425e-06	-1.033590e-09	-3.836543e+01	-6.859491e+01
6.000000e-08	-5.522273e-06	-1.022222e-09	-3.835048e+01	-6.857981e+01
7.000000e-08	-5.519544e-06	-1.012375e-09	-3.833153e+01	-6.856619e+01
8.000000e-08	-5.516301e-06	-1.020064e-09	-3.830901e+01	-6.855395e+01
9.000000e-08	-5.512562e-06	-1.085731e-09	-3.828304e+01	-6.854298e+01
1.000000e-07	-5.508423e-06	-1.144868e-09	-3.825430e+01	-6.853312e+01
1.100000e-07	-5.503922e-06	-1.061717e-09	-3.822304e+01	-6.852419e+01
1.200000e-07	-5.499309e-06	-9.545999e-10	-3.819101e+01	-6.851601e+01
1.300000e-07	-5.494551e-06	-9.726326e-10	-3.815796e+01	-6.850835e+01
1.400000e-07	-5.489366e-06	-1.075959e-09	-3.812195e+01	-6.850097e+01
1.500000e-07	-5.483699e-06	-1.056292e-09	-3.808259e+01	-6.849361e+01
1.600000e-07	-5.477649e-06	-9.538199e-10	-3.804059e+01	-6.848600e+01
1.700000e-07	-5.471310e-06	-1.006649e-09	-3.799656e+01	-6.847786e+01
1.800000e-07	-5.464522e-06	-1.106401e-09	-3.794942e+01	-6.846888e+01
1.900000e-07	-5.457196e-06	-1.092300e-09	-3.789855e+01	-6.845875e+01
2.000000e-07	-5.449602e-06	-9.819551e-10	-3.784580e+01	-6.844716e+01
2.100000e-07	-5.441881e-06	-1.002283e-09	-3.779219e+01	-6.843378e+01
2.200000e-07	-5.433877e-06	-1.076066e-09	-3.773660e+01	-6.841828e+01
2.300000e-07	-5.425558e-06	-1.085535e-09	-3.767883e+01	-6.840035e+01
2.400000e-07	-5.416777e-06	-1.033104e-09	-3.761785e+01	-6.837966e+01
2.500000e-07	-5.407371e-06	-1.049004e-09	-3.755252e+01	-6.835589e+01
2.600000e-07	-5.397260e-06	-1.068904e-09	-3.748230e+01	-6.832873e+01
2.700000e-07	-5.386577e-06	-1.046508e-09	-3.740812e+01	-6.829788e+01
2.800000e-07	-5.375445e-06	-1.013274e-09	-3.733080e+01	-6.826306e+01
2.900000e-07	-5.363856e-06	-1.027670e-09	-3.725033e+01	-6.822398e+01
3.000000e-07	-5.351890e-06	-1.053918e-09	-3.716722e+01	-6.818039e+01
3.100000e-07	-5.339559e-06	-1.034483e-09	-3.708159e+01	-6.813205e+01
3.200000e-07	-5.326793e-06	-1.015250e-09	-3.699293e+01	-6.807873e+01
3.300000e-07	-5.313516e-06	-1.012355e-09	-3.690073e+01	-6.802024e+01
3.400000e-07	-5.299837e-06	-1.034531e-09	-3.680573e+01	-6.795640e+01
3.500000e-07	-5.285821e-06	-1.021721e-09	-3.670839e+01	-6.788705e+01
3.600000e-07	-5.271295e-06	-1.003557e-09	-3.660752e+01	-6.781206e+01
3.700000e-07	-5.256360e-06	-1.021301e-09	-3.650380e+01	-6.773134e+01
3.800000e-07	-5.241079e-06	-1.049264e-09	-3.639768e+01	-6.764480e+01
3.900000e-07	-5.225164e-06	-1.004813e-09	-3.628715e+01	-6.755238e+01
4.000000e-07	-5.208675e-06	-9.845128e-10	-3.617264e+01	-6.745407e+01
4.100000e-07	-5.191874e-06	-1.037007e-09	-3.605596e+01	-6.734985e+01
4.200000e-07	-5.174802e-06	-1.038176e-09	-3.593740e+01	-6.723977e+01
4.300000e-07	-5.157367e-06	-9.617400e-10	-3.581632e+01	-6.712386e+01
4.400000e-07	-5.139625e-06	-1.001469e-09	-3.569311e+01	-6.700221e+01
4.500000e-07	-5.121557e-06	-1.059202e-09	-3.556764e+01	-6.687490e+01
4.600000e-07	-5.102982e-06	-9.889668e-10	-3.543864e+01	-6.674207e+01
4.700000e-07	-5.083938e-06	-9.364168e-10	-3.530638e+01	-6.660386e+01
4.800000e-07	-5.064621e-06	-1.024811e-09	-3.517223e+01	-6.646042e+01
4.900000e-07	-5.045100e-06	-1.018814e-09	-3.503666e+01	-6.631195e+01
5.000000e-07	-5.025369e-06	-9.444061e-10	-3.489964e+01	-6.615863e+01
5.100000e-07	-5.005432e-06	-9.832618e-10	-3.476118e+01	-6.600069e+01
5.200000e-07	-4.985216e-06	-1.021966e-09	-3.462078e+01	-6.583835e+01
5.300000e-07	-4.964581e-06	-9.469169e-10	-3.447749e+01	-6.567185e+01
5.400000e-07	-4.943623e-06	-9.639550e-10	-3.433194e+01	-6.550144e+01
5.500000e-07	-4.922338e-06	-1.027269e-09	-3.418412e+01	-6.532737e+01
5.600000e-07	-4.900574e-06	-9.635432e-10	-3.403297e+01	-6.514992e+01
5.700000e-07	-4.878506e-06	-9.225034e-10	-3.387972e+01	-6.496933e+01
5.800000e-07	-4.856183e-06	-9.966300e-10	-3.372470e+01	-6.478589e+01
5.900000e-07	-4.833434e-06	-9.854838e-10	-3.356671e+01	-6.459985e+01
6.000000e-07	-4.810323e-06	-9.245845e-10	-3.340621e+01	-6.441149e+01
6.100000e-07	-4.786891e-06	-9.666934e-10	-3.324348e+01	-6.422106e+01
6.200000e-07	-4.763157e-06	-9.830898e-10	-3.307866e+01	-6.402883e+01
6.300000e-07	-4.739268e-06	-9.250664e-10	-3.291276e+01	-6.383503e+01
6.400000e-07	-4.715245e-06	-9.320938e-10	-3.274592e+01	-6.363991e+01
6.500000e-07	-4.690950e-06	-9.691547e-10	-3.257720e+01	-6.344370e+01
6.600000e-07	-4.666117e-06	-9.340157e-10	-3.240474e+01	-6.324660e+01
6.700000e-07	-4.640761e-06	-9.274700e-10	-3.222865e+01	-6.304884e+01
6.800000e-07	-4.614878e-06	-9.555444e-10	-3.204891e+01	-6.285058e+01
6.900000e-07	-4.588332e-06	-9.394540e-10	-3.186455e+01	-6.265200e+01
7.000000e-07	-4.561306e-06	-9.156267e-10	-3.167686e+01	-6.245327e+01
7.100000e-07	-4.533988e-06	-9.347980e-10	-3.148715e+01	-6.225451e+01
7.200000e-07	-4.506434e-06	-9.266862e-10	-3.129580e+01	-6.205584e+01
7.300000e-07	-4.478690e-06	-9.084897e-10	-3.110312e+01	-6.185736e+01
7.400000e-07	-4.450730e-06	-9.180603e-10	-3.090894e+01	-6.165916e+01
7.500000e-07	-4.422543e-06	-9.253204e-10	-3.071320e+01	-6.146130e+01
7.600000e-07	-4.394162e-06	-9.054487e-10	-3.051610e+01	-6.126381e+01
7.700000e-07	-4.365430e-06	-9.078813e-10	-3.031657e+01	-6.106672e+01
7.800000e-07	-4.336297e-06	-9.115258e-10	-3.011424e+01	-6.087003e+01
7.900000e-07	-4.306843e-06	-9.010682e-10	-2.990970e+01	-6.067373e+01
8.000000e-07	-4.277136e-06	-8.994707e-10	-2.970339e+01	-6.047776e+01
8.100000e-07	-4.247210e-06	-9.076588e-10	-2.949556e+01	-6.028208e+01
8.200000e-07	-4.216972e-06	-8.962512e-10	-2.928557e+01	-6.008662e+01
8.300000e-07	-4.186403e-06	-8.912958e-10	-2.907328e+01	-5.989127e+01
8.400000e-07	-4.155419e-06	-9.003221e-10	-2.885810e+01	-5.969594e+01
8.500000e-07	-4.124173e-06	-8.950421e-10	-2.864111e+01	-5.950049e+01
8.600000e-07	-4.092876e-06	-8.805780e-10	-2.842376e+01	-5.930478e+01
8.700000e-07	-4.061389e-06	-8.818427e-10	-2.820509e+01	-5.910866e+01
8.800000e-07	-4.029668e-06	-8.799754e-10	-2.798480e+01	-5.891196e+01
8.900000e-07	-3.997772e-06	-8.672010e-10	-2.776330e+01	-5.871449e+01
9.000000e-07	-3.965699e-06	-8.661955e-10	-2.754055e+01	-5.851607e+01
9.100000e-07	-3.933330e-06	-8.669428e-10	-2.731576e+01	-5.831648e+01
9.200000e-07	-3.900595e-06	-8.558434e-10	-2.708843e+01	-5.811552e+01
9.300000e-07	-3.867475e-06	-8.505653e-10	-2.685842e+01	-5.791297e+01
9.400000e-07	-3.833818e-06	-8.576710e-10	-2.662468e+01	-5.770858e+01
9.500000e-07	-3.799524e-06	-8.505360e-10	-2.638653e+01	-5.750214e+01
9.600000e-07	-3.764826e-06	-8.402929e-10	-2.614556e+01	-5.729341e+01
9.700000e-07	-3.729856e-06	-8.412556e-10	-2.590270e+01	-5.708213e+01
9.800000e-07	-3.694600e-06	-8.409989e-10	-2.565786e+01	-5.686807e+01
9.900000e-07	-3.659126e-06	-8.306255e-10	-2.541150e+01	-5.665098e+01
1.000000e-06	-3.623446e-06	-8.295801e-10	-2.516371e+01	-5.643062e+01
1.010000e-06	-3.587637e-06	-8.293220e-10	-2.491503e+01	-5.620674e+01
1.020000e-06	-3.551651e-06	-8.241538e-10	-2.466512e+01	-5.597910e+01
1.030000e-06	-3.515513e-06	-8.210361e-10	-2.441415e+01	-5.574746e+01
1.040000e-06	-3.479283e-06	-8.239178e-10	-2.416255e+01	-5.551159e+01
1.050000e-06	-3.442832e-06	-8.165935e-10	-2.390940e+01	-5.527125e+01
1.060000e-06	-3.406046e-06	-8.054512e-10	-2.365394e+01	-5.502623e+01
1.070000e-06	-3.368902e-06	-7.985833e-10	-2.339599e+01	-5.477631e+01
1.080000e-06	-3.331529e-06	-7.935642e-10	-2.313644e+01	-5.452127e+01
1.090000e-06	-3.293956e-06	-7.872655e-10	-2.287551e+01	-5.426091e+01
1.100000e-06	-3.256165e-06	-7.866531e-10	-2.261306e+01	-5.399506e+01
1.110000e-06	-3.218170e-06	-7.842426e-10	-2.234919e+01	-5.372351e+01
1.120000e-06	-3.179946e-06	-7.775775e-10	-2.208374e+01	-5.344610e+01
1.130000e-06	-3.141538e-06	-7.706873e-10	-2.181701e+01	-5.316267e+01
1.140000e-06	-3.102893e-06	-7.672250e-10	-2.154863e+01	-5.287306e+01
1.150000e-06	-3.063997e-06	-7.620970e-10	-2.127851e+01	-5.257714e+01
1.160000e-06	-3.024830e-06	-7.570363e-10	-2.100651e+01	-5.227476e+01
1.170000e-06	-2.985453e-06	-7.548541e-10	-2.073305e+01	-5.196583e+01
1.180000e-06	-2.946006e-06	-7.519483e-10	-2.045910e+01	-5.165021e+01
1.190000e-06	-2.906363e-06	-7.465706e-10	-2.018380e+01	-5.132783e+01
1.200000e-06	-2.866535e-06	-7.415084e-10	-1.990720e+01	-5.099858e+01
1.210000e-06	-2.826620e-06	-7.369162e-10	-1.963000e+01	-5.066240e+01
1.220000e-06	-2.786603e-06	-7.291395e-10	-1.935210e+01	-5.031922e+01
1.230000e-06	-2.746433e-06	-7.231115e-10	-1.907313e+01	-4.996898e+01
1.240000e-06	-2.706097e-06	-7.171696e-10	-1.879301e+01	-4.961164e+01
1.250000e-06	-2.665535e-06	-7.092627e-10	-1.851132e+01	-4.924714e+01
1.260000e-06	-2.624675e-06	-7.005718e-10	-1.822756e+01	-4.887546e+01
1.270000e-06	-2.583628e-06	-6.978568e-10	-1.794250e+01	-4.849658e+01
1.280000e-06	-2.542352e-06	-6.957819e-10	-1.765585e+01	-4.811046e+01
1.290000e-06	-2.500816e-06	-6.898465e-10	-1.736740e+01	-4.771710e+01
1.300000e-06	-2.458892e-06	-6.818645e-10	-1.707625e+01	-4.731648e+01
1.310000e-06	-2.416603e-06	-6.731307e-10	-1.678256e+01	-4.690859e+01
1.320000e-06	-2.374167e-06	-6.623117e-10	-1.648786e+01	-4.649341e+01
1.330000e-06	-2.331493e-06	-6.548687e-10	-1.619150e+01	-4.607094e+01
1.340000e-06	-2.288472e-06	-6.528775e-10	-1.589273e+01	-4.564117e+01
1.350000e-06	-2.245256e-06	-6.518139e-10	-1.559261e+01	-4.520408e+01
1.360000e-06	-2.201887e-06	-6.466493e-10	-1.529143e+01	-4.475965e+01
1.370000e-06	-2.158319e-06	-6.390566e-10	-1.498886e+01	-4.430785e+01
1.380000e-06	-2.114654e-06	-6.279508e-10	-1.468562e+01	-4.384866e+01
1.390000e-06	-2.070928e-06	-6.168559e-10	-1.438195e+01	-4.338204e+01
1.400000e-06	-2.027143e-06	-6.085191e-10	-1.407788e+01	-4.290793e+01
1.410000e-06	-1.983226e-06	-6.018987e-10	-1.377290e+01	-4.242628e+01
1.420000e-06	-1.939172e-06	-5.937628e-10	-1.346695e+01	-4.193702e+01
1.430000e-06	-1.895052e-06	-5.862230e-10	-1.316055e+01	-4.144005e+01
1.440000e-06	-1.850845e-06	-5.783894e-10	-1.285355e+01	-4.093530e+01
1.450000e-06	-1.806575e-06	-5.669701e-10	-1.254611e+01	-4.042263e+01
1.460000e-06	-1.762126e-06	-5.527792e-10	-1.223742e+01	-3.990193e+01
1.470000e-06	-1.717434e-06	-5.402720e-10	-1.192705e+01	-3.937304e+01
1.480000e-06	-1.672628e-06	-5.295622e-10	-1.161588e+01	-3.883581e+01
1.490000e-06	-1.627778e-06	-5.201569e-10	-1.130441e+01	-3.829006e+01
1.500000e-06	-1.582846e-06	-5.121432e-10	-1.099238e+01	-3.773560e+01
1.510000e-06	-1.537767e-06	-5.032200e-10	-1.067932e+01	-3.717220e+01
1.520000e-06	-1.492613e-06	-4.924713e-10	-1.036574e+01	-3.659964e+01
1.530000e-06	-1.447331e-06	-4.786923e-10	-1.005127e+01	-3.601768e+01
1.540000e-06	-1.401873e-06	-4.662669e-10	-9.735578e+00	-3.542605e+01
1.550000e-06	-1.356295e-06	-4.544450e-10	-9.419051e+00	-3.482447e+01
1.560000e-06	-1.310727e-06	-4.423616e-10	-9.102592e+00	-3.421264e+01
1.570000e-06	-1.265195e-06	-4.322951e-10	-8.786388e+00	-3.359026e+01
1.580000e-06	-1.219487e-06	-4.225226e-10	-8.468959e+00	-3.295702e+01
1.590000e-06	-1.173650e-06	-4.125636e-10	-8.150635e+00	-3.231257e+01
1.600000e-06	-1.127730e-06	-4.026610e-10	-7.831737e+00	-3.165659e+01
1.610000e-06	-1.081683e-06	-3.923012e-10	-7.511953e+00	-3.098873e+01
1.620000e-06	-1.035591e-06	-3.813863e-10	-7.191859e+00	-3.030863e+01
1.630000e-06	-9.894892e-07	-3.716975e-10	-6.871697e+00	-2.961595e+01
1.640000e-06	-9.433626e-07	-3.611895e-10	-6.551362e+00	-2.891032e+01
1.650000e-06	-8.971285e-07	-3.460588e-10	-6.230281e+00	-2.819141e+01
1.660000e-06	-8.507345e-07	-3.318576e-10	-5.908089e+00	-2.745887e+01
1.670000e-06	-8.042174e-07	-3.187677e-10	-5.585042e+00	-2.671237e+01
1.680000e-06	-7.577428e-07	-3.053155e-10	-5.262290e+00	-2.595157e+01
1.690000e-06	-7.113398e-07	-2.944588e-10	-4.940035e+00	-2.517616e+01
1.700000e-06	-6.648151e-07	-2.846605e-10	-4.616936e+00	-2.438587e+01
1.710000e-06	-6.181387e-07	-2.712503e-10	-4.292782e+00	-2.358041e+01
1.720000e-06	-5.714894e-07	-2.562633e-10	-3.968818e+00	-2.275954e+01
1.730000e-06	-5.248614e-07	-2.429602e-10	-3.645001e+00	-2.192304e+01
1.740000e-06	-4.780980e-07	-2.304153e-10	-3.320243e+00	-2.107072e+01
1.750000e-06	-4.312199e-07	-2.164143e-10	-2.994689e+00	-2.020243e+01
1.760000e-06	-3.843680e-07	-2.025169e-10	-2.669317e+00	-1.931804e+01
1.770000e-06	-3.375157e-07	-1.884681e-10	-2.343942e+00	-1.841747e+01
1.780000e-06	-2.905713e-07	-1.751359e-10	-2.017928e+00	-1.750069e+01
1.790000e-06	-2.437182e-07	-1.621249e-10	-1.692548e+00	-1.656770e+01
1.800000e-06	-1.969140e-07	-1.458657e-10	-1.367507e+00	-1.561855e+01
1.810000e-06	-1.500056e-07	-1.271579e-10	-1.041743e+00	-1.465336e+01
1.820000e-06	-1.030419e-07	-1.102061e-10	-7.155939e-01	-1.367226e+01
1.830000e-06	-5.613981e-08	-9.694261e-11	-3.898737e-01	-1.267547e+01
1.840000e-06	-9.346385e-09	-8.373978e-11	-6.490776e-02	-1.166325e+01
1.850000e-06	3.747438e-08	-7.113357e-11	2.602480e-01	-1.063590e+01
1.860000e-06	8.434075e-08	-5.859555e-11	5.857205e-01	-9.593811e+00
1.870000e-06	1.311761e-07	-4.313769e-11	9.109777e-01	-8.537394e+00
1.880000e-06	1.780076e-07	-2.743491e-11	1.236208e+00	-7.467134e+00
1.890000e-06	2.248813e-07	-1.202819e-11	1.561731e+00	-6.383568e+00
1.900000e-06	2.717794e-07	3.829442e-12	1.887424e+00	-5.287289e+00
1.910000e-06	3.186681e-07	1.877469e-11	2.213051e+00	-4.178941e+00
1.920000e-06	3.655121e-07	3.203098e-11	2.538369e+00	-3.059223e+00
1.930000e-06	4.123423e-07	4.407651e-11	2.863590e+00	-1.928885e+00
1.940000e-06	4.590894e-07	5.576431e-11	3.188234e+00	-7.887217e-01
1.950000e-06	5.058187e-07	6.652818e-11	3.512755e+00	3.604225e-01
1.960000e-06	5.524848e-07	7.974024e-11	3.836836e+00	1.517662e+00
1.970000e-06	5.990227e-07	9.543477e-11	4.160028e+00	2.682070e+00
1.980000e-06	6.455057e-07	1.119648e-10	4.482838e+00	3.852685e+00
1.990000e-06	6.920159e-07	1.298777e-10	4.805837e+00	5.028511e+00
2.000000e-06	7.385219e-07	1.479734e-10	5.128807e+00	6.208525e+00
2.010000e-06	7.849248e-07	1.642408e-10	5.451060e+00	7.391676e+00
2.020000e-06	8.312862e-07	1.781578e-10	5.773026e+00	8.576896e+00
2.030000e-06	8.775506e-07	1.924945e-10	6.094318e+00	9.763101e+00
2.040000e-06	9.237333e-07	2.073968e-10	6.415043e+00	1.094919e+01
2.050000e-06	9.698678e-07	2.223825e-10	6.735433e+00	1.213407e+01
2.060000e-06	1.015916e-06	2.400271e-10	7.055224e+00	1.331664e+01
2.070000e-06	1.061928e-06	2.591821e-10	7.374760e+00	1.449579e+01
2.080000e-06	1.107908e-06	2.768540e-10	7.694076e+00	1.567043e+01
2.090000e-06	1.153768e-06	2.933118e-10	8.012561e+00	1.683949e+01
2.100000e-06	1.199504e-06	3.090360e-10	8.330182e+00	1.800191e+01
2.110000e-06	1.245103e-06	3.227497e-10	8.646854e+00	1.915665e+01
2.120000e-06	1.290584e-06	3.365708e-10	8.962707e+00	2.030271e+01
2.130000e-06	1.335986e-06	3.519950e-10	9.278012e+00	2.143910e+01
2.140000e-06	1.381381e-06	3.663088e-10	9.593264e+00	2.256490e+01
2.150000e-06	1.426723e-06	3.792706e-10	9.908152e+00	2.367919e+01
2.160000e-06	1.471862e-06	3.935086e-10	1.022163e+01	2.478112e+01
2.170000e-06	1.516935e-06	4.099566e-10	1.053464e+01	2.586989e+01
2.180000e-06	1.562004e-06	4.255237e-10	1.084764e+01	2.694473e+01
2.190000e-06	1.606898e-06	4.392941e-10	1.115941e+01	2.800493e+01
2.200000e-06	1.651695e-06	4.528650e-10	1.147051e+01	2.904986e+01
2.210000e-06	1.696329e-06	4.652840e-10	1.178048e+01	3.007891e+01
2.220000e-06	1.740751e-06	4.772046e-10	1.208898e+01	3.109154e+01
2.230000e-06	1.785042e-06	4.894638e-10	1.239657e+01	3.208729e+01
2.240000e-06	1.829177e-06	5.009607e-10	1.270307e+01	3.306573e+01
2.250000e-06	1.873231e-06	5.128935e-10	1.300901e+01	3.402652e+01
2.260000e-06	1.917270e-06	5.254947e-10	1.331485e+01	3.496935e+01
2.270000e-06	1.961271e-06	5.393924e-10	1.362042e+01	3.589400e+01
2.280000e-06	2.005158e-06	5.547592e-10	1.392520e+01	3.680029e+01
2.290000e-06	2.048924e-06	5.667694e-10	1.422914e+01	3.768810e+01
2.300000e-06	2.092675e-06	5.766841e-10	1.453298e+01	3.855738e+01
2.310000e-06	2.136404e-06	5.845352e-10	1.483667e+01	3.940811e+01
2.320000e-06	2.180004e-06	5.918329e-10	1.513946e+01	4.024035e+01
2.330000e-06	2.223499e-06	6.004914e-10	1.544152e+01	4.105419e+01
2.340000e-06	2.266934e-06	6.104861e-10	1.574316e+01	4.184976e+01
2.350000e-06	2.310220e-06	6.230170e-10	1.604377e+01	4.262727e+01
2.360000e-06	2.353222e-06	6.344468e-10	1.634240e+01	4.338692e+01
2.370000e-06	2.395912e-06	6.443557e-10	1.663887e+01	4.412899e+01
2.380000e-06	2.438326e-06	6.531158e-10	1.693342e+01	4.485376e+01
2.390000e-06	2.480465e-06	6.625078e-10	1.722606e+01	4.556157e+01
2.400000e-06	2.522142e-06	6.716150e-10	1.751550e+01	4.625274e+01
2.410000e-06	2.563470e-06	6.820477e-10	1.780251e+01	4.692766e+01
2.420000e-06	2.604578e-06	6.932955e-10	1.808799e+01	4.758670e+01
2.430000e-06	2.645379e-06	7.027537e-10	1.837134e+01	4.823027e+01
2.440000e-06	2.685923e-06	7.120774e-10	1.865291e+01	4.885877e+01
2.450000e-06	2.726193e-06	7.217870e-10	1.893257e+01	4.947260e+01
2.460000e-06	2.766227e-06	7.315300e-10	1.921059e+01	5.007219e+01
2.470000e-06	2.806155e-06	7.390944e-10	1.948788e+01	5.065793e+01
2.480000e-06	2.845991e-06	7.453640e-10	1.976453e+01	5.123024e+01
2.490000e-06	2.885704e-06	7.526905e-10	2.004032e+01	5.178950e+01
2.500000e-06	2.925311e-06	7.589986e-10	2.031538e+01	5.233611e+01
2.510000e-06	2.964804e-06	7.678701e-10	2.058965e+01	5.287043e+01
2.520000e-06	3.004171e-06	7.768319e-10	2.086304e+01	5.339281e+01
2.530000e-06	3.043353e-06	7.826486e-10	2.113515e+01	5.390358e+01
2.540000e-06	3.082277e-06	7.866573e-10	2.140546e+01	5.440307e+01
2.550000e-06	3.120919e-06	7.905274e-10	2.167382e+01	5.489155e+01
2.560000e-06	3.159278e-06	7.965970e-10	2.194021e+01	5.536930e+01
2.570000e-06	3.197441e-06	8.034447e-10	2.220524e+01	5.583657e+01
2.580000e-06	3.235469e-06	8.093147e-10	2.246934e+01	5.629356e+01
2.590000e-06	3.273297e-06	8.142235e-10	2.273204e+01	5.674048e+01
2.600000e-06	3.310934e-06	8.200372e-10	2.299342e+01	5.717751e+01
2.610000e-06	3.348383e-06	8.290033e-10	2.325349e+01	5.760478e+01
2.620000e-06	3.385614e-06	8.382985e-10	2.351204e+01	5.802242e+01
2.630000e-06	3.422483e-06	8.439273e-10	2.376809e+01	5.843054e+01
2.640000e-06	3.459005e-06	8.475851e-10	2.402172e+01	5.882922e+01
2.650000e-06	3.495343e-06	8.484135e-10	2.427408e+01	5.921852e+01
2.660000e-06	3.531450e-06	8.487774e-10	2.452483e+01	5.959849e+01
2.670000e-06	3.567387e-06	8.518968e-10	2.477440e+01	5.996917e+01
2.680000e-06	3.603204e-06	8.571959e-10	2.502314e+01	6.033056e+01
2.690000e-06	3.638901e-06	8.645145e-10	2.527105e+01	6.068269e+01
2.700000e-06	3.674499e-06	8.729350e-10	2.551826e+01	6.102554e+01
2.710000e-06	3.709930e-06	8.804341e-10	2.576432e+01	6.135912e+01
2.720000e-06	3.745164e-06	8.866709e-10	2.600901e+01	6.168341e+01
2.730000e-06	3.780052e-06	8.909832e-10	2.625130e+01	6.199841e+01
2.740000e-06	3.814401e-06	8.940857e-10	2.648984e+01	6.230410e+01
2.750000e-06	3.848223e-06	8.964056e-10	2.672472e+01	6.260047e+01
2.760000e-06	3.881513e-06	8.981064e-10	2.695591e+01	6.288753e+01
2.770000e-06	3.914277e-06	9.014559e-10	2.718345e+01	6.316529e+01
2.780000e-06	3.946668e-06	9.076435e-10	2.740839e+01	6.343377e+01
2.790000e-06	3.978849e-06	9.149305e-10	2.763188e+01	6.369299e+01
2.800000e-06	4.010843e-06	9.219396e-10	2.785407e+01	6.394300e+01
2.810000e-06	4.042659e-06	9.276280e-10	2.807502e+01	6.418386e+01
2.820000e-06	4.074387e-06	9.312415e-10	2.829536e+01	6.441565e+01
2.830000e-06	4.105955e-06	9.315229e-10	2.851459e+01	6.463847e+01
2.840000e-06	4.137288e-06	9.293680e-10	2.873219e+01	6.485242e+01
2.850000e-06	4.168352e-06	9.283705e-10	2.894792e+01	6.505764e+01
2.860000e-06	4.199049e-06	9.315596e-10	2.916110e+01	6.525429e+01
2.870000e-06	4.229441e-06	9.364621e-10	2.937217e+01	6.544253e+01
2.880000e-06	4.259530e-06	9.430113e-10	2.958112e+01	6.562255e+01
2.890000e-06	4.289262e-06	9.500583e-10	2.978760e+01	6.579457e+01
2.900000e-06	4.318751e-06	9.554661e-10	2.999240e+01	6.595882e+01
2.910000e-06	4.347967e-06	9.588913e-10	3.019529e+01	6.611554e+01
2.920000e-06	4.376869e-06	9.574853e-10	3.039600e+01	6.626499e+01
2.930000e-06	4.405438e-06	9.537380e-10	3.059441e+01	6.640746e+01
2.940000e-06	4.433687e-06	9.526176e-10	3.079059e+01	6.654322e+01
2.950000e-06	4.461706e-06	9.554393e-10	3.098517e+01	6.667258e+01
2.960000e-06	4.489541e-06	9.619418e-10	3.117848e+01	6.679586e+01
2.970000e-06	4.517250e-06	9.695971e-10	3.137091e+01	6.691336e+01
2.980000e-06	4.544822e-06	9.758599e-10	3.156239e+01	6.702542e+01
2.990000e-06	4.572090e-06	9.780980e-10	3.175176e+01	6.713236e+01
3.000000e-06	4.598998e-06	9.736092e-10	3.193862e+01	6.723450e+01
3.010000e-06	4.625420e-06	9.681571e-10	3.212212e+01	6.733218e+01
3.020000e-06	4.651171e-06	9.670791e-10	3.230095e+01	6.742571e+01
3.030000e-06	4.676203e-06	9.711697e-10	3.247479e+01	6.751541e+01
3.040000e-06	4.700704e-06	9.777032e-10	3.264494e+01	6.760158e+01
3.050000e-06	4.724914e-06	9.836826e-10	3.281307e+01	6.768452e+01
3.060000e-06	4.748828e-06	9.876913e-10	3.297915e+01	6.776451e+01
3.070000e-06	4.772540e-06	9.868286e-10	3.314382e+01	6.784182e+01
3.080000e-06	4.796089e-06	9.808146e-10	3.330736e+01	6.791670e+01
3.090000e-06	4.819324e-06	9.775058e-10	3.346872e+01	6.798938e+01
3.100000e-06	4.842187e-06	9.789809e-10	3.362749e+01	6.806008e+01
3.110000e-06	4.864630e-06	9.819498e-10	3.378336e+01	6.812898e+01
3.120000e-06	4.886733e-06	9.847153e-10	3.393685e+01	6.819625e+01
3.130000e-06	4.908615e-06	9.862789e-10	3.408881e+01	6.826205e+01
3.140000e-06	4.930195e-06	9.866659e-10	3.423869e+01	6.832649e+01
3.150000e-06	4.951343e-06	9.868415e-10	3.438555e+01	6.838968e+01
3.160000e-06	4.972104e-06	9.875663e-10	3.452973e+01	6.845168e+01
3.170000e-06	4.992547e-06	9.883807e-10	3.467170e+01	6.851255e+01
3.180000e-06	5.012629e-06	9.907040e-10	3.481116e+01	6.857232e+01
3.190000e-06	5.032516e-06	9.946638e-10	3.494927e+01	6.863099e+01
3.200000e-06	5.052268e-06	9.981416e-10	3.508644e+01	6.868855e+01
3.210000e-06	5.071804e-06	1.000082e-09	3.522212e+01	6.874496e+01
3.220000e-06	5.091082e-06	1.001767e-09	3.535599e+01	6.880017e+01
3.230000e-06	5.109978e-06	1.006084e-09	3.548722e+01	6.885409e+01
3.240000e-06	5.128420e-06	1.010298e-09	3.561529e+01	6.890665e+01
3.250000e-06	5.146389e-06	1.010093e-09	3.574008e+01	6.895773e+01
3.260000e-06	5.163815e-06	1.005102e-09	3.586110e+01	6.900723e+01
3.270000e-06	5.180882e-06	9.986842e-10	3.597963e+01	6.905501e+01
3.280000e-06	5.197858e-06	9.974887e-10	3.609752e+01	6.910095e+01
3.290000e-06	5.214539e-06	9.998895e-10	3.621336e+01	6.914490e+01
3.300000e-06	5.230764e-06	1.005423e-09	3.632604e+01	6.918672e+01
3.310000e-06	5.246587e-06	1.011884e-09	3.643593e+01	6.922628e+01
3.320000e-06	5.261902e-06	1.015707e-09	3.654229e+01	6.926343e+01
3.330000e-06	5.276710e-06	1.016294e-09	3.664512e+01	6.929803e+01
3.340000e-06	5.291030e-06	1.009630e-09	3.674457e+01	6.932995e+01
3.350000e-06	5.304927e-06	1.003147e-09	3.684108e+01	6.935908e+01
3.360000e-06	5.318454e-06	1.001130e-09	3.693502e+01	6.938531e+01
3.370000e-06	5.331666e-06	1.005035e-09	3.702678e+01	6.940852e+01
3.380000e-06	5.344550e-06	1.012829e-09	3.711625e+01	6.942865e+01
3.390000e-06	5.357062e-06	1.022590e-09	3.720314e+01	6.944562e+01
3.400000e-06	5.369212e-06	1.029689e-09	3.728752e+01	6.945938e+01
3.410000e-06	5.380957e-06	1.028693e-09	3.736908e+01	6.946989e+01
3.420000e-06	5.392382e-06	1.025415e-09	3.744843e+01	6.947716e+01
3.430000e-06	5.403374e-06	1.022516e-09	3.752476e+01	6.948117e+01
3.440000e-06	5.413754e-06	1.023035e-09	3.759685e+01	6.948197e+01
3.450000e-06	5.423442e-06	1.028325e-09	3.766413e+01	6.947959e+01
3.460000e-06	5.432431e-06	1.033914e-09	3.772656e+01	6.947412e+01
3.470000e-06	5.440850e-06	1.037786e-09	3.778502e+01	6.946564e+01
3.480000e-06	5.448921e-06	1.037571e-09	3.784108e+01	6.945425e+01
3.490000e-06	5.456793e-06	1.035236e-09	3.789575e+01	6.944010e+01
3.500000e-06	5.464445e-06	1.034368e-09	3.794889e+01	6.942334e+01
3.510000e-06	5.471745e-06	1.035978e-09	3.799958e+01	6.940412e+01
3.520000e-06	5.478558e-06	1.042681e-09	3.804690e+01	6.938263e+01
3.530000e-06	5.484990e-06	1.047780e-09	3.809156e+01	6.935907e+01
3.540000e-06	5.491131e-06	1.050383e-09	3.813421e+01	6.933365e+01
3.550000e-06	5.496922e-06	1.050927e-09	3.817443e+01	6.930659e+01
3.560000e-06	5.502295e-06	1.049469e-09	3.821174e+01	6.927812e+01
3.570000e-06	5.507244e-06	1.046719e-09	3.824611e+01	6.924848e+01
3.580000e-06	5.511798e-06	1.044870e-09	3.827774e+01	6.921790e+01
3.590000e-06	5.515990e-06	1.045896e-09	3.830685e+01	6.918663e+01
3.600000e-06	5.519930e-06	1.048481e-09	3.833421e+01	6.915491e+01
3.610000e-06	5.523732e-06	1.052378e-09	3.836061e+01	6.912297e+01
3.620000e-06	5.527361e-06	1.057472e-09	3.838581e+01	6.909106e+01
3.630000e-06	5.530596e-06	1.060712e-09	3.840828e+01	6.905940e+01
3.640000e-06	5.533276e-06	1.060056e-09	3.842689e+01	6.902820e+01
3.650000e-06	5.535411e-06	1.057919e-09	3.844172e+01	6.899767e+01
3.660000e-06	5.536941e-06	1.057319e-09	3.845235e+01	6.896799e+01
3.670000e-06	5.537761e-06	1.059819e-09	3.845804e+01	6.893933e+01
3.680000e-06	5.538043e-06	1.063544e-09	3.846000e+01	6.891185e+01
3.690000e-06	5.538035e-06	1.065839e-09	3.845994e+01	6.888568e+01
3.700000e-06	5.537823e-06	1.068885e-09	3.845847e+01	6.886093e+01
3.710000e-06	5.537390e-06	1.072045e-09	3.845546e+01	6.883769e+01
3.720000e-06	5.536607e-06	1.072134e-09	3.845003e+01	6.881602e+01
3.730000e-06	5.535464e-06	1.070455e-09	3.844209e+01	6.879595e+01
3.740000e-06	5.533923e-06	1.068546e-09	3.843139e+01	6.877751e+01
3.750000e-06	5.531993e-06	1.072122e-09	3.841798e+01	6.876066e+01
3.760000e-06	5.529771e-06	1.085024e-09	3.840255e+01	6.874538e+01
3.770000e-06	5.527214e-06	1.096067e-09	3.838479e+01	6.873158e+01
3.780000e-06	5.524170e-06	1.049933e-09	3.836366e+01	6.871919e+01
3.790000e-06	5.520644e-06	9.499926e-10	3.833917e+01	6.870806e+01
3.800000e-06	5.516659e-06	9.612827e-10	3.831149e+01	6.869806e+01
3.810000e-06	5.512329e-06	1.112020e-09	3.828142e+01	6.868901e+01
3.820000e-06	5.507971e-06	1.156511e-09	3.825116e+01	6.868071e+01
3.830000e-06	5.503489e-06	1.071216e-09	3.822004e+01	6.867296e+01
3.840000e-06	5.498430e-06	1.015075e-09	3.818490e+01	6.866551e+01
3.850000e-06	5.492655e-06	1.097615e-09	3.814479e+01	6.865811e+01
3.860000e-06	5.486368e-06	1.120675e-09	3.810113e+01	6.865048e+01
3.870000e-06	5.479868e-06	9.865566e-10	3.805599e+01	6.864234e+01
3.880000e-06	5.472992e-06	9.639316e-10	3.800824e+01	6.863339e+01
3.890000e-06	5.465391e-06	1.142489e-09	3.795545e+01	6.862332e+01
3.900000e-06	5.457280e-06	1.211166e-09	3.789912e+01	6.861180e+01
3.910000e-06	5.448930e-06	1.000054e-09	3.784114e+01	6.859853e+01
3.920000e-06	5.440318e-06	9.140182e-10	3.778133e+01	6.858317e+01
3.930000e-06	5.431260e-06	1.078991e-09	3.771843e+01	6.856540e+01
3.940000e-06	5.421959e-06	1.170578e-09	3.765383e+01	6.854490e+01
3.950000e-06	5.412518e-06	1.012260e-09	3.758827e+01	6.852134e+01
3.960000e-06	5.402483e-06	9.713125e-10	3.751858e+01	6.849442e+01
3.970000e-06	5.391858e-06	1.097824e-09	3.744479e+01	6.846384e+01
3.980000e-06	5.381112e-06	1.107794e-09	3.737016e+01	6.842930e+01
3.990000e-06	5.370152e-06	9.961851e-10	3.729405e+01	6.839053e+01
4.000000e-06	5.358551e-06	1.011848e-09	3.721348e+01	6.834727e+01
4.010000e-06	5.346374e-06	1.099639e-09	3.712892e+01	6.829928e+01
4.020000e-06	5.333969e-06	1.065297e-09	3.704277e+01	6.824633e+01
4.030000e-06	5.321163e-06	9.961220e-10	3.695383e+01	6.818823e+01
4.040000e-06	5.307699e-06	1.037968e-09	3.686033e+01	6.812478e+01
4.050000e-06	5.293903e-06	1.090423e-09	3.676452e+01	6.805584e+01
4.060000e-06	5.279754e-06	1.036656e-09	3.666626e+01	6.798128e+01
4.070000e-06	5.264795e-06	9.635097e-10	3.656238e+01	6.790098e+01
4.080000e-06	5.249126e-06	1.017123e-09	3.645356e+01	6.781487e+01
4.090000e-06	5.233133e-06	1.109695e-09	3.634249e+01	6.772290e+01
4.100000e-06	5.216891e-06	1.055567e-09	3.622970e+01	6.762502e+01
4.110000e-06	5.200347e-06	9.564075e-10	3.611480e+01	6.752124e+01
4.120000e-06	5.183566e-06	1.017921e-09	3.599827e+01	6.741159e+01
4.130000e-06	5.166494e-06	1.112358e-09	3.587970e+01	6.729611e+01
4.140000e-06	5.148977e-06	1.001815e-09	3.575806e+01	6.717488e+01
4.150000e-06	5.130993e-06	9.460492e-10	3.563317e+01	6.704799e+01
4.160000e-06	5.112664e-06	1.076356e-09	3.550587e+01	6.691556e+01
4.170000e-06	5.094100e-06	1.071766e-09	3.537696e+01	6.677773e+01
4.180000e-06	5.075165e-06	9.272935e-10	3.524545e+01	6.663467e+01
4.190000e-06	5.055844e-06	1.011084e-09	3.511128e+01	6.648656e+01
4.200000e-06	5.036248e-06	1.107583e-09	3.497519e+01	6.633358e+01
4.210000e-06	5.016403e-06	9.611320e-10	3.483737e+01	6.617597e+01
4.220000e-06	4.996275e-06	9.183737e-10	3.469759e+01	6.601393e+01
4.230000e-06	4.975924e-06	1.070586e-09	3.455626e+01	6.584771e+01
4.240000e-06	4.955336e-06	1.015433e-09	3.441328e+01	6.567756e+01
4.250000e-06	4.934400e-06	9.171825e-10	3.426789e+01	6.550374e+01
4.260000e-06	4.913042e-06	1.031313e-09	3.411956e+01	6.532650e+01
4.270000e-06	4.890868e-06	1.045313e-09	3.396557e+01	6.514611e+01
4.280000e-06	4.867961e-06	9.164854e-10	3.380649e+01	6.496284e+01
4.290000e-06	4.844745e-06	9.819895e-10	3.364526e+01	6.477695e+01
4.300000e-06	4.821175e-06	1.045887e-09	3.348157e+01	6.458872e+01
4.310000e-06	4.797267e-06	9.318933e-10	3.331554e+01	6.439840e+01
4.320000e-06	4.773112e-06	9.335454e-10	3.314779e+01	6.420626e+01
4.330000e-06	4.748698e-06	1.037689e-09	3.297824e+01	6.401253e+01
4.340000e-06	4.724053e-06	9.868469e-10	3.280709e+01	6.381745e+01
4.350000e-06	4.699163e-06	9.413900e-10	3.263424e+01	6.362127e+01
4.360000e-06	4.673958e-06	1.000976e-09	3.245920e+01	6.342419e+01
4.370000e-06	4.648332e-06	9.775818e-10	3.228123e+01	6.322642e+01
4.380000e-06	4.622355e-06	9.227911e-10	3.210083e+01	6.302814e+01
4.390000e-06	4.596052e-06	9.638976e-10	3.191816e+01	6.282953e+01
4.400000e-06	4.569420e-06	9.821531e-10	3.173321e+01	6.263075e+01
4.410000e-06	4.542458e-06	9.427266e-10	3.154597e+01	6.243193e+01
4.420000e-06	4.515148e-06	9.534380e-10	3.135631e+01	6.223320e+01
4.430000e-06	4.487571e-06	9.758436e-10	3.116480e+01	6.203465e+01
4.440000e-06	4.459728e-06	9.598294e-10	3.097144e+01	6.183637e+01
4.450000e-06	4.431761e-06	9.481164e-10	3.077721e+01	6.163842e+01
4.460000e-06	4.403604e-06	9.506460e-10	3.058167e+01	6.144085e+01
4.470000e-06	4.375195e-06	9.327646e-10	3.038438e+01	6.124367e+01
4.480000e-06	4.346569e-06	9.286986e-10	3.018558e+01	6.104689e+01
4.490000e-06	4.317573e-06	9.404604e-10	2.998422e+01	6.085050e+01
4.500000e-06	4.288141e-06	9.372503e-10	2.977982e+01	6.065446e+01
4.510000e-06	4.258149e-06	9.240631e-10	2.957153e+01	6.045870e+01
4.520000e-06	4.227607e-06	9.321588e-10	2.935942e+01	6.026317e+01
4.530000e-06	4.196556e-06	9.305486e-10	2.914378e+01	6.006776e+01
4.540000e-06	4.165090e-06	9.190330e-10	2.892526e+01	5.987238e+01
4.550000e-06	4.133379e-06	9.211170e-10	2.870504e+01	5.967689e+01
4.560000e-06	4.101429e-06	9.227669e-10	2.848316e+01	5.948116e+01
4.570000e-06	4.069284e-06	9.048813e-10	2.825992e+01	5.928502e+01
4.580000e-06	4.036922e-06	9.073170e-10	2.803518e+01	5.908832e+01
4.590000e-06	4.004439e-06	9.188321e-10	2.780959e+01	5.889087e+01
4.600000e-06	3.971744e-06	9.072511e-10	2.758254e+01	5.869248e+01
4.610000e-06	3.938649e-06	8.985246e-10	2.735270e+01	5.849295e+01
4.620000e-06	3.905184e-06	9.088457e-10	2.712030e+01	5.829206e+01
4.630000e-06	3.871494e-06	9.047872e-10	2.688633e+01	5.808959e+01
4.640000e-06	3.837652e-06	8.907379e-10	2.665131e+01	5.788531e+01
4.650000e-06	3.803556e-06	8.896674e-10	2.641452e+01	5.767900e+01
4.660000e-06	3.769239e-06	8.852866e-10	2.617620e+01	5.747041e+01
4.670000e-06	3.734708e-06	8.714389e-10	2.593639e+01	5.725930e+01
4.680000e-06	3.699833e-06	8.729069e-10	2.569420e+01	5.704543e+01
4.690000e-06	3.664586e-06	8.834128e-10	2.544942e+01	5.682855e+01
4.700000e-06	3.629105e-06	8.768977e-10	2.520301e+01	5.660841e+01
4.710000e-06	3.593461e-06	8.687103e-10	2.495548e+01	5.638478e+01
4.720000e-06	3.557673e-06	8.734891e-10	2.470694e+01	5.615741e+01
4.730000e-06	3.521684e-06	8.726332e-10	2.445701e+01	5.592606e+01
4.740000e-06	3.485465e-06	8.631095e-10	2.420548e+01	5.569049e+01
4.750000e-06	3.449167e-06	8.628444e-10	2.395340e+01	5.545049e+01
4.760000e-06	3.412811e-06	8.593389e-10	2.370092e+01	5.520581e+01
4.770000e-06	3.376186e-06	8.509035e-10	2.344657e+01	5.495624e+01
4.780000e-06	3.339165e-06	8.488793e-10	2.318947e+01	5.470159e+01
4.790000e-06	3.301826e-06	8.555531e-10	2.293017e+01	5.444163e+01
4.800000e-06	3.264138e-06	8.506534e-10	2.266843e+01	5.417618e+01
4.810000e-06	3.225932e-06	8.452406e-10	2.240310e+01	5.390506e+01
4.820000e-06	3.187310e-06	8.455276e-10	2.213488e+01	5.362810e+01
4.830000e-06	3.148423e-06	8.466481e-10	2.186482e+01	5.334512e+01
4.840000e-06	3.109315e-06	8.417624e-10	2.159324e+01	5.305598e+01
4.850000e-06	3.069868e-06	8.374101e-10	2.131928e+01	5.276053e+01
4.860000e-06	3.030109e-06	8.304261e-10	2.104317e+01	5.245864e+01
4.870000e-06	2.990235e-06	8.178952e-10	2.076626e+01	5.215020e+01
4.880000e-06	2.950234e-06	8.116680e-10	2.048846e+01	5.183510e+01
4.890000e-06	2.910088e-06	8.103174e-10	2.020966e+01	5.151323e+01
4.900000e-06	2.869805e-06	8.082848e-10	1.992991e+01	5.118450e+01
4.910000e-06	2.829402e-06	8.087454e-10	1.964933e+01	5.084885e+01
4.920000e-06	2.788825e-06	8.078612e-10	1.936753e+01	5.050620e+01
4.930000e-06	2.748094e-06	8.021966e-10	1.908466e+01	5.015650e+01
4.940000e-06	2.707145e-06	7.948840e-10	1.880029e+01	4.979969e+01
4.950000e-06	2.666034e-06	7.885540e-10	1.851478e+01	4.943574e+01
4.960000e-06	2.624811e-06	7.806712e-10	1.822850e+01	4.906461e+01
4.970000e-06	2.583473e-06	7.704401e-10	1.794142e+01	4.868627e+01
4.980000e-06	2.541885e-06	7.682422e-10	1.765261e+01	4.830070e+01
4.990000e-06	2.500028e-06	7.683084e-10	1.736192e+01	4.790789e+01
5.000000e-06	2.458077e-06	7.633024e-10	1.707059e+01	4.750782e+01
5.010000e-06	2.416007e-06	7.562894e-10	1.677842e+01	4.710048e+01
5.020000e-06	2.373709e-06	7.540345e-10	1.648467e+01	4.668586e+01
5.030000e-06	2.331209e-06	7.520379e-10	1.618953e+01	4.626394e+01
5.040000e-06	2.288580e-06	7.491472e-10	1.589348e+01	4.583473e+01
5.050000e-06	2.245646e-06	7.442300e-10	1.559532e+01	4.539819e+01
5.060000e-06	2.202533e-06	7.379331e-10	1.529591e+01	4.495432e+01
5.070000e-06	2.159323e-06	7.303111e-10	1.499583e+01	4.450308e+01
5.080000e-06	2.116023e-06	7.230925e-10	1.469513e+01	4.404446e+01
5.090000e-06	2.072598e-06	7.157575e-10	1.439355e+01	4.357840e+01
5.100000e-06	2.028933e-06	7.099385e-10	1.409031e+01	4.310487e+01
5.110000e-06	1.985136e-06	7.065995e-10	1.378616e+01	4.262379e+01
5.120000e-06	1.941229e-06	7.030298e-10	1.348124e+01	4.213511e+01
5.130000e-06	1.897263e-06	6.967635e-10	1.317591e+01	4.163874e+01
5.140000e-06	1.853231e-06	6.910549e-10	1.287012e+01	4.113458e+01
5.150000e-06	1.809132e-06	6.846719e-10	1.256386e+01	4.062253e+01
5.160000e-06	1.764985e-06	6.753424e-10	1.225728e+01	4.010244e+01
5.170000e-06	1.720748e-06	6.645434e-10	1.195006e+01	3.957419e+01
5.180000e-06	1.676436e-06	6.542292e-10	1.164233e+01	3.903761e+01
5.190000e-06	1.632059e-06	6.456100e-10	1.133414e+01	3.849253e+01
5.200000e-06	1.587659e-06	6.371656e-10	1.102580e+01	3.793874e+01
5.210000e-06	1.543160e-06	6.289056e-10	1.071677e+01	3.737604e+01
5.220000e-06	1.498579e-06	6.229533e-10	1.040717e+01	3.680421e+01
5.230000e-06	1.453913e-06	6.156487e-10	1.009697e+01	3.622298e+01
5.240000e-06	1.409029e-06	6.068062e-10	9.785273e+00	3.563211e+01
5.250000e-06	1.364026e-06	5.973369e-10	9.472736e+00	3.503131e+01
5.260000e-06	1.318946e-06	5.851840e-10	9.159670e+00	3.442030e+01
5.270000e-06	1.273738e-06	5.756290e-10	8.845716e+00	3.379876e+01
5.280000e-06	1.228341e-06	5.663647e-10	8.530446e+00	3.316638e+01
5.290000e-06	1.182865e-06	5.560263e-10	8.214630e+00	3.252283e+01
5.300000e-06	1.137327e-06	5.463881e-10	7.898385e+00	3.186777e+01
5.310000e-06	1.091698e-06	5.393360e-10	7.581509e+00	3.120085e+01
5.320000e-06	1.046062e-06	5.323620e-10	7.264575e+00	3.052173e+01
5.330000e-06	1.000258e-06	5.235850e-10	6.946481e+00	2.983006e+01
5.340000e-06	9.543027e-07	5.138206e-10	6.627338e+00	2.912547e+01
5.350000e-06	9.083812e-07	5.039986e-10	6.308427e+00	2.840763e+01
5.360000e-06	8.624587e-07	4.941847e-10	5.989510e+00	2.767618e+01
5.370000e-06	8.163929e-07	4.870971e-10	5.669597e+00	2.693080e+01
5.380000e-06	7.702412e-07	4.769502e-10	5.349087e+00	2.617115e+01
5.390000e-06	7.240282e-07	4.620598e-10	5.028152e+00	2.539692e+01
5.400000e-06	6.778100e-07	4.488994e-10	4.707182e+00	2.460782e+01
5.410000e-06	6.315979e-07	4.402106e-10	4.386253e+00	2.380359e+01
5.420000e-06	5.852849e-07	4.309862e-10	4.064623e+00	2.298396e+01
5.430000e-06	5.388933e-07	4.208832e-10	3.742448e+00	2.214871e+01
5.440000e-06	4.924685e-07	4.126736e-10	3.420042e+00	2.129766e+01
5.450000e-06	4.460240e-07	4.007159e-10	3.097499e+00	2.043065e+01
5.460000e-06	3.995385e-07	3.824281e-10	2.774671e+00	1.954755e+01
5.470000e-06	3.529700e-07	3.629278e-10	2.451268e+00	1.864828e+01
5.480000e-06	3.064567e-07	3.444432e-10	2.128247e+00	1.773279e+01
5.490000e-06	2.599622e-07	3.265160e-10	1.805357e+00	1.680110e+01
5.500000e-06	2.133828e-07	3.116582e-10	1.481878e+00	1.585324e+01
5.510000e-06	1.667991e-07	3.014036e-10	1.158369e+00	1.488932e+01
5.520000e-06	1.202135e-07	2.920654e-10	8.348460e-01	1.390949e+01
5.530000e-06	7.359993e-08	2.799952e-10	5.111288e-01	1.291395e+01
5.540000e-06	2.697132e-08	2.665314e-10	1.873075e-01	1.190295e+01
5.550000e-06	-1.964567e-08	2.479954e-10	-1.364331e-01	1.087680e+01
5.560000e-06	-6.625353e-08	2.246505e-10	-4.601103e-01	9.835863e+00
5.570000e-06	-1.127938e-07	2.012928e-10	-7.833179e-01	8.780568e+00
5.580000e-06	-1.592682e-07	1.798818e-10	-1.106068e+00	7.711388e+00
5.590000e-06	-2.057971e-07	1.611639e-10	-1.429197e+00	6.628855e+00
5.600000e-06	-2.524268e-07	1.453489e-10	-1.753026e+00	5.533557e+00
5.610000e-06	-2.990186e-07	1.296335e-10	-2.076592e+00	4.426135e+00
5.620000e-06	-3.455331e-07	1.144798e-10	-2.399621e+00	3.307283e+00
5.630000e-06	-3.920768e-07	9.767710e-11	-2.722852e+00	2.177746e+00
5.640000e-06	-4.385606e-07	7.581157e-11	-3.045668e+00	1.038316e+00
5.650000e-06	-4.848848e-07	5.273396e-11	-3.367375e+00	-1.101672e-01
5.660000e-06	-5.311659e-07	3.040712e-11	-3.688784e+00	-1.266821e+00
5.670000e-06	-5.775039e-07	7.208464e-12	-4.010587e+00	-2.430722e+00
5.680000e-06	-6.238022e-07	-1.458710e-11	-4.332114e+00	-3.600911e+00
5.690000e-06	-6.700065e-07	-3.308960e-11	-4.652989e+00	-4.776396e+00
5.700000e-06	-7.162142e-07	-5.081360e-11	-4.973887e+00	-5.956154e+00
5.710000e-06	-7.624010e-07	-7.016534e-11	-5.294640e+00	-7.139138e+00
5.720000e-06	-8.085135e-07	-9.067968e-11	-5.614877e+00	-8.324281e+00
5.730000e-06	-8.546177e-07	-1.126473e-10	-5.935056e+00	-9.510500e+00
5.740000e-06	-9.006655e-07	-1.345055e-10	-6.254844e+00	-1.069670e+01
5.750000e-06	-9.465169e-07	-1.539101e-10	-6.573268e+00	-1.188178e+01
5.760000e-06	-9.921906e-07	-1.734411e-10	-6.890458e+00	-1.306463e+01
5.770000e-06	-1.037917e-06	-1.935095e-10	-7.208014e+00	-1.424416e+01
5.780000e-06	-1.083557e-06	-2.128527e-10	-7.524972e+00	-1.541927e+01
5.790000e-06	-1.128960e-06	-2.336039e-10	-7.840277e+00	-1.658889e+01
5.800000e-06	-1.174281e-06	-2.545563e-10	-8.155022e+00	-1.775196e+01
5.810000e-06	-1.219541e-06	-2.737287e-10	-8.469336e+00	-1.890743e+01
5.820000e-06	-1.264789e-06	-2.893296e-10	-8.783568e+00	-2.005431e+01
5.830000e-06	-1.309845e-06	-3.029688e-10	-9.096471e+00	-2.119160e+01
5.840000e-06	-1.354682e-06	-3.200888e-10	-9.407851e+00	-2.231836e+01
5.850000e-06	-1.399418e-06	-3.410163e-10	-9.718528e+00	-2.343370e+01
5.860000e-06	-1.444054e-06	-3.642728e-10	-1.002851e+01	-2.453675e+01
5.870000e-06	-1.488617e-06	-3.882878e-10	-1.033799e+01	-2.562669e+01
5.880000e-06	-1.533098e-06	-4.121734e-10	-1.064689e+01	-2.670278e+01
5.890000e-06	-1.577489e-06	-4.331344e-10	-1.095517e+01	-2.776428e+01
5.900000e-06	-1.621740e-06	-4.504024e-10	-1.126249e+01	-2.881056e+01
5.910000e-06	-1.665921e-06	-4.651150e-10	-1.156931e+01	-2.984101e+01
5.920000e-06	-1.710105e-06	-4.795486e-10	-1.187615e+01	-3.085508e+01
5.930000e-06	-1.754243e-06	-4.955204e-10	-1.218268e+01	-3.185231e+01
5.940000e-06	-1.798354e-06	-5.121058e-10	-1.248901e+01	-3.283226e+01
5.950000e-06	-1.842399e-06	-5.310317e-10	-1.279490e+01	-3.379458e+01
5.960000e-06	-1.886365e-06	-5.519345e-10	-1.310022e+01	-3.473898e+01
5.970000e-06	-1.930257e-06	-5.730493e-10	-1.340504e+01	-3.566520e+01
5.980000e-06	-1.974105e-06	-5.934661e-10	-1.370955e+01	-3.657308e+01
5.990000e-06	-2.017898e-06	-6.099016e-10	-1.401368e+01	-3.746249e+01
6.000000e-06	-2.061516e-06	-6.211297e-10	-1.431659e+01	-3.833336e+01
6.010000e-06	-2.104966e-06	-6.318107e-10	-1.461834e+01	-3.918569e+01
6.020000e-06	-2.148236e-06	-6.443680e-10	-1.491883e+01	-4.001952e+01
6.030000e-06	-2.191295e-06	-6.555171e-10	-1.521787e+01	-4.083494e+01
6.040000e-06	-2.234209e-06	-6.666982e-10	-1.551589e+01	-4.163209e+01
6.050000e-06	-2.276964e-06	-6.818252e-10	-1.581281e+01	-4.241115e+01
6.060000e-06	-2.319505e-06	-6.998579e-10	-1.610825e+01	-4.317233e+01
6.070000e-06	-2.361909e-06	-7.169553e-10	-1.640273e+01	-4.391591e+01
6.080000e-06	-2.404146e-06	-7.318154e-10	-1.669605e+01	-4.464217e+01
6.090000e-06	-2.446258e-06	-7.455209e-10	-1.698851e+01	-4.535142e+01
6.100000e-06	-2.488283e-06	-7.590824e-10	-1.728036e+01	-4.604403e+01
6.110000e-06	-2.530072e-06	-7.709752e-10	-1.757057e+01	-4.672034e+01
6.120000e-06	-2.571571e-06	-7.810865e-10	-1.785876e+01	-4.738074e+01
6.130000e-06	-2.612935e-06	-7.901597e-10	-1.814602e+01	-4.802564e+01
6.140000e-06	-2.654084e-06	-7.988178e-10	-1.843179e+01	-4.865543e+01
6.150000e-06	-2.694951e-06	-8.098778e-10	-1.871560e+01	-4.927052e+01
6.160000e-06	-2.735659e-06	-8.238368e-10	-1.899831e+01	-4.987134e+01
6.170000e-06	-2.776146e-06	-8.387462e-10	-1.927948e+01	-5.045827e+01
6.180000e-06	-2.816491e-06	-8.532591e-10	-1.955966e+01	-5.103174e+01
6.190000e-06	-2.856786e-06	-8.661798e-10	-1.983950e+01	-5.159213e+01
6.200000e-06	-2.896968e-06	-8.734713e-10	-2.011855e+01	-5.213983e+01
6.210000e-06	-2.937048e-06	-8.771317e-10	-2.039689e+01	-5.267521e+01
6.220000e-06	-2.977023e-06	-8.809176e-10	-2.067451e+01	-5.319863e+01
6.230000e-06	-3.016806e-06	-8.870737e-10	-2.095079e+01	-5.371041e+01
6.240000e-06	-3.056476e-06	-8.977905e-10	-2.122628e+01	-5.421088e+01
6.250000e-06	-3.096011e-06	-9.118995e-10	-2.150084e+01	-5.470032e+01
6.260000e-06	-3.135211e-06	-9.248279e-10	-2.177307e+01	-5.517901e+01
6.270000e-06	-3.174019e-06	-9.339517e-10	-2.204258e+01	-5.564720e+01
6.280000e-06	-3.212421e-06	-9.404580e-10	-2.230928e+01	-5.610509e+01
6.290000e-06	-3.250352e-06	-9.454052e-10	-2.257269e+01	-5.655290e+01
6.300000e-06	-3.287823e-06	-9.498250e-10	-2.283292e+01	-5.699080e+01
6.310000e-06	-3.324947e-06	-9.552794e-10	-2.309073e+01	-5.741893e+01
6.320000e-06	-3.361764e-06	-9.618829e-10	-2.334642e+01	-5.783742e+01
6.330000e-06	-3.398317e-06	-9.672170e-10	-2.360026e+01	-5.824639e+01
6.340000e-06	-3.434669e-06	-9.726755e-10	-2.385271e+01	-5.864590e+01
6.350000e-06	-3.470881e-06	-9.777880e-10	-2.410420e+01	-5.903604e+01
6.360000e-06	-3.507016e-06	-9.815555e-10	-2.435514e+01	-5.941684e+01
6.370000e-06	-3.543005e-06	-9.907899e-10	-2.460507e+01	-5.978834e+01
6.380000e-06	-3.578869e-06	-1.003987e-09	-2.485414e+01	-6.015057e+01
6.390000e-06	-3.614586e-06	-1.013447e-09	-2.510218e+01	-6.050352e+01
6.400000e-06	-3.649992e-06	-1.019126e-09	-2.534807e+01	-6.084720e+01
6.410000e-06	-3.685063e-06	-1.024178e-09	-2.559162e+01	-6.118161e+01
6.420000e-06	-3.719810e-06	-1.029508e-09	-2.583293e+01	-6.150673e+01
6.430000e-06	-3.754315e-06	-1.032756e-09	-2.607256e+01	-6.182255e+01
6.440000e-06	-3.788655e-06	-1.037216e-09	-2.631104e+01	-6.212907e+01
6.450000e-06	-3.822752e-06	-1.040676e-09	-2.654783e+01	-6.242627e+01
6.460000e-06	-3.856637e-06	-1.040978e-09	-2.678315e+01	-6.271417e+01
6.470000e-06	-3.890136e-06	-1.043449e-09	-2.701580e+01	-6.299275e+01
6.480000e-06	-3.923226e-06	-1.048497e-09	-2.724559e+01	-6.326205e+01
6.490000e-06	-3.956073e-06	-1.058269e-09	-2.747370e+01	-6.352210e+01
6.500000e-06	-3.988579e-06	-1.063386e-09	-2.769945e+01	-6.377293e+01
6.510000e-06	-4.020832e-06	-1.067593e-09	-2.792344e+01	-6.401461e+01
6.520000e-06	-4.052962e-06	-1.072757e-09	-2.814657e+01	-6.424720e+01
6.530000e-06	-4.084995e-06	-1.073230e-09	-2.836903e+01	-6.447082e+01
6.540000e-06	-4.116923e-06	-1.071032e-09	-2.859076e+01	-6.468556e+01
6.550000e-06	-4.148579e-06	-1.066717e-09	-2.881060e+01	-6.489155e+01
6.560000e-06	-4.179827e-06	-1.066859e-09	-2.902761e+01	-6.508896e+01
6.570000e-06	-4.210603e-06	-1.071757e-09	-2.924134e+01	-6.527795e+01
6.580000e-06	-4.240806e-06	-1.082463e-09	-2.945109e+01	-6.545871e+01
6.590000e-06	-4.270533e-06	-1.092579e-09	-2.965753e+01	-6.563144e+01
6.600000e-06	-4.299768e-06	-1.099351e-09	-2.986056e+01	-6.579638e+01
6.610000e-06	-4.328552e-06	-1.101097e-09	-3.006046e+01	-6.595377e+01
6.620000e-06	-4.357028e-06	-1.096368e-09	-3.025822e+01	-6.610387e+01
6.630000e-06	-4.385282e-06	-1.089504e-09	-3.045443e+01	-6.624696e+01
6.640000e-06	-4.413432e-06	-1.084587e-09	-3.064992e+01	-6.638332e+01
6.650000e-06	-4.441461e-06	-1.085221e-09	-3.084458e+01	-6.651326e+01
6.660000e-06	-4.469233e-06	-1.091501e-09	-3.103745e+01	-6.663709e+01
6.670000e-06	-4.496638e-06	-1.100807e-09	-3.122776e+01	-6.675511e+01
6.680000e-06	-4.523653e-06	-1.110859e-09	-3.141537e+01	-6.686767e+01
6.690000e-06	-4.550302e-06	-1.116427e-09	-3.160045e+01	-6.697508e+01
6.700000e-06	-4.576682e-06	-1.118113e-09	-3.178365e+01	-6.707766e+01
6.710000e-06	-4.602808e-06	-1.115490e-09	-3.196508e+01	-6.717575e+01
6.720000e-06	-4.628576e-06	-1.112647e-09	-3.214403e+01	-6.726967e+01
6.730000e-06	-4.654030e-06	-1.109273e-09	-3.232080e+01	-6.735973e+01
6.740000e-06	-4.679152e-06	-1.106704e-09	-3.249527e+01	-6.744624e+01
6.750000e-06	-4.703873e-06	-1.105635e-09	-3.266695e+01	-6.752949e+01
6.760000e-06	-4.728304e-06	-1.106459e-09	-3.283661e+01	-6.760977e+01
6.770000e-06	-4.752543e-06	-1.109867e-09	-3.300494e+01	-6.768735e+01
6.780000e-06	-4.776648e-06	-1.114074e-09	-3.317235e+01	-6.776247e+01
6.790000e-06	-4.800591e-06	-1.118545e-09	-3.333862e+01	-6.783538e+01
6.800000e-06	-4.824218e-06	-1.121932e-09	-3.350271e+01	-6.790629e+01
6.810000e-06	-4.847439e-06	-1.124466e-09	-3.366397e+01	-6.797539e+01
6.820000e-06	-4.870123e-06	-1.125631e-09	-3.382150e+01	-6.804285e+01
6.830000e-06	-4.892162e-06	-1.123938e-09	-3.397455e+01	-6.810882e+01
6.840000e-06	-4.913580e-06	-1.122071e-09	-3.412329e+01	-6.817342e+01
6.850000e-06	-4.934523e-06	-1.122138e-09	-3.426874e+01	-6.823676e+01
6.860000e-06	-4.955114e-06	-1.121078e-09	-3.441173e+01	-6.829891e+01
6.870000e-06	-4.975400e-06	-1.120903e-09	-3.455262e+01	-6.835993e+01
6.880000e-06	-4.995491e-06	-1.122607e-09	-3.469215e+01	-6.841984e+01
6.890000e-06	-5.015370e-06	-1.125409e-09	-3.483020e+01	-6.847866e+01
6.900000e-06	-5.035057e-06	-1.125896e-09	-3.496692e+01	-6.853637e+01
6.910000e-06	-5.054395e-06	-1.124130e-09	-3.510121e+01	-6.859293e+01
6.920000e-06	-5.073222e-06	-1.118640e-09	-3.523196e+01	-6.864829e+01
6.930000e-06	-5.091646e-06	-1.114034e-09	-3.535991e+01	-6.870238e+01
6.940000e-06	-5.109770e-06	-1.111893e-09	-3.548578e+01	-6.875511e+01
6.950000e-06	-5.127727e-06	-1.111144e-09	-3.561048e+01	-6.880638e+01
6.960000e-06	-5.145371e-06	-1.110076e-09	-3.573302e+01	-6.885606e+01
6.970000e-06	-5.162553e-06	-1.109926e-09	-3.585234e+01	-6.890405e+01
6.980000e-06	-5.179368e-06	-1.112328e-09	-3.596911e+01	-6.895020e+01
6.990000e-06	-5.195889e-06	-1.117076e-09	-3.608384e+01	-6.899437e+01
7.000000e-06	-5.212176e-06	-1.120830e-09	-3.619696e+01	-6.903643e+01
7.010000e-06	-5.228234e-06	-1.121992e-09	-3.630847e+01	-6.907624e+01
7.020000e-06	-5.244016e-06	-1.120777e-09	-3.641807e+01	-6.911365e+01
7.030000e-06	-5.259360e-06	-1.117717e-09	-3.652463e+01	-6.914852e+01
7.040000e-06	-5.274057e-06	-1.113123e-09	-3.662670e+01	-6.918073e+01
7.050000e-06	-5.288041e-06	-1.108062e-09	-3.672381e+01	-6.921015e+01
7.060000e-06	-5.301463e-06	-1.102471e-09	-3.681703e+01	-6.923667e+01
7.070000e-06	-5.314341e-06	-1.098617e-09	-3.690646e+01	-6.926019e+01
7.080000e-06	-5.326738e-06	-1.099973e-09	-3.699255e+01	-6.928064e+01
7.090000e-06	-5.338909e-06	-1.103335e-09	-3.707708e+01	-6.929792e+01
7.100000e-06	-5.350803e-06	-1.105377e-09	-3.715968e+01	-6.931200e+01
7.110000e-06	-5.362257e-06	-1.103695e-09	-3.723922e+01	-6.932285e+01
7.120000e-06	-5.373265e-06	-1.097349e-09	-3.731567e+01	-6.933044e+01
7.130000e-06	-5.383879e-06	-1.088114e-09	-3.738938e+01	-6.933477e+01
7.140000e-06	-5.394097e-06	-1.081248e-09	-3.746034e+01	-6.933589e+01
7.150000e-06	-5.403909e-06	-1.078208e-09	-3.752848e+01	-6.933383e+01
7.160000e-06	-5.413408e-06	-1.077305e-09	-3.759445e+01	-6.932867e+01
7.170000e-06	-5.422610e-06	-1.078838e-09	-3.765835e+01	-6.932048e+01
7.180000e-06	-5.431378e-06	-1.081436e-09	-3.771925e+01	-6.930939e+01
7.190000e-06	-5.439753e-06	-1.084083e-09	-3.777741e+01	-6.929552e+01
7.200000e-06	-5.447886e-06	-1.085301e-09	-3.783389e+01	-6.927902e+01
7.210000e-06	-5.455817e-06	-1.084253e-09	-3.788896e+01	-6.926005e+01
7.220000e-06	-5.463489e-06	-1.080852e-09	-3.794225e+01	-6.923880e+01
7.230000e-06	-5.470672e-06	-1.075884e-09	-3.799213e+01	-6.921546e+01
7.240000e-06	-5.477225e-06	-1.072162e-09	-3.803764e+01	-6.919024e+01
7.250000e-06	-5.483211e-06	-1.071677e-09	-3.807921e+01	-6.916336e+01
7.260000e-06	-5.488585e-06	-1.072160e-09	-3.811653e+01	-6.913506e+01
7.270000e-06	-5.493438e-06	-1.070864e-09	-3.815023e+01	-6.910555e+01
7.280000e-06	-5.497969e-06	-1.068956e-09	-3.818170e+01	-6.907510e+01
7.290000e-06	-5.502246e-06	-1.068953e-09	-3.821140e+01	-6.904393e+01
7.300000e-06	-5.506327e-06	-1.070875e-09	-3.823974e+01	-6.901229e+01
7.310000e-06	-5.510111e-06	-1.071717e-09	-3.826602e+01	-6.898042e+01
7.320000e-06	-5.513497e-06	-1.070927e-09	-3.828953e+01	-6.894856e+01
7.330000e-06	-5.516499e-06	-1.066947e-09	-3.831038e+01	-6.891692e+01
7.340000e-06	-5.519138e-06	-1.062152e-09	-3.832871e+01	-6.888573e+01
7.350000e-06	-5.521475e-06	-1.058195e-09	-3.834494e+01	-6.885518e+01
7.360000e-06	-5.523477e-06	-1.054673e-09	-3.835884e+01	-6.882548e+01
7.370000e-06	-5.525066e-06	-1.052356e-09	-3.836988e+01	-6.879678e+01
7.380000e-06	-5.526050e-06	-1.050785e-09	-3.837671e+01	-6.876925e+01
7.390000e-06	-5.526645e-06	-1.051022e-09	-3.838084e+01	-6.874302e+01
7.400000e-06	-5.527082e-06	-1.050432e-09	-3.838388e+01	-6.871821e+01
