# Temperatura_=_-0.4
# Concentracion g/m^3_=_1620.0
# C_Vs_to_Am_M_A/Vsm_=_65563218390.804596
# pendiente_HvsI_1/m_=_3716.3
# ordenada_HvsI_A/m_=_1297.0
# frecuencia_Hz_=_135090.24064495842

Tiempo_(s)	Campo_(V.s)	Magnetizacion_(V.s)	Campo_(kA/m)	Magnetizacion_(A/m)
0.000000e+00	-5.531354e-06	-1.401706e-09	-3.837718e+01	-9.006374e+01
1.000000e-08	-5.531703e-06	-1.399924e-09	-3.837960e+01	-9.007884e+01
2.000000e-08	-5.531841e-06	-1.400115e-09	-3.838056e+01	-9.009466e+01
3.000000e-08	-5.531658e-06	-1.402897e-09	-3.837929e+01	-9.011112e+01
4.000000e-08	-5.531033e-06	-1.402687e-09	-3.837496e+01	-9.012811e+01
5.000000e-08	-5.529913e-06	-1.401133e-09	-3.836718e+01	-9.014551e+01
6.000000e-08	-5.528167e-06	-1.401622e-09	-3.835507e+01	-9.016315e+01
7.000000e-08	-5.525756e-06	-1.393672e-09	-3.833834e+01	-9.018085e+01
8.000000e-08	-5.522852e-06	-1.420869e-09	-3.831819e+01	-9.019839e+01
9.000000e-08	-5.519474e-06	-1.441922e-09	-3.829476e+01	-9.021555e+01
1.000000e-07	-5.515581e-06	-1.389637e-09	-3.826774e+01	-9.023208e+01
1.100000e-07	-5.511315e-06	-1.310376e-09	-3.823815e+01	-9.024770e+01
1.200000e-07	-5.506811e-06	-1.382198e-09	-3.820689e+01	-9.026212e+01
1.300000e-07	-5.502059e-06	-1.448339e-09	-3.817392e+01	-9.027505e+01
1.400000e-07	-5.496969e-06	-1.416021e-09	-3.813861e+01	-9.028618e+01
1.500000e-07	-5.491569e-06	-1.298803e-09	-3.810115e+01	-9.029517e+01
1.600000e-07	-5.485883e-06	-1.371905e-09	-3.806170e+01	-9.030171e+01
1.700000e-07	-5.479801e-06	-1.433628e-09	-3.801950e+01	-9.030546e+01
1.800000e-07	-5.473250e-06	-1.424741e-09	-3.797404e+01	-9.030609e+01
1.900000e-07	-5.466224e-06	-1.312656e-09	-3.792530e+01	-9.030328e+01
2.000000e-07	-5.458943e-06	-1.380409e-09	-3.787478e+01	-9.029669e+01
2.100000e-07	-5.451263e-06	-1.441125e-09	-3.782150e+01	-9.028601e+01
2.200000e-07	-5.443244e-06	-1.453734e-09	-3.776586e+01	-9.027092e+01
2.300000e-07	-5.435132e-06	-1.379767e-09	-3.770958e+01	-9.025113e+01
2.400000e-07	-5.426689e-06	-1.379316e-09	-3.765100e+01	-9.022634e+01
2.500000e-07	-5.417533e-06	-1.429342e-09	-3.758748e+01	-9.019630e+01
2.600000e-07	-5.407673e-06	-1.426132e-09	-3.751906e+01	-9.016075e+01
2.700000e-07	-5.397315e-06	-1.399134e-09	-3.744720e+01	-9.011944e+01
2.800000e-07	-5.386344e-06	-1.382835e-09	-3.737108e+01	-9.007218e+01
2.900000e-07	-5.374877e-06	-1.426065e-09	-3.729153e+01	-9.001877e+01
3.000000e-07	-5.363147e-06	-1.387636e-09	-3.721014e+01	-8.995903e+01
3.100000e-07	-5.351084e-06	-1.381174e-09	-3.712645e+01	-8.989284e+01
3.200000e-07	-5.338529e-06	-1.353763e-09	-3.703934e+01	-8.982005e+01
3.300000e-07	-5.325597e-06	-1.420989e-09	-3.694962e+01	-8.974059e+01
3.400000e-07	-5.312359e-06	-1.375719e-09	-3.685777e+01	-8.965437e+01
3.500000e-07	-5.298642e-06	-1.370865e-09	-3.676259e+01	-8.956136e+01
3.600000e-07	-5.284441e-06	-1.360402e-09	-3.666407e+01	-8.946153e+01
3.700000e-07	-5.269816e-06	-1.422480e-09	-3.656260e+01	-8.935489e+01
3.800000e-07	-5.254669e-06	-1.354403e-09	-3.645751e+01	-8.924146e+01
3.900000e-07	-5.238918e-06	-1.348582e-09	-3.634822e+01	-8.912130e+01
4.000000e-07	-5.222749e-06	-1.389781e-09	-3.623604e+01	-8.899448e+01
4.100000e-07	-5.206322e-06	-1.394258e-09	-3.612207e+01	-8.886109e+01
4.200000e-07	-5.189358e-06	-1.304601e-09	-3.600437e+01	-8.872124e+01
4.300000e-07	-5.171994e-06	-1.353224e-09	-3.588390e+01	-8.857508e+01
4.400000e-07	-5.154397e-06	-1.407456e-09	-3.576181e+01	-8.842275e+01
4.500000e-07	-5.136418e-06	-1.332036e-09	-3.563707e+01	-8.826441e+01
4.600000e-07	-5.118004e-06	-1.286324e-09	-3.550931e+01	-8.810025e+01
4.700000e-07	-5.099203e-06	-1.379309e-09	-3.537887e+01	-8.793045e+01
4.800000e-07	-5.080095e-06	-1.358256e-09	-3.524629e+01	-8.775522e+01
4.900000e-07	-5.060749e-06	-1.276927e-09	-3.511206e+01	-8.757476e+01
5.000000e-07	-5.041179e-06	-1.329517e-09	-3.497629e+01	-8.738930e+01
5.100000e-07	-5.021311e-06	-1.358999e-09	-3.483844e+01	-8.719906e+01
5.200000e-07	-5.001122e-06	-1.279434e-09	-3.469837e+01	-8.700425e+01
5.300000e-07	-4.980639e-06	-1.294667e-09	-3.455625e+01	-8.680511e+01
5.400000e-07	-4.959849e-06	-1.359719e-09	-3.441201e+01	-8.660187e+01
5.500000e-07	-4.938710e-06	-1.285440e-09	-3.426535e+01	-8.639475e+01
5.600000e-07	-4.917266e-06	-1.266283e-09	-3.411657e+01	-8.618397e+01
5.700000e-07	-4.895501e-06	-1.336998e-09	-3.396556e+01	-8.596974e+01
5.800000e-07	-4.873296e-06	-1.318166e-09	-3.381150e+01	-8.575229e+01
5.900000e-07	-4.850711e-06	-1.247610e-09	-3.365480e+01	-8.553181e+01
6.000000e-07	-4.827779e-06	-1.301269e-09	-3.349569e+01	-8.530849e+01
6.100000e-07	-4.804580e-06	-1.307048e-09	-3.333474e+01	-8.508254e+01
6.200000e-07	-4.781212e-06	-1.260506e-09	-3.317261e+01	-8.485411e+01
6.300000e-07	-4.757558e-06	-1.269402e-09	-3.300849e+01	-8.462337e+01
6.400000e-07	-4.733626e-06	-1.303941e-09	-3.284245e+01	-8.439049e+01
6.500000e-07	-4.709351e-06	-1.254251e-09	-3.267403e+01	-8.415558e+01
6.600000e-07	-4.684629e-06	-1.259560e-09	-3.250250e+01	-8.391879e+01
6.700000e-07	-4.659430e-06	-1.278113e-09	-3.232767e+01	-8.368022e+01
6.800000e-07	-4.633591e-06	-1.261809e-09	-3.214840e+01	-8.343998e+01
6.900000e-07	-4.607189e-06	-1.242310e-09	-3.196522e+01	-8.319814e+01
7.000000e-07	-4.580396e-06	-1.272099e-09	-3.177933e+01	-8.295478e+01
7.100000e-07	-4.553252e-06	-1.256330e-09	-3.159099e+01	-8.270996e+01
7.200000e-07	-4.525881e-06	-1.244196e-09	-3.140109e+01	-8.246371e+01
7.300000e-07	-4.498300e-06	-1.251532e-09	-3.120973e+01	-8.221607e+01
7.400000e-07	-4.470436e-06	-1.248830e-09	-3.101641e+01	-8.196705e+01
7.500000e-07	-4.442332e-06	-1.229461e-09	-3.082142e+01	-8.171664e+01
7.600000e-07	-4.414007e-06	-1.241845e-09	-3.062490e+01	-8.146485e+01
7.700000e-07	-4.385404e-06	-1.242892e-09	-3.042645e+01	-8.121165e+01
7.800000e-07	-4.356519e-06	-1.230455e-09	-3.022604e+01	-8.095699e+01
7.900000e-07	-4.327304e-06	-1.233011e-09	-3.002334e+01	-8.070083e+01
8.000000e-07	-4.297868e-06	-1.231056e-09	-2.981911e+01	-8.044311e+01
8.100000e-07	-4.268121e-06	-1.209535e-09	-2.961272e+01	-8.018375e+01
8.200000e-07	-4.237969e-06	-1.205237e-09	-2.940353e+01	-7.992268e+01
8.300000e-07	-4.207471e-06	-1.217066e-09	-2.919192e+01	-7.965980e+01
8.400000e-07	-4.176654e-06	-1.204426e-09	-2.897811e+01	-7.939501e+01
8.500000e-07	-4.145676e-06	-1.198743e-09	-2.876318e+01	-7.912821e+01
8.600000e-07	-4.114522e-06	-1.203325e-09	-2.854703e+01	-7.885926e+01
8.700000e-07	-4.083152e-06	-1.197524e-09	-2.832938e+01	-7.858805e+01
8.800000e-07	-4.051574e-06	-1.176781e-09	-2.811029e+01	-7.831445e+01
8.900000e-07	-4.019792e-06	-1.181388e-09	-2.788979e+01	-7.803830e+01
9.000000e-07	-3.987768e-06	-1.172896e-09	-2.766760e+01	-7.775947e+01
9.100000e-07	-3.955489e-06	-1.158496e-09	-2.744364e+01	-7.747781e+01
9.200000e-07	-3.922915e-06	-1.152631e-09	-2.721764e+01	-7.719315e+01
9.300000e-07	-3.889906e-06	-1.160762e-09	-2.698862e+01	-7.690533e+01
9.400000e-07	-3.856434e-06	-1.145339e-09	-2.675639e+01	-7.661420e+01
9.500000e-07	-3.822516e-06	-1.140548e-09	-2.652106e+01	-7.631957e+01
9.600000e-07	-3.788219e-06	-1.140495e-09	-2.628311e+01	-7.602128e+01
9.700000e-07	-3.753541e-06	-1.134102e-09	-2.604250e+01	-7.571915e+01
9.800000e-07	-3.718468e-06	-1.119211e-09	-2.579917e+01	-7.541302e+01
9.900000e-07	-3.683141e-06	-1.119956e-09	-2.555406e+01	-7.510269e+01
1.000000e-06	-3.647647e-06	-1.111735e-09	-2.530780e+01	-7.478800e+01
1.010000e-06	-3.611941e-06	-1.101155e-09	-2.506007e+01	-7.446875e+01
1.020000e-06	-3.576119e-06	-1.095029e-09	-2.481153e+01	-7.414479e+01
1.030000e-06	-3.540182e-06	-1.096687e-09	-2.456220e+01	-7.381593e+01
1.040000e-06	-3.504006e-06	-1.087651e-09	-2.431121e+01	-7.348199e+01
1.050000e-06	-3.467558e-06	-1.081464e-09	-2.405832e+01	-7.314281e+01
1.060000e-06	-3.430823e-06	-1.077133e-09	-2.380345e+01	-7.279822e+01
1.070000e-06	-3.393851e-06	-1.067669e-09	-2.354693e+01	-7.244804e+01
1.080000e-06	-3.356636e-06	-1.058899e-09	-2.328873e+01	-7.209212e+01
1.090000e-06	-3.319210e-06	-1.055525e-09	-2.302907e+01	-7.173030e+01
1.100000e-06	-3.281486e-06	-1.050164e-09	-2.276733e+01	-7.136243e+01
1.110000e-06	-3.243465e-06	-1.040351e-09	-2.250354e+01	-7.098837e+01
1.120000e-06	-3.205284e-06	-1.034475e-09	-2.223863e+01	-7.060796e+01
1.130000e-06	-3.166866e-06	-1.027280e-09	-2.197209e+01	-7.022108e+01
1.140000e-06	-3.128184e-06	-1.020225e-09	-2.170371e+01	-6.982760e+01
1.150000e-06	-3.089335e-06	-1.011564e-09	-2.143417e+01	-6.942741e+01
1.160000e-06	-3.050357e-06	-1.005607e-09	-2.116373e+01	-6.902038e+01
1.170000e-06	-3.011189e-06	-9.963040e-10	-2.089198e+01	-6.860642e+01
1.180000e-06	-2.971836e-06	-9.904741e-10	-2.061895e+01	-6.818543e+01
1.190000e-06	-2.932298e-06	-9.827087e-10	-2.034463e+01	-6.775731e+01
1.200000e-06	-2.892626e-06	-9.777619e-10	-2.006938e+01	-6.732200e+01
1.210000e-06	-2.852810e-06	-9.707932e-10	-1.979313e+01	-6.687941e+01
1.220000e-06	-2.812791e-06	-9.668843e-10	-1.951547e+01	-6.642948e+01
1.230000e-06	-2.772678e-06	-9.570161e-10	-1.923716e+01	-6.597215e+01
1.240000e-06	-2.732400e-06	-9.499761e-10	-1.895771e+01	-6.550738e+01
1.250000e-06	-2.691864e-06	-9.429368e-10	-1.867647e+01	-6.503511e+01
1.260000e-06	-2.651095e-06	-9.366680e-10	-1.839361e+01	-6.455530e+01
1.270000e-06	-2.610149e-06	-9.298076e-10	-1.810952e+01	-6.406792e+01
1.280000e-06	-2.568961e-06	-9.252758e-10	-1.782375e+01	-6.357294e+01
1.290000e-06	-2.527424e-06	-9.160408e-10	-1.753557e+01	-6.307033e+01
1.300000e-06	-2.485605e-06	-9.054818e-10	-1.724542e+01	-6.256006e+01
1.310000e-06	-2.443547e-06	-8.936074e-10	-1.695361e+01	-6.204210e+01
1.320000e-06	-2.401191e-06	-8.841733e-10	-1.665975e+01	-6.151644e+01
1.330000e-06	-2.358495e-06	-8.739315e-10	-1.636351e+01	-6.098303e+01
1.340000e-06	-2.315535e-06	-8.689788e-10	-1.606545e+01	-6.044184e+01
1.350000e-06	-2.272416e-06	-8.648745e-10	-1.576629e+01	-5.989284e+01
1.360000e-06	-2.229206e-06	-8.583312e-10	-1.546649e+01	-5.933598e+01
1.370000e-06	-2.185783e-06	-8.509153e-10	-1.516521e+01	-5.877121e+01
1.380000e-06	-2.142143e-06	-8.452161e-10	-1.486244e+01	-5.819847e+01
1.390000e-06	-2.098477e-06	-8.359370e-10	-1.455948e+01	-5.761767e+01
1.400000e-06	-2.054691e-06	-8.241106e-10	-1.425569e+01	-5.702874e+01
1.410000e-06	-2.010764e-06	-8.135331e-10	-1.395091e+01	-5.643158e+01
1.420000e-06	-1.966788e-06	-8.021612e-10	-1.364581e+01	-5.582605e+01
1.430000e-06	-1.922738e-06	-7.928614e-10	-1.334018e+01	-5.521204e+01
1.440000e-06	-1.878564e-06	-7.857972e-10	-1.303369e+01	-5.458938e+01
1.450000e-06	-1.834258e-06	-7.777769e-10	-1.272630e+01	-5.395791e+01
1.460000e-06	-1.789781e-06	-7.678876e-10	-1.241771e+01	-5.331743e+01
1.470000e-06	-1.745260e-06	-7.575041e-10	-1.210882e+01	-5.266772e+01
1.480000e-06	-1.700694e-06	-7.433586e-10	-1.179962e+01	-5.200855e+01
1.490000e-06	-1.655931e-06	-7.279162e-10	-1.148904e+01	-5.133965e+01
1.500000e-06	-1.611054e-06	-7.135032e-10	-1.117768e+01	-5.066075e+01
1.510000e-06	-1.566010e-06	-7.036569e-10	-1.086516e+01	-4.997154e+01
1.520000e-06	-1.520842e-06	-6.935628e-10	-1.055178e+01	-4.927169e+01
1.530000e-06	-1.475513e-06	-6.825048e-10	-1.023728e+01	-4.856085e+01
1.540000e-06	-1.430102e-06	-6.671312e-10	-9.922211e+00	-4.783864e+01
1.550000e-06	-1.384653e-06	-6.570909e-10	-9.606883e+00	-4.710468e+01
1.560000e-06	-1.339120e-06	-6.422756e-10	-9.290970e+00	-4.635854e+01
1.570000e-06	-1.293480e-06	-6.270160e-10	-8.974315e+00	-4.559981e+01
1.580000e-06	-1.247712e-06	-6.129884e-10	-8.656773e+00	-4.482803e+01
1.590000e-06	-1.201920e-06	-6.000553e-10	-8.339061e+00	-4.404276e+01
1.600000e-06	-1.155966e-06	-5.859183e-10	-8.020227e+00	-4.324350e+01
1.610000e-06	-1.109923e-06	-5.754909e-10	-7.700776e+00	-4.242980e+01
1.620000e-06	-1.063814e-06	-5.653975e-10	-7.380867e+00	-4.160116e+01
1.630000e-06	-1.017608e-06	-5.540456e-10	-7.060284e+00	-4.075709e+01
1.640000e-06	-9.713485e-07	-5.404520e-10	-6.739330e+00	-3.989712e+01
1.650000e-06	-9.250986e-07	-5.221275e-10	-6.418442e+00	-3.902075e+01
1.660000e-06	-8.788148e-07	-5.046020e-10	-6.097319e+00	-3.812752e+01
1.670000e-06	-8.323811e-07	-4.874717e-10	-5.775157e+00	-3.721697e+01
1.680000e-06	-7.859016e-07	-4.732558e-10	-5.452677e+00	-3.628865e+01
1.690000e-06	-7.393788e-07	-4.599750e-10	-5.129896e+00	-3.534214e+01
1.700000e-06	-6.927879e-07	-4.501465e-10	-4.806644e+00	-3.437704e+01
1.710000e-06	-6.461859e-07	-4.376367e-10	-4.483313e+00	-3.339298e+01
1.720000e-06	-5.994608e-07	-4.209844e-10	-4.159129e+00	-3.238963e+01
1.730000e-06	-5.526696e-07	-4.026782e-10	-3.834486e+00	-3.136667e+01
1.740000e-06	-5.057863e-07	-3.832867e-10	-3.509204e+00	-3.032386e+01
1.750000e-06	-4.589441e-07	-3.641995e-10	-3.184208e+00	-2.926098e+01
1.760000e-06	-4.122406e-07	-3.466816e-10	-2.860173e+00	-2.817787e+01
1.770000e-06	-3.653753e-07	-3.301801e-10	-2.535016e+00	-2.707442e+01
1.780000e-06	-3.184300e-07	-3.165651e-10	-2.209304e+00	-2.595057e+01
1.790000e-06	-2.715575e-07	-3.040914e-10	-1.884097e+00	-2.480633e+01
1.800000e-06	-2.246295e-07	-2.893257e-10	-1.558506e+00	-2.364177e+01
1.810000e-06	-1.776666e-07	-2.702919e-10	-1.232672e+00	-2.245702e+01
1.820000e-06	-1.307525e-07	-2.486937e-10	-9.071760e-01	-2.125228e+01
1.830000e-06	-8.378522e-08	-2.269465e-10	-5.813116e-01	-2.002781e+01
1.840000e-06	-3.685519e-08	-2.080059e-10	-2.557056e-01	-1.878397e+01
1.850000e-06	1.008171e-08	-1.928217e-10	6.994805e-02	-1.752115e+01
1.860000e-06	5.706213e-08	-1.819496e-10	3.959037e-01	-1.623984e+01
1.870000e-06	1.040725e-07	-1.705054e-10	7.220670e-01	-1.494060e+01
1.880000e-06	1.510477e-07	-1.566814e-10	1.047987e+00	-1.362406e+01
1.890000e-06	1.978904e-07	-1.402522e-10	1.372987e+00	-1.229090e+01
1.900000e-06	2.446835e-07	-1.193061e-10	1.697643e+00	-1.094189e+01
1.910000e-06	2.914953e-07	-9.646177e-11	2.022428e+00	-9.577879e+00
1.920000e-06	3.383113e-07	-7.435076e-11	2.347243e+00	-8.199754e+00
1.930000e-06	3.850417e-07	-5.585394e-11	2.671464e+00	-6.808478e+00
1.940000e-06	4.318148e-07	-4.044215e-11	2.995982e+00	-5.405072e+00
1.950000e-06	4.785524e-07	-2.805537e-11	3.320252e+00	-3.990614e+00
1.960000e-06	5.252026e-07	-1.615037e-11	3.643917e+00	-2.566231e+00
1.970000e-06	5.718515e-07	-1.072123e-12	3.967572e+00	-1.133097e+00
1.980000e-06	6.183743e-07	1.927277e-11	4.290353e+00	3.075696e-01
1.990000e-06	6.648023e-07	4.228251e-11	4.612476e+00	1.754515e+00
2.000000e-06	7.111789e-07	6.641708e-11	4.934242e+00	3.206454e+00
2.010000e-06	7.575976e-07	9.033865e-11	5.256301e+00	4.662073e+00
2.020000e-06	8.039617e-07	1.088106e-10	5.577980e+00	6.120043e+00
2.030000e-06	8.502351e-07	1.229736e-10	5.899031e+00	7.579016e+00
2.040000e-06	8.964799e-07	1.384466e-10	6.219883e+00	9.037639e+00
2.050000e-06	9.426821e-07	1.550648e-10	6.540439e+00	1.049456e+01
2.060000e-06	9.889025e-07	1.737354e-10	6.861121e+00	1.194842e+01
2.070000e-06	1.035068e-06	1.962666e-10	7.181420e+00	1.339789e+01
2.080000e-06	1.081136e-06	2.214567e-10	7.501047e+00	1.484164e+01
2.090000e-06	1.127066e-06	2.435684e-10	7.819713e+00	1.627837e+01
2.100000e-06	1.172918e-06	2.634628e-10	8.137841e+00	1.770682e+01
2.110000e-06	1.218727e-06	2.830415e-10	8.455673e+00	1.912574e+01
2.120000e-06	1.264394e-06	3.021393e-10	8.772513e+00	2.053396e+01
2.130000e-06	1.309916e-06	3.216727e-10	9.088349e+00	2.193031e+01
2.140000e-06	1.355433e-06	3.402353e-10	9.404154e+00	2.331370e+01
2.150000e-06	1.400937e-06	3.580315e-10	9.719862e+00	2.468308e+01
2.160000e-06	1.446341e-06	3.755243e-10	1.003488e+01	2.603748e+01
2.170000e-06	1.491672e-06	3.957951e-10	1.034939e+01	2.737596e+01
2.180000e-06	1.536804e-06	4.171091e-10	1.066252e+01	2.869769e+01
2.190000e-06	1.581683e-06	4.348268e-10	1.097390e+01	3.000186e+01
2.200000e-06	1.626431e-06	4.514363e-10	1.128437e+01	3.128776e+01
2.210000e-06	1.671096e-06	4.694274e-10	1.159426e+01	3.255475e+01
2.220000e-06	1.715671e-06	4.884458e-10	1.190353e+01	3.380226e+01
2.230000e-06	1.760066e-06	5.066794e-10	1.221154e+01	3.502980e+01
2.240000e-06	1.804288e-06	5.243100e-10	1.251836e+01	3.623695e+01
2.250000e-06	1.848398e-06	5.409589e-10	1.282440e+01	3.742335e+01
2.260000e-06	1.892467e-06	5.552800e-10	1.313016e+01	3.858874e+01
2.270000e-06	1.936499e-06	5.704794e-10	1.343565e+01	3.973292e+01
2.280000e-06	1.980376e-06	5.863680e-10	1.374008e+01	4.085576e+01
2.290000e-06	2.024181e-06	6.017385e-10	1.404401e+01	4.195719e+01
2.300000e-06	2.067986e-06	6.167511e-10	1.434793e+01	4.303723e+01
2.310000e-06	2.111733e-06	6.325366e-10	1.465145e+01	4.409593e+01
2.320000e-06	2.155408e-06	6.476634e-10	1.495447e+01	4.513343e+01
2.330000e-06	2.199020e-06	6.616596e-10	1.525705e+01	4.614990e+01
2.340000e-06	2.242526e-06	6.737641e-10	1.555891e+01	4.714557e+01
2.350000e-06	2.285817e-06	6.859785e-10	1.585927e+01	4.812074e+01
2.360000e-06	2.328859e-06	6.988425e-10	1.615790e+01	4.907570e+01
2.370000e-06	2.371760e-06	7.118458e-10	1.645555e+01	5.001083e+01
2.380000e-06	2.414442e-06	7.250789e-10	1.675168e+01	5.092652e+01
2.390000e-06	2.456817e-06	7.391281e-10	1.704569e+01	5.182319e+01
2.400000e-06	2.498898e-06	7.531445e-10	1.733765e+01	5.270127e+01
2.410000e-06	2.540589e-06	7.656519e-10	1.762690e+01	5.356124e+01
2.420000e-06	2.581837e-06	7.770455e-10	1.791309e+01	5.440357e+01
2.430000e-06	2.622763e-06	7.887243e-10	1.819703e+01	5.522874e+01
2.440000e-06	2.663510e-06	8.022118e-10	1.847974e+01	5.603724e+01
2.450000e-06	2.704016e-06	8.163296e-10	1.876078e+01	5.682957e+01
2.460000e-06	2.744270e-06	8.303550e-10	1.904006e+01	5.760620e+01
2.470000e-06	2.784417e-06	8.421639e-10	1.931861e+01	5.836763e+01
2.480000e-06	2.824388e-06	8.506914e-10	1.959593e+01	5.911430e+01
2.490000e-06	2.864178e-06	8.567560e-10	1.987200e+01	5.984669e+01
2.500000e-06	2.903906e-06	8.641176e-10	2.014764e+01	6.056521e+01
2.510000e-06	2.943567e-06	8.746344e-10	2.042281e+01	6.127030e+01
2.520000e-06	2.983056e-06	8.865852e-10	2.069679e+01	6.196233e+01
2.530000e-06	3.022431e-06	8.988091e-10	2.096998e+01	6.264168e+01
2.540000e-06	3.061675e-06	9.110107e-10	2.124226e+01	6.330869e+01
2.550000e-06	3.100552e-06	9.186722e-10	2.151199e+01	6.396368e+01
2.560000e-06	3.139149e-06	9.226741e-10	2.177978e+01	6.460694e+01
2.570000e-06	3.177521e-06	9.268966e-10	2.204601e+01	6.523872e+01
2.580000e-06	3.215617e-06	9.317686e-10	2.231033e+01	6.585927e+01
2.590000e-06	3.253526e-06	9.364494e-10	2.257335e+01	6.646879e+01
2.600000e-06	3.291246e-06	9.436294e-10	2.283505e+01	6.706746e+01
2.610000e-06	3.328839e-06	9.547304e-10	2.309588e+01	6.765544e+01
2.620000e-06	3.366296e-06	9.663708e-10	2.335575e+01	6.823285e+01
2.630000e-06	3.403407e-06	9.766041e-10	2.361324e+01	6.879982e+01
2.640000e-06	3.440271e-06	9.846361e-10	2.386900e+01	6.935642e+01
2.650000e-06	3.476852e-06	9.892663e-10	2.412280e+01	6.990273e+01
2.660000e-06	3.513045e-06	9.913579e-10	2.437392e+01	7.043880e+01
2.670000e-06	3.549096e-06	9.954083e-10	2.462404e+01	7.096468e+01
2.680000e-06	3.585023e-06	1.002677e-09	2.487331e+01	7.148040e+01
2.690000e-06	3.620795e-06	1.011404e-09	2.512150e+01	7.198597e+01
2.700000e-06	3.656482e-06	1.021553e-09	2.536910e+01	7.248141e+01
2.710000e-06	3.692067e-06	1.031402e-09	2.561599e+01	7.296674e+01
2.720000e-06	3.727476e-06	1.040740e-09	2.586166e+01	7.344197e+01
2.730000e-06	3.762601e-06	1.051466e-09	2.610536e+01	7.390711e+01
2.740000e-06	3.797323e-06	1.057756e-09	2.634627e+01	7.436218e+01
2.750000e-06	3.831522e-06	1.058921e-09	2.658355e+01	7.480721e+01
2.760000e-06	3.865328e-06	1.060737e-09	2.681810e+01	7.524222e+01
2.770000e-06	3.898646e-06	1.066413e-09	2.704926e+01	7.566727e+01
2.780000e-06	3.931491e-06	1.076992e-09	2.727715e+01	7.608241e+01
2.790000e-06	3.963998e-06	1.088894e-09	2.750268e+01	7.648771e+01
2.800000e-06	3.996167e-06	1.100019e-09	2.772587e+01	7.688326e+01
2.810000e-06	4.028148e-06	1.107913e-09	2.794776e+01	7.726915e+01
2.820000e-06	4.059955e-06	1.111328e-09	2.816844e+01	7.764552e+01
2.830000e-06	4.091565e-06	1.114535e-09	2.838775e+01	7.801249e+01
2.840000e-06	4.122981e-06	1.118348e-09	2.860573e+01	7.837021e+01
2.850000e-06	4.154156e-06	1.122975e-09	2.882202e+01	7.871887e+01
2.860000e-06	4.185030e-06	1.131047e-09	2.903623e+01	7.905864e+01
2.870000e-06	4.215590e-06	1.139954e-09	2.924825e+01	7.938974e+01
2.880000e-06	4.245870e-06	1.145240e-09	2.945834e+01	7.971238e+01
2.890000e-06	4.275913e-06	1.149847e-09	2.966678e+01	8.002681e+01
2.900000e-06	4.305593e-06	1.155859e-09	2.987271e+01	8.033326e+01
2.910000e-06	4.334914e-06	1.161915e-09	3.007614e+01	8.063200e+01
2.920000e-06	4.364006e-06	1.168634e-09	3.027798e+01	8.092331e+01
2.930000e-06	4.392776e-06	1.175047e-09	3.047759e+01	8.120744e+01
2.940000e-06	4.421203e-06	1.179804e-09	3.067482e+01	8.148470e+01
2.950000e-06	4.449473e-06	1.183504e-09	3.087097e+01	8.175537e+01
2.960000e-06	4.477538e-06	1.187706e-09	3.106568e+01	8.201973e+01
2.970000e-06	4.505336e-06	1.192884e-09	3.125855e+01	8.227807e+01
2.980000e-06	4.532965e-06	1.199065e-09	3.145024e+01	8.253068e+01
2.990000e-06	4.560441e-06	1.205668e-09	3.164087e+01	8.277784e+01
3.000000e-06	4.587586e-06	1.210646e-09	3.182921e+01	8.301981e+01
3.010000e-06	4.614159e-06	1.213966e-09	3.201358e+01	8.325686e+01
3.020000e-06	4.640191e-06	1.216754e-09	3.219419e+01	8.348924e+01
3.030000e-06	4.665738e-06	1.221405e-09	3.237144e+01	8.371718e+01
3.040000e-06	4.690738e-06	1.227860e-09	3.254489e+01	8.394089e+01
3.050000e-06	4.715213e-06	1.232035e-09	3.271470e+01	8.416059e+01
3.060000e-06	4.739288e-06	1.235438e-09	3.288173e+01	8.437644e+01
3.070000e-06	4.763155e-06	1.239027e-09	3.304732e+01	8.458862e+01
3.080000e-06	4.786869e-06	1.239694e-09	3.321186e+01	8.479725e+01
3.090000e-06	4.810273e-06	1.239601e-09	3.337423e+01	8.500246e+01
3.100000e-06	4.833304e-06	1.241545e-09	3.353403e+01	8.520434e+01
3.110000e-06	4.855998e-06	1.245468e-09	3.369148e+01	8.540296e+01
3.120000e-06	4.878321e-06	1.250222e-09	3.384636e+01	8.559837e+01
3.130000e-06	4.900331e-06	1.254159e-09	3.399907e+01	8.579059e+01
3.140000e-06	4.922051e-06	1.257748e-09	3.414976e+01	8.597962e+01
3.150000e-06	4.943488e-06	1.260745e-09	3.429850e+01	8.616545e+01
3.160000e-06	4.964559e-06	1.263263e-09	3.444469e+01	8.634803e+01
3.170000e-06	4.985209e-06	1.265679e-09	3.458796e+01	8.652731e+01
3.180000e-06	5.005630e-06	1.268636e-09	3.472964e+01	8.670320e+01
3.190000e-06	5.025809e-06	1.272531e-09	3.486965e+01	8.687561e+01
3.200000e-06	5.045734e-06	1.274426e-09	3.500789e+01	8.704444e+01
3.210000e-06	5.065411e-06	1.275614e-09	3.514441e+01	8.720955e+01
3.220000e-06	5.084792e-06	1.276558e-09	3.527888e+01	8.737083e+01
3.230000e-06	5.103867e-06	1.279766e-09	3.541123e+01	8.752813e+01
3.240000e-06	5.122553e-06	1.284704e-09	3.554087e+01	8.768131e+01
3.250000e-06	5.140774e-06	1.289381e-09	3.566729e+01	8.783022e+01
3.260000e-06	5.158546e-06	1.290948e-09	3.579060e+01	8.797472e+01
3.270000e-06	5.176016e-06	1.284752e-09	3.591180e+01	8.811466e+01
3.280000e-06	5.193130e-06	1.279016e-09	3.603054e+01	8.824990e+01
3.290000e-06	5.209908e-06	1.279942e-09	3.614695e+01	8.838030e+01
3.300000e-06	5.226364e-06	1.286083e-09	3.626112e+01	8.850575e+01
3.310000e-06	5.242360e-06	1.292711e-09	3.637211e+01	8.862613e+01
3.320000e-06	5.257902e-06	1.299875e-09	3.647994e+01	8.874135e+01
3.330000e-06	5.273057e-06	1.304444e-09	3.658508e+01	8.885132e+01
3.340000e-06	5.287754e-06	1.303122e-09	3.668705e+01	8.895597e+01
3.350000e-06	5.301906e-06	1.300621e-09	3.678524e+01	8.905527e+01
3.360000e-06	5.315743e-06	1.300203e-09	3.688125e+01	8.914919e+01
3.370000e-06	5.329189e-06	1.299699e-09	3.697453e+01	8.923773e+01
3.380000e-06	5.342162e-06	1.300492e-09	3.706454e+01	8.932091e+01
3.390000e-06	5.354746e-06	1.305319e-09	3.715185e+01	8.939876e+01
3.400000e-06	5.367029e-06	1.308753e-09	3.723707e+01	8.947137e+01
3.410000e-06	5.379042e-06	1.307537e-09	3.732042e+01	8.953882e+01
3.420000e-06	5.390639e-06	1.307854e-09	3.740088e+01	8.960122e+01
3.430000e-06	5.401828e-06	1.309821e-09	3.747851e+01	8.965872e+01
3.440000e-06	5.412486e-06	1.312572e-09	3.755246e+01	8.971147e+01
3.450000e-06	5.422387e-06	1.316759e-09	3.762115e+01	8.975966e+01
3.460000e-06	5.431675e-06	1.320296e-09	3.768559e+01	8.980348e+01
3.470000e-06	5.440500e-06	1.322789e-09	3.774683e+01	8.984316e+01
3.480000e-06	5.448815e-06	1.323149e-09	3.780452e+01	8.987894e+01
3.490000e-06	5.456812e-06	1.321800e-09	3.786000e+01	8.991106e+01
3.500000e-06	5.464605e-06	1.321208e-09	3.791407e+01	8.993980e+01
3.510000e-06	5.472052e-06	1.323621e-09	3.796573e+01	8.996543e+01
3.520000e-06	5.479184e-06	1.329034e-09	3.801522e+01	8.998822e+01
3.530000e-06	5.486029e-06	1.334828e-09	3.806271e+01	9.000848e+01
3.540000e-06	5.492486e-06	1.338811e-09	3.810751e+01	9.002650e+01
3.550000e-06	5.498549e-06	1.339575e-09	3.814957e+01	9.004256e+01
3.560000e-06	5.504230e-06	1.338301e-09	3.818899e+01	9.005695e+01
3.570000e-06	5.509538e-06	1.339413e-09	3.822582e+01	9.006997e+01
3.580000e-06	5.514313e-06	1.339960e-09	3.825895e+01	9.008189e+01
3.590000e-06	5.518659e-06	1.341003e-09	3.828910e+01	9.009297e+01
3.600000e-06	5.522774e-06	1.341249e-09	3.831765e+01	9.010347e+01
3.610000e-06	5.526667e-06	1.341784e-09	3.834466e+01	9.011363e+01
3.620000e-06	5.530362e-06	1.345613e-09	3.837030e+01	9.012367e+01
3.630000e-06	5.533745e-06	1.349842e-09	3.839377e+01	9.013379e+01
3.640000e-06	5.536622e-06	1.353679e-09	3.841373e+01	9.014416e+01
3.650000e-06	5.538930e-06	1.355449e-09	3.842975e+01	9.015495e+01
3.660000e-06	5.540711e-06	1.357820e-09	3.844210e+01	9.016628e+01
3.670000e-06	5.542021e-06	1.359342e-09	3.845119e+01	9.017825e+01
3.680000e-06	5.542902e-06	1.360201e-09	3.845730e+01	9.019093e+01
3.690000e-06	5.543291e-06	1.359753e-09	3.846000e+01	9.020439e+01
3.700000e-06	5.543286e-06	1.358458e-09	3.845996e+01	9.021862e+01
3.710000e-06	5.543005e-06	1.359599e-09	3.845801e+01	9.023362e+01
3.720000e-06	5.542472e-06	1.363687e-09	3.845431e+01	9.024935e+01
3.730000e-06	5.541520e-06	1.366368e-09	3.844771e+01	9.026574e+01
3.740000e-06	5.540133e-06	1.367784e-09	3.843809e+01	9.028268e+01
3.750000e-06	5.538422e-06	1.371441e-09	3.842622e+01	9.030004e+01
3.760000e-06	5.536461e-06	1.379866e-09	3.841261e+01	9.031768e+01
3.770000e-06	5.534147e-06	1.369773e-09	3.839656e+01	9.033541e+01
3.780000e-06	5.531307e-06	1.309998e-09	3.837685e+01	9.035302e+01
3.790000e-06	5.528022e-06	1.320359e-09	3.835407e+01	9.037029e+01
3.800000e-06	5.524232e-06	1.442304e-09	3.832777e+01	9.038697e+01
3.810000e-06	5.520134e-06	1.415837e-09	3.829934e+01	9.040278e+01
3.820000e-06	5.515941e-06	1.344411e-09	3.827024e+01	9.041745e+01
3.830000e-06	5.511528e-06	1.301042e-09	3.823963e+01	9.043068e+01
3.840000e-06	5.506571e-06	1.423533e-09	3.820523e+01	9.044215e+01
3.850000e-06	5.501087e-06	1.449944e-09	3.816718e+01	9.045155e+01
3.860000e-06	5.495312e-06	1.326107e-09	3.812712e+01	9.045855e+01
3.870000e-06	5.489131e-06	1.303337e-09	3.808423e+01	9.046281e+01
3.880000e-06	5.482317e-06	1.425016e-09	3.803695e+01	9.046402e+01
3.890000e-06	5.474908e-06	1.490603e-09	3.798555e+01	9.046183e+01
3.900000e-06	5.467165e-06	1.275560e-09	3.793183e+01	9.045592e+01
3.910000e-06	5.459169e-06	1.265811e-09	3.787635e+01	9.044596e+01
3.920000e-06	5.450683e-06	1.420025e-09	3.781747e+01	9.043165e+01
3.930000e-06	5.441824e-06	1.518911e-09	3.775601e+01	9.041269e+01
3.940000e-06	5.432837e-06	1.312046e-09	3.769365e+01	9.038879e+01
3.950000e-06	5.423430e-06	1.300128e-09	3.762839e+01	9.035967e+01
3.960000e-06	5.413429e-06	1.398060e-09	3.755900e+01	9.032507e+01
3.970000e-06	5.403149e-06	1.428344e-09	3.748768e+01	9.028477e+01
3.980000e-06	5.392715e-06	1.311646e-09	3.741529e+01	9.023854e+01
3.990000e-06	5.381795e-06	1.342773e-09	3.733952e+01	9.018619e+01
4.000000e-06	5.370293e-06	1.431453e-09	3.725972e+01	9.012755e+01
4.010000e-06	5.358444e-06	1.394330e-09	3.717751e+01	9.006246e+01
4.020000e-06	5.346222e-06	1.318054e-09	3.709271e+01	8.999081e+01
4.030000e-06	5.333391e-06	1.331478e-09	3.700369e+01	8.991249e+01
4.040000e-06	5.320094e-06	1.420110e-09	3.691143e+01	8.982743e+01
4.050000e-06	5.306472e-06	1.371441e-09	3.681692e+01	8.973558e+01
4.060000e-06	5.292349e-06	1.314461e-09	3.671894e+01	8.963691e+01
4.070000e-06	5.277513e-06	1.336382e-09	3.661600e+01	8.953143e+01
4.080000e-06	5.262211e-06	1.439131e-09	3.650984e+01	8.941916e+01
4.090000e-06	5.246671e-06	1.361700e-09	3.640201e+01	8.930014e+01
4.100000e-06	5.230612e-06	1.269590e-09	3.629059e+01	8.917445e+01
4.110000e-06	5.214198e-06	1.335670e-09	3.617672e+01	8.904217e+01
4.120000e-06	5.197636e-06	1.452960e-09	3.606180e+01	8.890342e+01
4.130000e-06	5.180663e-06	1.313448e-09	3.594405e+01	8.875833e+01
4.140000e-06	5.163260e-06	1.280175e-09	3.582330e+01	8.860704e+01
4.150000e-06	5.145545e-06	1.411852e-09	3.570039e+01	8.844972e+01
4.160000e-06	5.127526e-06	1.408432e-09	3.557538e+01	8.828654e+01
4.170000e-06	5.109007e-06	1.239878e-09	3.544689e+01	8.811769e+01
4.180000e-06	5.090168e-06	1.343355e-09	3.531618e+01	8.794338e+01
4.190000e-06	5.071150e-06	1.435567e-09	3.518423e+01	8.776381e+01
4.200000e-06	5.051771e-06	1.292899e-09	3.504977e+01	8.757919e+01
4.210000e-06	5.032067e-06	1.263809e-09	3.491307e+01	8.738975e+01
4.220000e-06	5.012151e-06	1.421637e-09	3.477489e+01	8.719572e+01
4.230000e-06	4.991975e-06	1.348565e-09	3.463490e+01	8.699731e+01
4.240000e-06	4.971498e-06	1.257028e-09	3.449284e+01	8.679477e+01
4.250000e-06	4.950743e-06	1.371966e-09	3.434883e+01	8.658830e+01
4.260000e-06	4.929517e-06	1.367359e-09	3.420157e+01	8.637814e+01
4.270000e-06	4.907640e-06	1.253663e-09	3.404978e+01	8.616450e+01
4.280000e-06	4.885164e-06	1.335827e-09	3.389384e+01	8.594759e+01
4.290000e-06	4.862236e-06	1.393113e-09	3.373476e+01	8.572763e+01
4.300000e-06	4.838848e-06	1.271195e-09	3.357249e+01	8.550480e+01
4.310000e-06	4.815098e-06	1.285134e-09	3.340771e+01	8.527930e+01
4.320000e-06	4.791140e-06	1.366571e-09	3.324149e+01	8.505130e+01
4.330000e-06	4.766847e-06	1.302093e-09	3.307294e+01	8.482096e+01
4.340000e-06	4.742267e-06	1.265997e-09	3.290240e+01	8.458845e+01
4.350000e-06	4.717483e-06	1.341971e-09	3.273045e+01	8.435390e+01
4.360000e-06	4.692360e-06	1.316198e-09	3.255614e+01	8.411744e+01
4.370000e-06	4.666859e-06	1.283219e-09	3.237921e+01	8.387919e+01
4.380000e-06	4.641018e-06	1.321076e-09	3.219992e+01	8.363924e+01
4.390000e-06	4.614791e-06	1.320558e-09	3.201796e+01	8.339769e+01
4.400000e-06	4.588255e-06	1.268555e-09	3.183385e+01	8.315461e+01
4.410000e-06	4.561557e-06	1.290920e-09	3.164862e+01	8.291005e+01
4.420000e-06	4.534520e-06	1.297141e-09	3.146103e+01	8.266407e+01
4.430000e-06	4.507035e-06	1.285111e-09	3.127034e+01	8.241668e+01
4.440000e-06	4.479281e-06	1.295021e-09	3.107777e+01	8.216791e+01
4.450000e-06	4.451413e-06	1.301967e-09	3.088443e+01	8.191777e+01
4.460000e-06	4.423378e-06	1.268411e-09	3.068991e+01	8.166624e+01
4.470000e-06	4.395087e-06	1.275061e-09	3.049363e+01	8.141330e+01
4.480000e-06	4.366528e-06	1.280781e-09	3.029548e+01	8.115891e+01
4.490000e-06	4.337625e-06	1.259987e-09	3.009495e+01	8.090303e+01
4.500000e-06	4.308322e-06	1.252547e-09	2.989164e+01	8.064560e+01
4.510000e-06	4.278600e-06	1.271589e-09	2.968542e+01	8.038655e+01
4.520000e-06	4.248368e-06	1.254967e-09	2.947568e+01	8.012579e+01
4.530000e-06	4.217645e-06	1.244597e-09	2.926252e+01	7.986325e+01
4.540000e-06	4.186548e-06	1.259756e-09	2.904676e+01	7.959881e+01
4.550000e-06	4.155029e-06	1.252161e-09	2.882808e+01	7.933238e+01
4.560000e-06	4.123206e-06	1.227322e-09	2.860729e+01	7.906382e+01
4.570000e-06	4.091241e-06	1.236815e-09	2.838551e+01	7.879303e+01
4.580000e-06	4.059087e-06	1.243547e-09	2.816242e+01	7.851986e+01
4.590000e-06	4.026711e-06	1.219292e-09	2.793779e+01	7.824417e+01
4.600000e-06	3.994023e-06	1.212370e-09	2.771100e+01	7.796583e+01
4.610000e-06	3.961007e-06	1.218278e-09	2.748193e+01	7.768467e+01
4.620000e-06	3.927724e-06	1.206276e-09	2.725101e+01	7.740055e+01
4.630000e-06	3.894159e-06	1.194696e-09	2.701813e+01	7.711330e+01
4.640000e-06	3.860320e-06	1.209656e-09	2.678335e+01	7.682275e+01
4.650000e-06	3.826304e-06	1.201095e-09	2.654734e+01	7.652874e+01
4.660000e-06	3.792135e-06	1.182053e-09	2.631028e+01	7.623110e+01
4.670000e-06	3.757675e-06	1.181730e-09	2.607119e+01	7.592966e+01
4.680000e-06	3.722843e-06	1.189322e-09	2.582952e+01	7.562423e+01
4.690000e-06	3.687747e-06	1.173775e-09	2.558602e+01	7.531464e+01
4.700000e-06	3.652429e-06	1.170381e-09	2.534098e+01	7.500071e+01
4.710000e-06	3.616861e-06	1.171746e-09	2.509421e+01	7.468226e+01
4.720000e-06	3.581108e-06	1.167263e-09	2.484615e+01	7.435913e+01
4.730000e-06	3.545206e-06	1.160788e-09	2.459705e+01	7.403112e+01
4.740000e-06	3.509141e-06	1.167999e-09	2.434683e+01	7.369807e+01
4.750000e-06	3.472923e-06	1.162261e-09	2.409555e+01	7.335980e+01
4.760000e-06	3.436493e-06	1.154707e-09	2.384279e+01	7.301615e+01
4.770000e-06	3.399965e-06	1.152960e-09	2.358936e+01	7.266694e+01
4.780000e-06	3.363295e-06	1.151365e-09	2.333494e+01	7.231201e+01
4.790000e-06	3.326152e-06	1.143065e-09	2.307723e+01	7.195121e+01
4.800000e-06	3.288566e-06	1.142892e-09	2.281645e+01	7.158439e+01
4.810000e-06	3.250553e-06	1.143127e-09	2.255272e+01	7.121139e+01
4.820000e-06	3.212193e-06	1.139345e-09	2.228657e+01	7.083208e+01
4.830000e-06	3.173480e-06	1.134198e-09	2.201797e+01	7.044631e+01
4.840000e-06	3.134330e-06	1.130661e-09	2.174635e+01	7.005397e+01
4.850000e-06	3.094883e-06	1.122862e-09	2.147266e+01	6.965493e+01
4.860000e-06	3.055273e-06	1.113194e-09	2.119784e+01	6.924907e+01
4.870000e-06	3.015518e-06	1.108066e-09	2.092202e+01	6.883630e+01
4.880000e-06	2.975551e-06	1.104598e-09	2.064472e+01	6.841651e+01
4.890000e-06	2.935488e-06	1.099226e-09	2.036676e+01	6.798961e+01
4.900000e-06	2.895354e-06	1.092908e-09	2.008830e+01	6.755553e+01
4.910000e-06	2.855016e-06	1.090549e-09	1.980843e+01	6.711419e+01
4.920000e-06	2.814574e-06	1.083639e-09	1.952784e+01	6.666551e+01
4.930000e-06	2.773919e-06	1.077243e-09	1.924578e+01	6.620945e+01
4.940000e-06	2.732991e-06	1.069389e-09	1.896181e+01	6.574594e+01
4.950000e-06	2.691904e-06	1.063820e-09	1.867675e+01	6.527495e+01
4.960000e-06	2.650657e-06	1.057476e-09	1.839057e+01	6.479643e+01
4.970000e-06	2.609204e-06	1.054746e-09	1.810296e+01	6.431034e+01
4.980000e-06	2.567486e-06	1.049596e-09	1.781352e+01	6.381666e+01
4.990000e-06	2.525673e-06	1.043560e-09	1.752341e+01	6.331535e+01
5.000000e-06	2.483826e-06	1.033276e-09	1.723307e+01	6.280638e+01
5.010000e-06	2.441807e-06	1.023733e-09	1.694154e+01	6.228973e+01
5.020000e-06	2.399509e-06	1.015004e-09	1.664807e+01	6.176538e+01
5.030000e-06	2.357019e-06	1.011023e-09	1.635328e+01	6.123329e+01
5.040000e-06	2.314411e-06	1.006778e-09	1.605766e+01	6.069343e+01
5.050000e-06	2.271590e-06	1.002614e-09	1.576056e+01	6.014576e+01
5.060000e-06	2.228527e-06	9.962394e-10	1.546178e+01	5.959024e+01
5.070000e-06	2.185311e-06	9.897829e-10	1.516195e+01	5.902682e+01
5.080000e-06	2.142037e-06	9.816954e-10	1.486170e+01	5.845544e+01
5.090000e-06	2.098636e-06	9.733185e-10	1.456058e+01	5.787601e+01
5.100000e-06	2.055109e-06	9.631668e-10	1.425858e+01	5.728847e+01
5.110000e-06	2.011461e-06	9.533187e-10	1.395575e+01	5.669271e+01
5.120000e-06	1.967672e-06	9.443127e-10	1.365194e+01	5.608862e+01
5.130000e-06	1.923809e-06	9.350893e-10	1.334761e+01	5.547606e+01
5.140000e-06	1.879884e-06	9.259759e-10	1.304285e+01	5.485488e+01
5.150000e-06	1.835894e-06	9.195401e-10	1.273764e+01	5.422491e+01
5.160000e-06	1.791809e-06	9.140351e-10	1.243178e+01	5.358597e+01
5.170000e-06	1.747672e-06	9.032154e-10	1.212555e+01	5.293784e+01
5.180000e-06	1.703454e-06	8.906852e-10	1.181877e+01	5.228029e+01
5.190000e-06	1.659128e-06	8.758432e-10	1.151122e+01	5.161306e+01
5.200000e-06	1.614729e-06	8.620262e-10	1.120318e+01	5.093588e+01
5.210000e-06	1.570202e-06	8.502393e-10	1.089424e+01	5.024844e+01
5.220000e-06	1.525462e-06	8.416395e-10	1.058384e+01	4.955041e+01
5.230000e-06	1.480605e-06	8.329289e-10	1.027261e+01	4.884145e+01
5.240000e-06	1.435806e-06	8.232418e-10	9.961793e+00	4.812119e+01
5.250000e-06	1.390918e-06	8.140313e-10	9.650354e+00	4.738924e+01
5.260000e-06	1.345822e-06	8.020546e-10	9.337469e+00	4.664519e+01
5.270000e-06	1.300632e-06	7.867321e-10	9.023936e+00	4.588861e+01
5.280000e-06	1.255411e-06	7.709446e-10	8.710190e+00	4.511907e+01
5.290000e-06	1.210138e-06	7.541325e-10	8.396081e+00	4.433610e+01
5.300000e-06	1.164646e-06	7.409784e-10	8.080448e+00	4.353923e+01
5.310000e-06	1.118975e-06	7.307893e-10	7.763580e+00	4.272800e+01
5.320000e-06	1.073264e-06	7.225017e-10	7.446432e+00	4.190190e+01
5.330000e-06	1.027529e-06	7.163256e-10	7.129118e+00	4.106047e+01
5.340000e-06	9.816251e-07	7.070258e-10	6.810630e+00	4.020321e+01
5.350000e-06	9.355636e-07	6.925952e-10	6.491049e+00	3.932963e+01
5.360000e-06	8.895121e-07	6.785814e-10	6.171539e+00	3.843928e+01
5.370000e-06	8.434731e-07	6.622597e-10	5.852115e+00	3.753167e+01
5.380000e-06	7.973603e-07	6.446166e-10	5.532179e+00	3.660637e+01
5.390000e-06	7.511794e-07	6.277148e-10	5.211770e+00	3.566295e+01
5.400000e-06	7.049473e-07	6.153355e-10	4.891007e+00	3.470100e+01
5.410000e-06	6.586543e-07	6.033538e-10	4.569821e+00	3.372015e+01
5.420000e-06	6.122961e-07	5.905841e-10	4.248182e+00	3.272005e+01
5.430000e-06	5.658312e-07	5.776669e-10	3.925803e+00	3.170041e+01
5.440000e-06	5.193773e-07	5.614595e-10	3.603501e+00	3.066095e+01
5.450000e-06	4.729493e-07	5.422886e-10	3.281378e+00	2.960145e+01
5.460000e-06	4.264415e-07	5.244962e-10	2.958701e+00	2.852175e+01
5.470000e-06	3.798396e-07	5.083110e-10	2.635371e+00	2.742172e+01
5.480000e-06	3.332623e-07	4.901882e-10	2.312213e+00	2.630130e+01
5.490000e-06	2.866720e-07	4.725586e-10	1.988964e+00	2.516048e+01
5.500000e-06	2.401416e-07	4.577233e-10	1.666130e+00	2.399933e+01
5.510000e-06	1.936837e-07	4.411956e-10	1.343800e+00	2.281795e+01
5.520000e-06	1.471446e-07	4.198090e-10	1.020906e+00	2.161655e+01
5.530000e-06	1.005490e-07	3.981946e-10	6.976206e-01	2.039538e+01
5.540000e-06	5.392509e-08	3.792852e-10	3.741386e-01	1.915477e+01
5.550000e-06	7.296022e-09	3.614534e-10	5.062065e-02	1.789511e+01
5.560000e-06	-3.936586e-08	3.414908e-10	-2.731249e-01	1.661687e+01
5.570000e-06	-8.602359e-08	3.196536e-10	-5.968417e-01	1.532060e+01
5.580000e-06	-1.326333e-07	2.970714e-10	-9.202256e-01	1.400692e+01
5.590000e-06	-1.792358e-07	2.747550e-10	-1.243559e+00	1.267651e+01
5.600000e-06	-2.258440e-07	2.531807e-10	-1.566932e+00	1.133011e+01
5.610000e-06	-2.724653e-07	2.324484e-10	-1.890396e+00	9.968566e+00
5.620000e-06	-3.190122e-07	2.084113e-10	-2.213344e+00	8.592754e+00
5.630000e-06	-3.654745e-07	1.831735e-10	-2.535705e+00	7.203626e+00
5.640000e-06	-4.119613e-07	1.590151e-10	-2.858236e+00	5.802196e+00
5.650000e-06	-4.584984e-07	1.350846e-10	-3.181115e+00	4.389529e+00
5.660000e-06	-5.049435e-07	1.134589e-10	-3.503357e+00	2.966746e+00
5.670000e-06	-5.512888e-07	9.246413e-11	-3.824906e+00	1.535013e+00
5.680000e-06	-5.975716e-07	6.696665e-11	-4.146021e+00	9.554222e-02
5.690000e-06	-6.438350e-07	4.161039e-11	-4.467002e+00	-1.350419e+00
5.700000e-06	-6.900794e-07	1.716641e-11	-4.787852e+00	-2.801590e+00
5.710000e-06	-7.362703e-07	-9.069510e-12	-5.108329e+00	-4.256662e+00
5.720000e-06	-7.824623e-07	-3.564049e-11	-5.428815e+00	-5.714306e+00
5.730000e-06	-8.285885e-07	-5.881469e-11	-5.748844e+00	-7.173179e+00
5.740000e-06	-8.746428e-07	-8.061009e-11	-6.068374e+00	-8.631928e+00
5.750000e-06	-9.206506e-07	-1.028730e-10	-6.387581e+00	-1.008920e+01
5.760000e-06	-9.665847e-07	-1.255311e-10	-6.706277e+00	-1.154364e+01
5.770000e-06	-1.012294e-06	-1.509829e-10	-7.023417e+00	-1.299390e+01
5.780000e-06	-1.057895e-06	-1.775094e-10	-7.339797e+00	-1.443867e+01
5.790000e-06	-1.103484e-06	-2.047231e-10	-7.656103e+00	-1.587664e+01
5.800000e-06	-1.149029e-06	-2.298230e-10	-7.972094e+00	-1.730652e+01
5.810000e-06	-1.194394e-06	-2.530114e-10	-8.286848e+00	-1.872710e+01
5.820000e-06	-1.239521e-06	-2.756932e-10	-8.599942e+00	-2.013715e+01
5.830000e-06	-1.284471e-06	-2.981362e-10	-8.911811e+00	-2.153553e+01
5.840000e-06	-1.329356e-06	-3.200187e-10	-9.223228e+00	-2.292113e+01
5.850000e-06	-1.374291e-06	-3.422260e-10	-9.534991e+00	-2.429289e+01
5.860000e-06	-1.419093e-06	-3.663448e-10	-9.845835e+00	-2.564982e+01
5.870000e-06	-1.463673e-06	-3.904112e-10	-1.015514e+01	-2.699100e+01
5.880000e-06	-1.508123e-06	-4.134849e-10	-1.046353e+01	-2.831554e+01
5.890000e-06	-1.552489e-06	-4.373625e-10	-1.077135e+01	-2.962266e+01
5.900000e-06	-1.596823e-06	-4.597092e-10	-1.107894e+01	-3.091163e+01
5.910000e-06	-1.641105e-06	-4.801473e-10	-1.138618e+01	-3.218179e+01
5.920000e-06	-1.685315e-06	-5.012502e-10	-1.169291e+01	-3.343256e+01
5.930000e-06	-1.729512e-06	-5.215359e-10	-1.199956e+01	-3.466343e+01
5.940000e-06	-1.773658e-06	-5.391266e-10	-1.230585e+01	-3.587397e+01
5.950000e-06	-1.817746e-06	-5.583358e-10	-1.261174e+01	-3.706383e+01
5.960000e-06	-1.861766e-06	-5.791460e-10	-1.291715e+01	-3.823271e+01
5.970000e-06	-1.905763e-06	-6.001525e-10	-1.322241e+01	-3.938041e+01
5.980000e-06	-1.949738e-06	-6.214093e-10	-1.352751e+01	-4.050679e+01
5.990000e-06	-1.993638e-06	-6.430524e-10	-1.383210e+01	-4.161176e+01
6.000000e-06	-2.037335e-06	-6.604780e-10	-1.413527e+01	-4.269534e+01
6.010000e-06	-2.080879e-06	-6.760667e-10	-1.443738e+01	-4.375756e+01
6.020000e-06	-2.124373e-06	-6.948970e-10	-1.473915e+01	-4.479855e+01
6.030000e-06	-2.167650e-06	-7.119705e-10	-1.503941e+01	-4.581849e+01
6.040000e-06	-2.210693e-06	-7.297514e-10	-1.533805e+01	-4.681758e+01
6.050000e-06	-2.253568e-06	-7.465084e-10	-1.563552e+01	-4.779612e+01
6.060000e-06	-2.296224e-06	-7.639875e-10	-1.593147e+01	-4.875440e+01
6.070000e-06	-2.338675e-06	-7.788983e-10	-1.622600e+01	-4.969278e+01
6.080000e-06	-2.381000e-06	-7.954890e-10	-1.651965e+01	-5.061166e+01
6.090000e-06	-2.423196e-06	-8.128448e-10	-1.681242e+01	-5.151144e+01
6.100000e-06	-2.465260e-06	-8.295781e-10	-1.710426e+01	-5.239256e+01
6.110000e-06	-2.507150e-06	-8.463303e-10	-1.739490e+01	-5.325549e+01
6.120000e-06	-2.548869e-06	-8.604412e-10	-1.768435e+01	-5.410070e+01
6.130000e-06	-2.590384e-06	-8.733214e-10	-1.797238e+01	-5.492867e+01
6.140000e-06	-2.631620e-06	-8.837890e-10	-1.825849e+01	-5.573989e+01
6.150000e-06	-2.672642e-06	-8.913456e-10	-1.854310e+01	-5.653485e+01
6.160000e-06	-2.713502e-06	-9.044678e-10	-1.882659e+01	-5.731404e+01
6.170000e-06	-2.754199e-06	-9.210934e-10	-1.910895e+01	-5.807794e+01
6.180000e-06	-2.794725e-06	-9.379237e-10	-1.939013e+01	-5.882702e+01
6.190000e-06	-2.835059e-06	-9.568763e-10	-1.966997e+01	-5.956173e+01
6.200000e-06	-2.875252e-06	-9.696111e-10	-1.994884e+01	-6.028251e+01
6.210000e-06	-2.915381e-06	-9.810558e-10	-2.022725e+01	-6.098978e+01
6.220000e-06	-2.955441e-06	-9.900097e-10	-2.050520e+01	-6.168393e+01
6.230000e-06	-2.995369e-06	-9.959023e-10	-2.078222e+01	-6.236534e+01
6.240000e-06	-3.035174e-06	-1.002106e-09	-2.105839e+01	-6.303436e+01
6.250000e-06	-3.074804e-06	-1.012768e-09	-2.133335e+01	-6.369131e+01
6.260000e-06	-3.114172e-06	-1.024341e-09	-2.160649e+01	-6.433648e+01
6.270000e-06	-3.153229e-06	-1.035247e-09	-2.187747e+01	-6.497013e+01
6.280000e-06	-3.191937e-06	-1.045680e-09	-2.214603e+01	-6.559251e+01
6.290000e-06	-3.230324e-06	-1.054249e-09	-2.241236e+01	-6.620383e+01
6.300000e-06	-3.268317e-06	-1.062602e-09	-2.267596e+01	-6.680427e+01
6.310000e-06	-3.305757e-06	-1.071564e-09	-2.293573e+01	-6.739399e+01
6.320000e-06	-3.342716e-06	-1.083260e-09	-2.319216e+01	-6.797313e+01
6.330000e-06	-3.379465e-06	-1.093866e-09	-2.344713e+01	-6.854181e+01
6.340000e-06	-3.416008e-06	-1.101421e-09	-2.370066e+01	-6.910010e+01
6.350000e-06	-3.452340e-06	-1.108876e-09	-2.395274e+01	-6.964810e+01
6.360000e-06	-3.488547e-06	-1.113121e-09	-2.420394e+01	-7.018585e+01
6.370000e-06	-3.524585e-06	-1.119553e-09	-2.445398e+01	-7.071340e+01
6.380000e-06	-3.560513e-06	-1.131126e-09	-2.470325e+01	-7.123078e+01
6.390000e-06	-3.596315e-06	-1.141789e-09	-2.495165e+01	-7.173801e+01
6.400000e-06	-3.631833e-06	-1.150276e-09	-2.519808e+01	-7.223512e+01
6.410000e-06	-3.667036e-06	-1.159494e-09	-2.544233e+01	-7.272211e+01
6.420000e-06	-3.701935e-06	-1.169801e-09	-2.568446e+01	-7.319899e+01
6.430000e-06	-3.736615e-06	-1.179250e-09	-2.592507e+01	-7.366579e+01
6.440000e-06	-3.771120e-06	-1.186149e-09	-2.616447e+01	-7.412251e+01
6.450000e-06	-3.805392e-06	-1.190999e-09	-2.640225e+01	-7.456918e+01
6.460000e-06	-3.839373e-06	-1.195301e-09	-2.663802e+01	-7.500583e+01
6.470000e-06	-3.872960e-06	-1.198648e-09	-2.687105e+01	-7.543251e+01
6.480000e-06	-3.906212e-06	-1.203922e-09	-2.710176e+01	-7.584927e+01
6.490000e-06	-3.939277e-06	-1.216061e-09	-2.733117e+01	-7.625618e+01
6.500000e-06	-3.972056e-06	-1.230411e-09	-2.755859e+01	-7.665332e+01
6.510000e-06	-4.004549e-06	-1.238869e-09	-2.778403e+01	-7.704079e+01
6.520000e-06	-4.036858e-06	-1.244815e-09	-2.800820e+01	-7.741871e+01
6.530000e-06	-4.068991e-06	-1.248665e-09	-2.823114e+01	-7.778720e+01
6.540000e-06	-4.100993e-06	-1.252255e-09	-2.845317e+01	-7.814643e+01
6.550000e-06	-4.132756e-06	-1.253777e-09	-2.867354e+01	-7.849656e+01
6.560000e-06	-4.164195e-06	-1.254198e-09	-2.889167e+01	-7.883778e+01
6.570000e-06	-4.195184e-06	-1.261343e-09	-2.910668e+01	-7.917028e+01
6.580000e-06	-4.225692e-06	-1.270674e-09	-2.931834e+01	-7.949429e+01
6.590000e-06	-4.255827e-06	-1.280412e-09	-2.952743e+01	-7.981004e+01
6.600000e-06	-4.285419e-06	-1.289668e-09	-2.973273e+01	-8.011778e+01
6.610000e-06	-4.314481e-06	-1.296741e-09	-2.993437e+01	-8.041776e+01
6.620000e-06	-4.343266e-06	-1.299795e-09	-3.013408e+01	-8.071026e+01
6.630000e-06	-4.371805e-06	-1.300205e-09	-3.033209e+01	-8.099554e+01
6.640000e-06	-4.400150e-06	-1.300440e-09	-3.052875e+01	-8.127390e+01
6.650000e-06	-4.428286e-06	-1.303486e-09	-3.072397e+01	-8.154562e+01
6.660000e-06	-4.456189e-06	-1.308423e-09	-3.091756e+01	-8.181098e+01
6.670000e-06	-4.483899e-06	-1.311829e-09	-3.110981e+01	-8.207028e+01
6.680000e-06	-4.511288e-06	-1.316142e-09	-3.129984e+01	-8.232380e+01
6.690000e-06	-4.538287e-06	-1.318644e-09	-3.148717e+01	-8.257182e+01
6.700000e-06	-4.564917e-06	-1.324837e-09	-3.167193e+01	-8.281462e+01
6.710000e-06	-4.591225e-06	-1.331734e-09	-3.185446e+01	-8.305245e+01
6.720000e-06	-4.617199e-06	-1.335922e-09	-3.203466e+01	-8.328556e+01
6.730000e-06	-4.642824e-06	-1.335509e-09	-3.221245e+01	-8.351419e+01
6.740000e-06	-4.668058e-06	-1.335023e-09	-3.238753e+01	-8.373857e+01
6.750000e-06	-4.692980e-06	-1.332444e-09	-3.256044e+01	-8.395890e+01
6.760000e-06	-4.717700e-06	-1.330349e-09	-3.273195e+01	-8.417536e+01
6.770000e-06	-4.742126e-06	-1.331778e-09	-3.290142e+01	-8.438811e+01
6.780000e-06	-4.766345e-06	-1.335485e-09	-3.306946e+01	-8.459730e+01
6.790000e-06	-4.790403e-06	-1.343833e-09	-3.323638e+01	-8.480304e+01
6.800000e-06	-4.814243e-06	-1.354500e-09	-3.340178e+01	-8.500545e+01
6.810000e-06	-4.837696e-06	-1.362117e-09	-3.356450e+01	-8.520458e+01
6.820000e-06	-4.860589e-06	-1.363907e-09	-3.372333e+01	-8.540050e+01
6.830000e-06	-4.882906e-06	-1.361480e-09	-3.387817e+01	-8.559322e+01
6.840000e-06	-4.904719e-06	-1.357643e-09	-3.402951e+01	-8.578276e+01
6.850000e-06	-4.925961e-06	-1.356304e-09	-3.417690e+01	-8.596910e+01
6.860000e-06	-4.946721e-06	-1.357920e-09	-3.432093e+01	-8.615220e+01
6.870000e-06	-4.967227e-06	-1.364988e-09	-3.446320e+01	-8.633200e+01
6.880000e-06	-4.987486e-06	-1.372273e-09	-3.460376e+01	-8.650844e+01
6.890000e-06	-5.007549e-06	-1.378621e-09	-3.474296e+01	-8.668141e+01
6.900000e-06	-5.027382e-06	-1.380763e-09	-3.488056e+01	-8.685081e+01
6.910000e-06	-5.046868e-06	-1.380423e-09	-3.501576e+01	-8.701653e+01
6.920000e-06	-5.066030e-06	-1.378200e-09	-3.514871e+01	-8.717843e+01
6.930000e-06	-5.084856e-06	-1.375509e-09	-3.527932e+01	-8.733638e+01
6.940000e-06	-5.103359e-06	-1.376493e-09	-3.540770e+01	-8.749023e+01
6.950000e-06	-5.121516e-06	-1.379583e-09	-3.553367e+01	-8.763984e+01
6.960000e-06	-5.139325e-06	-1.385148e-09	-3.565724e+01	-8.778506e+01
6.970000e-06	-5.156845e-06	-1.390476e-09	-3.577879e+01	-8.792574e+01
6.980000e-06	-5.173923e-06	-1.392025e-09	-3.589728e+01	-8.806174e+01
6.990000e-06	-5.190555e-06	-1.393296e-09	-3.601267e+01	-8.819294e+01
7.000000e-06	-5.206903e-06	-1.392635e-09	-3.612610e+01	-8.831919e+01
7.010000e-06	-5.223055e-06	-1.391868e-09	-3.623817e+01	-8.844040e+01
7.020000e-06	-5.238991e-06	-1.391397e-09	-3.634873e+01	-8.855646e+01
7.030000e-06	-5.254637e-06	-1.392881e-09	-3.645729e+01	-8.866728e+01
7.040000e-06	-5.269647e-06	-1.395269e-09	-3.656143e+01	-8.877280e+01
7.050000e-06	-5.283835e-06	-1.398481e-09	-3.665987e+01	-8.887296e+01
7.060000e-06	-5.297403e-06	-1.399739e-09	-3.675400e+01	-8.896776e+01
7.070000e-06	-5.310568e-06	-1.399335e-09	-3.684534e+01	-8.905716e+01
7.080000e-06	-5.323356e-06	-1.396842e-09	-3.693406e+01	-8.914120e+01
7.090000e-06	-5.335742e-06	-1.393691e-09	-3.702000e+01	-8.921992e+01
7.100000e-06	-5.347732e-06	-1.394076e-09	-3.710319e+01	-8.929337e+01
7.110000e-06	-5.359224e-06	-1.396197e-09	-3.718292e+01	-8.936164e+01
7.120000e-06	-5.370338e-06	-1.400601e-09	-3.726003e+01	-8.942485e+01
7.130000e-06	-5.381155e-06	-1.402488e-09	-3.733508e+01	-8.948313e+01
7.140000e-06	-5.391604e-06	-1.403262e-09	-3.740758e+01	-8.953663e+01
7.150000e-06	-5.401732e-06	-1.403546e-09	-3.747784e+01	-8.958554e+01
7.160000e-06	-5.411472e-06	-1.399318e-09	-3.754542e+01	-8.963005e+01
7.170000e-06	-5.420702e-06	-1.394066e-09	-3.760946e+01	-8.967038e+01
7.180000e-06	-5.429663e-06	-1.394373e-09	-3.767164e+01	-8.970676e+01
7.190000e-06	-5.438422e-06	-1.396580e-09	-3.773241e+01	-8.973945e+01
7.200000e-06	-5.446859e-06	-1.400095e-09	-3.779094e+01	-8.976871e+01
7.210000e-06	-5.455054e-06	-1.406031e-09	-3.784780e+01	-8.979481e+01
7.220000e-06	-5.462907e-06	-1.409844e-09	-3.790228e+01	-8.981803e+01
7.230000e-06	-5.470300e-06	-1.407883e-09	-3.795358e+01	-8.983866e+01
7.240000e-06	-5.477284e-06	-1.404186e-09	-3.800203e+01	-8.985700e+01
7.250000e-06	-5.483633e-06	-1.402616e-09	-3.804609e+01	-8.987334e+01
7.260000e-06	-5.489275e-06	-1.402599e-09	-3.808523e+01	-8.988797e+01
7.270000e-06	-5.494446e-06	-1.401788e-09	-3.812111e+01	-8.990117e+01
7.280000e-06	-5.499254e-06	-1.400891e-09	-3.815446e+01	-8.991323e+01
7.290000e-06	-5.503749e-06	-1.400465e-09	-3.818565e+01	-8.992441e+01
7.300000e-06	-5.507977e-06	-1.401782e-09	-3.821498e+01	-8.993496e+01
7.310000e-06	-5.511966e-06	-1.403813e-09	-3.824266e+01	-8.994514e+01
7.320000e-06	-5.515648e-06	-1.406020e-09	-3.826821e+01	-8.995516e+01
7.330000e-06	-5.518924e-06	-1.407251e-09	-3.829094e+01	-8.996522e+01
7.340000e-06	-5.521757e-06	-1.405870e-09	-3.831060e+01	-8.997552e+01
7.350000e-06	-5.524239e-06	-1.404526e-09	-3.832782e+01	-8.998620e+01
7.360000e-06	-5.526440e-06	-1.400521e-09	-3.834309e+01	-8.999740e+01
7.370000e-06	-5.528175e-06	-1.397645e-09	-3.835513e+01	-9.000923e+01
7.380000e-06	-5.529377e-06	-1.400343e-09	-3.836346e+01	-9.002177e+01
7.390000e-06	-5.530256e-06	-1.402048e-09	-3.836956e+01	-9.003506e+01
7.400000e-06	-5.530885e-06	-1.401773e-09	-3.837393e+01	-9.004914e+01
