# Temperatura_=_-0.2
# Concentracion g/m^3_=_1620.0
# C_Vs_to_Am_M_A/Vsm_=_65563218390.804596
# pendiente_HvsI_1/m_=_3716.3
# ordenada_HvsI_A/m_=_1297.0
# frecuencia_Hz_=_135110.16559510236

Tiempo_(s)	Campo_(V.s)	Magnetizacion_(V.s)	Campo_(kA/m)	Magnetizacion_(A/m)
0.000000e+00	-5.516147e-06	-1.056081e-09	-3.836362e+01	-7.010304e+01
1.000000e-08	-5.516257e-06	-1.054786e-09	-3.836438e+01	-7.010101e+01
2.000000e-08	-5.516038e-06	-1.054817e-09	-3.836286e+01	-7.010093e+01
3.000000e-08	-5.515371e-06	-1.053100e-09	-3.835822e+01	-7.010286e+01
4.000000e-08	-5.514250e-06	-1.053104e-09	-3.835042e+01	-7.010687e+01
5.000000e-08	-5.512586e-06	-1.060383e-09	-3.833885e+01	-7.011296e+01
6.000000e-08	-5.510338e-06	-1.064932e-09	-3.832322e+01	-7.012113e+01
7.000000e-08	-5.507521e-06	-1.037645e-09	-3.830363e+01	-7.013134e+01
8.000000e-08	-5.504202e-06	-9.925444e-10	-3.828054e+01	-7.014353e+01
9.000000e-08	-5.500463e-06	-1.022785e-09	-3.825454e+01	-7.015759e+01
1.000000e-07	-5.496296e-06	-1.099918e-09	-3.822556e+01	-7.017339e+01
1.100000e-07	-5.491712e-06	-1.097876e-09	-3.819368e+01	-7.019079e+01
1.200000e-07	-5.486891e-06	-9.920796e-10	-3.816015e+01	-7.020958e+01
1.300000e-07	-5.481950e-06	-9.817162e-10	-3.812579e+01	-7.022956e+01
1.400000e-07	-5.476680e-06	-1.066376e-09	-3.808914e+01	-7.025050e+01
1.500000e-07	-5.470873e-06	-1.072640e-09	-3.804875e+01	-7.027213e+01
1.600000e-07	-5.464637e-06	-9.873491e-10	-3.800538e+01	-7.029418e+01
1.700000e-07	-5.458066e-06	-9.792701e-10	-3.795968e+01	-7.031633e+01
1.800000e-07	-5.451053e-06	-1.089712e-09	-3.791090e+01	-7.033828e+01
1.900000e-07	-5.443626e-06	-1.116901e-09	-3.785925e+01	-7.035969e+01
2.000000e-07	-5.435963e-06	-1.054627e-09	-3.780596e+01	-7.038022e+01
2.100000e-07	-5.428041e-06	-1.022307e-09	-3.775086e+01	-7.039951e+01
2.200000e-07	-5.419813e-06	-1.080765e-09	-3.769364e+01	-7.041719e+01
2.300000e-07	-5.411296e-06	-1.108180e-09	-3.763441e+01	-7.043290e+01
2.400000e-07	-5.402366e-06	-1.103941e-09	-3.757230e+01	-7.044628e+01
2.500000e-07	-5.392846e-06	-1.100684e-09	-3.750609e+01	-7.045695e+01
2.600000e-07	-5.382686e-06	-1.123378e-09	-3.743543e+01	-7.046454e+01
2.700000e-07	-5.371975e-06	-1.114735e-09	-3.736093e+01	-7.046870e+01
2.800000e-07	-5.360720e-06	-1.091756e-09	-3.728266e+01	-7.046908e+01
2.900000e-07	-5.348996e-06	-1.090490e-09	-3.720112e+01	-7.046534e+01
3.000000e-07	-5.336918e-06	-1.108541e-09	-3.711712e+01	-7.045714e+01
3.100000e-07	-5.324493e-06	-1.108150e-09	-3.703071e+01	-7.044419e+01
3.200000e-07	-5.311654e-06	-1.087503e-09	-3.694142e+01	-7.042617e+01
3.300000e-07	-5.298362e-06	-1.083067e-09	-3.684897e+01	-7.040283e+01
3.400000e-07	-5.284678e-06	-1.102923e-09	-3.675380e+01	-7.037391e+01
3.500000e-07	-5.270563e-06	-1.102580e-09	-3.665564e+01	-7.033916e+01
3.600000e-07	-5.255945e-06	-1.069719e-09	-3.655397e+01	-7.029840e+01
3.700000e-07	-5.240801e-06	-1.080071e-09	-3.644865e+01	-7.025143e+01
3.800000e-07	-5.225202e-06	-1.110068e-09	-3.634016e+01	-7.019810e+01
3.900000e-07	-5.209155e-06	-1.081029e-09	-3.622856e+01	-7.013828e+01
4.000000e-07	-5.192537e-06	-1.047406e-09	-3.611298e+01	-7.007186e+01
4.100000e-07	-5.175585e-06	-1.099678e-09	-3.599509e+01	-6.999878e+01
4.200000e-07	-5.158393e-06	-1.102298e-09	-3.587551e+01	-6.991899e+01
4.300000e-07	-5.140820e-06	-1.034536e-09	-3.575330e+01	-6.983247e+01
4.400000e-07	-5.122963e-06	-1.047207e-09	-3.562911e+01	-6.973922e+01
4.500000e-07	-5.104789e-06	-1.114576e-09	-3.550271e+01	-6.963929e+01
4.600000e-07	-5.086157e-06	-1.063855e-09	-3.537313e+01	-6.953273e+01
4.700000e-07	-5.067106e-06	-1.022098e-09	-3.524064e+01	-6.941964e+01
4.800000e-07	-5.047765e-06	-1.080893e-09	-3.510612e+01	-6.930012e+01
4.900000e-07	-5.028124e-06	-1.083617e-09	-3.496952e+01	-6.917432e+01
5.000000e-07	-5.008245e-06	-1.016535e-09	-3.483127e+01	-6.904240e+01
5.100000e-07	-4.988207e-06	-1.046718e-09	-3.469191e+01	-6.890452e+01
5.200000e-07	-4.967924e-06	-1.069562e-09	-3.455084e+01	-6.876090e+01
5.300000e-07	-4.947255e-06	-1.009372e-09	-3.440710e+01	-6.861174e+01
5.400000e-07	-4.926180e-06	-1.024206e-09	-3.426053e+01	-6.845728e+01
5.500000e-07	-4.904745e-06	-1.093147e-09	-3.411145e+01	-6.829778e+01
5.600000e-07	-4.882977e-06	-1.046463e-09	-3.396006e+01	-6.813348e+01
5.700000e-07	-4.860878e-06	-1.003642e-09	-3.380636e+01	-6.796466e+01
5.800000e-07	-4.838431e-06	-1.049117e-09	-3.365025e+01	-6.779159e+01
5.900000e-07	-4.815584e-06	-1.035989e-09	-3.349136e+01	-6.761457e+01
6.000000e-07	-4.792348e-06	-9.837515e-10	-3.332975e+01	-6.743389e+01
6.100000e-07	-4.768849e-06	-1.017211e-09	-3.316632e+01	-6.724983e+01
6.200000e-07	-4.745153e-06	-1.037620e-09	-3.300152e+01	-6.706270e+01
6.300000e-07	-4.721229e-06	-9.953358e-10	-3.283513e+01	-6.687278e+01
6.400000e-07	-4.697060e-06	-1.006736e-09	-3.266705e+01	-6.668037e+01
6.500000e-07	-4.672517e-06	-1.035629e-09	-3.249635e+01	-6.648575e+01
6.600000e-07	-4.647461e-06	-1.004479e-09	-3.232209e+01	-6.628920e+01
6.700000e-07	-4.621960e-06	-9.874311e-10	-3.214474e+01	-6.609099e+01
6.800000e-07	-4.595993e-06	-1.006755e-09	-3.196415e+01	-6.589139e+01
6.900000e-07	-4.569449e-06	-9.903238e-10	-3.177954e+01	-6.569064e+01
7.000000e-07	-4.542343e-06	-9.780324e-10	-3.159102e+01	-6.548898e+01
7.100000e-07	-4.514951e-06	-9.976897e-10	-3.140052e+01	-6.528663e+01
7.200000e-07	-4.487407e-06	-9.964366e-10	-3.120895e+01	-6.508379e+01
7.300000e-07	-4.459682e-06	-9.770710e-10	-3.101613e+01	-6.488067e+01
7.400000e-07	-4.431749e-06	-9.877076e-10	-3.082186e+01	-6.467742e+01
7.500000e-07	-4.403513e-06	-9.891065e-10	-3.062549e+01	-6.447421e+01
7.600000e-07	-4.375030e-06	-9.731820e-10	-3.042740e+01	-6.427115e+01
7.700000e-07	-4.346280e-06	-9.741266e-10	-3.022744e+01	-6.406837e+01
7.800000e-07	-4.317154e-06	-9.772394e-10	-3.002488e+01	-6.386595e+01
7.900000e-07	-4.287715e-06	-9.602774e-10	-2.982014e+01	-6.366397e+01
8.000000e-07	-4.258013e-06	-9.595190e-10	-2.961357e+01	-6.346246e+01
8.100000e-07	-4.228016e-06	-9.667416e-10	-2.940494e+01	-6.326145e+01
8.200000e-07	-4.197706e-06	-9.575267e-10	-2.919414e+01	-6.306093e+01
8.300000e-07	-4.167132e-06	-9.479914e-10	-2.898151e+01	-6.286089e+01
8.400000e-07	-4.136262e-06	-9.545810e-10	-2.876681e+01	-6.266128e+01
8.500000e-07	-4.105058e-06	-9.481338e-10	-2.854980e+01	-6.246203e+01
8.600000e-07	-4.073627e-06	-9.358441e-10	-2.833120e+01	-6.226304e+01
8.700000e-07	-4.042024e-06	-9.379220e-10	-2.811141e+01	-6.206420e+01
8.800000e-07	-4.010237e-06	-9.363718e-10	-2.789034e+01	-6.186537e+01
8.900000e-07	-3.978231e-06	-9.226404e-10	-2.766774e+01	-6.166641e+01
9.000000e-07	-3.945995e-06	-9.201773e-10	-2.744355e+01	-6.146712e+01
9.100000e-07	-3.913395e-06	-9.214053e-10	-2.721683e+01	-6.126731e+01
9.200000e-07	-3.880391e-06	-9.101228e-10	-2.698729e+01	-6.106677e+01
9.300000e-07	-3.846977e-06	-9.065823e-10	-2.675490e+01	-6.086527e+01
9.400000e-07	-3.813159e-06	-9.122910e-10	-2.651971e+01	-6.066255e+01
9.500000e-07	-3.778868e-06	-9.081262e-10	-2.628122e+01	-6.045836e+01
9.600000e-07	-3.744134e-06	-9.013269e-10	-2.603965e+01	-6.025241e+01
9.700000e-07	-3.709151e-06	-9.045137e-10	-2.579635e+01	-6.004441e+01
9.800000e-07	-3.673871e-06	-9.010009e-10	-2.555099e+01	-5.983408e+01
9.900000e-07	-3.638341e-06	-8.895536e-10	-2.530388e+01	-5.962109e+01
1.000000e-06	-3.602653e-06	-8.848698e-10	-2.505568e+01	-5.940514e+01
1.010000e-06	-3.566885e-06	-8.841302e-10	-2.480692e+01	-5.918590e+01
1.020000e-06	-3.531030e-06	-8.763188e-10	-2.455756e+01	-5.896306e+01
1.030000e-06	-3.494992e-06	-8.742326e-10	-2.430692e+01	-5.873627e+01
1.040000e-06	-3.458667e-06	-8.768253e-10	-2.405429e+01	-5.850523e+01
1.050000e-06	-3.422040e-06	-8.729995e-10	-2.379955e+01	-5.826960e+01
1.060000e-06	-3.385116e-06	-8.638538e-10	-2.354275e+01	-5.802907e+01
1.070000e-06	-3.347940e-06	-8.618899e-10	-2.328421e+01	-5.778332e+01
1.080000e-06	-3.310489e-06	-8.578660e-10	-2.302374e+01	-5.753205e+01
1.090000e-06	-3.272771e-06	-8.512982e-10	-2.276142e+01	-5.727495e+01
1.100000e-06	-3.234891e-06	-8.466060e-10	-2.249797e+01	-5.701175e+01
1.110000e-06	-3.196797e-06	-8.424173e-10	-2.223304e+01	-5.674217e+01
1.120000e-06	-3.158421e-06	-8.347638e-10	-2.196614e+01	-5.646595e+01
1.130000e-06	-3.119843e-06	-8.296979e-10	-2.169784e+01	-5.618284e+01
1.140000e-06	-3.081087e-06	-8.276155e-10	-2.142830e+01	-5.589263e+01
1.150000e-06	-3.042112e-06	-8.220215e-10	-2.115724e+01	-5.559509e+01
1.160000e-06	-3.002985e-06	-8.152220e-10	-2.088511e+01	-5.529005e+01
1.170000e-06	-2.963699e-06	-8.146525e-10	-2.061189e+01	-5.497734e+01
1.180000e-06	-2.924198e-06	-8.114099e-10	-2.033717e+01	-5.465680e+01
1.190000e-06	-2.884538e-06	-8.038976e-10	-2.006134e+01	-5.432830e+01
1.200000e-06	-2.844804e-06	-7.971212e-10	-1.978500e+01	-5.399175e+01
1.210000e-06	-2.804954e-06	-7.880764e-10	-1.950786e+01	-5.364706e+01
1.220000e-06	-2.764904e-06	-7.785186e-10	-1.922932e+01	-5.329417e+01
1.230000e-06	-2.724704e-06	-7.730112e-10	-1.894973e+01	-5.293304e+01
1.240000e-06	-2.684360e-06	-7.705036e-10	-1.866915e+01	-5.256365e+01
1.250000e-06	-2.643793e-06	-7.667420e-10	-1.838701e+01	-5.218600e+01
1.260000e-06	-2.603003e-06	-7.604565e-10	-1.810333e+01	-5.180011e+01
1.270000e-06	-2.561891e-06	-7.544062e-10	-1.781740e+01	-5.140602e+01
1.280000e-06	-2.520440e-06	-7.489259e-10	-1.752912e+01	-5.100379e+01
1.290000e-06	-2.478661e-06	-7.410296e-10	-1.723855e+01	-5.059349e+01
1.300000e-06	-2.436572e-06	-7.346223e-10	-1.694584e+01	-5.017521e+01
1.310000e-06	-2.394209e-06	-7.278678e-10	-1.665121e+01	-4.974903e+01
1.320000e-06	-2.351525e-06	-7.208304e-10	-1.635436e+01	-4.931507e+01
1.330000e-06	-2.308685e-06	-7.138190e-10	-1.605641e+01	-4.887344e+01
1.340000e-06	-2.265678e-06	-7.073795e-10	-1.575731e+01	-4.842425e+01
1.350000e-06	-2.222411e-06	-7.003160e-10	-1.545639e+01	-4.796764e+01
1.360000e-06	-2.178948e-06	-6.964750e-10	-1.515412e+01	-4.750370e+01
1.370000e-06	-2.135356e-06	-6.946309e-10	-1.485094e+01	-4.703257e+01
1.380000e-06	-2.091697e-06	-6.914183e-10	-1.454731e+01	-4.655435e+01
1.390000e-06	-2.047946e-06	-6.826118e-10	-1.424302e+01	-4.606914e+01
1.400000e-06	-2.004132e-06	-6.716486e-10	-1.393831e+01	-4.557704e+01
1.410000e-06	-1.960253e-06	-6.588743e-10	-1.363314e+01	-4.507810e+01
1.420000e-06	-1.916357e-06	-6.471904e-10	-1.332785e+01	-4.457240e+01
1.430000e-06	-1.872387e-06	-6.418611e-10	-1.302205e+01	-4.405996e+01
1.440000e-06	-1.828237e-06	-6.406342e-10	-1.271500e+01	-4.354080e+01
1.450000e-06	-1.784007e-06	-6.358881e-10	-1.240739e+01	-4.301491e+01
1.460000e-06	-1.739698e-06	-6.284486e-10	-1.209923e+01	-4.248225e+01
1.470000e-06	-1.695276e-06	-6.176991e-10	-1.179028e+01	-4.194275e+01
1.480000e-06	-1.650747e-06	-6.051317e-10	-1.148059e+01	-4.139631e+01
1.490000e-06	-1.606039e-06	-5.928086e-10	-1.116966e+01	-4.084279e+01
1.500000e-06	-1.561114e-06	-5.826764e-10	-1.085721e+01	-4.028205e+01
1.510000e-06	-1.516015e-06	-5.746424e-10	-1.054356e+01	-3.971386e+01
1.520000e-06	-1.470773e-06	-5.653423e-10	-1.022891e+01	-3.913799e+01
1.530000e-06	-1.425413e-06	-5.550752e-10	-9.913441e+00	-3.855418e+01
1.540000e-06	-1.379993e-06	-5.449140e-10	-9.597558e+00	-3.796210e+01
1.550000e-06	-1.334565e-06	-5.364472e-10	-9.281614e+00	-3.736143e+01
1.560000e-06	-1.289122e-06	-5.283054e-10	-8.965569e+00	-3.675177e+01
1.570000e-06	-1.243564e-06	-5.216524e-10	-8.648723e+00	-3.613272e+01
1.580000e-06	-1.197866e-06	-5.138816e-10	-8.330904e+00	-3.550384e+01
1.590000e-06	-1.152112e-06	-5.038963e-10	-8.012692e+00	-3.486465e+01
1.600000e-06	-1.106321e-06	-4.928334e-10	-7.694223e+00	-3.421466e+01
1.610000e-06	-1.060363e-06	-4.790278e-10	-7.374594e+00	-3.355334e+01
1.620000e-06	-1.014263e-06	-4.642335e-10	-7.053984e+00	-3.288014e+01
1.630000e-06	-9.681990e-07	-4.517726e-10	-6.733617e+00	-3.219452e+01
1.640000e-06	-9.221303e-07	-4.385598e-10	-6.413219e+00	-3.149589e+01
1.650000e-06	-8.759867e-07	-4.260893e-10	-6.092299e+00	-3.078367e+01
1.660000e-06	-8.297127e-07	-4.137977e-10	-5.770474e+00	-3.005727e+01
1.670000e-06	-7.834047e-07	-4.049272e-10	-5.448412e+00	-2.931611e+01
1.680000e-06	-7.370613e-07	-3.969841e-10	-5.126103e+00	-2.855960e+01
1.690000e-06	-6.905925e-07	-3.884626e-10	-4.802923e+00	-2.778718e+01
1.700000e-06	-6.441010e-07	-3.773946e-10	-4.479584e+00	-2.699829e+01
1.710000e-06	-5.975578e-07	-3.611616e-10	-4.155887e+00	-2.619240e+01
1.720000e-06	-5.509801e-07	-3.433423e-10	-3.831948e+00	-2.536899e+01
1.730000e-06	-5.043360e-07	-3.283629e-10	-3.507549e+00	-2.452760e+01
1.740000e-06	-4.575634e-07	-3.158961e-10	-3.182256e+00	-2.366779e+01
1.750000e-06	-4.108077e-07	-3.065010e-10	-2.857080e+00	-2.278917e+01
1.760000e-06	-3.641295e-07	-2.955901e-10	-2.532443e+00	-2.189139e+01
1.770000e-06	-3.174214e-07	-2.835183e-10	-2.207598e+00	-2.097416e+01
1.780000e-06	-2.705902e-07	-2.705000e-10	-1.881897e+00	-2.003726e+01
1.790000e-06	-2.237685e-07	-2.549998e-10	-1.556262e+00	-1.908051e+01
1.800000e-06	-1.770125e-07	-2.382019e-10	-1.231084e+00	-1.810381e+01
1.810000e-06	-1.302407e-07	-2.184708e-10	-9.057963e-01	-1.710714e+01
1.820000e-06	-8.347295e-08	-2.004385e-10	-5.805365e-01	-1.609053e+01
1.830000e-06	-3.676689e-08	-1.854584e-10	-2.557058e-01	-1.505412e+01
1.840000e-06	1.000917e-08	-1.727779e-10	6.961161e-02	-1.399811e+01
1.850000e-06	5.683706e-08	-1.619937e-10	3.952895e-01	-1.292279e+01
1.860000e-06	1.036224e-07	-1.500231e-10	7.206717e-01	-1.182853e+01
1.870000e-06	1.503989e-07	-1.359267e-10	1.045992e+00	-1.071578e+01
1.880000e-06	1.971305e-07	-1.205420e-10	1.371000e+00	-9.585095e+00
1.890000e-06	2.438558e-07	-1.036080e-10	1.695965e+00	-8.437098e+00
1.900000e-06	2.905836e-07	-8.692495e-11	2.020947e+00	-7.272503e+00
1.910000e-06	3.372912e-07	-6.862161e-11	2.345788e+00	-6.092108e+00
1.920000e-06	3.839606e-07	-5.103507e-11	2.670363e+00	-4.896790e+00
1.930000e-06	4.306117e-07	-3.381875e-11	2.994812e+00	-3.687505e+00
1.940000e-06	4.772431e-07	-2.099571e-11	3.319124e+00	-2.465288e+00
1.950000e-06	5.238236e-07	-9.789880e-12	3.643081e+00	-1.231240e+00
1.960000e-06	5.703354e-07	3.476953e-12	3.966560e+00	1.346806e-02
1.970000e-06	6.168429e-07	2.083634e-11	4.290010e+00	1.267602e+00
1.980000e-06	6.633388e-07	3.985808e-11	4.613379e+00	2.529873e+00
1.990000e-06	7.097468e-07	5.910989e-11	4.936137e+00	3.798940e+00
2.000000e-06	7.560938e-07	7.777615e-11	5.258470e+00	5.073418e+00
2.010000e-06	8.023415e-07	9.554891e-11	5.580113e+00	6.351884e+00
2.020000e-06	8.485046e-07	1.138387e-10	5.901167e+00	7.632883e+00
2.030000e-06	8.946578e-07	1.333163e-10	6.222153e+00	8.914939e+00
2.040000e-06	9.408117e-07	1.525304e-10	6.543144e+00	1.019656e+01
2.050000e-06	9.868818e-07	1.708235e-10	6.863551e+00	1.147623e+01
2.060000e-06	1.032773e-06	1.877285e-10	7.182714e+00	1.275247e+01
2.070000e-06	1.078574e-06	2.032975e-10	7.501254e+00	1.402377e+01
2.080000e-06	1.124347e-06	2.194566e-10	7.819592e+00	1.528865e+01
2.090000e-06	1.170082e-06	2.372268e-10	8.137668e+00	1.654566e+01
2.100000e-06	1.215808e-06	2.573508e-10	8.455682e+00	1.779336e+01
2.110000e-06	1.261446e-06	2.780200e-10	8.773089e+00	1.903038e+01
2.120000e-06	1.306897e-06	2.998026e-10	9.089191e+00	2.025536e+01
2.130000e-06	1.352159e-06	3.181272e-10	9.403974e+00	2.146701e+01
2.140000e-06	1.397358e-06	3.303703e-10	9.718325e+00	2.266411e+01
2.150000e-06	1.442574e-06	3.390040e-10	1.003279e+01	2.384548e+01
2.160000e-06	1.487716e-06	3.506372e-10	1.034675e+01	2.501002e+01
2.170000e-06	1.532735e-06	3.651336e-10	1.065985e+01	2.615671e+01
2.180000e-06	1.577637e-06	3.817573e-10	1.097213e+01	2.728461e+01
2.190000e-06	1.622390e-06	4.008217e-10	1.128337e+01	2.839286e+01
2.200000e-06	1.666978e-06	4.212153e-10	1.159348e+01	2.948068e+01
2.210000e-06	1.711430e-06	4.401644e-10	1.190263e+01	3.054740e+01
2.220000e-06	1.755750e-06	4.559898e-10	1.221087e+01	3.159242e+01
2.230000e-06	1.799963e-06	4.669576e-10	1.251835e+01	3.261524e+01
2.240000e-06	1.844074e-06	4.753314e-10	1.282514e+01	3.361546e+01
2.250000e-06	1.888059e-06	4.840561e-10	1.313105e+01	3.459278e+01
2.260000e-06	1.931954e-06	4.956107e-10	1.343633e+01	3.554697e+01
2.270000e-06	1.975837e-06	5.105962e-10	1.374152e+01	3.647792e+01
2.280000e-06	2.019646e-06	5.280899e-10	1.404621e+01	3.738558e+01
2.290000e-06	2.063350e-06	5.455410e-10	1.435016e+01	3.827002e+01
2.300000e-06	2.106998e-06	5.606843e-10	1.465372e+01	3.913137e+01
2.310000e-06	2.150569e-06	5.726558e-10	1.495675e+01	3.996986e+01
2.320000e-06	2.194047e-06	5.815598e-10	1.525913e+01	4.078577e+01
2.330000e-06	2.237381e-06	5.886249e-10	1.556050e+01	4.157947e+01
2.340000e-06	2.280531e-06	5.963245e-10	1.586060e+01	4.235141e+01
2.350000e-06	2.323504e-06	6.070415e-10	1.615947e+01	4.310206e+01
2.360000e-06	2.366258e-06	6.205612e-10	1.645682e+01	4.383199e+01
2.370000e-06	2.408701e-06	6.330193e-10	1.675200e+01	4.454180e+01
2.380000e-06	2.450785e-06	6.440262e-10	1.704469e+01	4.523211e+01
2.390000e-06	2.492526e-06	6.547811e-10	1.733498e+01	4.590361e+01
2.400000e-06	2.534052e-06	6.638607e-10	1.762379e+01	4.655701e+01
2.410000e-06	2.575316e-06	6.746235e-10	1.791077e+01	4.719302e+01
2.420000e-06	2.616239e-06	6.863603e-10	1.819538e+01	4.781241e+01
2.430000e-06	2.656941e-06	6.971516e-10	1.847846e+01	4.841590e+01
2.440000e-06	2.697407e-06	7.081303e-10	1.875989e+01	4.900427e+01
2.450000e-06	2.737662e-06	7.187429e-10	1.903985e+01	4.957826e+01
2.460000e-06	2.777759e-06	7.259991e-10	1.931872e+01	5.013861e+01
2.470000e-06	2.817739e-06	7.316931e-10	1.959677e+01	5.068604e+01
2.480000e-06	2.857606e-06	7.377176e-10	1.987404e+01	5.122125e+01
2.490000e-06	2.897307e-06	7.458565e-10	2.015015e+01	5.174493e+01
2.500000e-06	2.936874e-06	7.564608e-10	2.042533e+01	5.225771e+01
2.510000e-06	2.976283e-06	7.681984e-10	2.069941e+01	5.276021e+01
2.520000e-06	3.015475e-06	7.793172e-10	2.097198e+01	5.325298e+01
2.530000e-06	3.054415e-06	7.884917e-10	2.124280e+01	5.373657e+01
2.540000e-06	3.093146e-06	7.942810e-10	2.151217e+01	5.421145e+01
2.550000e-06	3.131671e-06	7.977613e-10	2.178010e+01	5.467805e+01
2.560000e-06	3.169951e-06	8.019149e-10	2.204633e+01	5.513676e+01
2.570000e-06	3.208026e-06	8.077585e-10	2.231113e+01	5.558791e+01
2.580000e-06	3.245919e-06	8.141665e-10	2.257467e+01	5.603180e+01
2.590000e-06	3.283606e-06	8.211770e-10	2.283678e+01	5.646865e+01
2.600000e-06	3.321063e-06	8.299100e-10	2.309728e+01	5.689864e+01
2.610000e-06	3.358258e-06	8.399339e-10	2.335597e+01	5.732192e+01
2.620000e-06	3.395194e-06	8.494810e-10	2.361285e+01	5.773857e+01
2.630000e-06	3.431947e-06	8.563801e-10	2.386846e+01	5.814864e+01
2.640000e-06	3.468475e-06	8.607992e-10	2.412250e+01	5.855212e+01
2.650000e-06	3.504696e-06	8.640961e-10	2.437441e+01	5.894898e+01
2.660000e-06	3.540726e-06	8.668034e-10	2.462499e+01	5.933914e+01
2.670000e-06	3.576606e-06	8.694555e-10	2.487453e+01	5.972250e+01
2.680000e-06	3.612320e-06	8.737574e-10	2.512291e+01	6.009891e+01
2.690000e-06	3.647895e-06	8.800279e-10	2.537033e+01	6.046823e+01
2.700000e-06	3.683297e-06	8.868502e-10	2.561654e+01	6.083026e+01
2.710000e-06	3.718472e-06	8.929284e-10	2.586118e+01	6.118480e+01
2.720000e-06	3.753401e-06	9.014366e-10	2.610410e+01	6.153166e+01
2.730000e-06	3.787982e-06	9.098045e-10	2.634460e+01	6.187062e+01
2.740000e-06	3.822103e-06	9.142065e-10	2.658191e+01	6.220144e+01
2.750000e-06	3.855741e-06	9.159076e-10	2.681585e+01	6.252392e+01
2.760000e-06	3.888827e-06	9.168117e-10	2.704596e+01	6.283785e+01
2.770000e-06	3.921484e-06	9.193684e-10	2.727308e+01	6.314303e+01
2.780000e-06	3.953888e-06	9.252900e-10	2.749844e+01	6.343926e+01
2.790000e-06	3.986076e-06	9.332431e-10	2.772231e+01	6.372638e+01
2.800000e-06	4.018034e-06	9.418173e-10	2.794456e+01	6.400424e+01
2.810000e-06	4.049753e-06	9.489902e-10	2.816516e+01	6.427272e+01
2.820000e-06	4.081288e-06	9.538074e-10	2.838448e+01	6.453172e+01
2.830000e-06	4.112671e-06	9.566800e-10	2.860274e+01	6.478118e+01
2.840000e-06	4.143833e-06	9.572852e-10	2.881947e+01	6.502105e+01
2.850000e-06	4.174651e-06	9.581588e-10	2.903380e+01	6.525134e+01
2.860000e-06	4.205159e-06	9.598797e-10	2.924598e+01	6.547207e+01
2.870000e-06	4.235364e-06	9.606376e-10	2.945605e+01	6.568331e+01
2.880000e-06	4.265240e-06	9.627002e-10	2.966383e+01	6.588517e+01
2.890000e-06	4.294831e-06	9.657867e-10	2.986963e+01	6.607777e+01
2.900000e-06	4.324102e-06	9.705489e-10	3.007320e+01	6.626129e+01
2.910000e-06	4.353082e-06	9.761331e-10	3.027475e+01	6.643593e+01
2.920000e-06	4.381734e-06	9.805058e-10	3.047402e+01	6.660193e+01
2.930000e-06	4.410062e-06	9.837756e-10	3.067103e+01	6.675954e+01
2.940000e-06	4.438229e-06	9.862345e-10	3.086693e+01	6.690908e+01
2.950000e-06	4.466226e-06	9.912582e-10	3.106164e+01	6.705085e+01
2.960000e-06	4.493992e-06	9.968771e-10	3.125475e+01	6.718521e+01
2.970000e-06	4.521603e-06	9.984774e-10	3.144678e+01	6.731251e+01
2.980000e-06	4.549024e-06	9.975128e-10	3.163749e+01	6.743314e+01
2.990000e-06	4.576081e-06	9.966439e-10	3.182566e+01	6.754749e+01
3.000000e-06	4.602675e-06	9.957788e-10	3.201062e+01	6.765598e+01
3.010000e-06	4.628700e-06	9.973341e-10	3.219161e+01	6.775902e+01
3.020000e-06	4.654099e-06	1.002064e-09	3.236826e+01	6.785702e+01
3.030000e-06	4.678996e-06	1.007872e-09	3.254142e+01	6.795040e+01
3.040000e-06	4.703488e-06	1.012144e-09	3.271175e+01	6.803959e+01
3.050000e-06	4.727641e-06	1.014434e-09	3.287973e+01	6.812499e+01
3.060000e-06	4.751500e-06	1.015032e-09	3.304566e+01	6.820699e+01
3.070000e-06	4.775070e-06	1.013506e-09	3.320959e+01	6.828599e+01
3.080000e-06	4.798387e-06	1.011071e-09	3.337175e+01	6.836235e+01
3.090000e-06	4.821400e-06	1.011833e-09	3.353180e+01	6.843642e+01
3.100000e-06	4.844032e-06	1.014391e-09	3.368921e+01	6.850853e+01
3.110000e-06	4.866254e-06	1.018759e-09	3.384375e+01	6.857898e+01
3.120000e-06	4.888120e-06	1.022702e-09	3.399582e+01	6.864805e+01
3.130000e-06	4.909719e-06	1.024611e-09	3.414604e+01	6.871599e+01
3.140000e-06	4.931035e-06	1.024584e-09	3.429429e+01	6.878302e+01
3.150000e-06	4.952077e-06	1.022281e-09	3.444064e+01	6.884932e+01
3.160000e-06	4.972833e-06	1.020937e-09	3.458499e+01	6.891506e+01
3.170000e-06	4.993241e-06	1.020212e-09	3.472692e+01	6.898036e+01
3.180000e-06	5.013364e-06	1.022403e-09	3.486687e+01	6.904531e+01
3.190000e-06	5.033223e-06	1.026091e-09	3.500499e+01	6.910998e+01
3.200000e-06	5.052793e-06	1.029411e-09	3.514109e+01	6.917440e+01
3.210000e-06	5.072062e-06	1.030685e-09	3.527510e+01	6.923857e+01
3.220000e-06	5.090999e-06	1.031006e-09	3.540681e+01	6.930246e+01
3.230000e-06	5.109670e-06	1.033275e-09	3.553666e+01	6.936602e+01
3.240000e-06	5.127923e-06	1.036283e-09	3.566360e+01	6.942918e+01
3.250000e-06	5.145673e-06	1.037451e-09	3.578705e+01	6.949183e+01
3.260000e-06	5.163057e-06	1.034141e-09	3.590796e+01	6.955385e+01
3.270000e-06	5.180093e-06	1.030299e-09	3.602644e+01	6.961509e+01
3.280000e-06	5.196781e-06	1.031106e-09	3.614250e+01	6.967541e+01
3.290000e-06	5.213141e-06	1.033709e-09	3.625628e+01	6.973463e+01
3.300000e-06	5.229122e-06	1.034800e-09	3.636742e+01	6.979259e+01
3.310000e-06	5.244589e-06	1.035542e-09	3.647499e+01	6.984908e+01
3.320000e-06	5.259567e-06	1.037265e-09	3.657916e+01	6.990394e+01
3.330000e-06	5.274133e-06	1.038006e-09	3.668046e+01	6.995696e+01
3.340000e-06	5.288286e-06	1.036909e-09	3.677890e+01	7.000796e+01
3.350000e-06	5.302084e-06	1.035991e-09	3.687485e+01	7.005677e+01
3.360000e-06	5.315546e-06	1.034102e-09	3.696848e+01	7.010321e+01
3.370000e-06	5.328609e-06	1.032331e-09	3.705933e+01	7.014712e+01
3.380000e-06	5.341258e-06	1.033116e-09	3.714731e+01	7.018835e+01
3.390000e-06	5.353542e-06	1.034935e-09	3.723274e+01	7.022678e+01
3.400000e-06	5.365479e-06	1.034646e-09	3.731576e+01	7.026228e+01
3.410000e-06	5.377117e-06	1.035347e-09	3.739669e+01	7.029477e+01
3.420000e-06	5.388350e-06	1.039656e-09	3.747482e+01	7.032418e+01
3.430000e-06	5.398969e-06	1.045247e-09	3.754867e+01	7.035045e+01
3.440000e-06	5.408989e-06	1.048917e-09	3.761836e+01	7.037357e+01
3.450000e-06	5.418365e-06	1.048725e-09	3.768357e+01	7.039352e+01
3.460000e-06	5.427101e-06	1.047193e-09	3.774433e+01	7.041034e+01
3.470000e-06	5.435373e-06	1.044906e-09	3.780186e+01	7.042408e+01
3.480000e-06	5.443327e-06	1.043402e-09	3.785717e+01	7.043481e+01
3.490000e-06	5.451084e-06	1.043982e-09	3.791112e+01	7.044263e+01
3.500000e-06	5.458613e-06	1.047243e-09	3.796348e+01	7.044767e+01
3.510000e-06	5.465822e-06	1.053344e-09	3.801362e+01	7.045008e+01
3.520000e-06	5.472633e-06	1.060041e-09	3.806099e+01	7.045001e+01
3.530000e-06	5.479002e-06	1.064571e-09	3.810528e+01	7.044767e+01
3.540000e-06	5.484988e-06	1.063923e-09	3.814692e+01	7.044326e+01
3.550000e-06	5.490631e-06	1.061411e-09	3.818616e+01	7.043700e+01
3.560000e-06	5.495909e-06	1.059305e-09	3.822287e+01	7.042913e+01
3.570000e-06	5.500827e-06	1.059209e-09	3.825707e+01	7.041991e+01
3.580000e-06	5.505352e-06	1.061463e-09	3.828854e+01	7.040958e+01
3.590000e-06	5.509546e-06	1.063462e-09	3.831771e+01	7.039841e+01
3.600000e-06	5.513462e-06	1.064536e-09	3.834495e+01	7.038667e+01
3.610000e-06	5.517074e-06	1.063934e-09	3.837007e+01	7.037463e+01
3.620000e-06	5.520400e-06	1.063774e-09	3.839320e+01	7.036256e+01
3.630000e-06	5.523320e-06	1.064657e-09	3.841351e+01	7.035072e+01
3.640000e-06	5.525746e-06	1.065505e-09	3.843038e+01	7.033936e+01
3.650000e-06	5.527640e-06	1.066280e-09	3.844355e+01	7.032873e+01
3.660000e-06	5.528959e-06	1.067139e-09	3.845272e+01	7.031906e+01
3.670000e-06	5.529720e-06	1.068561e-09	3.845801e+01	7.031057e+01
3.680000e-06	5.530005e-06	1.068904e-09	3.846000e+01	7.030344e+01
3.690000e-06	5.529958e-06	1.067362e-09	3.845967e+01	7.029787e+01
3.700000e-06	5.529633e-06	1.065076e-09	3.845741e+01	7.029400e+01
3.710000e-06	5.529081e-06	1.064338e-09	3.845358e+01	7.029196e+01
3.720000e-06	5.528222e-06	1.066236e-09	3.844760e+01	7.029187e+01
3.730000e-06	5.526876e-06	1.069550e-09	3.843823e+01	7.029380e+01
3.740000e-06	5.525153e-06	1.070627e-09	3.842626e+01	7.029779e+01
3.750000e-06	5.523134e-06	1.063110e-09	3.841221e+01	7.030388e+01
3.760000e-06	5.520778e-06	1.073056e-09	3.839583e+01	7.031204e+01
3.770000e-06	5.518059e-06	1.122740e-09	3.837692e+01	7.032225e+01
3.780000e-06	5.514886e-06	1.123620e-09	3.835485e+01	7.033443e+01
3.790000e-06	5.511265e-06	1.032270e-09	3.832966e+01	7.034848e+01
3.800000e-06	5.507282e-06	9.795759e-10	3.830197e+01	7.036427e+01
3.810000e-06	5.503025e-06	1.069943e-09	3.827236e+01	7.038166e+01
3.820000e-06	5.498528e-06	1.146174e-09	3.824109e+01	7.040044e+01
3.830000e-06	5.493778e-06	1.083808e-09	3.820805e+01	7.042042e+01
3.840000e-06	5.488546e-06	1.038041e-09	3.817166e+01	7.044135e+01
3.850000e-06	5.482629e-06	1.111127e-09	3.813051e+01	7.046297e+01
3.860000e-06	5.476218e-06	1.166959e-09	3.808592e+01	7.048501e+01
3.870000e-06	5.469560e-06	1.030118e-09	3.803961e+01	7.050715e+01
3.880000e-06	5.462546e-06	9.382308e-10	3.799083e+01	7.052910e+01
3.890000e-06	5.454920e-06	1.079252e-09	3.793780e+01	7.055050e+01
3.900000e-06	5.446741e-06	1.209937e-09	3.788091e+01	7.057102e+01
3.910000e-06	5.438306e-06	1.098600e-09	3.782225e+01	7.059030e+01
3.920000e-06	5.429644e-06	9.784340e-10	3.776201e+01	7.060797e+01
3.930000e-06	5.420507e-06	1.084002e-09	3.769846e+01	7.062368e+01
3.940000e-06	5.411051e-06	1.153443e-09	3.763270e+01	7.063704e+01
3.950000e-06	5.401358e-06	1.046656e-09	3.756529e+01	7.064770e+01
3.960000e-06	5.391155e-06	9.927455e-10	3.749433e+01	7.065529e+01
3.970000e-06	5.380468e-06	1.104790e-09	3.742000e+01	7.065944e+01
3.980000e-06	5.369543e-06	1.130787e-09	3.734402e+01	7.065981e+01
3.990000e-06	5.358310e-06	1.046269e-09	3.726589e+01	7.065606e+01
4.000000e-06	5.346493e-06	1.034988e-09	3.718371e+01	7.064786e+01
4.010000e-06	5.334169e-06	1.101262e-09	3.709800e+01	7.063490e+01
4.020000e-06	5.321510e-06	1.079031e-09	3.700996e+01	7.061688e+01
4.030000e-06	5.308427e-06	1.017867e-09	3.691897e+01	7.059353e+01
4.040000e-06	5.294859e-06	1.035221e-09	3.682461e+01	7.056459e+01
4.050000e-06	5.280859e-06	1.099369e-09	3.672724e+01	7.052984e+01
4.060000e-06	5.266328e-06	1.080649e-09	3.662619e+01	7.048907e+01
4.070000e-06	5.251104e-06	1.004412e-09	3.652030e+01	7.044209e+01
4.080000e-06	5.235350e-06	1.015745e-09	3.641074e+01	7.038875e+01
4.090000e-06	5.219325e-06	1.102334e-09	3.629928e+01	7.032892e+01
4.100000e-06	5.203035e-06	1.085950e-09	3.618599e+01	7.026250e+01
4.110000e-06	5.186374e-06	9.861312e-10	3.607012e+01	7.018941e+01
4.120000e-06	5.169391e-06	1.029520e-09	3.595201e+01	7.010961e+01
4.130000e-06	5.152205e-06	1.122780e-09	3.583248e+01	7.002308e+01
4.140000e-06	5.134614e-06	1.048628e-09	3.571014e+01	6.992982e+01
4.150000e-06	5.116544e-06	9.847582e-10	3.558447e+01	6.982988e+01
4.160000e-06	5.098193e-06	1.095404e-09	3.545684e+01	6.972332e+01
4.170000e-06	5.079510e-06	1.097713e-09	3.532690e+01	6.961022e+01
4.180000e-06	5.060440e-06	9.783926e-10	3.519427e+01	6.949070e+01
4.190000e-06	5.041087e-06	1.032639e-09	3.505968e+01	6.936489e+01
4.200000e-06	5.021411e-06	1.125604e-09	3.492284e+01	6.923295e+01
4.210000e-06	5.001410e-06	1.016326e-09	3.478374e+01	6.909507e+01
4.220000e-06	4.981202e-06	9.850067e-10	3.464319e+01	6.895144e+01
4.230000e-06	4.960803e-06	1.094761e-09	3.450132e+01	6.880227e+01
4.240000e-06	4.940097e-06	1.052811e-09	3.435731e+01	6.864781e+01
4.250000e-06	4.918943e-06	9.750767e-10	3.421019e+01	6.848829e+01
4.260000e-06	4.897223e-06	1.074739e-09	3.405914e+01	6.832398e+01
4.270000e-06	4.874883e-06	1.085416e-09	3.390376e+01	6.815516e+01
4.280000e-06	4.851999e-06	9.822248e-10	3.374461e+01	6.798208e+01
4.290000e-06	4.828658e-06	1.031822e-09	3.358228e+01	6.780506e+01
4.300000e-06	4.804886e-06	1.086918e-09	3.341695e+01	6.762436e+01
4.310000e-06	4.780812e-06	9.859529e-10	3.324952e+01	6.744030e+01
4.320000e-06	4.756536e-06	9.768006e-10	3.308069e+01	6.725316e+01
4.330000e-06	4.732027e-06	1.059746e-09	3.291023e+01	6.706323e+01
4.340000e-06	4.707252e-06	1.027478e-09	3.273793e+01	6.687081e+01
4.350000e-06	4.682154e-06	9.961389e-10	3.256338e+01	6.667618e+01
4.360000e-06	4.656752e-06	1.057041e-09	3.238671e+01	6.647962e+01
4.370000e-06	4.630977e-06	1.037481e-09	3.220745e+01	6.628141e+01
4.380000e-06	4.604794e-06	9.760604e-10	3.202535e+01	6.608180e+01
4.390000e-06	4.578373e-06	1.005922e-09	3.184160e+01	6.588104e+01
4.400000e-06	4.551697e-06	1.028188e-09	3.165608e+01	6.567937e+01
4.410000e-06	4.524698e-06	9.958570e-10	3.146831e+01	6.547701e+01
4.420000e-06	4.497377e-06	1.004908e-09	3.127829e+01	6.527417e+01
4.430000e-06	4.469713e-06	1.033593e-09	3.108589e+01	6.507104e+01
4.440000e-06	4.441779e-06	1.009914e-09	3.089162e+01	6.486779e+01
4.450000e-06	4.413670e-06	9.943010e-10	3.069613e+01	6.466456e+01
4.460000e-06	4.385390e-06	1.006701e-09	3.049945e+01	6.446150e+01
4.470000e-06	4.356871e-06	9.942405e-10	3.030110e+01	6.425871e+01
4.480000e-06	4.327995e-06	9.809063e-10	3.010028e+01	6.405629e+01
4.490000e-06	4.298763e-06	9.995363e-10	2.989697e+01	6.385429e+01
4.500000e-06	4.269138e-06	9.969688e-10	2.969094e+01	6.365277e+01
4.510000e-06	4.238967e-06	9.771774e-10	2.948111e+01	6.345175e+01
4.520000e-06	4.208313e-06	9.794188e-10	2.926791e+01	6.325123e+01
4.530000e-06	4.177169e-06	9.819139e-10	2.905132e+01	6.305119e+01
4.540000e-06	4.145555e-06	9.696138e-10	2.883144e+01	6.285157e+01
4.550000e-06	4.113645e-06	9.806732e-10	2.860952e+01	6.265230e+01
4.560000e-06	4.081536e-06	9.913224e-10	2.838621e+01	6.245330e+01
4.570000e-06	4.049280e-06	9.753816e-10	2.816187e+01	6.225446e+01
4.580000e-06	4.016873e-06	9.659909e-10	2.793649e+01	6.205562e+01
4.590000e-06	3.984308e-06	9.711483e-10	2.771000e+01	6.185665e+01
4.600000e-06	3.951454e-06	9.564187e-10	2.748152e+01	6.165735e+01
4.610000e-06	3.918270e-06	9.464436e-10	2.725073e+01	6.145754e+01
4.620000e-06	3.884815e-06	9.579701e-10	2.701806e+01	6.125699e+01
4.630000e-06	3.851092e-06	9.575678e-10	2.678352e+01	6.105548e+01
4.640000e-06	3.817097e-06	9.437250e-10	2.654709e+01	6.085275e+01
4.650000e-06	3.782849e-06	9.454610e-10	2.630890e+01	6.064855e+01
4.660000e-06	3.748401e-06	9.466703e-10	2.606932e+01	6.044259e+01
4.670000e-06	3.713754e-06	9.342195e-10	2.582836e+01	6.023459e+01
4.680000e-06	3.678815e-06	9.316072e-10	2.558537e+01	6.002425e+01
4.690000e-06	3.643486e-06	9.383020e-10	2.533966e+01	5.981126e+01
4.700000e-06	3.607867e-06	9.309870e-10	2.509194e+01	5.959530e+01
4.710000e-06	3.572047e-06	9.214280e-10	2.484282e+01	5.937605e+01
4.720000e-06	3.536079e-06	9.274771e-10	2.459267e+01	5.915320e+01
4.730000e-06	3.500031e-06	9.283219e-10	2.434196e+01	5.892640e+01
4.740000e-06	3.463837e-06	9.206539e-10	2.409024e+01	5.869535e+01
4.750000e-06	3.427455e-06	9.221740e-10	2.383721e+01	5.845972e+01
4.760000e-06	3.390953e-06	9.223349e-10	2.358335e+01	5.821918e+01
4.770000e-06	3.354275e-06	9.088879e-10	2.332826e+01	5.797342e+01
4.780000e-06	3.317215e-06	9.043712e-10	2.307052e+01	5.772214e+01
4.790000e-06	3.279825e-06	9.056709e-10	2.281048e+01	5.746504e+01
4.800000e-06	3.242100e-06	9.002671e-10	2.254811e+01	5.720183e+01
4.810000e-06	3.203866e-06	8.959496e-10	2.228220e+01	5.693224e+01
4.820000e-06	3.165209e-06	8.976852e-10	2.201335e+01	5.665601e+01
4.830000e-06	3.126300e-06	8.945555e-10	2.174275e+01	5.637289e+01
4.840000e-06	3.087057e-06	8.883329e-10	2.146982e+01	5.608267e+01
4.850000e-06	3.047456e-06	8.852651e-10	2.119441e+01	5.578513e+01
4.860000e-06	3.007669e-06	8.796376e-10	2.091769e+01	5.548008e+01
4.870000e-06	2.967730e-06	8.700458e-10	2.063992e+01	5.516736e+01
4.880000e-06	2.927653e-06	8.642357e-10	2.036120e+01	5.484681e+01
4.890000e-06	2.887463e-06	8.620337e-10	2.008169e+01	5.451831e+01
4.900000e-06	2.847173e-06	8.584224e-10	1.980148e+01	5.418175e+01
4.910000e-06	2.806778e-06	8.522325e-10	1.952054e+01	5.383705e+01
4.920000e-06	2.766238e-06	8.473650e-10	1.923859e+01	5.348415e+01
4.930000e-06	2.725503e-06	8.397011e-10	1.895529e+01	5.312301e+01
4.940000e-06	2.684562e-06	8.336907e-10	1.867055e+01	5.275361e+01
4.950000e-06	2.643440e-06	8.306694e-10	1.838456e+01	5.237595e+01
4.960000e-06	2.602090e-06	8.263032e-10	1.809698e+01	5.199006e+01
4.970000e-06	2.560575e-06	8.192210e-10	1.780825e+01	5.159596e+01
4.980000e-06	2.518972e-06	8.138964e-10	1.751891e+01	5.119372e+01
4.990000e-06	2.477249e-06	8.102700e-10	1.722873e+01	5.078342e+01
5.000000e-06	2.435319e-06	8.039124e-10	1.693712e+01	5.036512e+01
5.010000e-06	2.393123e-06	7.986958e-10	1.664366e+01	4.993894e+01
5.020000e-06	2.350773e-06	7.941400e-10	1.634912e+01	4.950497e+01
5.030000e-06	2.308304e-06	7.888213e-10	1.605376e+01	4.906333e+01
5.040000e-06	2.265612e-06	7.840238e-10	1.575685e+01	4.861414e+01
5.050000e-06	2.222685e-06	7.806681e-10	1.545830e+01	4.815751e+01
5.060000e-06	2.179589e-06	7.756080e-10	1.515858e+01	4.769357e+01
5.070000e-06	2.136330e-06	7.697117e-10	1.485772e+01	4.722243e+01
5.080000e-06	2.092891e-06	7.644727e-10	1.455561e+01	4.674420e+01
5.090000e-06	2.049353e-06	7.598126e-10	1.425281e+01	4.625899e+01
5.100000e-06	2.005713e-06	7.538325e-10	1.394931e+01	4.576687e+01
5.110000e-06	1.961939e-06	7.471376e-10	1.364487e+01	4.526793e+01
5.120000e-06	1.918084e-06	7.382797e-10	1.333986e+01	4.476221e+01
5.130000e-06	1.874120e-06	7.310756e-10	1.303410e+01	4.424977e+01
5.140000e-06	1.830064e-06	7.281910e-10	1.272770e+01	4.373060e+01
5.150000e-06	1.785962e-06	7.249178e-10	1.242098e+01	4.320470e+01
5.160000e-06	1.741811e-06	7.168750e-10	1.211392e+01	4.267203e+01
5.170000e-06	1.697643e-06	7.076271e-10	1.180675e+01	4.213252e+01
5.180000e-06	1.653402e-06	6.980381e-10	1.149905e+01	4.158608e+01
5.190000e-06	1.609060e-06	6.875266e-10	1.119066e+01	4.103256e+01
5.200000e-06	1.564612e-06	6.759457e-10	1.088154e+01	4.047180e+01
5.210000e-06	1.520106e-06	6.648126e-10	1.057201e+01	3.990360e+01
5.220000e-06	1.475531e-06	6.571863e-10	1.026200e+01	3.932773e+01
5.230000e-06	1.430795e-06	6.500508e-10	9.950870e+00	3.874390e+01
5.240000e-06	1.385944e-06	6.427189e-10	9.638941e+00	3.815182e+01
5.250000e-06	1.340965e-06	6.336499e-10	9.326122e+00	3.755114e+01
5.260000e-06	1.295926e-06	6.200996e-10	9.012885e+00	3.694147e+01
5.270000e-06	1.250808e-06	6.067881e-10	8.699099e+00	3.632242e+01
5.280000e-06	1.205663e-06	5.971843e-10	8.385129e+00	3.569353e+01
5.290000e-06	1.160404e-06	5.866927e-10	8.070362e+00	3.505433e+01
5.300000e-06	1.114943e-06	5.738174e-10	7.754189e+00	3.440433e+01
5.310000e-06	1.069550e-06	5.618821e-10	7.438492e+00	3.374300e+01
5.320000e-06	1.024122e-06	5.514507e-10	7.122546e+00	3.306980e+01
5.330000e-06	9.784665e-07	5.413812e-10	6.805025e+00	3.238417e+01
5.340000e-06	9.326341e-07	5.346730e-10	6.486270e+00	3.168553e+01
5.350000e-06	8.867987e-07	5.265665e-10	6.167495e+00	3.097330e+01
5.360000e-06	8.409126e-07	5.129836e-10	5.848367e+00	3.024689e+01
5.370000e-06	7.949054e-07	4.975904e-10	5.528397e+00	2.950572e+01
5.380000e-06	7.488513e-07	4.818119e-10	5.208100e+00	2.874921e+01
5.390000e-06	7.027540e-07	4.665062e-10	4.887504e+00	2.797678e+01
5.400000e-06	6.565530e-07	4.534974e-10	4.566186e+00	2.718788e+01
5.410000e-06	6.102229e-07	4.434855e-10	4.243969e+00	2.638198e+01
5.420000e-06	5.640078e-07	4.327477e-10	3.922553e+00	2.555857e+01
5.430000e-06	5.177544e-07	4.212072e-10	3.600871e+00	2.471717e+01
5.440000e-06	4.713009e-07	4.124753e-10	3.277797e+00	2.385735e+01
5.450000e-06	4.248792e-07	4.023196e-10	2.954944e+00	2.297872e+01
5.460000e-06	3.784173e-07	3.868740e-10	2.631811e+00	2.208094e+01
5.470000e-06	3.318837e-07	3.699564e-10	2.308180e+00	2.116370e+01
5.480000e-06	2.854085e-07	3.544289e-10	1.984955e+00	2.022679e+01
5.490000e-06	2.389325e-07	3.397370e-10	1.661724e+00	1.927003e+01
5.500000e-06	1.924131e-07	3.249719e-10	1.338192e+00	1.829332e+01
5.510000e-06	1.458752e-07	3.100640e-10	1.014531e+00	1.729664e+01
5.520000e-06	9.933478e-08	2.945554e-10	6.908521e-01	1.628003e+01
5.530000e-06	5.278577e-08	2.794714e-10	3.671137e-01	1.524361e+01
5.540000e-06	6.272497e-09	2.647686e-10	4.362387e-02	1.418759e+01
5.550000e-06	-4.019488e-08	2.468442e-10	-2.795468e-01	1.311226e+01
5.560000e-06	-8.660334e-08	2.265633e-10	-6.023077e-01	1.201799e+01
5.570000e-06	-1.329970e-07	2.062362e-10	-9.249654e-01	1.090524e+01
5.580000e-06	-1.794777e-07	1.875641e-10	-1.248229e+00	9.774543e+00
5.590000e-06	-2.260167e-07	1.700176e-10	-1.571898e+00	8.626538e+00
5.600000e-06	-2.725277e-07	1.514423e-10	-1.895371e+00	7.461935e+00
5.610000e-06	-3.189258e-07	1.339378e-10	-2.218060e+00	6.281531e+00
5.620000e-06	-3.652797e-07	1.161090e-10	-2.540442e+00	5.086205e+00
5.630000e-06	-4.116823e-07	9.662501e-11	-2.863162e+00	3.876913e+00
5.640000e-06	-4.580944e-07	7.498111e-11	-3.185948e+00	2.654687e+00
5.650000e-06	-5.045268e-07	5.383989e-11	-3.508876e+00	1.420631e+00
5.660000e-06	-5.509718e-07	3.548079e-11	-3.831891e+00	1.759152e-01
5.670000e-06	-5.973207e-07	1.631903e-11	-4.154237e+00	-1.078227e+00
5.680000e-06	-6.436127e-07	-2.154451e-12	-4.476188e+00	-2.340506e+00
5.690000e-06	-6.897942e-07	-2.241841e-11	-4.797371e+00	-3.609581e+00
5.700000e-06	-7.358065e-07	-4.486427e-11	-5.117376e+00	-4.884067e+00
5.710000e-06	-7.817826e-07	-6.689996e-11	-5.437130e+00	-6.162541e+00
5.720000e-06	-8.277391e-07	-8.888975e-11	-5.756748e+00	-7.443548e+00
5.730000e-06	-8.736489e-07	-1.100237e-10	-6.076041e+00	-8.725611e+00
5.740000e-06	-9.195496e-07	-1.312344e-10	-6.395270e+00	-1.000724e+01
5.750000e-06	-9.652887e-07	-1.526386e-10	-6.713376e+00	-1.128692e+01
5.760000e-06	-1.010923e-06	-1.752271e-10	-7.030755e+00	-1.256317e+01
5.770000e-06	-1.056553e-06	-1.936401e-10	-7.348102e+00	-1.383447e+01
5.780000e-06	-1.102030e-06	-2.135401e-10	-7.664384e+00	-1.509936e+01
5.790000e-06	-1.147319e-06	-2.340154e-10	-7.979354e+00	-1.635638e+01
5.800000e-06	-1.192501e-06	-2.532036e-10	-8.293587e+00	-1.760409e+01
5.810000e-06	-1.237592e-06	-2.752030e-10	-8.607190e+00	-1.884111e+01
5.820000e-06	-1.282550e-06	-2.976538e-10	-8.919859e+00	-2.006610e+01
5.830000e-06	-1.327418e-06	-3.177807e-10	-9.231906e+00	-2.127777e+01
5.840000e-06	-1.372192e-06	-3.374595e-10	-9.543300e+00	-2.247487e+01
5.850000e-06	-1.416846e-06	-3.565973e-10	-9.853862e+00	-2.365625e+01
5.860000e-06	-1.461409e-06	-3.744908e-10	-1.016379e+01	-2.482080e+01
5.870000e-06	-1.505945e-06	-3.920736e-10	-1.047353e+01	-2.596750e+01
5.880000e-06	-1.550422e-06	-4.109083e-10	-1.078285e+01	-2.709541e+01
5.890000e-06	-1.594787e-06	-4.304657e-10	-1.109140e+01	-2.820366e+01
5.900000e-06	-1.639055e-06	-4.485415e-10	-1.139928e+01	-2.929149e+01
5.910000e-06	-1.683258e-06	-4.680882e-10	-1.170670e+01	-3.035822e+01
5.920000e-06	-1.727419e-06	-4.856585e-10	-1.201383e+01	-3.140324e+01
5.930000e-06	-1.771551e-06	-5.003505e-10	-1.232076e+01	-3.242607e+01
5.940000e-06	-1.815665e-06	-5.155193e-10	-1.262756e+01	-3.342630e+01
5.950000e-06	-1.859695e-06	-5.309038e-10	-1.293378e+01	-3.440363e+01
5.960000e-06	-1.903571e-06	-5.440464e-10	-1.323893e+01	-3.535783e+01
5.970000e-06	-1.947352e-06	-5.589414e-10	-1.354342e+01	-3.628878e+01
5.980000e-06	-1.991045e-06	-5.755735e-10	-1.384729e+01	-3.719646e+01
5.990000e-06	-2.034612e-06	-5.916051e-10	-1.415029e+01	-3.808090e+01
6.000000e-06	-2.078001e-06	-6.069532e-10	-1.445205e+01	-3.894226e+01
6.010000e-06	-2.121311e-06	-6.234331e-10	-1.475326e+01	-3.978075e+01
6.020000e-06	-2.164495e-06	-6.370472e-10	-1.505360e+01	-4.059667e+01
6.030000e-06	-2.207405e-06	-6.475305e-10	-1.535203e+01	-4.139039e+01
6.040000e-06	-2.250155e-06	-6.575735e-10	-1.564934e+01	-4.216233e+01
6.050000e-06	-2.292806e-06	-6.688796e-10	-1.594598e+01	-4.291299e+01
6.060000e-06	-2.335278e-06	-6.815089e-10	-1.624136e+01	-4.364293e+01
6.070000e-06	-2.377512e-06	-6.966273e-10	-1.653509e+01	-4.435274e+01
6.080000e-06	-2.419569e-06	-7.121214e-10	-1.682759e+01	-4.504306e+01
6.090000e-06	-2.461452e-06	-7.242477e-10	-1.711887e+01	-4.571457e+01
6.100000e-06	-2.503089e-06	-7.341874e-10	-1.740845e+01	-4.636798e+01
6.110000e-06	-2.544567e-06	-7.423812e-10	-1.769692e+01	-4.700400e+01
6.120000e-06	-2.585931e-06	-7.507466e-10	-1.798459e+01	-4.762339e+01
6.130000e-06	-2.627068e-06	-7.601404e-10	-1.827069e+01	-4.822690e+01
6.140000e-06	-2.667965e-06	-7.692655e-10	-1.855512e+01	-4.881527e+01
6.150000e-06	-2.708764e-06	-7.796106e-10	-1.883887e+01	-4.938927e+01
6.160000e-06	-2.749460e-06	-7.923623e-10	-1.912190e+01	-4.994962e+01
6.170000e-06	-2.789914e-06	-8.050309e-10	-1.940325e+01	-5.049706e+01
6.180000e-06	-2.830163e-06	-8.171992e-10	-1.968318e+01	-5.103229e+01
6.190000e-06	-2.870322e-06	-8.262086e-10	-1.996247e+01	-5.155597e+01
6.200000e-06	-2.910395e-06	-8.309309e-10	-2.024117e+01	-5.206876e+01
6.210000e-06	-2.950332e-06	-8.364960e-10	-2.051892e+01	-5.257126e+01
6.220000e-06	-2.990154e-06	-8.456943e-10	-2.079588e+01	-5.306405e+01
6.230000e-06	-3.029829e-06	-8.554205e-10	-2.107181e+01	-5.354764e+01
6.240000e-06	-3.069249e-06	-8.659847e-10	-2.134597e+01	-5.402253e+01
6.250000e-06	-3.108372e-06	-8.765045e-10	-2.161806e+01	-5.448914e+01
6.260000e-06	-3.147168e-06	-8.824502e-10	-2.188788e+01	-5.494786e+01
6.270000e-06	-3.185605e-06	-8.866093e-10	-2.215520e+01	-5.539902e+01
6.280000e-06	-3.223705e-06	-8.915891e-10	-2.242018e+01	-5.584291e+01
6.290000e-06	-3.261399e-06	-8.977250e-10	-2.268233e+01	-5.627977e+01
6.300000e-06	-3.298681e-06	-9.040657e-10	-2.294162e+01	-5.670977e+01
6.310000e-06	-3.335650e-06	-9.119632e-10	-2.319873e+01	-5.713306e+01
6.320000e-06	-3.372359e-06	-9.201146e-10	-2.345403e+01	-5.754972e+01
6.330000e-06	-3.408857e-06	-9.263767e-10	-2.370787e+01	-5.795979e+01
6.340000e-06	-3.445196e-06	-9.316323e-10	-2.396060e+01	-5.836328e+01
6.350000e-06	-3.481395e-06	-9.347529e-10	-2.421236e+01	-5.876015e+01
6.360000e-06	-3.517450e-06	-9.385638e-10	-2.446311e+01	-5.915032e+01
6.370000e-06	-3.553335e-06	-9.449495e-10	-2.471268e+01	-5.953368e+01
6.380000e-06	-3.589035e-06	-9.512908e-10	-2.496097e+01	-5.991011e+01
6.390000e-06	-3.624502e-06	-9.561349e-10	-2.520763e+01	-6.027943e+01
6.400000e-06	-3.659667e-06	-9.636117e-10	-2.545220e+01	-6.064147e+01
6.410000e-06	-3.694533e-06	-9.721659e-10	-2.569469e+01	-6.099602e+01
6.420000e-06	-3.729123e-06	-9.798460e-10	-2.593525e+01	-6.134289e+01
6.430000e-06	-3.763435e-06	-9.867989e-10	-2.617388e+01	-6.168185e+01
6.440000e-06	-3.797463e-06	-9.910379e-10	-2.641054e+01	-6.201268e+01
6.450000e-06	-3.831206e-06	-9.918493e-10	-2.664521e+01	-6.233518e+01
6.460000e-06	-3.864690e-06	-9.924800e-10	-2.687809e+01	-6.264911e+01
6.470000e-06	-3.897939e-06	-9.955596e-10	-2.710933e+01	-6.295429e+01
6.480000e-06	-3.930914e-06	-1.000412e-09	-2.733866e+01	-6.325053e+01
6.490000e-06	-3.963595e-06	-1.005419e-09	-2.756596e+01	-6.353766e+01
6.500000e-06	-3.996100e-06	-1.008949e-09	-2.779202e+01	-6.381553e+01
6.510000e-06	-4.028462e-06	-1.012571e-09	-2.801709e+01	-6.408402e+01
6.520000e-06	-4.060583e-06	-1.017844e-09	-2.824049e+01	-6.434303e+01
6.530000e-06	-4.092515e-06	-1.022825e-09	-2.846256e+01	-6.459250e+01
6.540000e-06	-4.124202e-06	-1.024257e-09	-2.868294e+01	-6.483238e+01
6.550000e-06	-4.155516e-06	-1.021976e-09	-2.890072e+01	-6.506267e+01
6.560000e-06	-4.186380e-06	-1.022902e-09	-2.911537e+01	-6.528341e+01
6.570000e-06	-4.216833e-06	-1.026175e-09	-2.932717e+01	-6.549466e+01
6.580000e-06	-4.246833e-06	-1.030303e-09	-2.953581e+01	-6.569652e+01
6.590000e-06	-4.276278e-06	-1.034511e-09	-2.974060e+01	-6.588913e+01
6.600000e-06	-4.305267e-06	-1.037875e-09	-2.994221e+01	-6.607266e+01
6.610000e-06	-4.333939e-06	-1.041756e-09	-3.014162e+01	-6.624731e+01
6.620000e-06	-4.362383e-06	-1.043933e-09	-3.033944e+01	-6.641331e+01
6.630000e-06	-4.390623e-06	-1.046413e-09	-3.053584e+01	-6.657094e+01
6.640000e-06	-4.418695e-06	-1.046596e-09	-3.073108e+01	-6.672048e+01
6.650000e-06	-4.446592e-06	-1.047076e-09	-3.092509e+01	-6.686226e+01
6.660000e-06	-4.474185e-06	-1.051555e-09	-3.111700e+01	-6.699663e+01
6.670000e-06	-4.501394e-06	-1.056467e-09	-3.130623e+01	-6.712394e+01
6.680000e-06	-4.528341e-06	-1.061413e-09	-3.149364e+01	-6.724457e+01
6.690000e-06	-4.555029e-06	-1.065930e-09	-3.167925e+01	-6.735894e+01
6.700000e-06	-4.581349e-06	-1.068336e-09	-3.186230e+01	-6.746743e+01
6.710000e-06	-4.607355e-06	-1.067676e-09	-3.204317e+01	-6.757048e+01
6.720000e-06	-4.633039e-06	-1.067802e-09	-3.222179e+01	-6.766849e+01
6.730000e-06	-4.658293e-06	-1.068256e-09	-3.239743e+01	-6.776188e+01
6.740000e-06	-4.683181e-06	-1.068720e-09	-3.257052e+01	-6.785108e+01
6.750000e-06	-4.707785e-06	-1.070396e-09	-3.274163e+01	-6.793648e+01
6.760000e-06	-4.732135e-06	-1.070226e-09	-3.291098e+01	-6.801849e+01
6.770000e-06	-4.756277e-06	-1.068890e-09	-3.307889e+01	-6.809750e+01
6.780000e-06	-4.780210e-06	-1.067227e-09	-3.324534e+01	-6.817386e+01
6.790000e-06	-4.803842e-06	-1.069512e-09	-3.340969e+01	-6.824794e+01
6.800000e-06	-4.827041e-06	-1.073475e-09	-3.357103e+01	-6.832006e+01
6.810000e-06	-4.849778e-06	-1.076167e-09	-3.372917e+01	-6.839052e+01
6.820000e-06	-4.872033e-06	-1.079529e-09	-3.388395e+01	-6.845960e+01
6.830000e-06	-4.893785e-06	-1.080035e-09	-3.403523e+01	-6.852755e+01
6.840000e-06	-4.915012e-06	-1.078224e-09	-3.418285e+01	-6.859458e+01
6.850000e-06	-4.935774e-06	-1.074251e-09	-3.432725e+01	-6.866089e+01
6.860000e-06	-4.956174e-06	-1.068296e-09	-3.446913e+01	-6.872664e+01
6.870000e-06	-4.976294e-06	-1.066951e-09	-3.460906e+01	-6.879195e+01
6.880000e-06	-4.996251e-06	-1.069924e-09	-3.474786e+01	-6.885691e+01
6.890000e-06	-5.015996e-06	-1.074611e-09	-3.488518e+01	-6.892158e+01
6.900000e-06	-5.035440e-06	-1.076899e-09	-3.502040e+01	-6.898601e+01
6.910000e-06	-5.054513e-06	-1.072919e-09	-3.515306e+01	-6.905019e+01
6.920000e-06	-5.073140e-06	-1.067221e-09	-3.528260e+01	-6.911409e+01
6.930000e-06	-5.091381e-06	-1.065486e-09	-3.540947e+01	-6.917766e+01
6.940000e-06	-5.109334e-06	-1.066125e-09	-3.553432e+01	-6.924083e+01
6.950000e-06	-5.126993e-06	-1.069375e-09	-3.565713e+01	-6.930348e+01
6.960000e-06	-5.144329e-06	-1.072520e-09	-3.577771e+01	-6.936551e+01
6.970000e-06	-5.161265e-06	-1.075461e-09	-3.589549e+01	-6.942676e+01
6.980000e-06	-5.177818e-06	-1.078270e-09	-3.601061e+01	-6.948709e+01
6.990000e-06	-5.194129e-06	-1.078061e-09	-3.612405e+01	-6.954632e+01
7.000000e-06	-5.210188e-06	-1.077544e-09	-3.623574e+01	-6.960428e+01
7.010000e-06	-5.225937e-06	-1.074850e-09	-3.634527e+01	-6.966078e+01
7.020000e-06	-5.241364e-06	-1.074753e-09	-3.645256e+01	-6.971565e+01
7.030000e-06	-5.256267e-06	-1.074718e-09	-3.655621e+01	-6.976867e+01
7.040000e-06	-5.270564e-06	-1.074852e-09	-3.665565e+01	-6.981969e+01
7.050000e-06	-5.284247e-06	-1.073960e-09	-3.675081e+01	-6.986850e+01
7.060000e-06	-5.297315e-06	-1.070608e-09	-3.684169e+01	-6.991495e+01
7.070000e-06	-5.309904e-06	-1.068225e-09	-3.692924e+01	-6.995887e+01
7.080000e-06	-5.322183e-06	-1.067590e-09	-3.701464e+01	-7.000011e+01
7.090000e-06	-5.334159e-06	-1.069257e-09	-3.709793e+01	-7.003854e+01
7.100000e-06	-5.345722e-06	-1.069706e-09	-3.717835e+01	-7.007406e+01
7.110000e-06	-5.356905e-06	-1.070077e-09	-3.725612e+01	-7.010656e+01
7.120000e-06	-5.367658e-06	-1.068487e-09	-3.733091e+01	-7.013597e+01
7.130000e-06	-5.378028e-06	-1.066580e-09	-3.740303e+01	-7.016225e+01
7.140000e-06	-5.388118e-06	-1.065179e-09	-3.747320e+01	-7.018537e+01
7.150000e-06	-5.397875e-06	-1.062501e-09	-3.754106e+01	-7.020534e+01
7.160000e-06	-5.407233e-06	-1.060194e-09	-3.760615e+01	-7.022217e+01
7.170000e-06	-5.416201e-06	-1.060020e-09	-3.766851e+01	-7.023591e+01
7.180000e-06	-5.424791e-06	-1.061260e-09	-3.772826e+01	-7.024665e+01
7.190000e-06	-5.433045e-06	-1.060651e-09	-3.778566e+01	-7.025448e+01
7.200000e-06	-5.440963e-06	-1.061783e-09	-3.784073e+01	-7.025953e+01
7.210000e-06	-5.448554e-06	-1.062816e-09	-3.789352e+01	-7.026194e+01
7.220000e-06	-5.455892e-06	-1.061550e-09	-3.794456e+01	-7.026188e+01
7.230000e-06	-5.462777e-06	-1.062571e-09	-3.799244e+01	-7.025955e+01
7.240000e-06	-5.469054e-06	-1.065375e-09	-3.803610e+01	-7.025515e+01
7.250000e-06	-5.474785e-06	-1.068553e-09	-3.807596e+01	-7.024890e+01
7.260000e-06	-5.479940e-06	-1.068012e-09	-3.811181e+01	-7.024104e+01
7.270000e-06	-5.484634e-06	-1.064678e-09	-3.814445e+01	-7.023182e+01
7.280000e-06	-5.489006e-06	-1.060800e-09	-3.817486e+01	-7.022149e+01
7.290000e-06	-5.493156e-06	-1.058831e-09	-3.820372e+01	-7.021033e+01
7.300000e-06	-5.497083e-06	-1.060596e-09	-3.823103e+01	-7.019861e+01
7.310000e-06	-5.500666e-06	-1.064229e-09	-3.825595e+01	-7.018658e+01
7.320000e-06	-5.503830e-06	-1.068111e-09	-3.827795e+01	-7.017451e+01
7.330000e-06	-5.506601e-06	-1.069160e-09	-3.829723e+01	-7.016268e+01
7.340000e-06	-5.509069e-06	-1.068448e-09	-3.831439e+01	-7.015133e+01
7.350000e-06	-5.511227e-06	-1.065741e-09	-3.832940e+01	-7.014071e+01
7.360000e-06	-5.512965e-06	-1.061690e-09	-3.834149e+01	-7.013105e+01
7.370000e-06	-5.514145e-06	-1.059474e-09	-3.834970e+01	-7.012256e+01
7.380000e-06	-5.514958e-06	-1.058124e-09	-3.835535e+01	-7.011544e+01
7.390000e-06	-5.515558e-06	-1.058166e-09	-3.835952e+01	-7.010988e+01
7.400000e-06	-5.515917e-06	-1.058239e-09	-3.836202e+01	-7.010601e+01
