# Temperatura_=_-0.3
# Concentracion g/m^3_=_1620.0
# C_Vs_to_Am_M_A/Vsm_=_65563218390.804596
# pendiente_HvsI_1/m_=_3716.3
# ordenada_HvsI_A/m_=_1297.0
# frecuencia_Hz_=_135107.53934478897

Tiempo_(s)	Campo_(V.s)	Magnetizacion_(V.s)	Campo_(kA/m)	Magnetizacion_(A/m)
0.000000e+00	-5.527181e-06	-1.245779e-09	-3.836182e+01	-8.215008e+01
1.000000e-08	-5.527417e-06	-1.245911e-09	-3.836346e+01	-8.216586e+01
2.000000e-08	-5.527376e-06	-1.248512e-09	-3.836317e+01	-8.217999e+01
3.000000e-08	-5.526875e-06	-1.251498e-09	-3.835970e+01	-8.219235e+01
4.000000e-08	-5.525814e-06	-1.250180e-09	-3.835233e+01	-8.220281e+01
5.000000e-08	-5.524171e-06	-1.245094e-09	-3.834093e+01	-8.221124e+01
6.000000e-08	-5.521989e-06	-1.230940e-09	-3.832578e+01	-8.221747e+01
7.000000e-08	-5.519323e-06	-1.217671e-09	-3.830729e+01	-8.222136e+01
8.000000e-08	-5.516159e-06	-1.246764e-09	-3.828532e+01	-8.222272e+01
9.000000e-08	-5.512595e-06	-1.287011e-09	-3.826059e+01	-8.222139e+01
1.000000e-07	-5.508634e-06	-1.250067e-09	-3.823309e+01	-8.221717e+01
1.100000e-07	-5.504304e-06	-1.209109e-09	-3.820304e+01	-8.220989e+01
1.200000e-07	-5.499793e-06	-1.222671e-09	-3.817173e+01	-8.219936e+01
1.300000e-07	-5.494998e-06	-1.245794e-09	-3.813845e+01	-8.218539e+01
1.400000e-07	-5.489800e-06	-1.223833e-09	-3.810238e+01	-8.216781e+01
1.500000e-07	-5.484251e-06	-1.168331e-09	-3.806386e+01	-8.214643e+01
1.600000e-07	-5.478368e-06	-1.213933e-09	-3.802303e+01	-8.212110e+01
1.700000e-07	-5.472069e-06	-1.257316e-09	-3.797931e+01	-8.209164e+01
1.800000e-07	-5.465339e-06	-1.238544e-09	-3.793260e+01	-8.205792e+01
1.900000e-07	-5.458207e-06	-1.196737e-09	-3.788310e+01	-8.201979e+01
2.000000e-07	-5.450727e-06	-1.229244e-09	-3.783118e+01	-8.197714e+01
2.100000e-07	-5.442975e-06	-1.279936e-09	-3.777738e+01	-8.192984e+01
2.200000e-07	-5.434992e-06	-1.270865e-09	-3.772198e+01	-8.187781e+01
2.300000e-07	-5.426607e-06	-1.235289e-09	-3.766378e+01	-8.182096e+01
2.400000e-07	-5.417654e-06	-1.253001e-09	-3.760164e+01	-8.175925e+01
2.500000e-07	-5.408078e-06	-1.290547e-09	-3.753518e+01	-8.169262e+01
2.600000e-07	-5.397846e-06	-1.267990e-09	-3.746416e+01	-8.162105e+01
2.700000e-07	-5.387083e-06	-1.236882e-09	-3.738946e+01	-8.154453e+01
2.800000e-07	-5.375774e-06	-1.248015e-09	-3.731097e+01	-8.146308e+01
2.900000e-07	-5.364071e-06	-1.280771e-09	-3.722975e+01	-8.137671e+01
3.000000e-07	-5.352154e-06	-1.259487e-09	-3.714703e+01	-8.128548e+01
3.100000e-07	-5.339838e-06	-1.239521e-09	-3.706156e+01	-8.118943e+01
3.200000e-07	-5.327055e-06	-1.246894e-09	-3.697283e+01	-8.108866e+01
3.300000e-07	-5.313918e-06	-1.268676e-09	-3.688165e+01	-8.098324e+01
3.400000e-07	-5.300345e-06	-1.235679e-09	-3.678745e+01	-8.087327e+01
3.500000e-07	-5.286175e-06	-1.212030e-09	-3.668910e+01	-8.075888e+01
3.600000e-07	-5.271538e-06	-1.237023e-09	-3.658751e+01	-8.064018e+01
3.700000e-07	-5.256673e-06	-1.255754e-09	-3.648434e+01	-8.051730e+01
3.800000e-07	-5.241365e-06	-1.216358e-09	-3.637809e+01	-8.039039e+01
3.900000e-07	-5.225455e-06	-1.219422e-09	-3.626767e+01	-8.025958e+01
4.000000e-07	-5.209106e-06	-1.251186e-09	-3.615420e+01	-8.012503e+01
4.100000e-07	-5.192343e-06	-1.222009e-09	-3.603785e+01	-7.998689e+01
4.200000e-07	-5.175274e-06	-1.187691e-09	-3.591938e+01	-7.984531e+01
4.300000e-07	-5.157945e-06	-1.233200e-09	-3.579911e+01	-7.970043e+01
4.400000e-07	-5.140251e-06	-1.241218e-09	-3.567630e+01	-7.955242e+01
4.500000e-07	-5.122114e-06	-1.183345e-09	-3.555042e+01	-7.940141e+01
4.600000e-07	-5.103557e-06	-1.196290e-09	-3.542163e+01	-7.924756e+01
4.700000e-07	-5.084681e-06	-1.231899e-09	-3.529062e+01	-7.909098e+01
4.800000e-07	-5.065480e-06	-1.189976e-09	-3.515735e+01	-7.893182e+01
4.900000e-07	-5.045986e-06	-1.178374e-09	-3.502205e+01	-7.877018e+01
5.000000e-07	-5.026275e-06	-1.226960e-09	-3.488525e+01	-7.860620e+01
5.100000e-07	-5.006351e-06	-1.198093e-09	-3.474696e+01	-7.843997e+01
5.200000e-07	-4.986095e-06	-1.164044e-09	-3.460637e+01	-7.827158e+01
5.300000e-07	-4.965450e-06	-1.213493e-09	-3.446309e+01	-7.810113e+01
5.400000e-07	-4.944408e-06	-1.219622e-09	-3.431704e+01	-7.792868e+01
5.500000e-07	-4.923045e-06	-1.159947e-09	-3.416877e+01	-7.775431e+01
5.600000e-07	-4.901420e-06	-1.179750e-09	-3.401868e+01	-7.757807e+01
5.700000e-07	-4.879432e-06	-1.208737e-09	-3.386607e+01	-7.740000e+01
5.800000e-07	-4.857053e-06	-1.164909e-09	-3.371075e+01	-7.722016e+01
5.900000e-07	-4.834309e-06	-1.152127e-09	-3.355289e+01	-7.703856e+01
6.000000e-07	-4.811299e-06	-1.185175e-09	-3.339319e+01	-7.685523e+01
6.100000e-07	-4.788025e-06	-1.161003e-09	-3.323165e+01	-7.667019e+01
6.200000e-07	-4.764492e-06	-1.140905e-09	-3.306832e+01	-7.648345e+01
6.300000e-07	-4.740750e-06	-1.162919e-09	-3.290354e+01	-7.629502e+01
6.400000e-07	-4.716713e-06	-1.159408e-09	-3.273670e+01	-7.610489e+01
6.500000e-07	-4.692301e-06	-1.139219e-09	-3.256728e+01	-7.591306e+01
6.600000e-07	-4.667473e-06	-1.151318e-09	-3.239495e+01	-7.571954e+01
6.700000e-07	-4.642009e-06	-1.147502e-09	-3.221822e+01	-7.552431e+01
6.800000e-07	-4.615847e-06	-1.127689e-09	-3.203664e+01	-7.532738e+01
6.900000e-07	-4.589190e-06	-1.132278e-09	-3.185162e+01	-7.512873e+01
7.000000e-07	-4.562157e-06	-1.138335e-09	-3.166400e+01	-7.492835e+01
7.100000e-07	-4.534810e-06	-1.129603e-09	-3.147420e+01	-7.472626e+01
7.200000e-07	-4.507266e-06	-1.135902e-09	-3.128303e+01	-7.452244e+01
7.300000e-07	-4.479581e-06	-1.140510e-09	-3.109087e+01	-7.431690e+01
7.400000e-07	-4.451694e-06	-1.128501e-09	-3.089732e+01	-7.410964e+01
7.500000e-07	-4.423605e-06	-1.121955e-09	-3.070237e+01	-7.390067e+01
7.600000e-07	-4.395222e-06	-1.116601e-09	-3.050538e+01	-7.369000e+01
7.700000e-07	-4.366497e-06	-1.103761e-09	-3.030600e+01	-7.347765e+01
7.800000e-07	-4.337465e-06	-1.102843e-09	-3.010451e+01	-7.326363e+01
7.900000e-07	-4.308116e-06	-1.111188e-09	-2.990080e+01	-7.304796e+01
8.000000e-07	-4.278523e-06	-1.107363e-09	-2.969542e+01	-7.283066e+01
8.100000e-07	-4.248624e-06	-1.104580e-09	-2.948790e+01	-7.261175e+01
8.200000e-07	-4.218324e-06	-1.107646e-09	-2.927760e+01	-7.239126e+01
8.300000e-07	-4.187726e-06	-1.100875e-09	-2.906523e+01	-7.216920e+01
8.400000e-07	-4.156902e-06	-1.085960e-09	-2.885130e+01	-7.194559e+01
8.500000e-07	-4.125861e-06	-1.085319e-09	-2.863585e+01	-7.172046e+01
8.600000e-07	-4.094555e-06	-1.084749e-09	-2.841857e+01	-7.149381e+01
8.700000e-07	-4.063025e-06	-1.075769e-09	-2.819973e+01	-7.126565e+01
8.800000e-07	-4.031395e-06	-1.074898e-09	-2.798020e+01	-7.103598e+01
8.900000e-07	-3.999609e-06	-1.081308e-09	-2.775959e+01	-7.080480e+01
9.000000e-07	-3.967530e-06	-1.073647e-09	-2.753695e+01	-7.057208e+01
9.100000e-07	-3.935077e-06	-1.065417e-09	-2.731171e+01	-7.033781e+01
9.200000e-07	-3.902180e-06	-1.064453e-09	-2.708338e+01	-7.010194e+01
9.300000e-07	-3.868804e-06	-1.059820e-09	-2.685173e+01	-6.986442e+01
9.400000e-07	-3.835009e-06	-1.049438e-09	-2.661717e+01	-6.962518e+01
9.500000e-07	-3.800880e-06	-1.049918e-09	-2.638030e+01	-6.938415e+01
9.600000e-07	-3.766351e-06	-1.049276e-09	-2.614065e+01	-6.914123e+01
9.700000e-07	-3.731387e-06	-1.042840e-09	-2.589798e+01	-6.889631e+01
9.800000e-07	-3.696142e-06	-1.039377e-09	-2.565336e+01	-6.864926e+01
9.900000e-07	-3.660737e-06	-1.037978e-09	-2.540763e+01	-6.839992e+01
1.000000e-06	-3.625175e-06	-1.030977e-09	-2.516080e+01	-6.814814e+01
1.010000e-06	-3.589459e-06	-1.024598e-09	-2.491291e+01	-6.789373e+01
1.020000e-06	-3.553610e-06	-1.025884e-09	-2.466410e+01	-6.763650e+01
1.030000e-06	-3.517568e-06	-1.023479e-09	-2.441395e+01	-6.737622e+01
1.040000e-06	-3.481313e-06	-1.016090e-09	-2.416232e+01	-6.711266e+01
1.050000e-06	-3.444799e-06	-1.011455e-09	-2.390889e+01	-6.684558e+01
1.060000e-06	-3.407945e-06	-1.003527e-09	-2.365311e+01	-6.657471e+01
1.070000e-06	-3.370840e-06	-9.924437e-10	-2.339558e+01	-6.629978e+01
1.080000e-06	-3.333467e-06	-9.886712e-10	-2.313618e+01	-6.602049e+01
1.090000e-06	-3.295795e-06	-9.865871e-10	-2.287472e+01	-6.573655e+01
1.100000e-06	-3.257881e-06	-9.805636e-10	-2.261157e+01	-6.544765e+01
1.110000e-06	-3.219758e-06	-9.734795e-10	-2.234697e+01	-6.515348e+01
1.120000e-06	-3.181404e-06	-9.694439e-10	-2.208078e+01	-6.485371e+01
1.130000e-06	-3.142836e-06	-9.619554e-10	-2.181309e+01	-6.454803e+01
1.140000e-06	-3.104073e-06	-9.541975e-10	-2.154406e+01	-6.423610e+01
1.150000e-06	-3.065099e-06	-9.470092e-10	-2.127355e+01	-6.391763e+01
1.160000e-06	-3.025968e-06	-9.386655e-10	-2.100196e+01	-6.359227e+01
1.170000e-06	-2.986688e-06	-9.308787e-10	-2.072934e+01	-6.325973e+01
1.180000e-06	-2.947282e-06	-9.270884e-10	-2.045583e+01	-6.291970e+01
1.190000e-06	-2.907703e-06	-9.232914e-10	-2.018114e+01	-6.257189e+01
1.200000e-06	-2.867967e-06	-9.193016e-10	-1.990535e+01	-6.221602e+01
1.210000e-06	-2.828108e-06	-9.151472e-10	-1.962870e+01	-6.185182e+01
1.220000e-06	-2.788111e-06	-9.098550e-10	-1.935110e+01	-6.147905e+01
1.230000e-06	-2.747886e-06	-9.003325e-10	-1.907191e+01	-6.109746e+01
1.240000e-06	-2.707439e-06	-8.910045e-10	-1.879119e+01	-6.070686e+01
1.250000e-06	-2.666874e-06	-8.824261e-10	-1.850964e+01	-6.030703e+01
1.260000e-06	-2.626009e-06	-8.756138e-10	-1.822602e+01	-5.989781e+01
1.270000e-06	-2.584768e-06	-8.743206e-10	-1.793978e+01	-5.947904e+01
1.280000e-06	-2.543243e-06	-8.739017e-10	-1.765158e+01	-5.905060e+01
1.290000e-06	-2.501411e-06	-8.691734e-10	-1.736124e+01	-5.861237e+01
1.300000e-06	-2.459324e-06	-8.625884e-10	-1.706913e+01	-5.816426e+01
1.310000e-06	-2.416943e-06	-8.560825e-10	-1.677498e+01	-5.770622e+01
1.320000e-06	-2.374289e-06	-8.471286e-10	-1.647893e+01	-5.723818e+01
1.330000e-06	-2.331501e-06	-8.394027e-10	-1.618196e+01	-5.676013e+01
1.340000e-06	-2.288472e-06	-8.350984e-10	-1.588331e+01	-5.627204e+01
1.350000e-06	-2.245188e-06	-8.301029e-10	-1.558290e+01	-5.577393e+01
1.360000e-06	-2.201795e-06	-8.216520e-10	-1.528173e+01	-5.526580e+01
1.370000e-06	-2.158335e-06	-8.138015e-10	-1.498009e+01	-5.474770e+01
1.380000e-06	-2.114758e-06	-8.064651e-10	-1.467764e+01	-5.421964e+01
1.390000e-06	-2.071050e-06	-7.980102e-10	-1.437428e+01	-5.368169e+01
1.400000e-06	-2.027291e-06	-7.884866e-10	-1.407057e+01	-5.313388e+01
1.410000e-06	-1.983465e-06	-7.785481e-10	-1.376639e+01	-5.257626e+01
1.420000e-06	-1.939516e-06	-7.683532e-10	-1.346136e+01	-5.200887e+01
1.430000e-06	-1.895488e-06	-7.604512e-10	-1.315578e+01	-5.143176e+01
1.440000e-06	-1.851374e-06	-7.528409e-10	-1.284960e+01	-5.084496e+01
1.450000e-06	-1.807158e-06	-7.410605e-10	-1.254272e+01	-5.024848e+01
1.460000e-06	-1.762774e-06	-7.270971e-10	-1.223467e+01	-4.964232e+01
1.470000e-06	-1.718212e-06	-7.144654e-10	-1.192538e+01	-4.902648e+01
1.480000e-06	-1.673495e-06	-7.012559e-10	-1.161502e+01	-4.840092e+01
1.490000e-06	-1.628589e-06	-6.885166e-10	-1.130335e+01	-4.776558e+01
1.500000e-06	-1.583509e-06	-6.803248e-10	-1.099047e+01	-4.712039e+01
1.510000e-06	-1.538306e-06	-6.732636e-10	-1.067673e+01	-4.646522e+01
1.520000e-06	-1.493017e-06	-6.622502e-10	-1.036240e+01	-4.579994e+01
1.530000e-06	-1.447630e-06	-6.484503e-10	-1.004739e+01	-4.512439e+01
1.540000e-06	-1.402203e-06	-6.346384e-10	-9.732097e+00	-4.443836e+01
1.550000e-06	-1.356723e-06	-6.213182e-10	-9.416438e+00	-4.374162e+01
1.560000e-06	-1.311155e-06	-6.074065e-10	-9.100169e+00	-4.303390e+01
1.570000e-06	-1.265510e-06	-5.956188e-10	-8.783370e+00	-4.231490e+01
1.580000e-06	-1.219716e-06	-5.856219e-10	-8.465535e+00	-4.158431e+01
1.590000e-06	-1.173842e-06	-5.752976e-10	-8.147142e+00	-4.084175e+01
1.600000e-06	-1.127972e-06	-5.649300e-10	-7.828779e+00	-4.008684e+01
1.610000e-06	-1.082040e-06	-5.542260e-10	-7.509981e+00	-3.931917e+01
1.620000e-06	-1.036014e-06	-5.422383e-10	-7.190534e+00	-3.853829e+01
1.630000e-06	-9.898364e-07	-5.297120e-10	-6.870035e+00	-3.774375e+01
1.640000e-06	-9.435347e-07	-5.154002e-10	-6.548674e+00	-3.693506e+01
1.650000e-06	-8.972280e-07	-4.984407e-10	-6.227279e+00	-3.611173e+01
1.660000e-06	-8.508980e-07	-4.817606e-10	-5.905723e+00	-3.527327e+01
1.670000e-06	-8.044438e-07	-4.672797e-10	-5.583304e+00	-3.441916e+01
1.680000e-06	-7.579325e-07	-4.545890e-10	-5.260488e+00	-3.354889e+01
1.690000e-06	-7.114371e-07	-4.443534e-10	-4.937783e+00	-3.266196e+01
1.700000e-06	-6.648581e-07	-4.350929e-10	-4.614498e+00	-3.175789e+01
1.710000e-06	-6.181976e-07	-4.227947e-10	-4.290648e+00	-3.083618e+01
1.720000e-06	-5.715979e-07	-4.080366e-10	-3.967219e+00	-2.989639e+01
1.730000e-06	-5.249683e-07	-3.907344e-10	-3.643582e+00	-2.893808e+01
1.740000e-06	-4.782011e-07	-3.733461e-10	-3.318991e+00	-2.796087e+01
1.750000e-06	-4.313947e-07	-3.569990e-10	-2.994128e+00	-2.696440e+01
1.760000e-06	-3.845960e-07	-3.433193e-10	-2.669318e+00	-2.594835e+01
1.770000e-06	-3.378806e-07	-3.317043e-10	-2.345086e+00	-2.491247e+01
1.780000e-06	-2.911370e-07	-3.209473e-10	-2.020659e+00	-2.385655e+01
1.790000e-06	-2.442364e-07	-3.054897e-10	-1.695142e+00	-2.278045e+01
1.800000e-06	-1.973058e-07	-2.844732e-10	-1.369416e+00	-2.168410e+01
1.810000e-06	-1.503729e-07	-2.638832e-10	-1.043674e+00	-2.056748e+01
1.820000e-06	-1.034417e-07	-2.437324e-10	-7.179448e-01	-1.943068e+01
1.830000e-06	-5.651702e-08	-2.260888e-10	-3.922607e-01	-1.827382e+01
1.840000e-06	-9.651309e-09	-2.123419e-10	-6.698565e-02	-1.709715e+01
1.850000e-06	3.718236e-08	-2.007325e-10	2.580670e-01	-1.590098e+01
1.860000e-06	8.406451e-08	-1.872687e-10	5.834562e-01	-1.468569e+01
1.870000e-06	1.309556e-07	-1.680535e-10	9.089074e-01	-1.345179e+01
1.880000e-06	1.778783e-07	-1.458996e-10	1.234578e+00	-1.219984e+01
1.890000e-06	2.248244e-07	-1.236218e-10	1.560411e+00	-1.093049e+01
1.900000e-06	2.717387e-07	-1.029634e-10	1.886023e+00	-9.644512e+00
1.910000e-06	3.185740e-07	-8.632016e-11	2.211087e+00	-8.342724e+00
1.920000e-06	3.653474e-07	-7.305391e-11	2.535722e+00	-7.026046e+00
1.930000e-06	4.121639e-07	-6.172856e-11	2.860655e+00	-5.695477e+00
1.940000e-06	4.589254e-07	-4.750877e-11	3.185207e+00	-4.352093e+00
1.950000e-06	5.056078e-07	-2.996507e-11	3.509210e+00	-2.997042e+00
1.960000e-06	5.522530e-07	-9.886254e-12	3.832954e+00	-1.631543e+00
1.970000e-06	5.988033e-07	1.260549e-11	4.156040e+00	-2.568765e-01
1.980000e-06	6.453697e-07	3.588831e-11	4.479238e+00	1.125618e+00
1.990000e-06	6.919000e-07	5.719507e-11	4.802185e+00	2.514550e+00
2.000000e-06	7.383531e-07	7.474040e-11	5.124596e+00	3.908484e+00
2.010000e-06	7.847915e-07	8.843245e-11	5.446905e+00	5.305950e+00
2.020000e-06	8.311520e-07	1.006083e-10	5.768674e+00	6.705444e+00
2.030000e-06	8.774634e-07	1.169443e-10	6.090102e+00	8.105443e+00
2.040000e-06	9.236934e-07	1.386661e-10	6.410965e+00	9.504410e+00
2.050000e-06	9.697851e-07	1.613327e-10	6.730867e+00	1.090080e+01
2.060000e-06	1.015776e-06	1.835365e-10	7.050074e+00	1.229308e+01
2.070000e-06	1.061678e-06	2.055844e-10	7.368658e+00	1.367971e+01
2.080000e-06	1.107514e-06	2.259080e-10	7.686784e+00	1.505918e+01
2.090000e-06	1.153235e-06	2.437214e-10	8.004118e+00	1.643002e+01
2.100000e-06	1.198877e-06	2.595999e-10	8.320897e+00	1.779078e+01
2.110000e-06	1.244553e-06	2.759311e-10	8.637919e+00	1.914006e+01
2.120000e-06	1.290187e-06	2.938996e-10	8.954645e+00	2.047649e+01
2.130000e-06	1.335679e-06	3.135366e-10	9.270385e+00	2.179880e+01
2.140000e-06	1.381019e-06	3.340235e-10	9.585070e+00	2.310574e+01
2.150000e-06	1.426247e-06	3.540459e-10	9.898976e+00	2.439617e+01
2.160000e-06	1.471443e-06	3.729607e-10	1.021267e+01	2.566900e+01
2.170000e-06	1.516527e-06	3.919545e-10	1.052557e+01	2.692322e+01
2.180000e-06	1.561492e-06	4.091814e-10	1.083765e+01	2.815792e+01
2.190000e-06	1.606368e-06	4.239730e-10	1.114912e+01	2.937228e+01
2.200000e-06	1.651147e-06	4.391496e-10	1.145991e+01	3.056556e+01
2.210000e-06	1.695777e-06	4.537664e-10	1.176967e+01	3.173712e+01
2.220000e-06	1.740252e-06	4.699342e-10	1.207835e+01	3.288641e+01
2.230000e-06	1.784585e-06	4.853044e-10	1.238605e+01	3.401299e+01
2.240000e-06	1.828726e-06	4.991198e-10	1.269241e+01	3.511651e+01
2.250000e-06	1.872757e-06	5.142846e-10	1.299802e+01	3.619670e+01
2.260000e-06	1.916712e-06	5.296119e-10	1.330308e+01	3.725342e+01
2.270000e-06	1.960580e-06	5.452820e-10	1.360756e+01	3.828658e+01
2.280000e-06	2.004397e-06	5.610108e-10	1.391167e+01	3.929622e+01
2.290000e-06	2.048138e-06	5.773358e-10	1.421526e+01	4.028244e+01
2.300000e-06	2.091782e-06	5.914124e-10	1.451817e+01	4.124544e+01
2.310000e-06	2.135382e-06	6.028928e-10	1.482078e+01	4.218547e+01
2.320000e-06	2.178929e-06	6.131514e-10	1.512302e+01	4.310288e+01
2.330000e-06	2.222380e-06	6.233665e-10	1.542460e+01	4.399809e+01
2.340000e-06	2.265704e-06	6.346392e-10	1.572529e+01	4.487155e+01
2.350000e-06	2.308820e-06	6.480854e-10	1.602454e+01	4.572379e+01
2.360000e-06	2.351746e-06	6.630962e-10	1.632247e+01	4.655538e+01
2.370000e-06	2.394503e-06	6.780012e-10	1.661923e+01	4.736695e+01
2.380000e-06	2.437059e-06	6.908855e-10	1.691460e+01	4.815913e+01
2.390000e-06	2.479361e-06	6.997042e-10	1.720820e+01	4.893261e+01
2.400000e-06	2.521280e-06	7.065122e-10	1.749914e+01	4.968808e+01
2.410000e-06	2.562822e-06	7.152189e-10	1.778746e+01	5.042626e+01
2.420000e-06	2.604048e-06	7.253648e-10	1.807360e+01	5.114786e+01
2.430000e-06	2.644968e-06	7.378521e-10	1.835760e+01	5.185360e+01
2.440000e-06	2.685618e-06	7.511626e-10	1.863973e+01	5.254420e+01
2.450000e-06	2.726107e-06	7.665359e-10	1.892075e+01	5.322036e+01
2.460000e-06	2.766469e-06	7.798640e-10	1.920089e+01	5.388276e+01
2.470000e-06	2.806618e-06	7.876459e-10	1.947955e+01	5.453207e+01
2.480000e-06	2.846508e-06	7.935237e-10	1.975640e+01	5.516892e+01
2.490000e-06	2.886219e-06	7.992692e-10	2.003203e+01	5.579390e+01
2.500000e-06	2.925846e-06	8.079331e-10	2.030706e+01	5.640759e+01
2.510000e-06	2.965334e-06	8.184024e-10	2.058112e+01	5.701051e+01
2.520000e-06	3.004683e-06	8.308603e-10	2.085423e+01	5.760314e+01
2.530000e-06	3.043912e-06	8.417276e-10	2.112650e+01	5.818592e+01
2.540000e-06	3.082909e-06	8.478092e-10	2.139717e+01	5.875924e+01
2.550000e-06	3.121631e-06	8.510933e-10	2.166592e+01	5.932345e+01
2.560000e-06	3.160095e-06	8.578999e-10	2.193288e+01	5.987884e+01
2.570000e-06	3.198332e-06	8.678910e-10	2.219827e+01	6.042566e+01
2.580000e-06	3.236387e-06	8.769848e-10	2.246239e+01	6.096412e+01
2.590000e-06	3.274253e-06	8.847836e-10	2.272521e+01	6.149436e+01
2.600000e-06	3.311917e-06	8.916489e-10	2.298661e+01	6.201649e+01
2.610000e-06	3.349363e-06	8.980376e-10	2.324651e+01	6.253060e+01
2.620000e-06	3.386570e-06	9.045267e-10	2.350475e+01	6.303669e+01
2.630000e-06	3.423470e-06	9.092401e-10	2.376086e+01	6.353477e+01
2.640000e-06	3.460076e-06	9.146967e-10	2.401492e+01	6.402480e+01
2.650000e-06	3.496468e-06	9.217800e-10	2.426750e+01	6.450670e+01
2.660000e-06	3.532629e-06	9.294641e-10	2.451848e+01	6.498037e+01
2.670000e-06	3.568540e-06	9.366698e-10	2.476772e+01	6.544570e+01
2.680000e-06	3.604290e-06	9.432830e-10	2.501585e+01	6.590254e+01
2.690000e-06	3.639903e-06	9.502632e-10	2.526303e+01	6.635075e+01
2.700000e-06	3.675399e-06	9.567075e-10	2.550939e+01	6.679016e+01
2.710000e-06	3.710787e-06	9.627696e-10	2.575500e+01	6.722062e+01
2.720000e-06	3.745936e-06	9.697805e-10	2.599895e+01	6.764195e+01
2.730000e-06	3.780783e-06	9.779056e-10	2.624081e+01	6.805399e+01
2.740000e-06	3.815281e-06	9.845332e-10	2.648025e+01	6.845660e+01
2.750000e-06	3.849382e-06	9.882931e-10	2.671693e+01	6.884963e+01
2.760000e-06	3.883014e-06	9.922411e-10	2.695035e+01	6.923296e+01
2.770000e-06	3.916147e-06	9.993746e-10	2.718032e+01	6.960647e+01
2.780000e-06	3.948835e-06	1.007813e-09	2.740719e+01	6.997009e+01
2.790000e-06	3.981158e-06	1.015638e-09	2.763153e+01	7.032374e+01
2.800000e-06	4.013230e-06	1.022412e-09	2.785413e+01	7.066741e+01
2.810000e-06	4.045112e-06	1.027844e-09	2.807541e+01	7.100108e+01
2.820000e-06	4.076775e-06	1.031717e-09	2.829517e+01	7.132477e+01
2.830000e-06	4.108221e-06	1.034501e-09	2.851342e+01	7.163855e+01
2.840000e-06	4.139450e-06	1.038281e-09	2.873017e+01	7.194250e+01
2.850000e-06	4.170405e-06	1.042869e-09	2.894502e+01	7.223675e+01
2.860000e-06	4.201125e-06	1.048941e-09	2.915823e+01	7.252143e+01
2.870000e-06	4.231598e-06	1.054617e-09	2.936973e+01	7.279675e+01
2.880000e-06	4.261728e-06	1.059537e-09	2.957885e+01	7.306290e+01
2.890000e-06	4.291485e-06	1.065222e-09	2.978538e+01	7.332014e+01
2.900000e-06	4.320937e-06	1.068795e-09	2.998979e+01	7.356874e+01
2.910000e-06	4.350180e-06	1.073515e-09	3.019276e+01	7.380899e+01
2.920000e-06	4.379184e-06	1.078136e-09	3.039406e+01	7.404120e+01
2.930000e-06	4.407879e-06	1.081550e-09	3.059322e+01	7.426573e+01
2.940000e-06	4.436239e-06	1.082417e-09	3.079005e+01	7.448292e+01
2.950000e-06	4.464264e-06	1.084631e-09	3.098456e+01	7.469314e+01
2.960000e-06	4.492054e-06	1.091414e-09	3.117744e+01	7.489679e+01
2.970000e-06	4.519684e-06	1.099632e-09	3.136921e+01	7.509424e+01
2.980000e-06	4.547114e-06	1.106572e-09	3.155959e+01	7.528590e+01
2.990000e-06	4.574339e-06	1.109187e-09	3.174855e+01	7.547216e+01
3.000000e-06	4.601270e-06	1.107211e-09	3.193546e+01	7.565341e+01
3.010000e-06	4.627762e-06	1.104617e-09	3.211934e+01	7.583004e+01
3.020000e-06	4.653676e-06	1.106058e-09	3.229919e+01	7.600244e+01
3.030000e-06	4.678937e-06	1.111127e-09	3.247452e+01	7.617097e+01
3.040000e-06	4.703710e-06	1.115155e-09	3.264646e+01	7.633598e+01
3.050000e-06	4.728106e-06	1.118920e-09	3.281578e+01	7.649782e+01
3.060000e-06	4.752151e-06	1.123910e-09	3.298267e+01	7.665679e+01
3.070000e-06	4.775908e-06	1.127849e-09	3.314756e+01	7.681320e+01
3.080000e-06	4.799382e-06	1.128828e-09	3.331048e+01	7.696730e+01
3.090000e-06	4.822556e-06	1.128903e-09	3.347132e+01	7.711935e+01
3.100000e-06	4.845382e-06	1.128995e-09	3.362975e+01	7.726956e+01
3.110000e-06	4.867852e-06	1.128563e-09	3.378570e+01	7.741813e+01
3.120000e-06	4.889992e-06	1.129658e-09	3.393936e+01	7.756521e+01
3.130000e-06	4.911820e-06	1.131192e-09	3.409086e+01	7.771093e+01
3.140000e-06	4.933333e-06	1.133323e-09	3.424018e+01	7.785539e+01
3.150000e-06	4.954498e-06	1.136971e-09	3.438707e+01	7.799868e+01
3.160000e-06	4.975346e-06	1.142276e-09	3.453177e+01	7.814082e+01
3.170000e-06	4.995838e-06	1.147113e-09	3.467400e+01	7.828185e+01
3.180000e-06	5.015993e-06	1.152263e-09	3.481388e+01	7.842175e+01
3.190000e-06	5.035878e-06	1.157347e-09	3.495189e+01	7.856048e+01
3.200000e-06	5.055530e-06	1.159584e-09	3.508829e+01	7.869799e+01
3.210000e-06	5.074982e-06	1.158754e-09	3.522330e+01	7.883421e+01
3.220000e-06	5.094196e-06	1.158771e-09	3.535666e+01	7.896904e+01
3.230000e-06	5.113027e-06	1.162415e-09	3.548735e+01	7.910236e+01
3.240000e-06	5.131343e-06	1.167640e-09	3.561447e+01	7.923406e+01
3.250000e-06	5.149222e-06	1.170684e-09	3.573857e+01	7.936399e+01
3.260000e-06	5.166678e-06	1.170351e-09	3.585973e+01	7.949200e+01
3.270000e-06	5.183636e-06	1.168009e-09	3.597742e+01	7.961795e+01
3.280000e-06	5.200315e-06	1.167505e-09	3.609318e+01	7.974167e+01
3.290000e-06	5.216811e-06	1.170252e-09	3.620768e+01	7.986302e+01
3.300000e-06	5.232970e-06	1.173785e-09	3.631983e+01	7.998184e+01
3.310000e-06	5.248737e-06	1.178101e-09	3.642926e+01	8.009797e+01
3.320000e-06	5.264056e-06	1.181767e-09	3.653558e+01	8.021128e+01
3.330000e-06	5.278853e-06	1.181164e-09	3.663828e+01	8.032163e+01
3.340000e-06	5.293200e-06	1.178399e-09	3.673786e+01	8.042889e+01
3.350000e-06	5.307246e-06	1.178033e-09	3.683535e+01	8.053295e+01
3.360000e-06	5.320890e-06	1.179295e-09	3.693005e+01	8.063371e+01
3.370000e-06	5.334093e-06	1.181098e-09	3.702168e+01	8.073110e+01
3.380000e-06	5.346975e-06	1.185164e-09	3.711109e+01	8.082504e+01
3.390000e-06	5.359458e-06	1.189738e-09	3.719773e+01	8.091549e+01
3.400000e-06	5.371532e-06	1.191605e-09	3.728153e+01	8.100241e+01
3.410000e-06	5.383296e-06	1.192478e-09	3.736318e+01	8.108580e+01
3.420000e-06	5.394663e-06	1.193349e-09	3.744207e+01	8.116565e+01
3.430000e-06	5.405573e-06	1.193848e-09	3.751779e+01	8.124199e+01
3.440000e-06	5.415956e-06	1.195364e-09	3.758985e+01	8.131487e+01
3.450000e-06	5.425674e-06	1.198022e-09	3.765731e+01	8.138433e+01
3.460000e-06	5.434747e-06	1.199770e-09	3.772028e+01	8.145044e+01
3.470000e-06	5.443324e-06	1.200879e-09	3.777980e+01	8.151330e+01
3.480000e-06	5.451511e-06	1.203073e-09	3.783663e+01	8.157300e+01
3.490000e-06	5.459332e-06	1.205816e-09	3.789091e+01	8.162966e+01
3.500000e-06	5.466868e-06	1.208753e-09	3.794321e+01	8.168339e+01
3.510000e-06	5.474178e-06	1.212027e-09	3.799395e+01	8.173432e+01
3.520000e-06	5.481184e-06	1.213213e-09	3.804258e+01	8.178258e+01
3.530000e-06	5.487793e-06	1.213015e-09	3.808845e+01	8.182831e+01
3.540000e-06	5.493967e-06	1.212255e-09	3.813129e+01	8.187164e+01
3.550000e-06	5.499715e-06	1.211316e-09	3.817119e+01	8.191272e+01
3.560000e-06	5.505157e-06	1.212748e-09	3.820896e+01	8.195167e+01
3.570000e-06	5.510231e-06	1.216187e-09	3.824418e+01	8.198863e+01
3.580000e-06	5.514887e-06	1.220245e-09	3.827649e+01	8.202371e+01
3.590000e-06	5.519163e-06	1.222201e-09	3.830617e+01	8.205704e+01
3.600000e-06	5.523058e-06	1.221489e-09	3.833320e+01	8.208871e+01
3.610000e-06	5.526674e-06	1.219502e-09	3.835831e+01	8.211882e+01
3.620000e-06	5.530050e-06	1.217945e-09	3.838174e+01	8.214743e+01
3.630000e-06	5.533139e-06	1.218747e-09	3.840317e+01	8.217462e+01
3.640000e-06	5.535892e-06	1.220899e-09	3.842228e+01	8.220043e+01
3.650000e-06	5.538174e-06	1.223107e-09	3.843812e+01	8.222489e+01
3.660000e-06	5.539834e-06	1.227197e-09	3.844964e+01	8.224801e+01
3.670000e-06	5.540855e-06	1.232512e-09	3.845673e+01	8.226978e+01
3.680000e-06	5.541308e-06	1.237097e-09	3.845987e+01	8.229019e+01
3.690000e-06	5.541327e-06	1.239728e-09	3.846000e+01	8.230917e+01
3.700000e-06	5.541083e-06	1.239312e-09	3.845831e+01	8.232668e+01
3.710000e-06	5.540551e-06	1.238627e-09	3.845462e+01	8.234264e+01
3.720000e-06	5.539691e-06	1.237595e-09	3.844865e+01	8.235695e+01
3.730000e-06	5.538587e-06	1.234931e-09	3.844099e+01	8.236950e+01
3.740000e-06	5.537144e-06	1.237625e-09	3.843097e+01	8.238016e+01
3.750000e-06	5.535287e-06	1.248876e-09	3.841808e+01	8.238880e+01
3.760000e-06	5.533094e-06	1.269968e-09	3.840286e+01	8.239526e+01
3.770000e-06	5.530497e-06	1.252913e-09	3.838484e+01	8.239939e+01
3.780000e-06	5.527441e-06	1.187951e-09	3.836363e+01	8.240101e+01
3.790000e-06	5.523894e-06	1.203113e-09	3.833901e+01	8.239994e+01
3.800000e-06	5.519876e-06	1.260962e-09	3.831112e+01	8.239601e+01
3.810000e-06	5.515610e-06	1.265102e-09	3.828151e+01	8.238903e+01
3.820000e-06	5.511237e-06	1.247561e-09	3.825116e+01	8.237881e+01
3.830000e-06	5.506552e-06	1.236534e-09	3.821864e+01	8.236517e+01
3.840000e-06	5.501258e-06	1.293755e-09	3.818190e+01	8.234794e+01
3.850000e-06	5.495461e-06	1.270254e-09	3.814166e+01	8.232692e+01
3.860000e-06	5.489360e-06	1.169952e-09	3.809932e+01	8.230196e+01
3.870000e-06	5.482880e-06	1.182879e-09	3.805435e+01	8.227290e+01
3.880000e-06	5.475843e-06	1.307834e-09	3.800550e+01	8.223957e+01
3.890000e-06	5.468270e-06	1.334533e-09	3.795294e+01	8.220185e+01
3.900000e-06	5.460307e-06	1.204976e-09	3.789767e+01	8.215962e+01
3.910000e-06	5.451982e-06	1.188352e-09	3.783990e+01	8.211275e+01
3.920000e-06	5.443266e-06	1.281371e-09	3.777940e+01	8.206115e+01
3.930000e-06	5.434278e-06	1.287585e-09	3.771702e+01	8.200475e+01
3.940000e-06	5.425014e-06	1.187071e-09	3.765272e+01	8.194348e+01
3.950000e-06	5.415263e-06	1.206343e-09	3.758505e+01	8.187730e+01
3.960000e-06	5.405069e-06	1.289224e-09	3.751429e+01	8.180618e+01
3.970000e-06	5.394613e-06	1.267822e-09	3.744172e+01	8.173011e+01
3.980000e-06	5.383875e-06	1.200737e-09	3.736720e+01	8.164910e+01
3.990000e-06	5.372621e-06	1.233042e-09	3.728909e+01	8.156318e+01
4.000000e-06	5.360896e-06	1.283487e-09	3.720771e+01	8.147239e+01
4.010000e-06	5.348940e-06	1.236039e-09	3.712473e+01	8.137678e+01
4.020000e-06	5.336544e-06	1.182205e-09	3.703869e+01	8.127643e+01
4.030000e-06	5.323597e-06	1.228069e-09	3.694883e+01	8.117144e+01
4.040000e-06	5.310328e-06	1.283269e-09	3.685673e+01	8.106188e+01
4.050000e-06	5.296628e-06	1.220272e-09	3.676165e+01	8.094789e+01
4.060000e-06	5.282226e-06	1.153748e-09	3.666169e+01	8.082958e+01
4.070000e-06	5.267170e-06	1.205913e-09	3.655720e+01	8.070709e+01
4.080000e-06	5.251631e-06	1.276042e-09	3.644935e+01	8.058054e+01
4.090000e-06	5.235639e-06	1.210652e-09	3.633835e+01	8.045009e+01
4.100000e-06	5.219303e-06	1.164512e-09	3.622497e+01	8.031589e+01
4.110000e-06	5.202783e-06	1.241183e-09	3.611031e+01	8.017807e+01
4.120000e-06	5.186034e-06	1.262446e-09	3.599406e+01	8.003681e+01
4.130000e-06	5.168852e-06	1.170042e-09	3.587481e+01	7.989224e+01
4.140000e-06	5.151226e-06	1.189215e-09	3.575248e+01	7.974452e+01
4.150000e-06	5.133258e-06	1.259064e-09	3.562777e+01	7.959380e+01
4.160000e-06	5.114939e-06	1.195286e-09	3.550063e+01	7.944021e+01
4.170000e-06	5.096301e-06	1.154374e-09	3.537126e+01	7.928389e+01
4.180000e-06	5.077406e-06	1.247247e-09	3.524012e+01	7.912498e+01
4.190000e-06	5.058132e-06	1.235187e-09	3.510635e+01	7.896359e+01
4.200000e-06	5.038432e-06	1.152534e-09	3.496962e+01	7.879983e+01
4.210000e-06	5.018469e-06	1.204273e-09	3.483106e+01	7.863382e+01
4.220000e-06	4.998276e-06	1.229536e-09	3.469091e+01	7.846565e+01
4.230000e-06	4.977841e-06	1.145672e-09	3.454909e+01	7.829540e+01
4.240000e-06	4.957177e-06	1.175061e-09	3.440567e+01	7.812316e+01
4.250000e-06	4.936242e-06	1.233936e-09	3.426036e+01	7.794898e+01
4.260000e-06	4.914867e-06	1.153940e-09	3.411201e+01	7.777293e+01
4.270000e-06	4.892882e-06	1.144567e-09	3.395942e+01	7.759505e+01
4.280000e-06	4.870311e-06	1.232312e-09	3.380277e+01	7.741539e+01
4.290000e-06	4.847258e-06	1.190268e-09	3.364276e+01	7.723397e+01
4.300000e-06	4.823734e-06	1.129929e-09	3.347949e+01	7.705083e+01
4.310000e-06	4.799789e-06	1.191486e-09	3.331330e+01	7.686597e+01
4.320000e-06	4.775573e-06	1.195396e-09	3.314523e+01	7.667941e+01
4.330000e-06	4.751117e-06	1.145425e-09	3.297549e+01	7.649115e+01
4.340000e-06	4.726438e-06	1.176430e-09	3.280420e+01	7.630120e+01
4.350000e-06	4.701522e-06	1.190785e-09	3.263127e+01	7.610956e+01
4.360000e-06	4.676210e-06	1.147709e-09	3.245560e+01	7.591621e+01
4.370000e-06	4.650485e-06	1.159875e-09	3.227705e+01	7.572117e+01
4.380000e-06	4.624432e-06	1.175137e-09	3.209622e+01	7.552441e+01
4.390000e-06	4.598139e-06	1.149507e-09	3.191374e+01	7.532594e+01
4.400000e-06	4.571560e-06	1.151441e-09	3.172926e+01	7.512575e+01
4.410000e-06	4.544595e-06	1.160810e-09	3.154211e+01	7.492383e+01
4.420000e-06	4.517254e-06	1.141229e-09	3.135235e+01	7.472019e+01
4.430000e-06	4.489644e-06	1.149807e-09	3.116072e+01	7.451483e+01
4.440000e-06	4.461823e-06	1.161500e-09	3.096762e+01	7.430775e+01
4.450000e-06	4.433742e-06	1.139321e-09	3.077273e+01	7.409897e+01
4.460000e-06	4.405454e-06	1.132386e-09	3.057639e+01	7.388848e+01
4.470000e-06	4.376913e-06	1.146846e-09	3.037830e+01	7.367630e+01
4.480000e-06	4.348139e-06	1.137280e-09	3.017859e+01	7.346246e+01
4.490000e-06	4.319165e-06	1.130200e-09	2.997750e+01	7.324696e+01
4.500000e-06	4.289774e-06	1.140163e-09	2.977351e+01	7.302983e+01
4.510000e-06	4.259848e-06	1.132591e-09	2.956580e+01	7.281110e+01
4.520000e-06	4.229342e-06	1.121075e-09	2.935407e+01	7.259077e+01
4.530000e-06	4.198326e-06	1.129893e-09	2.913880e+01	7.236888e+01
4.540000e-06	4.166923e-06	1.131214e-09	2.892085e+01	7.214544e+01
4.550000e-06	4.135186e-06	1.111384e-09	2.870058e+01	7.192047e+01
4.560000e-06	4.103214e-06	1.107143e-09	2.847867e+01	7.169399e+01
4.570000e-06	4.071038e-06	1.120068e-09	2.825535e+01	7.146599e+01
4.580000e-06	4.038714e-06	1.116103e-09	2.803100e+01	7.123649e+01
4.590000e-06	4.006215e-06	1.107973e-09	2.780544e+01	7.100547e+01
4.600000e-06	3.973398e-06	1.113555e-09	2.757767e+01	7.077292e+01
4.610000e-06	3.940265e-06	1.107418e-09	2.734771e+01	7.053882e+01
4.620000e-06	3.906799e-06	1.089949e-09	2.711544e+01	7.030312e+01
4.630000e-06	3.873062e-06	1.090715e-09	2.688128e+01	7.006577e+01
4.640000e-06	3.839145e-06	1.092696e-09	2.664588e+01	6.982672e+01
4.650000e-06	3.804987e-06	1.076410e-09	2.640880e+01	6.958588e+01
4.660000e-06	3.770584e-06	1.073654e-09	2.617002e+01	6.934316e+01
4.670000e-06	3.735901e-06	1.083485e-09	2.592930e+01	6.909845e+01
4.680000e-06	3.700935e-06	1.079762e-09	2.568662e+01	6.885161e+01
4.690000e-06	3.665748e-06	1.072404e-09	2.544240e+01	6.860251e+01
4.700000e-06	3.630305e-06	1.073581e-09	2.519641e+01	6.835098e+01
4.710000e-06	3.594531e-06	1.065763e-09	2.494811e+01	6.809683e+01
4.720000e-06	3.558523e-06	1.054457e-09	2.469820e+01	6.783988e+01
4.730000e-06	3.522395e-06	1.058086e-09	2.444745e+01	6.757990e+01
4.740000e-06	3.486148e-06	1.060707e-09	2.419587e+01	6.731667e+01
4.750000e-06	3.449796e-06	1.050943e-09	2.394357e+01	6.704993e+01
4.760000e-06	3.413259e-06	1.046977e-09	2.368999e+01	6.677942e+01
4.770000e-06	3.376451e-06	1.047242e-09	2.343451e+01	6.650488e+01
4.780000e-06	3.339433e-06	1.043082e-09	2.317759e+01	6.622600e+01
4.790000e-06	3.302197e-06	1.040411e-09	2.291915e+01	6.594250e+01
4.800000e-06	3.264682e-06	1.042158e-09	2.265878e+01	6.565406e+01
4.810000e-06	3.226732e-06	1.038635e-09	2.239538e+01	6.536037e+01
4.820000e-06	3.188246e-06	1.033992e-09	2.212827e+01	6.506112e+01
4.830000e-06	3.149336e-06	1.035531e-09	2.185821e+01	6.475598e+01
4.840000e-06	3.110133e-06	1.031757e-09	2.158611e+01	6.444463e+01
4.850000e-06	3.070619e-06	1.020697e-09	2.131186e+01	6.412675e+01
4.860000e-06	3.030792e-06	1.011190e-09	2.103544e+01	6.380202e+01
4.870000e-06	2.990855e-06	1.005390e-09	2.075826e+01	6.347013e+01
4.880000e-06	2.950792e-06	1.001535e-09	2.048020e+01	6.313077e+01
4.890000e-06	2.910553e-06	1.001719e-09	2.020091e+01	6.278366e+01
4.900000e-06	2.870210e-06	1.003064e-09	1.992091e+01	6.242851e+01
4.910000e-06	2.829761e-06	9.993648e-10	1.964017e+01	6.206505e+01
4.920000e-06	2.789207e-06	9.926491e-10	1.935870e+01	6.169304e+01
4.930000e-06	2.748471e-06	9.858813e-10	1.907597e+01	6.131223e+01
4.940000e-06	2.707564e-06	9.761862e-10	1.879205e+01	6.092242e+01
4.950000e-06	2.666449e-06	9.647863e-10	1.850670e+01	6.052340e+01
4.960000e-06	2.625047e-06	9.569551e-10	1.821934e+01	6.011501e+01
4.970000e-06	2.583491e-06	9.545775e-10	1.793092e+01	5.969708e+01
4.980000e-06	2.541776e-06	9.538947e-10	1.764139e+01	5.926949e+01
4.990000e-06	2.499872e-06	9.516408e-10	1.735055e+01	5.883211e+01
5.000000e-06	2.457812e-06	9.455434e-10	1.705863e+01	5.838487e+01
5.010000e-06	2.415644e-06	9.373731e-10	1.676596e+01	5.792770e+01
5.020000e-06	2.373330e-06	9.290184e-10	1.647228e+01	5.746053e+01
5.030000e-06	2.330838e-06	9.212576e-10	1.617736e+01	5.698335e+01
5.040000e-06	2.288210e-06	9.148651e-10	1.588150e+01	5.649614e+01
5.050000e-06	2.245398e-06	9.097157e-10	1.558435e+01	5.599890e+01
5.060000e-06	2.202383e-06	9.041928e-10	1.528581e+01	5.549165e+01
5.070000e-06	2.159180e-06	8.977184e-10	1.498595e+01	5.497441e+01
5.080000e-06	2.115786e-06	8.921976e-10	1.468478e+01	5.444722e+01
5.090000e-06	2.072223e-06	8.874122e-10	1.438242e+01	5.391012e+01
5.100000e-06	2.028570e-06	8.821999e-10	1.407944e+01	5.336317e+01
5.110000e-06	1.984844e-06	8.764616e-10	1.377596e+01	5.280640e+01
5.120000e-06	1.940955e-06	8.680534e-10	1.347134e+01	5.223987e+01
5.130000e-06	1.896917e-06	8.579062e-10	1.316570e+01	5.166360e+01
5.140000e-06	1.852867e-06	8.490971e-10	1.285996e+01	5.107764e+01
5.150000e-06	1.808759e-06	8.393802e-10	1.255383e+01	5.048201e+01
5.160000e-06	1.764544e-06	8.299555e-10	1.224695e+01	4.987670e+01
5.170000e-06	1.720258e-06	8.213841e-10	1.193958e+01	4.926170e+01
5.180000e-06	1.675908e-06	8.131221e-10	1.163177e+01	4.863699e+01
5.190000e-06	1.631520e-06	8.051332e-10	1.132369e+01	4.800251e+01
5.200000e-06	1.587083e-06	7.961303e-10	1.101527e+01	4.735817e+01
5.210000e-06	1.542554e-06	7.859624e-10	1.070621e+01	4.670388e+01
5.220000e-06	1.497934e-06	7.761974e-10	1.039652e+01	4.603949e+01
5.230000e-06	1.453233e-06	7.665437e-10	1.008627e+01	4.536484e+01
5.240000e-06	1.408453e-06	7.556702e-10	9.775477e+00	4.467973e+01
5.250000e-06	1.363592e-06	7.439852e-10	9.464114e+00	4.398392e+01
5.260000e-06	1.318548e-06	7.352437e-10	9.151482e+00	4.327717e+01
5.270000e-06	1.273283e-06	7.285452e-10	8.837315e+00	4.255917e+01
5.280000e-06	1.227900e-06	7.174823e-10	8.522335e+00	4.182959e+01
5.290000e-06	1.182491e-06	7.033623e-10	8.207168e+00	4.108808e+01
5.300000e-06	1.137036e-06	6.883832e-10	7.891685e+00	4.033425e+01
5.310000e-06	1.091488e-06	6.743458e-10	7.575555e+00	3.956770e+01
5.320000e-06	1.045807e-06	6.628055e-10	7.258506e+00	3.878798e+01
5.330000e-06	9.999836e-07	6.525058e-10	6.940463e+00	3.799463e+01
5.340000e-06	9.540851e-07	6.427087e-10	6.621900e+00	3.718717e+01
5.350000e-06	9.081157e-07	6.309079e-10	6.302847e+00	3.636512e+01
5.360000e-06	8.620419e-07	6.174858e-10	5.983068e+00	3.552798e+01
5.370000e-06	8.158706e-07	6.040053e-10	5.662613e+00	3.467523e+01
5.380000e-06	7.696702e-07	5.876852e-10	5.341955e+00	3.380636e+01
5.390000e-06	7.234783e-07	5.727257e-10	5.021356e+00	3.292088e+01
5.400000e-06	6.772339e-07	5.619606e-10	4.700394e+00	3.201829e+01
5.410000e-06	6.309321e-07	5.524216e-10	4.379033e+00	3.109811e+01
5.420000e-06	5.845782e-07	5.422245e-10	4.057310e+00	3.015988e+01
5.430000e-06	5.381697e-07	5.295835e-10	3.735208e+00	2.920317e+01
5.440000e-06	4.917359e-07	5.138024e-10	3.412930e+00	2.822758e+01
5.450000e-06	4.452156e-07	4.941073e-10	3.090053e+00	2.723276e+01
5.460000e-06	3.986424e-07	4.732210e-10	2.766808e+00	2.621840e+01
5.470000e-06	3.520585e-07	4.544629e-10	2.443489e+00	2.518421e+01
5.480000e-06	3.054233e-07	4.390323e-10	2.119814e+00	2.413001e+01
5.490000e-06	2.587718e-07	4.266179e-10	1.796026e+00	2.305564e+01
5.500000e-06	2.121439e-07	4.142906e-10	1.472401e+00	2.196101e+01
5.510000e-06	1.655459e-07	3.991762e-10	1.148984e+00	2.084612e+01
5.520000e-06	1.189158e-07	3.817741e-10	8.253444e-01	1.971103e+01
5.530000e-06	7.230964e-08	3.616877e-10	5.018706e-01	1.855587e+01
5.540000e-06	2.576811e-08	3.395313e-10	1.788456e-01	1.738088e+01
5.550000e-06	-2.079762e-08	3.178049e-10	-1.443475e-01	1.618635e+01
5.560000e-06	-6.742028e-08	2.972821e-10	-4.679356e-01	1.497268e+01
5.570000e-06	-1.140077e-07	2.783482e-10	-7.912794e-01	1.374035e+01
5.580000e-06	-1.605395e-07	2.595534e-10	-1.114236e+00	1.248991e+01
5.590000e-06	-2.071960e-07	2.402754e-10	-1.438060e+00	1.122203e+01
5.600000e-06	-2.539606e-07	2.193824e-10	-1.762633e+00	9.937442e+00
5.610000e-06	-3.005915e-07	1.973723e-10	-2.086278e+00	8.636974e+00
5.620000e-06	-3.471263e-07	1.747592e-10	-2.409257e+00	7.321538e+00
5.630000e-06	-3.936734e-07	1.539465e-10	-2.732321e+00	5.992124e+00
5.640000e-06	-4.401758e-07	1.301152e-10	-3.055074e+00	4.649803e+00
5.650000e-06	-4.866603e-07	1.046987e-10	-3.377703e+00	3.295716e+00
5.660000e-06	-5.331027e-07	7.857321e-11	-3.700040e+00	1.931077e+00
5.670000e-06	-5.795388e-07	5.306655e-11	-4.022334e+00	5.571623e-01
5.680000e-06	-6.260099e-07	3.143585e-11	-4.344869e+00	-8.246944e-01
5.690000e-06	-6.723396e-07	1.445278e-11	-4.666424e+00	-2.213106e+00
5.700000e-06	-7.184526e-07	-9.146436e-13	-4.986475e+00	-3.606642e+00
5.710000e-06	-7.645249e-07	-2.101832e-11	-5.306243e+00	-5.003833e+00
5.720000e-06	-8.105767e-07	-4.455360e-11	-5.625870e+00	-6.403178e+00
5.730000e-06	-8.565254e-07	-7.364497e-11	-5.944780e+00	-7.803156e+00
5.740000e-06	-9.024180e-07	-1.032405e-10	-6.263301e+00	-9.202230e+00
5.750000e-06	-9.481892e-07	-1.294010e-10	-6.580980e+00	-1.059886e+01
5.760000e-06	-9.938794e-07	-1.510057e-10	-6.898096e+00	-1.199150e+01
5.770000e-06	-1.039607e-06	-1.681870e-10	-7.215475e+00	-1.337862e+01
5.780000e-06	-1.085225e-06	-1.829859e-10	-7.532086e+00	-1.475871e+01
5.790000e-06	-1.130650e-06	-2.008602e-10	-7.847364e+00	-1.613029e+01
5.800000e-06	-1.175974e-06	-2.237589e-10	-8.161941e+00	-1.749190e+01
5.810000e-06	-1.221183e-06	-2.521368e-10	-8.475713e+00	-1.884215e+01
5.820000e-06	-1.266213e-06	-2.804765e-10	-8.788249e+00	-2.017967e+01
5.830000e-06	-1.311138e-06	-3.053490e-10	-9.100054e+00	-2.150316e+01
5.840000e-06	-1.355977e-06	-3.257139e-10	-9.411264e+00	-2.281139e+01
5.850000e-06	-1.400773e-06	-3.431877e-10	-9.722174e+00	-2.410320e+01
5.860000e-06	-1.445621e-06	-3.603709e-10	-1.003344e+01	-2.537750e+01
5.870000e-06	-1.490350e-06	-3.787778e-10	-1.034389e+01	-2.663327e+01
5.880000e-06	-1.534910e-06	-4.007202e-10	-1.065316e+01	-2.786960e+01
5.890000e-06	-1.579416e-06	-4.262864e-10	-1.096206e+01	-2.908564e+01
5.900000e-06	-1.623885e-06	-4.522643e-10	-1.127070e+01	-3.028066e+01
5.910000e-06	-1.668251e-06	-4.749573e-10	-1.157863e+01	-3.145402e+01
5.920000e-06	-1.712513e-06	-4.928864e-10	-1.188583e+01	-3.260515e+01
5.930000e-06	-1.756716e-06	-5.056571e-10	-1.219262e+01	-3.373359e+01
5.940000e-06	-1.800884e-06	-5.180218e-10	-1.249917e+01	-3.483900e+01
5.950000e-06	-1.845019e-06	-5.346275e-10	-1.280549e+01	-3.592111e+01
5.960000e-06	-1.889083e-06	-5.563210e-10	-1.311133e+01	-3.697975e+01
5.970000e-06	-1.933045e-06	-5.798888e-10	-1.341644e+01	-3.801484e+01
5.980000e-06	-1.976845e-06	-6.004118e-10	-1.372045e+01	-3.902640e+01
5.990000e-06	-2.020532e-06	-6.159201e-10	-1.402366e+01	-4.001453e+01
6.000000e-06	-2.064088e-06	-6.300803e-10	-1.432596e+01	-4.097941e+01
6.010000e-06	-2.107464e-06	-6.405688e-10	-1.462701e+01	-4.192131e+01
6.020000e-06	-2.150618e-06	-6.522099e-10	-1.492653e+01	-4.284056e+01
6.030000e-06	-2.193582e-06	-6.661976e-10	-1.522472e+01	-4.373756e+01
6.040000e-06	-2.236446e-06	-6.821906e-10	-1.552223e+01	-4.461277e+01
6.050000e-06	-2.279173e-06	-7.014024e-10	-1.581878e+01	-4.546672e+01
6.060000e-06	-2.321767e-06	-7.220163e-10	-1.611440e+01	-4.629998e+01
6.070000e-06	-2.364234e-06	-7.412883e-10	-1.640915e+01	-4.711315e+01
6.080000e-06	-2.406518e-06	-7.574731e-10	-1.670262e+01	-4.790688e+01
6.090000e-06	-2.448596e-06	-7.706885e-10	-1.699467e+01	-4.868186e+01
6.100000e-06	-2.490459e-06	-7.815797e-10	-1.728522e+01	-4.943876e+01
6.110000e-06	-2.532140e-06	-7.916168e-10	-1.757451e+01	-5.017831e+01
6.120000e-06	-2.573598e-06	-8.012080e-10	-1.786225e+01	-5.090123e+01
6.130000e-06	-2.614814e-06	-8.127067e-10	-1.814831e+01	-5.160823e+01
6.140000e-06	-2.655845e-06	-8.252002e-10	-1.843310e+01	-5.230003e+01
6.150000e-06	-2.696752e-06	-8.384665e-10	-1.871701e+01	-5.297733e+01
6.160000e-06	-2.737641e-06	-8.547552e-10	-1.900081e+01	-5.364081e+01
6.170000e-06	-2.778420e-06	-8.704063e-10	-1.928384e+01	-5.429115e+01
6.180000e-06	-2.818964e-06	-8.846567e-10	-1.956524e+01	-5.492898e+01
6.190000e-06	-2.859343e-06	-8.964330e-10	-1.984549e+01	-5.555489e+01
6.200000e-06	-2.899598e-06	-9.035950e-10	-2.012488e+01	-5.616946e+01
6.210000e-06	-2.939755e-06	-9.075905e-10	-2.040360e+01	-5.677322e+01
6.220000e-06	-2.979771e-06	-9.115504e-10	-2.068133e+01	-5.736666e+01
6.230000e-06	-3.019574e-06	-9.190429e-10	-2.095758e+01	-5.795020e+01
6.240000e-06	-3.059188e-06	-9.309608e-10	-2.123253e+01	-5.852426e+01
6.250000e-06	-3.098530e-06	-9.468577e-10	-2.150559e+01	-5.908918e+01
6.260000e-06	-3.137526e-06	-9.618626e-10	-2.177624e+01	-5.964526e+01
6.270000e-06	-3.176158e-06	-9.721305e-10	-2.204437e+01	-6.019275e+01
6.280000e-06	-3.214404e-06	-9.777281e-10	-2.230982e+01	-6.073185e+01
6.290000e-06	-3.252282e-06	-9.798213e-10	-2.257271e+01	-6.126273e+01
6.300000e-06	-3.289745e-06	-9.811278e-10	-2.283273e+01	-6.178550e+01
6.310000e-06	-3.326828e-06	-9.848307e-10	-2.309010e+01	-6.230024e+01
6.320000e-06	-3.363646e-06	-9.910191e-10	-2.334564e+01	-6.280696e+01
6.330000e-06	-3.400239e-06	-1.000579e-09	-2.359962e+01	-6.330568e+01
6.340000e-06	-3.436665e-06	-1.011347e-09	-2.385243e+01	-6.379634e+01
6.350000e-06	-3.473053e-06	-1.020013e-09	-2.410499e+01	-6.427888e+01
6.360000e-06	-3.509313e-06	-1.026979e-09	-2.435665e+01	-6.475320e+01
6.370000e-06	-3.545338e-06	-1.036593e-09	-2.460669e+01	-6.521919e+01
6.380000e-06	-3.581180e-06	-1.045490e-09	-2.485545e+01	-6.567671e+01
6.390000e-06	-3.616749e-06	-1.051258e-09	-2.510232e+01	-6.612561e+01
6.400000e-06	-3.652041e-06	-1.056644e-09	-2.534727e+01	-6.656572e+01
6.410000e-06	-3.687054e-06	-1.060701e-09	-2.559028e+01	-6.699689e+01
6.420000e-06	-3.721768e-06	-1.065945e-09	-2.583122e+01	-6.741895e+01
6.430000e-06	-3.756275e-06	-1.075184e-09	-2.607072e+01	-6.783174e+01
6.440000e-06	-3.790564e-06	-1.084890e-09	-2.630870e+01	-6.823510e+01
6.450000e-06	-3.824602e-06	-1.093228e-09	-2.654494e+01	-6.862890e+01
6.460000e-06	-3.858359e-06	-1.099739e-09	-2.677924e+01	-6.901300e+01
6.470000e-06	-3.891763e-06	-1.104672e-09	-2.701108e+01	-6.938730e+01
6.480000e-06	-3.924919e-06	-1.108367e-09	-2.724120e+01	-6.975170e+01
6.490000e-06	-3.957910e-06	-1.111077e-09	-2.747018e+01	-7.010615e+01
6.500000e-06	-3.990646e-06	-1.112845e-09	-2.769738e+01	-7.045061e+01
6.510000e-06	-4.023127e-06	-1.115242e-09	-2.792282e+01	-7.078508e+01
6.520000e-06	-4.055410e-06	-1.119665e-09	-2.814688e+01	-7.110957e+01
6.530000e-06	-4.087511e-06	-1.125232e-09	-2.836969e+01	-7.142413e+01
6.540000e-06	-4.119390e-06	-1.129158e-09	-2.859094e+01	-7.172886e+01
6.550000e-06	-4.150912e-06	-1.131811e-09	-2.880972e+01	-7.202387e+01
6.560000e-06	-4.181939e-06	-1.135622e-09	-2.902507e+01	-7.230931e+01
6.570000e-06	-4.212458e-06	-1.140956e-09	-2.923689e+01	-7.258536e+01
6.580000e-06	-4.242605e-06	-1.147100e-09	-2.944612e+01	-7.285223e+01
6.590000e-06	-4.272342e-06	-1.153464e-09	-2.965252e+01	-7.311017e+01
6.600000e-06	-4.301535e-06	-1.159104e-09	-2.985513e+01	-7.335943e+01
6.610000e-06	-4.330276e-06	-1.162577e-09	-3.005461e+01	-7.360033e+01
6.620000e-06	-4.358754e-06	-1.163630e-09	-3.025227e+01	-7.383316e+01
6.630000e-06	-4.387148e-06	-1.163420e-09	-3.044933e+01	-7.405828e+01
6.640000e-06	-4.415434e-06	-1.165357e-09	-3.064565e+01	-7.427603e+01
6.650000e-06	-4.443488e-06	-1.170110e-09	-3.084037e+01	-7.448678e+01
6.660000e-06	-4.471267e-06	-1.176466e-09	-3.103317e+01	-7.469092e+01
6.670000e-06	-4.498690e-06	-1.181882e-09	-3.122350e+01	-7.488884e+01
6.680000e-06	-4.525725e-06	-1.186127e-09	-3.141114e+01	-7.508093e+01
6.690000e-06	-4.552493e-06	-1.187589e-09	-3.159693e+01	-7.526758e+01
6.700000e-06	-4.579003e-06	-1.187022e-09	-3.178092e+01	-7.544920e+01
6.710000e-06	-4.605164e-06	-1.187049e-09	-3.196249e+01	-7.562616e+01
6.720000e-06	-4.630992e-06	-1.189544e-09	-3.214175e+01	-7.579886e+01
6.730000e-06	-4.656410e-06	-1.193381e-09	-3.231817e+01	-7.596766e+01
6.740000e-06	-4.681485e-06	-1.196087e-09	-3.249220e+01	-7.613292e+01
6.750000e-06	-4.706329e-06	-1.197248e-09	-3.266464e+01	-7.629497e+01
6.760000e-06	-4.730876e-06	-1.198754e-09	-3.283500e+01	-7.645413e+01
6.770000e-06	-4.755148e-06	-1.201651e-09	-3.300347e+01	-7.661070e+01
6.780000e-06	-4.779199e-06	-1.205873e-09	-3.317039e+01	-7.676495e+01
6.790000e-06	-4.803034e-06	-1.209923e-09	-3.333582e+01	-7.691712e+01
6.800000e-06	-4.826575e-06	-1.213112e-09	-3.349922e+01	-7.706745e+01
6.810000e-06	-4.849622e-06	-1.215007e-09	-3.365917e+01	-7.721610e+01
6.820000e-06	-4.872048e-06	-1.217536e-09	-3.381482e+01	-7.736326e+01
6.830000e-06	-4.893940e-06	-1.219352e-09	-3.396677e+01	-7.750905e+01
6.840000e-06	-4.915338e-06	-1.219043e-09	-3.411528e+01	-7.765358e+01
6.850000e-06	-4.936233e-06	-1.220456e-09	-3.426030e+01	-7.779693e+01
6.860000e-06	-4.956782e-06	-1.221836e-09	-3.440293e+01	-7.793913e+01
6.870000e-06	-4.977142e-06	-1.223692e-09	-3.454423e+01	-7.808021e+01
6.880000e-06	-4.997338e-06	-1.225984e-09	-3.468440e+01	-7.822016e+01
6.890000e-06	-5.017280e-06	-1.227588e-09	-3.482281e+01	-7.835896e+01
6.900000e-06	-5.036827e-06	-1.230141e-09	-3.495848e+01	-7.849654e+01
6.910000e-06	-5.055990e-06	-1.229272e-09	-3.509149e+01	-7.863283e+01
6.920000e-06	-5.074846e-06	-1.226376e-09	-3.522236e+01	-7.876774e+01
6.930000e-06	-5.093396e-06	-1.224956e-09	-3.535111e+01	-7.890116e+01
6.940000e-06	-5.111656e-06	-1.224878e-09	-3.547784e+01	-7.903296e+01
6.950000e-06	-5.129626e-06	-1.226551e-09	-3.560256e+01	-7.916300e+01
6.960000e-06	-5.147234e-06	-1.229431e-09	-3.572477e+01	-7.929114e+01
6.970000e-06	-5.164397e-06	-1.233561e-09	-3.584389e+01	-7.941723e+01
6.980000e-06	-5.181198e-06	-1.238865e-09	-3.596050e+01	-7.954111e+01
6.990000e-06	-5.197749e-06	-1.241771e-09	-3.607538e+01	-7.966262e+01
7.000000e-06	-5.214096e-06	-1.239616e-09	-3.618883e+01	-7.978162e+01
7.010000e-06	-5.230129e-06	-1.238001e-09	-3.630011e+01	-7.989794e+01
7.020000e-06	-5.245703e-06	-1.237471e-09	-3.640821e+01	-8.001146e+01
7.030000e-06	-5.260758e-06	-1.236929e-09	-3.651269e+01	-8.012202e+01
7.040000e-06	-5.275251e-06	-1.234716e-09	-3.661328e+01	-8.022950e+01
7.050000e-06	-5.289175e-06	-1.233301e-09	-3.670992e+01	-8.033379e+01
7.060000e-06	-5.302516e-06	-1.233147e-09	-3.680251e+01	-8.043480e+01
7.070000e-06	-5.315323e-06	-1.235002e-09	-3.689140e+01	-8.053243e+01
7.080000e-06	-5.327756e-06	-1.237682e-09	-3.697770e+01	-8.062663e+01
7.090000e-06	-5.339903e-06	-1.239360e-09	-3.706200e+01	-8.071733e+01
7.100000e-06	-5.351645e-06	-1.239868e-09	-3.714350e+01	-8.080451e+01
7.110000e-06	-5.362982e-06	-1.239995e-09	-3.722218e+01	-8.088815e+01
7.120000e-06	-5.373953e-06	-1.237710e-09	-3.729833e+01	-8.096826e+01
7.130000e-06	-5.384564e-06	-1.234915e-09	-3.737198e+01	-8.104486e+01
7.140000e-06	-5.394891e-06	-1.233189e-09	-3.744365e+01	-8.111798e+01
7.150000e-06	-5.404860e-06	-1.232566e-09	-3.751284e+01	-8.118768e+01
7.160000e-06	-5.414338e-06	-1.234704e-09	-3.757863e+01	-8.125404e+01
7.170000e-06	-5.423364e-06	-1.238930e-09	-3.764127e+01	-8.131713e+01
7.180000e-06	-5.432097e-06	-1.244593e-09	-3.770188e+01	-8.137705e+01
7.190000e-06	-5.440604e-06	-1.247433e-09	-3.776093e+01	-8.143392e+01
7.200000e-06	-5.448880e-06	-1.248202e-09	-3.781837e+01	-8.148785e+01
7.210000e-06	-5.456873e-06	-1.246952e-09	-3.787385e+01	-8.153897e+01
7.220000e-06	-5.464400e-06	-1.242560e-09	-3.792608e+01	-8.158741e+01
7.230000e-06	-5.471389e-06	-1.238332e-09	-3.797459e+01	-8.163330e+01
7.240000e-06	-5.477748e-06	-1.238462e-09	-3.801873e+01	-8.167679e+01
7.250000e-06	-5.483432e-06	-1.241809e-09	-3.805818e+01	-8.171802e+01
7.260000e-06	-5.488654e-06	-1.246436e-09	-3.809442e+01	-8.175710e+01
7.270000e-06	-5.493512e-06	-1.251135e-09	-3.812814e+01	-8.179418e+01
7.280000e-06	-5.498077e-06	-1.254484e-09	-3.815983e+01	-8.182938e+01
7.290000e-06	-5.502410e-06	-1.253339e-09	-3.818990e+01	-8.186282e+01
7.300000e-06	-5.506459e-06	-1.249584e-09	-3.821800e+01	-8.189458e+01
7.310000e-06	-5.510125e-06	-1.247368e-09	-3.824344e+01	-8.192478e+01
7.320000e-06	-5.513408e-06	-1.246822e-09	-3.826623e+01	-8.195348e+01
7.330000e-06	-5.516252e-06	-1.246407e-09	-3.828597e+01	-8.198075e+01
7.340000e-06	-5.518761e-06	-1.248310e-09	-3.830338e+01	-8.200664e+01
7.350000e-06	-5.521131e-06	-1.250166e-09	-3.831983e+01	-8.203117e+01
7.360000e-06	-5.523104e-06	-1.249529e-09	-3.833352e+01	-8.205436e+01
7.370000e-06	-5.524511e-06	-1.249167e-09	-3.834329e+01	-8.207621e+01
7.380000e-06	-5.525574e-06	-1.249151e-09	-3.835067e+01	-8.209669e+01
7.390000e-06	-5.526361e-06	-1.247242e-09	-3.835613e+01	-8.211576e+01
7.400000e-06	-5.526840e-06	-1.245578e-09	-3.835945e+01	-8.213336e+01
