# Temperatura_=_-0.24
# Concentracion g/m^3_=_1620.0
# C_Vs_to_Am_M_A/Vsm_=_65563218390.804596
# pendiente_HvsI_1/m_=_3716.3
# ordenada_HvsI_A/m_=_1297.0
# frecuencia_Hz_=_135108.90624294893

Tiempo_(s)	Campo_(V.s)	Magnetizacion_(V.s)	Campo_(kA/m)	Magnetizacion_(A/m)
0.000000e+00	-5.522241e-06	-1.058030e-09	-3.836347e+01	-6.978562e+01
1.000000e-08	-5.522398e-06	-1.051523e-09	-3.836456e+01	-6.978635e+01
2.000000e-08	-5.522252e-06	-1.048743e-09	-3.836354e+01	-6.978656e+01
3.000000e-08	-5.521772e-06	-1.049701e-09	-3.836021e+01	-6.978618e+01
4.000000e-08	-5.520851e-06	-1.051132e-09	-3.835381e+01	-6.978514e+01
5.000000e-08	-5.519387e-06	-1.052796e-09	-3.834364e+01	-6.978333e+01
6.000000e-08	-5.517234e-06	-1.047635e-09	-3.832869e+01	-6.978067e+01
7.000000e-08	-5.514420e-06	-1.042173e-09	-3.830914e+01	-6.977705e+01
8.000000e-08	-5.511212e-06	-1.053067e-09	-3.828685e+01	-6.977236e+01
9.000000e-08	-5.507590e-06	-1.047415e-09	-3.826169e+01	-6.976648e+01
1.000000e-07	-5.503497e-06	-1.037615e-09	-3.823326e+01	-6.975929e+01
1.100000e-07	-5.499112e-06	-1.074002e-09	-3.820279e+01	-6.975068e+01
1.200000e-07	-5.494533e-06	-1.034695e-09	-3.817098e+01	-6.974050e+01
1.300000e-07	-5.489691e-06	-9.892331e-10	-3.813734e+01	-6.972866e+01
1.400000e-07	-5.484528e-06	-1.000466e-09	-3.810148e+01	-6.971501e+01
1.500000e-07	-5.478976e-06	-1.050838e-09	-3.806290e+01	-6.969945e+01
1.600000e-07	-5.472983e-06	-1.080110e-09	-3.802127e+01	-6.968186e+01
1.700000e-07	-5.466515e-06	-9.863525e-10	-3.797634e+01	-6.966213e+01
1.800000e-07	-5.459636e-06	-1.022554e-09	-3.792855e+01	-6.964015e+01
1.900000e-07	-5.452385e-06	-1.048899e-09	-3.787818e+01	-6.961582e+01
2.000000e-07	-5.444816e-06	-1.082006e-09	-3.782559e+01	-6.958906e+01
2.100000e-07	-5.437060e-06	-1.023944e-09	-3.777171e+01	-6.955978e+01
2.200000e-07	-5.429128e-06	-1.063063e-09	-3.771661e+01	-6.952790e+01
2.300000e-07	-5.420793e-06	-1.079899e-09	-3.765870e+01	-6.949335e+01
2.400000e-07	-5.412016e-06	-1.089192e-09	-3.759773e+01	-6.945607e+01
2.500000e-07	-5.402682e-06	-1.054296e-09	-3.753288e+01	-6.941601e+01
2.600000e-07	-5.392587e-06	-1.059163e-09	-3.746275e+01	-6.937313e+01
2.700000e-07	-5.381816e-06	-1.080705e-09	-3.738792e+01	-6.932739e+01
2.800000e-07	-5.370611e-06	-1.095225e-09	-3.731008e+01	-6.927875e+01
2.900000e-07	-5.359047e-06	-1.092757e-09	-3.722975e+01	-6.922720e+01
3.000000e-07	-5.347073e-06	-1.070548e-09	-3.714656e+01	-6.917271e+01
3.100000e-07	-5.334726e-06	-1.089696e-09	-3.706079e+01	-6.911529e+01
3.200000e-07	-5.322017e-06	-1.082253e-09	-3.697250e+01	-6.905491e+01
3.300000e-07	-5.308913e-06	-1.086380e-09	-3.688146e+01	-6.899159e+01
3.400000e-07	-5.295346e-06	-1.039637e-09	-3.678721e+01	-6.892532e+01
3.500000e-07	-5.281406e-06	-1.078745e-09	-3.669037e+01	-6.885611e+01
3.600000e-07	-5.267129e-06	-1.083598e-09	-3.659119e+01	-6.878396e+01
3.700000e-07	-5.252180e-06	-1.078049e-09	-3.648733e+01	-6.870889e+01
3.800000e-07	-5.236579e-06	-1.052535e-09	-3.637895e+01	-6.863090e+01
3.900000e-07	-5.220640e-06	-1.106429e-09	-3.626822e+01	-6.855001e+01
4.000000e-07	-5.204272e-06	-1.066885e-09	-3.615451e+01	-6.846622e+01
4.100000e-07	-5.187510e-06	-1.034947e-09	-3.603806e+01	-6.837955e+01
4.200000e-07	-5.170483e-06	-1.068567e-09	-3.591978e+01	-6.829000e+01
4.300000e-07	-5.153216e-06	-1.099557e-09	-3.579982e+01	-6.819757e+01
4.400000e-07	-5.135599e-06	-1.008599e-09	-3.567744e+01	-6.810227e+01
4.500000e-07	-5.117640e-06	-1.026957e-09	-3.555267e+01	-6.800411e+01
4.600000e-07	-5.099329e-06	-1.089623e-09	-3.542546e+01	-6.790307e+01
4.700000e-07	-5.080550e-06	-1.041631e-09	-3.529501e+01	-6.779917e+01
4.800000e-07	-5.061306e-06	-9.960329e-10	-3.516132e+01	-6.769238e+01
4.900000e-07	-5.041832e-06	-1.090869e-09	-3.502603e+01	-6.758271e+01
5.000000e-07	-5.022200e-06	-1.075683e-09	-3.488964e+01	-6.747015e+01
5.100000e-07	-5.002248e-06	-9.878350e-10	-3.475103e+01	-6.735469e+01
5.200000e-07	-4.981983e-06	-1.035961e-09	-3.461025e+01	-6.723633e+01
5.300000e-07	-4.961306e-06	-1.073807e-09	-3.446661e+01	-6.711504e+01
5.400000e-07	-4.940182e-06	-9.852286e-10	-3.431986e+01	-6.699083e+01
5.500000e-07	-4.918718e-06	-1.003877e-09	-3.417074e+01	-6.686369e+01
5.600000e-07	-4.896979e-06	-1.088372e-09	-3.401972e+01	-6.673361e+01
5.700000e-07	-4.874904e-06	-1.024942e-09	-3.386637e+01	-6.660060e+01
5.800000e-07	-4.852452e-06	-9.902180e-10	-3.371039e+01	-6.646467e+01
5.900000e-07	-4.829662e-06	-1.057679e-09	-3.355207e+01	-6.632581e+01
6.000000e-07	-4.806577e-06	-1.031656e-09	-3.339169e+01	-6.618405e+01
6.100000e-07	-4.783247e-06	-9.617155e-10	-3.322962e+01	-6.603941e+01
6.200000e-07	-4.759712e-06	-1.016534e-09	-3.306612e+01	-6.589192e+01
6.300000e-07	-4.735997e-06	-1.020737e-09	-3.290137e+01	-6.574161e+01
6.400000e-07	-4.712035e-06	-9.718100e-10	-3.273490e+01	-6.558853e+01
6.500000e-07	-4.687688e-06	-9.991703e-10	-3.256576e+01	-6.543274e+01
6.600000e-07	-4.662954e-06	-1.037165e-09	-3.239393e+01	-6.527430e+01
6.700000e-07	-4.637671e-06	-9.824142e-10	-3.221829e+01	-6.511328e+01
6.800000e-07	-4.611760e-06	-9.879737e-10	-3.203829e+01	-6.494977e+01
6.900000e-07	-4.585310e-06	-1.009197e-09	-3.185453e+01	-6.478385e+01
7.000000e-07	-4.558368e-06	-9.781456e-10	-3.166736e+01	-6.461563e+01
7.100000e-07	-4.531058e-06	-9.580801e-10	-3.147764e+01	-6.444522e+01
7.200000e-07	-4.503494e-06	-9.939049e-10	-3.128615e+01	-6.427274e+01
7.300000e-07	-4.475816e-06	-9.748250e-10	-3.109387e+01	-6.409830e+01
7.400000e-07	-4.448006e-06	-9.623304e-10	-3.090067e+01	-6.392204e+01
7.500000e-07	-4.419947e-06	-9.827152e-10	-3.070574e+01	-6.374410e+01
7.600000e-07	-4.391535e-06	-9.832004e-10	-3.050836e+01	-6.356461e+01
7.700000e-07	-4.362774e-06	-9.596987e-10	-3.030855e+01	-6.338371e+01
7.800000e-07	-4.333684e-06	-9.746651e-10	-3.010647e+01	-6.320156e+01
7.900000e-07	-4.304285e-06	-9.730177e-10	-2.990223e+01	-6.301829e+01
8.000000e-07	-4.274657e-06	-9.502179e-10	-2.969640e+01	-6.283403e+01
8.100000e-07	-4.244837e-06	-9.543677e-10	-2.948924e+01	-6.264893e+01
8.200000e-07	-4.214779e-06	-9.678027e-10	-2.928042e+01	-6.246312e+01
8.300000e-07	-4.184302e-06	-9.521398e-10	-2.906870e+01	-6.227672e+01
8.400000e-07	-4.153425e-06	-9.491158e-10	-2.885419e+01	-6.208983e+01
8.500000e-07	-4.122364e-06	-9.649519e-10	-2.863841e+01	-6.190255e+01
8.600000e-07	-4.091124e-06	-9.525627e-10	-2.842138e+01	-6.171498e+01
8.700000e-07	-4.059614e-06	-9.374220e-10	-2.820248e+01	-6.152718e+01
8.800000e-07	-4.027911e-06	-9.430297e-10	-2.798223e+01	-6.133920e+01
8.900000e-07	-3.996090e-06	-9.423609e-10	-2.776117e+01	-6.115107e+01
9.000000e-07	-3.964017e-06	-9.243387e-10	-2.753836e+01	-6.096281e+01
9.100000e-07	-3.931641e-06	-9.317657e-10	-2.731344e+01	-6.077441e+01
9.200000e-07	-3.898894e-06	-9.353594e-10	-2.708594e+01	-6.058583e+01
9.300000e-07	-3.865718e-06	-9.233599e-10	-2.685547e+01	-6.039701e+01
9.400000e-07	-3.832154e-06	-9.165920e-10	-2.662229e+01	-6.020788e+01
9.500000e-07	-3.798126e-06	-9.278354e-10	-2.638590e+01	-6.001831e+01
9.600000e-07	-3.763565e-06	-9.179489e-10	-2.614580e+01	-5.982819e+01
9.700000e-07	-3.728524e-06	-9.134836e-10	-2.590237e+01	-5.963733e+01
9.800000e-07	-3.693187e-06	-9.194976e-10	-2.565688e+01	-5.944557e+01
9.900000e-07	-3.657649e-06	-9.190629e-10	-2.541000e+01	-5.925268e+01
1.000000e-06	-3.621941e-06	-9.042540e-10	-2.516193e+01	-5.905842e+01
1.010000e-06	-3.586170e-06	-9.066921e-10	-2.491342e+01	-5.886254e+01
1.020000e-06	-3.550328e-06	-9.045814e-10	-2.466442e+01	-5.866475e+01
1.030000e-06	-3.514301e-06	-8.938141e-10	-2.441414e+01	-5.846474e+01
1.040000e-06	-3.478042e-06	-8.870320e-10	-2.416225e+01	-5.826219e+01
1.050000e-06	-3.441428e-06	-8.882588e-10	-2.390789e+01	-5.805675e+01
1.060000e-06	-3.404544e-06	-8.774814e-10	-2.365165e+01	-5.784806e+01
1.070000e-06	-3.367541e-06	-8.716978e-10	-2.339459e+01	-5.763576e+01
1.080000e-06	-3.330293e-06	-8.735911e-10	-2.313582e+01	-5.741947e+01
1.090000e-06	-3.292734e-06	-8.706646e-10	-2.287490e+01	-5.719878e+01
1.100000e-06	-3.254931e-06	-8.607451e-10	-2.261228e+01	-5.697331e+01
1.110000e-06	-3.216899e-06	-8.548932e-10	-2.234806e+01	-5.674266e+01
1.120000e-06	-3.178633e-06	-8.468157e-10	-2.208223e+01	-5.650644e+01
1.130000e-06	-3.140131e-06	-8.352401e-10	-2.181475e+01	-5.626425e+01
1.140000e-06	-3.101450e-06	-8.308443e-10	-2.154603e+01	-5.601571e+01
1.150000e-06	-3.062638e-06	-8.272843e-10	-2.127640e+01	-5.576045e+01
1.160000e-06	-3.023599e-06	-8.211643e-10	-2.100519e+01	-5.549809e+01
1.170000e-06	-2.984404e-06	-8.177922e-10	-2.073290e+01	-5.522831e+01
1.180000e-06	-2.945042e-06	-8.198509e-10	-2.045945e+01	-5.495075e+01
1.190000e-06	-2.905481e-06	-8.147909e-10	-2.018462e+01	-5.466513e+01
1.200000e-06	-2.865802e-06	-8.080544e-10	-1.990897e+01	-5.437115e+01
1.210000e-06	-2.826009e-06	-8.004099e-10	-1.963252e+01	-5.406855e+01
1.220000e-06	-2.786113e-06	-7.918882e-10	-1.935536e+01	-5.375710e+01
1.230000e-06	-2.746052e-06	-7.813695e-10	-1.907705e+01	-5.343659e+01
1.240000e-06	-2.705773e-06	-7.785899e-10	-1.879723e+01	-5.310684e+01
1.250000e-06	-2.665284e-06	-7.743618e-10	-1.851595e+01	-5.276770e+01
1.260000e-06	-2.624519e-06	-7.732581e-10	-1.823275e+01	-5.241906e+01
1.270000e-06	-2.583548e-06	-7.710939e-10	-1.794812e+01	-5.206081e+01
1.280000e-06	-2.542302e-06	-7.708452e-10	-1.766158e+01	-5.169292e+01
1.290000e-06	-2.500671e-06	-7.638487e-10	-1.737237e+01	-5.131533e+01
1.300000e-06	-2.458692e-06	-7.532723e-10	-1.708074e+01	-5.092806e+01
1.310000e-06	-2.416428e-06	-7.441369e-10	-1.678713e+01	-5.053111e+01
1.320000e-06	-2.373961e-06	-7.361699e-10	-1.649211e+01	-5.012455e+01
1.330000e-06	-2.331178e-06	-7.300096e-10	-1.619489e+01	-4.970844e+01
1.340000e-06	-2.288085e-06	-7.270724e-10	-1.589552e+01	-4.928287e+01
1.350000e-06	-2.244790e-06	-7.239730e-10	-1.559474e+01	-4.884795e+01
1.360000e-06	-2.201414e-06	-7.194233e-10	-1.529341e+01	-4.840379e+01
1.370000e-06	-2.157975e-06	-7.138965e-10	-1.499163e+01	-4.795054e+01
1.380000e-06	-2.114403e-06	-7.105082e-10	-1.468893e+01	-4.748834e+01
1.390000e-06	-2.070738e-06	-7.027357e-10	-1.438559e+01	-4.701732e+01
1.400000e-06	-2.027014e-06	-6.932497e-10	-1.408184e+01	-4.653763e+01
1.410000e-06	-1.983216e-06	-6.840514e-10	-1.377757e+01	-4.604942e+01
1.420000e-06	-1.939354e-06	-6.723116e-10	-1.347285e+01	-4.555281e+01
1.430000e-06	-1.895399e-06	-6.635536e-10	-1.316749e+01	-4.504794e+01
1.440000e-06	-1.851319e-06	-6.578020e-10	-1.286127e+01	-4.453490e+01
1.450000e-06	-1.807155e-06	-6.517672e-10	-1.255446e+01	-4.401380e+01
1.460000e-06	-1.762882e-06	-6.429638e-10	-1.224689e+01	-4.348469e+01
1.470000e-06	-1.718428e-06	-6.337375e-10	-1.193806e+01	-4.294762e+01
1.480000e-06	-1.673786e-06	-6.232436e-10	-1.162793e+01	-4.240260e+01
1.490000e-06	-1.629052e-06	-6.117735e-10	-1.131716e+01	-4.184962e+01
1.500000e-06	-1.584225e-06	-6.003654e-10	-1.100574e+01	-4.128862e+01
1.510000e-06	-1.539224e-06	-5.909656e-10	-1.069311e+01	-4.071952e+01
1.520000e-06	-1.494066e-06	-5.807279e-10	-1.037940e+01	-4.014220e+01
1.530000e-06	-1.448794e-06	-5.712460e-10	-1.006489e+01	-3.955649e+01
1.540000e-06	-1.403427e-06	-5.633641e-10	-9.749725e+00	-3.896218e+01
1.550000e-06	-1.358010e-06	-5.558025e-10	-9.434209e+00	-3.835904e+01
1.560000e-06	-1.312583e-06	-5.467509e-10	-9.118623e+00	-3.774679e+01
1.570000e-06	-1.267064e-06	-5.378469e-10	-8.802403e+00	-3.712510e+01
1.580000e-06	-1.221398e-06	-5.290532e-10	-8.485156e+00	-3.649362e+01
1.590000e-06	-1.175640e-06	-5.186545e-10	-8.167271e+00	-3.585195e+01
1.600000e-06	-1.129788e-06	-5.055692e-10	-7.848728e+00	-3.519965e+01
1.610000e-06	-1.083860e-06	-4.928312e-10	-7.529663e+00	-3.453627e+01
1.620000e-06	-1.037863e-06	-4.793512e-10	-7.210121e+00	-3.386132e+01
1.630000e-06	-9.917588e-07	-4.660654e-10	-6.889831e+00	-3.317429e+01
1.640000e-06	-9.456630e-07	-4.509905e-10	-6.569600e+00	-3.247464e+01
1.650000e-06	-8.995119e-07	-4.347697e-10	-6.248985e+00	-3.176183e+01
1.660000e-06	-8.532032e-07	-4.211686e-10	-5.927274e+00	-3.103528e+01
1.670000e-06	-8.068284e-07	-4.116960e-10	-5.605104e+00	-3.029444e+01
1.680000e-06	-7.604573e-07	-4.029786e-10	-5.282960e+00	-2.953874e+01
1.690000e-06	-7.141447e-07	-3.943272e-10	-4.961223e+00	-2.876762e+01
1.700000e-06	-6.676844e-07	-3.839822e-10	-4.638459e+00	-2.798052e+01
1.710000e-06	-6.210494e-07	-3.705071e-10	-4.314482e+00	-2.717693e+01
1.720000e-06	-5.744549e-07	-3.554556e-10	-3.990786e+00	-2.635632e+01
1.730000e-06	-5.278322e-07	-3.418452e-10	-3.666895e+00	-2.551823e+01
1.740000e-06	-4.811491e-07	-3.279787e-10	-3.342583e+00	-2.466221e+01
1.750000e-06	-4.345127e-07	-3.139056e-10	-3.018596e+00	-2.378786e+01
1.760000e-06	-3.878457e-07	-3.007988e-10	-2.694396e+00	-2.289484e+01
1.770000e-06	-3.411092e-07	-2.865552e-10	-2.369714e+00	-2.198284e+01
1.780000e-06	-2.943091e-07	-2.732847e-10	-2.044590e+00	-2.105164e+01
1.790000e-06	-2.474546e-07	-2.606061e-10	-1.719087e+00	-2.010106e+01
1.800000e-06	-2.006379e-07	-2.468618e-10	-1.393849e+00	-1.913100e+01
1.810000e-06	-1.537551e-07	-2.307940e-10	-1.068149e+00	-1.814142e+01
1.820000e-06	-1.068075e-07	-2.144095e-10	-7.420003e-01	-1.713239e+01
1.830000e-06	-5.992808e-08	-1.977798e-10	-4.163253e-01	-1.610403e+01
1.840000e-06	-1.310242e-08	-1.811139e-10	-9.102361e-02	-1.505655e+01
1.850000e-06	3.368124e-08	-1.668234e-10	2.339864e-01	-1.399026e+01
1.860000e-06	8.049164e-08	-1.556859e-10	5.591821e-01	-1.290553e+01
1.870000e-06	1.272985e-07	-1.432115e-10	8.843531e-01	-1.180285e+01
1.880000e-06	1.740727e-07	-1.287978e-10	1.209298e+00	-1.068277e+01
1.890000e-06	2.208582e-07	-1.123161e-10	1.534320e+00	-9.545941e+00
1.900000e-06	2.676548e-07	-9.542324e-11	1.859420e+00	-8.393102e+00
1.910000e-06	3.145064e-07	-7.792015e-11	2.184902e+00	-7.225071e+00
1.920000e-06	3.613552e-07	-6.020898e-11	2.510365e+00	-6.042747e+00
1.930000e-06	4.081015e-07	-4.390076e-11	2.835115e+00	-4.847109e+00
1.940000e-06	4.547906e-07	-3.055972e-11	3.159468e+00	-3.639210e+00
1.950000e-06	5.014321e-07	-1.779361e-11	3.483491e+00	-2.420173e+00
1.960000e-06	5.480043e-07	-3.990760e-12	3.807032e+00	-1.191186e+00
1.970000e-06	5.945738e-07	1.189606e-11	4.130554e+00	4.650680e-02
1.980000e-06	6.411134e-07	2.976295e-11	4.453868e+00	1.291605e+00
1.990000e-06	6.875448e-07	4.934609e-11	4.776431e+00	2.542765e+00
2.000000e-06	7.339090e-07	7.000648e-11	5.098527e+00	3.798601e+00
2.010000e-06	7.802704e-07	8.817606e-11	5.420604e+00	5.057699e+00
2.020000e-06	8.265524e-07	1.047722e-10	5.742129e+00	6.318618e+00
2.030000e-06	8.727327e-07	1.220888e-10	6.062947e+00	7.579901e+00
2.040000e-06	9.188107e-07	1.421786e-10	6.383055e+00	8.840084e+00
2.050000e-06	9.648890e-07	1.613056e-10	6.703165e+00	1.009770e+01
2.060000e-06	1.010965e-06	1.788402e-10	7.023259e+00	1.135130e+01
2.070000e-06	1.056908e-06	1.954301e-10	7.342428e+00	1.259943e+01
2.080000e-06	1.102787e-06	2.119454e-10	7.661153e+00	1.384067e+01
2.090000e-06	1.148646e-06	2.290523e-10	7.979741e+00	1.507365e+01
2.100000e-06	1.194404e-06	2.471949e-10	8.297624e+00	1.629701e+01
2.110000e-06	1.240018e-06	2.657175e-10	8.614512e+00	1.750945e+01
2.120000e-06	1.285592e-06	2.854403e-10	8.931114e+00	1.870971e+01
2.130000e-06	1.331085e-06	3.049330e-10	9.247156e+00	1.989661e+01
2.140000e-06	1.376410e-06	3.198741e-10	9.562035e+00	2.106903e+01
2.150000e-06	1.421639e-06	3.312746e-10	9.876244e+00	2.222590e+01
2.160000e-06	1.466882e-06	3.437805e-10	1.019055e+01	2.336623e+01
2.170000e-06	1.512084e-06	3.585788e-10	1.050457e+01	2.448914e+01
2.180000e-06	1.557096e-06	3.741777e-10	1.081727e+01	2.559379e+01
2.190000e-06	1.601916e-06	3.900162e-10	1.112865e+01	2.667944e+01
2.200000e-06	1.646619e-06	4.068361e-10	1.143920e+01	2.774546e+01
2.210000e-06	1.691247e-06	4.226478e-10	1.174923e+01	2.879127e+01
2.220000e-06	1.735817e-06	4.373682e-10	1.205886e+01	2.981641e+01
2.230000e-06	1.780222e-06	4.520429e-10	1.236735e+01	3.082049e+01
2.240000e-06	1.824407e-06	4.648969e-10	1.267431e+01	3.180321e+01
2.250000e-06	1.868508e-06	4.760032e-10	1.298068e+01	3.276438e+01
2.260000e-06	1.912539e-06	4.868101e-10	1.328657e+01	3.370387e+01
2.270000e-06	1.956428e-06	4.997372e-10	1.359147e+01	3.462164e+01
2.280000e-06	2.000192e-06	5.129440e-10	1.389550e+01	3.551773e+01
2.290000e-06	2.043903e-06	5.246350e-10	1.419916e+01	3.639227e+01
2.300000e-06	2.087579e-06	5.339430e-10	1.450258e+01	3.724544e+01
2.310000e-06	2.131180e-06	5.423604e-10	1.480548e+01	3.807750e+01
2.320000e-06	2.174748e-06	5.521077e-10	1.510815e+01	3.888877e+01
2.330000e-06	2.218263e-06	5.621114e-10	1.541046e+01	3.967963e+01
2.340000e-06	2.261607e-06	5.716629e-10	1.571157e+01	4.045050e+01
2.350000e-06	2.304739e-06	5.817858e-10	1.601121e+01	4.120186e+01
2.360000e-06	2.347665e-06	5.929209e-10	1.630943e+01	4.193423e+01
2.370000e-06	2.390423e-06	6.051612e-10	1.660647e+01	4.264816e+01
2.380000e-06	2.432917e-06	6.164228e-10	1.690168e+01	4.334420e+01
2.390000e-06	2.475193e-06	6.262062e-10	1.719537e+01	4.402297e+01
2.400000e-06	2.517094e-06	6.353391e-10	1.748646e+01	4.468507e+01
2.410000e-06	2.558454e-06	6.451807e-10	1.777380e+01	4.533112e+01
2.420000e-06	2.599587e-06	6.557352e-10	1.805955e+01	4.596174e+01
2.430000e-06	2.640483e-06	6.661713e-10	1.834365e+01	4.657755e+01
2.440000e-06	2.681044e-06	6.777216e-10	1.862544e+01	4.717916e+01
2.450000e-06	2.721442e-06	6.906830e-10	1.890608e+01	4.776716e+01
2.460000e-06	2.761732e-06	7.018652e-10	1.918598e+01	4.834214e+01
2.470000e-06	2.801814e-06	7.095485e-10	1.946444e+01	4.890465e+01
2.480000e-06	2.841724e-06	7.147656e-10	1.974169e+01	4.945522e+01
2.490000e-06	2.881519e-06	7.207683e-10	2.001815e+01	4.999435e+01
2.500000e-06	2.921153e-06	7.295223e-10	2.029350e+01	5.052252e+01
2.510000e-06	2.960585e-06	7.390839e-10	2.056743e+01	5.104014e+01
2.520000e-06	2.999881e-06	7.488829e-10	2.084042e+01	5.154764e+01
2.530000e-06	3.039008e-06	7.583265e-10	2.111224e+01	5.204535e+01
2.540000e-06	3.077862e-06	7.659120e-10	2.138216e+01	5.253361e+01
2.550000e-06	3.116507e-06	7.715424e-10	2.165064e+01	5.301268e+01
2.560000e-06	3.154958e-06	7.764125e-10	2.191776e+01	5.348283e+01
2.570000e-06	3.193155e-06	7.801048e-10	2.218312e+01	5.394424e+01
2.580000e-06	3.231122e-06	7.828182e-10	2.244688e+01	5.439709e+01
2.590000e-06	3.268932e-06	7.866386e-10	2.270955e+01	5.484150e+01
2.600000e-06	3.306602e-06	7.929571e-10	2.297124e+01	5.527758e+01
2.610000e-06	3.343988e-06	8.010886e-10	2.323097e+01	5.570538e+01
2.620000e-06	3.381124e-06	8.094284e-10	2.348895e+01	5.612494e+01
2.630000e-06	3.418067e-06	8.159031e-10	2.374560e+01	5.653626e+01
2.640000e-06	3.454762e-06	8.201773e-10	2.400052e+01	5.693934e+01
2.650000e-06	3.491244e-06	8.234814e-10	2.425396e+01	5.733413e+01
2.660000e-06	3.527502e-06	8.264460e-10	2.450585e+01	5.772059e+01
2.670000e-06	3.563548e-06	8.296960e-10	2.475626e+01	5.809864e+01
2.680000e-06	3.599416e-06	8.337076e-10	2.500544e+01	5.846822e+01
2.690000e-06	3.635149e-06	8.382221e-10	2.525368e+01	5.882924e+01
2.700000e-06	3.670752e-06	8.444566e-10	2.550102e+01	5.918163e+01
2.710000e-06	3.706147e-06	8.517794e-10	2.574691e+01	5.952528e+01
2.720000e-06	3.741237e-06	8.591876e-10	2.599069e+01	5.986014e+01
2.730000e-06	3.775962e-06	8.666893e-10	2.623193e+01	6.018613e+01
2.740000e-06	3.810448e-06	8.730845e-10	2.647150e+01	6.050319e+01
2.750000e-06	3.844588e-06	8.761692e-10	2.670867e+01	6.081128e+01
2.760000e-06	3.878076e-06	8.769380e-10	2.694132e+01	6.111036e+01
2.770000e-06	3.911035e-06	8.796008e-10	2.717029e+01	6.140044e+01
2.780000e-06	3.943652e-06	8.843583e-10	2.739688e+01	6.168150e+01
2.790000e-06	3.975967e-06	8.898220e-10	2.762138e+01	6.195360e+01
2.800000e-06	4.008018e-06	8.960541e-10	2.784404e+01	6.221679e+01
2.810000e-06	4.039842e-06	9.028917e-10	2.806512e+01	6.247114e+01
2.820000e-06	4.071500e-06	9.097289e-10	2.828505e+01	6.271676e+01
2.830000e-06	4.103020e-06	9.142720e-10	2.850402e+01	6.295378e+01
2.840000e-06	4.134308e-06	9.161419e-10	2.872138e+01	6.318236e+01
2.850000e-06	4.165332e-06	9.182729e-10	2.893691e+01	6.340268e+01
2.860000e-06	4.196044e-06	9.214295e-10	2.915027e+01	6.361494e+01
2.870000e-06	4.226411e-06	9.239652e-10	2.936123e+01	6.381936e+01
2.880000e-06	4.256502e-06	9.259672e-10	2.957028e+01	6.401621e+01
2.890000e-06	4.286329e-06	9.294907e-10	2.977749e+01	6.420574e+01
2.900000e-06	4.315848e-06	9.339892e-10	2.998256e+01	6.438825e+01
2.910000e-06	4.345030e-06	9.387230e-10	3.018529e+01	6.456403e+01
2.920000e-06	4.373953e-06	9.435962e-10	3.038622e+01	6.473339e+01
2.930000e-06	4.402607e-06	9.472919e-10	3.058528e+01	6.489668e+01
2.940000e-06	4.431021e-06	9.503928e-10	3.078267e+01	6.505421e+01
2.950000e-06	4.459193e-06	9.541166e-10	3.097839e+01	6.520633e+01
2.960000e-06	4.487069e-06	9.597901e-10	3.117204e+01	6.535338e+01
2.970000e-06	4.514714e-06	9.645144e-10	3.136409e+01	6.549570e+01
2.980000e-06	4.542220e-06	9.667556e-10	3.155519e+01	6.563363e+01
2.990000e-06	4.569492e-06	9.684002e-10	3.174464e+01	6.576751e+01
3.000000e-06	4.596318e-06	9.694206e-10	3.193101e+01	6.589766e+01
3.010000e-06	4.622654e-06	9.707712e-10	3.211396e+01	6.602438e+01
3.020000e-06	4.648474e-06	9.737228e-10	3.229334e+01	6.614800e+01
3.030000e-06	4.673668e-06	9.796873e-10	3.246836e+01	6.626877e+01
3.040000e-06	4.698356e-06	9.862653e-10	3.263987e+01	6.638699e+01
3.050000e-06	4.722703e-06	9.910156e-10	3.280901e+01	6.650288e+01
3.060000e-06	4.746665e-06	9.913724e-10	3.297548e+01	6.661669e+01
3.070000e-06	4.770368e-06	9.891898e-10	3.314015e+01	6.672861e+01
3.080000e-06	4.793886e-06	9.859368e-10	3.330353e+01	6.683882e+01
3.090000e-06	4.817082e-06	9.856306e-10	3.346467e+01	6.694749e+01
3.100000e-06	4.839885e-06	9.879896e-10	3.362309e+01	6.705474e+01
3.110000e-06	4.862319e-06	9.907442e-10	3.377893e+01	6.716068e+01
3.120000e-06	4.884443e-06	9.938117e-10	3.393263e+01	6.726539e+01
3.130000e-06	4.906292e-06	9.950916e-10	3.408442e+01	6.736893e+01
3.140000e-06	4.927805e-06	9.954315e-10	3.423387e+01	6.747134e+01
3.150000e-06	4.948960e-06	9.956481e-10	3.438084e+01	6.757263e+01
3.160000e-06	4.969796e-06	9.973944e-10	3.452559e+01	6.767278e+01
3.170000e-06	4.990248e-06	1.000607e-09	3.466767e+01	6.777176e+01
3.180000e-06	5.010352e-06	1.004483e-09	3.480733e+01	6.786953e+01
3.190000e-06	5.030190e-06	1.008943e-09	3.494515e+01	6.796601e+01
3.200000e-06	5.049859e-06	1.011936e-09	3.508179e+01	6.806112e+01
3.210000e-06	5.069433e-06	1.011885e-09	3.521778e+01	6.815477e+01
3.220000e-06	5.088724e-06	1.011185e-09	3.535179e+01	6.824685e+01
3.230000e-06	5.107608e-06	1.011927e-09	3.548298e+01	6.833724e+01
3.240000e-06	5.126080e-06	1.016554e-09	3.561130e+01	6.842581e+01
3.250000e-06	5.144066e-06	1.022147e-09	3.573626e+01	6.851245e+01
3.260000e-06	5.161501e-06	1.024412e-09	3.585738e+01	6.859702e+01
3.270000e-06	5.178599e-06	1.023366e-09	3.597616e+01	6.867939e+01
3.280000e-06	5.195463e-06	1.022027e-09	3.609331e+01	6.875943e+01
3.290000e-06	5.212016e-06	1.021525e-09	3.620831e+01	6.883703e+01
3.300000e-06	5.228235e-06	1.021288e-09	3.632099e+01	6.891206e+01
3.310000e-06	5.243967e-06	1.022419e-09	3.643028e+01	6.898441e+01
3.320000e-06	5.259203e-06	1.024881e-09	3.653612e+01	6.905400e+01
3.330000e-06	5.273932e-06	1.026378e-09	3.663844e+01	6.912072e+01
3.340000e-06	5.288142e-06	1.028581e-09	3.673717e+01	6.918451e+01
3.350000e-06	5.301968e-06	1.031696e-09	3.683321e+01	6.924531e+01
3.360000e-06	5.315521e-06	1.032189e-09	3.692737e+01	6.930307e+01
3.370000e-06	5.328702e-06	1.031633e-09	3.701893e+01	6.935777e+01
3.380000e-06	5.341429e-06	1.033659e-09	3.710735e+01	6.940938e+01
3.390000e-06	5.353863e-06	1.034743e-09	3.719373e+01	6.945792e+01
3.400000e-06	5.365997e-06	1.032211e-09	3.727803e+01	6.950340e+01
3.410000e-06	5.377746e-06	1.030891e-09	3.735965e+01	6.954586e+01
3.420000e-06	5.389090e-06	1.032673e-09	3.743846e+01	6.958534e+01
3.430000e-06	5.400034e-06	1.035779e-09	3.751448e+01	6.962192e+01
3.440000e-06	5.410539e-06	1.039157e-09	3.758747e+01	6.965567e+01
3.450000e-06	5.420348e-06	1.040983e-09	3.765561e+01	6.968670e+01
3.460000e-06	5.429450e-06	1.040807e-09	3.771885e+01	6.971509e+01
3.470000e-06	5.438075e-06	1.040478e-09	3.777876e+01	6.974098e+01
3.480000e-06	5.446263e-06	1.040293e-09	3.783564e+01	6.976448e+01
3.490000e-06	5.454150e-06	1.040137e-09	3.789044e+01	6.978574e+01
3.500000e-06	5.461840e-06	1.041011e-09	3.794386e+01	6.980488e+01
3.510000e-06	5.469170e-06	1.042606e-09	3.799478e+01	6.982205e+01
3.520000e-06	5.476153e-06	1.045417e-09	3.804329e+01	6.983740e+01
3.530000e-06	5.482791e-06	1.048630e-09	3.808941e+01	6.985108e+01
3.540000e-06	5.488962e-06	1.049849e-09	3.813227e+01	6.986323e+01
3.550000e-06	5.494727e-06	1.050274e-09	3.817233e+01	6.987400e+01
3.560000e-06	5.500121e-06	1.050281e-09	3.820980e+01	6.988352e+01
3.570000e-06	5.505125e-06	1.050127e-09	3.824456e+01	6.989193e+01
3.580000e-06	5.509760e-06	1.050881e-09	3.827676e+01	6.989935e+01
3.590000e-06	5.514029e-06	1.050682e-09	3.830642e+01	6.990591e+01
3.600000e-06	5.518037e-06	1.048838e-09	3.833426e+01	6.991170e+01
3.610000e-06	5.521804e-06	1.048405e-09	3.836044e+01	6.991683e+01
3.620000e-06	5.525275e-06	1.050379e-09	3.838454e+01	6.992137e+01
3.630000e-06	5.528458e-06	1.054312e-09	3.840666e+01	6.992540e+01
3.640000e-06	5.531178e-06	1.058457e-09	3.842556e+01	6.992898e+01
3.650000e-06	5.533250e-06	1.061495e-09	3.843995e+01	6.993215e+01
3.660000e-06	5.534726e-06	1.063786e-09	3.845021e+01	6.993493e+01
3.670000e-06	5.535662e-06	1.064067e-09	3.845670e+01	6.993734e+01
3.680000e-06	5.536095e-06	1.064510e-09	3.845971e+01	6.993937e+01
3.690000e-06	5.536136e-06	1.064560e-09	3.846000e+01	6.994102e+01
3.700000e-06	5.535905e-06	1.064000e-09	3.845839e+01	6.994226e+01
3.710000e-06	5.535468e-06	1.065576e-09	3.845536e+01	6.994303e+01
3.720000e-06	5.534690e-06	1.065838e-09	3.844996e+01	6.994329e+01
3.730000e-06	5.533598e-06	1.065433e-09	3.844237e+01	6.994296e+01
3.740000e-06	5.532197e-06	1.067139e-09	3.843263e+01	6.994198e+01
3.750000e-06	5.530354e-06	1.073234e-09	3.841983e+01	6.994024e+01
3.760000e-06	5.528127e-06	1.088002e-09	3.840436e+01	6.993766e+01
3.770000e-06	5.525549e-06	1.078371e-09	3.838645e+01	6.993413e+01
3.780000e-06	5.522616e-06	1.068824e-09	3.836608e+01	6.992953e+01
3.790000e-06	5.519213e-06	1.096246e-09	3.834244e+01	6.992376e+01
3.800000e-06	5.515306e-06	1.051703e-09	3.831529e+01	6.991668e+01
3.810000e-06	5.511059e-06	1.063702e-09	3.828579e+01	6.990819e+01
3.820000e-06	5.506675e-06	1.149204e-09	3.825533e+01	6.989816e+01
3.830000e-06	5.502039e-06	1.137566e-09	3.822313e+01	6.988646e+01
3.840000e-06	5.496870e-06	1.125281e-09	3.818722e+01	6.987297e+01
3.850000e-06	5.491151e-06	1.030977e-09	3.814748e+01	6.985758e+01
3.860000e-06	5.484871e-06	1.081985e-09	3.810386e+01	6.984016e+01
3.870000e-06	5.478188e-06	1.126919e-09	3.805743e+01	6.982061e+01
3.880000e-06	5.471242e-06	1.080115e-09	3.800918e+01	6.979883e+01
3.890000e-06	5.463818e-06	1.024341e-09	3.795760e+01	6.977470e+01
3.900000e-06	5.455866e-06	1.061889e-09	3.790235e+01	6.974815e+01
3.910000e-06	5.447558e-06	1.148866e-09	3.784464e+01	6.971908e+01
3.920000e-06	5.438963e-06	1.046046e-09	3.778493e+01	6.968742e+01
3.930000e-06	5.430058e-06	1.011445e-09	3.772307e+01	6.965310e+01
3.940000e-06	5.420715e-06	1.069491e-09	3.765816e+01	6.961605e+01
3.950000e-06	5.410973e-06	1.165403e-09	3.759048e+01	6.957623e+01
3.960000e-06	5.400900e-06	1.056749e-09	3.752050e+01	6.953359e+01
3.970000e-06	5.390520e-06	1.027370e-09	3.744839e+01	6.948809e+01
3.980000e-06	5.379762e-06	1.069516e-09	3.737366e+01	6.943969e+01
3.990000e-06	5.368602e-06	1.099322e-09	3.729613e+01	6.938839e+01
4.000000e-06	5.357079e-06	1.032044e-09	3.721607e+01	6.933415e+01
4.010000e-06	5.345037e-06	1.028739e-09	3.713242e+01	6.927697e+01
4.020000e-06	5.332462e-06	1.064558e-09	3.704506e+01	6.921685e+01
4.030000e-06	5.319579e-06	1.074084e-09	3.695556e+01	6.915377e+01
4.040000e-06	5.306334e-06	1.036702e-09	3.686354e+01	6.908775e+01
4.050000e-06	5.292416e-06	1.005912e-09	3.676686e+01	6.901878e+01
4.060000e-06	5.277959e-06	1.032362e-09	3.666642e+01	6.894688e+01
4.070000e-06	5.263010e-06	1.056362e-09	3.656257e+01	6.887206e+01
4.080000e-06	5.247414e-06	1.027476e-09	3.645422e+01	6.879431e+01
4.090000e-06	5.231389e-06	9.903720e-10	3.634289e+01	6.871367e+01
4.100000e-06	5.215189e-06	1.061205e-09	3.623036e+01	6.863012e+01
4.110000e-06	5.198790e-06	1.063159e-09	3.611643e+01	6.854369e+01
4.120000e-06	5.182013e-06	9.764046e-10	3.599988e+01	6.845438e+01
4.130000e-06	5.164842e-06	9.847835e-10	3.588059e+01	6.836220e+01
4.140000e-06	5.147340e-06	1.105696e-09	3.575900e+01	6.826714e+01
4.150000e-06	5.129457e-06	1.019251e-09	3.563477e+01	6.816922e+01
4.160000e-06	5.111209e-06	9.534911e-10	3.550800e+01	6.806842e+01
4.170000e-06	5.092662e-06	1.066078e-09	3.537915e+01	6.796476e+01
4.180000e-06	5.073793e-06	1.087189e-09	3.524806e+01	6.785822e+01
4.190000e-06	5.054555e-06	9.320305e-10	3.511442e+01	6.774879e+01
4.200000e-06	5.035025e-06	1.013404e-09	3.497874e+01	6.763647e+01
4.210000e-06	5.015170e-06	1.100675e-09	3.484080e+01	6.752126e+01
4.220000e-06	4.995037e-06	9.643327e-10	3.470094e+01	6.740314e+01
4.230000e-06	4.974729e-06	9.540654e-10	3.455986e+01	6.728209e+01
4.240000e-06	4.954245e-06	1.117940e-09	3.441755e+01	6.715813e+01
4.250000e-06	4.933415e-06	1.019084e-09	3.427285e+01	6.703124e+01
4.260000e-06	4.911981e-06	9.272846e-10	3.412394e+01	6.690141e+01
4.270000e-06	4.889899e-06	1.073503e-09	3.397053e+01	6.676864e+01
4.280000e-06	4.867197e-06	1.065395e-09	3.381282e+01	6.663295e+01
4.290000e-06	4.843959e-06	9.267043e-10	3.365139e+01	6.649434e+01
4.300000e-06	4.820407e-06	1.028476e-09	3.348777e+01	6.635283e+01
4.310000e-06	4.796575e-06	1.082697e-09	3.332220e+01	6.620843e+01
4.320000e-06	4.772414e-06	9.525125e-10	3.315436e+01	6.606117e+01
4.330000e-06	4.747981e-06	9.842818e-10	3.298462e+01	6.591110e+01
4.340000e-06	4.723306e-06	1.069519e-09	3.281320e+01	6.575825e+01
4.350000e-06	4.698342e-06	9.801215e-10	3.263977e+01	6.560269e+01
4.360000e-06	4.673034e-06	9.634964e-10	3.246396e+01	6.544447e+01
4.370000e-06	4.647375e-06	1.046032e-09	3.228570e+01	6.528367e+01
4.380000e-06	4.621346e-06	9.906414e-10	3.210488e+01	6.512036e+01
4.390000e-06	4.594980e-06	9.560831e-10	3.192171e+01	6.495464e+01
4.400000e-06	4.568303e-06	1.016761e-09	3.173638e+01	6.478661e+01
4.410000e-06	4.541347e-06	9.989511e-10	3.154912e+01	6.461638e+01
4.420000e-06	4.514083e-06	9.501220e-10	3.135971e+01	6.444407e+01
4.430000e-06	4.486482e-06	9.978186e-10	3.116796e+01	6.426979e+01
4.440000e-06	4.458677e-06	9.980818e-10	3.097480e+01	6.409368e+01
4.450000e-06	4.430700e-06	9.578716e-10	3.078044e+01	6.391587e+01
4.460000e-06	4.402521e-06	9.727525e-10	3.058468e+01	6.373651e+01
4.470000e-06	4.374166e-06	9.918451e-10	3.038770e+01	6.355573e+01
4.480000e-06	4.345614e-06	9.546868e-10	3.018934e+01	6.337368e+01
4.490000e-06	4.316749e-06	9.619413e-10	2.998881e+01	6.319049e+01
4.500000e-06	4.287372e-06	9.783297e-10	2.978473e+01	6.300632e+01
4.510000e-06	4.257378e-06	9.568204e-10	2.957636e+01	6.282129e+01
4.520000e-06	4.226797e-06	9.431638e-10	2.936391e+01	6.263553e+01
4.530000e-06	4.195741e-06	9.694724e-10	2.914816e+01	6.244917e+01
4.540000e-06	4.164278e-06	9.569439e-10	2.892959e+01	6.226232e+01
4.550000e-06	4.132485e-06	9.381224e-10	2.870872e+01	6.207508e+01
4.560000e-06	4.100458e-06	9.570862e-10	2.848623e+01	6.188753e+01
4.570000e-06	4.068251e-06	9.665001e-10	2.826248e+01	6.169975e+01
4.580000e-06	4.035920e-06	9.416321e-10	2.803787e+01	6.151178e+01
4.590000e-06	4.003407e-06	9.479354e-10	2.781200e+01	6.132367e+01
4.600000e-06	3.970634e-06	9.593775e-10	2.758433e+01	6.113543e+01
4.610000e-06	3.937621e-06	9.357984e-10	2.735498e+01	6.094704e+01
4.620000e-06	3.904294e-06	9.276475e-10	2.712345e+01	6.075848e+01
4.630000e-06	3.870654e-06	9.434962e-10	2.688976e+01	6.056969e+01
4.640000e-06	3.836792e-06	9.325757e-10	2.665452e+01	6.038058e+01
4.650000e-06	3.802702e-06	9.151820e-10	2.641769e+01	6.019106e+01
4.660000e-06	3.768366e-06	9.312119e-10	2.617916e+01	6.000099e+01
4.670000e-06	3.733758e-06	9.292936e-10	2.593873e+01	5.981021e+01
4.680000e-06	3.698783e-06	9.123031e-10	2.569575e+01	5.961853e+01
4.690000e-06	3.663516e-06	9.134269e-10	2.545075e+01	5.942574e+01
4.700000e-06	3.628021e-06	9.198820e-10	2.520416e+01	5.923161e+01
4.710000e-06	3.592276e-06	9.043299e-10	2.495584e+01	5.903588e+01
4.720000e-06	3.556379e-06	9.053143e-10	2.470646e+01	5.883826e+01
4.730000e-06	3.520360e-06	9.170936e-10	2.445624e+01	5.863845e+01
4.740000e-06	3.484228e-06	9.116475e-10	2.420522e+01	5.843613e+01
4.750000e-06	3.447950e-06	8.977590e-10	2.395319e+01	5.823094e+01
4.760000e-06	3.411552e-06	9.014521e-10	2.370034e+01	5.802255e+01
4.770000e-06	3.374971e-06	8.955968e-10	2.344620e+01	5.781056e+01
4.780000e-06	3.338037e-06	8.855647e-10	2.318962e+01	5.759462e+01
4.790000e-06	3.300722e-06	8.908896e-10	2.293039e+01	5.737431e+01
4.800000e-06	3.263001e-06	8.990252e-10	2.266834e+01	5.714926e+01
4.810000e-06	3.224880e-06	8.918197e-10	2.240351e+01	5.691906e+01
4.820000e-06	3.186426e-06	8.895179e-10	2.213636e+01	5.668332e+01
4.830000e-06	3.147640e-06	8.886846e-10	2.186692e+01	5.644165e+01
4.840000e-06	3.108504e-06	8.781949e-10	2.159504e+01	5.619365e+01
4.850000e-06	3.069012e-06	8.673770e-10	2.132069e+01	5.593896e+01
4.860000e-06	3.029293e-06	8.667233e-10	2.104475e+01	5.567722e+01
4.870000e-06	2.989438e-06	8.654592e-10	2.076787e+01	5.540806e+01
4.880000e-06	2.949426e-06	8.603074e-10	2.048991e+01	5.513117e+01
4.890000e-06	2.909336e-06	8.578309e-10	2.021140e+01	5.484624e+01
4.900000e-06	2.869202e-06	8.536683e-10	1.993259e+01	5.455296e+01
4.910000e-06	2.828956e-06	8.456990e-10	1.965299e+01	5.425110e+01
4.920000e-06	2.788535e-06	8.424445e-10	1.937218e+01	5.394039e+01
4.930000e-06	2.747841e-06	8.419488e-10	1.908948e+01	5.362065e+01
4.940000e-06	2.706870e-06	8.365522e-10	1.880485e+01	5.329167e+01
4.950000e-06	2.665711e-06	8.333547e-10	1.851892e+01	5.295332e+01
4.960000e-06	2.624346e-06	8.306233e-10	1.823155e+01	5.260548e+01
4.970000e-06	2.582754e-06	8.249019e-10	1.794260e+01	5.224804e+01
4.980000e-06	2.540983e-06	8.178249e-10	1.765242e+01	5.188095e+01
4.990000e-06	2.499058e-06	8.153867e-10	1.736116e+01	5.150418e+01
5.000000e-06	2.457020e-06	8.115091e-10	1.706912e+01	5.111771e+01
5.010000e-06	2.414852e-06	8.073220e-10	1.677618e+01	5.072157e+01
5.020000e-06	2.372515e-06	8.043363e-10	1.648206e+01	5.031581e+01
5.030000e-06	2.330038e-06	8.017195e-10	1.618697e+01	4.990050e+01
5.040000e-06	2.287431e-06	7.941054e-10	1.589097e+01	4.947571e+01
5.050000e-06	2.244644e-06	7.867790e-10	1.559373e+01	4.904157e+01
5.060000e-06	2.201656e-06	7.810036e-10	1.529509e+01	4.859818e+01
5.070000e-06	2.158530e-06	7.797074e-10	1.499549e+01	4.814569e+01
5.080000e-06	2.115216e-06	7.778628e-10	1.469458e+01	4.768422e+01
5.090000e-06	2.071700e-06	7.739270e-10	1.439227e+01	4.721394e+01
5.100000e-06	2.028076e-06	7.667515e-10	1.408922e+01	4.673497e+01
5.110000e-06	1.984341e-06	7.600982e-10	1.378538e+01	4.624746e+01
5.120000e-06	1.940461e-06	7.528269e-10	1.348054e+01	4.575155e+01
5.130000e-06	1.896486e-06	7.443721e-10	1.317505e+01	4.524737e+01
5.140000e-06	1.852449e-06	7.365964e-10	1.286912e+01	4.473501e+01
5.150000e-06	1.808351e-06	7.324012e-10	1.256277e+01	4.421458e+01
5.160000e-06	1.764207e-06	7.274471e-10	1.225609e+01	4.368613e+01
5.170000e-06	1.719978e-06	7.209942e-10	1.194883e+01	4.314973e+01
5.180000e-06	1.675664e-06	7.157453e-10	1.164098e+01	4.260538e+01
5.190000e-06	1.631336e-06	7.066302e-10	1.133302e+01	4.205306e+01
5.200000e-06	1.586896e-06	6.975624e-10	1.102430e+01	4.149274e+01
5.210000e-06	1.542339e-06	6.880339e-10	1.071476e+01	4.092432e+01
5.220000e-06	1.497772e-06	6.789449e-10	1.040515e+01	4.034769e+01
5.230000e-06	1.453127e-06	6.688500e-10	1.009499e+01	3.976268e+01
5.240000e-06	1.408300e-06	6.593203e-10	9.783578e+00	3.916911e+01
5.250000e-06	1.363361e-06	6.502275e-10	9.471381e+00	3.856672e+01
5.260000e-06	1.318410e-06	6.389935e-10	9.159107e+00	3.795524e+01
5.270000e-06	1.273391e-06	6.289504e-10	8.846351e+00	3.733436e+01
5.280000e-06	1.228271e-06	6.204310e-10	8.532903e+00	3.670370e+01
5.290000e-06	1.182949e-06	6.114813e-10	8.218043e+00	3.606290e+01
5.300000e-06	1.137455e-06	5.995946e-10	7.901996e+00	3.541151e+01
5.310000e-06	1.091938e-06	5.866879e-10	7.585788e+00	3.474907e+01
5.320000e-06	1.046280e-06	5.757511e-10	7.268593e+00	3.407511e+01
5.330000e-06	1.000518e-06	5.646416e-10	6.950684e+00	3.338911e+01
5.340000e-06	9.547017e-07	5.556354e-10	6.632392e+00	3.269053e+01
5.350000e-06	9.087769e-07	5.480061e-10	6.313349e+00	3.197884e+01
5.360000e-06	8.627769e-07	5.389823e-10	5.993783e+00	3.125346e+01
5.370000e-06	8.167154e-07	5.272741e-10	5.673790e+00	3.051383e+01
5.380000e-06	7.705564e-07	5.156094e-10	5.353119e+00	2.975939e+01
5.390000e-06	7.243163e-07	5.028513e-10	5.031886e+00	2.898958e+01
5.400000e-06	6.781103e-07	4.883076e-10	4.710889e+00	2.820384e+01
5.410000e-06	6.319097e-07	4.752699e-10	4.389929e+00	2.740164e+01
5.420000e-06	5.855835e-07	4.653261e-10	4.068097e+00	2.658247e+01
5.430000e-06	5.391835e-07	4.527308e-10	3.745753e+00	2.574586e+01
5.440000e-06	4.928051e-07	4.379886e-10	3.423558e+00	2.489135e+01
5.450000e-06	4.463536e-07	4.265532e-10	3.100856e+00	2.401854e+01
5.460000e-06	3.998439e-07	4.156453e-10	2.777749e+00	2.312709e+01
5.470000e-06	3.532709e-07	4.001518e-10	2.454203e+00	2.221669e+01
5.480000e-06	3.067886e-07	3.835044e-10	2.131286e+00	2.128710e+01
5.490000e-06	2.604494e-07	3.697404e-10	1.809364e+00	2.033814e+01
5.500000e-06	2.140161e-07	3.588655e-10	1.486788e+00	1.936971e+01
5.510000e-06	1.674806e-07	3.483316e-10	1.163502e+00	1.838176e+01
5.520000e-06	1.208862e-07	3.359713e-10	8.398062e-01	1.737435e+01
5.530000e-06	7.431608e-08	3.211120e-10	5.162800e-01	1.634759e+01
5.540000e-06	2.779605e-08	3.034449e-10	1.931015e-01	1.530170e+01
5.550000e-06	-1.869266e-08	2.858623e-10	-1.298595e-01	1.423696e+01
5.560000e-06	-6.516353e-08	2.692140e-10	-4.526965e-01	1.315376e+01
5.570000e-06	-1.116899e-07	2.519960e-10	-7.759194e-01	1.205255e+01
5.580000e-06	-1.582689e-07	2.342949e-10	-1.099507e+00	1.093390e+01
5.590000e-06	-2.047670e-07	2.165198e-10	-1.422534e+00	9.798446e+00
5.600000e-06	-2.511645e-07	1.977590e-10	-1.744861e+00	8.646914e+00
5.610000e-06	-2.976101e-07	1.797403e-10	-2.067522e+00	7.480117e+00
5.620000e-06	-3.441197e-07	1.618857e-10	-2.390628e+00	6.298950e+00
5.630000e-06	-3.906449e-07	1.427415e-10	-2.713843e+00	5.104385e+00
5.640000e-06	-4.370081e-07	1.219299e-10	-3.035932e+00	3.897468e+00
5.650000e-06	-4.832957e-07	1.007564e-10	-3.357496e+00	2.679318e+00
5.660000e-06	-5.297238e-07	8.032479e-11	-3.680035e+00	1.451115e+00
5.670000e-06	-5.760649e-07	6.144591e-11	-4.001971e+00	2.141010e-01
5.680000e-06	-6.222818e-07	4.165875e-11	-4.323044e+00	-1.030429e+00
5.690000e-06	-6.684767e-07	2.100102e-11	-4.643964e+00	-2.281133e+00
5.700000e-06	-7.146650e-07	-1.450474e-13	-4.964837e+00	-3.536632e+00
5.710000e-06	-7.608229e-07	-2.315786e-11	-5.285500e+00	-4.795510e+00
5.720000e-06	-8.068358e-07	-4.689411e-11	-5.605156e+00	-6.056330e+00
5.730000e-06	-8.527998e-07	-6.913679e-11	-5.924472e+00	-7.317636e+00
5.740000e-06	-8.987246e-07	-8.941178e-11	-6.243515e+00	-8.577965e+00
5.750000e-06	-9.444826e-07	-1.092945e-10	-6.561399e+00	-9.835850e+00
5.760000e-06	-9.901195e-07	-1.310964e-10	-6.878443e+00	-1.108983e+01
5.770000e-06	-1.035780e-06	-1.534101e-10	-7.195647e+00	-1.233847e+01
5.780000e-06	-1.081388e-06	-1.739418e-10	-7.512494e+00	-1.358034e+01
5.790000e-06	-1.126800e-06	-1.932155e-10	-7.827974e+00	-1.481406e+01
5.800000e-06	-1.172083e-06	-2.107851e-10	-8.142562e+00	-1.603827e+01
5.810000e-06	-1.217259e-06	-2.271798e-10	-8.456401e+00	-1.725166e+01
5.820000e-06	-1.262304e-06	-2.448088e-10	-8.769330e+00	-1.845298e+01
5.830000e-06	-1.307267e-06	-2.626437e-10	-9.081693e+00	-1.964104e+01
5.840000e-06	-1.352110e-06	-2.817021e-10	-9.393223e+00	-2.081470e+01
5.850000e-06	-1.396858e-06	-3.043054e-10	-9.704090e+00	-2.197290e+01
5.860000e-06	-1.441533e-06	-3.267633e-10	-1.001445e+01	-2.311465e+01
5.870000e-06	-1.486120e-06	-3.461696e-10	-1.032420e+01	-2.423904e+01
5.880000e-06	-1.530715e-06	-3.618052e-10	-1.063400e+01	-2.534523e+01
5.890000e-06	-1.575255e-06	-3.760707e-10	-1.094343e+01	-2.643250e+01
5.900000e-06	-1.619680e-06	-3.895855e-10	-1.125205e+01	-2.750017e+01
5.910000e-06	-1.664003e-06	-4.048483e-10	-1.155997e+01	-2.854768e+01
5.920000e-06	-1.708220e-06	-4.218897e-10	-1.186714e+01	-2.957456e+01
5.930000e-06	-1.752337e-06	-4.403071e-10	-1.217363e+01	-3.058040e+01
5.940000e-06	-1.796421e-06	-4.590294e-10	-1.247989e+01	-3.156491e+01
5.950000e-06	-1.840491e-06	-4.760612e-10	-1.278605e+01	-3.252788e+01
5.960000e-06	-1.884485e-06	-4.902052e-10	-1.309168e+01	-3.346918e+01
5.970000e-06	-1.928365e-06	-5.048022e-10	-1.339651e+01	-3.438875e+01
5.980000e-06	-1.972111e-06	-5.216708e-10	-1.370042e+01	-3.528665e+01
5.990000e-06	-2.015712e-06	-5.364321e-10	-1.400332e+01	-3.616297e+01
6.000000e-06	-2.059201e-06	-5.493843e-10	-1.430544e+01	-3.701791e+01
6.010000e-06	-2.102639e-06	-5.654400e-10	-1.460721e+01	-3.785172e+01
6.020000e-06	-2.145936e-06	-5.813095e-10	-1.490800e+01	-3.866470e+01
6.030000e-06	-2.189008e-06	-5.934284e-10	-1.520722e+01	-3.945724e+01
6.040000e-06	-2.231904e-06	-6.063090e-10	-1.550523e+01	-4.022976e+01
6.050000e-06	-2.274604e-06	-6.210437e-10	-1.580187e+01	-4.098273e+01
6.060000e-06	-2.317127e-06	-6.387266e-10	-1.609727e+01	-4.171666e+01
6.070000e-06	-2.359515e-06	-6.566442e-10	-1.639175e+01	-4.243210e+01
6.080000e-06	-2.401679e-06	-6.727866e-10	-1.668466e+01	-4.312961e+01
6.090000e-06	-2.443650e-06	-6.835149e-10	-1.697624e+01	-4.380979e+01
6.100000e-06	-2.485510e-06	-6.924159e-10	-1.726704e+01	-4.447326e+01
6.110000e-06	-2.527194e-06	-7.008422e-10	-1.755663e+01	-4.512062e+01
6.120000e-06	-2.568649e-06	-7.093273e-10	-1.784462e+01	-4.575250e+01
6.130000e-06	-2.609956e-06	-7.212012e-10	-1.813158e+01	-4.636951e+01
6.140000e-06	-2.651166e-06	-7.346168e-10	-1.841787e+01	-4.697228e+01
6.150000e-06	-2.692221e-06	-7.475638e-10	-1.870309e+01	-4.756139e+01
6.160000e-06	-2.733062e-06	-7.599040e-10	-1.898681e+01	-4.813743e+01
6.170000e-06	-2.773695e-06	-7.729061e-10	-1.926909e+01	-4.870096e+01
6.180000e-06	-2.814171e-06	-7.858042e-10	-1.955028e+01	-4.925250e+01
6.190000e-06	-2.854556e-06	-7.947613e-10	-1.983084e+01	-4.979256e+01
6.200000e-06	-2.894852e-06	-8.022380e-10	-2.011078e+01	-5.032162e+01
6.210000e-06	-2.934971e-06	-8.113764e-10	-2.038949e+01	-5.084011e+01
6.220000e-06	-2.974883e-06	-8.199389e-10	-2.066676e+01	-5.134843e+01
6.230000e-06	-3.014703e-06	-8.286085e-10	-2.094340e+01	-5.184695e+01
6.240000e-06	-3.054411e-06	-8.367374e-10	-2.121925e+01	-5.233598e+01
6.250000e-06	-3.093770e-06	-8.472257e-10	-2.149268e+01	-5.281581e+01
6.260000e-06	-3.132790e-06	-8.590113e-10	-2.176376e+01	-5.328669e+01
6.270000e-06	-3.171413e-06	-8.666692e-10	-2.203207e+01	-5.374882e+01
6.280000e-06	-3.209662e-06	-8.692235e-10	-2.229779e+01	-5.420237e+01
6.290000e-06	-3.247643e-06	-8.725819e-10	-2.256165e+01	-5.464748e+01
6.300000e-06	-3.285323e-06	-8.760321e-10	-2.282341e+01	-5.508425e+01
6.310000e-06	-3.322627e-06	-8.795513e-10	-2.308257e+01	-5.551273e+01
6.320000e-06	-3.359549e-06	-8.857184e-10	-2.333907e+01	-5.593297e+01
6.330000e-06	-3.396212e-06	-8.948438e-10	-2.359377e+01	-5.634498e+01
6.340000e-06	-3.432636e-06	-9.037675e-10	-2.384681e+01	-5.674874e+01
6.350000e-06	-3.468915e-06	-9.080836e-10	-2.409884e+01	-5.714423e+01
6.360000e-06	-3.505065e-06	-9.095053e-10	-2.434998e+01	-5.753138e+01
6.370000e-06	-3.541051e-06	-9.133453e-10	-2.459998e+01	-5.791014e+01
6.380000e-06	-3.576893e-06	-9.184492e-10	-2.484897e+01	-5.828042e+01
6.390000e-06	-3.612542e-06	-9.230218e-10	-2.509663e+01	-5.864216e+01
6.400000e-06	-3.647899e-06	-9.291331e-10	-2.534226e+01	-5.899526e+01
6.410000e-06	-3.682937e-06	-9.374044e-10	-2.558567e+01	-5.933965e+01
6.420000e-06	-3.717697e-06	-9.459690e-10	-2.582715e+01	-5.967524e+01
6.430000e-06	-3.752237e-06	-9.523415e-10	-2.606710e+01	-6.000197e+01
6.440000e-06	-3.786495e-06	-9.566878e-10	-2.630510e+01	-6.031977e+01
6.450000e-06	-3.820479e-06	-9.591215e-10	-2.654118e+01	-6.062861e+01
6.460000e-06	-3.854230e-06	-9.609778e-10	-2.677566e+01	-6.092844e+01
6.470000e-06	-3.887651e-06	-9.642781e-10	-2.700783e+01	-6.121926e+01
6.480000e-06	-3.920805e-06	-9.709456e-10	-2.723816e+01	-6.150107e+01
6.490000e-06	-3.953699e-06	-9.778613e-10	-2.746668e+01	-6.177392e+01
6.500000e-06	-3.986326e-06	-9.820594e-10	-2.769334e+01	-6.203784e+01
6.510000e-06	-4.018752e-06	-9.843563e-10	-2.791861e+01	-6.229292e+01
6.520000e-06	-4.050988e-06	-9.859847e-10	-2.814255e+01	-6.253926e+01
6.530000e-06	-4.083049e-06	-9.872897e-10	-2.836528e+01	-6.277699e+01
6.540000e-06	-4.114833e-06	-9.886510e-10	-2.858609e+01	-6.300626e+01
6.550000e-06	-4.146257e-06	-9.897000e-10	-2.880440e+01	-6.322726e+01
6.560000e-06	-4.177268e-06	-9.926455e-10	-2.901983e+01	-6.344018e+01
6.570000e-06	-4.207865e-06	-9.986226e-10	-2.923239e+01	-6.364525e+01
6.580000e-06	-4.238035e-06	-1.005562e-09	-2.944198e+01	-6.384272e+01
6.590000e-06	-4.267710e-06	-1.010134e-09	-2.964814e+01	-6.403285e+01
6.600000e-06	-4.296988e-06	-1.012916e-09	-2.985153e+01	-6.421592e+01
6.610000e-06	-4.325870e-06	-1.014580e-09	-3.005218e+01	-6.439225e+01
6.620000e-06	-4.354401e-06	-1.013173e-09	-3.025039e+01	-6.456213e+01
6.630000e-06	-4.382759e-06	-1.012193e-09	-3.044740e+01	-6.472591e+01
6.640000e-06	-4.410945e-06	-1.015732e-09	-3.064320e+01	-6.488391e+01
6.650000e-06	-4.438942e-06	-1.021956e-09	-3.083770e+01	-6.503646e+01
6.660000e-06	-4.466696e-06	-1.028298e-09	-3.103051e+01	-6.518392e+01
6.670000e-06	-4.494067e-06	-1.034834e-09	-3.122066e+01	-6.532662e+01
6.680000e-06	-4.521068e-06	-1.039360e-09	-3.140824e+01	-6.546490e+01
6.690000e-06	-4.547748e-06	-1.040676e-09	-3.159358e+01	-6.559910e+01
6.700000e-06	-4.574136e-06	-1.041726e-09	-3.177690e+01	-6.572954e+01
6.710000e-06	-4.600193e-06	-1.042122e-09	-3.195793e+01	-6.585654e+01
6.720000e-06	-4.625874e-06	-1.043194e-09	-3.213633e+01	-6.598040e+01
6.730000e-06	-4.651128e-06	-1.045376e-09	-3.231177e+01	-6.610140e+01
6.740000e-06	-4.676088e-06	-1.047598e-09	-3.248517e+01	-6.621982e+01
6.750000e-06	-4.700903e-06	-1.048368e-09	-3.265756e+01	-6.633590e+01
6.760000e-06	-4.725474e-06	-1.048398e-09	-3.282826e+01	-6.644987e+01
6.770000e-06	-4.749754e-06	-1.048507e-09	-3.299694e+01	-6.656193e+01
6.780000e-06	-4.773722e-06	-1.048153e-09	-3.316345e+01	-6.667228e+01
6.790000e-06	-4.797428e-06	-1.049951e-09	-3.332814e+01	-6.678107e+01
6.800000e-06	-4.820843e-06	-1.052533e-09	-3.349080e+01	-6.688843e+01
6.810000e-06	-4.843883e-06	-1.055431e-09	-3.365086e+01	-6.699447e+01
6.820000e-06	-4.866412e-06	-1.056786e-09	-3.380737e+01	-6.709928e+01
6.830000e-06	-4.888335e-06	-1.056837e-09	-3.395967e+01	-6.720292e+01
6.840000e-06	-4.909744e-06	-1.057270e-09	-3.410840e+01	-6.730542e+01
6.850000e-06	-4.930748e-06	-1.058399e-09	-3.425432e+01	-6.740680e+01
6.860000e-06	-4.951422e-06	-1.058992e-09	-3.439794e+01	-6.750704e+01
6.870000e-06	-4.971864e-06	-1.057846e-09	-3.453996e+01	-6.760612e+01
6.880000e-06	-4.992103e-06	-1.057738e-09	-3.468056e+01	-6.770399e+01
6.890000e-06	-5.012049e-06	-1.060435e-09	-3.481912e+01	-6.780058e+01
6.900000e-06	-5.031631e-06	-1.064254e-09	-3.495516e+01	-6.789580e+01
6.910000e-06	-5.050852e-06	-1.066242e-09	-3.508869e+01	-6.798958e+01
6.920000e-06	-5.069750e-06	-1.065834e-09	-3.521998e+01	-6.808179e+01
6.930000e-06	-5.088335e-06	-1.063855e-09	-3.534909e+01	-6.817232e+01
6.940000e-06	-5.106571e-06	-1.061052e-09	-3.547577e+01	-6.826105e+01
6.950000e-06	-5.124430e-06	-1.060477e-09	-3.559985e+01	-6.834785e+01
6.960000e-06	-5.141947e-06	-1.062394e-09	-3.572154e+01	-6.843260e+01
6.970000e-06	-5.159100e-06	-1.064805e-09	-3.584070e+01	-6.851515e+01
6.980000e-06	-5.175910e-06	-1.069060e-09	-3.595748e+01	-6.859539e+01
6.990000e-06	-5.192456e-06	-1.073952e-09	-3.607242e+01	-6.867319e+01
7.000000e-06	-5.208782e-06	-1.075298e-09	-3.618585e+01	-6.874844e+01
7.010000e-06	-5.224807e-06	-1.073961e-09	-3.629717e+01	-6.882102e+01
7.020000e-06	-5.240437e-06	-1.071831e-09	-3.640575e+01	-6.889083e+01
7.030000e-06	-5.255574e-06	-1.068632e-09	-3.651091e+01	-6.895780e+01
7.040000e-06	-5.270102e-06	-1.065960e-09	-3.661184e+01	-6.902183e+01
7.050000e-06	-5.284037e-06	-1.066127e-09	-3.670865e+01	-6.908288e+01
7.060000e-06	-5.297433e-06	-1.068317e-09	-3.680171e+01	-6.914089e+01
7.070000e-06	-5.310354e-06	-1.070770e-09	-3.689148e+01	-6.919584e+01
7.080000e-06	-5.322910e-06	-1.073381e-09	-3.697870e+01	-6.924771e+01
7.090000e-06	-5.335085e-06	-1.075041e-09	-3.706328e+01	-6.929650e+01
7.100000e-06	-5.346837e-06	-1.074329e-09	-3.714492e+01	-6.934223e+01
7.110000e-06	-5.358187e-06	-1.072738e-09	-3.722377e+01	-6.938494e+01
7.120000e-06	-5.369103e-06	-1.071198e-09	-3.729961e+01	-6.942467e+01
7.130000e-06	-5.379648e-06	-1.068476e-09	-3.737286e+01	-6.946148e+01
7.140000e-06	-5.389895e-06	-1.066597e-09	-3.744405e+01	-6.949547e+01
7.150000e-06	-5.399745e-06	-1.065525e-09	-3.751248e+01	-6.952671e+01
7.160000e-06	-5.409224e-06	-1.063292e-09	-3.757833e+01	-6.955532e+01
7.170000e-06	-5.418323e-06	-1.062214e-09	-3.764154e+01	-6.958141e+01
7.180000e-06	-5.426969e-06	-1.064082e-09	-3.770161e+01	-6.960510e+01
7.190000e-06	-5.435340e-06	-1.064037e-09	-3.775976e+01	-6.962654e+01
7.200000e-06	-5.443527e-06	-1.063757e-09	-3.781664e+01	-6.964585e+01
7.210000e-06	-5.451448e-06	-1.064672e-09	-3.787166e+01	-6.966318e+01
7.220000e-06	-5.459079e-06	-1.064479e-09	-3.792468e+01	-6.967867e+01
7.230000e-06	-5.466259e-06	-1.065150e-09	-3.797456e+01	-6.969248e+01
7.240000e-06	-5.472710e-06	-1.065930e-09	-3.801937e+01	-6.970475e+01
7.250000e-06	-5.478488e-06	-1.067209e-09	-3.805951e+01	-6.971562e+01
7.260000e-06	-5.483808e-06	-1.069056e-09	-3.809647e+01	-6.972524e+01
7.270000e-06	-5.488734e-06	-1.071444e-09	-3.813069e+01	-6.973374e+01
7.280000e-06	-5.493302e-06	-1.074625e-09	-3.816242e+01	-6.974123e+01
7.290000e-06	-5.497624e-06	-1.075296e-09	-3.819245e+01	-6.974785e+01
7.300000e-06	-5.501701e-06	-1.073558e-09	-3.822077e+01	-6.975370e+01
7.310000e-06	-5.505412e-06	-1.072358e-09	-3.824655e+01	-6.975888e+01
7.320000e-06	-5.508684e-06	-1.070313e-09	-3.826929e+01	-6.976347e+01
7.330000e-06	-5.511566e-06	-1.067914e-09	-3.828931e+01	-6.976754e+01
7.340000e-06	-5.514093e-06	-1.068033e-09	-3.830686e+01	-6.977115e+01
7.350000e-06	-5.516284e-06	-1.068949e-09	-3.832209e+01	-6.977435e+01
7.360000e-06	-5.518093e-06	-1.068458e-09	-3.833466e+01	-6.977716e+01
7.370000e-06	-5.519529e-06	-1.068815e-09	-3.834463e+01	-6.977960e+01
7.380000e-06	-5.520702e-06	-1.068127e-09	-3.835278e+01	-6.978166e+01
7.390000e-06	-5.521492e-06	-1.065504e-09	-3.835827e+01	-6.978334e+01
7.400000e-06	-5.521923e-06	-1.063168e-09	-3.836126e+01	-6.978461e+01
