# Temperatura_=_-0.3
# Concentracion g/m^3_=_1620.0
# C_Vs_to_Am_M_A/Vsm_=_65563218390.804596
# pendiente_HvsI_1/m_=_3716.3
# ordenada_HvsI_A/m_=_1297.0
# frecuencia_Hz_=_135101.41774736866

Tiempo_(s)	Campo_(V.s)	Magnetizacion_(V.s)	Campo_(kA/m)	Magnetizacion_(A/m)
0.000000e+00	-5.517146e-06	-1.420869e-09	-3.836992e+01	-9.156632e+01
1.000000e-08	-5.517335e-06	-1.417819e-09	-3.837124e+01	-9.159347e+01
2.000000e-08	-5.517319e-06	-1.419503e-09	-3.837112e+01	-9.162064e+01
3.000000e-08	-5.516968e-06	-1.420657e-09	-3.836869e+01	-9.164768e+01
4.000000e-08	-5.516181e-06	-1.419507e-09	-3.836321e+01	-9.167442e+01
5.000000e-08	-5.514911e-06	-1.414465e-09	-3.835437e+01	-9.170068e+01
6.000000e-08	-5.512983e-06	-1.399540e-09	-3.834097e+01	-9.172625e+01
7.000000e-08	-5.510363e-06	-1.384540e-09	-3.832274e+01	-9.175090e+01
8.000000e-08	-5.507199e-06	-1.421587e-09	-3.830074e+01	-9.177442e+01
9.000000e-08	-5.503488e-06	-1.480162e-09	-3.827494e+01	-9.179654e+01
1.000000e-07	-5.499221e-06	-1.449521e-09	-3.824526e+01	-9.181701e+01
1.100000e-07	-5.494637e-06	-1.392938e-09	-3.821338e+01	-9.183557e+01
1.200000e-07	-5.489982e-06	-1.381102e-09	-3.818101e+01	-9.185194e+01
1.300000e-07	-5.485146e-06	-1.403214e-09	-3.814737e+01	-9.186585e+01
1.400000e-07	-5.479949e-06	-1.414460e-09	-3.811123e+01	-9.187702e+01
1.500000e-07	-5.474293e-06	-1.339981e-09	-3.807190e+01	-9.188520e+01
1.600000e-07	-5.468277e-06	-1.364436e-09	-3.803006e+01	-9.189009e+01
1.700000e-07	-5.461906e-06	-1.415332e-09	-3.798575e+01	-9.189144e+01
1.800000e-07	-5.455191e-06	-1.474352e-09	-3.793905e+01	-9.188900e+01
1.900000e-07	-5.448088e-06	-1.438875e-09	-3.788964e+01	-9.188252e+01
2.000000e-07	-5.440587e-06	-1.401020e-09	-3.783748e+01	-9.187175e+01
2.100000e-07	-5.432844e-06	-1.402988e-09	-3.778363e+01	-9.185648e+01
2.200000e-07	-5.424856e-06	-1.426558e-09	-3.772807e+01	-9.183650e+01
2.300000e-07	-5.416641e-06	-1.434051e-09	-3.767094e+01	-9.181162e+01
2.400000e-07	-5.408046e-06	-1.429358e-09	-3.761117e+01	-9.178166e+01
2.500000e-07	-5.398764e-06	-1.453976e-09	-3.754661e+01	-9.174645e+01
2.600000e-07	-5.388778e-06	-1.457347e-09	-3.747716e+01	-9.170587e+01
2.700000e-07	-5.378149e-06	-1.444869e-09	-3.740324e+01	-9.165977e+01
2.800000e-07	-5.366927e-06	-1.408168e-09	-3.732520e+01	-9.160807e+01
2.900000e-07	-5.355363e-06	-1.425218e-09	-3.724478e+01	-9.155068e+01
3.000000e-07	-5.343475e-06	-1.422929e-09	-3.716210e+01	-9.148753e+01
3.100000e-07	-5.331118e-06	-1.408508e-09	-3.707616e+01	-9.141857e+01
3.200000e-07	-5.318365e-06	-1.380133e-09	-3.698746e+01	-9.134378e+01
3.300000e-07	-5.305305e-06	-1.414303e-09	-3.689663e+01	-9.126315e+01
3.400000e-07	-5.291865e-06	-1.408493e-09	-3.680317e+01	-9.117668e+01
3.500000e-07	-5.278009e-06	-1.387524e-09	-3.670680e+01	-9.108440e+01
3.600000e-07	-5.263772e-06	-1.381644e-09	-3.660779e+01	-9.098634e+01
3.700000e-07	-5.249028e-06	-1.403734e-09	-3.650525e+01	-9.088256e+01
3.800000e-07	-5.233583e-06	-1.377096e-09	-3.639783e+01	-9.077313e+01
3.900000e-07	-5.217481e-06	-1.385730e-09	-3.628585e+01	-9.065812e+01
4.000000e-07	-5.200985e-06	-1.409478e-09	-3.617113e+01	-9.053763e+01
4.100000e-07	-5.184244e-06	-1.380950e-09	-3.605470e+01	-9.041176e+01
4.200000e-07	-5.167134e-06	-1.338083e-09	-3.593570e+01	-9.028061e+01
4.300000e-07	-5.149626e-06	-1.379409e-09	-3.581394e+01	-9.014431e+01
4.400000e-07	-5.131851e-06	-1.396563e-09	-3.569032e+01	-9.000297e+01
4.500000e-07	-5.113753e-06	-1.348170e-09	-3.556446e+01	-8.985672e+01
4.600000e-07	-5.095287e-06	-1.359528e-09	-3.543603e+01	-8.970570e+01
4.700000e-07	-5.076426e-06	-1.390827e-09	-3.530486e+01	-8.955002e+01
4.800000e-07	-5.057144e-06	-1.350653e-09	-3.517076e+01	-8.938984e+01
4.900000e-07	-5.037594e-06	-1.339180e-09	-3.503479e+01	-8.922528e+01
5.000000e-07	-5.017853e-06	-1.390952e-09	-3.489750e+01	-8.905648e+01
5.100000e-07	-4.997876e-06	-1.355963e-09	-3.475857e+01	-8.888356e+01
5.200000e-07	-4.977596e-06	-1.312569e-09	-3.461753e+01	-8.870666e+01
5.300000e-07	-4.957005e-06	-1.355439e-09	-3.447432e+01	-8.852591e+01
5.400000e-07	-4.936151e-06	-1.372112e-09	-3.432929e+01	-8.834142e+01
5.500000e-07	-4.914938e-06	-1.314673e-09	-3.418176e+01	-8.815331e+01
5.600000e-07	-4.893322e-06	-1.331802e-09	-3.403143e+01	-8.796170e+01
5.700000e-07	-4.871261e-06	-1.350857e-09	-3.387801e+01	-8.776670e+01
5.800000e-07	-4.848822e-06	-1.312440e-09	-3.372195e+01	-8.756840e+01
5.900000e-07	-4.826121e-06	-1.310423e-09	-3.356407e+01	-8.736690e+01
6.000000e-07	-4.803134e-06	-1.351293e-09	-3.340420e+01	-8.716229e+01
6.100000e-07	-4.779889e-06	-1.322246e-09	-3.324254e+01	-8.695466e+01
6.200000e-07	-4.756327e-06	-1.304506e-09	-3.307867e+01	-8.674409e+01
6.300000e-07	-4.732504e-06	-1.321348e-09	-3.291299e+01	-8.653064e+01
6.400000e-07	-4.708489e-06	-1.306662e-09	-3.274598e+01	-8.631439e+01
6.500000e-07	-4.684107e-06	-1.280361e-09	-3.257641e+01	-8.609538e+01
6.600000e-07	-4.659260e-06	-1.307260e-09	-3.240361e+01	-8.587369e+01
6.700000e-07	-4.634008e-06	-1.310626e-09	-3.222799e+01	-8.564935e+01
6.800000e-07	-4.608281e-06	-1.291065e-09	-3.204906e+01	-8.542240e+01
6.900000e-07	-4.581919e-06	-1.302773e-09	-3.186573e+01	-8.519290e+01
7.000000e-07	-4.555043e-06	-1.312393e-09	-3.167881e+01	-8.496086e+01
7.100000e-07	-4.527847e-06	-1.283117e-09	-3.148967e+01	-8.472631e+01
7.200000e-07	-4.500385e-06	-1.272882e-09	-3.129869e+01	-8.448928e+01
7.300000e-07	-4.472698e-06	-1.277448e-09	-3.110613e+01	-8.424979e+01
7.400000e-07	-4.444824e-06	-1.264667e-09	-3.091228e+01	-8.400783e+01
7.500000e-07	-4.416786e-06	-1.263336e-09	-3.071728e+01	-8.376342e+01
7.600000e-07	-4.388528e-06	-1.276472e-09	-3.052076e+01	-8.351656e+01
7.700000e-07	-4.359959e-06	-1.269229e-09	-3.032207e+01	-8.326724e+01
7.800000e-07	-4.331001e-06	-1.254923e-09	-3.012068e+01	-8.301545e+01
7.900000e-07	-4.301696e-06	-1.259886e-09	-2.991687e+01	-8.276118e+01
8.000000e-07	-4.272136e-06	-1.250326e-09	-2.971129e+01	-8.250439e+01
8.100000e-07	-4.242192e-06	-1.231786e-09	-2.950304e+01	-8.224506e+01
8.200000e-07	-4.211940e-06	-1.231130e-09	-2.929265e+01	-8.198315e+01
8.300000e-07	-4.181464e-06	-1.236705e-09	-2.908069e+01	-8.171862e+01
8.400000e-07	-4.150645e-06	-1.222583e-09	-2.886636e+01	-8.145141e+01
8.500000e-07	-4.119496e-06	-1.221614e-09	-2.864973e+01	-8.118147e+01
8.600000e-07	-4.088084e-06	-1.224571e-09	-2.843127e+01	-8.090872e+01
8.700000e-07	-4.056485e-06	-1.214199e-09	-2.821151e+01	-8.063310e+01
8.800000e-07	-4.024773e-06	-1.201830e-09	-2.799096e+01	-8.035451e+01
8.900000e-07	-3.992993e-06	-1.206041e-09	-2.776994e+01	-8.007287e+01
9.000000e-07	-3.961058e-06	-1.197736e-09	-2.754784e+01	-7.978807e+01
9.100000e-07	-3.928742e-06	-1.184335e-09	-2.732310e+01	-7.950000e+01
9.200000e-07	-3.896045e-06	-1.181758e-09	-2.709570e+01	-7.920854e+01
9.300000e-07	-3.863006e-06	-1.181998e-09	-2.686593e+01	-7.891355e+01
9.400000e-07	-3.829503e-06	-1.170184e-09	-2.663293e+01	-7.861490e+01
9.500000e-07	-3.795595e-06	-1.168638e-09	-2.639710e+01	-7.831243e+01
9.600000e-07	-3.761216e-06	-1.167688e-09	-2.615801e+01	-7.800600e+01
9.700000e-07	-3.726373e-06	-1.157761e-09	-2.591569e+01	-7.769543e+01
9.800000e-07	-3.691217e-06	-1.146395e-09	-2.567119e+01	-7.738056e+01
9.900000e-07	-3.655817e-06	-1.144000e-09	-2.542499e+01	-7.706119e+01
1.000000e-06	-3.620239e-06	-1.134787e-09	-2.517756e+01	-7.673713e+01
1.010000e-06	-3.584474e-06	-1.123842e-09	-2.492883e+01	-7.640820e+01
1.020000e-06	-3.548566e-06	-1.122924e-09	-2.467910e+01	-7.607420e+01
1.030000e-06	-3.512544e-06	-1.119719e-09	-2.442858e+01	-7.573491e+01
1.040000e-06	-3.476282e-06	-1.109825e-09	-2.417639e+01	-7.539013e+01
1.050000e-06	-3.439798e-06	-1.101848e-09	-2.392265e+01	-7.503965e+01
1.060000e-06	-3.403095e-06	-1.094726e-09	-2.366740e+01	-7.468326e+01
1.070000e-06	-3.366121e-06	-1.081465e-09	-2.341025e+01	-7.432075e+01
1.080000e-06	-3.328904e-06	-1.074118e-09	-2.315142e+01	-7.395190e+01
1.090000e-06	-3.291417e-06	-1.073407e-09	-2.289072e+01	-7.357650e+01
1.100000e-06	-3.253695e-06	-1.068807e-09	-2.262837e+01	-7.319436e+01
1.110000e-06	-3.215690e-06	-1.059301e-09	-2.236406e+01	-7.280527e+01
1.120000e-06	-3.177392e-06	-1.054279e-09	-2.209771e+01	-7.240904e+01
1.130000e-06	-3.138928e-06	-1.043956e-09	-2.183020e+01	-7.200549e+01
1.140000e-06	-3.100301e-06	-1.030496e-09	-2.156156e+01	-7.159443e+01
1.150000e-06	-3.061445e-06	-1.018179e-09	-2.129133e+01	-7.117570e+01
1.160000e-06	-3.022325e-06	-1.012135e-09	-2.101926e+01	-7.074914e+01
1.170000e-06	-2.983022e-06	-1.006043e-09	-2.074593e+01	-7.031461e+01
1.180000e-06	-2.943580e-06	-1.005175e-09	-2.047163e+01	-6.987197e+01
1.190000e-06	-2.903982e-06	-1.004718e-09	-2.019624e+01	-6.942111e+01
1.200000e-06	-2.864285e-06	-9.995782e-10	-1.992015e+01	-6.896191e+01
1.210000e-06	-2.824456e-06	-9.885719e-10	-1.964315e+01	-6.849429e+01
1.220000e-06	-2.784493e-06	-9.774050e-10	-1.936522e+01	-6.801816e+01
1.230000e-06	-2.744401e-06	-9.646299e-10	-1.908640e+01	-6.753345e+01
1.240000e-06	-2.704094e-06	-9.549242e-10	-1.880608e+01	-6.704013e+01
1.250000e-06	-2.663604e-06	-9.484760e-10	-1.852448e+01	-6.653814e+01
1.260000e-06	-2.622866e-06	-9.437192e-10	-1.824116e+01	-6.602745e+01
1.270000e-06	-2.581799e-06	-9.392344e-10	-1.795556e+01	-6.550807e+01
1.280000e-06	-2.540556e-06	-9.349266e-10	-1.766872e+01	-6.497997e+01
1.290000e-06	-2.498985e-06	-9.278561e-10	-1.737961e+01	-6.444316e+01
1.300000e-06	-2.457058e-06	-9.172168e-10	-1.708802e+01	-6.389765e+01
1.310000e-06	-2.414900e-06	-9.054391e-10	-1.679483e+01	-6.334347e+01
1.320000e-06	-2.372571e-06	-8.941933e-10	-1.650044e+01	-6.278063e+01
1.330000e-06	-2.329949e-06	-8.848923e-10	-1.620402e+01	-6.220916e+01
1.340000e-06	-2.286961e-06	-8.789764e-10	-1.590505e+01	-6.162908e+01
1.350000e-06	-2.243803e-06	-8.730967e-10	-1.560491e+01	-6.104042e+01
1.360000e-06	-2.200508e-06	-8.641583e-10	-1.530380e+01	-6.044319e+01
1.370000e-06	-2.157024e-06	-8.557011e-10	-1.500138e+01	-5.983741e+01
1.380000e-06	-2.113369e-06	-8.462309e-10	-1.469778e+01	-5.922308e+01
1.390000e-06	-2.069616e-06	-8.352236e-10	-1.439349e+01	-5.860020e+01
1.400000e-06	-2.025787e-06	-8.234361e-10	-1.408868e+01	-5.796873e+01
1.410000e-06	-1.981916e-06	-8.111789e-10	-1.378357e+01	-5.732866e+01
1.420000e-06	-1.937955e-06	-7.975011e-10	-1.347784e+01	-5.667991e+01
1.430000e-06	-1.893919e-06	-7.862662e-10	-1.317158e+01	-5.602242e+01
1.440000e-06	-1.849790e-06	-7.764900e-10	-1.286467e+01	-5.535610e+01
1.450000e-06	-1.805565e-06	-7.648847e-10	-1.255710e+01	-5.468081e+01
1.460000e-06	-1.761270e-06	-7.504685e-10	-1.224905e+01	-5.399643e+01
1.470000e-06	-1.716820e-06	-7.387800e-10	-1.193992e+01	-5.330276e+01
1.480000e-06	-1.672255e-06	-7.272830e-10	-1.162998e+01	-5.259962e+01
1.490000e-06	-1.627611e-06	-7.155408e-10	-1.131950e+01	-5.188678e+01
1.500000e-06	-1.582762e-06	-7.043329e-10	-1.100759e+01	-5.116398e+01
1.510000e-06	-1.537763e-06	-6.929475e-10	-1.069463e+01	-5.043093e+01
1.520000e-06	-1.492698e-06	-6.788429e-10	-1.038122e+01	-4.968731e+01
1.530000e-06	-1.447426e-06	-6.633054e-10	-1.006637e+01	-4.893279e+01
1.540000e-06	-1.402008e-06	-6.477734e-10	-9.750504e+00	-4.816699e+01
1.550000e-06	-1.356588e-06	-6.339334e-10	-9.434618e+00	-4.738951e+01
1.560000e-06	-1.311094e-06	-6.214928e-10	-9.118223e+00	-4.659992e+01
1.570000e-06	-1.265521e-06	-6.096601e-10	-8.801278e+00	-4.579779e+01
1.580000e-06	-1.219862e-06	-5.975212e-10	-8.483733e+00	-4.498265e+01
1.590000e-06	-1.174107e-06	-5.856027e-10	-8.165526e+00	-4.415400e+01
1.600000e-06	-1.128243e-06	-5.739890e-10	-7.846554e+00	-4.331135e+01
1.610000e-06	-1.082255e-06	-5.621481e-10	-7.526723e+00	-4.245418e+01
1.620000e-06	-1.036182e-06	-5.490859e-10	-7.206301e+00	-4.158199e+01
1.630000e-06	-9.900847e-07	-5.352800e-10	-6.885711e+00	-4.069424e+01
1.640000e-06	-9.439518e-07	-5.190484e-10	-6.564872e+00	-3.979041e+01
1.650000e-06	-8.976637e-07	-5.004770e-10	-6.242953e+00	-3.886998e+01
1.660000e-06	-8.513811e-07	-4.823133e-10	-5.921073e+00	-3.793245e+01
1.670000e-06	-8.051273e-07	-4.669522e-10	-5.599393e+00	-3.697732e+01
1.680000e-06	-7.588004e-07	-4.547657e-10	-5.277205e+00	-3.600412e+01
1.690000e-06	-7.124453e-07	-4.434685e-10	-4.954821e+00	-3.501239e+01
1.700000e-06	-6.660594e-07	-4.320185e-10	-4.632222e+00	-3.400172e+01
1.710000e-06	-6.195354e-07	-4.155350e-10	-4.308663e+00	-3.297171e+01
1.720000e-06	-5.729523e-07	-3.964244e-10	-3.984694e+00	-3.192203e+01
1.730000e-06	-5.264443e-07	-3.764768e-10	-3.661246e+00	-3.085237e+01
1.740000e-06	-4.799353e-07	-3.564807e-10	-3.337791e+00	-2.976246e+01
1.750000e-06	-4.333829e-07	-3.392630e-10	-3.014034e+00	-2.865212e+01
1.760000e-06	-3.867577e-07	-3.242817e-10	-2.689772e+00	-2.752121e+01
1.770000e-06	-3.400398e-07	-3.096811e-10	-2.364864e+00	-2.636962e+01
1.780000e-06	-2.931476e-07	-2.972973e-10	-2.038745e+00	-2.519737e+01
1.790000e-06	-2.462628e-07	-2.822727e-10	-1.712676e+00	-2.400448e+01
1.800000e-06	-1.994930e-07	-2.616512e-10	-1.387407e+00	-2.279110e+01
1.810000e-06	-1.526922e-07	-2.389799e-10	-1.061923e+00	-2.155741e+01
1.820000e-06	-1.059347e-07	-2.177195e-10	-7.367409e-01	-2.030370e+01
1.830000e-06	-5.918743e-08	-1.993466e-10	-4.116289e-01	-1.903031e+01
1.840000e-06	-1.233074e-08	-1.836715e-10	-8.575621e-02	-1.773767e+01
1.850000e-06	3.444789e-08	-1.693233e-10	2.395736e-01	-1.642630e+01
1.860000e-06	8.121078e-08	-1.552189e-10	5.647941e-01	-1.509678e+01
1.870000e-06	1.280515e-07	-1.390244e-10	8.905554e-01	-1.374977e+01
1.880000e-06	1.748044e-07	-1.210089e-10	1.215707e+00	-1.238602e+01
1.890000e-06	2.215576e-07	-1.017620e-10	1.540860e+00	-1.100635e+01
1.900000e-06	2.683620e-07	-8.174651e-11	1.866369e+00	-9.611650e+00
1.910000e-06	3.151371e-07	-6.181387e-11	2.191674e+00	-8.202873e+00
1.920000e-06	3.618523e-07	-4.320978e-11	2.516563e+00	-6.781048e+00
1.930000e-06	4.085354e-07	-2.634543e-11	2.841228e+00	-5.347263e+00
1.940000e-06	4.552152e-07	-9.968190e-12	3.165871e+00	-3.902665e+00
1.950000e-06	5.018557e-07	6.435060e-12	3.490240e+00	-2.448452e+00
1.960000e-06	5.484221e-07	2.434972e-11	3.814094e+00	-9.858708e-01
1.970000e-06	5.948786e-07	4.452928e-11	4.137184e+00	4.837900e-01
1.980000e-06	6.412984e-07	6.624186e-11	4.460017e+00	1.959206e+00
1.990000e-06	6.877093e-07	8.703050e-11	4.782790e+00	3.439022e+00
2.000000e-06	7.340264e-07	1.074994e-10	5.104910e+00	4.921862e+00
2.010000e-06	7.803061e-07	1.269609e-10	5.426770e+00	6.406330e+00
2.020000e-06	8.265653e-07	1.472610e-10	5.748487e+00	7.891025e+00
2.030000e-06	8.727684e-07	1.680972e-10	6.069815e+00	9.374538e+00
2.040000e-06	9.188565e-07	1.888977e-10	6.390343e+00	1.085547e+01
2.050000e-06	9.647664e-07	2.097308e-10	6.709630e+00	1.233243e+01
2.060000e-06	1.010649e-06	2.312247e-10	7.028727e+00	1.380403e+01
2.070000e-06	1.056545e-06	2.518096e-10	7.347921e+00	1.526895e+01
2.080000e-06	1.102380e-06	2.710419e-10	7.666687e+00	1.672585e+01
2.090000e-06	1.148173e-06	2.898493e-10	7.985165e+00	1.817345e+01
2.100000e-06	1.193928e-06	3.099552e-10	8.303372e+00	1.961053e+01
2.110000e-06	1.239554e-06	3.315476e-10	8.620690e+00	2.103589e+01
2.120000e-06	1.285005e-06	3.536404e-10	8.936787e+00	2.244839e+01
2.130000e-06	1.330369e-06	3.740555e-10	9.252277e+00	2.384696e+01
2.140000e-06	1.375714e-06	3.910244e-10	9.567634e+00	2.523059e+01
2.150000e-06	1.420950e-06	4.066729e-10	9.882239e+00	2.659834e+01
2.160000e-06	1.466112e-06	4.243142e-10	1.019632e+01	2.794932e+01
2.170000e-06	1.511186e-06	4.453853e-10	1.050980e+01	2.928274e+01
2.180000e-06	1.556078e-06	4.657384e-10	1.082201e+01	3.059787e+01
2.190000e-06	1.600812e-06	4.842200e-10	1.113312e+01	3.189405e+01
2.200000e-06	1.645450e-06	5.011061e-10	1.144356e+01	3.317071e+01
2.210000e-06	1.689987e-06	5.175882e-10	1.175330e+01	3.442736e+01
2.220000e-06	1.734383e-06	5.346375e-10	1.206206e+01	3.566359e+01
2.230000e-06	1.778700e-06	5.512176e-10	1.237027e+01	3.687905e+01
2.240000e-06	1.822889e-06	5.669782e-10	1.267759e+01	3.807347e+01
2.250000e-06	1.866943e-06	5.816020e-10	1.298397e+01	3.924668e+01
2.260000e-06	1.910892e-06	5.959876e-10	1.328962e+01	4.039855e+01
2.270000e-06	1.954768e-06	6.120782e-10	1.359476e+01	4.152904e+01
2.280000e-06	1.998610e-06	6.279029e-10	1.389967e+01	4.263816e+01
2.290000e-06	2.042416e-06	6.416734e-10	1.420433e+01	4.372600e+01
2.300000e-06	2.086172e-06	6.549071e-10	1.450863e+01	4.479269e+01
2.310000e-06	2.129826e-06	6.703500e-10	1.481224e+01	4.583844e+01
2.320000e-06	2.173401e-06	6.859528e-10	1.511528e+01	4.686349e+01
2.330000e-06	2.216902e-06	7.006818e-10	1.541782e+01	4.786813e+01
2.340000e-06	2.260247e-06	7.149498e-10	1.571927e+01	4.885268e+01
2.350000e-06	2.303408e-06	7.285635e-10	1.601944e+01	4.981752e+01
2.360000e-06	2.346329e-06	7.421573e-10	1.631794e+01	5.076304e+01
2.370000e-06	2.388836e-06	7.551451e-10	1.661356e+01	5.168966e+01
2.380000e-06	2.431020e-06	7.664885e-10	1.690694e+01	5.259782e+01
2.390000e-06	2.473008e-06	7.777392e-10	1.719895e+01	5.348798e+01
2.400000e-06	2.514634e-06	7.898619e-10	1.748845e+01	5.436059e+01
2.410000e-06	2.555874e-06	8.036359e-10	1.777526e+01	5.521614e+01
2.420000e-06	2.596814e-06	8.181744e-10	1.805998e+01	5.605508e+01
2.430000e-06	2.637524e-06	8.312243e-10	1.834310e+01	5.687788e+01
2.440000e-06	2.678042e-06	8.432977e-10	1.862489e+01	5.768501e+01
2.450000e-06	2.718348e-06	8.564335e-10	1.890521e+01	5.847690e+01
2.460000e-06	2.758452e-06	8.696546e-10	1.918412e+01	5.925399e+01
2.470000e-06	2.798418e-06	8.815051e-10	1.946207e+01	6.001668e+01
2.480000e-06	2.838315e-06	8.926206e-10	1.973954e+01	6.076538e+01
2.490000e-06	2.878094e-06	9.020696e-10	2.001619e+01	6.150044e+01
2.500000e-06	2.917786e-06	9.115992e-10	2.029223e+01	6.222220e+01
2.510000e-06	2.957379e-06	9.215135e-10	2.056759e+01	6.293099e+01
2.520000e-06	2.996716e-06	9.315768e-10	2.084117e+01	6.362709e+01
2.530000e-06	3.035804e-06	9.422370e-10	2.111301e+01	6.431076e+01
2.540000e-06	3.074724e-06	9.526467e-10	2.138368e+01	6.498223e+01
2.550000e-06	3.113470e-06	9.621229e-10	2.165315e+01	6.564172e+01
2.560000e-06	3.151943e-06	9.718269e-10	2.192072e+01	6.628938e+01
2.570000e-06	3.190135e-06	9.816715e-10	2.218633e+01	6.692538e+01
2.580000e-06	3.228136e-06	9.892077e-10	2.245062e+01	6.754984e+01
2.590000e-06	3.265981e-06	9.937478e-10	2.271381e+01	6.816287e+01
2.600000e-06	3.303628e-06	9.990583e-10	2.297563e+01	6.876453e+01
2.610000e-06	3.341014e-06	1.007661e-09	2.323565e+01	6.935490e+01
2.620000e-06	3.378117e-06	1.018854e-09	2.349369e+01	6.993402e+01
2.630000e-06	3.414925e-06	1.031118e-09	2.374967e+01	7.050192e+01
2.640000e-06	3.451501e-06	1.040500e-09	2.400405e+01	7.105862e+01
2.650000e-06	3.487827e-06	1.047025e-09	2.425668e+01	7.160412e+01
2.660000e-06	3.523859e-06	1.053043e-09	2.450727e+01	7.213844e+01
2.670000e-06	3.559767e-06	1.058189e-09	2.475700e+01	7.266157e+01
2.680000e-06	3.595639e-06	1.062925e-09	2.500648e+01	7.317352e+01
2.690000e-06	3.631421e-06	1.069508e-09	2.525533e+01	7.367429e+01
2.700000e-06	3.667009e-06	1.079676e-09	2.550283e+01	7.416389e+01
2.710000e-06	3.702409e-06	1.090274e-09	2.574903e+01	7.464233e+01
2.720000e-06	3.737558e-06	1.100066e-09	2.599347e+01	7.510965e+01
2.730000e-06	3.772259e-06	1.108882e-09	2.623481e+01	7.556588e+01
2.740000e-06	3.806530e-06	1.114832e-09	2.647315e+01	7.601109e+01
2.750000e-06	3.840359e-06	1.118577e-09	2.670842e+01	7.644533e+01
2.760000e-06	3.873638e-06	1.122355e-09	2.693986e+01	7.686870e+01
2.770000e-06	3.906415e-06	1.128640e-09	2.716782e+01	7.728131e+01
2.780000e-06	3.938858e-06	1.136193e-09	2.739345e+01	7.768329e+01
2.790000e-06	3.971012e-06	1.144619e-09	2.761707e+01	7.807479e+01
2.800000e-06	4.002928e-06	1.154625e-09	2.783904e+01	7.845597e+01
2.810000e-06	4.034772e-06	1.163656e-09	2.806050e+01	7.882703e+01
2.820000e-06	4.066519e-06	1.169659e-09	2.828129e+01	7.918818e+01
2.830000e-06	4.098104e-06	1.172509e-09	2.850095e+01	7.953965e+01
2.840000e-06	4.129450e-06	1.172595e-09	2.871896e+01	7.988169e+01
2.850000e-06	4.160564e-06	1.174175e-09	2.893534e+01	8.021457e+01
2.860000e-06	4.191402e-06	1.180225e-09	2.914981e+01	8.053858e+01
2.870000e-06	4.221735e-06	1.186950e-09	2.936077e+01	8.085401e+01
2.880000e-06	4.251656e-06	1.192637e-09	2.956885e+01	8.116119e+01
2.890000e-06	4.281403e-06	1.201220e-09	2.977574e+01	8.146042e+01
2.900000e-06	4.310870e-06	1.209244e-09	2.998067e+01	8.175205e+01
2.910000e-06	4.339978e-06	1.215883e-09	3.018311e+01	8.203641e+01
2.920000e-06	4.368864e-06	1.220191e-09	3.038400e+01	8.231385e+01
2.930000e-06	4.397454e-06	1.218216e-09	3.058283e+01	8.258470e+01
2.940000e-06	4.425733e-06	1.216149e-09	3.077950e+01	8.284930e+01
2.950000e-06	4.453750e-06	1.218848e-09	3.097436e+01	8.310800e+01
2.960000e-06	4.481578e-06	1.228521e-09	3.116789e+01	8.336111e+01
2.970000e-06	4.509311e-06	1.239552e-09	3.136077e+01	8.360897e+01
2.980000e-06	4.536854e-06	1.249135e-09	3.155231e+01	8.385187e+01
2.990000e-06	4.564136e-06	1.253384e-09	3.174205e+01	8.409010e+01
3.000000e-06	4.590983e-06	1.250858e-09	3.192877e+01	8.432396e+01
3.010000e-06	4.617233e-06	1.246537e-09	3.211133e+01	8.455368e+01
3.020000e-06	4.642895e-06	1.244532e-09	3.228979e+01	8.477951e+01
3.030000e-06	4.667986e-06	1.247129e-09	3.246429e+01	8.500166e+01
3.040000e-06	4.692561e-06	1.253429e-09	3.263521e+01	8.522033e+01
3.050000e-06	4.716772e-06	1.262404e-09	3.280358e+01	8.543567e+01
3.060000e-06	4.740775e-06	1.271206e-09	3.297052e+01	8.564783e+01
3.070000e-06	4.764520e-06	1.276035e-09	3.313565e+01	8.585693e+01
3.080000e-06	4.787999e-06	1.275210e-09	3.329895e+01	8.606305e+01
3.090000e-06	4.811177e-06	1.272066e-09	3.346014e+01	8.626626e+01
3.100000e-06	4.833974e-06	1.270431e-09	3.361869e+01	8.646659e+01
3.110000e-06	4.856410e-06	1.271339e-09	3.377472e+01	8.666405e+01
3.120000e-06	4.878499e-06	1.273012e-09	3.392834e+01	8.685863e+01
3.130000e-06	4.900217e-06	1.276335e-09	3.407938e+01	8.705030e+01
3.140000e-06	4.921601e-06	1.281799e-09	3.422811e+01	8.723900e+01
3.150000e-06	4.942758e-06	1.287009e-09	3.437525e+01	8.742465e+01
3.160000e-06	4.963558e-06	1.292186e-09	3.451990e+01	8.760716e+01
3.170000e-06	4.983927e-06	1.297304e-09	3.466156e+01	8.778640e+01
3.180000e-06	5.004023e-06	1.300003e-09	3.480132e+01	8.796227e+01
3.190000e-06	5.023925e-06	1.299617e-09	3.493973e+01	8.813462e+01
3.200000e-06	5.043639e-06	1.297504e-09	3.507683e+01	8.830331e+01
3.210000e-06	5.063163e-06	1.296049e-09	3.521262e+01	8.846818e+01
3.220000e-06	5.082381e-06	1.296848e-09	3.534628e+01	8.862909e+01
3.230000e-06	5.101218e-06	1.302915e-09	3.547728e+01	8.878587e+01
3.240000e-06	5.119612e-06	1.310261e-09	3.560521e+01	8.893836e+01
3.250000e-06	5.137540e-06	1.315108e-09	3.572989e+01	8.908643e+01
3.260000e-06	5.155023e-06	1.313923e-09	3.585147e+01	8.922993e+01
3.270000e-06	5.172116e-06	1.307842e-09	3.597036e+01	8.936872e+01
3.280000e-06	5.189019e-06	1.304534e-09	3.608790e+01	8.950268e+01
3.290000e-06	5.205680e-06	1.305830e-09	3.620377e+01	8.963171e+01
3.300000e-06	5.221908e-06	1.310280e-09	3.631664e+01	8.975571e+01
3.310000e-06	5.237518e-06	1.315998e-09	3.642520e+01	8.987461e+01
3.320000e-06	5.252552e-06	1.321266e-09	3.652976e+01	8.998836e+01
3.330000e-06	5.267160e-06	1.324222e-09	3.663135e+01	9.009691e+01
3.340000e-06	5.281436e-06	1.324637e-09	3.673064e+01	9.020027e+01
3.350000e-06	5.295426e-06	1.323302e-09	3.682793e+01	9.029843e+01
3.360000e-06	5.309134e-06	1.321103e-09	3.692327e+01	9.039144e+01
3.370000e-06	5.322490e-06	1.320040e-09	3.701615e+01	9.047935e+01
3.380000e-06	5.335274e-06	1.323226e-09	3.710506e+01	9.056225e+01
3.390000e-06	5.347650e-06	1.330173e-09	3.719113e+01	9.064023e+01
3.400000e-06	5.359723e-06	1.334730e-09	3.727510e+01	9.071342e+01
3.410000e-06	5.371470e-06	1.336674e-09	3.735679e+01	9.078197e+01
3.420000e-06	5.382833e-06	1.337753e-09	3.743582e+01	9.084606e+01
3.430000e-06	5.393651e-06	1.337647e-09	3.751105e+01	9.090586e+01
3.440000e-06	5.403930e-06	1.337717e-09	3.758254e+01	9.096159e+01
3.450000e-06	5.413580e-06	1.338723e-09	3.764966e+01	9.101346e+01
3.460000e-06	5.422615e-06	1.341519e-09	3.771249e+01	9.106171e+01
3.470000e-06	5.431156e-06	1.343807e-09	3.777189e+01	9.110660e+01
3.480000e-06	5.439279e-06	1.346296e-09	3.782838e+01	9.114837e+01
3.490000e-06	5.447157e-06	1.348997e-09	3.788317e+01	9.118730e+01
3.500000e-06	5.454802e-06	1.351078e-09	3.793634e+01	9.122364e+01
3.510000e-06	5.462160e-06	1.352393e-09	3.798751e+01	9.125768e+01
3.520000e-06	5.469183e-06	1.354005e-09	3.803636e+01	9.128968e+01
3.530000e-06	5.475766e-06	1.355483e-09	3.808214e+01	9.131990e+01
3.540000e-06	5.481877e-06	1.355055e-09	3.812464e+01	9.134862e+01
3.550000e-06	5.487618e-06	1.354708e-09	3.816456e+01	9.137608e+01
3.560000e-06	5.493052e-06	1.355224e-09	3.820236e+01	9.140252e+01
3.570000e-06	5.498152e-06	1.357698e-09	3.823782e+01	9.142818e+01
3.580000e-06	5.502850e-06	1.361026e-09	3.827050e+01	9.145326e+01
3.590000e-06	5.507171e-06	1.361255e-09	3.830055e+01	9.147797e+01
3.600000e-06	5.511260e-06	1.360668e-09	3.832898e+01	9.150248e+01
3.610000e-06	5.515139e-06	1.361184e-09	3.835596e+01	9.152694e+01
3.620000e-06	5.518822e-06	1.361372e-09	3.838158e+01	9.155149e+01
3.630000e-06	5.522127e-06	1.363401e-09	3.840456e+01	9.157625e+01
3.640000e-06	5.524847e-06	1.365455e-09	3.842348e+01	9.160128e+01
3.650000e-06	5.526945e-06	1.367836e-09	3.843807e+01	9.162666e+01
3.660000e-06	5.528416e-06	1.370887e-09	3.844830e+01	9.165241e+01
3.670000e-06	5.529383e-06	1.370712e-09	3.845503e+01	9.167855e+01
3.680000e-06	5.529936e-06	1.368916e-09	3.845887e+01	9.170505e+01
3.690000e-06	5.530098e-06	1.366688e-09	3.846000e+01	9.173186e+01
3.700000e-06	5.529947e-06	1.367981e-09	3.845894e+01	9.175892e+01
3.710000e-06	5.529511e-06	1.372290e-09	3.845591e+01	9.178613e+01
3.720000e-06	5.528760e-06	1.374452e-09	3.845069e+01	9.181336e+01
3.730000e-06	5.527558e-06	1.372853e-09	3.844233e+01	9.184048e+01
3.740000e-06	5.525955e-06	1.371423e-09	3.843118e+01	9.186731e+01
3.750000e-06	5.524039e-06	1.377683e-09	3.841786e+01	9.189368e+01
3.760000e-06	5.521821e-06	1.402809e-09	3.840244e+01	9.191937e+01
3.770000e-06	5.519332e-06	1.393846e-09	3.838512e+01	9.194418e+01
3.780000e-06	5.516328e-06	1.314947e-09	3.836423e+01	9.196786e+01
3.790000e-06	5.512763e-06	1.306873e-09	3.833944e+01	9.199017e+01
3.800000e-06	5.508794e-06	1.368663e-09	3.831184e+01	9.201085e+01
3.810000e-06	5.504567e-06	1.399426e-09	3.828244e+01	9.202963e+01
3.820000e-06	5.500265e-06	1.402632e-09	3.825252e+01	9.204626e+01
3.830000e-06	5.495728e-06	1.352625e-09	3.822097e+01	9.206044e+01
3.840000e-06	5.490613e-06	1.411437e-09	3.818540e+01	9.207192e+01
3.850000e-06	5.484927e-06	1.435087e-09	3.814585e+01	9.208041e+01
3.860000e-06	5.478819e-06	1.340881e-09	3.810337e+01	9.208565e+01
3.870000e-06	5.472299e-06	1.278685e-09	3.805803e+01	9.208737e+01
3.880000e-06	5.465246e-06	1.347147e-09	3.800897e+01	9.208532e+01
3.890000e-06	5.457726e-06	1.469679e-09	3.795667e+01	9.207924e+01
3.900000e-06	5.449859e-06	1.418822e-09	3.790196e+01	9.206890e+01
3.910000e-06	5.441618e-06	1.349927e-09	3.784465e+01	9.205407e+01
3.920000e-06	5.432955e-06	1.346034e-09	3.778440e+01	9.203456e+01
3.930000e-06	5.423949e-06	1.401008e-09	3.772177e+01	9.201015e+01
3.940000e-06	5.414696e-06	1.364243e-09	3.765742e+01	9.198068e+01
3.950000e-06	5.405052e-06	1.331169e-09	3.759035e+01	9.194598e+01
3.960000e-06	5.394964e-06	1.356405e-09	3.752018e+01	9.190590e+01
3.970000e-06	5.384595e-06	1.405582e-09	3.744807e+01	9.186034e+01
3.980000e-06	5.373881e-06	1.399823e-09	3.737356e+01	9.180917e+01
3.990000e-06	5.362683e-06	1.371207e-09	3.729568e+01	9.175232e+01
4.000000e-06	5.351086e-06	1.376220e-09	3.721503e+01	9.168971e+01
4.010000e-06	5.339141e-06	1.380993e-09	3.713196e+01	9.162130e+01
4.020000e-06	5.326712e-06	1.341233e-09	3.704552e+01	9.154705e+01
4.030000e-06	5.313767e-06	1.308226e-09	3.695548e+01	9.146697e+01
4.040000e-06	5.300388e-06	1.366450e-09	3.686244e+01	9.138105e+01
4.050000e-06	5.286558e-06	1.395770e-09	3.676625e+01	9.128931e+01
4.060000e-06	5.272193e-06	1.339356e-09	3.666636e+01	9.119179e+01
4.070000e-06	5.257270e-06	1.298337e-09	3.656257e+01	9.108855e+01
4.080000e-06	5.241834e-06	1.364368e-09	3.645521e+01	9.097964e+01
4.090000e-06	5.225963e-06	1.358808e-09	3.634484e+01	9.086516e+01
4.100000e-06	5.209765e-06	1.311338e-09	3.623219e+01	9.074518e+01
4.110000e-06	5.193287e-06	1.334857e-09	3.611759e+01	9.061982e+01
4.120000e-06	5.176554e-06	1.373282e-09	3.600122e+01	9.048917e+01
4.130000e-06	5.159428e-06	1.316407e-09	3.588211e+01	9.035335e+01
4.140000e-06	5.141890e-06	1.330562e-09	3.576014e+01	9.021249e+01
4.150000e-06	5.124023e-06	1.382347e-09	3.563588e+01	9.006670e+01
4.160000e-06	5.105739e-06	1.326179e-09	3.550872e+01	8.991613e+01
4.170000e-06	5.087075e-06	1.284877e-09	3.537892e+01	8.976090e+01
4.180000e-06	5.068127e-06	1.370201e-09	3.524714e+01	8.960115e+01
4.190000e-06	5.048813e-06	1.356945e-09	3.511282e+01	8.943701e+01
4.200000e-06	5.029164e-06	1.285186e-09	3.497617e+01	8.926861e+01
4.210000e-06	5.009331e-06	1.348260e-09	3.483824e+01	8.909610e+01
4.220000e-06	4.989319e-06	1.371919e-09	3.469906e+01	8.891959e+01
4.230000e-06	4.969017e-06	1.272686e-09	3.455787e+01	8.873921e+01
4.240000e-06	4.948430e-06	1.301027e-09	3.441469e+01	8.855509e+01
4.250000e-06	4.927522e-06	1.383163e-09	3.426928e+01	8.836734e+01
4.260000e-06	4.906095e-06	1.307715e-09	3.412027e+01	8.817608e+01
4.270000e-06	4.884070e-06	1.279199e-09	3.396709e+01	8.798142e+01
4.280000e-06	4.861451e-06	1.358674e-09	3.380978e+01	8.778345e+01
4.290000e-06	4.838288e-06	1.332733e-09	3.364869e+01	8.758227e+01
4.300000e-06	4.814687e-06	1.276986e-09	3.348455e+01	8.737798e+01
4.310000e-06	4.790766e-06	1.328487e-09	3.331819e+01	8.717066e+01
4.320000e-06	4.766633e-06	1.319584e-09	3.315035e+01	8.696039e+01
4.330000e-06	4.742248e-06	1.274404e-09	3.298077e+01	8.674724e+01
4.340000e-06	4.717643e-06	1.317488e-09	3.280964e+01	8.653128e+01
4.350000e-06	4.692785e-06	1.338548e-09	3.263677e+01	8.631256e+01
4.360000e-06	4.667482e-06	1.281661e-09	3.246079e+01	8.609115e+01
4.370000e-06	4.641851e-06	1.291738e-09	3.228254e+01	8.586709e+01
4.380000e-06	4.616036e-06	1.314675e-09	3.210300e+01	8.564042e+01
4.390000e-06	4.589863e-06	1.283009e-09	3.192098e+01	8.541119e+01
4.400000e-06	4.563279e-06	1.279348e-09	3.173609e+01	8.517942e+01
4.410000e-06	4.536316e-06	1.308158e-09	3.154857e+01	8.494515e+01
4.420000e-06	4.509012e-06	1.283207e-09	3.135869e+01	8.470839e+01
4.430000e-06	4.481509e-06	1.267828e-09	3.116741e+01	8.446915e+01
4.440000e-06	4.453782e-06	1.290744e-09	3.097458e+01	8.422747e+01
4.450000e-06	4.425815e-06	1.285794e-09	3.078007e+01	8.398332e+01
4.460000e-06	4.397666e-06	1.261068e-09	3.058431e+01	8.373673e+01
4.470000e-06	4.369350e-06	1.270170e-09	3.038738e+01	8.348767e+01
4.480000e-06	4.340767e-06	1.271632e-09	3.018860e+01	8.323615e+01
4.490000e-06	4.311833e-06	1.253749e-09	2.998737e+01	8.298215e+01
4.500000e-06	4.282458e-06	1.258995e-09	2.978307e+01	8.272563e+01
4.510000e-06	4.252527e-06	1.269861e-09	2.957491e+01	8.246657e+01
4.520000e-06	4.222064e-06	1.248455e-09	2.936305e+01	8.220494e+01
4.530000e-06	4.191108e-06	1.240109e-09	2.914777e+01	8.194069e+01
4.540000e-06	4.159686e-06	1.256522e-09	2.892924e+01	8.167377e+01
4.550000e-06	4.127944e-06	1.245658e-09	2.870848e+01	8.140412e+01
4.560000e-06	4.096027e-06	1.228146e-09	2.848651e+01	8.113167e+01
4.570000e-06	4.063973e-06	1.236793e-09	2.826358e+01	8.085635e+01
4.580000e-06	4.031751e-06	1.237449e-09	2.803949e+01	8.057808e+01
4.590000e-06	3.999324e-06	1.221851e-09	2.781397e+01	8.029675e+01
4.600000e-06	3.966636e-06	1.227552e-09	2.758664e+01	8.001228e+01
4.610000e-06	3.933611e-06	1.230531e-09	2.735696e+01	7.972455e+01
4.620000e-06	3.900311e-06	1.214813e-09	2.712537e+01	7.943343e+01
4.630000e-06	3.866722e-06	1.208182e-09	2.689177e+01	7.913880e+01
4.640000e-06	3.832832e-06	1.216255e-09	2.665608e+01	7.884053e+01
4.650000e-06	3.798755e-06	1.205147e-09	2.641908e+01	7.853845e+01
4.660000e-06	3.764439e-06	1.193158e-09	2.618042e+01	7.823241e+01
4.670000e-06	3.729860e-06	1.198232e-09	2.593994e+01	7.792226e+01
4.680000e-06	3.695084e-06	1.199736e-09	2.569808e+01	7.760781e+01
4.690000e-06	3.659952e-06	1.189005e-09	2.545375e+01	7.728888e+01
4.700000e-06	3.624506e-06	1.190976e-09	2.520724e+01	7.696528e+01
4.710000e-06	3.588909e-06	1.191479e-09	2.495967e+01	7.663683e+01
4.720000e-06	3.553160e-06	1.181978e-09	2.471105e+01	7.630332e+01
4.730000e-06	3.517263e-06	1.179025e-09	2.446140e+01	7.596454e+01
4.740000e-06	3.481196e-06	1.183065e-09	2.421057e+01	7.562029e+01
4.750000e-06	3.444953e-06	1.173942e-09	2.395851e+01	7.527035e+01
4.760000e-06	3.408534e-06	1.164473e-09	2.370523e+01	7.491452e+01
4.770000e-06	3.371895e-06	1.163913e-09	2.345041e+01	7.455259e+01
4.780000e-06	3.334934e-06	1.160763e-09	2.319336e+01	7.418433e+01
4.790000e-06	3.297691e-06	1.156725e-09	2.293434e+01	7.380955e+01
4.800000e-06	3.260215e-06	1.161141e-09	2.267371e+01	7.342804e+01
4.810000e-06	3.222243e-06	1.161629e-09	2.240963e+01	7.303960e+01
4.820000e-06	3.183648e-06	1.153456e-09	2.214121e+01	7.264404e+01
4.830000e-06	3.144734e-06	1.149192e-09	2.187058e+01	7.224116e+01
4.840000e-06	3.105568e-06	1.145780e-09	2.159819e+01	7.183079e+01
4.850000e-06	3.066073e-06	1.136260e-09	2.132352e+01	7.141277e+01
4.860000e-06	3.026386e-06	1.126619e-09	2.104751e+01	7.098693e+01
4.870000e-06	2.986558e-06	1.122532e-09	2.077052e+01	7.055313e+01
4.880000e-06	2.946593e-06	1.116396e-09	2.049258e+01	7.011124e+01
4.890000e-06	2.906503e-06	1.110819e-09	2.021376e+01	6.966112e+01
4.900000e-06	2.866250e-06	1.109101e-09	1.993382e+01	6.920268e+01
4.910000e-06	2.825849e-06	1.105926e-09	1.965284e+01	6.873583e+01
4.920000e-06	2.785327e-06	1.098240e-09	1.937102e+01	6.826047e+01
4.930000e-06	2.744657e-06	1.091455e-09	1.908818e+01	6.777654e+01
4.940000e-06	2.703821e-06	1.082219e-09	1.880418e+01	6.728400e+01
4.950000e-06	2.662754e-06	1.071177e-09	1.851857e+01	6.678279e+01
4.960000e-06	2.621512e-06	1.061210e-09	1.823175e+01	6.627289e+01
4.970000e-06	2.580132e-06	1.055192e-09	1.794397e+01	6.575429e+01
4.980000e-06	2.538538e-06	1.049434e-09	1.765469e+01	6.522698e+01
4.990000e-06	2.496675e-06	1.045489e-09	1.736354e+01	6.469096e+01
5.000000e-06	2.454641e-06	1.039900e-09	1.707121e+01	6.414624e+01
5.010000e-06	2.412506e-06	1.030103e-09	1.677818e+01	6.359284e+01
5.020000e-06	2.370245e-06	1.019755e-09	1.648427e+01	6.303078e+01
5.030000e-06	2.327839e-06	1.012561e-09	1.618935e+01	6.246009e+01
5.040000e-06	2.285217e-06	1.006364e-09	1.589293e+01	6.188079e+01
5.050000e-06	2.242390e-06	1.000391e-09	1.559508e+01	6.129290e+01
5.060000e-06	2.199363e-06	9.940162e-10	1.529584e+01	6.069645e+01
5.070000e-06	2.156232e-06	9.870808e-10	1.499588e+01	6.009144e+01
5.080000e-06	2.113054e-06	9.798352e-10	1.469559e+01	5.947789e+01
5.090000e-06	2.069693e-06	9.749357e-10	1.439403e+01	5.885577e+01
5.100000e-06	2.026156e-06	9.706545e-10	1.409125e+01	5.822509e+01
5.110000e-06	1.982512e-06	9.641567e-10	1.378771e+01	5.758579e+01
5.120000e-06	1.938744e-06	9.545960e-10	1.348332e+01	5.693783e+01
5.130000e-06	1.894896e-06	9.423391e-10	1.317837e+01	5.628114e+01
5.140000e-06	1.850980e-06	9.304346e-10	1.287295e+01	5.561562e+01
5.150000e-06	1.806991e-06	9.204703e-10	1.256702e+01	5.494114e+01
5.160000e-06	1.762916e-06	9.117401e-10	1.226049e+01	5.425758e+01
5.170000e-06	1.718766e-06	9.010344e-10	1.195345e+01	5.356476e+01
5.180000e-06	1.674587e-06	8.899416e-10	1.164620e+01	5.286248e+01
5.190000e-06	1.630345e-06	8.789484e-10	1.133851e+01	5.215052e+01
5.200000e-06	1.585991e-06	8.692724e-10	1.103004e+01	5.142861e+01
5.210000e-06	1.541531e-06	8.582459e-10	1.072084e+01	5.069649e+01
5.220000e-06	1.497001e-06	8.453291e-10	1.041115e+01	4.995383e+01
5.230000e-06	1.452431e-06	8.324505e-10	1.010118e+01	4.920029e+01
5.240000e-06	1.407766e-06	8.194999e-10	9.790547e+00	4.843550e+01
5.250000e-06	1.362946e-06	8.070002e-10	9.478840e+00	4.765907e+01
5.260000e-06	1.318015e-06	7.973525e-10	9.166360e+00	4.687058e+01
5.270000e-06	1.272994e-06	7.886799e-10	8.853252e+00	4.606957e+01
5.280000e-06	1.227816e-06	7.771587e-10	8.539051e+00	4.525559e+01
5.290000e-06	1.182558e-06	7.636712e-10	8.224301e+00	4.442814e+01
5.300000e-06	1.137194e-06	7.499002e-10	7.908806e+00	4.358674e+01
5.310000e-06	1.091633e-06	7.348780e-10	7.591944e+00	4.273087e+01
5.320000e-06	1.045917e-06	7.213710e-10	7.274004e+00	4.186000e+01
5.330000e-06	1.000100e-06	7.088960e-10	6.955361e+00	4.097363e+01
5.340000e-06	9.542960e-07	6.965842e-10	6.636812e+00	4.007122e+01
5.350000e-06	9.084435e-07	6.841743e-10	6.317923e+00	3.915226e+01
5.360000e-06	8.625048e-07	6.698322e-10	5.998435e+00	3.821623e+01
5.370000e-06	8.164766e-07	6.548180e-10	5.678324e+00	3.726265e+01
5.380000e-06	7.704128e-07	6.378191e-10	5.357965e+00	3.629103e+01
5.390000e-06	7.243064e-07	6.196400e-10	5.037311e+00	3.530093e+01
5.400000e-06	6.781207e-07	6.053658e-10	4.716104e+00	3.429191e+01
5.410000e-06	6.319730e-07	5.938927e-10	4.395163e+00	3.326359e+01
5.420000e-06	5.857401e-07	5.819274e-10	4.073628e+00	3.221562e+01
5.430000e-06	5.394264e-07	5.681245e-10	3.751532e+00	3.114769e+01
5.440000e-06	4.931324e-07	5.527753e-10	3.429573e+00	3.005955e+01
5.450000e-06	4.467825e-07	5.347820e-10	3.107224e+00	2.895098e+01
5.460000e-06	4.003527e-07	5.136349e-10	2.784320e+00	2.782184e+01
5.470000e-06	3.539548e-07	4.909748e-10	2.461638e+00	2.667204e+01
5.480000e-06	3.076098e-07	4.710865e-10	2.139324e+00	2.550157e+01
5.490000e-06	2.612057e-07	4.557975e-10	1.816599e+00	2.431046e+01
5.500000e-06	2.148097e-07	4.435033e-10	1.493930e+00	2.309884e+01
5.510000e-06	1.683853e-07	4.293917e-10	1.171064e+00	2.186689e+01
5.520000e-06	1.219361e-07	4.108311e-10	8.480248e-01	2.061490e+01
5.530000e-06	7.552839e-08	3.894685e-10	5.252749e-01	1.934319e+01
5.540000e-06	2.912732e-08	3.665829e-10	2.025709e-01	1.805220e+01
5.550000e-06	-1.724204e-08	3.440251e-10	-1.199127e-01	1.674243e+01
5.560000e-06	-6.360584e-08	3.198660e-10	-4.423575e-01	1.541446e+01
5.570000e-06	-1.100637e-07	2.948954e-10	-7.654563e-01	1.406894e+01
5.580000e-06	-1.565650e-07	2.727047e-10	-1.088857e+00	1.270662e+01
5.590000e-06	-2.030733e-07	2.529396e-10	-1.412307e+00	1.132831e+01
5.600000e-06	-2.495265e-07	2.332952e-10	-1.735374e+00	9.934883e+00
5.610000e-06	-2.958965e-07	2.121178e-10	-2.057862e+00	8.527301e+00
5.620000e-06	-3.422536e-07	1.894613e-10	-2.380260e+00	7.106584e+00
5.630000e-06	-3.886500e-07	1.653418e-10	-2.702932e+00	5.673814e+00
5.640000e-06	-4.350334e-07	1.375383e-10	-3.025513e+00	4.230132e+00
5.650000e-06	-4.813337e-07	1.097578e-10	-3.347517e+00	2.776735e+00
5.660000e-06	-5.275882e-07	8.514148e-11	-3.669201e+00	1.314863e+00
5.670000e-06	-5.738048e-07	6.021042e-11	-3.990622e+00	-1.541968e-01
5.680000e-06	-6.200218e-07	3.506847e-11	-4.312046e+00	-1.629123e+00
5.690000e-06	-6.662270e-07	1.265189e-11	-4.633388e+00	-3.108564e+00
5.700000e-06	-7.123235e-07	-1.002589e-11	-4.953974e+00	-4.591144e+00
5.710000e-06	-7.582819e-07	-3.498377e-11	-5.273599e+00	-6.075469e+00
5.720000e-06	-8.042439e-07	-6.221794e-11	-5.593249e+00	-7.560138e+00
5.730000e-06	-8.501994e-07	-8.901998e-11	-5.912855e+00	-9.043742e+00
5.740000e-06	-8.960833e-07	-1.137833e-10	-6.231962e+00	-1.052488e+01
5.750000e-06	-9.419368e-07	-1.385147e-10	-6.550858e+00	-1.200216e+01
5.760000e-06	-9.877047e-07	-1.638821e-10	-6.869159e+00	-1.347421e+01
5.770000e-06	-1.033375e-06	-1.897689e-10	-7.186783e+00	-1.493967e+01
5.780000e-06	-1.078971e-06	-2.147076e-10	-7.503886e+00	-1.639722e+01
5.790000e-06	-1.124398e-06	-2.391101e-10	-7.819818e+00	-1.784559e+01
5.800000e-06	-1.169686e-06	-2.628452e-10	-8.134779e+00	-1.928353e+01
5.810000e-06	-1.214860e-06	-2.868352e-10	-8.448951e+00	-2.070984e+01
5.820000e-06	-1.259910e-06	-3.111779e-10	-8.762260e+00	-2.212340e+01
5.830000e-06	-1.304859e-06	-3.351621e-10	-9.074861e+00	-2.352311e+01
5.840000e-06	-1.349643e-06	-3.585810e-10	-9.386319e+00	-2.490797e+01
5.850000e-06	-1.394328e-06	-3.817061e-10	-9.697090e+00	-2.627701e+01
5.860000e-06	-1.438871e-06	-4.049066e-10	-1.000687e+01	-2.762936e+01
5.870000e-06	-1.483294e-06	-4.290510e-10	-1.031582e+01	-2.896421e+01
5.880000e-06	-1.527720e-06	-4.536740e-10	-1.062479e+01	-3.028082e+01
5.890000e-06	-1.572072e-06	-4.771870e-10	-1.093324e+01	-3.157854e+01
5.900000e-06	-1.616350e-06	-4.962973e-10	-1.124118e+01	-3.285679e+01
5.910000e-06	-1.660578e-06	-5.138280e-10	-1.154877e+01	-3.411507e+01
5.920000e-06	-1.704760e-06	-5.334526e-10	-1.185604e+01	-3.535295e+01
5.930000e-06	-1.748849e-06	-5.517182e-10	-1.216266e+01	-3.657009e+01
5.940000e-06	-1.792837e-06	-5.692829e-10	-1.246858e+01	-3.776621e+01
5.950000e-06	-1.836793e-06	-5.883678e-10	-1.277428e+01	-3.894113e+01
5.960000e-06	-1.880722e-06	-6.089993e-10	-1.307980e+01	-4.009472e+01
5.970000e-06	-1.924607e-06	-6.320802e-10	-1.338500e+01	-4.122693e+01
5.980000e-06	-1.968343e-06	-6.556004e-10	-1.368917e+01	-4.233777e+01
5.990000e-06	-2.011953e-06	-6.751969e-10	-1.399247e+01	-4.342732e+01
6.000000e-06	-2.055536e-06	-6.923443e-10	-1.429557e+01	-4.449571e+01
6.010000e-06	-2.098905e-06	-7.093139e-10	-1.459719e+01	-4.554313e+01
6.020000e-06	-2.142029e-06	-7.249087e-10	-1.489710e+01	-4.656984e+01
6.030000e-06	-2.185010e-06	-7.383057e-10	-1.519602e+01	-4.757610e+01
6.040000e-06	-2.227833e-06	-7.516981e-10	-1.549384e+01	-4.856226e+01
6.050000e-06	-2.270511e-06	-7.688201e-10	-1.579065e+01	-4.952866e+01
6.060000e-06	-2.313025e-06	-7.897410e-10	-1.608633e+01	-5.047572e+01
6.070000e-06	-2.355394e-06	-8.121487e-10	-1.638098e+01	-5.140383e+01
6.080000e-06	-2.397635e-06	-8.331462e-10	-1.667476e+01	-5.231345e+01
6.090000e-06	-2.439766e-06	-8.498269e-10	-1.696776e+01	-5.320503e+01
6.100000e-06	-2.481718e-06	-8.632279e-10	-1.725953e+01	-5.407903e+01
6.110000e-06	-2.523508e-06	-8.736065e-10	-1.755016e+01	-5.493591e+01
6.120000e-06	-2.565090e-06	-8.835486e-10	-1.783935e+01	-5.577616e+01
6.130000e-06	-2.606349e-06	-8.962792e-10	-1.812629e+01	-5.660023e+01
6.140000e-06	-2.647386e-06	-9.110701e-10	-1.841169e+01	-5.740859e+01
6.150000e-06	-2.688175e-06	-9.269470e-10	-1.869537e+01	-5.820167e+01
6.160000e-06	-2.728713e-06	-9.427671e-10	-1.897729e+01	-5.897991e+01
6.170000e-06	-2.769165e-06	-9.576500e-10	-1.925863e+01	-5.974373e+01
6.180000e-06	-2.809546e-06	-9.722668e-10	-1.953946e+01	-6.049352e+01
6.190000e-06	-2.849779e-06	-9.849382e-10	-1.981927e+01	-6.122964e+01
6.200000e-06	-2.889937e-06	-9.941286e-10	-2.009856e+01	-6.195244e+01
6.210000e-06	-2.930013e-06	-1.002548e-09	-2.037727e+01	-6.266223e+01
6.220000e-06	-2.969935e-06	-1.011841e-09	-2.065491e+01	-6.335932e+01
6.230000e-06	-3.009735e-06	-1.021055e-09	-2.093171e+01	-6.404396e+01
6.240000e-06	-3.049381e-06	-1.031664e-09	-2.120743e+01	-6.471638e+01
6.250000e-06	-3.088815e-06	-1.045078e-09	-2.148169e+01	-6.537679e+01
6.260000e-06	-3.128009e-06	-1.059245e-09	-2.175426e+01	-6.602537e+01
6.270000e-06	-3.166792e-06	-1.071550e-09	-2.202399e+01	-6.666228e+01
6.280000e-06	-3.205215e-06	-1.081807e-09	-2.229121e+01	-6.728764e+01
6.290000e-06	-3.243389e-06	-1.090858e-09	-2.255670e+01	-6.790155e+01
6.300000e-06	-3.281057e-06	-1.099834e-09	-2.281867e+01	-6.850410e+01
6.310000e-06	-3.318171e-06	-1.107710e-09	-2.307678e+01	-6.909535e+01
6.320000e-06	-3.354944e-06	-1.114791e-09	-2.333252e+01	-6.967534e+01
6.330000e-06	-3.391422e-06	-1.122454e-09	-2.358622e+01	-7.024411e+01
6.340000e-06	-3.427688e-06	-1.130167e-09	-2.383843e+01	-7.080168e+01
6.350000e-06	-3.463834e-06	-1.136978e-09	-2.408982e+01	-7.134806e+01
6.360000e-06	-3.499883e-06	-1.145499e-09	-2.434053e+01	-7.188325e+01
6.370000e-06	-3.535832e-06	-1.156597e-09	-2.459054e+01	-7.240725e+01
6.380000e-06	-3.571645e-06	-1.166303e-09	-2.483961e+01	-7.292007e+01
6.390000e-06	-3.607170e-06	-1.174511e-09	-2.508667e+01	-7.342171e+01
6.400000e-06	-3.642347e-06	-1.181875e-09	-2.533132e+01	-7.391218e+01
6.410000e-06	-3.677262e-06	-1.189036e-09	-2.557414e+01	-7.439149e+01
6.420000e-06	-3.711922e-06	-1.197687e-09	-2.581519e+01	-7.485967e+01
6.430000e-06	-3.746382e-06	-1.206827e-09	-2.605484e+01	-7.531677e+01
6.440000e-06	-3.780605e-06	-1.214664e-09	-2.629285e+01	-7.576282e+01
6.450000e-06	-3.814551e-06	-1.221475e-09	-2.652893e+01	-7.619792e+01
6.460000e-06	-3.848294e-06	-1.227158e-09	-2.676361e+01	-7.662213e+01
6.470000e-06	-3.881764e-06	-1.232758e-09	-2.699638e+01	-7.703557e+01
6.480000e-06	-3.914834e-06	-1.238871e-09	-2.722637e+01	-7.743837e+01
6.490000e-06	-3.947560e-06	-1.248598e-09	-2.745397e+01	-7.783067e+01
6.500000e-06	-3.980026e-06	-1.257387e-09	-2.767976e+01	-7.821265e+01
6.510000e-06	-4.012328e-06	-1.262967e-09	-2.790441e+01	-7.858448e+01
6.520000e-06	-4.044477e-06	-1.268488e-09	-2.812800e+01	-7.894638e+01
6.530000e-06	-4.076434e-06	-1.273293e-09	-2.835025e+01	-7.929859e+01
6.540000e-06	-4.108192e-06	-1.275757e-09	-2.857111e+01	-7.964135e+01
6.550000e-06	-4.139740e-06	-1.278458e-09	-2.879052e+01	-7.997492e+01
6.560000e-06	-4.170960e-06	-1.285040e-09	-2.900764e+01	-8.029960e+01
6.570000e-06	-4.201648e-06	-1.295264e-09	-2.922107e+01	-8.061567e+01
6.580000e-06	-4.231756e-06	-1.304648e-09	-2.943046e+01	-8.092346e+01
6.590000e-06	-4.261386e-06	-1.311380e-09	-2.963653e+01	-8.122328e+01
6.600000e-06	-4.290614e-06	-1.317183e-09	-2.983980e+01	-8.151547e+01
6.610000e-06	-4.319501e-06	-1.320066e-09	-3.004070e+01	-8.180037e+01
6.620000e-06	-4.348067e-06	-1.320369e-09	-3.023936e+01	-8.207830e+01
6.630000e-06	-4.376360e-06	-1.319767e-09	-3.043613e+01	-8.234963e+01
6.640000e-06	-4.404510e-06	-1.321928e-09	-3.063191e+01	-8.261468e+01
6.650000e-06	-4.432538e-06	-1.326088e-09	-3.082683e+01	-8.287379e+01
6.660000e-06	-4.460253e-06	-1.331699e-09	-3.101958e+01	-8.312730e+01
6.670000e-06	-4.487600e-06	-1.339587e-09	-3.120977e+01	-8.337552e+01
6.680000e-06	-4.514650e-06	-1.347961e-09	-3.139789e+01	-8.361876e+01
6.690000e-06	-4.541354e-06	-1.354061e-09	-3.158361e+01	-8.385731e+01
6.700000e-06	-4.567734e-06	-1.358339e-09	-3.176708e+01	-8.409146e+01
6.710000e-06	-4.593835e-06	-1.359003e-09	-3.194860e+01	-8.432146e+01
6.720000e-06	-4.619598e-06	-1.358877e-09	-3.212777e+01	-8.454754e+01
6.730000e-06	-4.645008e-06	-1.358880e-09	-3.230449e+01	-8.476993e+01
6.740000e-06	-4.670084e-06	-1.357991e-09	-3.247889e+01	-8.498882e+01
6.750000e-06	-4.694848e-06	-1.358925e-09	-3.265111e+01	-8.520437e+01
6.760000e-06	-4.719334e-06	-1.361899e-09	-3.282140e+01	-8.541674e+01
6.770000e-06	-4.743550e-06	-1.366170e-09	-3.298982e+01	-8.562602e+01
6.780000e-06	-4.767550e-06	-1.370950e-09	-3.315673e+01	-8.583233e+01
6.790000e-06	-4.791404e-06	-1.376184e-09	-3.332263e+01	-8.603572e+01
6.800000e-06	-4.814989e-06	-1.380181e-09	-3.348665e+01	-8.623622e+01
6.810000e-06	-4.838140e-06	-1.380124e-09	-3.364766e+01	-8.643386e+01
6.820000e-06	-4.860793e-06	-1.377840e-09	-3.380520e+01	-8.662863e+01
6.830000e-06	-4.882882e-06	-1.375038e-09	-3.395883e+01	-8.682048e+01
6.840000e-06	-4.904417e-06	-1.373316e-09	-3.410859e+01	-8.700937e+01
6.850000e-06	-4.925401e-06	-1.374061e-09	-3.425453e+01	-8.719521e+01
6.860000e-06	-4.945972e-06	-1.378430e-09	-3.439760e+01	-8.737792e+01
6.870000e-06	-4.966316e-06	-1.386669e-09	-3.453908e+01	-8.755739e+01
6.880000e-06	-4.986408e-06	-1.394247e-09	-3.467881e+01	-8.773348e+01
6.890000e-06	-5.006249e-06	-1.398940e-09	-3.481680e+01	-8.790607e+01
6.900000e-06	-5.025829e-06	-1.398254e-09	-3.495297e+01	-8.807501e+01
6.910000e-06	-5.045051e-06	-1.395054e-09	-3.508666e+01	-8.824014e+01
6.920000e-06	-5.063912e-06	-1.391236e-09	-3.521783e+01	-8.840132e+01
6.930000e-06	-5.082420e-06	-1.390195e-09	-3.534654e+01	-8.855839e+01
6.940000e-06	-5.100577e-06	-1.393078e-09	-3.547282e+01	-8.871119e+01
6.950000e-06	-5.118464e-06	-1.399491e-09	-3.559722e+01	-8.885957e+01
6.960000e-06	-5.136021e-06	-1.406142e-09	-3.571932e+01	-8.900339e+01
6.970000e-06	-5.153143e-06	-1.411116e-09	-3.583840e+01	-8.914252e+01
6.980000e-06	-5.169916e-06	-1.416069e-09	-3.595505e+01	-8.927683e+01
6.990000e-06	-5.186417e-06	-1.418457e-09	-3.606981e+01	-8.940621e+01
7.000000e-06	-5.202649e-06	-1.414922e-09	-3.618270e+01	-8.953057e+01
7.010000e-06	-5.218609e-06	-1.410213e-09	-3.629370e+01	-8.964984e+01
7.020000e-06	-5.234282e-06	-1.408946e-09	-3.640269e+01	-8.976395e+01
7.030000e-06	-5.249413e-06	-1.409627e-09	-3.650793e+01	-8.987288e+01
7.040000e-06	-5.263814e-06	-1.410755e-09	-3.660808e+01	-8.997661e+01
7.050000e-06	-5.277645e-06	-1.412223e-09	-3.670427e+01	-9.007515e+01
7.060000e-06	-5.290968e-06	-1.413110e-09	-3.679693e+01	-9.016852e+01
7.070000e-06	-5.303806e-06	-1.411395e-09	-3.688621e+01	-9.025679e+01
7.080000e-06	-5.316324e-06	-1.408625e-09	-3.697327e+01	-9.034004e+01
7.090000e-06	-5.328515e-06	-1.409037e-09	-3.705806e+01	-9.041836e+01
7.100000e-06	-5.340317e-06	-1.411875e-09	-3.714013e+01	-9.049189e+01
7.110000e-06	-5.351701e-06	-1.413998e-09	-3.721931e+01	-9.056076e+01
7.120000e-06	-5.362607e-06	-1.414973e-09	-3.729516e+01	-9.062515e+01
7.130000e-06	-5.373079e-06	-1.412854e-09	-3.736798e+01	-9.068524e+01
7.140000e-06	-5.383209e-06	-1.411161e-09	-3.743843e+01	-9.074124e+01
7.150000e-06	-5.393086e-06	-1.408942e-09	-3.750712e+01	-9.079336e+01
7.160000e-06	-5.402691e-06	-1.404500e-09	-3.757392e+01	-9.084185e+01
7.170000e-06	-5.411894e-06	-1.404068e-09	-3.763793e+01	-9.088695e+01
7.180000e-06	-5.420647e-06	-1.409085e-09	-3.769880e+01	-9.092891e+01
7.190000e-06	-5.429026e-06	-1.416009e-09	-3.775708e+01	-9.096800e+01
7.200000e-06	-5.437154e-06	-1.422571e-09	-3.781360e+01	-9.100449e+01
7.210000e-06	-5.445114e-06	-1.427085e-09	-3.786896e+01	-9.103864e+01
7.220000e-06	-5.452782e-06	-1.424220e-09	-3.792229e+01	-9.107074e+01
7.230000e-06	-5.460011e-06	-1.416858e-09	-3.797257e+01	-9.110104e+01
7.240000e-06	-5.466724e-06	-1.411415e-09	-3.801925e+01	-9.112981e+01
7.250000e-06	-5.472847e-06	-1.409819e-09	-3.806183e+01	-9.115731e+01
7.260000e-06	-5.478309e-06	-1.413306e-09	-3.809983e+01	-9.118376e+01
7.270000e-06	-5.483154e-06	-1.420425e-09	-3.813352e+01	-9.120942e+01
7.280000e-06	-5.487614e-06	-1.429721e-09	-3.816453e+01	-9.123448e+01
7.290000e-06	-5.491842e-06	-1.436908e-09	-3.819394e+01	-9.125915e+01
7.300000e-06	-5.495843e-06	-1.438978e-09	-3.822176e+01	-9.128361e+01
7.310000e-06	-5.499575e-06	-1.436674e-09	-3.824772e+01	-9.130801e+01
7.320000e-06	-5.502978e-06	-1.430160e-09	-3.827138e+01	-9.133249e+01
7.330000e-06	-5.506012e-06	-1.422837e-09	-3.829249e+01	-9.135716e+01
7.340000e-06	-5.508658e-06	-1.420646e-09	-3.831089e+01	-9.138211e+01
7.350000e-06	-5.510936e-06	-1.424071e-09	-3.832673e+01	-9.140740e+01
7.360000e-06	-5.512902e-06	-1.429447e-09	-3.834040e+01	-9.143306e+01
7.370000e-06	-5.514544e-06	-1.432652e-09	-3.835183e+01	-9.145910e+01
7.380000e-06	-5.515689e-06	-1.434026e-09	-3.835979e+01	-9.148551e+01
7.390000e-06	-5.516412e-06	-1.431056e-09	-3.836482e+01	-9.151224e+01
7.400000e-06	-5.516879e-06	-1.426230e-09	-3.836806e+01	-9.153922e+01
