# Temperatura_=_7.03
# Concentracion g/m^3_=_1620.0
# C_Vs_to_Am_M_A/Vsm_=_65563218390.804596
# pendiente_HvsI_1/m_=_3716.3
# ordenada_HvsI_A/m_=_1297.0
# frecuencia_Hz_=_135106.63798328207

Tiempo_(s)	Campo_(V.s)	Magnetizacion_(V.s)	Campo_(kA/m)	Magnetizacion_(A/m)
0.000000e+00	-5.520150e-06	-7.494293e-10	-3.835902e+01	-4.792278e+01
1.000000e-08	-5.520398e-06	-7.458715e-10	-3.836075e+01	-4.792105e+01
2.000000e-08	-5.520329e-06	-7.439372e-10	-3.836026e+01	-4.791925e+01
3.000000e-08	-5.519874e-06	-7.449628e-10	-3.835710e+01	-4.791720e+01
4.000000e-08	-5.518882e-06	-7.469631e-10	-3.835021e+01	-4.791474e+01
5.000000e-08	-5.517269e-06	-7.448527e-10	-3.833900e+01	-4.791171e+01
6.000000e-08	-5.515107e-06	-7.316024e-10	-3.832398e+01	-4.790793e+01
7.000000e-08	-5.512446e-06	-7.122887e-10	-3.830549e+01	-4.790323e+01
8.000000e-08	-5.509273e-06	-7.259953e-10	-3.828343e+01	-4.789744e+01
9.000000e-08	-5.505616e-06	-7.946141e-10	-3.825802e+01	-4.789040e+01
1.000000e-07	-5.501506e-06	-8.082829e-10	-3.822946e+01	-4.788195e+01
1.100000e-07	-5.496971e-06	-7.050429e-10	-3.819795e+01	-4.787194e+01
1.200000e-07	-5.492282e-06	-6.312625e-10	-3.816537e+01	-4.786023e+01
1.300000e-07	-5.487438e-06	-7.209222e-10	-3.813171e+01	-4.784670e+01
1.400000e-07	-5.482199e-06	-7.892731e-10	-3.809530e+01	-4.783123e+01
1.500000e-07	-5.476594e-06	-7.190297e-10	-3.805635e+01	-4.781372e+01
1.600000e-07	-5.470675e-06	-6.334915e-10	-3.801523e+01	-4.779409e+01
1.700000e-07	-5.464333e-06	-7.119412e-10	-3.797115e+01	-4.777227e+01
1.800000e-07	-5.457422e-06	-7.919377e-10	-3.792313e+01	-4.774819e+01
1.900000e-07	-5.450094e-06	-7.327094e-10	-3.787221e+01	-4.772184e+01
2.000000e-07	-5.442568e-06	-6.592344e-10	-3.781991e+01	-4.769318e+01
2.100000e-07	-5.434778e-06	-7.043410e-10	-3.776578e+01	-4.766221e+01
2.200000e-07	-5.426660e-06	-7.764444e-10	-3.770937e+01	-4.762894e+01
2.300000e-07	-5.418290e-06	-7.468293e-10	-3.765120e+01	-4.759341e+01
2.400000e-07	-5.409522e-06	-7.032612e-10	-3.759028e+01	-4.755566e+01
2.500000e-07	-5.400073e-06	-7.174937e-10	-3.752462e+01	-4.751573e+01
2.600000e-07	-5.389837e-06	-7.594947e-10	-3.745349e+01	-4.747371e+01
2.700000e-07	-5.378994e-06	-7.434234e-10	-3.737814e+01	-4.742966e+01
2.800000e-07	-5.367763e-06	-7.247979e-10	-3.730009e+01	-4.738368e+01
2.900000e-07	-5.356098e-06	-7.410407e-10	-3.721904e+01	-4.733586e+01
3.000000e-07	-5.344073e-06	-7.723772e-10	-3.713548e+01	-4.728630e+01
3.100000e-07	-5.331784e-06	-7.418488e-10	-3.705008e+01	-4.723511e+01
3.200000e-07	-5.319007e-06	-7.107260e-10	-3.696130e+01	-4.718239e+01
3.300000e-07	-5.305738e-06	-7.196227e-10	-3.686909e+01	-4.712826e+01
3.400000e-07	-5.292210e-06	-7.514539e-10	-3.677508e+01	-4.707282e+01
3.500000e-07	-5.278291e-06	-7.253641e-10	-3.667836e+01	-4.701617e+01
3.600000e-07	-5.263819e-06	-7.075071e-10	-3.657780e+01	-4.695841e+01
3.700000e-07	-5.248951e-06	-7.441863e-10	-3.647449e+01	-4.689963e+01
3.800000e-07	-5.233692e-06	-7.519251e-10	-3.636845e+01	-4.683991e+01
3.900000e-07	-5.217821e-06	-6.983460e-10	-3.625816e+01	-4.677932e+01
4.000000e-07	-5.201403e-06	-7.133988e-10	-3.614408e+01	-4.671793e+01
4.100000e-07	-5.184737e-06	-7.668140e-10	-3.602826e+01	-4.665579e+01
4.200000e-07	-5.167772e-06	-7.153368e-10	-3.591038e+01	-4.659292e+01
4.300000e-07	-5.150410e-06	-6.710205e-10	-3.578973e+01	-4.652936e+01
4.400000e-07	-5.132755e-06	-7.455374e-10	-3.566705e+01	-4.646510e+01
4.500000e-07	-5.114823e-06	-7.595276e-10	-3.554244e+01	-4.640015e+01
4.600000e-07	-5.096393e-06	-6.646791e-10	-3.541437e+01	-4.633448e+01
4.700000e-07	-5.077452e-06	-6.907035e-10	-3.528275e+01	-4.626806e+01
4.800000e-07	-5.058259e-06	-7.633825e-10	-3.514938e+01	-4.620083e+01
4.900000e-07	-5.038860e-06	-7.037073e-10	-3.501458e+01	-4.613274e+01
5.000000e-07	-5.019268e-06	-6.665427e-10	-3.487844e+01	-4.606372e+01
5.100000e-07	-4.999482e-06	-7.392802e-10	-3.474095e+01	-4.599367e+01
5.200000e-07	-4.979321e-06	-7.107185e-10	-3.460085e+01	-4.592251e+01
5.300000e-07	-4.958662e-06	-6.484004e-10	-3.445729e+01	-4.585013e+01
5.400000e-07	-4.937642e-06	-7.129515e-10	-3.431123e+01	-4.577644e+01
5.500000e-07	-4.916320e-06	-7.411852e-10	-3.416306e+01	-4.570130e+01
5.600000e-07	-4.894692e-06	-6.590544e-10	-3.401277e+01	-4.562462e+01
5.700000e-07	-4.872753e-06	-6.798860e-10	-3.386032e+01	-4.554627e+01
5.800000e-07	-4.850440e-06	-7.372654e-10	-3.370527e+01	-4.546615e+01
5.900000e-07	-4.827675e-06	-6.812592e-10	-3.354707e+01	-4.538414e+01
6.000000e-07	-4.804543e-06	-6.540038e-10	-3.338633e+01	-4.530013e+01
6.100000e-07	-4.781195e-06	-7.130612e-10	-3.322409e+01	-4.521404e+01
6.200000e-07	-4.757658e-06	-6.936360e-10	-3.306053e+01	-4.512576e+01
6.300000e-07	-4.733929e-06	-6.526666e-10	-3.289564e+01	-4.503523e+01
6.400000e-07	-4.709862e-06	-6.894104e-10	-3.272840e+01	-4.494238e+01
6.500000e-07	-4.685337e-06	-6.989004e-10	-3.255798e+01	-4.484716e+01
6.600000e-07	-4.660289e-06	-6.627294e-10	-3.238392e+01	-4.474953e+01
6.700000e-07	-4.634703e-06	-6.802745e-10	-3.220613e+01	-4.464948e+01
6.800000e-07	-4.608638e-06	-6.962310e-10	-3.202501e+01	-4.454701e+01
6.900000e-07	-4.582038e-06	-6.665906e-10	-3.184017e+01	-4.444213e+01
7.000000e-07	-4.554987e-06	-6.670054e-10	-3.165219e+01	-4.433488e+01
7.100000e-07	-4.527704e-06	-6.855663e-10	-3.146260e+01	-4.422531e+01
7.200000e-07	-4.500210e-06	-6.702842e-10	-3.127155e+01	-4.411351e+01
7.300000e-07	-4.472550e-06	-6.619353e-10	-3.107934e+01	-4.399955e+01
7.400000e-07	-4.444756e-06	-6.761249e-10	-3.088621e+01	-4.388354e+01
7.500000e-07	-4.416730e-06	-6.688402e-10	-3.069146e+01	-4.376562e+01
7.600000e-07	-4.388383e-06	-6.620499e-10	-3.049448e+01	-4.364592e+01
7.700000e-07	-4.359684e-06	-6.712061e-10	-3.029505e+01	-4.352460e+01
7.800000e-07	-4.330669e-06	-6.668964e-10	-3.009342e+01	-4.340181e+01
7.900000e-07	-4.301314e-06	-6.559808e-10	-2.988944e+01	-4.327774e+01
8.000000e-07	-4.271631e-06	-6.629281e-10	-2.968317e+01	-4.315256e+01
8.100000e-07	-4.241648e-06	-6.582753e-10	-2.947483e+01	-4.302646e+01
8.200000e-07	-4.211453e-06	-6.466460e-10	-2.926500e+01	-4.289964e+01
8.300000e-07	-4.181034e-06	-6.515051e-10	-2.905362e+01	-4.277227e+01
8.400000e-07	-4.150315e-06	-6.570669e-10	-2.884016e+01	-4.264456e+01
8.500000e-07	-4.119302e-06	-6.447257e-10	-2.862465e+01	-4.251668e+01
8.600000e-07	-4.088042e-06	-6.415213e-10	-2.840743e+01	-4.238880e+01
8.700000e-07	-4.056572e-06	-6.459190e-10	-2.818875e+01	-4.226108e+01
8.800000e-07	-4.024892e-06	-6.391431e-10	-2.796861e+01	-4.213369e+01
8.900000e-07	-3.993036e-06	-6.305929e-10	-2.774724e+01	-4.200674e+01
9.000000e-07	-3.960938e-06	-6.345106e-10	-2.752419e+01	-4.188036e+01
9.100000e-07	-3.928541e-06	-6.283968e-10	-2.729907e+01	-4.175463e+01
9.200000e-07	-3.895750e-06	-6.195072e-10	-2.707121e+01	-4.162962e+01
9.300000e-07	-3.862533e-06	-6.278610e-10	-2.684039e+01	-4.150539e+01
9.400000e-07	-3.828825e-06	-6.353926e-10	-2.660616e+01	-4.138195e+01
9.500000e-07	-3.794561e-06	-6.278725e-10	-2.636806e+01	-4.125928e+01
9.600000e-07	-3.759985e-06	-6.263857e-10	-2.612779e+01	-4.113735e+01
9.700000e-07	-3.725162e-06	-6.302355e-10	-2.588581e+01	-4.101610e+01
9.800000e-07	-3.690005e-06	-6.218201e-10	-2.564151e+01	-4.089541e+01
9.900000e-07	-3.654604e-06	-6.135760e-10	-2.539551e+01	-4.077517e+01
1.000000e-06	-3.619076e-06	-6.161767e-10	-2.514863e+01	-4.065520e+01
1.010000e-06	-3.583440e-06	-6.150500e-10	-2.490100e+01	-4.053533e+01
1.020000e-06	-3.547619e-06	-6.090964e-10	-2.465208e+01	-4.041533e+01
1.030000e-06	-3.511523e-06	-6.123007e-10	-2.440125e+01	-4.029496e+01
1.040000e-06	-3.475143e-06	-6.134204e-10	-2.414845e+01	-4.017394e+01
1.050000e-06	-3.438596e-06	-6.035489e-10	-2.389449e+01	-4.005199e+01
1.060000e-06	-3.401771e-06	-5.935254e-10	-2.363860e+01	-3.992879e+01
1.070000e-06	-3.364661e-06	-5.891141e-10	-2.338072e+01	-3.980400e+01
1.080000e-06	-3.327379e-06	-5.821981e-10	-2.312165e+01	-3.967727e+01
1.090000e-06	-3.289866e-06	-5.786662e-10	-2.286098e+01	-3.954824e+01
1.100000e-06	-3.252157e-06	-5.792893e-10	-2.259894e+01	-3.941654e+01
1.110000e-06	-3.214163e-06	-5.759427e-10	-2.233493e+01	-3.928179e+01
1.120000e-06	-3.175916e-06	-5.679846e-10	-2.206915e+01	-3.914361e+01
1.130000e-06	-3.137514e-06	-5.644283e-10	-2.180230e+01	-3.900161e+01
1.140000e-06	-3.098850e-06	-5.612605e-10	-2.153363e+01	-3.885542e+01
1.150000e-06	-3.059902e-06	-5.534510e-10	-2.126298e+01	-3.870466e+01
1.160000e-06	-3.020744e-06	-5.479973e-10	-2.099088e+01	-3.854898e+01
1.170000e-06	-2.981448e-06	-5.491526e-10	-2.071781e+01	-3.838803e+01
1.180000e-06	-2.942035e-06	-5.490104e-10	-2.044393e+01	-3.822149e+01
1.190000e-06	-2.902527e-06	-5.481956e-10	-2.016940e+01	-3.804904e+01
1.200000e-06	-2.862942e-06	-5.471750e-10	-1.989433e+01	-3.787040e+01
1.210000e-06	-2.823189e-06	-5.441497e-10	-1.961808e+01	-3.768532e+01
1.220000e-06	-2.783167e-06	-5.382241e-10	-1.933997e+01	-3.749356e+01
1.230000e-06	-2.742916e-06	-5.331258e-10	-1.906027e+01	-3.729492e+01
1.240000e-06	-2.702491e-06	-5.290186e-10	-1.877937e+01	-3.708923e+01
1.250000e-06	-2.661962e-06	-5.242937e-10	-1.849773e+01	-3.687634e+01
1.260000e-06	-2.621280e-06	-5.221584e-10	-1.821503e+01	-3.665616e+01
1.270000e-06	-2.580290e-06	-5.233822e-10	-1.793020e+01	-3.642860e+01
1.280000e-06	-2.538974e-06	-5.207426e-10	-1.764310e+01	-3.619363e+01
1.290000e-06	-2.497348e-06	-5.125385e-10	-1.735385e+01	-3.595122e+01
1.300000e-06	-2.455425e-06	-5.050032e-10	-1.706253e+01	-3.570140e+01
1.310000e-06	-2.413203e-06	-4.996008e-10	-1.676913e+01	-3.544423e+01
1.320000e-06	-2.370590e-06	-4.933046e-10	-1.647302e+01	-3.517976e+01
1.330000e-06	-2.327690e-06	-4.892765e-10	-1.617490e+01	-3.490810e+01
1.340000e-06	-2.284667e-06	-4.896595e-10	-1.587595e+01	-3.462938e+01
1.350000e-06	-2.241480e-06	-4.882470e-10	-1.557584e+01	-3.434372e+01
1.360000e-06	-2.198077e-06	-4.837378e-10	-1.527423e+01	-3.405128e+01
1.370000e-06	-2.154556e-06	-4.775061e-10	-1.497181e+01	-3.375223e+01
1.380000e-06	-2.111033e-06	-4.720059e-10	-1.466938e+01	-3.344673e+01
1.390000e-06	-2.067397e-06	-4.655399e-10	-1.436616e+01	-3.313497e+01
1.400000e-06	-2.023616e-06	-4.601586e-10	-1.406192e+01	-3.281711e+01
1.410000e-06	-1.979787e-06	-4.552362e-10	-1.375736e+01	-3.249332e+01
1.420000e-06	-1.935912e-06	-4.510515e-10	-1.345248e+01	-3.216377e+01
1.430000e-06	-1.891987e-06	-4.489539e-10	-1.314724e+01	-3.182859e+01
1.440000e-06	-1.847950e-06	-4.475359e-10	-1.284124e+01	-3.148790e+01
1.450000e-06	-1.803761e-06	-4.435634e-10	-1.253417e+01	-3.114182e+01
1.460000e-06	-1.759431e-06	-4.370512e-10	-1.222613e+01	-3.079041e+01
1.470000e-06	-1.714924e-06	-4.280878e-10	-1.191685e+01	-3.043371e+01
1.480000e-06	-1.670261e-06	-4.187714e-10	-1.160649e+01	-3.007174e+01
1.490000e-06	-1.625510e-06	-4.100483e-10	-1.129552e+01	-2.970447e+01
1.500000e-06	-1.580638e-06	-4.031205e-10	-1.098371e+01	-2.933183e+01
1.510000e-06	-1.535636e-06	-3.971004e-10	-1.067099e+01	-2.895371e+01
1.520000e-06	-1.490522e-06	-3.909111e-10	-1.035750e+01	-2.856995e+01
1.530000e-06	-1.445294e-06	-3.840821e-10	-1.004321e+01	-2.818035e+01
1.540000e-06	-1.399963e-06	-3.768377e-10	-9.728218e+00	-2.778468e+01
1.550000e-06	-1.354497e-06	-3.677791e-10	-9.412277e+00	-2.738262e+01
1.560000e-06	-1.308974e-06	-3.569996e-10	-9.095940e+00	-2.697384e+01
1.570000e-06	-1.263397e-06	-3.492809e-10	-8.779233e+00	-2.655797e+01
1.580000e-06	-1.217718e-06	-3.442401e-10	-8.461810e+00	-2.613456e+01
1.590000e-06	-1.171944e-06	-3.389750e-10	-8.143735e+00	-2.570315e+01
1.600000e-06	-1.126111e-06	-3.322733e-10	-7.825243e+00	-2.526323e+01
1.610000e-06	-1.080215e-06	-3.250066e-10	-7.506317e+00	-2.481425e+01
1.620000e-06	-1.034226e-06	-3.162208e-10	-7.186743e+00	-2.435565e+01
1.630000e-06	-9.882247e-07	-3.071036e-10	-6.867084e+00	-2.388681e+01
1.640000e-06	-9.421783e-07	-2.970862e-10	-6.547111e+00	-2.340711e+01
1.650000e-06	-8.960427e-07	-2.875259e-10	-6.226519e+00	-2.291592e+01
1.660000e-06	-8.498348e-07	-2.793047e-10	-5.905425e+00	-2.241257e+01
1.670000e-06	-8.035456e-07	-2.718576e-10	-5.583765e+00	-2.189641e+01
1.680000e-06	-7.571615e-07	-2.653642e-10	-5.261446e+00	-2.136679e+01
1.690000e-06	-7.107433e-07	-2.598619e-10	-4.938890e+00	-2.082305e+01
1.700000e-06	-6.642692e-07	-2.545068e-10	-4.615947e+00	-2.026457e+01
1.710000e-06	-6.177379e-07	-2.451017e-10	-4.292604e+00	-1.969073e+01
1.720000e-06	-5.712081e-07	-2.318309e-10	-3.969273e+00	-1.910096e+01
1.730000e-06	-5.246652e-07	-2.196979e-10	-3.645851e+00	-1.849471e+01
1.740000e-06	-4.780609e-07	-2.086117e-10	-3.322002e+00	-1.787147e+01
1.750000e-06	-4.313334e-07	-1.992043e-10	-2.997297e+00	-1.723080e+01
1.760000e-06	-3.845720e-07	-1.916232e-10	-2.672356e+00	-1.657231e+01
1.770000e-06	-3.378206e-07	-1.847764e-10	-2.347484e+00	-1.589566e+01
1.780000e-06	-2.910542e-07	-1.774381e-10	-2.022509e+00	-1.520058e+01
1.790000e-06	-2.442525e-07	-1.660481e-10	-1.697289e+00	-1.448688e+01
1.800000e-06	-1.973692e-07	-1.522341e-10	-1.371501e+00	-1.375446e+01
1.810000e-06	-1.505176e-07	-1.385622e-10	-1.045933e+00	-1.300329e+01
1.820000e-06	-1.037009e-07	-1.249305e-10	-7.206079e-01	-1.223342e+01
1.830000e-06	-5.682314e-08	-1.127484e-10	-3.948589e-01	-1.144499e+01
1.840000e-06	-9.941462e-09	-1.032756e-10	-6.908231e-02	-1.063826e+01
1.850000e-06	3.699076e-08	-9.637322e-11	2.570454e-01	-9.813543e+00
1.860000e-06	8.391378e-08	-8.960269e-11	5.831092e-01	-8.971277e+00
1.870000e-06	1.307713e-07	-8.073537e-11	9.087178e-01	-8.111981e+00
1.880000e-06	1.776303e-07	-7.012261e-11	1.234337e+00	-7.236270e+00
1.890000e-06	2.245143e-07	-5.566016e-11	1.560130e+00	-6.344851e+00
1.900000e-06	2.713664e-07	-3.957331e-11	1.885701e+00	-5.438523e+00
1.910000e-06	3.181102e-07	-2.546990e-11	2.210519e+00	-4.518169e+00
1.920000e-06	3.648555e-07	-1.331757e-11	2.535348e+00	-3.584758e+00
1.930000e-06	4.116028e-07	-1.912802e-12	2.860190e+00	-2.639335e+00
1.940000e-06	4.582222e-07	7.892439e-12	3.184145e+00	-1.683020e+00
1.950000e-06	5.047970e-07	1.475187e-11	3.507788e+00	-7.170003e-01
1.960000e-06	5.513883e-07	2.213432e-11	3.831547e+00	2.574756e-01
1.970000e-06	5.979329e-07	3.324744e-11	4.154981e+00	1.239106e+00
1.980000e-06	6.443921e-07	4.825892e-11	4.477822e+00	2.226542e+00
1.990000e-06	6.908275e-07	6.597941e-11	4.800497e+00	3.218396e+00
2.000000e-06	7.372650e-07	8.281061e-11	5.123188e+00	4.213250e+00
2.010000e-06	7.835881e-07	9.587790e-11	5.445082e+00	5.209666e+00
2.020000e-06	8.297336e-07	1.069659e-10	5.765744e+00	6.206191e+00
2.030000e-06	8.757775e-07	1.189069e-10	6.085698e+00	7.201368e+00
2.040000e-06	9.218130e-07	1.326618e-10	6.405595e+00	8.193747e+00
2.050000e-06	9.678369e-07	1.466410e-10	6.725411e+00	9.181889e+00
2.060000e-06	1.013770e-06	1.605241e-10	7.044596e+00	1.016438e+01
2.070000e-06	1.059625e-06	1.763324e-10	7.363237e+00	1.113984e+01
2.080000e-06	1.105446e-06	1.923886e-10	7.681644e+00	1.210691e+01
2.090000e-06	1.151206e-06	2.055353e-10	7.999625e+00	1.306431e+01
2.100000e-06	1.196960e-06	2.166475e-10	8.317570e+00	1.401079e+01
2.110000e-06	1.242657e-06	2.270909e-10	8.635113e+00	1.494518e+01
2.120000e-06	1.288202e-06	2.377463e-10	8.951600e+00	1.586636e+01
2.130000e-06	1.333635e-06	2.499120e-10	9.267311e+00	1.677329e+01
2.140000e-06	1.379041e-06	2.626959e-10	9.582827e+00	1.766503e+01
2.150000e-06	1.424337e-06	2.745390e-10	9.897591e+00	1.854069e+01
2.160000e-06	1.469463e-06	2.856152e-10	1.021116e+01	1.939951e+01
2.170000e-06	1.514558e-06	2.976132e-10	1.052452e+01	2.024078e+01
2.180000e-06	1.559655e-06	3.096732e-10	1.083790e+01	2.106391e+01
2.190000e-06	1.604605e-06	3.205942e-10	1.115025e+01	2.186841e+01
2.200000e-06	1.649362e-06	3.312484e-10	1.146127e+01	2.265386e+01
2.210000e-06	1.693855e-06	3.421990e-10	1.177045e+01	2.341996e+01
2.220000e-06	1.738148e-06	3.539920e-10	1.207823e+01	2.416650e+01
2.230000e-06	1.782384e-06	3.646248e-10	1.238562e+01	2.489336e+01
2.240000e-06	1.826443e-06	3.737102e-10	1.269178e+01	2.560051e+01
2.250000e-06	1.870350e-06	3.809422e-10	1.299689e+01	2.628802e+01
2.260000e-06	1.914275e-06	3.869637e-10	1.330213e+01	2.695603e+01
2.270000e-06	1.958247e-06	3.941708e-10	1.360768e+01	2.760477e+01
2.280000e-06	2.002132e-06	4.034762e-10	1.391264e+01	2.823454e+01
2.290000e-06	2.045873e-06	4.139039e-10	1.421658e+01	2.884571e+01
2.300000e-06	2.089554e-06	4.229113e-10	1.452012e+01	2.943873e+01
2.310000e-06	2.133206e-06	4.301379e-10	1.482345e+01	3.001408e+01
2.320000e-06	2.176781e-06	4.367007e-10	1.512625e+01	3.057232e+01
2.330000e-06	2.220211e-06	4.426078e-10	1.542804e+01	3.111402e+01
2.340000e-06	2.263522e-06	4.482827e-10	1.572901e+01	3.163981e+01
2.350000e-06	2.306747e-06	4.548256e-10	1.602937e+01	3.215036e+01
2.360000e-06	2.349749e-06	4.636000e-10	1.632820e+01	3.264632e+01
2.370000e-06	2.392497e-06	4.737608e-10	1.662524e+01	3.312841e+01
2.380000e-06	2.434891e-06	4.834791e-10	1.691984e+01	3.359731e+01
2.390000e-06	2.476884e-06	4.927260e-10	1.721164e+01	3.405372e+01
2.400000e-06	2.518681e-06	5.003285e-10	1.750208e+01	3.449834e+01
2.410000e-06	2.560279e-06	5.063547e-10	1.779114e+01	3.493184e+01
2.420000e-06	2.601529e-06	5.135191e-10	1.807779e+01	3.535488e+01
2.430000e-06	2.642418e-06	5.211976e-10	1.836192e+01	3.576811e+01
2.440000e-06	2.682993e-06	5.275722e-10	1.864388e+01	3.617212e+01
2.450000e-06	2.723326e-06	5.351278e-10	1.892415e+01	3.656748e+01
2.460000e-06	2.763491e-06	5.427069e-10	1.920324e+01	3.695473e+01
2.470000e-06	2.803497e-06	5.487969e-10	1.948124e+01	3.733435e+01
2.480000e-06	2.843361e-06	5.541397e-10	1.975825e+01	3.770679e+01
2.490000e-06	2.883052e-06	5.595361e-10	2.003406e+01	3.807243e+01
2.500000e-06	2.922607e-06	5.663028e-10	2.030893e+01	3.843162e+01
2.510000e-06	2.962076e-06	5.737121e-10	2.058320e+01	3.878466e+01
2.520000e-06	3.001402e-06	5.811741e-10	2.085647e+01	3.913177e+01
2.530000e-06	3.040606e-06	5.877477e-10	2.112889e+01	3.947316e+01
2.540000e-06	3.079606e-06	5.919020e-10	2.139990e+01	3.980895e+01
2.550000e-06	3.118283e-06	5.935846e-10	2.166867e+01	4.013924e+01
2.560000e-06	3.156733e-06	5.961404e-10	2.193585e+01	4.046406e+01
2.570000e-06	3.194944e-06	6.006927e-10	2.220137e+01	4.078341e+01
2.580000e-06	3.232899e-06	6.050854e-10	2.246512e+01	4.109724e+01
2.590000e-06	3.270688e-06	6.098775e-10	2.272771e+01	4.140546e+01
2.600000e-06	3.308300e-06	6.151802e-10	2.298907e+01	4.170795e+01
2.610000e-06	3.345720e-06	6.203188e-10	2.324910e+01	4.200454e+01
2.620000e-06	3.382889e-06	6.254021e-10	2.350739e+01	4.229507e+01
2.630000e-06	3.419805e-06	6.292745e-10	2.376391e+01	4.257932e+01
2.640000e-06	3.456450e-06	6.331292e-10	2.401856e+01	4.285707e+01
2.650000e-06	3.492831e-06	6.362278e-10	2.427136e+01	4.312808e+01
2.660000e-06	3.528979e-06	6.381402e-10	2.452255e+01	4.339211e+01
2.670000e-06	3.564858e-06	6.392392e-10	2.477188e+01	4.364891e+01
2.680000e-06	3.600568e-06	6.399964e-10	2.502002e+01	4.389823e+01
2.690000e-06	3.636168e-06	6.423269e-10	2.526740e+01	4.413983e+01
2.700000e-06	3.671662e-06	6.468919e-10	2.551405e+01	4.437348e+01
2.710000e-06	3.707039e-06	6.534812e-10	2.575987e+01	4.459897e+01
2.720000e-06	3.742258e-06	6.585231e-10	2.600461e+01	4.481609e+01
2.730000e-06	3.777133e-06	6.615977e-10	2.624696e+01	4.502468e+01
2.740000e-06	3.811562e-06	6.629573e-10	2.648620e+01	4.522459e+01
2.750000e-06	3.845571e-06	6.632552e-10	2.672252e+01	4.541569e+01
2.760000e-06	3.878989e-06	6.642468e-10	2.695474e+01	4.559791e+01
2.770000e-06	3.911903e-06	6.666549e-10	2.718346e+01	4.577118e+01
2.780000e-06	3.944495e-06	6.705914e-10	2.740994e+01	4.593549e+01
2.790000e-06	3.976720e-06	6.744661e-10	2.763387e+01	4.609086e+01
2.800000e-06	4.008681e-06	6.779028e-10	2.785596e+01	4.623734e+01
2.810000e-06	4.040510e-06	6.815597e-10	2.807714e+01	4.637503e+01
2.820000e-06	4.072173e-06	6.853195e-10	2.829716e+01	4.650405e+01
2.830000e-06	4.103682e-06	6.873524e-10	2.851612e+01	4.662457e+01
2.840000e-06	4.135048e-06	6.872962e-10	2.873407e+01	4.673680e+01
2.850000e-06	4.166071e-06	6.869446e-10	2.894965e+01	4.684098e+01
2.860000e-06	4.196643e-06	6.874470e-10	2.916209e+01	4.693736e+01
2.870000e-06	4.226876e-06	6.886714e-10	2.937218e+01	4.702625e+01
2.880000e-06	4.256850e-06	6.907029e-10	2.958046e+01	4.710798e+01
2.890000e-06	4.286536e-06	6.941362e-10	2.978675e+01	4.718289e+01
2.900000e-06	4.315929e-06	6.977454e-10	2.999100e+01	4.725135e+01
2.910000e-06	4.345101e-06	7.014137e-10	3.019371e+01	4.731376e+01
2.920000e-06	4.374039e-06	7.046219e-10	3.039480e+01	4.737051e+01
2.930000e-06	4.402705e-06	7.052333e-10	3.059400e+01	4.742203e+01
2.940000e-06	4.430988e-06	7.045321e-10	3.079053e+01	4.746872e+01
2.950000e-06	4.458927e-06	7.050649e-10	3.098468e+01	4.751101e+01
2.960000e-06	4.486675e-06	7.077013e-10	3.117750e+01	4.754932e+01
2.970000e-06	4.514266e-06	7.103288e-10	3.136922e+01	4.758407e+01
2.980000e-06	4.541734e-06	7.119912e-10	3.156009e+01	4.761567e+01
2.990000e-06	4.568998e-06	7.127560e-10	3.174955e+01	4.764452e+01
3.000000e-06	4.595887e-06	7.114906e-10	3.193640e+01	4.767099e+01
3.010000e-06	4.622231e-06	7.100989e-10	3.211946e+01	4.769546e+01
3.020000e-06	4.647996e-06	7.107095e-10	3.229850e+01	4.771827e+01
3.030000e-06	4.673148e-06	7.133593e-10	3.247328e+01	4.773973e+01
3.040000e-06	4.697710e-06	7.168137e-10	3.264396e+01	4.776016e+01
3.050000e-06	4.721836e-06	7.187134e-10	3.281161e+01	4.777981e+01
3.060000e-06	4.745610e-06	7.189985e-10	3.297681e+01	4.779892e+01
3.070000e-06	4.769201e-06	7.191767e-10	3.314074e+01	4.781772e+01
3.080000e-06	4.792617e-06	7.194958e-10	3.330346e+01	4.783638e+01
3.090000e-06	4.815721e-06	7.195406e-10	3.346401e+01	4.785505e+01
3.100000e-06	4.838484e-06	7.191620e-10	3.362219e+01	4.787385e+01
3.110000e-06	4.860934e-06	7.187528e-10	3.377818e+01	4.789287e+01
3.120000e-06	4.883066e-06	7.182513e-10	3.393198e+01	4.791218e+01
3.130000e-06	4.904860e-06	7.189386e-10	3.408343e+01	4.793180e+01
3.140000e-06	4.926324e-06	7.202729e-10	3.423258e+01	4.795174e+01
3.150000e-06	4.947493e-06	7.219530e-10	3.437968e+01	4.797199e+01
3.160000e-06	4.968349e-06	7.242291e-10	3.452461e+01	4.799249e+01
3.170000e-06	4.988836e-06	7.264974e-10	3.466697e+01	4.801318e+01
3.180000e-06	5.008998e-06	7.291839e-10	3.480707e+01	4.803398e+01
3.190000e-06	5.028883e-06	7.302084e-10	3.494525e+01	4.805479e+01
3.200000e-06	5.048539e-06	7.300786e-10	3.508184e+01	4.807550e+01
3.210000e-06	5.067998e-06	7.287135e-10	3.521706e+01	4.809597e+01
3.220000e-06	5.087192e-06	7.275317e-10	3.535043e+01	4.811607e+01
3.230000e-06	5.106022e-06	7.302955e-10	3.548128e+01	4.813567e+01
3.240000e-06	5.124435e-06	7.347820e-10	3.560923e+01	4.815463e+01
3.250000e-06	5.142335e-06	7.369447e-10	3.573362e+01	4.817279e+01
3.260000e-06	5.159751e-06	7.350054e-10	3.585464e+01	4.819003e+01
3.270000e-06	5.176819e-06	7.301965e-10	3.597324e+01	4.820621e+01
3.280000e-06	5.193593e-06	7.272009e-10	3.608981e+01	4.822121e+01
3.290000e-06	5.210087e-06	7.273397e-10	3.620442e+01	4.823490e+01
3.300000e-06	5.226238e-06	7.293656e-10	3.631665e+01	4.824719e+01
3.310000e-06	5.242024e-06	7.330412e-10	3.642635e+01	4.825799e+01
3.320000e-06	5.257314e-06	7.349951e-10	3.653260e+01	4.826721e+01
3.330000e-06	5.272034e-06	7.346775e-10	3.663488e+01	4.827481e+01
3.340000e-06	5.286259e-06	7.320871e-10	3.673373e+01	4.828074e+01
3.350000e-06	5.300124e-06	7.305719e-10	3.683008e+01	4.828498e+01
3.360000e-06	5.313713e-06	7.279947e-10	3.692451e+01	4.828752e+01
3.370000e-06	5.326895e-06	7.258505e-10	3.701611e+01	4.828839e+01
3.380000e-06	5.339671e-06	7.271504e-10	3.710489e+01	4.828760e+01
3.390000e-06	5.352130e-06	7.288870e-10	3.719146e+01	4.828522e+01
3.400000e-06	5.364221e-06	7.294680e-10	3.727548e+01	4.828132e+01
3.410000e-06	5.375969e-06	7.306547e-10	3.735712e+01	4.827596e+01
3.420000e-06	5.387394e-06	7.313197e-10	3.743651e+01	4.826927e+01
3.430000e-06	5.398348e-06	7.312676e-10	3.751263e+01	4.826134e+01
3.440000e-06	5.408704e-06	7.320630e-10	3.758459e+01	4.825230e+01
3.450000e-06	5.418408e-06	7.325251e-10	3.765202e+01	4.824228e+01
3.460000e-06	5.427509e-06	7.318146e-10	3.771527e+01	4.823144e+01
3.470000e-06	5.436085e-06	7.290458e-10	3.777486e+01	4.821991e+01
3.480000e-06	5.444220e-06	7.271291e-10	3.783139e+01	4.820785e+01
3.490000e-06	5.452052e-06	7.272480e-10	3.788581e+01	4.819542e+01
3.500000e-06	5.459640e-06	7.290060e-10	3.793854e+01	4.818276e+01
3.510000e-06	5.466896e-06	7.299197e-10	3.798896e+01	4.817002e+01
3.520000e-06	5.473830e-06	7.311354e-10	3.803715e+01	4.815735e+01
3.530000e-06	5.480419e-06	7.331116e-10	3.808293e+01	4.814489e+01
3.540000e-06	5.486598e-06	7.314008e-10	3.812587e+01	4.813276e+01
3.550000e-06	5.492404e-06	7.295534e-10	3.816621e+01	4.812108e+01
3.560000e-06	5.497808e-06	7.296358e-10	3.820377e+01	4.810996e+01
3.570000e-06	5.502836e-06	7.307385e-10	3.823870e+01	4.809948e+01
3.580000e-06	5.507432e-06	7.319655e-10	3.827064e+01	4.808973e+01
3.590000e-06	5.511643e-06	7.330368e-10	3.829990e+01	4.808075e+01
3.600000e-06	5.515594e-06	7.332491e-10	3.832736e+01	4.807259e+01
3.610000e-06	5.519340e-06	7.314119e-10	3.835339e+01	4.806527e+01
3.620000e-06	5.522919e-06	7.316398e-10	3.837826e+01	4.805879e+01
3.630000e-06	5.526236e-06	7.329275e-10	3.840131e+01	4.805314e+01
3.640000e-06	5.529149e-06	7.359433e-10	3.842156e+01	4.804827e+01
3.650000e-06	5.531500e-06	7.407991e-10	3.843789e+01	4.804415e+01
3.660000e-06	5.533196e-06	7.440919e-10	3.844967e+01	4.804069e+01
3.670000e-06	5.534231e-06	7.440332e-10	3.845687e+01	4.803782e+01
3.680000e-06	5.534645e-06	7.426969e-10	3.845975e+01	4.803542e+01
3.690000e-06	5.534682e-06	7.410718e-10	3.846000e+01	4.803337e+01
3.700000e-06	5.534456e-06	7.406794e-10	3.845843e+01	4.803156e+01
3.710000e-06	5.533945e-06	7.414249e-10	3.845488e+01	4.802983e+01
3.720000e-06	5.533143e-06	7.426097e-10	3.844930e+01	4.802803e+01
3.730000e-06	5.531970e-06	7.431502e-10	3.844116e+01	4.802601e+01
3.740000e-06	5.530391e-06	7.452095e-10	3.843019e+01	4.802359e+01
3.750000e-06	5.528486e-06	7.556353e-10	3.841695e+01	4.802060e+01
3.760000e-06	5.526306e-06	7.819446e-10	3.840180e+01	4.801689e+01
3.770000e-06	5.523709e-06	7.891412e-10	3.838375e+01	4.801226e+01
3.780000e-06	5.520701e-06	7.198518e-10	3.836285e+01	4.800657e+01
3.790000e-06	5.517188e-06	6.491985e-10	3.833844e+01	4.799963e+01
3.800000e-06	5.513137e-06	7.206082e-10	3.831029e+01	4.799130e+01
3.810000e-06	5.508832e-06	8.536492e-10	3.828038e+01	4.798142e+01
3.820000e-06	5.504464e-06	8.181715e-10	3.825002e+01	4.796986e+01
3.830000e-06	5.499881e-06	7.178077e-10	3.821818e+01	4.795648e+01
3.840000e-06	5.494786e-06	7.339021e-10	3.818277e+01	4.794118e+01
3.850000e-06	5.489025e-06	8.407374e-10	3.814273e+01	4.792384e+01
3.860000e-06	5.482842e-06	8.138148e-10	3.809977e+01	4.790438e+01
3.870000e-06	5.476470e-06	6.576028e-10	3.805549e+01	4.788274e+01
3.880000e-06	5.469494e-06	7.092006e-10	3.800702e+01	4.785885e+01
3.890000e-06	5.461759e-06	8.857712e-10	3.795327e+01	4.783268e+01
3.900000e-06	5.453674e-06	8.573007e-10	3.789708e+01	4.780421e+01
3.910000e-06	5.445386e-06	6.408254e-10	3.783949e+01	4.777343e+01
3.920000e-06	5.436659e-06	6.611342e-10	3.777885e+01	4.774035e+01
3.930000e-06	5.427488e-06	8.569508e-10	3.771512e+01	4.770500e+01
3.940000e-06	5.418154e-06	8.559712e-10	3.765026e+01	4.766743e+01
3.950000e-06	5.408606e-06	6.905509e-10	3.758391e+01	4.762768e+01
3.960000e-06	5.398512e-06	7.022739e-10	3.751377e+01	4.758582e+01
3.970000e-06	5.387966e-06	8.237447e-10	3.744049e+01	4.754193e+01
3.980000e-06	5.377224e-06	7.824659e-10	3.736584e+01	4.749610e+01
3.990000e-06	5.366051e-06	6.828930e-10	3.728820e+01	4.744843e+01
4.000000e-06	5.354301e-06	7.237111e-10	3.720655e+01	4.739901e+01
4.010000e-06	5.342249e-06	7.999727e-10	3.712280e+01	4.734794e+01
4.020000e-06	5.329938e-06	7.409531e-10	3.703725e+01	4.729535e+01
4.030000e-06	5.317050e-06	6.734218e-10	3.694770e+01	4.724133e+01
4.040000e-06	5.303576e-06	7.144788e-10	3.685407e+01	4.718598e+01
4.050000e-06	5.289843e-06	7.742988e-10	3.675864e+01	4.712943e+01
4.060000e-06	5.275661e-06	7.059866e-10	3.666009e+01	4.707175e+01
4.070000e-06	5.260690e-06	6.493229e-10	3.655606e+01	4.701305e+01
4.080000e-06	5.245167e-06	7.322388e-10	3.644819e+01	4.695340e+01
4.090000e-06	5.229337e-06	8.052803e-10	3.633819e+01	4.689288e+01
4.100000e-06	5.213099e-06	6.979265e-10	3.622535e+01	4.683156e+01
4.110000e-06	5.196432e-06	6.404297e-10	3.610953e+01	4.676947e+01
4.120000e-06	5.179519e-06	7.581701e-10	3.599201e+01	4.670666e+01
4.130000e-06	5.162343e-06	7.814102e-10	3.587265e+01	4.664315e+01
4.140000e-06	5.144775e-06	6.523950e-10	3.575058e+01	4.657895e+01
4.150000e-06	5.126846e-06	6.962193e-10	3.562599e+01	4.651405e+01
4.160000e-06	5.108605e-06	8.076935e-10	3.549923e+01	4.644843e+01
4.170000e-06	5.089980e-06	7.019615e-10	3.536981e+01	4.638207e+01
4.180000e-06	5.071002e-06	6.384870e-10	3.523793e+01	4.631491e+01
4.190000e-06	5.051783e-06	7.807309e-10	3.510438e+01	4.624689e+01
4.200000e-06	5.032184e-06	7.627466e-10	3.496819e+01	4.617794e+01
4.210000e-06	5.012199e-06	6.193706e-10	3.482932e+01	4.610798e+01
4.220000e-06	4.992022e-06	7.084903e-10	3.468911e+01	4.603691e+01
4.230000e-06	4.971651e-06	7.869103e-10	3.454755e+01	4.596464e+01
4.240000e-06	4.950961e-06	6.550805e-10	3.440378e+01	4.589105e+01
4.250000e-06	4.929939e-06	6.625741e-10	3.425770e+01	4.581604e+01
4.260000e-06	4.908558e-06	7.824851e-10	3.410912e+01	4.573949e+01
4.270000e-06	4.886534e-06	6.916956e-10	3.395608e+01	4.566128e+01
4.280000e-06	4.863694e-06	6.348596e-10	3.379737e+01	4.558131e+01
4.290000e-06	4.840392e-06	7.542880e-10	3.363545e+01	4.549945e+01
4.300000e-06	4.816797e-06	7.319185e-10	3.347148e+01	4.541561e+01
4.310000e-06	4.792808e-06	6.275948e-10	3.330479e+01	4.532969e+01
4.320000e-06	4.768557e-06	7.018758e-10	3.313627e+01	4.524159e+01
4.330000e-06	4.744103e-06	7.422137e-10	3.296634e+01	4.515125e+01
4.340000e-06	4.719353e-06	6.652852e-10	3.279435e+01	4.505859e+01
4.350000e-06	4.694275e-06	6.837837e-10	3.262009e+01	4.496356e+01
4.360000e-06	4.668969e-06	7.282331e-10	3.244424e+01	4.486613e+01
4.370000e-06	4.643319e-06	6.698349e-10	3.226600e+01	4.476628e+01
4.380000e-06	4.617261e-06	6.663666e-10	3.208492e+01	4.466401e+01
4.390000e-06	4.590911e-06	7.137000e-10	3.190182e+01	4.455932e+01
4.400000e-06	4.564241e-06	6.904304e-10	3.171650e+01	4.445227e+01
4.410000e-06	4.537293e-06	6.707501e-10	3.152923e+01	4.434289e+01
4.420000e-06	4.510069e-06	6.977923e-10	3.134006e+01	4.423126e+01
4.430000e-06	4.482484e-06	6.913616e-10	3.114838e+01	4.411747e+01
4.440000e-06	4.454614e-06	6.777525e-10	3.095471e+01	4.400163e+01
4.450000e-06	4.426581e-06	6.861607e-10	3.075991e+01	4.388386e+01
4.460000e-06	4.398383e-06	6.780285e-10	3.056396e+01	4.376430e+01
4.470000e-06	4.370022e-06	6.693662e-10	3.036689e+01	4.364310e+01
4.480000e-06	4.341437e-06	6.841549e-10	3.016825e+01	4.352042e+01
4.490000e-06	4.312429e-06	6.847395e-10	2.996668e+01	4.339645e+01
4.500000e-06	4.282829e-06	6.716872e-10	2.976099e+01	4.327135e+01
4.510000e-06	4.252732e-06	6.763054e-10	2.955185e+01	4.314532e+01
4.520000e-06	4.222245e-06	6.743013e-10	2.933999e+01	4.301854e+01
4.530000e-06	4.191391e-06	6.594830e-10	2.912560e+01	4.289121e+01
4.540000e-06	4.160148e-06	6.626308e-10	2.890849e+01	4.276352e+01
4.550000e-06	4.128472e-06	6.752514e-10	2.868838e+01	4.263564e+01
4.560000e-06	4.096533e-06	6.659298e-10	2.846643e+01	4.250775e+01
4.570000e-06	4.064441e-06	6.625741e-10	2.824343e+01	4.238001e+01
4.580000e-06	4.032193e-06	6.784448e-10	2.801935e+01	4.225258e+01
4.590000e-06	3.999738e-06	6.747931e-10	2.779381e+01	4.212559e+01
4.600000e-06	3.966998e-06	6.503173e-10	2.756631e+01	4.199915e+01
4.610000e-06	3.933982e-06	6.487889e-10	2.733688e+01	4.187336e+01
4.620000e-06	3.900723e-06	6.528493e-10	2.710577e+01	4.174829e+01
4.630000e-06	3.867178e-06	6.424092e-10	2.687267e+01	4.162399e+01
4.640000e-06	3.833364e-06	6.452482e-10	2.663770e+01	4.150047e+01
4.650000e-06	3.799382e-06	6.592910e-10	2.640156e+01	4.137774e+01
4.660000e-06	3.765156e-06	6.497657e-10	2.616373e+01	4.125575e+01
4.670000e-06	3.730604e-06	6.396360e-10	2.592363e+01	4.113443e+01
4.680000e-06	3.695704e-06	6.463311e-10	2.568111e+01	4.101370e+01
4.690000e-06	3.660452e-06	6.437488e-10	2.543615e+01	4.089342e+01
4.700000e-06	3.624949e-06	6.286053e-10	2.518944e+01	4.077343e+01
4.710000e-06	3.589242e-06	6.294904e-10	2.494131e+01	4.065356e+01
4.720000e-06	3.553318e-06	6.376665e-10	2.469169e+01	4.053357e+01
4.730000e-06	3.517225e-06	6.357716e-10	2.444088e+01	4.041324e+01
4.740000e-06	3.480985e-06	6.349862e-10	2.418905e+01	4.029228e+01
4.750000e-06	3.444622e-06	6.393876e-10	2.393636e+01	4.017042e+01
4.760000e-06	3.408125e-06	6.338653e-10	2.368275e+01	4.004733e+01
4.770000e-06	3.371424e-06	6.237043e-10	2.342772e+01	3.992268e+01
4.780000e-06	3.334517e-06	6.228801e-10	2.317126e+01	3.979612e+01
4.790000e-06	3.297388e-06	6.227082e-10	2.291325e+01	3.966730e+01
4.800000e-06	3.259856e-06	6.192780e-10	2.265245e+01	3.953583e+01
4.810000e-06	3.221794e-06	6.204508e-10	2.238795e+01	3.940135e+01
4.820000e-06	3.183253e-06	6.234310e-10	2.212014e+01	3.926346e+01
4.830000e-06	3.144319e-06	6.190724e-10	2.184959e+01	3.912179e+01
4.840000e-06	3.105025e-06	6.147356e-10	2.157654e+01	3.897596e+01
4.850000e-06	3.065489e-06	6.122150e-10	2.130180e+01	3.882559e+01
4.860000e-06	3.025806e-06	6.057308e-10	2.102605e+01	3.867033e+01
4.870000e-06	2.986000e-06	6.008336e-10	2.074944e+01	3.850983e+01
4.880000e-06	2.946030e-06	6.030944e-10	2.047169e+01	3.834376e+01
4.890000e-06	2.905885e-06	6.035595e-10	2.019273e+01	3.817181e+01
4.900000e-06	2.865623e-06	6.028031e-10	1.991295e+01	3.799370e+01
4.910000e-06	2.825241e-06	6.035909e-10	1.963234e+01	3.780916e+01
4.920000e-06	2.784692e-06	6.024754e-10	1.935057e+01	3.761796e+01
4.930000e-06	2.743889e-06	5.957102e-10	1.906704e+01	3.741990e+01
4.940000e-06	2.702910e-06	5.890917e-10	1.878228e+01	3.721479e+01
4.950000e-06	2.661828e-06	5.846666e-10	1.849680e+01	3.700251e+01
4.960000e-06	2.620585e-06	5.823022e-10	1.821021e+01	3.678293e+01
4.970000e-06	2.579078e-06	5.815618e-10	1.792178e+01	3.655599e+01
4.980000e-06	2.537356e-06	5.832578e-10	1.763186e+01	3.632162e+01
4.990000e-06	2.495533e-06	5.822022e-10	1.734123e+01	3.607983e+01
5.000000e-06	2.453583e-06	5.760358e-10	1.704972e+01	3.583063e+01
5.010000e-06	2.411469e-06	5.681245e-10	1.675708e+01	3.557406e+01
5.020000e-06	2.369201e-06	5.618777e-10	1.646336e+01	3.531019e+01
5.030000e-06	2.326761e-06	5.575728e-10	1.616845e+01	3.503913e+01
5.040000e-06	2.284136e-06	5.544736e-10	1.587226e+01	3.476098e+01
5.050000e-06	2.241304e-06	5.533206e-10	1.557462e+01	3.447589e+01
5.060000e-06	2.198333e-06	5.533186e-10	1.527602e+01	3.418401e+01
5.070000e-06	2.155248e-06	5.526635e-10	1.497662e+01	3.388550e+01
5.080000e-06	2.111915e-06	5.503527e-10	1.467551e+01	3.358053e+01
5.090000e-06	2.068436e-06	5.461016e-10	1.437337e+01	3.326927e+01
5.100000e-06	2.024911e-06	5.400839e-10	1.407092e+01	3.295191e+01
5.110000e-06	1.981267e-06	5.348801e-10	1.376765e+01	3.262861e+01
5.120000e-06	1.937457e-06	5.295101e-10	1.346321e+01	3.229953e+01
5.130000e-06	1.893553e-06	5.249178e-10	1.315813e+01	3.196481e+01
5.140000e-06	1.849597e-06	5.230358e-10	1.285268e+01	3.162457e+01
5.150000e-06	1.805557e-06	5.227821e-10	1.254665e+01	3.127893e+01
5.160000e-06	1.761438e-06	5.192076e-10	1.224008e+01	3.092796e+01
5.170000e-06	1.717271e-06	5.121538e-10	1.193316e+01	3.057170e+01
5.180000e-06	1.673004e-06	5.051420e-10	1.162555e+01	3.021016e+01
5.190000e-06	1.628590e-06	5.004784e-10	1.131692e+01	2.984333e+01
5.200000e-06	1.584132e-06	4.950903e-10	1.100799e+01	2.947114e+01
5.210000e-06	1.539650e-06	4.904505e-10	1.069889e+01	2.909348e+01
5.220000e-06	1.495066e-06	4.863747e-10	1.038907e+01	2.871019e+01
5.230000e-06	1.450358e-06	4.815546e-10	1.007840e+01	2.832109e+01
5.240000e-06	1.405580e-06	4.728861e-10	9.767244e+00	2.792592e+01
5.250000e-06	1.360785e-06	4.618985e-10	9.455969e+00	2.752440e+01
5.260000e-06	1.315895e-06	4.522523e-10	9.144034e+00	2.711620e+01
5.270000e-06	1.270839e-06	4.439348e-10	8.830944e+00	2.670093e+01
5.280000e-06	1.225707e-06	4.378582e-10	8.517326e+00	2.627816e+01
5.290000e-06	1.180499e-06	4.317996e-10	8.203181e+00	2.584743e+01
5.300000e-06	1.135138e-06	4.249622e-10	7.887969e+00	2.540824e+01
5.310000e-06	1.089638e-06	4.167665e-10	7.571798e+00	2.496003e+01
5.320000e-06	1.043968e-06	4.090780e-10	7.254437e+00	2.450225e+01
5.330000e-06	9.981853e-07	4.020138e-10	6.936299e+00	2.403428e+01
5.340000e-06	9.523641e-07	3.967061e-10	6.617891e+00	2.355551e+01
5.350000e-06	9.064431e-07	3.906801e-10	6.298790e+00	2.306530e+01
5.360000e-06	8.604631e-07	3.830857e-10	5.979280e+00	2.256298e+01
5.370000e-06	8.144354e-07	3.777187e-10	5.659437e+00	2.204791e+01
5.380000e-06	7.682962e-07	3.703193e-10	5.338821e+00	2.151943e+01
5.390000e-06	7.221112e-07	3.588419e-10	5.017885e+00	2.097689e+01
5.400000e-06	6.759170e-07	3.466799e-10	4.696886e+00	2.041966e+01
5.410000e-06	6.296472e-07	3.370218e-10	4.375361e+00	1.984712e+01
5.420000e-06	5.832557e-07	3.284709e-10	4.052991e+00	1.925869e+01
5.430000e-06	5.368736e-07	3.182484e-10	3.730686e+00	1.865383e+01
5.440000e-06	4.904835e-07	3.107849e-10	3.408326e+00	1.803202e+01
5.450000e-06	4.439834e-07	3.033589e-10	3.085200e+00	1.739282e+01
5.460000e-06	3.974404e-07	2.939529e-10	2.761777e+00	1.673582e+01
5.470000e-06	3.509298e-07	2.836151e-10	2.438579e+00	1.606069e+01
5.480000e-06	3.043682e-07	2.724531e-10	2.115027e+00	1.536715e+01
5.490000e-06	2.576995e-07	2.603835e-10	1.790730e+00	1.465501e+01
5.500000e-06	2.110689e-07	2.479213e-10	1.466698e+00	1.392415e+01
5.510000e-06	1.645130e-07	2.348728e-10	1.143186e+00	1.317453e+01
5.520000e-06	1.179915e-07	2.202934e-10	8.199119e-01	1.240621e+01
5.530000e-06	7.148843e-08	2.084033e-10	4.967666e-01	1.161932e+01
5.540000e-06	2.498252e-08	1.996559e-10	1.736013e-01	1.081409e+01
5.550000e-06	-2.159335e-08	1.890714e-10	-1.500502e-01	9.990858e+00
5.560000e-06	-6.817884e-08	1.744692e-10	-4.737685e-01	9.150032e+00
5.570000e-06	-1.147457e-07	1.575898e-10	-7.973575e-01	8.292129e+00
5.580000e-06	-1.613581e-07	1.406716e-10	-1.121263e+00	7.417756e+00
5.590000e-06	-2.079534e-07	1.234622e-10	-1.445049e+00	6.527614e+00
5.600000e-06	-2.545161e-07	1.070299e-10	-1.768609e+00	5.622491e+00
5.610000e-06	-3.010616e-07	9.353042e-11	-2.092050e+00	4.703267e+00
5.620000e-06	-3.475641e-07	8.026333e-11	-2.415191e+00	3.770900e+00
5.630000e-06	-3.940153e-07	6.695809e-11	-2.737976e+00	2.826433e+00
5.640000e-06	-4.403714e-07	5.350811e-11	-3.060101e+00	1.870977e+00
5.650000e-06	-4.866568e-07	3.842800e-11	-3.381734e+00	9.057156e-01
5.660000e-06	-5.328794e-07	2.197283e-11	-3.702930e+00	-6.810860e-02
5.670000e-06	-5.791101e-07	5.440047e-12	-4.024184e+00	-1.049197e+00
5.680000e-06	-6.253499e-07	-1.139840e-11	-4.345500e+00	-2.036206e+00
5.690000e-06	-6.715484e-07	-2.756705e-11	-4.666528e+00	-3.027749e+00
5.700000e-06	-7.177394e-07	-4.472070e-11	-4.987506e+00	-4.022412e+00
5.710000e-06	-7.638894e-07	-6.339632e-11	-5.308198e+00	-5.018757e+00
5.720000e-06	-8.099392e-07	-8.162526e-11	-5.628194e+00	-6.015333e+00
5.730000e-06	-8.558265e-07	-9.915035e-11	-5.947061e+00	-7.010682e+00
5.740000e-06	-9.016999e-07	-1.164962e-10	-6.265830e+00	-8.003353e+00
5.750000e-06	-9.475611e-07	-1.332435e-10	-6.584516e+00	-8.991907e+00
5.760000e-06	-9.932581e-07	-1.489053e-10	-6.902060e+00	-9.974926e+00
5.770000e-06	-1.038835e-06	-1.634747e-10	-7.218773e+00	-1.095102e+01
5.780000e-06	-1.084363e-06	-1.781771e-10	-7.535136e+00	-1.191885e+01
5.790000e-06	-1.129772e-06	-1.933527e-10	-7.850684e+00	-1.287711e+01
5.800000e-06	-1.175021e-06	-2.090245e-10	-8.165111e+00	-1.382455e+01
5.810000e-06	-1.220202e-06	-2.249688e-10	-8.479070e+00	-1.475999e+01
5.820000e-06	-1.265211e-06	-2.399360e-10	-8.791834e+00	-1.568231e+01
5.830000e-06	-1.310059e-06	-2.545106e-10	-9.103481e+00	-1.659048e+01
5.840000e-06	-1.354867e-06	-2.682289e-10	-9.414850e+00	-1.748352e+01
5.850000e-06	-1.399590e-06	-2.812262e-10	-9.725625e+00	-1.836056e+01
5.860000e-06	-1.444207e-06	-2.949632e-10	-1.003567e+01	-1.922081e+01
5.870000e-06	-1.488734e-06	-3.105714e-10	-1.034508e+01	-2.006357e+01
5.880000e-06	-1.533178e-06	-3.273055e-10	-1.065391e+01	-2.088824e+01
5.890000e-06	-1.577627e-06	-3.419653e-10	-1.096279e+01	-2.169431e+01
5.900000e-06	-1.622071e-06	-3.550193e-10	-1.127162e+01	-2.248136e+01
5.910000e-06	-1.666418e-06	-3.678375e-10	-1.157979e+01	-2.324909e+01
5.920000e-06	-1.710687e-06	-3.792960e-10	-1.188741e+01	-2.399727e+01
5.930000e-06	-1.754901e-06	-3.896760e-10	-1.219465e+01	-2.472578e+01
5.940000e-06	-1.799104e-06	-4.010592e-10	-1.250181e+01	-2.543457e+01
5.950000e-06	-1.843234e-06	-4.127849e-10	-1.280847e+01	-2.612372e+01
5.960000e-06	-1.887199e-06	-4.214947e-10	-1.311397e+01	-2.679335e+01
5.970000e-06	-1.931068e-06	-4.318478e-10	-1.341881e+01	-2.744368e+01
5.980000e-06	-1.974832e-06	-4.429038e-10	-1.372293e+01	-2.807503e+01
5.990000e-06	-2.018459e-06	-4.549059e-10	-1.402609e+01	-2.868774e+01
6.000000e-06	-2.061961e-06	-4.682076e-10	-1.432838e+01	-2.928226e+01
6.010000e-06	-2.105281e-06	-4.814724e-10	-1.462940e+01	-2.985907e+01
6.020000e-06	-2.148380e-06	-4.918932e-10	-1.492890e+01	-3.041871e+01
6.030000e-06	-2.191359e-06	-4.990544e-10	-1.522755e+01	-3.096177e+01
6.040000e-06	-2.234186e-06	-5.058878e-10	-1.552516e+01	-3.148887e+01
6.050000e-06	-2.276801e-06	-5.136251e-10	-1.582128e+01	-3.200066e+01
6.060000e-06	-2.319181e-06	-5.243617e-10	-1.611578e+01	-3.249782e+01
6.070000e-06	-2.361403e-06	-5.372281e-10	-1.640917e+01	-3.298104e+01
6.080000e-06	-2.403614e-06	-5.526134e-10	-1.670249e+01	-3.345101e+01
6.090000e-06	-2.445755e-06	-5.642695e-10	-1.699533e+01	-3.390844e+01
6.100000e-06	-2.487706e-06	-5.745360e-10	-1.728685e+01	-3.435402e+01
6.110000e-06	-2.529433e-06	-5.826086e-10	-1.757680e+01	-3.478843e+01
6.120000e-06	-2.570980e-06	-5.879744e-10	-1.786550e+01	-3.521232e+01
6.130000e-06	-2.612294e-06	-5.917541e-10	-1.815259e+01	-3.562635e+01
6.140000e-06	-2.653392e-06	-5.960810e-10	-1.843818e+01	-3.603111e+01
6.150000e-06	-2.694281e-06	-6.041196e-10	-1.872231e+01	-3.642718e+01
6.160000e-06	-2.735002e-06	-6.175826e-10	-1.900528e+01	-3.681508e+01
6.170000e-06	-2.775593e-06	-6.306587e-10	-1.928734e+01	-3.719533e+01
6.180000e-06	-2.816007e-06	-6.410853e-10	-1.956818e+01	-3.756835e+01
6.190000e-06	-2.856304e-06	-6.463579e-10	-1.984819e+01	-3.793455e+01
6.200000e-06	-2.896529e-06	-6.472118e-10	-2.012771e+01	-3.829427e+01
6.210000e-06	-2.936651e-06	-6.474474e-10	-2.040652e+01	-3.864781e+01
6.220000e-06	-2.976671e-06	-6.505442e-10	-2.068462e+01	-3.899542e+01
6.230000e-06	-3.016560e-06	-6.585645e-10	-2.096180e+01	-3.933728e+01
6.240000e-06	-3.056176e-06	-6.670637e-10	-2.123709e+01	-3.967354e+01
6.250000e-06	-3.095470e-06	-6.771572e-10	-2.151014e+01	-4.000429e+01
6.260000e-06	-3.134413e-06	-6.843910e-10	-2.178075e+01	-4.032957e+01
6.270000e-06	-3.172993e-06	-6.863971e-10	-2.204884e+01	-4.064938e+01
6.280000e-06	-3.211245e-06	-6.869746e-10	-2.231465e+01	-4.096367e+01
6.290000e-06	-3.249070e-06	-6.888986e-10	-2.257749e+01	-4.127237e+01
6.300000e-06	-3.286513e-06	-6.899473e-10	-2.283768e+01	-4.157534e+01
6.310000e-06	-3.323674e-06	-6.936688e-10	-2.309591e+01	-4.187244e+01
6.320000e-06	-3.360489e-06	-7.016125e-10	-2.335173e+01	-4.216349e+01
6.330000e-06	-3.397012e-06	-7.109228e-10	-2.360553e+01	-4.244827e+01
6.340000e-06	-3.433384e-06	-7.174485e-10	-2.385828e+01	-4.272657e+01
6.350000e-06	-3.469663e-06	-7.202685e-10	-2.411037e+01	-4.299816e+01
6.360000e-06	-3.505821e-06	-7.187962e-10	-2.436163e+01	-4.326278e+01
6.370000e-06	-3.541810e-06	-7.185783e-10	-2.461171e+01	-4.352020e+01
6.380000e-06	-3.577595e-06	-7.189480e-10	-2.486038e+01	-4.377015e+01
6.390000e-06	-3.613158e-06	-7.200659e-10	-2.510750e+01	-4.401241e+01
6.400000e-06	-3.648484e-06	-7.241884e-10	-2.535299e+01	-4.424674e+01
6.410000e-06	-3.683499e-06	-7.312294e-10	-2.559630e+01	-4.447292e+01
6.420000e-06	-3.718217e-06	-7.396131e-10	-2.583755e+01	-4.469075e+01
6.430000e-06	-3.752687e-06	-7.457756e-10	-2.607708e+01	-4.490006e+01
6.440000e-06	-3.786927e-06	-7.478113e-10	-2.631501e+01	-4.510070e+01
6.450000e-06	-3.820938e-06	-7.454268e-10	-2.655135e+01	-4.529255e+01
6.460000e-06	-3.854695e-06	-7.406291e-10	-2.678592e+01	-4.547551e+01
6.470000e-06	-3.888087e-06	-7.386099e-10	-2.701796e+01	-4.564953e+01
6.480000e-06	-3.921046e-06	-7.444013e-10	-2.724699e+01	-4.581459e+01
6.490000e-06	-3.953734e-06	-7.532310e-10	-2.747414e+01	-4.597071e+01
6.500000e-06	-3.986248e-06	-7.592440e-10	-2.770007e+01	-4.611793e+01
6.510000e-06	-4.018610e-06	-7.630318e-10	-2.792495e+01	-4.625635e+01
6.520000e-06	-4.050847e-06	-7.638433e-10	-2.814897e+01	-4.638609e+01
6.530000e-06	-4.082881e-06	-7.610353e-10	-2.837157e+01	-4.650732e+01
6.540000e-06	-4.114623e-06	-7.573955e-10	-2.859214e+01	-4.662024e+01
6.550000e-06	-4.145979e-06	-7.541306e-10	-2.881003e+01	-4.672507e+01
6.560000e-06	-4.176991e-06	-7.542769e-10	-2.902553e+01	-4.682210e+01
6.570000e-06	-4.207616e-06	-7.584922e-10	-2.923834e+01	-4.691161e+01
6.580000e-06	-4.237697e-06	-7.649868e-10	-2.944737e+01	-4.699392e+01
6.590000e-06	-4.267264e-06	-7.707464e-10	-2.965283e+01	-4.706939e+01
6.600000e-06	-4.296389e-06	-7.738546e-10	-2.985521e+01	-4.713838e+01
6.610000e-06	-4.325132e-06	-7.726749e-10	-3.005495e+01	-4.720128e+01
6.620000e-06	-4.353612e-06	-7.679162e-10	-3.025285e+01	-4.725850e+01
6.630000e-06	-4.381938e-06	-7.651213e-10	-3.044969e+01	-4.731043e+01
6.640000e-06	-4.410111e-06	-7.664876e-10	-3.064546e+01	-4.735751e+01
6.650000e-06	-4.438103e-06	-7.694284e-10	-3.083998e+01	-4.740016e+01
6.660000e-06	-4.465850e-06	-7.737715e-10	-3.103279e+01	-4.743879e+01
6.670000e-06	-4.493230e-06	-7.780182e-10	-3.122305e+01	-4.747383e+01
6.680000e-06	-4.520242e-06	-7.804840e-10	-3.141075e+01	-4.750568e+01
6.690000e-06	-4.546905e-06	-7.813210e-10	-3.159603e+01	-4.753474e+01
6.700000e-06	-4.573235e-06	-7.809312e-10	-3.177899e+01	-4.756140e+01
6.710000e-06	-4.599308e-06	-7.795344e-10	-3.196017e+01	-4.758603e+01
6.720000e-06	-4.625033e-06	-7.783449e-10	-3.213893e+01	-4.760897e+01
6.730000e-06	-4.650336e-06	-7.775860e-10	-3.231476e+01	-4.763054e+01
6.740000e-06	-4.675321e-06	-7.766952e-10	-3.248838e+01	-4.765104e+01
6.750000e-06	-4.700050e-06	-7.753523e-10	-3.266022e+01	-4.767075e+01
6.760000e-06	-4.724511e-06	-7.732729e-10	-3.283019e+01	-4.768990e+01
6.770000e-06	-4.748799e-06	-7.716194e-10	-3.299897e+01	-4.770872e+01
6.780000e-06	-4.772920e-06	-7.715192e-10	-3.316659e+01	-4.772739e+01
6.790000e-06	-4.796761e-06	-7.733891e-10	-3.333225e+01	-4.774606e+01
6.800000e-06	-4.820304e-06	-7.761711e-10	-3.349585e+01	-4.776485e+01
6.810000e-06	-4.843419e-06	-7.780749e-10	-3.365648e+01	-4.778385e+01
6.820000e-06	-4.865882e-06	-7.800931e-10	-3.381257e+01	-4.780314e+01
6.830000e-06	-4.887732e-06	-7.815130e-10	-3.396441e+01	-4.782274e+01
6.840000e-06	-4.909026e-06	-7.816144e-10	-3.411237e+01	-4.784266e+01
6.850000e-06	-4.929800e-06	-7.808073e-10	-3.425673e+01	-4.786288e+01
6.860000e-06	-4.950287e-06	-7.775786e-10	-3.439910e+01	-4.788337e+01
6.870000e-06	-4.970635e-06	-7.752148e-10	-3.454049e+01	-4.790406e+01
6.880000e-06	-4.990813e-06	-7.759137e-10	-3.468071e+01	-4.792486e+01
6.890000e-06	-5.010796e-06	-7.773481e-10	-3.481956e+01	-4.794567e+01
6.900000e-06	-5.030484e-06	-7.785407e-10	-3.495638e+01	-4.796639e+01
6.910000e-06	-5.049757e-06	-7.783048e-10	-3.509030e+01	-4.798689e+01
6.920000e-06	-5.068606e-06	-7.757103e-10	-3.522128e+01	-4.800704e+01
6.930000e-06	-5.087083e-06	-7.737346e-10	-3.534968e+01	-4.802669e+01
6.940000e-06	-5.105258e-06	-7.735826e-10	-3.547597e+01	-4.804571e+01
6.950000e-06	-5.123143e-06	-7.737827e-10	-3.560025e+01	-4.806395e+01
6.960000e-06	-5.140677e-06	-7.744283e-10	-3.572210e+01	-4.808127e+01
6.970000e-06	-5.157830e-06	-7.751187e-10	-3.584129e+01	-4.809755e+01
6.980000e-06	-5.174658e-06	-7.748308e-10	-3.595823e+01	-4.811265e+01
6.990000e-06	-5.191226e-06	-7.742068e-10	-3.607335e+01	-4.812646e+01
7.000000e-06	-5.207562e-06	-7.728583e-10	-3.618688e+01	-4.813888e+01
7.010000e-06	-5.223596e-06	-7.699168e-10	-3.629829e+01	-4.814980e+01
7.020000e-06	-5.239271e-06	-7.676226e-10	-3.640722e+01	-4.815917e+01
7.030000e-06	-5.254353e-06	-7.677108e-10	-3.651202e+01	-4.816691e+01
7.040000e-06	-5.268724e-06	-7.687797e-10	-3.661188e+01	-4.817298e+01
7.050000e-06	-5.282467e-06	-7.693094e-10	-3.670738e+01	-4.817736e+01
7.060000e-06	-5.295639e-06	-7.678947e-10	-3.679891e+01	-4.818005e+01
7.070000e-06	-5.308420e-06	-7.649247e-10	-3.688773e+01	-4.818106e+01
7.080000e-06	-5.320879e-06	-7.624409e-10	-3.697431e+01	-4.818042e+01
7.090000e-06	-5.332998e-06	-7.614227e-10	-3.705852e+01	-4.817817e+01
7.100000e-06	-5.344802e-06	-7.613955e-10	-3.714054e+01	-4.817439e+01
7.110000e-06	-5.356173e-06	-7.626162e-10	-3.721956e+01	-4.816916e+01
7.120000e-06	-5.367103e-06	-7.637795e-10	-3.729551e+01	-4.816257e+01
7.130000e-06	-5.377736e-06	-7.629621e-10	-3.736940e+01	-4.815474e+01
7.140000e-06	-5.387993e-06	-7.613103e-10	-3.744067e+01	-4.814580e+01
7.150000e-06	-5.397829e-06	-7.590771e-10	-3.750902e+01	-4.813586e+01
7.160000e-06	-5.407290e-06	-7.558551e-10	-3.757477e+01	-4.812509e+01
7.170000e-06	-5.416341e-06	-7.537767e-10	-3.763766e+01	-4.811362e+01
7.180000e-06	-5.425033e-06	-7.536515e-10	-3.769806e+01	-4.810160e+01
7.190000e-06	-5.433489e-06	-7.544023e-10	-3.775682e+01	-4.808919e+01
7.200000e-06	-5.441736e-06	-7.563073e-10	-3.781413e+01	-4.807655e+01
7.210000e-06	-5.449742e-06	-7.583331e-10	-3.786976e+01	-4.806381e+01
7.220000e-06	-5.457387e-06	-7.591691e-10	-3.792288e+01	-4.805114e+01
7.230000e-06	-5.464495e-06	-7.590066e-10	-3.797228e+01	-4.803866e+01
7.240000e-06	-5.470935e-06	-7.581176e-10	-3.801703e+01	-4.802650e+01
7.250000e-06	-5.476662e-06	-7.566609e-10	-3.805683e+01	-4.801478e+01
7.260000e-06	-5.481843e-06	-7.552659e-10	-3.809283e+01	-4.800362e+01
7.270000e-06	-5.486700e-06	-7.542036e-10	-3.812658e+01	-4.799309e+01
7.280000e-06	-5.491251e-06	-7.551444e-10	-3.815820e+01	-4.798327e+01
7.290000e-06	-5.495527e-06	-7.572769e-10	-3.818791e+01	-4.797423e+01
7.300000e-06	-5.499548e-06	-7.588941e-10	-3.821586e+01	-4.796601e+01
7.310000e-06	-5.503208e-06	-7.598505e-10	-3.824129e+01	-4.795862e+01
7.320000e-06	-5.506456e-06	-7.601802e-10	-3.826386e+01	-4.795208e+01
7.330000e-06	-5.509344e-06	-7.595273e-10	-3.828393e+01	-4.794636e+01
7.340000e-06	-5.511923e-06	-7.580959e-10	-3.830185e+01	-4.794144e+01
7.350000e-06	-5.514164e-06	-7.570954e-10	-3.831743e+01	-4.793726e+01
7.360000e-06	-5.515999e-06	-7.556216e-10	-3.833017e+01	-4.793375e+01
7.370000e-06	-5.517377e-06	-7.539111e-10	-3.833975e+01	-4.793083e+01
7.380000e-06	-5.518389e-06	-7.537027e-10	-3.834678e+01	-4.792840e+01
7.390000e-06	-5.519157e-06	-7.537058e-10	-3.835212e+01	-4.792634e+01
7.400000e-06	-5.519719e-06	-7.523862e-10	-3.835603e+01	-4.792451e+01
