# Temperatura_=_-0.3
# Concentracion g/m^3_=_1620.0
# C_Vs_to_Am_M_A/Vsm_=_65563218390.804596
# pendiente_HvsI_1/m_=_3716.3
# ordenada_HvsI_A/m_=_1297.0
# frecuencia_Hz_=_135103.42395694944

Tiempo_(s)	Campo_(V.s)	Magnetizacion_(V.s)	Campo_(kA/m)	Magnetizacion_(A/m)
0.000000e+00	-5.521426e-06	-1.424144e-09	-3.837001e+01	-9.162144e+01
1.000000e-08	-5.521781e-06	-1.426349e-09	-3.837248e+01	-9.163710e+01
2.000000e-08	-5.521945e-06	-1.427673e-09	-3.837362e+01	-9.164927e+01
3.000000e-08	-5.521768e-06	-1.428186e-09	-3.837239e+01	-9.165784e+01
4.000000e-08	-5.521048e-06	-1.425224e-09	-3.836739e+01	-9.166266e+01
5.000000e-08	-5.519727e-06	-1.418062e-09	-3.835820e+01	-9.166360e+01
6.000000e-08	-5.517826e-06	-1.407305e-09	-3.834499e+01	-9.166056e+01
7.000000e-08	-5.515436e-06	-1.391577e-09	-3.832838e+01	-9.165340e+01
8.000000e-08	-5.512557e-06	-1.393561e-09	-3.830837e+01	-9.164202e+01
9.000000e-08	-5.509154e-06	-1.429836e-09	-3.828473e+01	-9.162631e+01
1.000000e-07	-5.505259e-06	-1.468098e-09	-3.825766e+01	-9.160620e+01
1.100000e-07	-5.500962e-06	-1.439527e-09	-3.822780e+01	-9.158159e+01
1.200000e-07	-5.496466e-06	-1.389782e-09	-3.819656e+01	-9.155242e+01
1.300000e-07	-5.491785e-06	-1.358096e-09	-3.816403e+01	-9.151865e+01
1.400000e-07	-5.486805e-06	-1.419155e-09	-3.812942e+01	-9.148023e+01
1.500000e-07	-5.481379e-06	-1.400172e-09	-3.809171e+01	-9.143714e+01
1.600000e-07	-5.475589e-06	-1.373880e-09	-3.805147e+01	-9.138937e+01
1.700000e-07	-5.469468e-06	-1.364688e-09	-3.800893e+01	-9.133694e+01
1.800000e-07	-5.462890e-06	-1.427308e-09	-3.796322e+01	-9.127986e+01
1.900000e-07	-5.455907e-06	-1.430885e-09	-3.791470e+01	-9.121819e+01
2.000000e-07	-5.448585e-06	-1.375907e-09	-3.786381e+01	-9.115197e+01
2.100000e-07	-5.440987e-06	-1.357533e-09	-3.781101e+01	-9.108128e+01
2.200000e-07	-5.433119e-06	-1.395615e-09	-3.775634e+01	-9.100622e+01
2.300000e-07	-5.424982e-06	-1.431490e-09	-3.769979e+01	-9.092687e+01
2.400000e-07	-5.416507e-06	-1.396065e-09	-3.764089e+01	-9.084335e+01
2.500000e-07	-5.407462e-06	-1.388683e-09	-3.757804e+01	-9.075579e+01
2.600000e-07	-5.397630e-06	-1.388379e-09	-3.750972e+01	-9.066433e+01
2.700000e-07	-5.387098e-06	-1.400626e-09	-3.743653e+01	-9.056911e+01
2.800000e-07	-5.376068e-06	-1.362599e-09	-3.735988e+01	-9.047028e+01
2.900000e-07	-5.364624e-06	-1.375677e-09	-3.728035e+01	-9.036800e+01
3.000000e-07	-5.352818e-06	-1.384459e-09	-3.719831e+01	-9.026243e+01
3.100000e-07	-5.340682e-06	-1.394183e-09	-3.711397e+01	-9.015373e+01
3.200000e-07	-5.328135e-06	-1.356720e-09	-3.702677e+01	-9.004207e+01
3.300000e-07	-5.315162e-06	-1.367117e-09	-3.693662e+01	-8.992761e+01
3.400000e-07	-5.301821e-06	-1.368611e-09	-3.684391e+01	-8.981050e+01
3.500000e-07	-5.288132e-06	-1.369854e-09	-3.674878e+01	-8.969090e+01
3.600000e-07	-5.273967e-06	-1.345616e-09	-3.665034e+01	-8.956894e+01
3.700000e-07	-5.259316e-06	-1.364693e-09	-3.654853e+01	-8.944476e+01
3.800000e-07	-5.244255e-06	-1.370572e-09	-3.644387e+01	-8.931849e+01
3.900000e-07	-5.228685e-06	-1.364849e-09	-3.633566e+01	-8.919023e+01
4.000000e-07	-5.212501e-06	-1.348990e-09	-3.622320e+01	-8.906007e+01
4.100000e-07	-5.195890e-06	-1.359225e-09	-3.610777e+01	-8.892810e+01
4.200000e-07	-5.178999e-06	-1.360861e-09	-3.599039e+01	-8.879438e+01
4.300000e-07	-5.161795e-06	-1.346616e-09	-3.587083e+01	-8.865896e+01
4.400000e-07	-5.144264e-06	-1.352288e-09	-3.574900e+01	-8.852186e+01
4.500000e-07	-5.126373e-06	-1.362205e-09	-3.562467e+01	-8.838309e+01
4.600000e-07	-5.108045e-06	-1.350406e-09	-3.549730e+01	-8.824264e+01
4.700000e-07	-5.089250e-06	-1.321913e-09	-3.536669e+01	-8.810049e+01
4.800000e-07	-5.070166e-06	-1.335558e-09	-3.523407e+01	-8.795659e+01
4.900000e-07	-5.050836e-06	-1.344175e-09	-3.509974e+01	-8.781086e+01
5.000000e-07	-5.031282e-06	-1.336102e-09	-3.496385e+01	-8.766324e+01
5.100000e-07	-5.011528e-06	-1.321157e-09	-3.482658e+01	-8.751361e+01
5.200000e-07	-4.991484e-06	-1.333336e-09	-3.468729e+01	-8.736187e+01
5.300000e-07	-4.971068e-06	-1.320654e-09	-3.454541e+01	-8.720788e+01
5.400000e-07	-4.950283e-06	-1.318397e-09	-3.440097e+01	-8.705151e+01
5.500000e-07	-4.929171e-06	-1.322287e-09	-3.425426e+01	-8.689259e+01
5.600000e-07	-4.907737e-06	-1.323741e-09	-3.410531e+01	-8.673097e+01
5.700000e-07	-4.885968e-06	-1.297204e-09	-3.395403e+01	-8.656648e+01
5.800000e-07	-4.863828e-06	-1.306131e-09	-3.380016e+01	-8.639893e+01
5.900000e-07	-4.841347e-06	-1.312604e-09	-3.364394e+01	-8.622816e+01
6.000000e-07	-4.818468e-06	-1.300748e-09	-3.348495e+01	-8.605397e+01
6.100000e-07	-4.795173e-06	-1.286898e-09	-3.332306e+01	-8.587619e+01
6.200000e-07	-4.771644e-06	-1.300130e-09	-3.315955e+01	-8.569464e+01
6.300000e-07	-4.747958e-06	-1.285241e-09	-3.299496e+01	-8.550916e+01
6.400000e-07	-4.724053e-06	-1.271318e-09	-3.282883e+01	-8.531956e+01
6.500000e-07	-4.699781e-06	-1.278001e-09	-3.266016e+01	-8.512570e+01
6.600000e-07	-4.675122e-06	-1.282888e-09	-3.248880e+01	-8.492743e+01
6.700000e-07	-4.650051e-06	-1.267373e-09	-3.231457e+01	-8.472463e+01
6.800000e-07	-4.624443e-06	-1.268521e-09	-3.213661e+01	-8.451716e+01
6.900000e-07	-4.598347e-06	-1.269393e-09	-3.195526e+01	-8.430492e+01
7.000000e-07	-4.571742e-06	-1.260261e-09	-3.177038e+01	-8.408784e+01
7.100000e-07	-4.544687e-06	-1.258436e-09	-3.158236e+01	-8.386584e+01
7.200000e-07	-4.517403e-06	-1.260763e-09	-3.139276e+01	-8.363887e+01
7.300000e-07	-4.489930e-06	-1.251803e-09	-3.120184e+01	-8.340690e+01
7.400000e-07	-4.462246e-06	-1.245033e-09	-3.100946e+01	-8.316992e+01
7.500000e-07	-4.434311e-06	-1.249091e-09	-3.081533e+01	-8.292794e+01
7.600000e-07	-4.406099e-06	-1.240605e-09	-3.061927e+01	-8.268098e+01
7.700000e-07	-4.377600e-06	-1.232585e-09	-3.042122e+01	-8.242909e+01
7.800000e-07	-4.348838e-06	-1.230116e-09	-3.022135e+01	-8.217234e+01
7.900000e-07	-4.319720e-06	-1.228706e-09	-3.001900e+01	-8.191079e+01
8.000000e-07	-4.290272e-06	-1.220797e-09	-2.981436e+01	-8.164456e+01
8.100000e-07	-4.260558e-06	-1.221929e-09	-2.960787e+01	-8.137375e+01
8.200000e-07	-4.230545e-06	-1.215600e-09	-2.939930e+01	-8.109849e+01
8.300000e-07	-4.200232e-06	-1.209886e-09	-2.918864e+01	-8.081890e+01
8.400000e-07	-4.169589e-06	-1.203223e-09	-2.897570e+01	-8.053514e+01
8.500000e-07	-4.138664e-06	-1.200970e-09	-2.876079e+01	-8.024735e+01
8.600000e-07	-4.107464e-06	-1.189587e-09	-2.854397e+01	-7.995569e+01
8.700000e-07	-4.076049e-06	-1.184774e-09	-2.832566e+01	-7.966031e+01
8.800000e-07	-4.044497e-06	-1.180050e-09	-2.810640e+01	-7.936138e+01
8.900000e-07	-4.012773e-06	-1.177428e-09	-2.788594e+01	-7.905904e+01
9.000000e-07	-3.980830e-06	-1.170203e-09	-2.766396e+01	-7.875344e+01
9.100000e-07	-3.948625e-06	-1.168893e-09	-2.744015e+01	-7.844473e+01
9.200000e-07	-3.916067e-06	-1.161053e-09	-2.721390e+01	-7.813304e+01
9.300000e-07	-3.883017e-06	-1.153608e-09	-2.698422e+01	-7.781848e+01
9.400000e-07	-3.849445e-06	-1.146452e-09	-2.675092e+01	-7.750116e+01
9.500000e-07	-3.815492e-06	-1.141039e-09	-2.651497e+01	-7.718117e+01
9.600000e-07	-3.781218e-06	-1.134742e-09	-2.627680e+01	-7.685857e+01
9.700000e-07	-3.746589e-06	-1.133644e-09	-2.603614e+01	-7.653342e+01
9.800000e-07	-3.711506e-06	-1.130569e-09	-2.579234e+01	-7.620574e+01
9.900000e-07	-3.676108e-06	-1.124406e-09	-2.554635e+01	-7.587554e+01
1.000000e-06	-3.640589e-06	-1.119863e-09	-2.529952e+01	-7.554280e+01
1.010000e-06	-3.604909e-06	-1.115786e-09	-2.505157e+01	-7.520747e+01
1.020000e-06	-3.569083e-06	-1.108729e-09	-2.480261e+01	-7.486948e+01
1.030000e-06	-3.533130e-06	-1.100912e-09	-2.455276e+01	-7.452874e+01
1.040000e-06	-3.496994e-06	-1.096647e-09	-2.430164e+01	-7.418512e+01
1.050000e-06	-3.460557e-06	-1.090323e-09	-2.404843e+01	-7.383849e+01
1.060000e-06	-3.423872e-06	-1.082623e-09	-2.379349e+01	-7.348866e+01
1.070000e-06	-3.386968e-06	-1.074222e-09	-2.353703e+01	-7.313545e+01
1.080000e-06	-3.349746e-06	-1.069162e-09	-2.327837e+01	-7.277863e+01
1.090000e-06	-3.312279e-06	-1.063993e-09	-2.301800e+01	-7.241798e+01
1.100000e-06	-3.274663e-06	-1.061340e-09	-2.275659e+01	-7.205322e+01
1.110000e-06	-3.236845e-06	-1.055067e-09	-2.249379e+01	-7.168409e+01
1.120000e-06	-3.198737e-06	-1.048536e-09	-2.222896e+01	-7.131030e+01
1.130000e-06	-3.160314e-06	-1.039223e-09	-2.196195e+01	-7.093153e+01
1.140000e-06	-3.121712e-06	-1.033389e-09	-2.169369e+01	-7.054747e+01
1.150000e-06	-3.083009e-06	-1.025456e-09	-2.142473e+01	-7.015780e+01
1.160000e-06	-3.044076e-06	-1.016585e-09	-2.115418e+01	-6.976218e+01
1.170000e-06	-3.004904e-06	-1.006427e-09	-2.088196e+01	-6.936028e+01
1.180000e-06	-2.965610e-06	-1.000451e-09	-2.060889e+01	-6.895176e+01
1.190000e-06	-2.926182e-06	-9.950005e-10	-2.033490e+01	-6.853629e+01
1.200000e-06	-2.886555e-06	-9.914692e-10	-2.005952e+01	-6.811353e+01
1.210000e-06	-2.846767e-06	-9.864955e-10	-1.978302e+01	-6.768315e+01
1.220000e-06	-2.806868e-06	-9.793018e-10	-1.950575e+01	-6.724485e+01
1.230000e-06	-2.766819e-06	-9.694357e-10	-1.922744e+01	-6.679832e+01
1.240000e-06	-2.726530e-06	-9.604163e-10	-1.894746e+01	-6.634325e+01
1.250000e-06	-2.686063e-06	-9.504909e-10	-1.866624e+01	-6.587938e+01
1.260000e-06	-2.645391e-06	-9.426445e-10	-1.838360e+01	-6.540644e+01
1.270000e-06	-2.604347e-06	-9.382457e-10	-1.809837e+01	-6.492419e+01
1.280000e-06	-2.562967e-06	-9.332159e-10	-1.781081e+01	-6.443239e+01
1.290000e-06	-2.521278e-06	-9.247109e-10	-1.752110e+01	-6.393085e+01
1.300000e-06	-2.479326e-06	-9.146662e-10	-1.722956e+01	-6.341937e+01
1.310000e-06	-2.437182e-06	-9.047295e-10	-1.693669e+01	-6.289780e+01
1.320000e-06	-2.394717e-06	-8.954521e-10	-1.664159e+01	-6.236597e+01
1.330000e-06	-2.351930e-06	-8.867604e-10	-1.634425e+01	-6.182378e+01
1.340000e-06	-2.308917e-06	-8.798177e-10	-1.604534e+01	-6.127110e+01
1.350000e-06	-2.265724e-06	-8.725548e-10	-1.574518e+01	-6.070786e+01
1.360000e-06	-2.222339e-06	-8.620739e-10	-1.544369e+01	-6.013398e+01
1.370000e-06	-2.178847e-06	-8.505400e-10	-1.514145e+01	-5.954940e+01
1.380000e-06	-2.135335e-06	-8.407217e-10	-1.483907e+01	-5.895408e+01
1.390000e-06	-2.091727e-06	-8.328470e-10	-1.453603e+01	-5.834799e+01
1.400000e-06	-2.048050e-06	-8.247457e-10	-1.423250e+01	-5.773111e+01
1.410000e-06	-2.004289e-06	-8.183989e-10	-1.392839e+01	-5.710342e+01
1.420000e-06	-1.960381e-06	-8.095443e-10	-1.362326e+01	-5.646492e+01
1.430000e-06	-1.916396e-06	-7.990888e-10	-1.331760e+01	-5.581560e+01
1.440000e-06	-1.872360e-06	-7.855959e-10	-1.301158e+01	-5.515545e+01
1.450000e-06	-1.828179e-06	-7.715873e-10	-1.270455e+01	-5.448446e+01
1.460000e-06	-1.783868e-06	-7.577738e-10	-1.239662e+01	-5.380261e+01
1.470000e-06	-1.739422e-06	-7.445493e-10	-1.208776e+01	-5.310988e+01
1.480000e-06	-1.694775e-06	-7.315043e-10	-1.177749e+01	-5.240624e+01
1.490000e-06	-1.650001e-06	-7.208844e-10	-1.146634e+01	-5.169163e+01
1.500000e-06	-1.605162e-06	-7.118819e-10	-1.115474e+01	-5.096599e+01
1.510000e-06	-1.560173e-06	-7.038043e-10	-1.084210e+01	-5.022923e+01
1.520000e-06	-1.515067e-06	-6.933591e-10	-1.052864e+01	-4.948126e+01
1.530000e-06	-1.469788e-06	-6.796333e-10	-1.021399e+01	-4.872194e+01
1.540000e-06	-1.424402e-06	-6.639126e-10	-9.898590e+00	-4.795113e+01
1.550000e-06	-1.379025e-06	-6.493015e-10	-9.583248e+00	-4.716865e+01
1.560000e-06	-1.333584e-06	-6.343945e-10	-9.267470e+00	-4.637432e+01
1.570000e-06	-1.288112e-06	-6.216816e-10	-8.951469e+00	-4.556791e+01
1.580000e-06	-1.242442e-06	-6.104248e-10	-8.634094e+00	-4.474918e+01
1.590000e-06	-1.196600e-06	-5.989340e-10	-8.315525e+00	-4.391785e+01
1.600000e-06	-1.150740e-06	-5.854492e-10	-7.996833e+00	-4.307364e+01
1.610000e-06	-1.104786e-06	-5.728434e-10	-7.677479e+00	-4.221622e+01
1.620000e-06	-1.058820e-06	-5.591965e-10	-7.358053e+00	-4.134527e+01
1.630000e-06	-1.012850e-06	-5.443389e-10	-7.038591e+00	-4.046043e+01
1.640000e-06	-9.667424e-07	-5.290653e-10	-6.718176e+00	-3.956133e+01
1.650000e-06	-9.205069e-07	-5.107866e-10	-6.396873e+00	-3.864759e+01
1.660000e-06	-8.741630e-07	-4.949104e-10	-6.074815e+00	-3.771881e+01
1.670000e-06	-8.277852e-07	-4.791784e-10	-5.752522e+00	-3.677461e+01
1.680000e-06	-7.813805e-07	-4.651716e-10	-5.430043e+00	-3.581458e+01
1.690000e-06	-7.348717e-07	-4.514382e-10	-5.106839e+00	-3.483833e+01
1.700000e-06	-6.883152e-07	-4.409334e-10	-4.783304e+00	-3.384546e+01
1.710000e-06	-6.417792e-07	-4.294735e-10	-4.459912e+00	-3.283559e+01
1.720000e-06	-5.952565e-07	-4.133454e-10	-4.136612e+00	-3.180837e+01
1.730000e-06	-5.486545e-07	-3.955467e-10	-3.812761e+00	-3.076344e+01
1.740000e-06	-5.019369e-07	-3.777313e-10	-3.488107e+00	-2.970049e+01
1.750000e-06	-4.552030e-07	-3.591723e-10	-3.163339e+00	-2.861924e+01
1.760000e-06	-4.085115e-07	-3.415208e-10	-2.838866e+00	-2.751943e+01
1.770000e-06	-3.617875e-07	-3.242603e-10	-2.514168e+00	-2.640084e+01
1.780000e-06	-3.149146e-07	-3.095201e-10	-2.188434e+00	-2.526333e+01
1.790000e-06	-2.679940e-07	-2.967154e-10	-1.862369e+00	-2.410676e+01
1.800000e-06	-2.210883e-07	-2.808865e-10	-1.536407e+00	-2.293108e+01
1.810000e-06	-1.742085e-07	-2.615904e-10	-1.210626e+00	-2.173628e+01
1.820000e-06	-1.273592e-07	-2.411243e-10	-8.850562e-01	-2.052242e+01
1.830000e-06	-8.049736e-08	-2.206630e-10	-5.593997e-01	-1.928962e+01
1.840000e-06	-3.366154e-08	-2.000864e-10	-2.339239e-01	-1.803808e+01
1.850000e-06	1.318377e-08	-1.802666e-10	9.161789e-02	-1.676806e+01
1.860000e-06	6.000911e-08	-1.639914e-10	4.170209e-01	-1.547988e+01
1.870000e-06	1.067827e-07	-1.478207e-10	7.420643e-01	-1.417395e+01
1.880000e-06	1.535718e-07	-1.301765e-10	1.067216e+00	-1.285076e+01
1.890000e-06	2.003653e-07	-1.117818e-10	1.392397e+00	-1.151087e+01
1.900000e-06	2.471077e-07	-9.191573e-11	1.717224e+00	-1.015491e+01
1.910000e-06	2.938368e-07	-7.252724e-11	2.041958e+00	-8.783585e+00
1.920000e-06	3.405580e-07	-5.381552e-11	2.366638e+00	-7.397676e+00
1.930000e-06	3.872855e-07	-3.730589e-11	2.691360e+00	-5.998037e+00
1.940000e-06	4.340960e-07	-1.922371e-11	3.016660e+00	-4.585590e+00
1.950000e-06	4.809288e-07	-1.239451e-12	3.342115e+00	-3.161321e+00
1.960000e-06	5.276792e-07	1.584265e-11	3.666998e+00	-1.726281e+00
1.970000e-06	5.742311e-07	3.303448e-11	3.990501e+00	-2.815788e-01
1.980000e-06	6.206630e-07	5.322720e-11	4.313170e+00	1.171622e+00
1.990000e-06	6.670944e-07	7.472699e-11	4.635835e+00	2.632111e+00
2.000000e-06	7.135059e-07	9.609850e-11	4.958362e+00	4.098630e+00
2.010000e-06	7.598883e-07	1.167554e-10	5.280687e+00	5.569887e+00
2.020000e-06	8.061772e-07	1.364013e-10	5.602362e+00	7.044555e+00
2.030000e-06	8.524674e-07	1.552040e-10	5.924046e+00	8.521281e+00
2.040000e-06	8.987439e-07	1.756026e-10	6.245635e+00	9.998696e+00
2.050000e-06	9.449047e-07	1.957641e-10	6.566420e+00	1.147541e+01
2.060000e-06	9.909217e-07	2.165784e-10	6.886206e+00	1.295005e+01
2.070000e-06	1.036856e-06	2.379848e-10	7.205419e+00	1.442121e+01
2.080000e-06	1.082818e-06	2.592613e-10	7.524821e+00	1.588751e+01
2.090000e-06	1.128706e-06	2.820071e-10	7.843711e+00	1.734760e+01
2.100000e-06	1.174489e-06	3.046053e-10	8.161872e+00	1.880012e+01
2.110000e-06	1.220141e-06	3.249096e-10	8.479121e+00	2.024376e+01
2.120000e-06	1.265608e-06	3.426256e-10	8.795083e+00	2.167725e+01
2.130000e-06	1.310978e-06	3.597771e-10	9.110372e+00	2.309934e+01
2.140000e-06	1.356353e-06	3.785960e-10	9.425696e+00	2.450883e+01
2.150000e-06	1.401663e-06	3.974508e-10	9.740569e+00	2.590458e+01
2.160000e-06	1.446824e-06	4.166996e-10	1.005440e+01	2.728552e+01
2.170000e-06	1.491902e-06	4.389737e-10	1.036767e+01	2.865061e+01
2.180000e-06	1.536898e-06	4.611952e-10	1.068036e+01	2.999890e+01
2.190000e-06	1.581804e-06	4.805781e-10	1.099242e+01	3.132949e+01
2.200000e-06	1.626647e-06	4.973108e-10	1.130405e+01	3.264158e+01
2.210000e-06	1.671342e-06	5.139647e-10	1.161464e+01	3.393441e+01
2.220000e-06	1.715907e-06	5.284969e-10	1.192434e+01	3.520732e+01
2.230000e-06	1.760371e-06	5.434711e-10	1.223334e+01	3.645972e+01
2.240000e-06	1.804649e-06	5.588381e-10	1.254104e+01	3.769110e+01
2.250000e-06	1.848756e-06	5.754819e-10	1.284755e+01	3.890103e+01
2.260000e-06	1.892757e-06	5.918671e-10	1.315333e+01	4.008916e+01
2.270000e-06	1.936641e-06	6.085539e-10	1.345829e+01	4.125521e+01
2.280000e-06	1.980414e-06	6.245926e-10	1.376248e+01	4.239898e+01
2.290000e-06	2.024143e-06	6.385547e-10	1.406636e+01	4.352035e+01
2.300000e-06	2.067854e-06	6.512143e-10	1.437012e+01	4.461926e+01
2.310000e-06	2.111509e-06	6.646700e-10	1.467349e+01	4.569574e+01
2.320000e-06	2.155040e-06	6.803010e-10	1.497601e+01	4.674985e+01
2.330000e-06	2.198466e-06	6.968998e-10	1.527779e+01	4.778174e+01
2.340000e-06	2.241803e-06	7.123448e-10	1.557895e+01	4.879161e+01
2.350000e-06	2.285064e-06	7.267194e-10	1.587958e+01	4.977972e+01
2.360000e-06	2.328198e-06	7.387689e-10	1.617933e+01	5.074637e+01
2.370000e-06	2.371074e-06	7.508800e-10	1.647729e+01	5.169191e+01
2.380000e-06	2.413568e-06	7.638859e-10	1.677259e+01	5.261672e+01
2.390000e-06	2.455701e-06	7.769782e-10	1.706538e+01	5.352122e+01
2.400000e-06	2.497563e-06	7.907691e-10	1.735630e+01	5.440586e+01
2.410000e-06	2.539165e-06	8.042077e-10	1.764540e+01	5.527111e+01
2.420000e-06	2.580443e-06	8.183023e-10	1.793226e+01	5.611747e+01
2.430000e-06	2.621420e-06	8.311843e-10	1.821702e+01	5.694544e+01
2.440000e-06	2.662116e-06	8.421755e-10	1.849983e+01	5.775553e+01
2.450000e-06	2.702581e-06	8.535542e-10	1.878103e+01	5.854828e+01
2.460000e-06	2.742878e-06	8.676471e-10	1.906106e+01	5.932418e+01
2.470000e-06	2.782954e-06	8.807534e-10	1.933957e+01	6.008377e+01
2.480000e-06	2.822868e-06	8.922238e-10	1.961694e+01	6.082754e+01
2.490000e-06	2.862628e-06	9.011701e-10	1.989324e+01	6.155599e+01
2.500000e-06	2.902229e-06	9.098105e-10	2.016844e+01	6.226960e+01
2.510000e-06	2.941706e-06	9.196935e-10	2.044278e+01	6.296884e+01
2.520000e-06	2.981084e-06	9.296422e-10	2.071643e+01	6.365414e+01
2.530000e-06	3.020228e-06	9.399071e-10	2.098845e+01	6.432592e+01
2.540000e-06	3.059116e-06	9.495708e-10	2.125869e+01	6.498458e+01
2.550000e-06	3.097822e-06	9.572002e-10	2.152767e+01	6.563049e+01
2.560000e-06	3.136320e-06	9.649515e-10	2.179521e+01	6.626398e+01
2.570000e-06	3.174610e-06	9.729891e-10	2.206130e+01	6.688537e+01
2.580000e-06	3.212646e-06	9.804914e-10	2.232562e+01	6.749495e+01
2.590000e-06	3.250485e-06	9.875644e-10	2.258858e+01	6.809297e+01
2.600000e-06	3.288130e-06	9.942627e-10	2.285018e+01	6.867967e+01
2.610000e-06	3.325555e-06	1.001547e-09	2.311026e+01	6.925525e+01
2.620000e-06	3.362766e-06	1.009722e-09	2.336885e+01	6.981990e+01
2.630000e-06	3.399767e-06	1.017589e-09	2.362598e+01	7.037377e+01
2.640000e-06	3.436488e-06	1.025927e-09	2.388116e+01	7.091699e+01
2.650000e-06	3.472866e-06	1.033458e-09	2.413396e+01	7.144968e+01
2.660000e-06	3.509015e-06	1.039872e-09	2.438517e+01	7.197193e+01
2.670000e-06	3.545023e-06	1.046547e-09	2.463541e+01	7.248383e+01
2.680000e-06	3.580901e-06	1.053398e-09	2.488473e+01	7.298545e+01
2.690000e-06	3.616626e-06	1.060168e-09	2.513299e+01	7.347683e+01
2.700000e-06	3.652218e-06	1.067469e-09	2.538034e+01	7.395803e+01
2.710000e-06	3.687683e-06	1.073932e-09	2.562679e+01	7.442909e+01
2.720000e-06	3.722957e-06	1.078376e-09	2.587192e+01	7.489004e+01
2.730000e-06	3.758029e-06	1.085422e-09	2.611565e+01	7.534092e+01
2.740000e-06	3.792718e-06	1.093289e-09	2.635671e+01	7.578176e+01
2.750000e-06	3.826877e-06	1.100239e-09	2.659409e+01	7.621261e+01
2.760000e-06	3.860625e-06	1.107284e-09	2.682862e+01	7.663351e+01
2.770000e-06	3.893915e-06	1.114068e-09	2.705996e+01	7.704452e+01
2.780000e-06	3.926737e-06	1.121305e-09	2.728805e+01	7.744568e+01
2.790000e-06	3.959178e-06	1.130075e-09	2.751349e+01	7.783708e+01
2.800000e-06	3.991292e-06	1.138519e-09	2.773666e+01	7.821880e+01
2.810000e-06	4.023162e-06	1.145404e-09	2.795813e+01	7.859093e+01
2.820000e-06	4.054851e-06	1.149774e-09	2.817835e+01	7.895359e+01
2.830000e-06	4.086395e-06	1.151617e-09	2.839756e+01	7.930688e+01
2.840000e-06	4.117745e-06	1.153547e-09	2.861542e+01	7.965096e+01
2.850000e-06	4.148876e-06	1.157026e-09	2.883176e+01	7.998597e+01
2.860000e-06	4.179747e-06	1.163192e-09	2.904629e+01	8.031209e+01
2.870000e-06	4.210232e-06	1.170452e-09	2.925814e+01	8.062949e+01
2.880000e-06	4.240338e-06	1.175850e-09	2.946736e+01	8.093836e+01
2.890000e-06	4.270211e-06	1.180991e-09	2.967495e+01	8.123892e+01
2.900000e-06	4.299851e-06	1.184903e-09	2.988092e+01	8.153139e+01
2.910000e-06	4.329259e-06	1.188693e-09	3.008529e+01	8.181599e+01
2.920000e-06	4.358454e-06	1.193321e-09	3.028818e+01	8.209296e+01
2.930000e-06	4.387324e-06	1.196526e-09	3.048880e+01	8.236255e+01
2.940000e-06	4.415759e-06	1.198223e-09	3.068640e+01	8.262502e+01
2.950000e-06	4.443862e-06	1.200719e-09	3.088170e+01	8.288062e+01
2.960000e-06	4.471818e-06	1.207685e-09	3.107597e+01	8.312961e+01
2.970000e-06	4.499599e-06	1.217423e-09	3.126903e+01	8.337226e+01
2.980000e-06	4.527194e-06	1.225219e-09	3.146080e+01	8.360884e+01
2.990000e-06	4.554594e-06	1.230757e-09	3.165121e+01	8.383959e+01
3.000000e-06	4.581621e-06	1.232144e-09	3.183903e+01	8.406478e+01
3.010000e-06	4.608302e-06	1.229487e-09	3.202444e+01	8.428466e+01
3.020000e-06	4.634514e-06	1.228686e-09	3.220660e+01	8.449948e+01
3.030000e-06	4.660040e-06	1.231749e-09	3.238399e+01	8.470946e+01
3.040000e-06	4.684910e-06	1.236551e-09	3.255682e+01	8.491483e+01
3.050000e-06	4.709250e-06	1.242153e-09	3.272596e+01	8.511582e+01
3.060000e-06	4.733330e-06	1.249124e-09	3.289330e+01	8.531262e+01
3.070000e-06	4.757183e-06	1.254173e-09	3.305906e+01	8.550541e+01
3.080000e-06	4.780781e-06	1.256334e-09	3.322305e+01	8.569439e+01
3.090000e-06	4.804173e-06	1.256995e-09	3.338561e+01	8.587971e+01
3.100000e-06	4.827233e-06	1.257189e-09	3.354586e+01	8.606150e+01
3.110000e-06	4.849912e-06	1.256641e-09	3.370346e+01	8.623992e+01
3.120000e-06	4.872245e-06	1.258310e-09	3.385866e+01	8.641507e+01
3.130000e-06	4.894243e-06	1.263279e-09	3.401153e+01	8.658706e+01
3.140000e-06	4.915936e-06	1.267067e-09	3.416228e+01	8.675597e+01
3.150000e-06	4.937306e-06	1.270616e-09	3.431079e+01	8.692187e+01
3.160000e-06	4.958262e-06	1.272876e-09	3.445642e+01	8.708483e+01
3.170000e-06	4.978837e-06	1.275399e-09	3.459940e+01	8.724490e+01
3.180000e-06	4.999111e-06	1.279674e-09	3.474029e+01	8.740210e+01
3.190000e-06	5.019080e-06	1.285438e-09	3.487906e+01	8.755647e+01
3.200000e-06	5.038833e-06	1.290247e-09	3.501633e+01	8.770801e+01
3.210000e-06	5.058406e-06	1.292816e-09	3.515235e+01	8.785674e+01
3.220000e-06	5.077778e-06	1.292821e-09	3.528697e+01	8.800266e+01
3.230000e-06	5.096850e-06	1.293126e-09	3.541951e+01	8.814575e+01
3.240000e-06	5.115494e-06	1.297659e-09	3.554907e+01	8.828601e+01
3.250000e-06	5.133605e-06	1.300830e-09	3.567493e+01	8.842343e+01
3.260000e-06	5.151247e-06	1.301825e-09	3.579753e+01	8.855798e+01
3.270000e-06	5.168494e-06	1.301111e-09	3.591738e+01	8.868965e+01
3.280000e-06	5.185384e-06	1.301816e-09	3.603475e+01	8.881842e+01
3.290000e-06	5.202031e-06	1.306024e-09	3.615044e+01	8.894428e+01
3.300000e-06	5.218424e-06	1.311507e-09	3.626436e+01	8.906721e+01
3.310000e-06	5.234367e-06	1.315307e-09	3.637516e+01	8.918720e+01
3.320000e-06	5.249806e-06	1.318742e-09	3.648244e+01	8.930425e+01
3.330000e-06	5.264767e-06	1.320752e-09	3.658641e+01	8.941835e+01
3.340000e-06	5.279257e-06	1.321419e-09	3.668711e+01	8.952951e+01
3.350000e-06	5.293348e-06	1.320630e-09	3.678503e+01	8.963774e+01
3.360000e-06	5.307141e-06	1.320510e-09	3.688088e+01	8.974305e+01
3.370000e-06	5.320588e-06	1.322417e-09	3.697433e+01	8.984546e+01
3.380000e-06	5.333610e-06	1.326592e-09	3.706482e+01	8.994500e+01
3.390000e-06	5.346209e-06	1.332905e-09	3.715238e+01	9.004171e+01
3.400000e-06	5.358409e-06	1.337794e-09	3.723716e+01	9.013561e+01
3.410000e-06	5.370273e-06	1.339806e-09	3.731960e+01	9.022675e+01
3.420000e-06	5.381782e-06	1.340928e-09	3.739958e+01	9.031518e+01
3.430000e-06	5.392976e-06	1.340512e-09	3.747737e+01	9.040095e+01
3.440000e-06	5.403821e-06	1.341475e-09	3.755274e+01	9.048410e+01
3.450000e-06	5.414021e-06	1.344952e-09	3.762362e+01	9.056469e+01
3.460000e-06	5.423376e-06	1.350715e-09	3.768863e+01	9.064278e+01
3.470000e-06	5.432102e-06	1.354889e-09	3.774927e+01	9.071842e+01
3.480000e-06	5.440398e-06	1.354256e-09	3.780692e+01	9.079165e+01
3.490000e-06	5.448330e-06	1.351929e-09	3.786204e+01	9.086254e+01
3.500000e-06	5.456012e-06	1.349124e-09	3.791543e+01	9.093111e+01
3.510000e-06	5.463531e-06	1.349666e-09	3.796768e+01	9.099742e+01
3.520000e-06	5.470785e-06	1.354185e-09	3.801809e+01	9.106150e+01
3.530000e-06	5.477634e-06	1.361856e-09	3.806569e+01	9.112338e+01
3.540000e-06	5.484012e-06	1.366597e-09	3.811001e+01	9.118307e+01
3.550000e-06	5.489933e-06	1.366578e-09	3.815116e+01	9.124059e+01
3.560000e-06	5.495491e-06	1.363241e-09	3.818978e+01	9.129594e+01
3.570000e-06	5.500694e-06	1.361053e-09	3.822593e+01	9.134911e+01
3.580000e-06	5.505473e-06	1.360869e-09	3.825915e+01	9.140008e+01
3.590000e-06	5.509847e-06	1.362276e-09	3.828955e+01	9.144882e+01
3.600000e-06	5.513937e-06	1.365928e-09	3.831796e+01	9.149529e+01
3.610000e-06	5.517773e-06	1.371380e-09	3.834463e+01	9.153945e+01
3.620000e-06	5.521411e-06	1.375259e-09	3.836991e+01	9.158122e+01
3.630000e-06	5.524818e-06	1.376352e-09	3.839358e+01	9.162054e+01
3.640000e-06	5.527762e-06	1.375120e-09	3.841404e+01	9.165731e+01
3.650000e-06	5.530161e-06	1.373812e-09	3.843071e+01	9.169146e+01
3.660000e-06	5.532043e-06	1.374476e-09	3.844379e+01	9.172288e+01
3.670000e-06	5.533323e-06	1.378257e-09	3.845268e+01	9.175145e+01
3.680000e-06	5.534055e-06	1.383162e-09	3.845777e+01	9.177706e+01
3.690000e-06	5.534376e-06	1.388552e-09	3.846000e+01	9.179959e+01
3.700000e-06	5.534350e-06	1.391025e-09	3.845983e+01	9.181891e+01
3.710000e-06	5.534057e-06	1.389450e-09	3.845778e+01	9.183490e+01
3.720000e-06	5.533525e-06	1.386546e-09	3.845409e+01	9.184741e+01
3.730000e-06	5.532667e-06	1.383489e-09	3.844813e+01	9.185632e+01
3.740000e-06	5.531325e-06	1.382751e-09	3.843880e+01	9.186150e+01
3.750000e-06	5.529548e-06	1.383970e-09	3.842645e+01	9.186281e+01
3.760000e-06	5.527414e-06	1.397888e-09	3.841162e+01	9.186014e+01
3.770000e-06	5.524987e-06	1.415385e-09	3.839476e+01	9.185337e+01
3.780000e-06	5.522229e-06	1.390967e-09	3.837559e+01	9.184238e+01
3.790000e-06	5.518974e-06	1.338242e-09	3.835297e+01	9.182708e+01
3.800000e-06	5.515175e-06	1.337636e-09	3.832657e+01	9.180737e+01
3.810000e-06	5.510941e-06	1.384531e-09	3.829715e+01	9.178318e+01
3.820000e-06	5.506555e-06	1.442500e-09	3.826667e+01	9.175444e+01
3.830000e-06	5.502106e-06	1.394902e-09	3.823575e+01	9.172109e+01
3.840000e-06	5.497293e-06	1.372003e-09	3.820230e+01	9.168310e+01
3.850000e-06	5.491845e-06	1.408944e-09	3.816444e+01	9.164044e+01
3.860000e-06	5.485899e-06	1.416930e-09	3.812312e+01	9.159310e+01
3.870000e-06	5.479720e-06	1.374539e-09	3.808018e+01	9.154110e+01
3.880000e-06	5.473176e-06	1.337311e-09	3.803471e+01	9.148445e+01
3.890000e-06	5.465948e-06	1.437474e-09	3.798448e+01	9.142319e+01
3.900000e-06	5.458099e-06	1.474324e-09	3.792993e+01	9.135739e+01
3.910000e-06	5.449948e-06	1.405153e-09	3.787329e+01	9.128711e+01
3.920000e-06	5.441464e-06	1.311640e-09	3.781433e+01	9.121245e+01
3.930000e-06	5.432533e-06	1.383167e-09	3.775227e+01	9.113349e+01
3.940000e-06	5.423320e-06	1.448576e-09	3.768824e+01	9.105035e+01
3.950000e-06	5.413895e-06	1.407635e-09	3.762275e+01	9.096317e+01
3.960000e-06	5.404057e-06	1.350732e-09	3.755438e+01	9.087207e+01
3.970000e-06	5.393732e-06	1.400598e-09	3.748263e+01	9.077719e+01
3.980000e-06	5.383097e-06	1.431679e-09	3.740872e+01	9.067870e+01
3.990000e-06	5.372144e-06	1.370350e-09	3.733261e+01	9.057674e+01
4.000000e-06	5.360737e-06	1.346146e-09	3.725333e+01	9.047148e+01
4.010000e-06	5.348894e-06	1.390878e-09	3.717103e+01	9.036307e+01
4.020000e-06	5.336711e-06	1.407221e-09	3.708637e+01	9.025170e+01
4.030000e-06	5.324155e-06	1.351920e-09	3.699912e+01	9.013750e+01
4.040000e-06	5.311195e-06	1.363883e-09	3.690905e+01	9.002065e+01
4.050000e-06	5.297735e-06	1.394791e-09	3.681551e+01	8.990128e+01
4.060000e-06	5.283723e-06	1.383548e-09	3.671814e+01	8.977956e+01
4.070000e-06	5.269088e-06	1.316299e-09	3.661644e+01	8.965560e+01
4.080000e-06	5.253851e-06	1.343949e-09	3.651055e+01	8.952954e+01
4.090000e-06	5.238153e-06	1.395793e-09	3.640146e+01	8.940147e+01
4.100000e-06	5.222040e-06	1.392486e-09	3.628949e+01	8.927151e+01
4.110000e-06	5.205640e-06	1.339164e-09	3.617552e+01	8.913973e+01
4.120000e-06	5.189100e-06	1.359859e-09	3.606058e+01	8.900620e+01
4.130000e-06	5.172258e-06	1.386235e-09	3.594354e+01	8.887095e+01
4.140000e-06	5.154907e-06	1.364370e-09	3.582296e+01	8.873403e+01
4.150000e-06	5.137123e-06	1.330869e-09	3.569938e+01	8.859544e+01
4.160000e-06	5.118963e-06	1.361981e-09	3.557318e+01	8.845518e+01
4.170000e-06	5.100502e-06	1.374139e-09	3.544489e+01	8.831321e+01
4.180000e-06	5.081774e-06	1.346639e-09	3.531474e+01	8.816949e+01
4.190000e-06	5.062638e-06	1.349978e-09	3.518176e+01	8.802396e+01
4.200000e-06	5.043150e-06	1.380590e-09	3.504633e+01	8.787654e+01
4.210000e-06	5.023377e-06	1.360028e-09	3.490892e+01	8.772712e+01
4.220000e-06	5.003300e-06	1.323839e-09	3.476940e+01	8.757560e+01
4.230000e-06	4.982990e-06	1.343700e-09	3.462826e+01	8.742185e+01
4.240000e-06	4.962498e-06	1.353108e-09	3.448585e+01	8.726571e+01
4.250000e-06	4.941736e-06	1.330654e-09	3.434158e+01	8.710706e+01
4.260000e-06	4.920509e-06	1.333089e-09	3.419406e+01	8.694571e+01
4.270000e-06	4.898761e-06	1.355785e-09	3.404293e+01	8.678150e+01
4.280000e-06	4.876619e-06	1.329659e-09	3.388906e+01	8.661425e+01
4.290000e-06	4.853985e-06	1.322902e-09	3.373176e+01	8.644379e+01
4.300000e-06	4.830735e-06	1.339899e-09	3.357020e+01	8.626994e+01
4.310000e-06	4.806997e-06	1.323850e-09	3.340523e+01	8.609251e+01
4.320000e-06	4.782896e-06	1.295320e-09	3.323775e+01	8.591132e+01
4.330000e-06	4.758608e-06	1.325984e-09	3.306896e+01	8.572621e+01
4.340000e-06	4.734159e-06	1.334734e-09	3.289906e+01	8.553700e+01
4.350000e-06	4.709444e-06	1.315121e-09	3.272731e+01	8.534354e+01
4.360000e-06	4.684365e-06	1.313477e-09	3.255303e+01	8.514569e+01
4.370000e-06	4.658888e-06	1.324542e-09	3.237598e+01	8.494330e+01
4.380000e-06	4.633061e-06	1.300746e-09	3.219650e+01	8.473626e+01
4.390000e-06	4.606962e-06	1.301317e-09	3.201513e+01	8.452447e+01
4.400000e-06	4.580569e-06	1.313449e-09	3.183171e+01	8.430784e+01
4.410000e-06	4.553798e-06	1.306762e-09	3.164568e+01	8.408629e+01
4.420000e-06	4.526694e-06	1.295472e-09	3.145732e+01	8.385977e+01
4.430000e-06	4.499232e-06	1.302748e-09	3.126648e+01	8.362826e+01
4.440000e-06	4.471495e-06	1.299442e-09	3.107373e+01	8.339174e+01
4.450000e-06	4.443604e-06	1.290756e-09	3.087991e+01	8.315021e+01
4.460000e-06	4.415470e-06	1.285996e-09	3.068440e+01	8.290371e+01
4.470000e-06	4.387161e-06	1.280548e-09	3.048767e+01	8.265226e+01
4.480000e-06	4.358648e-06	1.275701e-09	3.028952e+01	8.239595e+01
4.490000e-06	4.329822e-06	1.277845e-09	3.008921e+01	8.213484e+01
4.500000e-06	4.300611e-06	1.276792e-09	2.988621e+01	8.186904e+01
4.510000e-06	4.270937e-06	1.269006e-09	2.967999e+01	8.159864e+01
4.520000e-06	4.240786e-06	1.264786e-09	2.947047e+01	8.132379e+01
4.530000e-06	4.210081e-06	1.259807e-09	2.925709e+01	8.104459e+01
4.540000e-06	4.178913e-06	1.256166e-09	2.904049e+01	8.076121e+01
4.550000e-06	4.147378e-06	1.251506e-09	2.882135e+01	8.047379e+01
4.560000e-06	4.115492e-06	1.250270e-09	2.859976e+01	8.018249e+01
4.570000e-06	4.083399e-06	1.241587e-09	2.837673e+01	7.988746e+01
4.580000e-06	4.051158e-06	1.240973e-09	2.815268e+01	7.958885e+01
4.590000e-06	4.018724e-06	1.243368e-09	2.792729e+01	7.928683e+01
4.600000e-06	3.986074e-06	1.241221e-09	2.770039e+01	7.898154e+01
4.610000e-06	3.953199e-06	1.229787e-09	2.747194e+01	7.867312e+01
4.620000e-06	3.920086e-06	1.228598e-09	2.724183e+01	7.836171e+01
4.630000e-06	3.886658e-06	1.223471e-09	2.700953e+01	7.804743e+01
4.640000e-06	3.852914e-06	1.214670e-09	2.677503e+01	7.773038e+01
4.650000e-06	3.818907e-06	1.208460e-09	2.653871e+01	7.741064e+01
4.660000e-06	3.784679e-06	1.204886e-09	2.630085e+01	7.708830e+01
4.670000e-06	3.750227e-06	1.195713e-09	2.606143e+01	7.676340e+01
4.680000e-06	3.715534e-06	1.196255e-09	2.582034e+01	7.643598e+01
4.690000e-06	3.680553e-06	1.198062e-09	2.557724e+01	7.610602e+01
4.700000e-06	3.645224e-06	1.193903e-09	2.533173e+01	7.577353e+01
4.710000e-06	3.609607e-06	1.184671e-09	2.508422e+01	7.543846e+01
4.720000e-06	3.573806e-06	1.177477e-09	2.483543e+01	7.510074e+01
4.730000e-06	3.537842e-06	1.170318e-09	2.458550e+01	7.476027e+01
4.740000e-06	3.501707e-06	1.165628e-09	2.433439e+01	7.441694e+01
4.750000e-06	3.465434e-06	1.164865e-09	2.408232e+01	7.407060e+01
4.760000e-06	3.429004e-06	1.161898e-09	2.382915e+01	7.372109e+01
4.770000e-06	3.392422e-06	1.153750e-09	2.357494e+01	7.336820e+01
4.780000e-06	3.355669e-06	1.145053e-09	2.331953e+01	7.301174e+01
4.790000e-06	3.318628e-06	1.142438e-09	2.306212e+01	7.265145e+01
4.800000e-06	3.281278e-06	1.139412e-09	2.280256e+01	7.228709e+01
4.810000e-06	3.243513e-06	1.136952e-09	2.254012e+01	7.191837e+01
4.820000e-06	3.205321e-06	1.135650e-09	2.227471e+01	7.154502e+01
4.830000e-06	3.166827e-06	1.134074e-09	2.200721e+01	7.116671e+01
4.840000e-06	3.127873e-06	1.129243e-09	2.173651e+01	7.078315e+01
4.850000e-06	3.088562e-06	1.122596e-09	2.146332e+01	7.039400e+01
4.860000e-06	3.049070e-06	1.110433e-09	2.118888e+01	6.999893e+01
4.870000e-06	3.009304e-06	1.098968e-09	2.091254e+01	6.959760e+01
4.880000e-06	2.969271e-06	1.092247e-09	2.063433e+01	6.918969e+01
4.890000e-06	2.929078e-06	1.089232e-09	2.035502e+01	6.877485e+01
4.900000e-06	2.888790e-06	1.086001e-09	2.007505e+01	6.835275e+01
4.910000e-06	2.848395e-06	1.086321e-09	1.979433e+01	6.792306e+01
4.920000e-06	2.807886e-06	1.082336e-09	1.951283e+01	6.748547e+01
4.930000e-06	2.767238e-06	1.074759e-09	1.923035e+01	6.703967e+01
4.940000e-06	2.726418e-06	1.066131e-09	1.894668e+01	6.658537e+01
4.950000e-06	2.685415e-06	1.059522e-09	1.866174e+01	6.612228e+01
4.960000e-06	2.644245e-06	1.049448e-09	1.837564e+01	6.565015e+01
4.970000e-06	2.602889e-06	1.040385e-09	1.808824e+01	6.516872e+01
4.980000e-06	2.561367e-06	1.033409e-09	1.779969e+01	6.467777e+01
4.990000e-06	2.519659e-06	1.027697e-09	1.750985e+01	6.417708e+01
5.000000e-06	2.477750e-06	1.020405e-09	1.721861e+01	6.366648e+01
5.010000e-06	2.435649e-06	1.012662e-09	1.692604e+01	6.314579e+01
5.020000e-06	2.393388e-06	1.004780e-09	1.663235e+01	6.261487e+01
5.030000e-06	2.351018e-06	9.971275e-10	1.633791e+01	6.207358e+01
5.040000e-06	2.308477e-06	9.912746e-10	1.604228e+01	6.152182e+01
5.050000e-06	2.265779e-06	9.840934e-10	1.574556e+01	6.095950e+01
5.060000e-06	2.222882e-06	9.753026e-10	1.544746e+01	6.038655e+01
5.070000e-06	2.179762e-06	9.663775e-10	1.514781e+01	5.980290e+01
5.080000e-06	2.136530e-06	9.589649e-10	1.484737e+01	5.920852e+01
5.090000e-06	2.093155e-06	9.522010e-10	1.454595e+01	5.860337e+01
5.100000e-06	2.049618e-06	9.486382e-10	1.424340e+01	5.798743e+01
5.110000e-06	2.005915e-06	9.443177e-10	1.393969e+01	5.736068e+01
5.120000e-06	1.962132e-06	9.355985e-10	1.363543e+01	5.672312e+01
5.130000e-06	1.918315e-06	9.218486e-10	1.333093e+01	5.607474e+01
5.140000e-06	1.874370e-06	9.078597e-10	1.302555e+01	5.541553e+01
5.150000e-06	1.830305e-06	8.957379e-10	1.271933e+01	5.474548e+01
5.160000e-06	1.786141e-06	8.857035e-10	1.241242e+01	5.406458e+01
5.170000e-06	1.741918e-06	8.757778e-10	1.210510e+01	5.337280e+01
5.180000e-06	1.697614e-06	8.669906e-10	1.179722e+01	5.267011e+01
5.190000e-06	1.653250e-06	8.582457e-10	1.148892e+01	5.195646e+01
5.200000e-06	1.608875e-06	8.507892e-10	1.118054e+01	5.123178e+01
5.210000e-06	1.564382e-06	8.403455e-10	1.087135e+01	5.049599e+01
5.220000e-06	1.519799e-06	8.258196e-10	1.056153e+01	4.974899e+01
5.230000e-06	1.475155e-06	8.110342e-10	1.025128e+01	4.899067e+01
5.240000e-06	1.430481e-06	7.973163e-10	9.940832e+00	4.822086e+01
5.250000e-06	1.385778e-06	7.869922e-10	9.630177e+00	4.743941e+01
5.260000e-06	1.340932e-06	7.789268e-10	9.318530e+00	4.664611e+01
5.270000e-06	1.295972e-06	7.717359e-10	9.006090e+00	4.584076e+01
5.280000e-06	1.250868e-06	7.620974e-10	8.692650e+00	4.502310e+01
5.290000e-06	1.205614e-06	7.484664e-10	8.378169e+00	4.419287e+01
5.300000e-06	1.160332e-06	7.328011e-10	8.063489e+00	4.334978e+01
5.310000e-06	1.114957e-06	7.148945e-10	7.748164e+00	4.249352e+01
5.320000e-06	1.069378e-06	6.990159e-10	7.431419e+00	4.162375e+01
5.330000e-06	1.023682e-06	6.862266e-10	7.113863e+00	4.074012e+01
5.340000e-06	9.778622e-07	6.737620e-10	6.795452e+00	3.984226e+01
5.350000e-06	9.319582e-07	6.632103e-10	6.476451e+00	3.892979e+01
5.360000e-06	8.860200e-07	6.514592e-10	6.157213e+00	3.800233e+01
5.370000e-06	8.399852e-07	6.361332e-10	5.837303e+00	3.705947e+01
5.380000e-06	7.939412e-07	6.173417e-10	5.517330e+00	3.610081e+01
5.390000e-06	7.478912e-07	5.973004e-10	5.197315e+00	3.512596e+01
5.400000e-06	7.017228e-07	5.796844e-10	4.876478e+00	3.413453e+01
5.410000e-06	6.554973e-07	5.653100e-10	4.555243e+00	3.312614e+01
5.420000e-06	6.092674e-07	5.538311e-10	4.233978e+00	3.210041e+01
5.430000e-06	5.629635e-07	5.427479e-10	3.912199e+00	3.105701e+01
5.440000e-06	5.166481e-07	5.306208e-10	3.590339e+00	2.999562e+01
5.450000e-06	4.703540e-07	5.155597e-10	3.268628e+00	2.891594e+01
5.460000e-06	4.238925e-07	4.963995e-10	2.945754e+00	2.781772e+01
5.470000e-06	3.772677e-07	4.735576e-10	2.621744e+00	2.670075e+01
5.480000e-06	3.306940e-07	4.526532e-10	2.298090e+00	2.556485e+01
5.490000e-06	2.841987e-07	4.366677e-10	1.974980e+00	2.440992e+01
5.500000e-06	2.376545e-07	4.229763e-10	1.651531e+00	2.323587e+01
5.510000e-06	1.910629e-07	4.087708e-10	1.327752e+00	2.204270e+01
5.520000e-06	1.444934e-07	3.910757e-10	1.004127e+00	2.083047e+01
5.530000e-06	9.791013e-08	3.711143e-10	6.804062e-01	1.959928e+01
5.540000e-06	5.133440e-08	3.505478e-10	3.567378e-01	1.834934e+01
5.550000e-06	4.791790e-09	3.292881e-10	3.329956e-02	1.708088e+01
5.560000e-06	-4.175339e-08	3.066684e-10	-2.901566e-01	1.579423e+01
5.570000e-06	-8.828631e-08	2.837462e-10	-6.135274e-01	1.448981e+01
5.580000e-06	-1.349047e-07	2.616507e-10	-9.374923e-01	1.316808e+01
5.590000e-06	-1.815078e-07	2.415371e-10	-1.261351e+00	1.182960e+01
5.600000e-06	-2.280033e-07	2.213611e-10	-1.584462e+00	1.047499e+01
5.610000e-06	-2.746028e-07	2.000432e-10	-1.908295e+00	9.104955e+00
5.620000e-06	-3.212143e-07	1.781964e-10	-2.232213e+00	7.720270e+00
5.630000e-06	-3.676644e-07	1.557748e-10	-2.555008e+00	6.321781e+00
5.640000e-06	-4.140306e-07	1.321777e-10	-2.877220e+00	4.910403e+00
5.650000e-06	-4.604720e-07	1.074521e-10	-3.199955e+00	3.487120e+00
5.660000e-06	-5.068959e-07	8.261206e-11	-3.522569e+00	2.052976e+00
5.670000e-06	-5.532475e-07	5.715218e-11	-3.844679e+00	6.090752e-01
5.680000e-06	-5.995163e-07	3.204379e-11	-4.166215e+00	-8.434236e-01
5.690000e-06	-6.457199e-07	1.174090e-11	-4.487297e+00	-2.303312e+00
5.700000e-06	-6.919740e-07	-8.322330e-12	-4.808730e+00	-3.769339e+00
5.710000e-06	-7.381000e-07	-3.275710e-11	-5.129273e+00	-5.240211e+00
5.720000e-06	-7.840620e-07	-5.839009e-11	-5.448677e+00	-6.714606e+00
5.730000e-06	-8.299882e-07	-8.567678e-11	-5.767831e+00	-8.191173e+00
5.740000e-06	-8.758378e-07	-1.140798e-10	-6.086454e+00	-9.668543e+00
5.750000e-06	-9.216616e-07	-1.394988e-10	-6.404897e+00	-1.114533e+01
5.760000e-06	-9.674579e-07	-1.627540e-10	-6.723149e+00	-1.262015e+01
5.770000e-06	-1.013187e-06	-1.867956e-10	-7.040931e+00	-1.409161e+01
5.780000e-06	-1.058798e-06	-2.097529e-10	-7.357901e+00	-1.555834e+01
5.790000e-06	-1.104242e-06	-2.329168e-10	-7.673700e+00	-1.701895e+01
5.800000e-06	-1.149578e-06	-2.572049e-10	-7.988758e+00	-1.847212e+01
5.810000e-06	-1.194834e-06	-2.807271e-10	-8.303254e+00	-1.991651e+01
5.820000e-06	-1.239953e-06	-3.036176e-10	-8.616797e+00	-2.135085e+01
5.830000e-06	-1.284923e-06	-3.275452e-10	-8.929305e+00	-2.277389e+01
5.840000e-06	-1.329811e-06	-3.506848e-10	-9.241249e+00	-2.418444e+01
5.850000e-06	-1.374639e-06	-3.725268e-10	-9.552767e+00	-2.558134e+01
5.860000e-06	-1.419412e-06	-3.948758e-10	-9.863912e+00	-2.696351e+01
5.870000e-06	-1.464094e-06	-4.197876e-10	-1.017442e+01	-2.832992e+01
5.880000e-06	-1.508633e-06	-4.445561e-10	-1.048393e+01	-2.967961e+01
5.890000e-06	-1.553056e-06	-4.672027e-10	-1.079264e+01	-3.101167e+01
5.900000e-06	-1.597400e-06	-4.885315e-10	-1.110080e+01	-3.232528e+01
5.910000e-06	-1.641686e-06	-5.089422e-10	-1.140856e+01	-3.361971e+01
5.920000e-06	-1.685984e-06	-5.276388e-10	-1.171640e+01	-3.489426e+01
5.930000e-06	-1.730266e-06	-5.461274e-10	-1.202413e+01	-3.614835e+01
5.940000e-06	-1.774476e-06	-5.663040e-10	-1.233135e+01	-3.738146e+01
5.950000e-06	-1.818623e-06	-5.878471e-10	-1.263815e+01	-3.859316e+01
5.960000e-06	-1.862660e-06	-6.098422e-10	-1.294417e+01	-3.978308e+01
5.970000e-06	-1.906622e-06	-6.302188e-10	-1.324968e+01	-4.095093e+01
5.980000e-06	-1.950557e-06	-6.495317e-10	-1.355499e+01	-4.209653e+01
5.990000e-06	-1.994373e-06	-6.695270e-10	-1.385948e+01	-4.321973e+01
6.000000e-06	-2.038003e-06	-6.884656e-10	-1.416268e+01	-4.432047e+01
6.010000e-06	-2.081433e-06	-7.040099e-10	-1.446449e+01	-4.539877e+01
6.020000e-06	-2.124691e-06	-7.198286e-10	-1.476510e+01	-4.645470e+01
6.030000e-06	-2.167805e-06	-7.361363e-10	-1.506471e+01	-4.748840e+01
6.040000e-06	-2.210749e-06	-7.495989e-10	-1.536314e+01	-4.850006e+01
6.050000e-06	-2.253504e-06	-7.635335e-10	-1.566026e+01	-4.948993e+01
6.060000e-06	-2.296106e-06	-7.816996e-10	-1.595631e+01	-5.045832e+01
6.070000e-06	-2.338599e-06	-8.016866e-10	-1.625161e+01	-5.140556e+01
6.080000e-06	-2.380958e-06	-8.225153e-10	-1.654598e+01	-5.233204e+01
6.090000e-06	-2.423157e-06	-8.422113e-10	-1.683923e+01	-5.323817e+01
6.100000e-06	-2.465200e-06	-8.590175e-10	-1.713139e+01	-5.412441e+01
6.110000e-06	-2.506997e-06	-8.723887e-10	-1.742186e+01	-5.499122e+01
6.120000e-06	-2.548653e-06	-8.824475e-10	-1.771134e+01	-5.583910e+01
6.130000e-06	-2.590242e-06	-8.933848e-10	-1.800035e+01	-5.666854e+01
6.140000e-06	-2.631549e-06	-9.069957e-10	-1.828741e+01	-5.748007e+01
6.150000e-06	-2.672510e-06	-9.225788e-10	-1.857205e+01	-5.827419e+01
6.160000e-06	-2.713219e-06	-9.386593e-10	-1.885495e+01	-5.905144e+01
6.170000e-06	-2.753833e-06	-9.558254e-10	-1.913720e+01	-5.981233e+01
6.180000e-06	-2.794364e-06	-9.709158e-10	-1.941886e+01	-6.055736e+01
6.190000e-06	-2.834747e-06	-9.856959e-10	-1.969949e+01	-6.128703e+01
6.200000e-06	-2.875026e-06	-9.984444e-10	-1.997940e+01	-6.200182e+01
6.210000e-06	-2.915174e-06	-1.005435e-09	-2.025840e+01	-6.270220e+01
6.220000e-06	-2.955196e-06	-1.015087e-09	-2.053653e+01	-6.338860e+01
6.230000e-06	-2.995104e-06	-1.027448e-09	-2.081386e+01	-6.406146e+01
6.240000e-06	-3.034852e-06	-1.040186e-09	-2.109008e+01	-6.472116e+01
6.250000e-06	-3.074297e-06	-1.052508e-09	-2.136419e+01	-6.536807e+01
6.260000e-06	-3.113445e-06	-1.068098e-09	-2.163624e+01	-6.600254e+01
6.270000e-06	-3.152307e-06	-1.082967e-09	-2.190630e+01	-6.662489e+01
6.280000e-06	-3.190731e-06	-1.091870e-09	-2.217332e+01	-6.723540e+01
6.290000e-06	-3.228743e-06	-1.097174e-09	-2.243748e+01	-6.783434e+01
6.300000e-06	-3.266404e-06	-1.103829e-09	-2.269920e+01	-6.842194e+01
6.310000e-06	-3.303749e-06	-1.110803e-09	-2.295872e+01	-6.899840e+01
6.320000e-06	-3.340771e-06	-1.120609e-09	-2.321600e+01	-6.956391e+01
6.330000e-06	-3.377482e-06	-1.133088e-09	-2.347111e+01	-7.011863e+01
6.340000e-06	-3.413937e-06	-1.144314e-09	-2.372445e+01	-7.066270e+01
6.350000e-06	-3.450253e-06	-1.153740e-09	-2.397682e+01	-7.119622e+01
6.360000e-06	-3.486518e-06	-1.161005e-09	-2.422884e+01	-7.171930e+01
6.370000e-06	-3.522629e-06	-1.168991e-09	-2.447978e+01	-7.223202e+01
6.380000e-06	-3.558547e-06	-1.179468e-09	-2.472938e+01	-7.273445e+01
6.390000e-06	-3.594274e-06	-1.189564e-09	-2.497766e+01	-7.322665e+01
6.400000e-06	-3.629687e-06	-1.197474e-09	-2.522376e+01	-7.370865e+01
6.410000e-06	-3.664780e-06	-1.205466e-09	-2.546763e+01	-7.418051e+01
6.420000e-06	-3.699633e-06	-1.214362e-09	-2.570984e+01	-7.464226e+01
6.430000e-06	-3.734264e-06	-1.223569e-09	-2.595050e+01	-7.509394e+01
6.440000e-06	-3.768682e-06	-1.231138e-09	-2.618967e+01	-7.553558e+01
6.450000e-06	-3.802897e-06	-1.237112e-09	-2.642745e+01	-7.596722e+01
6.460000e-06	-3.836898e-06	-1.240243e-09	-2.666373e+01	-7.638891e+01
6.470000e-06	-3.870554e-06	-1.244481e-09	-2.689762e+01	-7.680070e+01
6.480000e-06	-3.903802e-06	-1.251638e-09	-2.712867e+01	-7.720264e+01
6.490000e-06	-3.936717e-06	-1.260841e-09	-2.735740e+01	-7.759482e+01
6.500000e-06	-3.969363e-06	-1.268829e-09	-2.758427e+01	-7.797730e+01
6.510000e-06	-4.001807e-06	-1.272967e-09	-2.780973e+01	-7.835018e+01
6.520000e-06	-4.034088e-06	-1.276216e-09	-2.803406e+01	-7.871358e+01
6.530000e-06	-4.066184e-06	-1.280245e-09	-2.825711e+01	-7.906761e+01
6.540000e-06	-4.098087e-06	-1.282476e-09	-2.847881e+01	-7.941242e+01
6.550000e-06	-4.129712e-06	-1.284651e-09	-2.869858e+01	-7.974814e+01
6.560000e-06	-4.160945e-06	-1.287033e-09	-2.891563e+01	-8.007495e+01
6.570000e-06	-4.191762e-06	-1.292235e-09	-2.912979e+01	-8.039303e+01
6.580000e-06	-4.222092e-06	-1.300610e-09	-2.934056e+01	-8.070256e+01
6.590000e-06	-4.251958e-06	-1.308140e-09	-2.954810e+01	-8.100377e+01
6.600000e-06	-4.281469e-06	-1.313543e-09	-2.975318e+01	-8.129686e+01
6.610000e-06	-4.310566e-06	-1.318261e-09	-2.995539e+01	-8.158206e+01
6.620000e-06	-4.339243e-06	-1.319411e-09	-3.015467e+01	-8.185962e+01
6.630000e-06	-4.367657e-06	-1.318452e-09	-3.035213e+01	-8.212978e+01
6.640000e-06	-4.395903e-06	-1.321079e-09	-3.054842e+01	-8.239279e+01
6.650000e-06	-4.423956e-06	-1.325163e-09	-3.074337e+01	-8.264891e+01
6.660000e-06	-4.451791e-06	-1.328731e-09	-3.093680e+01	-8.289841e+01
6.670000e-06	-4.479361e-06	-1.333338e-09	-3.112839e+01	-8.314154e+01
6.680000e-06	-4.506525e-06	-1.337589e-09	-3.131716e+01	-8.337857e+01
6.690000e-06	-4.533336e-06	-1.341330e-09	-3.150348e+01	-8.360976e+01
6.700000e-06	-4.559863e-06	-1.346518e-09	-3.168783e+01	-8.383537e+01
6.710000e-06	-4.586067e-06	-1.350017e-09	-3.186993e+01	-8.405564e+01
6.720000e-06	-4.611921e-06	-1.351367e-09	-3.204960e+01	-8.427083e+01
6.730000e-06	-4.637474e-06	-1.353626e-09	-3.222717e+01	-8.448116e+01
6.740000e-06	-4.662734e-06	-1.356705e-09	-3.240271e+01	-8.468687e+01
6.750000e-06	-4.687591e-06	-1.356915e-09	-3.257544e+01	-8.488818e+01
6.760000e-06	-4.712173e-06	-1.356986e-09	-3.274627e+01	-8.508528e+01
6.770000e-06	-4.736613e-06	-1.359098e-09	-3.291611e+01	-8.527836e+01
6.780000e-06	-4.760820e-06	-1.360754e-09	-3.308434e+01	-8.546761e+01
6.790000e-06	-4.784815e-06	-1.363120e-09	-3.325109e+01	-8.565318e+01
6.800000e-06	-4.808562e-06	-1.368191e-09	-3.341611e+01	-8.583523e+01
6.810000e-06	-4.831843e-06	-1.373961e-09	-3.357789e+01	-8.601389e+01
6.820000e-06	-4.854605e-06	-1.378526e-09	-3.373608e+01	-8.618926e+01
6.830000e-06	-4.876849e-06	-1.383709e-09	-3.389065e+01	-8.636147e+01
6.840000e-06	-4.898557e-06	-1.387970e-09	-3.404151e+01	-8.653059e+01
6.850000e-06	-4.919737e-06	-1.390525e-09	-3.418869e+01	-8.669671e+01
6.860000e-06	-4.940524e-06	-1.391216e-09	-3.433315e+01	-8.685987e+01
6.870000e-06	-4.961088e-06	-1.390998e-09	-3.447606e+01	-8.702014e+01
6.880000e-06	-4.981409e-06	-1.394043e-09	-3.461728e+01	-8.717754e+01
6.890000e-06	-5.001411e-06	-1.397511e-09	-3.475627e+01	-8.733210e+01
6.900000e-06	-5.021154e-06	-1.401238e-09	-3.489347e+01	-8.748384e+01
6.910000e-06	-5.040614e-06	-1.404765e-09	-3.502870e+01	-8.763276e+01
6.920000e-06	-5.059678e-06	-1.403490e-09	-3.516119e+01	-8.777887e+01
6.930000e-06	-5.078369e-06	-1.399009e-09	-3.529108e+01	-8.792216e+01
6.940000e-06	-5.096761e-06	-1.397776e-09	-3.541889e+01	-8.806262e+01
6.950000e-06	-5.114845e-06	-1.400292e-09	-3.554456e+01	-8.820024e+01
6.960000e-06	-5.132571e-06	-1.404649e-09	-3.566774e+01	-8.833499e+01
6.970000e-06	-5.149884e-06	-1.409369e-09	-3.578806e+01	-8.846686e+01
6.980000e-06	-5.166802e-06	-1.414709e-09	-3.590562e+01	-8.859583e+01
6.990000e-06	-5.183455e-06	-1.420917e-09	-3.602135e+01	-8.872189e+01
7.000000e-06	-5.199913e-06	-1.423293e-09	-3.613572e+01	-8.884503e+01
7.010000e-06	-5.216144e-06	-1.420863e-09	-3.624852e+01	-8.896522e+01
7.020000e-06	-5.232038e-06	-1.417336e-09	-3.635897e+01	-8.908248e+01
7.030000e-06	-5.247437e-06	-1.416089e-09	-3.646598e+01	-8.919678e+01
7.040000e-06	-5.262154e-06	-1.416667e-09	-3.656825e+01	-8.930815e+01
7.050000e-06	-5.276248e-06	-1.417326e-09	-3.666620e+01	-8.941658e+01
7.060000e-06	-5.289723e-06	-1.418733e-09	-3.675984e+01	-8.952209e+01
7.070000e-06	-5.302674e-06	-1.419145e-09	-3.684984e+01	-8.962471e+01
7.080000e-06	-5.315304e-06	-1.418726e-09	-3.693761e+01	-8.972445e+01
7.090000e-06	-5.327593e-06	-1.420523e-09	-3.702301e+01	-8.982135e+01
7.100000e-06	-5.339577e-06	-1.424551e-09	-3.710629e+01	-8.991544e+01
7.110000e-06	-5.351231e-06	-1.427163e-09	-3.718727e+01	-9.000678e+01
7.120000e-06	-5.362460e-06	-1.426309e-09	-3.726531e+01	-9.009539e+01
7.130000e-06	-5.373242e-06	-1.423513e-09	-3.734024e+01	-9.018134e+01
7.140000e-06	-5.383681e-06	-1.418353e-09	-3.741278e+01	-9.026466e+01
7.150000e-06	-5.393778e-06	-1.415975e-09	-3.748295e+01	-9.034543e+01
7.160000e-06	-5.403473e-06	-1.416167e-09	-3.755032e+01	-9.042369e+01
7.170000e-06	-5.412735e-06	-1.417220e-09	-3.761469e+01	-9.049948e+01
7.180000e-06	-5.421552e-06	-1.420121e-09	-3.767595e+01	-9.057288e+01
7.190000e-06	-5.430088e-06	-1.423454e-09	-3.773528e+01	-9.064391e+01
7.200000e-06	-5.438393e-06	-1.422922e-09	-3.779299e+01	-9.071264e+01
7.210000e-06	-5.446432e-06	-1.421550e-09	-3.784885e+01	-9.077910e+01
7.220000e-06	-5.454231e-06	-1.419541e-09	-3.790305e+01	-9.084333e+01
7.230000e-06	-5.461654e-06	-1.417634e-09	-3.795464e+01	-9.090534e+01
7.240000e-06	-5.468527e-06	-1.418266e-09	-3.800240e+01	-9.096518e+01
7.250000e-06	-5.474791e-06	-1.422210e-09	-3.804593e+01	-9.102284e+01
7.260000e-06	-5.480417e-06	-1.426502e-09	-3.808503e+01	-9.107833e+01
7.270000e-06	-5.485443e-06	-1.428173e-09	-3.811995e+01	-9.113164e+01
7.280000e-06	-5.490035e-06	-1.429887e-09	-3.815186e+01	-9.118275e+01
7.290000e-06	-5.494358e-06	-1.429043e-09	-3.818190e+01	-9.123164e+01
7.300000e-06	-5.498497e-06	-1.426505e-09	-3.821067e+01	-9.127827e+01
7.310000e-06	-5.502355e-06	-1.425919e-09	-3.823748e+01	-9.132258e+01
7.320000e-06	-5.505870e-06	-1.425498e-09	-3.826190e+01	-9.136451e+01
7.330000e-06	-5.509049e-06	-1.426737e-09	-3.828400e+01	-9.140399e+01
7.340000e-06	-5.511811e-06	-1.430112e-09	-3.830319e+01	-9.144095e+01
7.350000e-06	-5.514173e-06	-1.432841e-09	-3.831960e+01	-9.147528e+01
7.360000e-06	-5.516292e-06	-1.431600e-09	-3.833433e+01	-9.150689e+01
7.370000e-06	-5.518150e-06	-1.430123e-09	-3.834724e+01	-9.153566e+01
7.380000e-06	-5.519515e-06	-1.429173e-09	-3.835673e+01	-9.156148e+01
7.390000e-06	-5.520416e-06	-1.424268e-09	-3.836299e+01	-9.158424e+01
7.400000e-06	-5.520993e-06	-1.422784e-09	-3.836700e+01	-9.160379e+01
