# Temperatura_=_-10.5
# Concentracion g/m^3_=_1620.0
# C_Vs_to_Am_M_A/Vsm_=_65563218390.804596
# pendiente_HvsI_1/m_=_3716.3
# ordenada_HvsI_A/m_=_1297.0
# frecuencia_Hz_=_135094.5178731514

Tiempo_(s)	Campo_(V.s)	Magnetizacion_(V.s)	Campo_(kA/m)	Magnetizacion_(A/m)
0.000000e+00	-5.559456e-06	-8.631814e-10	-3.837628e+01	-5.833364e+01
1.000000e-08	-5.559574e-06	-8.618963e-10	-3.837710e+01	-5.833442e+01
2.000000e-08	-5.559419e-06	-8.630007e-10	-3.837602e+01	-5.833442e+01
3.000000e-08	-5.558894e-06	-8.646632e-10	-3.837240e+01	-5.833358e+01
4.000000e-08	-5.557817e-06	-8.644783e-10	-3.836497e+01	-5.833190e+01
5.000000e-08	-5.556192e-06	-8.620300e-10	-3.835375e+01	-5.832933e+01
6.000000e-08	-5.553957e-06	-8.513678e-10	-3.833832e+01	-5.832584e+01
7.000000e-08	-5.551151e-06	-8.454869e-10	-3.831895e+01	-5.832137e+01
8.000000e-08	-5.547890e-06	-8.501870e-10	-3.829644e+01	-5.831588e+01
9.000000e-08	-5.544176e-06	-8.677951e-10	-3.827080e+01	-5.830930e+01
1.000000e-07	-5.540130e-06	-8.986626e-10	-3.824288e+01	-5.830157e+01
1.100000e-07	-5.535753e-06	-8.751538e-10	-3.821266e+01	-5.829263e+01
1.200000e-07	-5.531103e-06	-8.147952e-10	-3.818056e+01	-5.828241e+01
1.300000e-07	-5.526230e-06	-8.150964e-10	-3.814692e+01	-5.827081e+01
1.400000e-07	-5.521010e-06	-8.532033e-10	-3.811089e+01	-5.825777e+01
1.500000e-07	-5.515415e-06	-8.691817e-10	-3.807227e+01	-5.824320e+01
1.600000e-07	-5.509370e-06	-8.145876e-10	-3.803054e+01	-5.822700e+01
1.700000e-07	-5.502960e-06	-8.144441e-10	-3.798629e+01	-5.820910e+01
1.800000e-07	-5.496191e-06	-8.732874e-10	-3.793957e+01	-5.818939e+01
1.900000e-07	-5.488929e-06	-8.973874e-10	-3.788944e+01	-5.816778e+01
2.000000e-07	-5.481331e-06	-8.551702e-10	-3.783699e+01	-5.814419e+01
2.100000e-07	-5.473497e-06	-8.306737e-10	-3.778292e+01	-5.811851e+01
2.200000e-07	-5.465391e-06	-8.723032e-10	-3.772696e+01	-5.809065e+01
2.300000e-07	-5.456980e-06	-8.968056e-10	-3.766890e+01	-5.806053e+01
2.400000e-07	-5.448201e-06	-8.784653e-10	-3.760830e+01	-5.802806e+01
2.500000e-07	-5.438743e-06	-8.729577e-10	-3.754301e+01	-5.799315e+01
2.600000e-07	-5.428482e-06	-8.949580e-10	-3.747218e+01	-5.795572e+01
2.700000e-07	-5.417641e-06	-8.894097e-10	-3.739735e+01	-5.791570e+01
2.800000e-07	-5.406368e-06	-8.711635e-10	-3.731953e+01	-5.787302e+01
2.900000e-07	-5.394649e-06	-8.657093e-10	-3.723863e+01	-5.782762e+01
3.000000e-07	-5.382570e-06	-8.819006e-10	-3.715526e+01	-5.777943e+01
3.100000e-07	-5.370114e-06	-8.759735e-10	-3.706927e+01	-5.772842e+01
3.200000e-07	-5.357190e-06	-8.645067e-10	-3.698006e+01	-5.767453e+01
3.300000e-07	-5.343855e-06	-8.635111e-10	-3.688801e+01	-5.761775e+01
3.400000e-07	-5.330164e-06	-8.770402e-10	-3.679350e+01	-5.755803e+01
3.500000e-07	-5.316128e-06	-8.764714e-10	-3.669662e+01	-5.749537e+01
3.600000e-07	-5.301646e-06	-8.594135e-10	-3.659665e+01	-5.742977e+01
3.700000e-07	-5.286675e-06	-8.551318e-10	-3.649330e+01	-5.736121e+01
3.800000e-07	-5.271161e-06	-8.703512e-10	-3.638621e+01	-5.728973e+01
3.900000e-07	-5.255052e-06	-8.628719e-10	-3.627502e+01	-5.721533e+01
4.000000e-07	-5.238512e-06	-8.420433e-10	-3.616084e+01	-5.713805e+01
4.100000e-07	-5.221650e-06	-8.575958e-10	-3.604445e+01	-5.705793e+01
4.200000e-07	-5.204382e-06	-8.755861e-10	-3.592524e+01	-5.697502e+01
4.300000e-07	-5.186833e-06	-8.456292e-10	-3.580411e+01	-5.688937e+01
4.400000e-07	-5.168969e-06	-8.418515e-10	-3.568079e+01	-5.680106e+01
4.500000e-07	-5.150659e-06	-8.800561e-10	-3.555440e+01	-5.671015e+01
4.600000e-07	-5.131924e-06	-8.640383e-10	-3.542508e+01	-5.661673e+01
4.700000e-07	-5.112800e-06	-8.193021e-10	-3.529306e+01	-5.652088e+01
4.800000e-07	-5.093420e-06	-8.475616e-10	-3.515929e+01	-5.642271e+01
4.900000e-07	-5.073835e-06	-8.722394e-10	-3.502409e+01	-5.632230e+01
5.000000e-07	-5.054073e-06	-8.311859e-10	-3.488768e+01	-5.621977e+01
5.100000e-07	-5.034057e-06	-8.275577e-10	-3.474951e+01	-5.611522e+01
5.200000e-07	-5.013620e-06	-8.606264e-10	-3.460844e+01	-5.600877e+01
5.300000e-07	-4.992848e-06	-8.347687e-10	-3.446505e+01	-5.590053e+01
5.400000e-07	-4.971740e-06	-8.162700e-10	-3.431935e+01	-5.579062e+01
5.500000e-07	-4.950214e-06	-8.569109e-10	-3.417075e+01	-5.567915e+01
5.600000e-07	-4.928331e-06	-8.499848e-10	-3.401970e+01	-5.556625e+01
5.700000e-07	-4.906176e-06	-8.102198e-10	-3.386677e+01	-5.545203e+01
5.800000e-07	-4.883731e-06	-8.312587e-10	-3.371183e+01	-5.533661e+01
5.900000e-07	-4.860879e-06	-8.466382e-10	-3.355408e+01	-5.522011e+01
6.000000e-07	-4.837726e-06	-8.076583e-10	-3.339426e+01	-5.510263e+01
6.100000e-07	-4.814308e-06	-8.106186e-10	-3.323261e+01	-5.498428e+01
6.200000e-07	-4.790641e-06	-8.334197e-10	-3.306924e+01	-5.486517e+01
6.300000e-07	-4.766697e-06	-8.085176e-10	-3.290395e+01	-5.474539e+01
6.400000e-07	-4.742489e-06	-7.988184e-10	-3.273685e+01	-5.462504e+01
6.500000e-07	-4.717962e-06	-8.256654e-10	-3.256755e+01	-5.450420e+01
6.600000e-07	-4.692879e-06	-8.169459e-10	-3.239440e+01	-5.438295e+01
6.700000e-07	-4.667220e-06	-7.993782e-10	-3.221728e+01	-5.426137e+01
6.800000e-07	-4.640977e-06	-8.094657e-10	-3.203612e+01	-5.413950e+01
6.900000e-07	-4.614226e-06	-8.049465e-10	-3.185147e+01	-5.401742e+01
7.000000e-07	-4.587119e-06	-7.855438e-10	-3.166435e+01	-5.389517e+01
7.100000e-07	-4.559730e-06	-7.921878e-10	-3.147529e+01	-5.377277e+01
7.200000e-07	-4.532143e-06	-7.973118e-10	-3.128486e+01	-5.365026e+01
7.300000e-07	-4.504354e-06	-7.877622e-10	-3.109303e+01	-5.352765e+01
7.400000e-07	-4.476264e-06	-7.922215e-10	-3.089913e+01	-5.340496e+01
7.500000e-07	-4.447907e-06	-8.004321e-10	-3.070339e+01	-5.328216e+01
7.600000e-07	-4.419304e-06	-7.895185e-10	-3.050594e+01	-5.315926e+01
7.700000e-07	-4.390351e-06	-7.835879e-10	-3.030608e+01	-5.303622e+01
7.800000e-07	-4.361155e-06	-7.846191e-10	-3.010455e+01	-5.291300e+01
7.900000e-07	-4.331689e-06	-7.751003e-10	-2.990115e+01	-5.278957e+01
8.000000e-07	-4.301795e-06	-7.707479e-10	-2.969479e+01	-5.266587e+01
8.100000e-07	-4.271597e-06	-7.775958e-10	-2.948634e+01	-5.254182e+01
8.200000e-07	-4.241106e-06	-7.756624e-10	-2.927586e+01	-5.241736e+01
8.300000e-07	-4.210338e-06	-7.702110e-10	-2.906348e+01	-5.229239e+01
8.400000e-07	-4.179325e-06	-7.770168e-10	-2.884940e+01	-5.216682e+01
8.500000e-07	-4.147986e-06	-7.790203e-10	-2.863307e+01	-5.204055e+01
8.600000e-07	-4.116450e-06	-7.704830e-10	-2.841538e+01	-5.191346e+01
8.700000e-07	-4.084813e-06	-7.675885e-10	-2.819699e+01	-5.178543e+01
8.800000e-07	-4.052962e-06	-7.683891e-10	-2.797713e+01	-5.165634e+01
8.900000e-07	-4.020914e-06	-7.599412e-10	-2.775590e+01	-5.152603e+01
9.000000e-07	-3.988601e-06	-7.542477e-10	-2.753285e+01	-5.139438e+01
9.100000e-07	-3.955892e-06	-7.553780e-10	-2.730706e+01	-5.126123e+01
9.200000e-07	-3.922814e-06	-7.528413e-10	-2.707873e+01	-5.112642e+01
9.300000e-07	-3.889261e-06	-7.500180e-10	-2.684712e+01	-5.098980e+01
9.400000e-07	-3.855190e-06	-7.543075e-10	-2.661193e+01	-5.085121e+01
9.500000e-07	-3.820682e-06	-7.535459e-10	-2.637373e+01	-5.071046e+01
9.600000e-07	-3.785697e-06	-7.470696e-10	-2.613223e+01	-5.056740e+01
9.700000e-07	-3.750337e-06	-7.445042e-10	-2.588814e+01	-5.042184e+01
9.800000e-07	-3.714805e-06	-7.438186e-10	-2.564287e+01	-5.027361e+01
9.900000e-07	-3.679190e-06	-7.357604e-10	-2.539702e+01	-5.012254e+01
1.000000e-06	-3.643482e-06	-7.314612e-10	-2.515054e+01	-4.996845e+01
1.010000e-06	-3.607614e-06	-7.315912e-10	-2.490294e+01	-4.981116e+01
1.020000e-06	-3.571590e-06	-7.281404e-10	-2.465427e+01	-4.965049e+01
1.030000e-06	-3.535323e-06	-7.236715e-10	-2.440392e+01	-4.948628e+01
1.040000e-06	-3.498751e-06	-7.236777e-10	-2.415147e+01	-4.931835e+01
1.050000e-06	-3.461917e-06	-7.195908e-10	-2.389721e+01	-4.914653e+01
1.060000e-06	-3.424827e-06	-7.119417e-10	-2.364118e+01	-4.897066e+01
1.070000e-06	-3.387527e-06	-7.104286e-10	-2.338371e+01	-4.879057e+01
1.080000e-06	-3.350015e-06	-7.102612e-10	-2.312476e+01	-4.860612e+01
1.090000e-06	-3.312254e-06	-7.049234e-10	-2.286410e+01	-4.841714e+01
1.100000e-06	-3.274236e-06	-6.979713e-10	-2.260167e+01	-4.822350e+01
1.110000e-06	-3.235921e-06	-6.922741e-10	-2.233719e+01	-4.802505e+01
1.120000e-06	-3.197443e-06	-6.844385e-10	-2.207158e+01	-4.782168e+01
1.130000e-06	-3.158711e-06	-6.790228e-10	-2.180421e+01	-4.761323e+01
1.140000e-06	-3.119712e-06	-6.793640e-10	-2.153501e+01	-4.739962e+01
1.150000e-06	-3.080535e-06	-6.790664e-10	-2.126458e+01	-4.718071e+01
1.160000e-06	-3.041184e-06	-6.752172e-10	-2.099294e+01	-4.695641e+01
1.170000e-06	-3.001705e-06	-6.722923e-10	-2.072042e+01	-4.672662e+01
1.180000e-06	-2.962139e-06	-6.672538e-10	-2.044730e+01	-4.649127e+01
1.190000e-06	-2.922488e-06	-6.593658e-10	-2.017359e+01	-4.625025e+01
1.200000e-06	-2.882639e-06	-6.547905e-10	-1.989852e+01	-4.600352e+01
1.210000e-06	-2.842614e-06	-6.525096e-10	-1.962223e+01	-4.575099e+01
1.220000e-06	-2.802436e-06	-6.479543e-10	-1.934489e+01	-4.549261e+01
1.230000e-06	-2.762062e-06	-6.460590e-10	-1.906619e+01	-4.522834e+01
1.240000e-06	-2.721376e-06	-6.441741e-10	-1.878534e+01	-4.495812e+01
1.250000e-06	-2.680404e-06	-6.412786e-10	-1.850252e+01	-4.468192e+01
1.260000e-06	-2.639147e-06	-6.391250e-10	-1.821773e+01	-4.439971e+01
1.270000e-06	-2.597634e-06	-6.373179e-10	-1.793117e+01	-4.411145e+01
1.280000e-06	-2.555842e-06	-6.328770e-10	-1.764268e+01	-4.381712e+01
1.290000e-06	-2.513654e-06	-6.239105e-10	-1.735146e+01	-4.351670e+01
1.300000e-06	-2.471217e-06	-6.137300e-10	-1.705852e+01	-4.321017e+01
1.310000e-06	-2.428602e-06	-6.066727e-10	-1.676436e+01	-4.289751e+01
1.320000e-06	-2.385719e-06	-6.018384e-10	-1.646834e+01	-4.257870e+01
1.330000e-06	-2.342552e-06	-6.002424e-10	-1.617036e+01	-4.225371e+01
1.340000e-06	-2.299219e-06	-6.000515e-10	-1.587124e+01	-4.192254e+01
1.350000e-06	-2.255750e-06	-5.976227e-10	-1.557118e+01	-4.158515e+01
1.360000e-06	-2.212179e-06	-5.913754e-10	-1.527042e+01	-4.124152e+01
1.370000e-06	-2.168557e-06	-5.830656e-10	-1.496930e+01	-4.089161e+01
1.380000e-06	-2.124856e-06	-5.758684e-10	-1.466763e+01	-4.053539e+01
1.390000e-06	-2.081009e-06	-5.706020e-10	-1.436496e+01	-4.017280e+01
1.400000e-06	-2.036997e-06	-5.661922e-10	-1.406116e+01	-3.980379e+01
1.410000e-06	-1.992969e-06	-5.621420e-10	-1.375723e+01	-3.942830e+01
1.420000e-06	-1.948929e-06	-5.580007e-10	-1.345323e+01	-3.904626e+01
1.430000e-06	-1.904739e-06	-5.533239e-10	-1.314819e+01	-3.865756e+01
1.440000e-06	-1.860403e-06	-5.483118e-10	-1.284215e+01	-3.826213e+01
1.450000e-06	-1.815891e-06	-5.405715e-10	-1.253488e+01	-3.785984e+01
1.460000e-06	-1.771281e-06	-5.338527e-10	-1.222695e+01	-3.745057e+01
1.470000e-06	-1.726579e-06	-5.286902e-10	-1.191838e+01	-3.703418e+01
1.480000e-06	-1.681710e-06	-5.222969e-10	-1.160865e+01	-3.661052e+01
1.490000e-06	-1.636674e-06	-5.135720e-10	-1.129777e+01	-3.617941e+01
1.500000e-06	-1.591395e-06	-5.032301e-10	-1.098521e+01	-3.574068e+01
1.510000e-06	-1.545960e-06	-4.945612e-10	-1.067158e+01	-3.529412e+01
1.520000e-06	-1.500448e-06	-4.845691e-10	-1.035742e+01	-3.483951e+01
1.530000e-06	-1.454902e-06	-4.741167e-10	-1.004302e+01	-3.437663e+01
1.540000e-06	-1.409316e-06	-4.674045e-10	-9.728344e+00	-3.390523e+01
1.550000e-06	-1.363539e-06	-4.634072e-10	-9.412353e+00	-3.342505e+01
1.560000e-06	-1.317620e-06	-4.563289e-10	-9.095381e+00	-3.293582e+01
1.570000e-06	-1.271739e-06	-4.461906e-10	-8.778669e+00	-3.243725e+01
1.580000e-06	-1.225833e-06	-4.360297e-10	-8.461783e+00	-3.192905e+01
1.590000e-06	-1.179802e-06	-4.244404e-10	-8.144035e+00	-3.141091e+01
1.600000e-06	-1.133590e-06	-4.135074e-10	-7.825038e+00	-3.088251e+01
1.610000e-06	-1.087299e-06	-4.052116e-10	-7.505497e+00	-3.034354e+01
1.620000e-06	-1.040951e-06	-3.997698e-10	-7.185566e+00	-2.979366e+01
1.630000e-06	-9.945269e-07	-3.951327e-10	-6.865104e+00	-2.923255e+01
1.640000e-06	-9.480946e-07	-3.879980e-10	-6.544587e+00	-2.865986e+01
1.650000e-06	-9.015351e-07	-3.793991e-10	-6.223192e+00	-2.807528e+01
1.660000e-06	-8.549166e-07	-3.699550e-10	-5.901390e+00	-2.747847e+01
1.670000e-06	-8.082800e-07	-3.593333e-10	-5.579463e+00	-2.686910e+01
1.680000e-06	-7.615717e-07	-3.478973e-10	-5.257041e+00	-2.624687e+01
1.690000e-06	-7.148324e-07	-3.372768e-10	-4.934405e+00	-2.561147e+01
1.700000e-06	-6.680846e-07	-3.290830e-10	-4.611711e+00	-2.496260e+01
1.710000e-06	-6.212989e-07	-3.193160e-10	-4.288754e+00	-2.430000e+01
1.720000e-06	-5.743678e-07	-3.088216e-10	-3.964794e+00	-2.362341e+01
1.730000e-06	-5.272760e-07	-2.974310e-10	-3.639725e+00	-2.293259e+01
1.740000e-06	-4.802129e-07	-2.852049e-10	-3.314854e+00	-2.222732e+01
1.750000e-06	-4.331572e-07	-2.733968e-10	-2.990034e+00	-2.150744e+01
1.760000e-06	-3.860451e-07	-2.620605e-10	-2.664825e+00	-2.077278e+01
1.770000e-06	-3.388680e-07	-2.507000e-10	-2.339166e+00	-2.002321e+01
1.780000e-06	-2.916413e-07	-2.409465e-10	-2.013166e+00	-1.925866e+01
1.790000e-06	-2.445001e-07	-2.307920e-10	-1.687756e+00	-1.847907e+01
1.800000e-06	-1.973469e-07	-2.174648e-10	-1.362263e+00	-1.768441e+01
1.810000e-06	-1.500822e-07	-2.028977e-10	-1.036000e+00	-1.687473e+01
1.820000e-06	-1.028133e-07	-1.894059e-10	-7.097082e-01	-1.605009e+01
1.830000e-06	-5.561172e-08	-1.772627e-10	-3.838812e-01	-1.521061e+01
1.840000e-06	-8.333457e-09	-1.642690e-10	-5.752489e-02	-1.435643e+01
1.850000e-06	3.895356e-08	-1.537519e-10	2.688919e-01	-1.348777e+01
1.860000e-06	8.618095e-08	-1.462074e-10	5.948971e-01	-1.260487e+01
1.870000e-06	1.334166e-07	-1.364599e-10	9.209593e-01	-1.170804e+01
1.880000e-06	1.806025e-07	-1.229601e-10	1.246678e+00	-1.079762e+01
1.890000e-06	2.277326e-07	-1.061272e-10	1.572012e+00	-9.874015e+00
1.900000e-06	2.748884e-07	-8.929593e-11	1.897523e+00	-8.937658e+00
1.910000e-06	3.220700e-07	-7.396423e-11	2.223212e+00	-7.989043e+00
1.920000e-06	3.692896e-07	-6.150698e-11	2.549163e+00	-7.028708e+00
1.930000e-06	4.164451e-07	-5.122019e-11	2.874672e+00	-6.057234e+00
1.940000e-06	4.634949e-07	-4.134474e-11	3.199452e+00	-5.075248e+00
1.950000e-06	5.105394e-07	-3.252137e-11	3.524194e+00	-4.083417e+00
1.960000e-06	5.575022e-07	-2.286540e-11	3.848373e+00	-3.082452e+00
1.970000e-06	6.043391e-07	-9.804359e-12	4.171683e+00	-2.073096e+00
1.980000e-06	6.511407e-07	6.211345e-12	4.494749e+00	-1.056134e+00
1.990000e-06	6.979447e-07	2.277876e-11	4.817831e+00	-3.237934e-02
2.000000e-06	7.446657e-07	3.857095e-11	5.140341e+00	9.973240e-01
2.010000e-06	7.912410e-07	5.190618e-11	5.461845e+00	2.032105e+00
2.020000e-06	8.377665e-07	6.361493e-11	5.783005e+00	3.071070e+00
2.030000e-06	8.842902e-07	7.634060e-11	6.104153e+00	4.113305e+00
2.040000e-06	9.306779e-07	8.989014e-11	6.424361e+00	5.157881e+00
2.050000e-06	9.770123e-07	1.019152e-10	6.744202e+00	6.203857e+00
2.060000e-06	1.023394e-06	1.137050e-10	7.064370e+00	7.250283e+00
2.070000e-06	1.069699e-06	1.297586e-10	7.384009e+00	8.296205e+00
2.080000e-06	1.115849e-06	1.480359e-10	7.702577e+00	9.340669e+00
2.090000e-06	1.161873e-06	1.644880e-10	8.020273e+00	1.038272e+01
2.100000e-06	1.207835e-06	1.807710e-10	8.337546e+00	1.142143e+01
2.110000e-06	1.253710e-06	1.961481e-10	8.654211e+00	1.245585e+01
2.120000e-06	1.299511e-06	2.101894e-10	8.970377e+00	1.348507e+01
2.130000e-06	1.345244e-06	2.233106e-10	9.286062e+00	1.450820e+01
2.140000e-06	1.390969e-06	2.362686e-10	9.601697e+00	1.552437e+01
2.150000e-06	1.436695e-06	2.479141e-10	9.917340e+00	1.653271e+01
2.160000e-06	1.482367e-06	2.581188e-10	1.023261e+01	1.753243e+01
2.170000e-06	1.527861e-06	2.697674e-10	1.054664e+01	1.852273e+01
2.180000e-06	1.573234e-06	2.854057e-10	1.085986e+01	1.950287e+01
2.190000e-06	1.618536e-06	3.000132e-10	1.117257e+01	2.047213e+01
2.200000e-06	1.663602e-06	3.114578e-10	1.148365e+01	2.142985e+01
2.210000e-06	1.708482e-06	3.244007e-10	1.179345e+01	2.237540e+01
2.220000e-06	1.753180e-06	3.363674e-10	1.210200e+01	2.330820e+01
2.230000e-06	1.797718e-06	3.498670e-10	1.240944e+01	2.422771e+01
2.240000e-06	1.842243e-06	3.594762e-10	1.271679e+01	2.513344e+01
2.250000e-06	1.886673e-06	3.664715e-10	1.302349e+01	2.602496e+01
2.260000e-06	1.930871e-06	3.742174e-10	1.332858e+01	2.690187e+01
2.270000e-06	1.974937e-06	3.839414e-10	1.363276e+01	2.776383e+01
2.280000e-06	2.018852e-06	3.959786e-10	1.393590e+01	2.861055e+01
2.290000e-06	2.062678e-06	4.075040e-10	1.423843e+01	2.944178e+01
2.300000e-06	2.106488e-06	4.190954e-10	1.454084e+01	3.025733e+01
2.310000e-06	2.150243e-06	4.306571e-10	1.484288e+01	3.105705e+01
2.320000e-06	2.193943e-06	4.413882e-10	1.514454e+01	3.184084e+01
2.330000e-06	2.237589e-06	4.513980e-10	1.544582e+01	3.260863e+01
2.340000e-06	2.281118e-06	4.609212e-10	1.574630e+01	3.336041e+01
2.350000e-06	2.324463e-06	4.672837e-10	1.604550e+01	3.409622e+01
2.360000e-06	2.367744e-06	4.748476e-10	1.634426e+01	3.481610e+01
2.370000e-06	2.410873e-06	4.849617e-10	1.664198e+01	3.552016e+01
2.380000e-06	2.453646e-06	4.956992e-10	1.693723e+01	3.620853e+01
2.390000e-06	2.496205e-06	5.074557e-10	1.723101e+01	3.688138e+01
2.400000e-06	2.538529e-06	5.195818e-10	1.752317e+01	3.753889e+01
2.410000e-06	2.580403e-06	5.304744e-10	1.781222e+01	3.818129e+01
2.420000e-06	2.621855e-06	5.424040e-10	1.809836e+01	3.880881e+01
2.430000e-06	2.662962e-06	5.536141e-10	1.838212e+01	3.942171e+01
2.440000e-06	2.703792e-06	5.626930e-10	1.866396e+01	4.002027e+01
2.450000e-06	2.744382e-06	5.705562e-10	1.894415e+01	4.060476e+01
2.460000e-06	2.784693e-06	5.768122e-10	1.922241e+01	4.117549e+01
2.470000e-06	2.824809e-06	5.813109e-10	1.949933e+01	4.173275e+01
2.480000e-06	2.864837e-06	5.872662e-10	1.977563e+01	4.227687e+01
2.490000e-06	2.904684e-06	5.967893e-10	2.005070e+01	4.280813e+01
2.500000e-06	2.944362e-06	6.074987e-10	2.032459e+01	4.332686e+01
2.510000e-06	2.983981e-06	6.148524e-10	2.059808e+01	4.383336e+01
2.520000e-06	3.023528e-06	6.217821e-10	2.087106e+01	4.432791e+01
2.530000e-06	3.062933e-06	6.289718e-10	2.114307e+01	4.481082e+01
2.540000e-06	3.102114e-06	6.334694e-10	2.141354e+01	4.528236e+01
2.550000e-06	3.140956e-06	6.360311e-10	2.168166e+01	4.574280e+01
2.560000e-06	3.179473e-06	6.394492e-10	2.194753e+01	4.619240e+01
2.570000e-06	3.217794e-06	6.459047e-10	2.221206e+01	4.663138e+01
2.580000e-06	3.255973e-06	6.530542e-10	2.247560e+01	4.705999e+01
2.590000e-06	3.293972e-06	6.602007e-10	2.273791e+01	4.747842e+01
2.600000e-06	3.331788e-06	6.670735e-10	2.299895e+01	4.788687e+01
2.610000e-06	3.369435e-06	6.732318e-10	2.325882e+01	4.828551e+01
2.620000e-06	3.406882e-06	6.803781e-10	2.351731e+01	4.867450e+01
2.630000e-06	3.444081e-06	6.860923e-10	2.377409e+01	4.905397e+01
2.640000e-06	3.480979e-06	6.884862e-10	2.402879e+01	4.942406e+01
2.650000e-06	3.517540e-06	6.909397e-10	2.428117e+01	4.978486e+01
2.660000e-06	3.553879e-06	6.950704e-10	2.453201e+01	5.013647e+01
2.670000e-06	3.590057e-06	7.001075e-10	2.478175e+01	5.047896e+01
2.680000e-06	3.625967e-06	7.049693e-10	2.502963e+01	5.081241e+01
2.690000e-06	3.661707e-06	7.111262e-10	2.527634e+01	5.113686e+01
2.700000e-06	3.697332e-06	7.172092e-10	2.552226e+01	5.145234e+01
2.710000e-06	3.732857e-06	7.221612e-10	2.576748e+01	5.175890e+01
2.720000e-06	3.768282e-06	7.285243e-10	2.601202e+01	5.205656e+01
2.730000e-06	3.803427e-06	7.351883e-10	2.625462e+01	5.234533e+01
2.740000e-06	3.838135e-06	7.391264e-10	2.649420e+01	5.262523e+01
2.750000e-06	3.872319e-06	7.399010e-10	2.673017e+01	5.289627e+01
2.760000e-06	3.906050e-06	7.408704e-10	2.696301e+01	5.315846e+01
2.770000e-06	3.939318e-06	7.431718e-10	2.719266e+01	5.341182e+01
2.780000e-06	3.972083e-06	7.486448e-10	2.741883e+01	5.365635e+01
2.790000e-06	4.004437e-06	7.572333e-10	2.764216e+01	5.389208e+01
2.800000e-06	4.036473e-06	7.663284e-10	2.786331e+01	5.411903e+01
2.810000e-06	4.068340e-06	7.729741e-10	2.808328e+01	5.433723e+01
2.820000e-06	4.100074e-06	7.738234e-10	2.830233e+01	5.454674e+01
2.830000e-06	4.131648e-06	7.727028e-10	2.852029e+01	5.474759e+01
2.840000e-06	4.163107e-06	7.711108e-10	2.873744e+01	5.493985e+01
2.850000e-06	4.194429e-06	7.726316e-10	2.895366e+01	5.512360e+01
2.860000e-06	4.225320e-06	7.773207e-10	2.916689e+01	5.529893e+01
2.870000e-06	4.255819e-06	7.808931e-10	2.937742e+01	5.546593e+01
2.880000e-06	4.286023e-06	7.841976e-10	2.958592e+01	5.562474e+01
2.890000e-06	4.315883e-06	7.877487e-10	2.979204e+01	5.577548e+01
2.900000e-06	4.345503e-06	7.918762e-10	2.999650e+01	5.591830e+01
2.910000e-06	4.374864e-06	7.966514e-10	3.019918e+01	5.605336e+01
2.920000e-06	4.403948e-06	7.999420e-10	3.039994e+01	5.618085e+01
2.930000e-06	4.432667e-06	8.017908e-10	3.059819e+01	5.630095e+01
2.940000e-06	4.461027e-06	8.028777e-10	3.079395e+01	5.641388e+01
2.950000e-06	4.489139e-06	8.054394e-10	3.098801e+01	5.651985e+01
2.960000e-06	4.517010e-06	8.081794e-10	3.118040e+01	5.661910e+01
2.970000e-06	4.544707e-06	8.095569e-10	3.137159e+01	5.671189e+01
2.980000e-06	4.572286e-06	8.102092e-10	3.156196e+01	5.679845e+01
2.990000e-06	4.599694e-06	8.098465e-10	3.175116e+01	5.687908e+01
3.000000e-06	4.626781e-06	8.099443e-10	3.193813e+01	5.695403e+01
3.010000e-06	4.653409e-06	8.103943e-10	3.212194e+01	5.702359e+01
3.020000e-06	4.679527e-06	8.114619e-10	3.230223e+01	5.708806e+01
3.030000e-06	4.704940e-06	8.137995e-10	3.247765e+01	5.714772e+01
3.040000e-06	4.729765e-06	8.155717e-10	3.264902e+01	5.720288e+01
3.050000e-06	4.754140e-06	8.154800e-10	3.281728e+01	5.725383e+01
3.060000e-06	4.778157e-06	8.145067e-10	3.298307e+01	5.730087e+01
3.070000e-06	4.801987e-06	8.126759e-10	3.314756e+01	5.734429e+01
3.080000e-06	4.825554e-06	8.107880e-10	3.331024e+01	5.738440e+01
3.090000e-06	4.848847e-06	8.110250e-10	3.347103e+01	5.742146e+01
3.100000e-06	4.871844e-06	8.138645e-10	3.362978e+01	5.745578e+01
3.110000e-06	4.894435e-06	8.169923e-10	3.378572e+01	5.748761e+01
3.120000e-06	4.916603e-06	8.184984e-10	3.393874e+01	5.751723e+01
3.130000e-06	4.938480e-06	8.184538e-10	3.408976e+01	5.754489e+01
3.140000e-06	4.960034e-06	8.180149e-10	3.423854e+01	5.757084e+01
3.150000e-06	4.981231e-06	8.177626e-10	3.438486e+01	5.759529e+01
3.160000e-06	5.002141e-06	8.193323e-10	3.452920e+01	5.761848e+01
3.170000e-06	5.022713e-06	8.217682e-10	3.467120e+01	5.764061e+01
3.180000e-06	5.042938e-06	8.228115e-10	3.481082e+01	5.766186e+01
3.190000e-06	5.062885e-06	8.233701e-10	3.494851e+01	5.768240e+01
3.200000e-06	5.082630e-06	8.243047e-10	3.508480e+01	5.770241e+01
3.210000e-06	5.102192e-06	8.250427e-10	3.521984e+01	5.772202e+01
3.220000e-06	5.121558e-06	8.260962e-10	3.535352e+01	5.774135e+01
3.230000e-06	5.140553e-06	8.308551e-10	3.548464e+01	5.776052e+01
3.240000e-06	5.159086e-06	8.378659e-10	3.561258e+01	5.777963e+01
3.250000e-06	5.177163e-06	8.417994e-10	3.573736e+01	5.779875e+01
3.260000e-06	5.194631e-06	8.400051e-10	3.585793e+01	5.781795e+01
3.270000e-06	5.211721e-06	8.340645e-10	3.597590e+01	5.783728e+01
3.280000e-06	5.228602e-06	8.290724e-10	3.609243e+01	5.785678e+01
3.290000e-06	5.245151e-06	8.277528e-10	3.620667e+01	5.787648e+01
3.300000e-06	5.261403e-06	8.311136e-10	3.631886e+01	5.789638e+01
3.310000e-06	5.277313e-06	8.376492e-10	3.642868e+01	5.791648e+01
3.320000e-06	5.292800e-06	8.439412e-10	3.653559e+01	5.793679e+01
3.330000e-06	5.307768e-06	8.470082e-10	3.663891e+01	5.795727e+01
3.340000e-06	5.322293e-06	8.460023e-10	3.673917e+01	5.797790e+01
3.350000e-06	5.336385e-06	8.421756e-10	3.683645e+01	5.799865e+01
3.360000e-06	5.350001e-06	8.388568e-10	3.693043e+01	5.801947e+01
3.370000e-06	5.363309e-06	8.374057e-10	3.702230e+01	5.804032e+01
3.380000e-06	5.376256e-06	8.396197e-10	3.711167e+01	5.806115e+01
3.390000e-06	5.388781e-06	8.453571e-10	3.719813e+01	5.808191e+01
3.400000e-06	5.400942e-06	8.492980e-10	3.728207e+01	5.810253e+01
3.410000e-06	5.412728e-06	8.509586e-10	3.736343e+01	5.812297e+01
3.420000e-06	5.424163e-06	8.518823e-10	3.744237e+01	5.814316e+01
3.430000e-06	5.435239e-06	8.525964e-10	3.751882e+01	5.816306e+01
3.440000e-06	5.445761e-06	8.543530e-10	3.759146e+01	5.818259e+01
3.450000e-06	5.455589e-06	8.565227e-10	3.765930e+01	5.820172e+01
3.460000e-06	5.464733e-06	8.579330e-10	3.772242e+01	5.822039e+01
3.470000e-06	5.473342e-06	8.577238e-10	3.778184e+01	5.823855e+01
3.480000e-06	5.481540e-06	8.562887e-10	3.783844e+01	5.825617e+01
3.490000e-06	5.489404e-06	8.559200e-10	3.789272e+01	5.827319e+01
3.500000e-06	5.497020e-06	8.585830e-10	3.794529e+01	5.828958e+01
3.510000e-06	5.504425e-06	8.632055e-10	3.799641e+01	5.830532e+01
3.520000e-06	5.511502e-06	8.693441e-10	3.804526e+01	5.832038e+01
3.530000e-06	5.518117e-06	8.756075e-10	3.809092e+01	5.833473e+01
3.540000e-06	5.524298e-06	8.770209e-10	3.813359e+01	5.834836e+01
3.550000e-06	5.530093e-06	8.754786e-10	3.817359e+01	5.836125e+01
3.560000e-06	5.535500e-06	8.753606e-10	3.821092e+01	5.837339e+01
3.570000e-06	5.540451e-06	8.758512e-10	3.824509e+01	5.838478e+01
3.580000e-06	5.545082e-06	8.758698e-10	3.827706e+01	5.839541e+01
3.590000e-06	5.549448e-06	8.754076e-10	3.830719e+01	5.840527e+01
3.600000e-06	5.553476e-06	8.743761e-10	3.833500e+01	5.841439e+01
3.610000e-06	5.557210e-06	8.752185e-10	3.836078e+01	5.842274e+01
3.620000e-06	5.560687e-06	8.798601e-10	3.838477e+01	5.843034e+01
3.630000e-06	5.563905e-06	8.847983e-10	3.840699e+01	5.843720e+01
3.640000e-06	5.566698e-06	8.870542e-10	3.842627e+01	5.844331e+01
3.650000e-06	5.568868e-06	8.896958e-10	3.844125e+01	5.844868e+01
3.660000e-06	5.570335e-06	8.920742e-10	3.845137e+01	5.845331e+01
3.670000e-06	5.571182e-06	8.925498e-10	3.845722e+01	5.845720e+01
3.680000e-06	5.571571e-06	8.925740e-10	3.845991e+01	5.846034e+01
3.690000e-06	5.571584e-06	8.924212e-10	3.846000e+01	5.846274e+01
3.700000e-06	5.571320e-06	8.928190e-10	3.845818e+01	5.846437e+01
3.710000e-06	5.570858e-06	8.949026e-10	3.845499e+01	5.846522e+01
3.720000e-06	5.570130e-06	8.982988e-10	3.844996e+01	5.846528e+01
3.730000e-06	5.568956e-06	9.012248e-10	3.844186e+01	5.846453e+01
3.740000e-06	5.567302e-06	9.039620e-10	3.843044e+01	5.846292e+01
3.750000e-06	5.565319e-06	9.109090e-10	3.841675e+01	5.846043e+01
3.760000e-06	5.563073e-06	9.165490e-10	3.840125e+01	5.845702e+01
3.770000e-06	5.560499e-06	9.095017e-10	3.838348e+01	5.845263e+01
3.780000e-06	5.557487e-06	8.907541e-10	3.836269e+01	5.844723e+01
3.790000e-06	5.553956e-06	8.523058e-10	3.833831e+01	5.844075e+01
3.800000e-06	5.549954e-06	8.408951e-10	3.831069e+01	5.843312e+01
3.810000e-06	5.545622e-06	9.158617e-10	3.828079e+01	5.842429e+01
3.820000e-06	5.541155e-06	9.521236e-10	3.824995e+01	5.841417e+01
3.830000e-06	5.536450e-06	9.241062e-10	3.821748e+01	5.840270e+01
3.840000e-06	5.531290e-06	8.965666e-10	3.818186e+01	5.838979e+01
3.850000e-06	5.525600e-06	9.131629e-10	3.814258e+01	5.837535e+01
3.860000e-06	5.519450e-06	9.341431e-10	3.810012e+01	5.835929e+01
3.870000e-06	5.512997e-06	8.734434e-10	3.805558e+01	5.834154e+01
3.880000e-06	5.506099e-06	8.439110e-10	3.800796e+01	5.832199e+01
3.890000e-06	5.498543e-06	9.147739e-10	3.795581e+01	5.830054e+01
3.900000e-06	5.490487e-06	9.906487e-10	3.790020e+01	5.827712e+01
3.910000e-06	5.482138e-06	9.192094e-10	3.784257e+01	5.825162e+01
3.920000e-06	5.473476e-06	8.401966e-10	3.778277e+01	5.822395e+01
3.930000e-06	5.464485e-06	8.922380e-10	3.772071e+01	5.819403e+01
3.940000e-06	5.455134e-06	9.603437e-10	3.765616e+01	5.816176e+01
3.950000e-06	5.445394e-06	9.051618e-10	3.758892e+01	5.812705e+01
3.960000e-06	5.435303e-06	8.515386e-10	3.751927e+01	5.808984e+01
3.970000e-06	5.424748e-06	9.160807e-10	3.744641e+01	5.805004e+01
3.980000e-06	5.413791e-06	9.539912e-10	3.737077e+01	5.800759e+01
3.990000e-06	5.402475e-06	8.963108e-10	3.729266e+01	5.796242e+01
4.000000e-06	5.390700e-06	8.632585e-10	3.721137e+01	5.791447e+01
4.010000e-06	5.378597e-06	9.022670e-10	3.712783e+01	5.786370e+01
4.020000e-06	5.366079e-06	9.002053e-10	3.704142e+01	5.781006e+01
4.030000e-06	5.353030e-06	8.634626e-10	3.695135e+01	5.775352e+01
4.040000e-06	5.339514e-06	8.756489e-10	3.685805e+01	5.769405e+01
4.050000e-06	5.325563e-06	9.141672e-10	3.676175e+01	5.763164e+01
4.060000e-06	5.311093e-06	8.983249e-10	3.666186e+01	5.756628e+01
4.070000e-06	5.295977e-06	8.503812e-10	3.655752e+01	5.749797e+01
4.080000e-06	5.280267e-06	8.502456e-10	3.644907e+01	5.742673e+01
4.090000e-06	5.264160e-06	8.950074e-10	3.633788e+01	5.735258e+01
4.100000e-06	5.247811e-06	8.937144e-10	3.622503e+01	5.727554e+01
4.110000e-06	5.231167e-06	8.486705e-10	3.611014e+01	5.719566e+01
4.120000e-06	5.214278e-06	8.552312e-10	3.599355e+01	5.711298e+01
4.130000e-06	5.197121e-06	9.177372e-10	3.587512e+01	5.702756e+01
4.140000e-06	5.179474e-06	8.991594e-10	3.575331e+01	5.693947e+01
4.150000e-06	5.161398e-06	8.404070e-10	3.562853e+01	5.684878e+01
4.160000e-06	5.143029e-06	8.739001e-10	3.550173e+01	5.675557e+01
4.170000e-06	5.124313e-06	9.067910e-10	3.537254e+01	5.665992e+01
4.180000e-06	5.105253e-06	8.412709e-10	3.524097e+01	5.656194e+01
4.190000e-06	5.085838e-06	8.360679e-10	3.510695e+01	5.646172e+01
4.200000e-06	5.066104e-06	9.102414e-10	3.497073e+01	5.635937e+01
4.210000e-06	5.046145e-06	8.747830e-10	3.483296e+01	5.625498e+01
4.220000e-06	5.025926e-06	8.112089e-10	3.469339e+01	5.614869e+01
4.230000e-06	5.005411e-06	8.698373e-10	3.455177e+01	5.604060e+01
4.240000e-06	4.984591e-06	8.887341e-10	3.440805e+01	5.593082e+01
4.250000e-06	4.963375e-06	8.187550e-10	3.426161e+01	5.581948e+01
4.260000e-06	4.941672e-06	8.429522e-10	3.411179e+01	5.570670e+01
4.270000e-06	4.919358e-06	8.930535e-10	3.395776e+01	5.559259e+01
4.280000e-06	4.896403e-06	8.380891e-10	3.379930e+01	5.547727e+01
4.290000e-06	4.873024e-06	8.301701e-10	3.363792e+01	5.536085e+01
4.300000e-06	4.849300e-06	8.823525e-10	3.347416e+01	5.524345e+01
4.310000e-06	4.825267e-06	8.388494e-10	3.330826e+01	5.512517e+01
4.320000e-06	4.800981e-06	8.008047e-10	3.314062e+01	5.500613e+01
4.330000e-06	4.776462e-06	8.537970e-10	3.297136e+01	5.488640e+01
4.340000e-06	4.751749e-06	8.604853e-10	3.280077e+01	5.476610e+01
4.350000e-06	4.726701e-06	8.223546e-10	3.262787e+01	5.464530e+01
4.360000e-06	4.701243e-06	8.455699e-10	3.245214e+01	5.452409e+01
4.370000e-06	4.675425e-06	8.524923e-10	3.227392e+01	5.440253e+01
4.380000e-06	4.649205e-06	8.126370e-10	3.209292e+01	5.428069e+01
4.390000e-06	4.622647e-06	8.173728e-10	3.190960e+01	5.415863e+01
4.400000e-06	4.595816e-06	8.376935e-10	3.172439e+01	5.403639e+01
4.410000e-06	4.568657e-06	8.180164e-10	3.153691e+01	5.391401e+01
4.420000e-06	4.541198e-06	8.163834e-10	3.134736e+01	5.379151e+01
4.430000e-06	4.513490e-06	8.365289e-10	3.115609e+01	5.366891e+01
4.440000e-06	4.485528e-06	8.318219e-10	3.096308e+01	5.354622e+01
4.450000e-06	4.457340e-06	8.216029e-10	3.076850e+01	5.342344e+01
4.460000e-06	4.428924e-06	8.279510e-10	3.057235e+01	5.330055e+01
4.470000e-06	4.400316e-06	8.239538e-10	3.037487e+01	5.317752e+01
4.480000e-06	4.371442e-06	8.162854e-10	3.017556e+01	5.305433e+01
4.490000e-06	4.342144e-06	8.206012e-10	2.997332e+01	5.293092e+01
4.500000e-06	4.312360e-06	8.212883e-10	2.976772e+01	5.280725e+01
4.510000e-06	4.282016e-06	8.129428e-10	2.955826e+01	5.268323e+01
4.520000e-06	4.251191e-06	8.154858e-10	2.934548e+01	5.255881e+01
4.530000e-06	4.219939e-06	8.212622e-10	2.912975e+01	5.243389e+01
4.540000e-06	4.188285e-06	8.188969e-10	2.891125e+01	5.230838e+01
4.550000e-06	4.156351e-06	8.210374e-10	2.869081e+01	5.218218e+01
4.560000e-06	4.124232e-06	8.238545e-10	2.846910e+01	5.205516e+01
4.570000e-06	4.091969e-06	8.130248e-10	2.824639e+01	5.192722e+01
4.580000e-06	4.059494e-06	8.037911e-10	2.802221e+01	5.179822e+01
4.590000e-06	4.026720e-06	8.072377e-10	2.779598e+01	5.166802e+01
4.600000e-06	3.993700e-06	8.033005e-10	2.756805e+01	5.153649e+01
4.610000e-06	3.960374e-06	7.966139e-10	2.733800e+01	5.140347e+01
4.620000e-06	3.926731e-06	8.013964e-10	2.710577e+01	5.126881e+01
4.630000e-06	3.892825e-06	8.051948e-10	2.687172e+01	5.113236e+01
4.640000e-06	3.858669e-06	7.995076e-10	2.663595e+01	5.099393e+01
4.650000e-06	3.824387e-06	7.978096e-10	2.639930e+01	5.085337e+01
4.660000e-06	3.789830e-06	7.981138e-10	2.616076e+01	5.071051e+01
4.670000e-06	3.754859e-06	7.914521e-10	2.591935e+01	5.056517e+01
4.680000e-06	3.719623e-06	7.867051e-10	2.567612e+01	5.041718e+01
4.690000e-06	3.684193e-06	7.927152e-10	2.543156e+01	5.026635e+01
4.700000e-06	3.648480e-06	7.923509e-10	2.518503e+01	5.011252e+01
4.710000e-06	3.612576e-06	7.863359e-10	2.493719e+01	4.995551e+01
4.720000e-06	3.576555e-06	7.886035e-10	2.468855e+01	4.979513e+01
4.730000e-06	3.540370e-06	7.915122e-10	2.443876e+01	4.963123e+01
4.740000e-06	3.504034e-06	7.865899e-10	2.418794e+01	4.946361e+01
4.750000e-06	3.467548e-06	7.839229e-10	2.393608e+01	4.929213e+01
4.760000e-06	3.430827e-06	7.830267e-10	2.368260e+01	4.911660e+01
4.770000e-06	3.393833e-06	7.767444e-10	2.342724e+01	4.893688e+01
4.780000e-06	3.356488e-06	7.715585e-10	2.316944e+01	4.875279e+01
4.790000e-06	3.318669e-06	7.740962e-10	2.290839e+01	4.856420e+01
4.800000e-06	3.280477e-06	7.747196e-10	2.264475e+01	4.837096e+01
4.810000e-06	3.241881e-06	7.722275e-10	2.237833e+01	4.817292e+01
4.820000e-06	3.202886e-06	7.728366e-10	2.210915e+01	4.796996e+01
4.830000e-06	3.163732e-06	7.699941e-10	2.183888e+01	4.776195e+01
4.840000e-06	3.124303e-06	7.616167e-10	2.156670e+01	4.754877e+01
4.850000e-06	3.084513e-06	7.568459e-10	2.129203e+01	4.733031e+01
4.860000e-06	3.044530e-06	7.551115e-10	2.101604e+01	4.710647e+01
4.870000e-06	3.004420e-06	7.520050e-10	2.073916e+01	4.687715e+01
4.880000e-06	2.964221e-06	7.502052e-10	2.046167e+01	4.664226e+01
4.890000e-06	2.923931e-06	7.495271e-10	2.018356e+01	4.640172e+01
4.900000e-06	2.883505e-06	7.480007e-10	1.990450e+01	4.615547e+01
4.910000e-06	2.842934e-06	7.438425e-10	1.962444e+01	4.590343e+01
4.920000e-06	2.802149e-06	7.393006e-10	1.934291e+01	4.564554e+01
4.930000e-06	2.761160e-06	7.333162e-10	1.905997e+01	4.538177e+01
4.940000e-06	2.719994e-06	7.273842e-10	1.877580e+01	4.511205e+01
4.950000e-06	2.678624e-06	7.240194e-10	1.849023e+01	4.483635e+01
4.960000e-06	2.637084e-06	7.215217e-10	1.820348e+01	4.455464e+01
4.970000e-06	2.595288e-06	7.181944e-10	1.791497e+01	4.426689e+01
4.980000e-06	2.553299e-06	7.132569e-10	1.762513e+01	4.397308e+01
4.990000e-06	2.511230e-06	7.063137e-10	1.733473e+01	4.367317e+01
5.000000e-06	2.468982e-06	6.980634e-10	1.704310e+01	4.336715e+01
5.010000e-06	2.426561e-06	6.904349e-10	1.675027e+01	4.305500e+01
5.020000e-06	2.384023e-06	6.885486e-10	1.645664e+01	4.273670e+01
5.030000e-06	2.341296e-06	6.898881e-10	1.616169e+01	4.241224e+01
5.040000e-06	2.298350e-06	6.896400e-10	1.586525e+01	4.208158e+01
5.050000e-06	2.255213e-06	6.865738e-10	1.556747e+01	4.174471e+01
5.060000e-06	2.211873e-06	6.813276e-10	1.526831e+01	4.140161e+01
5.070000e-06	2.168364e-06	6.738394e-10	1.496796e+01	4.105223e+01
5.080000e-06	2.124702e-06	6.662358e-10	1.466657e+01	4.069653e+01
5.090000e-06	2.080898e-06	6.602529e-10	1.436420e+01	4.033448e+01
5.100000e-06	2.037024e-06	6.559629e-10	1.406134e+01	3.996601e+01
5.110000e-06	1.993099e-06	6.517278e-10	1.375813e+01	3.959107e+01
5.120000e-06	1.949095e-06	6.457388e-10	1.345438e+01	3.920958e+01
5.130000e-06	1.905012e-06	6.397212e-10	1.315008e+01	3.882144e+01
5.140000e-06	1.860891e-06	6.353117e-10	1.284551e+01	3.842658e+01
5.150000e-06	1.816707e-06	6.311122e-10	1.254052e+01	3.802487e+01
5.160000e-06	1.772408e-06	6.251456e-10	1.223472e+01	3.761619e+01
5.170000e-06	1.728045e-06	6.206490e-10	1.192849e+01	3.720040e+01
5.180000e-06	1.683590e-06	6.152100e-10	1.162163e+01	3.677735e+01
5.190000e-06	1.638944e-06	6.086691e-10	1.131344e+01	3.634688e+01
5.200000e-06	1.594198e-06	6.025747e-10	1.100457e+01	3.590879e+01
5.210000e-06	1.549433e-06	5.963109e-10	1.069556e+01	3.546289e+01
5.220000e-06	1.504552e-06	5.910578e-10	1.038575e+01	3.500896e+01
5.230000e-06	1.459544e-06	5.852783e-10	1.007506e+01	3.454679e+01
5.240000e-06	1.414544e-06	5.791178e-10	9.764431e+00	3.407611e+01
5.250000e-06	1.369415e-06	5.707350e-10	9.452910e+00	3.359667e+01
5.260000e-06	1.324039e-06	5.604572e-10	9.139688e+00	3.310821e+01
5.270000e-06	1.278527e-06	5.504131e-10	8.825522e+00	3.261043e+01
5.280000e-06	1.232917e-06	5.429026e-10	8.510681e+00	3.210305e+01
5.290000e-06	1.187230e-06	5.345213e-10	8.195313e+00	3.158575e+01
5.300000e-06	1.141430e-06	5.260377e-10	7.879157e+00	3.105823e+01
5.310000e-06	1.095472e-06	5.193313e-10	7.561913e+00	3.052015e+01
5.320000e-06	1.049372e-06	5.105505e-10	7.243696e+00	2.997120e+01
5.330000e-06	1.003226e-06	4.999642e-10	6.925154e+00	2.941103e+01
5.340000e-06	9.570917e-07	4.929740e-10	6.606693e+00	2.883933e+01
5.350000e-06	9.108783e-07	4.890528e-10	6.287688e+00	2.825575e+01
5.360000e-06	8.645486e-07	4.828179e-10	5.967878e+00	2.765997e+01
5.370000e-06	8.181731e-07	4.745201e-10	5.647754e+00	2.705167e+01
5.380000e-06	7.717758e-07	4.649303e-10	5.327479e+00	2.643053e+01
5.390000e-06	7.253613e-07	4.525301e-10	5.007085e+00	2.579623e+01
5.400000e-06	6.788934e-07	4.385652e-10	4.686322e+00	2.514851e+01
5.410000e-06	6.323398e-07	4.280479e-10	4.364969e+00	2.448706e+01
5.420000e-06	5.857841e-07	4.194395e-10	4.043600e+00	2.381165e+01
5.430000e-06	5.391980e-07	4.113177e-10	3.722022e+00	2.312202e+01
5.440000e-06	4.925387e-07	4.050984e-10	3.399938e+00	2.241797e+01
5.450000e-06	4.458959e-07	3.985565e-10	3.077968e+00	2.169932e+01
5.460000e-06	3.992472e-07	3.877437e-10	2.755957e+00	2.096589e+01
5.470000e-06	3.526103e-07	3.722433e-10	2.434028e+00	2.021758e+01
5.480000e-06	3.058555e-07	3.568055e-10	2.111285e+00	1.945428e+01
5.490000e-06	2.590485e-07	3.442676e-10	1.788182e+00	1.867594e+01
5.500000e-06	2.122774e-07	3.317033e-10	1.465326e+00	1.788255e+01
5.510000e-06	1.654851e-07	3.206464e-10	1.142325e+00	1.707412e+01
5.520000e-06	1.187537e-07	3.096525e-10	8.197429e-01	1.625073e+01
5.530000e-06	7.198017e-08	2.966600e-10	4.968708e-01	1.541247e+01
5.540000e-06	2.521372e-08	2.826984e-10	1.740474e-01	1.455951e+01
5.550000e-06	-2.157941e-08	2.673103e-10	-1.489602e-01	1.369205e+01
5.560000e-06	-6.837126e-08	2.503673e-10	-4.719589e-01	1.281034e+01
5.570000e-06	-1.150590e-07	2.329962e-10	-7.942388e-01	1.191466e+01
5.580000e-06	-1.618099e-07	2.158936e-10	-1.116955e+00	1.100536e+01
5.590000e-06	-2.085610e-07	1.995730e-10	-1.439672e+00	1.008284e+01
5.600000e-06	-2.553267e-07	1.845753e-10	-1.762490e+00	9.147528e+00
5.610000e-06	-3.021267e-07	1.691436e-10	-2.085546e+00	8.199918e+00
5.620000e-06	-3.488462e-07	1.526177e-10	-2.408045e+00	7.240540e+00
5.630000e-06	-3.955653e-07	1.363992e-10	-2.730541e+00	6.269974e+00
5.640000e-06	-4.423138e-07	1.203923e-10	-3.053241e+00	5.288842e+00
5.650000e-06	-4.890234e-07	1.051818e-10	-3.375672e+00	4.297808e+00
5.660000e-06	-5.356252e-07	9.134138e-11	-3.697358e+00	3.297578e+00
5.670000e-06	-5.821526e-07	7.833850e-11	-4.018532e+00	2.288896e+00
5.680000e-06	-6.286861e-07	6.304517e-11	-4.339747e+00	1.272539e+00
5.690000e-06	-6.751989e-07	4.420416e-11	-4.660819e+00	2.493215e-01
5.700000e-06	-7.217060e-07	2.521643e-11	-4.981853e+00	-7.799162e-01
5.710000e-06	-7.681496e-07	4.962508e-12	-5.302448e+00	-1.814305e+00
5.720000e-06	-8.144969e-07	-1.498803e-11	-5.622378e+00	-2.852953e+00
5.730000e-06	-8.608413e-07	-3.098868e-11	-5.942288e+00	-3.894948e+00
5.740000e-06	-9.071367e-07	-4.412763e-11	-6.261859e+00	-4.939363e+00
5.750000e-06	-9.532982e-07	-5.778381e-11	-6.580507e+00	-5.985255e+00
5.760000e-06	-9.993188e-07	-7.420609e-11	-6.898182e+00	-7.031677e+00
5.770000e-06	-1.045305e-06	-9.270067e-11	-7.215617e+00	-8.077675e+00
5.780000e-06	-1.091274e-06	-1.134265e-10	-7.532935e+00	-9.122294e+00
5.790000e-06	-1.137135e-06	-1.342375e-10	-7.849511e+00	-1.016458e+01
5.800000e-06	-1.182916e-06	-1.518579e-10	-8.165532e+00	-1.120360e+01
5.810000e-06	-1.228572e-06	-1.667446e-10	-8.480690e+00	-1.223841e+01
5.820000e-06	-1.273988e-06	-1.805120e-10	-8.794189e+00	-1.326810e+01
5.830000e-06	-1.319256e-06	-1.936367e-10	-9.106672e+00	-1.429177e+01
5.840000e-06	-1.364412e-06	-2.078287e-10	-9.418378e+00	-1.530854e+01
5.850000e-06	-1.409498e-06	-2.248676e-10	-9.729600e+00	-1.631757e+01
5.860000e-06	-1.454538e-06	-2.417312e-10	-1.004051e+01	-1.731803e+01
5.870000e-06	-1.499411e-06	-2.593269e-10	-1.035026e+01	-1.830915e+01
5.880000e-06	-1.544124e-06	-2.799040e-10	-1.065891e+01	-1.929016e+01
5.890000e-06	-1.588745e-06	-2.994685e-10	-1.096692e+01	-2.026035e+01
5.900000e-06	-1.633328e-06	-3.154354e-10	-1.127467e+01	-2.121905e+01
5.910000e-06	-1.677839e-06	-3.291347e-10	-1.158193e+01	-2.216564e+01
5.920000e-06	-1.722167e-06	-3.436757e-10	-1.188792e+01	-2.309951e+01
5.930000e-06	-1.766364e-06	-3.576034e-10	-1.219300e+01	-2.402015e+01
5.940000e-06	-1.810516e-06	-3.718277e-10	-1.249778e+01	-2.492704e+01
5.950000e-06	-1.854647e-06	-3.884215e-10	-1.280241e+01	-2.581976e+01
5.960000e-06	-1.898740e-06	-4.041634e-10	-1.310678e+01	-2.669790e+01
5.970000e-06	-1.942787e-06	-4.193611e-10	-1.341083e+01	-2.756111e+01
5.980000e-06	-1.986764e-06	-4.367337e-10	-1.371440e+01	-2.840911e+01
5.990000e-06	-2.030584e-06	-4.531586e-10	-1.401688e+01	-2.924163e+01
6.000000e-06	-2.074356e-06	-4.655967e-10	-1.431904e+01	-3.005849e+01
6.010000e-06	-2.118032e-06	-4.796616e-10	-1.462053e+01	-3.085953e+01
6.020000e-06	-2.161572e-06	-4.957134e-10	-1.492108e+01	-3.164465e+01
6.030000e-06	-2.204960e-06	-5.094108e-10	-1.522058e+01	-3.241377e+01
6.040000e-06	-2.248136e-06	-5.215685e-10	-1.551863e+01	-3.316689e+01
6.050000e-06	-2.291155e-06	-5.352456e-10	-1.581558e+01	-3.390402e+01
6.060000e-06	-2.333958e-06	-5.509994e-10	-1.611104e+01	-3.462522e+01
6.070000e-06	-2.376572e-06	-5.654163e-10	-1.640520e+01	-3.533059e+01
6.080000e-06	-2.419033e-06	-5.786974e-10	-1.669830e+01	-3.602026e+01
6.090000e-06	-2.461399e-06	-5.893287e-10	-1.699075e+01	-3.669439e+01
6.100000e-06	-2.503668e-06	-5.980596e-10	-1.728253e+01	-3.735318e+01
6.110000e-06	-2.545760e-06	-6.069575e-10	-1.757309e+01	-3.799682e+01
6.120000e-06	-2.587651e-06	-6.184073e-10	-1.786225e+01	-3.862557e+01
6.130000e-06	-2.629346e-06	-6.322428e-10	-1.815007e+01	-3.923968e+01
6.140000e-06	-2.670872e-06	-6.431874e-10	-1.843672e+01	-3.983941e+01
6.150000e-06	-2.712137e-06	-6.525839e-10	-1.872157e+01	-4.042506e+01
6.160000e-06	-2.753134e-06	-6.629869e-10	-1.900456e+01	-4.099692e+01
6.170000e-06	-2.793913e-06	-6.732933e-10	-1.928605e+01	-4.155530e+01
6.180000e-06	-2.834453e-06	-6.848361e-10	-1.956590e+01	-4.210049e+01
6.190000e-06	-2.874851e-06	-6.964279e-10	-1.984477e+01	-4.263281e+01
6.200000e-06	-2.915133e-06	-7.068396e-10	-2.012283e+01	-4.315257e+01
6.210000e-06	-2.955344e-06	-7.172638e-10	-2.040040e+01	-4.366007e+01
6.220000e-06	-2.995469e-06	-7.268490e-10	-2.067737e+01	-4.415561e+01
6.230000e-06	-3.035413e-06	-7.358870e-10	-2.095310e+01	-4.463948e+01
6.240000e-06	-3.075234e-06	-7.440778e-10	-2.122798e+01	-4.511195e+01
6.250000e-06	-3.114882e-06	-7.530799e-10	-2.150167e+01	-4.557330e+01
6.260000e-06	-3.154193e-06	-7.605485e-10	-2.177303e+01	-4.602379e+01
6.270000e-06	-3.193290e-06	-7.653523e-10	-2.204291e+01	-4.646365e+01
6.280000e-06	-3.232038e-06	-7.700396e-10	-2.231039e+01	-4.689311e+01
6.290000e-06	-3.270357e-06	-7.772547e-10	-2.257489e+01	-4.731238e+01
6.300000e-06	-3.308251e-06	-7.865582e-10	-2.283647e+01	-4.772165e+01
6.310000e-06	-3.345658e-06	-7.963510e-10	-2.309469e+01	-4.812110e+01
6.320000e-06	-3.382738e-06	-8.029550e-10	-2.335065e+01	-4.851088e+01
6.330000e-06	-3.419529e-06	-8.081172e-10	-2.360461e+01	-4.889114e+01
6.340000e-06	-3.456111e-06	-8.142665e-10	-2.385713e+01	-4.926200e+01
6.350000e-06	-3.492537e-06	-8.176679e-10	-2.410858e+01	-4.962357e+01
6.360000e-06	-3.528850e-06	-8.221595e-10	-2.435924e+01	-4.997594e+01
6.370000e-06	-3.565056e-06	-8.314881e-10	-2.460917e+01	-5.031919e+01
6.380000e-06	-3.601072e-06	-8.392163e-10	-2.485778e+01	-5.065338e+01
6.390000e-06	-3.636794e-06	-8.430955e-10	-2.510437e+01	-5.097857e+01
6.400000e-06	-3.672303e-06	-8.485909e-10	-2.534949e+01	-5.129480e+01
6.410000e-06	-3.707584e-06	-8.553529e-10	-2.559302e+01	-5.160210e+01
6.420000e-06	-3.742577e-06	-8.622221e-10	-2.583458e+01	-5.190050e+01
6.430000e-06	-3.777301e-06	-8.682582e-10	-2.607427e+01	-5.219001e+01
6.440000e-06	-3.811796e-06	-8.713920e-10	-2.631238e+01	-5.247064e+01
6.450000e-06	-3.846088e-06	-8.713193e-10	-2.654910e+01	-5.274242e+01
6.460000e-06	-3.880078e-06	-8.707074e-10	-2.678373e+01	-5.300534e+01
6.470000e-06	-3.913808e-06	-8.716985e-10	-2.701656e+01	-5.325943e+01
6.480000e-06	-3.947250e-06	-8.756299e-10	-2.724741e+01	-5.350470e+01
6.490000e-06	-3.980379e-06	-8.821251e-10	-2.747610e+01	-5.374115e+01
6.500000e-06	-4.013165e-06	-8.873122e-10	-2.770242e+01	-5.396883e+01
6.510000e-06	-4.045609e-06	-8.902281e-10	-2.792637e+01	-5.418776e+01
6.520000e-06	-4.077849e-06	-8.906918e-10	-2.814892e+01	-5.439799e+01
6.530000e-06	-4.109972e-06	-8.898769e-10	-2.837066e+01	-5.459955e+01
6.540000e-06	-4.141921e-06	-8.906824e-10	-2.859120e+01	-5.479252e+01
6.550000e-06	-4.173690e-06	-8.913690e-10	-2.881050e+01	-5.497698e+01
6.560000e-06	-4.205217e-06	-8.947431e-10	-2.902813e+01	-5.515300e+01
6.570000e-06	-4.236296e-06	-8.989784e-10	-2.924266e+01	-5.532069e+01
6.580000e-06	-4.266928e-06	-9.016377e-10	-2.945411e+01	-5.548018e+01
6.590000e-06	-4.296983e-06	-9.003462e-10	-2.966158e+01	-5.563158e+01
6.600000e-06	-4.326451e-06	-9.026373e-10	-2.986499e+01	-5.577505e+01
6.610000e-06	-4.355497e-06	-9.078680e-10	-3.006549e+01	-5.591075e+01
6.620000e-06	-4.384116e-06	-9.113456e-10	-3.026304e+01	-5.603886e+01
6.630000e-06	-4.412457e-06	-9.162783e-10	-3.045868e+01	-5.615956e+01
6.640000e-06	-4.440678e-06	-9.213249e-10	-3.065348e+01	-5.627308e+01
6.650000e-06	-4.468786e-06	-9.234048e-10	-3.084751e+01	-5.637962e+01
6.660000e-06	-4.496685e-06	-9.227448e-10	-3.104010e+01	-5.647942e+01
6.670000e-06	-4.524242e-06	-9.215431e-10	-3.123032e+01	-5.657273e+01
6.680000e-06	-4.551417e-06	-9.218770e-10	-3.141790e+01	-5.665980e+01
6.690000e-06	-4.578252e-06	-9.234792e-10	-3.160315e+01	-5.674091e+01
6.700000e-06	-4.604754e-06	-9.249624e-10	-3.178609e+01	-5.681632e+01
6.710000e-06	-4.630964e-06	-9.289840e-10	-3.196701e+01	-5.688632e+01
6.720000e-06	-4.656908e-06	-9.335608e-10	-3.214610e+01	-5.695120e+01
6.730000e-06	-4.682466e-06	-9.369041e-10	-3.232252e+01	-5.701125e+01
6.740000e-06	-4.707660e-06	-9.343916e-10	-3.249643e+01	-5.706677e+01
6.750000e-06	-4.732577e-06	-9.295951e-10	-3.266843e+01	-5.711805e+01
6.760000e-06	-4.757177e-06	-9.270468e-10	-3.283824e+01	-5.716540e+01
6.770000e-06	-4.781545e-06	-9.270823e-10	-3.300645e+01	-5.720911e+01
6.780000e-06	-4.805742e-06	-9.282678e-10	-3.317348e+01	-5.724948e+01
6.790000e-06	-4.829634e-06	-9.311056e-10	-3.333841e+01	-5.728678e+01
6.800000e-06	-4.853235e-06	-9.358131e-10	-3.350132e+01	-5.732132e+01
6.810000e-06	-4.876518e-06	-9.394630e-10	-3.366204e+01	-5.735334e+01
6.820000e-06	-4.899199e-06	-9.377769e-10	-3.381860e+01	-5.738314e+01
6.830000e-06	-4.921361e-06	-9.367951e-10	-3.397158e+01	-5.741095e+01
6.840000e-06	-4.943056e-06	-9.343517e-10	-3.412134e+01	-5.743702e+01
6.850000e-06	-4.964231e-06	-9.318834e-10	-3.426751e+01	-5.746159e+01
6.860000e-06	-4.984990e-06	-9.305869e-10	-3.441081e+01	-5.748487e+01
6.870000e-06	-5.005449e-06	-9.316970e-10	-3.455203e+01	-5.750708e+01
6.880000e-06	-5.025683e-06	-9.370343e-10	-3.469171e+01	-5.752839e+01
6.890000e-06	-5.045667e-06	-9.376531e-10	-3.482966e+01	-5.754899e+01
6.900000e-06	-5.065440e-06	-9.356251e-10	-3.496614e+01	-5.756903e+01
6.910000e-06	-5.084854e-06	-9.320502e-10	-3.510016e+01	-5.758866e+01
6.920000e-06	-5.103906e-06	-9.293580e-10	-3.523167e+01	-5.760801e+01
6.930000e-06	-5.122624e-06	-9.279569e-10	-3.536088e+01	-5.762719e+01
6.940000e-06	-5.140919e-06	-9.282793e-10	-3.548717e+01	-5.764629e+01
6.950000e-06	-5.158827e-06	-9.308973e-10	-3.561078e+01	-5.766541e+01
6.960000e-06	-5.176461e-06	-9.337780e-10	-3.573251e+01	-5.768460e+01
6.970000e-06	-5.193774e-06	-9.332836e-10	-3.585202e+01	-5.770391e+01
6.980000e-06	-5.210623e-06	-9.298860e-10	-3.596833e+01	-5.772340e+01
6.990000e-06	-5.227147e-06	-9.249078e-10	-3.608239e+01	-5.774307e+01
7.000000e-06	-5.243430e-06	-9.198615e-10	-3.619479e+01	-5.776295e+01
7.010000e-06	-5.259399e-06	-9.193076e-10	-3.630502e+01	-5.778304e+01
7.020000e-06	-5.275119e-06	-9.235717e-10	-3.641353e+01	-5.780332e+01
7.030000e-06	-5.290393e-06	-9.263649e-10	-3.651897e+01	-5.782379e+01
7.040000e-06	-5.304982e-06	-9.270973e-10	-3.661967e+01	-5.784441e+01
7.050000e-06	-5.318948e-06	-9.256050e-10	-3.671608e+01	-5.786514e+01
7.060000e-06	-5.332306e-06	-9.208292e-10	-3.680829e+01	-5.788596e+01
7.070000e-06	-5.345226e-06	-9.134974e-10	-3.689747e+01	-5.790681e+01
7.080000e-06	-5.357826e-06	-9.083915e-10	-3.698445e+01	-5.792764e+01
7.090000e-06	-5.370052e-06	-9.081247e-10	-3.706885e+01	-5.794840e+01
7.100000e-06	-5.381852e-06	-9.103284e-10	-3.715030e+01	-5.796903e+01
7.110000e-06	-5.393239e-06	-9.132182e-10	-3.722890e+01	-5.798949e+01
7.120000e-06	-5.404243e-06	-9.132456e-10	-3.730486e+01	-5.800970e+01
7.130000e-06	-5.414886e-06	-9.117153e-10	-3.737833e+01	-5.802962e+01
7.140000e-06	-5.425263e-06	-9.075917e-10	-3.744996e+01	-5.804918e+01
7.150000e-06	-5.435339e-06	-9.016075e-10	-3.751952e+01	-5.806835e+01
7.160000e-06	-5.445010e-06	-8.959542e-10	-3.758627e+01	-5.808705e+01
7.170000e-06	-5.454126e-06	-8.938947e-10	-3.764920e+01	-5.810526e+01
7.180000e-06	-5.462745e-06	-8.958969e-10	-3.770870e+01	-5.812291e+01
7.190000e-06	-5.471148e-06	-8.971966e-10	-3.776670e+01	-5.813998e+01
7.200000e-06	-5.479387e-06	-8.985687e-10	-3.782358e+01	-5.815643e+01
7.210000e-06	-5.487375e-06	-8.991106e-10	-3.787871e+01	-5.817222e+01
7.220000e-06	-5.495122e-06	-8.959682e-10	-3.793219e+01	-5.818733e+01
7.230000e-06	-5.502470e-06	-8.930153e-10	-3.798291e+01	-5.820174e+01
7.240000e-06	-5.509157e-06	-8.926629e-10	-3.802907e+01	-5.821543e+01
7.250000e-06	-5.515200e-06	-8.930839e-10	-3.807079e+01	-5.822838e+01
7.260000e-06	-5.520629e-06	-8.914442e-10	-3.810826e+01	-5.824058e+01
7.270000e-06	-5.525491e-06	-8.893487e-10	-3.814183e+01	-5.825202e+01
7.280000e-06	-5.529958e-06	-8.863728e-10	-3.817266e+01	-5.826271e+01
7.290000e-06	-5.534187e-06	-8.837594e-10	-3.820185e+01	-5.827264e+01
7.300000e-06	-5.538207e-06	-8.827113e-10	-3.822960e+01	-5.828181e+01
7.310000e-06	-5.542025e-06	-8.826494e-10	-3.825596e+01	-5.829023e+01
7.320000e-06	-5.545493e-06	-8.819278e-10	-3.827989e+01	-5.829789e+01
7.330000e-06	-5.548500e-06	-8.801978e-10	-3.830065e+01	-5.830481e+01
7.340000e-06	-5.551134e-06	-8.790410e-10	-3.831883e+01	-5.831098e+01
7.350000e-06	-5.553462e-06	-8.770700e-10	-3.833490e+01	-5.831640e+01
7.360000e-06	-5.555432e-06	-8.753192e-10	-3.834850e+01	-5.832109e+01
7.370000e-06	-5.556928e-06	-8.748031e-10	-3.835883e+01	-5.832504e+01
7.380000e-06	-5.558001e-06	-8.735127e-10	-3.836623e+01	-5.832824e+01
7.390000e-06	-5.558737e-06	-8.697526e-10	-3.837132e+01	-5.833070e+01
7.400000e-06	-5.559181e-06	-8.656614e-10	-3.837438e+01	-5.833239e+01
