# Temperatura_=_11.28
# Concentracion g/m^3_=_1620.0
# C_Vs_to_Am_M_A/Vsm_=_65563218390.804596
# pendiente_HvsI_1/m_=_3716.3
# ordenada_HvsI_A/m_=_1297.0
# frecuencia_Hz_=_135102.8617101851

Tiempo_(s)	Campo_(V.s)	Magnetizacion_(V.s)	Campo_(kA/m)	Magnetizacion_(A/m)
0.000000e+00	-5.517034e-06	-7.741831e-10	-3.837140e+01	-5.173249e+01
1.000000e-08	-5.517198e-06	-7.719032e-10	-3.837254e+01	-5.171322e+01
2.000000e-08	-5.517019e-06	-7.704010e-10	-3.837130e+01	-5.169277e+01
3.000000e-08	-5.516373e-06	-7.692171e-10	-3.836680e+01	-5.167114e+01
4.000000e-08	-5.515170e-06	-7.667856e-10	-3.835843e+01	-5.164831e+01
5.000000e-08	-5.513464e-06	-7.667132e-10	-3.834656e+01	-5.162430e+01
6.000000e-08	-5.511241e-06	-7.682896e-10	-3.833111e+01	-5.159910e+01
7.000000e-08	-5.508498e-06	-7.694106e-10	-3.831203e+01	-5.157272e+01
8.000000e-08	-5.505268e-06	-7.719499e-10	-3.828956e+01	-5.154515e+01
9.000000e-08	-5.501510e-06	-7.554545e-10	-3.826343e+01	-5.151642e+01
1.000000e-07	-5.497316e-06	-7.197768e-10	-3.823426e+01	-5.148652e+01
1.100000e-07	-5.492923e-06	-7.520847e-10	-3.820370e+01	-5.145547e+01
1.200000e-07	-5.488262e-06	-7.869837e-10	-3.817128e+01	-5.142328e+01
1.300000e-07	-5.483224e-06	-7.773856e-10	-3.813624e+01	-5.138997e+01
1.400000e-07	-5.477878e-06	-7.269358e-10	-3.809907e+01	-5.135555e+01
1.500000e-07	-5.472176e-06	-7.163568e-10	-3.805940e+01	-5.132005e+01
1.600000e-07	-5.466137e-06	-7.838600e-10	-3.801741e+01	-5.128348e+01
1.700000e-07	-5.459688e-06	-7.870776e-10	-3.797255e+01	-5.124586e+01
1.800000e-07	-5.452772e-06	-7.544191e-10	-3.792445e+01	-5.120721e+01
1.900000e-07	-5.445502e-06	-7.147564e-10	-3.787389e+01	-5.116756e+01
2.000000e-07	-5.437886e-06	-7.513918e-10	-3.782092e+01	-5.112693e+01
2.100000e-07	-5.429967e-06	-7.650967e-10	-3.776584e+01	-5.108535e+01
2.200000e-07	-5.421860e-06	-7.522053e-10	-3.770945e+01	-5.104282e+01
2.300000e-07	-5.413459e-06	-7.361308e-10	-3.765103e+01	-5.099937e+01
2.400000e-07	-5.404531e-06	-7.584121e-10	-3.758893e+01	-5.095502e+01
2.500000e-07	-5.394994e-06	-7.729467e-10	-3.752260e+01	-5.090979e+01
2.600000e-07	-5.384889e-06	-7.611596e-10	-3.745232e+01	-5.086368e+01
2.700000e-07	-5.374228e-06	-7.505284e-10	-3.737817e+01	-5.081670e+01
2.800000e-07	-5.362986e-06	-7.611345e-10	-3.729998e+01	-5.076886e+01
2.900000e-07	-5.351297e-06	-7.829051e-10	-3.721868e+01	-5.072016e+01
3.000000e-07	-5.339285e-06	-7.819069e-10	-3.713514e+01	-5.067059e+01
3.100000e-07	-5.326878e-06	-7.761728e-10	-3.704885e+01	-5.062014e+01
3.200000e-07	-5.314033e-06	-7.739582e-10	-3.695951e+01	-5.056881e+01
3.300000e-07	-5.300838e-06	-7.895713e-10	-3.686774e+01	-5.051657e+01
3.400000e-07	-5.287264e-06	-7.689346e-10	-3.677333e+01	-5.046339e+01
3.500000e-07	-5.273147e-06	-7.504747e-10	-3.667514e+01	-5.040925e+01
3.600000e-07	-5.258570e-06	-7.571955e-10	-3.657376e+01	-5.035411e+01
3.700000e-07	-5.243560e-06	-7.808207e-10	-3.646937e+01	-5.029792e+01
3.800000e-07	-5.227848e-06	-7.723264e-10	-3.636008e+01	-5.024064e+01
3.900000e-07	-5.211653e-06	-7.782651e-10	-3.624745e+01	-5.018221e+01
4.000000e-07	-5.195252e-06	-7.760064e-10	-3.613338e+01	-5.012258e+01
4.100000e-07	-5.178507e-06	-7.529488e-10	-3.601692e+01	-5.006169e+01
4.200000e-07	-5.161414e-06	-7.401521e-10	-3.589804e+01	-4.999947e+01
4.300000e-07	-5.144113e-06	-7.720852e-10	-3.577770e+01	-4.993586e+01
4.400000e-07	-5.126490e-06	-7.627101e-10	-3.565514e+01	-4.987077e+01
4.500000e-07	-5.108330e-06	-7.353024e-10	-3.552883e+01	-4.980415e+01
4.600000e-07	-5.089703e-06	-7.557891e-10	-3.539928e+01	-4.973591e+01
4.700000e-07	-5.070772e-06	-7.732658e-10	-3.526761e+01	-4.966599e+01
4.800000e-07	-5.051547e-06	-7.350322e-10	-3.513390e+01	-4.959431e+01
4.900000e-07	-5.032023e-06	-7.342705e-10	-3.499811e+01	-4.952080e+01
5.000000e-07	-5.012268e-06	-7.629100e-10	-3.486071e+01	-4.944539e+01
5.100000e-07	-4.992325e-06	-7.384172e-10	-3.472201e+01	-4.936802e+01
5.200000e-07	-4.972041e-06	-7.204702e-10	-3.458093e+01	-4.928864e+01
5.300000e-07	-4.951346e-06	-7.579774e-10	-3.443699e+01	-4.920718e+01
5.400000e-07	-4.930368e-06	-7.519005e-10	-3.429109e+01	-4.912360e+01
5.500000e-07	-4.909047e-06	-7.122643e-10	-3.414280e+01	-4.903786e+01
5.600000e-07	-4.887237e-06	-7.318564e-10	-3.399111e+01	-4.894994e+01
5.700000e-07	-4.865028e-06	-7.454239e-10	-3.383665e+01	-4.885980e+01
5.800000e-07	-4.842540e-06	-7.113992e-10	-3.368024e+01	-4.876743e+01
5.900000e-07	-4.819741e-06	-7.130426e-10	-3.352167e+01	-4.867284e+01
6.000000e-07	-4.796634e-06	-7.396659e-10	-3.336096e+01	-4.857603e+01
6.100000e-07	-4.773257e-06	-7.164550e-10	-3.319837e+01	-4.847702e+01
6.200000e-07	-4.749609e-06	-7.019647e-10	-3.303389e+01	-4.837584e+01
6.300000e-07	-4.725660e-06	-7.186389e-10	-3.286733e+01	-4.827252e+01
6.400000e-07	-4.701463e-06	-7.116849e-10	-3.269904e+01	-4.816713e+01
6.500000e-07	-4.676880e-06	-6.943905e-10	-3.252806e+01	-4.805972e+01
6.600000e-07	-4.651942e-06	-7.101380e-10	-3.235462e+01	-4.795036e+01
6.700000e-07	-4.626594e-06	-7.101340e-10	-3.217832e+01	-4.783913e+01
6.800000e-07	-4.600630e-06	-6.944439e-10	-3.199774e+01	-4.772614e+01
6.900000e-07	-4.574097e-06	-7.002738e-10	-3.181320e+01	-4.761147e+01
7.000000e-07	-4.547113e-06	-7.089861e-10	-3.162552e+01	-4.749523e+01
7.100000e-07	-4.519814e-06	-6.925112e-10	-3.143566e+01	-4.737754e+01
7.200000e-07	-4.492291e-06	-6.905972e-10	-3.124423e+01	-4.725850e+01
7.300000e-07	-4.464623e-06	-6.994143e-10	-3.105180e+01	-4.713825e+01
7.400000e-07	-4.436742e-06	-6.968264e-10	-3.085788e+01	-4.701691e+01
7.500000e-07	-4.408573e-06	-6.928293e-10	-3.066196e+01	-4.689459e+01
7.600000e-07	-4.380156e-06	-6.980226e-10	-3.046432e+01	-4.677142e+01
7.700000e-07	-4.351421e-06	-6.932689e-10	-3.026447e+01	-4.664752e+01
7.800000e-07	-4.322338e-06	-6.879121e-10	-3.006219e+01	-4.652300e+01
7.900000e-07	-4.292972e-06	-6.894290e-10	-2.985795e+01	-4.639798e+01
8.000000e-07	-4.263338e-06	-6.857619e-10	-2.965185e+01	-4.627256e+01
8.100000e-07	-4.233436e-06	-6.787020e-10	-2.944387e+01	-4.614682e+01
8.200000e-07	-4.203166e-06	-6.824596e-10	-2.923334e+01	-4.602085e+01
8.300000e-07	-4.172546e-06	-6.844935e-10	-2.902038e+01	-4.589472e+01
8.400000e-07	-4.141659e-06	-6.777801e-10	-2.880556e+01	-4.576849e+01
8.500000e-07	-4.110506e-06	-6.768898e-10	-2.858889e+01	-4.564218e+01
8.600000e-07	-4.079131e-06	-6.781584e-10	-2.837067e+01	-4.551583e+01
8.700000e-07	-4.047646e-06	-6.709830e-10	-2.815169e+01	-4.538944e+01
8.800000e-07	-4.016044e-06	-6.651980e-10	-2.793190e+01	-4.526299e+01
8.900000e-07	-3.984189e-06	-6.664508e-10	-2.771034e+01	-4.513646e+01
9.000000e-07	-3.952030e-06	-6.603418e-10	-2.748667e+01	-4.500979e+01
9.100000e-07	-3.919504e-06	-6.535638e-10	-2.726046e+01	-4.488291e+01
9.200000e-07	-3.886624e-06	-6.546380e-10	-2.703177e+01	-4.475572e+01
9.300000e-07	-3.853372e-06	-6.557367e-10	-2.680050e+01	-4.462810e+01
9.400000e-07	-3.819572e-06	-6.507651e-10	-2.656542e+01	-4.449993e+01
9.500000e-07	-3.785338e-06	-6.534955e-10	-2.632732e+01	-4.437105e+01
9.600000e-07	-3.750760e-06	-6.581800e-10	-2.608683e+01	-4.424128e+01
9.700000e-07	-3.715796e-06	-6.548358e-10	-2.584365e+01	-4.411043e+01
9.800000e-07	-3.680593e-06	-6.491223e-10	-2.559881e+01	-4.397829e+01
9.900000e-07	-3.645192e-06	-6.475675e-10	-2.535259e+01	-4.384464e+01
1.000000e-06	-3.609571e-06	-6.418833e-10	-2.510485e+01	-4.370923e+01
1.010000e-06	-3.573825e-06	-6.361656e-10	-2.485623e+01	-4.357181e+01
1.020000e-06	-3.537941e-06	-6.364898e-10	-2.460665e+01	-4.343211e+01
1.030000e-06	-3.501863e-06	-6.380319e-10	-2.435573e+01	-4.328987e+01
1.040000e-06	-3.465509e-06	-6.350003e-10	-2.410288e+01	-4.314480e+01
1.050000e-06	-3.428854e-06	-6.327392e-10	-2.384795e+01	-4.299661e+01
1.060000e-06	-3.392046e-06	-6.277779e-10	-2.359194e+01	-4.284501e+01
1.070000e-06	-3.355014e-06	-6.199767e-10	-2.333438e+01	-4.268973e+01
1.080000e-06	-3.317653e-06	-6.165263e-10	-2.307453e+01	-4.253046e+01
1.090000e-06	-3.280023e-06	-6.176623e-10	-2.281282e+01	-4.236693e+01
1.100000e-06	-3.242190e-06	-6.151178e-10	-2.254968e+01	-4.219887e+01
1.110000e-06	-3.204161e-06	-6.114413e-10	-2.228519e+01	-4.202600e+01
1.120000e-06	-3.165920e-06	-6.105148e-10	-2.201922e+01	-4.184807e+01
1.130000e-06	-3.127445e-06	-6.070424e-10	-2.175162e+01	-4.166483e+01
1.140000e-06	-3.088780e-06	-6.001506e-10	-2.148270e+01	-4.147607e+01
1.150000e-06	-3.049915e-06	-5.954647e-10	-2.121240e+01	-4.128156e+01
1.160000e-06	-3.010762e-06	-5.939166e-10	-2.094009e+01	-4.108112e+01
1.170000e-06	-2.971422e-06	-5.918739e-10	-2.066647e+01	-4.087457e+01
1.180000e-06	-2.932021e-06	-5.893174e-10	-2.039243e+01	-4.066177e+01
1.190000e-06	-2.892527e-06	-5.867501e-10	-2.011775e+01	-4.044258e+01
1.200000e-06	-2.852878e-06	-5.833945e-10	-1.984198e+01	-4.021689e+01
1.210000e-06	-2.813069e-06	-5.803096e-10	-1.956511e+01	-3.998463e+01
1.220000e-06	-2.773007e-06	-5.764939e-10	-1.928648e+01	-3.974573e+01
1.230000e-06	-2.732688e-06	-5.736965e-10	-1.900605e+01	-3.950015e+01
1.240000e-06	-2.692279e-06	-5.700375e-10	-1.872501e+01	-3.924787e+01
1.250000e-06	-2.651789e-06	-5.643061e-10	-1.844340e+01	-3.898890e+01
1.260000e-06	-2.611121e-06	-5.603197e-10	-1.816055e+01	-3.872327e+01
1.270000e-06	-2.570119e-06	-5.555841e-10	-1.787537e+01	-3.845102e+01
1.280000e-06	-2.528776e-06	-5.519840e-10	-1.758783e+01	-3.817220e+01
1.290000e-06	-2.487191e-06	-5.499087e-10	-1.729860e+01	-3.788690e+01
1.300000e-06	-2.445244e-06	-5.481972e-10	-1.700686e+01	-3.759520e+01
1.310000e-06	-2.402876e-06	-5.429382e-10	-1.671219e+01	-3.729720e+01
1.320000e-06	-2.360252e-06	-5.360989e-10	-1.641574e+01	-3.699301e+01
1.330000e-06	-2.317477e-06	-5.301218e-10	-1.611823e+01	-3.668275e+01
1.340000e-06	-2.274506e-06	-5.249501e-10	-1.581936e+01	-3.636652e+01
1.350000e-06	-2.231303e-06	-5.197921e-10	-1.551889e+01	-3.604443e+01
1.360000e-06	-2.187925e-06	-5.154711e-10	-1.521719e+01	-3.571661e+01
1.370000e-06	-2.144448e-06	-5.126846e-10	-1.491480e+01	-3.538315e+01
1.380000e-06	-2.100881e-06	-5.092451e-10	-1.461179e+01	-3.504414e+01
1.390000e-06	-2.057261e-06	-5.037072e-10	-1.430841e+01	-3.469966e+01
1.400000e-06	-2.013517e-06	-4.962086e-10	-1.400416e+01	-3.434976e+01
1.410000e-06	-1.969676e-06	-4.865904e-10	-1.369925e+01	-3.399450e+01
1.420000e-06	-1.925771e-06	-4.801199e-10	-1.339389e+01	-3.363389e+01
1.430000e-06	-1.881700e-06	-4.756885e-10	-1.308737e+01	-3.326791e+01
1.440000e-06	-1.837489e-06	-4.712315e-10	-1.277988e+01	-3.289655e+01
1.450000e-06	-1.793260e-06	-4.654376e-10	-1.247226e+01	-3.251972e+01
1.460000e-06	-1.749018e-06	-4.574055e-10	-1.216455e+01	-3.213733e+01
1.470000e-06	-1.704665e-06	-4.491740e-10	-1.185608e+01	-3.174924e+01
1.480000e-06	-1.660121e-06	-4.409752e-10	-1.154627e+01	-3.135530e+01
1.490000e-06	-1.615388e-06	-4.339976e-10	-1.123515e+01	-3.095530e+01
1.500000e-06	-1.570545e-06	-4.296353e-10	-1.092326e+01	-3.054899e+01
1.510000e-06	-1.525588e-06	-4.269154e-10	-1.061058e+01	-3.013610e+01
1.520000e-06	-1.480485e-06	-4.217626e-10	-1.029689e+01	-2.971631e+01
1.530000e-06	-1.435310e-06	-4.133019e-10	-9.982690e+00	-2.928927e+01
1.540000e-06	-1.390051e-06	-4.048580e-10	-9.667913e+00	-2.885460e+01
1.550000e-06	-1.344670e-06	-3.957436e-10	-9.352286e+00	-2.841187e+01
1.560000e-06	-1.299232e-06	-3.867676e-10	-9.036258e+00	-2.796064e+01
1.570000e-06	-1.253701e-06	-3.773988e-10	-8.719590e+00	-2.750043e+01
1.580000e-06	-1.208089e-06	-3.693605e-10	-8.402350e+00	-2.703072e+01
1.590000e-06	-1.162371e-06	-3.622365e-10	-8.084382e+00	-2.655100e+01
1.600000e-06	-1.116449e-06	-3.547333e-10	-7.764986e+00	-2.606071e+01
1.610000e-06	-1.070442e-06	-3.465718e-10	-7.445006e+00	-2.555929e+01
1.620000e-06	-1.024486e-06	-3.386559e-10	-7.125383e+00	-2.504616e+01
1.630000e-06	-9.784410e-07	-3.320022e-10	-6.805133e+00	-2.452075e+01
1.640000e-06	-9.322424e-07	-3.227289e-10	-6.483818e+00	-2.398247e+01
1.650000e-06	-8.860069e-07	-3.123372e-10	-6.162247e+00	-2.343073e+01
1.660000e-06	-8.397463e-07	-3.010407e-10	-5.840501e+00	-2.286498e+01
1.670000e-06	-7.934630e-07	-2.911591e-10	-5.518597e+00	-2.228465e+01
1.680000e-06	-7.471447e-07	-2.819588e-10	-5.196449e+00	-2.168921e+01
1.690000e-06	-7.007730e-07	-2.752823e-10	-4.873931e+00	-2.107814e+01
1.700000e-06	-6.544136e-07	-2.681521e-10	-4.551497e+00	-2.045097e+01
1.710000e-06	-6.080260e-07	-2.596511e-10	-4.228868e+00	-1.980724e+01
1.720000e-06	-5.615954e-07	-2.491848e-10	-3.905939e+00	-1.914657e+01
1.730000e-06	-5.151083e-07	-2.374823e-10	-3.582618e+00	-1.846857e+01
1.740000e-06	-4.685299e-07	-2.258176e-10	-3.258661e+00	-1.777297e+01
1.750000e-06	-4.218997e-07	-2.147199e-10	-2.934345e+00	-1.705949e+01
1.760000e-06	-3.751304e-07	-2.044500e-10	-2.609061e+00	-1.632796e+01
1.770000e-06	-3.283648e-07	-1.957028e-10	-2.283802e+00	-1.557825e+01
1.780000e-06	-2.816531e-07	-1.882903e-10	-1.958919e+00	-1.481030e+01
1.790000e-06	-2.348017e-07	-1.792984e-10	-1.633064e+00	-1.402413e+01
1.800000e-06	-1.879035e-07	-1.674843e-10	-1.306883e+00	-1.321983e+01
1.810000e-06	-1.410394e-07	-1.531024e-10	-9.809399e-01	-1.239756e+01
1.820000e-06	-9.424887e-08	-1.390167e-10	-6.555082e-01	-1.155757e+01
1.830000e-06	-4.750271e-08	-1.257349e-10	-3.303850e-01	-1.070018e+01
1.840000e-06	-7.563114e-10	-1.135756e-10	-5.260204e-03	-9.825789e+00
1.850000e-06	4.597943e-08	-1.037804e-10	3.197905e-01	-8.934887e+00
1.860000e-06	9.280129e-08	-9.392917e-11	6.454402e-01	-8.028033e+00
1.870000e-06	1.396366e-07	-8.270943e-11	9.711835e-01	-7.105865e+00
1.880000e-06	1.864506e-07	-7.027316e-11	1.296779e+00	-6.169100e+00
1.890000e-06	2.333402e-07	-5.512227e-11	1.622899e+00	-5.218528e+00
1.900000e-06	2.801729e-07	-3.967466e-11	1.948624e+00	-4.255010e+00
1.910000e-06	3.268856e-07	-2.503478e-11	2.273514e+00	-3.279474e+00
1.920000e-06	3.735603e-07	-1.293109e-11	2.598140e+00	-2.292912e+00
1.930000e-06	4.202351e-07	-2.551336e-12	2.922768e+00	-1.296376e+00
1.940000e-06	4.669037e-07	5.498516e-12	3.247351e+00	-2.909708e-01
1.950000e-06	5.135307e-07	1.392469e-11	3.571645e+00	7.221490e-01
1.960000e-06	5.601103e-07	2.692279e-11	3.895610e+00	1.741786e+00
1.970000e-06	6.065564e-07	4.469668e-11	4.218647e+00	2.766705e+00
1.980000e-06	6.528553e-07	6.419322e-11	4.540659e+00	3.795642e+00
1.990000e-06	6.991081e-07	8.126340e-11	4.862351e+00	4.827306e+00
2.000000e-06	7.453874e-07	9.406422e-11	5.184227e+00	5.860392e+00
2.010000e-06	7.917212e-07	1.048352e-10	5.506482e+00	6.893581e+00
2.020000e-06	8.380134e-07	1.152036e-10	5.828448e+00	7.925553e+00
2.030000e-06	8.842309e-07	1.278260e-10	6.149894e+00	8.954992e+00
2.040000e-06	9.304094e-07	1.423169e-10	6.471070e+00	9.980591e+00
2.050000e-06	9.765392e-07	1.568762e-10	6.791905e+00	1.100106e+01
2.060000e-06	1.022526e-06	1.706576e-10	7.111747e+00	1.201514e+01
2.070000e-06	1.068375e-06	1.850118e-10	7.430634e+00	1.302158e+01
2.080000e-06	1.114202e-06	2.006226e-10	7.749360e+00	1.401921e+01
2.090000e-06	1.159982e-06	2.162636e-10	8.067764e+00	1.500685e+01
2.100000e-06	1.205690e-06	2.313010e-10	8.385667e+00	1.598341e+01
2.110000e-06	1.251302e-06	2.436131e-10	8.702903e+00	1.694783e+01
2.120000e-06	1.296819e-06	2.541821e-10	9.019479e+00	1.789913e+01
2.130000e-06	1.342248e-06	2.645006e-10	9.335438e+00	1.883637e+01
2.140000e-06	1.387579e-06	2.747525e-10	9.650717e+00	1.975870e+01
2.150000e-06	1.432806e-06	2.851217e-10	9.965277e+00	2.066531e+01
2.160000e-06	1.477926e-06	2.992132e-10	1.027909e+01	2.155549e+01
2.170000e-06	1.522939e-06	3.161743e-10	1.059216e+01	2.242861e+01
2.180000e-06	1.567862e-06	3.314509e-10	1.090460e+01	2.328408e+01
2.190000e-06	1.612695e-06	3.438206e-10	1.121642e+01	2.412143e+01
2.200000e-06	1.657360e-06	3.528532e-10	1.152707e+01	2.494025e+01
2.210000e-06	1.701886e-06	3.616960e-10	1.183675e+01	2.574021e+01
2.220000e-06	1.746217e-06	3.724827e-10	1.214508e+01	2.652106e+01
2.230000e-06	1.790389e-06	3.828205e-10	1.245229e+01	2.728261e+01
2.240000e-06	1.834521e-06	3.953566e-10	1.275923e+01	2.802478e+01
2.250000e-06	1.878545e-06	4.069943e-10	1.306543e+01	2.874754e+01
2.260000e-06	1.922471e-06	4.178262e-10	1.337094e+01	2.945093e+01
2.270000e-06	1.966322e-06	4.267515e-10	1.367592e+01	3.013506e+01
2.280000e-06	2.010087e-06	4.326957e-10	1.398031e+01	3.080011e+01
2.290000e-06	2.053780e-06	4.372556e-10	1.428420e+01	3.144633e+01
2.300000e-06	2.097379e-06	4.428829e-10	1.458743e+01	3.207398e+01
2.310000e-06	2.140922e-06	4.539205e-10	1.489028e+01	3.268343e+01
2.320000e-06	2.184444e-06	4.655105e-10	1.519298e+01	3.327506e+01
2.330000e-06	2.227854e-06	4.758872e-10	1.549490e+01	3.384931e+01
2.340000e-06	2.271086e-06	4.842668e-10	1.579558e+01	3.440662e+01
2.350000e-06	2.314118e-06	4.890410e-10	1.609487e+01	3.494752e+01
2.360000e-06	2.356920e-06	4.926331e-10	1.639256e+01	3.547251e+01
2.370000e-06	2.399535e-06	4.978997e-10	1.668895e+01	3.598215e+01
2.380000e-06	2.441888e-06	5.055805e-10	1.698352e+01	3.647698e+01
2.390000e-06	2.483856e-06	5.166656e-10	1.727541e+01	3.695759e+01
2.400000e-06	2.525462e-06	5.295270e-10	1.756478e+01	3.742455e+01
2.410000e-06	2.566652e-06	5.419223e-10	1.785126e+01	3.787842e+01
2.420000e-06	2.607487e-06	5.498733e-10	1.813527e+01	3.831979e+01
2.430000e-06	2.648136e-06	5.530556e-10	1.841799e+01	3.874920e+01
2.440000e-06	2.688615e-06	5.552885e-10	1.869952e+01	3.916721e+01
2.450000e-06	2.728903e-06	5.595780e-10	1.897973e+01	3.957435e+01
2.460000e-06	2.769059e-06	5.648159e-10	1.925902e+01	3.997113e+01
2.470000e-06	2.809064e-06	5.722781e-10	1.953726e+01	4.035803e+01
2.480000e-06	2.848893e-06	5.798945e-10	1.981427e+01	4.073552e+01
2.490000e-06	2.888594e-06	5.860142e-10	2.009040e+01	4.110402e+01
2.500000e-06	2.928161e-06	5.924324e-10	2.036559e+01	4.146395e+01
2.510000e-06	2.967574e-06	5.981135e-10	2.063971e+01	4.181566e+01
2.520000e-06	3.006833e-06	6.032933e-10	2.091275e+01	4.215950e+01
2.530000e-06	3.045891e-06	6.081462e-10	2.118440e+01	4.249576e+01
2.540000e-06	3.084681e-06	6.116181e-10	2.145419e+01	4.282472e+01
2.550000e-06	3.123238e-06	6.135580e-10	2.172236e+01	4.314662e+01
2.560000e-06	3.161580e-06	6.171368e-10	2.198903e+01	4.346164e+01
2.570000e-06	3.199653e-06	6.223612e-10	2.225384e+01	4.376996e+01
2.580000e-06	3.237513e-06	6.265756e-10	2.251715e+01	4.407171e+01
2.590000e-06	3.275213e-06	6.292548e-10	2.277936e+01	4.436700e+01
2.600000e-06	3.312696e-06	6.325750e-10	2.304006e+01	4.465591e+01
2.610000e-06	3.349955e-06	6.365944e-10	2.329920e+01	4.493848e+01
2.620000e-06	3.386979e-06	6.398424e-10	2.355670e+01	4.521475e+01
2.630000e-06	3.423781e-06	6.423280e-10	2.381266e+01	4.548471e+01
2.640000e-06	3.460339e-06	6.457781e-10	2.406692e+01	4.574835e+01
2.650000e-06	3.496612e-06	6.494520e-10	2.431921e+01	4.600564e+01
2.660000e-06	3.532670e-06	6.538891e-10	2.456999e+01	4.625653e+01
2.670000e-06	3.568543e-06	6.580321e-10	2.481949e+01	4.650097e+01
2.680000e-06	3.604289e-06	6.610923e-10	2.506811e+01	4.673888e+01
2.690000e-06	3.639895e-06	6.634563e-10	2.531575e+01	4.697020e+01
2.700000e-06	3.675381e-06	6.656514e-10	2.556256e+01	4.719485e+01
2.710000e-06	3.710722e-06	6.678268e-10	2.580836e+01	4.741277e+01
2.720000e-06	3.745769e-06	6.722081e-10	2.605211e+01	4.762387e+01
2.730000e-06	3.780414e-06	6.800126e-10	2.629307e+01	4.782810e+01
2.740000e-06	3.814612e-06	6.871232e-10	2.653092e+01	4.802539e+01
2.750000e-06	3.848374e-06	6.899637e-10	2.676574e+01	4.821570e+01
2.760000e-06	3.881672e-06	6.892563e-10	2.699733e+01	4.839899e+01
2.770000e-06	3.914524e-06	6.887098e-10	2.722581e+01	4.857525e+01
2.780000e-06	3.946951e-06	6.913274e-10	2.745135e+01	4.874445e+01
2.790000e-06	3.979034e-06	6.974544e-10	2.767449e+01	4.890662e+01
2.800000e-06	4.010948e-06	7.048097e-10	2.789645e+01	4.906178e+01
2.810000e-06	4.042724e-06	7.110038e-10	2.811746e+01	4.920997e+01
2.820000e-06	4.074286e-06	7.157706e-10	2.833698e+01	4.935125e+01
2.830000e-06	4.105693e-06	7.175402e-10	2.855541e+01	4.948572e+01
2.840000e-06	4.136888e-06	7.152742e-10	2.877238e+01	4.961347e+01
2.850000e-06	4.167822e-06	7.135183e-10	2.898753e+01	4.973462e+01
2.860000e-06	4.198479e-06	7.142263e-10	2.920075e+01	4.984932e+01
2.870000e-06	4.228792e-06	7.155212e-10	2.941158e+01	4.995772e+01
2.880000e-06	4.258797e-06	7.190293e-10	2.962026e+01	5.006000e+01
2.890000e-06	4.288505e-06	7.248437e-10	2.982688e+01	5.015636e+01
2.900000e-06	4.317869e-06	7.297318e-10	3.003111e+01	5.024698e+01
2.910000e-06	4.346887e-06	7.325228e-10	3.023294e+01	5.033211e+01
2.920000e-06	4.375678e-06	7.336311e-10	3.043318e+01	5.041196e+01
2.930000e-06	4.404180e-06	7.330921e-10	3.063141e+01	5.048679e+01
2.940000e-06	4.432370e-06	7.329408e-10	3.082747e+01	5.055684e+01
2.950000e-06	4.460366e-06	7.359230e-10	3.102219e+01	5.062237e+01
2.960000e-06	4.488172e-06	7.408287e-10	3.121558e+01	5.068365e+01
2.970000e-06	4.515753e-06	7.453397e-10	3.140741e+01	5.074094e+01
2.980000e-06	4.543058e-06	7.490077e-10	3.159732e+01	5.079451e+01
2.990000e-06	4.570037e-06	7.498970e-10	3.178496e+01	5.084463e+01
3.000000e-06	4.596633e-06	7.466492e-10	3.196994e+01	5.089156e+01
3.010000e-06	4.622823e-06	7.430573e-10	3.215209e+01	5.093558e+01
3.020000e-06	4.648488e-06	7.436541e-10	3.233059e+01	5.097692e+01
3.030000e-06	4.673510e-06	7.469721e-10	3.250462e+01	5.101585e+01
3.040000e-06	4.697997e-06	7.510511e-10	3.267493e+01	5.105260e+01
3.050000e-06	4.722245e-06	7.551090e-10	3.284358e+01	5.108740e+01
3.060000e-06	4.746265e-06	7.562904e-10	3.301064e+01	5.112048e+01
3.070000e-06	4.769948e-06	7.542316e-10	3.317536e+01	5.115204e+01
3.080000e-06	4.793389e-06	7.511282e-10	3.333839e+01	5.118227e+01
3.090000e-06	4.816513e-06	7.491465e-10	3.349922e+01	5.121136e+01
3.100000e-06	4.839222e-06	7.487163e-10	3.365717e+01	5.123946e+01
3.110000e-06	4.861549e-06	7.499500e-10	3.381245e+01	5.126674e+01
3.120000e-06	4.883615e-06	7.505124e-10	3.396592e+01	5.129333e+01
3.130000e-06	4.905425e-06	7.506812e-10	3.411761e+01	5.131934e+01
3.140000e-06	4.926854e-06	7.505358e-10	3.426665e+01	5.134489e+01
3.150000e-06	4.947922e-06	7.515327e-10	3.441318e+01	5.137006e+01
3.160000e-06	4.968648e-06	7.541576e-10	3.455733e+01	5.139492e+01
3.170000e-06	4.989027e-06	7.556372e-10	3.469907e+01	5.141954e+01
3.180000e-06	5.009102e-06	7.579338e-10	3.483869e+01	5.144397e+01
3.190000e-06	5.028916e-06	7.596494e-10	3.497650e+01	5.146823e+01
3.200000e-06	5.048509e-06	7.593664e-10	3.511277e+01	5.149236e+01
3.210000e-06	5.067928e-06	7.569375e-10	3.524783e+01	5.151635e+01
3.220000e-06	5.087077e-06	7.571175e-10	3.538102e+01	5.154021e+01
3.230000e-06	5.105779e-06	7.631072e-10	3.551109e+01	5.156392e+01
3.240000e-06	5.123935e-06	7.693933e-10	3.563737e+01	5.158747e+01
3.250000e-06	5.141706e-06	7.709683e-10	3.576096e+01	5.161083e+01
3.260000e-06	5.159153e-06	7.665437e-10	3.588231e+01	5.163397e+01
3.270000e-06	5.176126e-06	7.609302e-10	3.600035e+01	5.165683e+01
3.280000e-06	5.192850e-06	7.586753e-10	3.611667e+01	5.167940e+01
3.290000e-06	5.209396e-06	7.609048e-10	3.623175e+01	5.170160e+01
3.300000e-06	5.225492e-06	7.655803e-10	3.634370e+01	5.172339e+01
3.310000e-06	5.241055e-06	7.720986e-10	3.645194e+01	5.174473e+01
3.320000e-06	5.256115e-06	7.769992e-10	3.655668e+01	5.176555e+01
3.330000e-06	5.270747e-06	7.770618e-10	3.665845e+01	5.178581e+01
3.340000e-06	5.284971e-06	7.751855e-10	3.675738e+01	5.180544e+01
3.350000e-06	5.298785e-06	7.725738e-10	3.685346e+01	5.182440e+01
3.360000e-06	5.312250e-06	7.695844e-10	3.694711e+01	5.184265e+01
3.370000e-06	5.325364e-06	7.693339e-10	3.703832e+01	5.186012e+01
3.380000e-06	5.338087e-06	7.746007e-10	3.712681e+01	5.187678e+01
3.390000e-06	5.350400e-06	7.811046e-10	3.721244e+01	5.189259e+01
3.400000e-06	5.362417e-06	7.839176e-10	3.729602e+01	5.190750e+01
3.410000e-06	5.374092e-06	7.845076e-10	3.737723e+01	5.192149e+01
3.420000e-06	5.385275e-06	7.829149e-10	3.745500e+01	5.193451e+01
3.430000e-06	5.395987e-06	7.820851e-10	3.752951e+01	5.194655e+01
3.440000e-06	5.406245e-06	7.827364e-10	3.760085e+01	5.195757e+01
3.450000e-06	5.415968e-06	7.837534e-10	3.766848e+01	5.196757e+01
3.460000e-06	5.425120e-06	7.856300e-10	3.773213e+01	5.197651e+01
3.470000e-06	5.433694e-06	7.869260e-10	3.779176e+01	5.198438e+01
3.480000e-06	5.441768e-06	7.873203e-10	3.784792e+01	5.199118e+01
3.490000e-06	5.449513e-06	7.866761e-10	3.790178e+01	5.199688e+01
3.500000e-06	5.456942e-06	7.860466e-10	3.795345e+01	5.200149e+01
3.510000e-06	5.464082e-06	7.880222e-10	3.800311e+01	5.200500e+01
3.520000e-06	5.470873e-06	7.929410e-10	3.805035e+01	5.200740e+01
3.530000e-06	5.477240e-06	7.967378e-10	3.809463e+01	5.200869e+01
3.540000e-06	5.483297e-06	7.982764e-10	3.813675e+01	5.200887e+01
3.550000e-06	5.489052e-06	7.993787e-10	3.817678e+01	5.200793e+01
3.560000e-06	5.494475e-06	7.979482e-10	3.821450e+01	5.200588e+01
3.570000e-06	5.499455e-06	7.952365e-10	3.824913e+01	5.200270e+01
3.580000e-06	5.503993e-06	7.948053e-10	3.828070e+01	5.199841e+01
3.590000e-06	5.508222e-06	7.948185e-10	3.831011e+01	5.199300e+01
3.600000e-06	5.512175e-06	7.948440e-10	3.833760e+01	5.198646e+01
3.610000e-06	5.515888e-06	7.959852e-10	3.836343e+01	5.197879e+01
3.620000e-06	5.519347e-06	7.982976e-10	3.838748e+01	5.196999e+01
3.630000e-06	5.522461e-06	7.996193e-10	3.840914e+01	5.196006e+01
3.640000e-06	5.525087e-06	8.013862e-10	3.842741e+01	5.194899e+01
3.650000e-06	5.527108e-06	8.048722e-10	3.844146e+01	5.193677e+01
3.660000e-06	5.528487e-06	8.082000e-10	3.845106e+01	5.192340e+01
3.670000e-06	5.529352e-06	8.097190e-10	3.845707e+01	5.190887e+01
3.680000e-06	5.529773e-06	8.114406e-10	3.846000e+01	5.189318e+01
3.690000e-06	5.529750e-06	8.128896e-10	3.845984e+01	5.187632e+01
3.700000e-06	5.529459e-06	8.120716e-10	3.845781e+01	5.185829e+01
3.710000e-06	5.528911e-06	8.105859e-10	3.845400e+01	5.183908e+01
3.720000e-06	5.527986e-06	8.095877e-10	3.844757e+01	5.181869e+01
3.730000e-06	5.526704e-06	8.103521e-10	3.843866e+01	5.179711e+01
3.740000e-06	5.525073e-06	8.161770e-10	3.842731e+01	5.177434e+01
3.750000e-06	5.523140e-06	8.213807e-10	3.841386e+01	5.175039e+01
3.760000e-06	5.520848e-06	8.213393e-10	3.839792e+01	5.172524e+01
3.770000e-06	5.518118e-06	8.085547e-10	3.837894e+01	5.169892e+01
3.780000e-06	5.515013e-06	7.997920e-10	3.835734e+01	5.167141e+01
3.790000e-06	5.511451e-06	8.395942e-10	3.833257e+01	5.164273e+01
3.800000e-06	5.507409e-06	8.316158e-10	3.830445e+01	5.161289e+01
3.810000e-06	5.503106e-06	7.786458e-10	3.827453e+01	5.158189e+01
3.820000e-06	5.498636e-06	7.715243e-10	3.824344e+01	5.154976e+01
3.830000e-06	5.493783e-06	8.054112e-10	3.820969e+01	5.151650e+01
3.840000e-06	5.488351e-06	8.527140e-10	3.817190e+01	5.148213e+01
3.850000e-06	5.482491e-06	7.887711e-10	3.813115e+01	5.144667e+01
3.860000e-06	5.476256e-06	7.412570e-10	3.808779e+01	5.141014e+01
3.870000e-06	5.469554e-06	7.889008e-10	3.804117e+01	5.137257e+01
3.880000e-06	5.462357e-06	8.547245e-10	3.799112e+01	5.133397e+01
3.890000e-06	5.454736e-06	8.118587e-10	3.793811e+01	5.129436e+01
3.900000e-06	5.446818e-06	7.374293e-10	3.788304e+01	5.125377e+01
3.910000e-06	5.438488e-06	7.887012e-10	3.782511e+01	5.121222e+01
3.920000e-06	5.429692e-06	8.375872e-10	3.776393e+01	5.116973e+01
3.930000e-06	5.420667e-06	8.028036e-10	3.770116e+01	5.112632e+01
3.940000e-06	5.411352e-06	7.386394e-10	3.763637e+01	5.108200e+01
3.950000e-06	5.401580e-06	7.854050e-10	3.756841e+01	5.103680e+01
3.960000e-06	5.391393e-06	8.260202e-10	3.749756e+01	5.099071e+01
3.970000e-06	5.380903e-06	8.052117e-10	3.742460e+01	5.094377e+01
3.980000e-06	5.370109e-06	7.675269e-10	3.734952e+01	5.089596e+01
3.990000e-06	5.358833e-06	7.901336e-10	3.727110e+01	5.084728e+01
4.000000e-06	5.347114e-06	8.000452e-10	3.718959e+01	5.079775e+01
4.010000e-06	5.335080e-06	7.737551e-10	3.710589e+01	5.074733e+01
4.020000e-06	5.322580e-06	7.586319e-10	3.701895e+01	5.069603e+01
4.030000e-06	5.309486e-06	7.858918e-10	3.692789e+01	5.064383e+01
4.040000e-06	5.296014e-06	8.070826e-10	3.683419e+01	5.059069e+01
4.050000e-06	5.282118e-06	7.785457e-10	3.673754e+01	5.053659e+01
4.060000e-06	5.267524e-06	7.371792e-10	3.663603e+01	5.048148e+01
4.070000e-06	5.252394e-06	7.424617e-10	3.653081e+01	5.042534e+01
4.080000e-06	5.236906e-06	7.742106e-10	3.642309e+01	5.036811e+01
4.090000e-06	5.220960e-06	7.518354e-10	3.631218e+01	5.030974e+01
4.100000e-06	5.204669e-06	7.423372e-10	3.619887e+01	5.025018e+01
4.110000e-06	5.188128e-06	7.765382e-10	3.608383e+01	5.018935e+01
4.120000e-06	5.171293e-06	7.819245e-10	3.596674e+01	5.012720e+01
4.130000e-06	5.154078e-06	7.352823e-10	3.584701e+01	5.006366e+01
4.140000e-06	5.136488e-06	7.551396e-10	3.572467e+01	4.999866e+01
4.150000e-06	5.118587e-06	7.823769e-10	3.560017e+01	4.993213e+01
4.160000e-06	5.100304e-06	7.460332e-10	3.547301e+01	4.986399e+01
4.170000e-06	5.081667e-06	7.399708e-10	3.534339e+01	4.979417e+01
4.180000e-06	5.062779e-06	7.963398e-10	3.521202e+01	4.972259e+01
4.190000e-06	5.043496e-06	7.675325e-10	3.507791e+01	4.964919e+01
4.200000e-06	5.023820e-06	7.283998e-10	3.494105e+01	4.957391e+01
4.210000e-06	5.003906e-06	7.734147e-10	3.480255e+01	4.949666e+01
4.220000e-06	4.983749e-06	7.772114e-10	3.466236e+01	4.941741e+01
4.230000e-06	4.963349e-06	7.198794e-10	3.452048e+01	4.933608e+01
4.240000e-06	4.942684e-06	7.608362e-10	3.437675e+01	4.925264e+01
4.250000e-06	4.921604e-06	8.006333e-10	3.423013e+01	4.916704e+01
4.260000e-06	4.899875e-06	7.403480e-10	3.407901e+01	4.907926e+01
4.270000e-06	4.877655e-06	7.350475e-10	3.392447e+01	4.898926e+01
4.280000e-06	4.855027e-06	7.929051e-10	3.376709e+01	4.889704e+01
4.290000e-06	4.831875e-06	7.549055e-10	3.360606e+01	4.880259e+01
4.300000e-06	4.808263e-06	7.133488e-10	3.344184e+01	4.870593e+01
4.310000e-06	4.784307e-06	7.577068e-10	3.327522e+01	4.860705e+01
4.320000e-06	4.760100e-06	7.590379e-10	3.310686e+01	4.850601e+01
4.330000e-06	4.735651e-06	7.237584e-10	3.293682e+01	4.840283e+01
4.340000e-06	4.710970e-06	7.516161e-10	3.276516e+01	4.829756e+01
4.350000e-06	4.686064e-06	7.660945e-10	3.259194e+01	4.819027e+01
4.360000e-06	4.660764e-06	7.325924e-10	3.241597e+01	4.808103e+01
4.370000e-06	4.634998e-06	7.422895e-10	3.223677e+01	4.796992e+01
4.380000e-06	4.608965e-06	7.578391e-10	3.205571e+01	4.785703e+01
4.390000e-06	4.582734e-06	7.331141e-10	3.187327e+01	4.774245e+01
4.400000e-06	4.556210e-06	7.278419e-10	3.168880e+01	4.762630e+01
4.410000e-06	4.529282e-06	7.435123e-10	3.150151e+01	4.750868e+01
4.420000e-06	4.501967e-06	7.313649e-10	3.131153e+01	4.738971e+01
4.430000e-06	4.474313e-06	7.278476e-10	3.111920e+01	4.726951e+01
4.440000e-06	4.446369e-06	7.430744e-10	3.092484e+01	4.714821e+01
4.450000e-06	4.418261e-06	7.390577e-10	3.072935e+01	4.702593e+01
4.460000e-06	4.390045e-06	7.279270e-10	3.053310e+01	4.690278e+01
4.470000e-06	4.361636e-06	7.365281e-10	3.033552e+01	4.677890e+01
4.480000e-06	4.332899e-06	7.349354e-10	3.013565e+01	4.665439e+01
4.490000e-06	4.303792e-06	7.266915e-10	2.993320e+01	4.652936e+01
4.500000e-06	4.274339e-06	7.262522e-10	2.972836e+01	4.640393e+01
4.510000e-06	4.244399e-06	7.270462e-10	2.952012e+01	4.627817e+01
4.520000e-06	4.213884e-06	7.220080e-10	2.930789e+01	4.615218e+01
4.530000e-06	4.182950e-06	7.291745e-10	2.909274e+01	4.602602e+01
4.540000e-06	4.151644e-06	7.363702e-10	2.887500e+01	4.589974e+01
4.550000e-06	4.120012e-06	7.306041e-10	2.865500e+01	4.577340e+01
4.560000e-06	4.088120e-06	7.240080e-10	2.843319e+01	4.564701e+01
4.570000e-06	4.055960e-06	7.265423e-10	2.820952e+01	4.552058e+01
4.580000e-06	4.023604e-06	7.202961e-10	2.798448e+01	4.539410e+01
4.590000e-06	3.991066e-06	7.098752e-10	2.775817e+01	4.526754e+01
4.600000e-06	3.958235e-06	7.099862e-10	2.752983e+01	4.514084e+01
4.610000e-06	3.925103e-06	7.129182e-10	2.729939e+01	4.501393e+01
4.620000e-06	3.891798e-06	7.099012e-10	2.706775e+01	4.488673e+01
4.630000e-06	3.858255e-06	7.123931e-10	2.683446e+01	4.475912e+01
4.640000e-06	3.824458e-06	7.147511e-10	2.659940e+01	4.463096e+01
4.650000e-06	3.790394e-06	7.017354e-10	2.636248e+01	4.450210e+01
4.660000e-06	3.755981e-06	6.897482e-10	2.612314e+01	4.437237e+01
4.670000e-06	3.721282e-06	6.920585e-10	2.588181e+01	4.424157e+01
4.680000e-06	3.686411e-06	6.927533e-10	2.563928e+01	4.410951e+01
4.690000e-06	3.651277e-06	6.890027e-10	2.539491e+01	4.397595e+01
4.700000e-06	3.615801e-06	6.928850e-10	2.514818e+01	4.384065e+01
4.710000e-06	3.580111e-06	6.928678e-10	2.489995e+01	4.370337e+01
4.720000e-06	3.544229e-06	6.857672e-10	2.465038e+01	4.356383e+01
4.730000e-06	3.508164e-06	6.829103e-10	2.439955e+01	4.342177e+01
4.740000e-06	3.471969e-06	6.836029e-10	2.414781e+01	4.327690e+01
4.750000e-06	3.435693e-06	6.769906e-10	2.389551e+01	4.312894e+01
4.760000e-06	3.399293e-06	6.731114e-10	2.364235e+01	4.297760e+01
4.770000e-06	3.362653e-06	6.756942e-10	2.338751e+01	4.282259e+01
4.780000e-06	3.325638e-06	6.781074e-10	2.313007e+01	4.266363e+01
4.790000e-06	3.288275e-06	6.756250e-10	2.287021e+01	4.250042e+01
4.800000e-06	3.250640e-06	6.745560e-10	2.260846e+01	4.233270e+01
4.810000e-06	3.212635e-06	6.741695e-10	2.234412e+01	4.216020e+01
4.820000e-06	3.174214e-06	6.724434e-10	2.207690e+01	4.198266e+01
4.830000e-06	3.135422e-06	6.714798e-10	2.180710e+01	4.179983e+01
4.840000e-06	3.096267e-06	6.710222e-10	2.153478e+01	4.161149e+01
4.850000e-06	3.056793e-06	6.658919e-10	2.126023e+01	4.141743e+01
4.860000e-06	3.017089e-06	6.595482e-10	2.098408e+01	4.121745e+01
4.870000e-06	2.977176e-06	6.569784e-10	2.070649e+01	4.101138e+01
4.880000e-06	2.937091e-06	6.530168e-10	2.042770e+01	4.079906e+01
4.890000e-06	2.896914e-06	6.459733e-10	2.014826e+01	4.058036e+01
4.900000e-06	2.856706e-06	6.429752e-10	1.986861e+01	4.035518e+01
4.910000e-06	2.816383e-06	6.417714e-10	1.958816e+01	4.012343e+01
4.920000e-06	2.775858e-06	6.384979e-10	1.930631e+01	3.988504e+01
4.930000e-06	2.735119e-06	6.339960e-10	1.902296e+01	3.963997e+01
4.940000e-06	2.694217e-06	6.318214e-10	1.873849e+01	3.938821e+01
4.950000e-06	2.653201e-06	6.275422e-10	1.845322e+01	3.912976e+01
4.960000e-06	2.611953e-06	6.231199e-10	1.816633e+01	3.886464e+01
4.970000e-06	2.570410e-06	6.191421e-10	1.787740e+01	3.859289e+01
4.980000e-06	2.528713e-06	6.151452e-10	1.758739e+01	3.831458e+01
4.990000e-06	2.486912e-06	6.111368e-10	1.729667e+01	3.802977e+01
5.000000e-06	2.444898e-06	6.063475e-10	1.700446e+01	3.773856e+01
5.010000e-06	2.402677e-06	6.022732e-10	1.671080e+01	3.744104e+01
5.020000e-06	2.360326e-06	5.990205e-10	1.641625e+01	3.713732e+01
5.030000e-06	2.317835e-06	5.971719e-10	1.612072e+01	3.682752e+01
5.040000e-06	2.275198e-06	5.958880e-10	1.582418e+01	3.651174e+01
5.050000e-06	2.232420e-06	5.942668e-10	1.552666e+01	3.619010e+01
5.060000e-06	2.189467e-06	5.904706e-10	1.522791e+01	3.586271e+01
5.070000e-06	2.146311e-06	5.876872e-10	1.492776e+01	3.552967e+01
5.080000e-06	2.102930e-06	5.827153e-10	1.462604e+01	3.519108e+01
5.090000e-06	2.059368e-06	5.751810e-10	1.432307e+01	3.484700e+01
5.100000e-06	2.015714e-06	5.676592e-10	1.401945e+01	3.449752e+01
5.110000e-06	1.971989e-06	5.639127e-10	1.371534e+01	3.414266e+01
5.120000e-06	1.928162e-06	5.589807e-10	1.341052e+01	3.378245e+01
5.130000e-06	1.884236e-06	5.535154e-10	1.310501e+01	3.341689e+01
5.140000e-06	1.840236e-06	5.496984e-10	1.279899e+01	3.304593e+01
5.150000e-06	1.796151e-06	5.457892e-10	1.249237e+01	3.266951e+01
5.160000e-06	1.751973e-06	5.392173e-10	1.218510e+01	3.228755e+01
5.170000e-06	1.707705e-06	5.308762e-10	1.187722e+01	3.189991e+01
5.180000e-06	1.663380e-06	5.237985e-10	1.156894e+01	3.150642e+01
5.190000e-06	1.619048e-06	5.180259e-10	1.126061e+01	3.110689e+01
5.200000e-06	1.574604e-06	5.108500e-10	1.095149e+01	3.070107e+01
5.210000e-06	1.530014e-06	5.040221e-10	1.064137e+01	3.028870e+01
5.220000e-06	1.485378e-06	4.975011e-10	1.033092e+01	2.986945e+01
5.230000e-06	1.440780e-06	4.900796e-10	1.002074e+01	2.944299e+01
5.240000e-06	1.396139e-06	4.820052e-10	9.710253e+00	2.900893e+01
5.250000e-06	1.351428e-06	4.734504e-10	9.399283e+00	2.856685e+01
5.260000e-06	1.306645e-06	4.659611e-10	9.087818e+00	2.811630e+01
5.270000e-06	1.261671e-06	4.590390e-10	8.775018e+00	2.765682e+01
5.280000e-06	1.216571e-06	4.506519e-10	8.461348e+00	2.718788e+01
5.290000e-06	1.171304e-06	4.413283e-10	8.146511e+00	2.670897e+01
5.300000e-06	1.125779e-06	4.339310e-10	7.829883e+00	2.621954e+01
5.310000e-06	1.080141e-06	4.269645e-10	7.512468e+00	2.571903e+01
5.320000e-06	1.034587e-06	4.195624e-10	7.195634e+00	2.520686e+01
5.330000e-06	9.890419e-07	4.109605e-10	6.878863e+00	2.468245e+01
5.340000e-06	9.433672e-07	4.029817e-10	6.561192e+00	2.414522e+01
5.350000e-06	8.975843e-07	3.954354e-10	6.242768e+00	2.359459e+01
5.360000e-06	8.517432e-07	3.871924e-10	5.923940e+00	2.302998e+01
5.370000e-06	8.058914e-07	3.778959e-10	5.605037e+00	2.245085e+01
5.380000e-06	7.599301e-07	3.658487e-10	5.285372e+00	2.185664e+01
5.390000e-06	7.137670e-07	3.532658e-10	4.964305e+00	2.124685e+01
5.400000e-06	6.675395e-07	3.433615e-10	4.642789e+00	2.062100e+01
5.410000e-06	6.213022e-07	3.363047e-10	4.321205e+00	1.997863e+01
5.420000e-06	5.750133e-07	3.289410e-10	3.999262e+00	1.931933e+01
5.430000e-06	5.286015e-07	3.194816e-10	3.676464e+00	1.864276e+01
5.440000e-06	4.820889e-07	3.104215e-10	3.352966e+00	1.794858e+01
5.450000e-06	4.355874e-07	3.007779e-10	3.029544e+00	1.723656e+01
5.460000e-06	3.891267e-07	2.898664e-10	2.706407e+00	1.650650e+01
5.470000e-06	3.426022e-07	2.789531e-10	2.382825e+00	1.575826e+01
5.480000e-06	2.960065e-07	2.678282e-10	2.058748e+00	1.499179e+01
5.490000e-06	2.494499e-07	2.558651e-10	1.734943e+00	1.420710e+01
5.500000e-06	2.029179e-07	2.454893e-10	1.411310e+00	1.340426e+01
5.510000e-06	1.564065e-07	2.345114e-10	1.087819e+00	1.258344e+01
5.520000e-06	1.099152e-07	2.209192e-10	7.644686e-01	1.174487e+01
5.530000e-06	6.344870e-08	2.057829e-10	4.412906e-01	1.088888e+01
5.540000e-06	1.699491e-08	1.895904e-10	1.182009e-01	1.001585e+01
5.550000e-06	-2.941951e-08	1.730747e-10	-2.046149e-01	9.126258e+00
5.560000e-06	-7.588007e-08	1.551012e-10	-5.277517e-01	8.220667e+00
5.570000e-06	-1.224126e-07	1.419945e-10	-8.513890e-01	7.299708e+00
5.580000e-06	-1.689241e-07	1.294374e-10	-1.174880e+00	6.364088e+00
5.590000e-06	-2.154207e-07	1.156492e-10	-1.498268e+00	5.414593e+00
5.600000e-06	-2.619265e-07	9.930171e-11	-1.821719e+00	4.452077e+00
5.610000e-06	-3.084335e-07	7.960363e-11	-2.145179e+00	3.477464e+00
5.620000e-06	-3.549549e-07	5.805353e-11	-2.468739e+00	2.491740e+00
5.630000e-06	-4.013652e-07	4.101964e-11	-2.791526e+00	1.495951e+00
5.640000e-06	-4.476636e-07	2.769025e-11	-3.113535e+00	4.912000e-01
5.650000e-06	-4.940451e-07	1.357703e-11	-3.436122e+00	-5.213639e-01
5.660000e-06	-5.404224e-07	-1.171669e-12	-3.758680e+00	-1.540546e+00
5.670000e-06	-5.866897e-07	-1.714697e-11	-4.080472e+00	-2.565115e+00
5.680000e-06	-6.329198e-07	-3.443470e-11	-4.402006e+00	-3.593808e+00
5.690000e-06	-6.791017e-07	-5.319125e-11	-4.723205e+00	-4.625336e+00
5.700000e-06	-7.252556e-07	-7.314926e-11	-5.044209e+00	-5.658395e+00
5.710000e-06	-7.713117e-07	-9.396738e-11	-5.364533e+00	-6.691668e+00
5.720000e-06	-8.172022e-07	-1.122693e-10	-5.683705e+00	-7.723835e+00
5.730000e-06	-8.630733e-07	-1.287159e-10	-6.002742e+00	-8.753576e+00
5.740000e-06	-9.089065e-07	-1.450844e-10	-6.321515e+00	-9.779586e+00
5.750000e-06	-9.546407e-07	-1.624673e-10	-6.639600e+00	-1.080057e+01
5.760000e-06	-1.000247e-06	-1.806152e-10	-6.956794e+00	-1.181527e+01
5.770000e-06	-1.045776e-06	-1.995545e-10	-7.273454e+00	-1.282244e+01
5.780000e-06	-1.091257e-06	-2.179968e-10	-7.589777e+00	-1.382089e+01
5.790000e-06	-1.136605e-06	-2.364614e-10	-7.905177e+00	-1.480945e+01
5.800000e-06	-1.181737e-06	-2.528398e-10	-8.219070e+00	-1.578701e+01
5.810000e-06	-1.226785e-06	-2.680435e-10	-8.532387e+00	-1.675253e+01
5.820000e-06	-1.271770e-06	-2.816506e-10	-8.845259e+00	-1.770500e+01
5.830000e-06	-1.316588e-06	-2.935486e-10	-9.156970e+00	-1.864349e+01
5.840000e-06	-1.361268e-06	-3.048785e-10	-9.467725e+00	-1.956713e+01
5.850000e-06	-1.405828e-06	-3.197902e-10	-9.777643e+00	-2.047512e+01
5.860000e-06	-1.450402e-06	-3.363776e-10	-1.008766e+01	-2.136674e+01
5.870000e-06	-1.494947e-06	-3.545611e-10	-1.039747e+01	-2.224134e+01
5.880000e-06	-1.539418e-06	-3.738079e-10	-1.070677e+01	-2.309835e+01
5.890000e-06	-1.583877e-06	-3.908480e-10	-1.101599e+01	-2.393727e+01
5.900000e-06	-1.628289e-06	-4.025946e-10	-1.132487e+01	-2.475769e+01
5.910000e-06	-1.672598e-06	-4.131443e-10	-1.163305e+01	-2.555927e+01
5.920000e-06	-1.716831e-06	-4.243816e-10	-1.194069e+01	-2.634176e+01
5.930000e-06	-1.761063e-06	-4.348356e-10	-1.224833e+01	-2.710497e+01
5.940000e-06	-1.805187e-06	-4.442833e-10	-1.255521e+01	-2.784879e+01
5.950000e-06	-1.849171e-06	-4.562427e-10	-1.286113e+01	-2.857321e+01
5.960000e-06	-1.893098e-06	-4.700978e-10	-1.316665e+01	-2.927825e+01
5.970000e-06	-1.936912e-06	-4.833183e-10	-1.347137e+01	-2.996403e+01
5.980000e-06	-1.980574e-06	-4.947645e-10	-1.377505e+01	-3.063070e+01
5.990000e-06	-2.024161e-06	-5.035192e-10	-1.407819e+01	-3.127852e+01
6.000000e-06	-2.067629e-06	-5.141916e-10	-1.438052e+01	-3.190775e+01
6.010000e-06	-2.110895e-06	-5.251368e-10	-1.468144e+01	-3.251875e+01
6.020000e-06	-2.153997e-06	-5.346388e-10	-1.498121e+01	-3.311189e+01
6.030000e-06	-2.196973e-06	-5.420839e-10	-1.528012e+01	-3.368760e+01
6.040000e-06	-2.239799e-06	-5.515192e-10	-1.557797e+01	-3.424635e+01
6.050000e-06	-2.282373e-06	-5.606307e-10	-1.587408e+01	-3.478864e+01
6.060000e-06	-2.324782e-06	-5.701553e-10	-1.616904e+01	-3.531498e+01
6.070000e-06	-2.367087e-06	-5.811591e-10	-1.646327e+01	-3.582591e+01
6.080000e-06	-2.409240e-06	-5.933783e-10	-1.675645e+01	-3.632201e+01
6.090000e-06	-2.451221e-06	-6.038400e-10	-1.704843e+01	-3.680382e+01
6.100000e-06	-2.493001e-06	-6.121541e-10	-1.733901e+01	-3.727193e+01
6.110000e-06	-2.534598e-06	-6.182264e-10	-1.762833e+01	-3.772692e+01
6.120000e-06	-2.576008e-06	-6.241395e-10	-1.791633e+01	-3.816934e+01
6.130000e-06	-2.617209e-06	-6.304265e-10	-1.820289e+01	-3.859977e+01
6.140000e-06	-2.658262e-06	-6.377865e-10	-1.848842e+01	-3.901876e+01
6.150000e-06	-2.699132e-06	-6.471894e-10	-1.877267e+01	-3.942682e+01
6.160000e-06	-2.739770e-06	-6.551488e-10	-1.905531e+01	-3.982449e+01
6.170000e-06	-2.780307e-06	-6.613058e-10	-1.933725e+01	-4.021223e+01
6.180000e-06	-2.820766e-06	-6.691042e-10	-1.961864e+01	-4.059053e+01
6.190000e-06	-2.861083e-06	-6.762202e-10	-1.989905e+01	-4.095981e+01
6.200000e-06	-2.901240e-06	-6.814089e-10	-2.017835e+01	-4.132048e+01
6.210000e-06	-2.941256e-06	-6.868848e-10	-2.045666e+01	-4.167290e+01
6.220000e-06	-2.981156e-06	-6.907998e-10	-2.073417e+01	-4.201743e+01
6.230000e-06	-3.020840e-06	-6.942086e-10	-2.101018e+01	-4.235436e+01
6.240000e-06	-3.060362e-06	-7.002188e-10	-2.128506e+01	-4.268396e+01
6.250000e-06	-3.099620e-06	-7.085642e-10	-2.155810e+01	-4.300647e+01
6.260000e-06	-3.138501e-06	-7.136196e-10	-2.182852e+01	-4.332210e+01
6.270000e-06	-3.177073e-06	-7.156207e-10	-2.209679e+01	-4.363102e+01
6.280000e-06	-3.215224e-06	-7.158637e-10	-2.236213e+01	-4.393335e+01
6.290000e-06	-3.253024e-06	-7.180482e-10	-2.262504e+01	-4.422922e+01
6.300000e-06	-3.290445e-06	-7.228476e-10	-2.288530e+01	-4.451870e+01
6.310000e-06	-3.327440e-06	-7.314549e-10	-2.314261e+01	-4.480184e+01
6.320000e-06	-3.364188e-06	-7.394906e-10	-2.339819e+01	-4.507868e+01
6.330000e-06	-3.400746e-06	-7.451859e-10	-2.365245e+01	-4.534921e+01
6.340000e-06	-3.437131e-06	-7.482922e-10	-2.390551e+01	-4.561342e+01
6.350000e-06	-3.473324e-06	-7.484435e-10	-2.415723e+01	-4.587128e+01
6.360000e-06	-3.509361e-06	-7.480015e-10	-2.440788e+01	-4.612275e+01
6.370000e-06	-3.545263e-06	-7.515316e-10	-2.465758e+01	-4.636776e+01
6.380000e-06	-3.580942e-06	-7.590086e-10	-2.490573e+01	-4.660626e+01
6.390000e-06	-3.616411e-06	-7.656505e-10	-2.515242e+01	-4.683818e+01
6.400000e-06	-3.651674e-06	-7.707795e-10	-2.539767e+01	-4.706343e+01
6.410000e-06	-3.686625e-06	-7.754574e-10	-2.564076e+01	-4.728195e+01
6.420000e-06	-3.721265e-06	-7.807970e-10	-2.588169e+01	-4.749367e+01
6.430000e-06	-3.755715e-06	-7.854680e-10	-2.612129e+01	-4.769851e+01
6.440000e-06	-3.789985e-06	-7.883814e-10	-2.635964e+01	-4.789643e+01
6.450000e-06	-3.823949e-06	-7.887278e-10	-2.659586e+01	-4.808736e+01
6.460000e-06	-3.857551e-06	-7.872641e-10	-2.682957e+01	-4.827128e+01
6.470000e-06	-3.890907e-06	-7.869368e-10	-2.706156e+01	-4.844817e+01
6.480000e-06	-3.923998e-06	-7.916297e-10	-2.729171e+01	-4.861800e+01
6.490000e-06	-3.956753e-06	-7.992355e-10	-2.751952e+01	-4.878080e+01
6.500000e-06	-3.989247e-06	-8.061310e-10	-2.774552e+01	-4.893658e+01
6.510000e-06	-4.021579e-06	-8.102575e-10	-2.797039e+01	-4.908539e+01
6.520000e-06	-4.053756e-06	-8.112511e-10	-2.819419e+01	-4.922729e+01
6.530000e-06	-4.085737e-06	-8.105073e-10	-2.841661e+01	-4.936236e+01
6.540000e-06	-4.117436e-06	-8.086430e-10	-2.863708e+01	-4.949071e+01
6.550000e-06	-4.148871e-06	-8.055307e-10	-2.885572e+01	-4.961245e+01
6.560000e-06	-4.179983e-06	-8.058643e-10	-2.907211e+01	-4.972772e+01
6.570000e-06	-4.210488e-06	-8.110345e-10	-2.928427e+01	-4.983668e+01
6.580000e-06	-4.240412e-06	-8.166816e-10	-2.949240e+01	-4.993951e+01
6.590000e-06	-4.269937e-06	-8.216767e-10	-2.969774e+01	-5.003639e+01
6.600000e-06	-4.299012e-06	-8.266042e-10	-2.989996e+01	-5.012753e+01
6.610000e-06	-4.327694e-06	-8.287021e-10	-3.009945e+01	-5.021314e+01
6.620000e-06	-4.356151e-06	-8.267802e-10	-3.029737e+01	-5.029347e+01
6.630000e-06	-4.384445e-06	-8.246714e-10	-3.049415e+01	-5.036875e+01
6.640000e-06	-4.412541e-06	-8.229874e-10	-3.068957e+01	-5.043922e+01
6.650000e-06	-4.440424e-06	-8.208914e-10	-3.088349e+01	-5.050516e+01
6.660000e-06	-4.468060e-06	-8.218064e-10	-3.107571e+01	-5.056683e+01
6.670000e-06	-4.495330e-06	-8.251491e-10	-3.126536e+01	-5.062448e+01
6.680000e-06	-4.522305e-06	-8.280225e-10	-3.145298e+01	-5.067840e+01
6.690000e-06	-4.549011e-06	-8.309940e-10	-3.163873e+01	-5.072883e+01
6.700000e-06	-4.575291e-06	-8.323495e-10	-3.182150e+01	-5.077607e+01
6.710000e-06	-4.601207e-06	-8.299980e-10	-3.200175e+01	-5.082035e+01
6.720000e-06	-4.626869e-06	-8.266026e-10	-3.218023e+01	-5.086195e+01
6.730000e-06	-4.652252e-06	-8.232767e-10	-3.235677e+01	-5.090112e+01
6.740000e-06	-4.677319e-06	-8.197771e-10	-3.253111e+01	-5.093808e+01
6.750000e-06	-4.702078e-06	-8.180001e-10	-3.270331e+01	-5.097308e+01
6.760000e-06	-4.726573e-06	-8.180858e-10	-3.287368e+01	-5.100633e+01
6.770000e-06	-4.750848e-06	-8.180258e-10	-3.304252e+01	-5.103805e+01
6.780000e-06	-4.774899e-06	-8.171929e-10	-3.320979e+01	-5.106843e+01
6.790000e-06	-4.798571e-06	-8.182309e-10	-3.337443e+01	-5.109765e+01
6.800000e-06	-4.821899e-06	-8.196819e-10	-3.353668e+01	-5.112587e+01
6.810000e-06	-4.844823e-06	-8.194647e-10	-3.369612e+01	-5.115326e+01
6.820000e-06	-4.867202e-06	-8.203461e-10	-3.385177e+01	-5.117994e+01
6.830000e-06	-4.889047e-06	-8.214303e-10	-3.400370e+01	-5.120604e+01
6.840000e-06	-4.910304e-06	-8.222655e-10	-3.415155e+01	-5.123166e+01
6.850000e-06	-4.931103e-06	-8.236016e-10	-3.429620e+01	-5.125690e+01
6.860000e-06	-4.951612e-06	-8.230639e-10	-3.443884e+01	-5.128183e+01
6.870000e-06	-4.971896e-06	-8.211413e-10	-3.457992e+01	-5.130651e+01
6.880000e-06	-4.991964e-06	-8.200089e-10	-3.471950e+01	-5.133099e+01
6.890000e-06	-5.011766e-06	-8.182386e-10	-3.485722e+01	-5.135531e+01
6.900000e-06	-5.031206e-06	-8.155507e-10	-3.499243e+01	-5.137949e+01
6.910000e-06	-5.050251e-06	-8.144497e-10	-3.512489e+01	-5.140353e+01
6.920000e-06	-5.068894e-06	-8.147961e-10	-3.525455e+01	-5.142744e+01
6.930000e-06	-5.087286e-06	-8.160065e-10	-3.538247e+01	-5.145121e+01
6.940000e-06	-5.105474e-06	-8.171651e-10	-3.550896e+01	-5.147482e+01
6.950000e-06	-5.123327e-06	-8.185211e-10	-3.563314e+01	-5.149824e+01
6.960000e-06	-5.140807e-06	-8.183071e-10	-3.575471e+01	-5.152143e+01
6.970000e-06	-5.157824e-06	-8.163200e-10	-3.587307e+01	-5.154437e+01
6.980000e-06	-5.174501e-06	-8.155549e-10	-3.598906e+01	-5.156700e+01
6.990000e-06	-5.191020e-06	-8.153394e-10	-3.610394e+01	-5.158928e+01
7.000000e-06	-5.207286e-06	-8.152830e-10	-3.621708e+01	-5.161115e+01
7.010000e-06	-5.223197e-06	-8.160980e-10	-3.632774e+01	-5.163257e+01
7.020000e-06	-5.238771e-06	-8.165990e-10	-3.643606e+01	-5.165348e+01
7.030000e-06	-5.253828e-06	-8.144767e-10	-3.654078e+01	-5.167382e+01
7.040000e-06	-5.268167e-06	-8.105924e-10	-3.664051e+01	-5.169355e+01
7.050000e-06	-5.281879e-06	-8.034649e-10	-3.673588e+01	-5.171261e+01
7.060000e-06	-5.295070e-06	-7.959259e-10	-3.682762e+01	-5.173096e+01
7.070000e-06	-5.307840e-06	-7.889868e-10	-3.691644e+01	-5.174854e+01
7.080000e-06	-5.320298e-06	-7.875866e-10	-3.700308e+01	-5.176531e+01
7.090000e-06	-5.332368e-06	-7.945224e-10	-3.708703e+01	-5.178124e+01
7.100000e-06	-5.343981e-06	-8.017079e-10	-3.716780e+01	-5.179627e+01
7.110000e-06	-5.355228e-06	-8.054289e-10	-3.724602e+01	-5.181037e+01
7.120000e-06	-5.366130e-06	-8.039969e-10	-3.732185e+01	-5.182352e+01
7.130000e-06	-5.376676e-06	-7.990073e-10	-3.739519e+01	-5.183568e+01
7.140000e-06	-5.386838e-06	-7.909695e-10	-3.746588e+01	-5.184684e+01
7.150000e-06	-5.396609e-06	-7.842316e-10	-3.753383e+01	-5.185696e+01
7.160000e-06	-5.405937e-06	-7.816145e-10	-3.759871e+01	-5.186603e+01
7.170000e-06	-5.414863e-06	-7.845741e-10	-3.766079e+01	-5.187403e+01
7.180000e-06	-5.423503e-06	-7.884921e-10	-3.772089e+01	-5.188096e+01
7.190000e-06	-5.431869e-06	-7.897201e-10	-3.777907e+01	-5.188680e+01
7.200000e-06	-5.439984e-06	-7.909086e-10	-3.783551e+01	-5.189154e+01
7.210000e-06	-5.447823e-06	-7.891558e-10	-3.789003e+01	-5.189519e+01
7.220000e-06	-5.455264e-06	-7.863313e-10	-3.794178e+01	-5.189772e+01
7.230000e-06	-5.462135e-06	-7.859223e-10	-3.798957e+01	-5.189914e+01
7.240000e-06	-5.468471e-06	-7.880517e-10	-3.803364e+01	-5.189946e+01
7.250000e-06	-5.474334e-06	-7.901884e-10	-3.807442e+01	-5.189865e+01
7.260000e-06	-5.479608e-06	-7.887208e-10	-3.811109e+01	-5.189673e+01
7.270000e-06	-5.484400e-06	-7.868118e-10	-3.814443e+01	-5.189370e+01
7.280000e-06	-5.488861e-06	-7.838301e-10	-3.817545e+01	-5.188954e+01
7.290000e-06	-5.493049e-06	-7.811919e-10	-3.820458e+01	-5.188426e+01
7.300000e-06	-5.496984e-06	-7.809272e-10	-3.823195e+01	-5.187785e+01
7.310000e-06	-5.500549e-06	-7.816383e-10	-3.825674e+01	-5.187032e+01
7.320000e-06	-5.503741e-06	-7.826903e-10	-3.827894e+01	-5.186166e+01
7.330000e-06	-5.506556e-06	-7.823092e-10	-3.829853e+01	-5.185187e+01
7.340000e-06	-5.509025e-06	-7.806181e-10	-3.831569e+01	-5.184093e+01
7.350000e-06	-5.511233e-06	-7.771376e-10	-3.833105e+01	-5.182885e+01
7.360000e-06	-5.513101e-06	-7.742863e-10	-3.834404e+01	-5.181562e+01
7.370000e-06	-5.514447e-06	-7.725542e-10	-3.835340e+01	-5.180123e+01
7.380000e-06	-5.515435e-06	-7.723445e-10	-3.836027e+01	-5.178568e+01
7.390000e-06	-5.516210e-06	-7.737781e-10	-3.836567e+01	-5.176896e+01
7.400000e-06	-5.516695e-06	-7.749950e-10	-3.836904e+01	-5.175107e+01
