# Temperatura_=_4.2
# Concentracion g/m^3_=_1620.0
# C_Vs_to_Am_M_A/Vsm_=_65563218390.804596
# pendiente_HvsI_1/m_=_3716.3
# ordenada_HvsI_A/m_=_1297.0
# frecuencia_Hz_=_135105.39878696282

Tiempo_(s)	Campo_(V.s)	Magnetizacion_(V.s)	Campo_(kA/m)	Magnetizacion_(A/m)
0.000000e+00	-5.526827e-06	-7.977011e-10	-3.837887e+01	-5.388626e+01
1.000000e-08	-5.526906e-06	-7.976197e-10	-3.837942e+01	-5.385868e+01
2.000000e-08	-5.526700e-06	-7.987134e-10	-3.837798e+01	-5.383047e+01
3.000000e-08	-5.526081e-06	-8.004332e-10	-3.837369e+01	-5.380163e+01
4.000000e-08	-5.524885e-06	-7.996226e-10	-3.836538e+01	-5.377217e+01
5.000000e-08	-5.523190e-06	-7.955992e-10	-3.835361e+01	-5.374208e+01
6.000000e-08	-5.521006e-06	-7.833502e-10	-3.833844e+01	-5.371131e+01
7.000000e-08	-5.518261e-06	-7.608957e-10	-3.831938e+01	-5.367985e+01
8.000000e-08	-5.514917e-06	-7.592756e-10	-3.829616e+01	-5.364765e+01
9.000000e-08	-5.511031e-06	-8.175672e-10	-3.826917e+01	-5.361466e+01
1.000000e-07	-5.506764e-06	-8.512947e-10	-3.823955e+01	-5.358083e+01
1.100000e-07	-5.502296e-06	-7.955542e-10	-3.820852e+01	-5.354608e+01
1.200000e-07	-5.497707e-06	-7.258836e-10	-3.817665e+01	-5.351036e+01
1.300000e-07	-5.492823e-06	-7.582584e-10	-3.814274e+01	-5.347359e+01
1.400000e-07	-5.487469e-06	-8.049354e-10	-3.810556e+01	-5.343571e+01
1.500000e-07	-5.481695e-06	-7.679337e-10	-3.806546e+01	-5.339665e+01
1.600000e-07	-5.475604e-06	-7.172963e-10	-3.802317e+01	-5.335633e+01
1.700000e-07	-5.469145e-06	-7.794868e-10	-3.797832e+01	-5.331469e+01
1.800000e-07	-5.462237e-06	-8.448459e-10	-3.793035e+01	-5.327166e+01
1.900000e-07	-5.454987e-06	-8.226894e-10	-3.788000e+01	-5.322719e+01
2.000000e-07	-5.447365e-06	-7.545634e-10	-3.782707e+01	-5.318121e+01
2.100000e-07	-5.439447e-06	-7.660663e-10	-3.777209e+01	-5.313368e+01
2.200000e-07	-5.431346e-06	-8.065925e-10	-3.771584e+01	-5.308457e+01
2.300000e-07	-5.422986e-06	-8.063281e-10	-3.765778e+01	-5.303382e+01
2.400000e-07	-5.414200e-06	-7.909815e-10	-3.759677e+01	-5.298142e+01
2.500000e-07	-5.404565e-06	-8.052342e-10	-3.752987e+01	-5.292734e+01
2.600000e-07	-5.394133e-06	-8.194113e-10	-3.745743e+01	-5.287158e+01
2.700000e-07	-5.383215e-06	-7.950866e-10	-3.738161e+01	-5.281413e+01
2.800000e-07	-5.371852e-06	-7.822639e-10	-3.730270e+01	-5.275499e+01
2.900000e-07	-5.360111e-06	-7.994986e-10	-3.722117e+01	-5.269418e+01
3.000000e-07	-5.348043e-06	-8.161685e-10	-3.713737e+01	-5.263172e+01
3.100000e-07	-5.335584e-06	-7.903492e-10	-3.705085e+01	-5.256762e+01
3.200000e-07	-5.322615e-06	-7.789457e-10	-3.696080e+01	-5.250192e+01
3.300000e-07	-5.309181e-06	-7.828425e-10	-3.686751e+01	-5.243467e+01
3.400000e-07	-5.295409e-06	-7.987776e-10	-3.677188e+01	-5.236588e+01
3.500000e-07	-5.281360e-06	-7.721371e-10	-3.667432e+01	-5.229561e+01
3.600000e-07	-5.266892e-06	-7.668570e-10	-3.657385e+01	-5.222391e+01
3.700000e-07	-5.251934e-06	-7.887831e-10	-3.646998e+01	-5.215081e+01
3.800000e-07	-5.236371e-06	-8.043353e-10	-3.636191e+01	-5.207636e+01
3.900000e-07	-5.220222e-06	-7.672624e-10	-3.624977e+01	-5.200060e+01
4.000000e-07	-5.203772e-06	-7.681371e-10	-3.613554e+01	-5.192357e+01
4.100000e-07	-5.186970e-06	-7.968000e-10	-3.601887e+01	-5.184532e+01
4.200000e-07	-5.169780e-06	-7.783917e-10	-3.589949e+01	-5.176586e+01
4.300000e-07	-5.152297e-06	-7.497772e-10	-3.577809e+01	-5.168523e+01
4.400000e-07	-5.134568e-06	-7.930962e-10	-3.565498e+01	-5.160345e+01
4.500000e-07	-5.116424e-06	-8.087834e-10	-3.552899e+01	-5.152053e+01
4.600000e-07	-5.097743e-06	-7.556095e-10	-3.539926e+01	-5.143648e+01
4.700000e-07	-5.078656e-06	-7.526986e-10	-3.526672e+01	-5.135128e+01
4.800000e-07	-5.059290e-06	-7.917141e-10	-3.513224e+01	-5.126494e+01
4.900000e-07	-5.039673e-06	-7.657020e-10	-3.499602e+01	-5.117742e+01
5.000000e-07	-5.019826e-06	-7.400322e-10	-3.485820e+01	-5.108871e+01
5.100000e-07	-4.999770e-06	-7.736531e-10	-3.471893e+01	-5.099875e+01
5.200000e-07	-4.979451e-06	-7.651582e-10	-3.457783e+01	-5.090751e+01
5.300000e-07	-4.958730e-06	-7.360262e-10	-3.443394e+01	-5.081492e+01
5.400000e-07	-4.937621e-06	-7.694441e-10	-3.428735e+01	-5.072094e+01
5.500000e-07	-4.916189e-06	-7.856137e-10	-3.413853e+01	-5.062548e+01
5.600000e-07	-4.894329e-06	-7.350990e-10	-3.398673e+01	-5.052848e+01
5.700000e-07	-4.872137e-06	-7.353687e-10	-3.383263e+01	-5.042985e+01
5.800000e-07	-4.849695e-06	-7.627500e-10	-3.367679e+01	-5.032952e+01
5.900000e-07	-4.826894e-06	-7.347246e-10	-3.351846e+01	-5.022740e+01
6.000000e-07	-4.803736e-06	-7.148214e-10	-3.335764e+01	-5.012340e+01
6.100000e-07	-4.780273e-06	-7.468206e-10	-3.319472e+01	-5.001743e+01
6.200000e-07	-4.756505e-06	-7.346587e-10	-3.302967e+01	-4.990943e+01
6.300000e-07	-4.732517e-06	-7.109294e-10	-3.286310e+01	-4.979929e+01
6.400000e-07	-4.708371e-06	-7.311921e-10	-3.269542e+01	-4.968696e+01
6.500000e-07	-4.683902e-06	-7.398314e-10	-3.252550e+01	-4.957236e+01
6.600000e-07	-4.659040e-06	-7.143471e-10	-3.235286e+01	-4.945542e+01
6.700000e-07	-4.633712e-06	-7.189062e-10	-3.217699e+01	-4.933611e+01
6.800000e-07	-4.607774e-06	-7.276699e-10	-3.199687e+01	-4.921437e+01
6.900000e-07	-4.581221e-06	-7.117042e-10	-3.181248e+01	-4.909018e+01
7.000000e-07	-4.554194e-06	-7.062891e-10	-3.162480e+01	-4.896351e+01
7.100000e-07	-4.526821e-06	-7.185186e-10	-3.143472e+01	-4.883437e+01
7.200000e-07	-4.499146e-06	-7.115277e-10	-3.124254e+01	-4.870276e+01
7.300000e-07	-4.471270e-06	-7.079176e-10	-3.104897e+01	-4.856870e+01
7.400000e-07	-4.443233e-06	-7.187122e-10	-3.085428e+01	-4.843224e+01
7.500000e-07	-4.414993e-06	-7.165682e-10	-3.065817e+01	-4.829343e+01
7.600000e-07	-4.386493e-06	-7.064670e-10	-3.046026e+01	-4.815234e+01
7.700000e-07	-4.357712e-06	-7.093425e-10	-3.026041e+01	-4.800904e+01
7.800000e-07	-4.328629e-06	-7.079954e-10	-3.005846e+01	-4.786364e+01
7.900000e-07	-4.299174e-06	-7.026175e-10	-2.985391e+01	-4.771625e+01
8.000000e-07	-4.269367e-06	-7.085121e-10	-2.964693e+01	-4.756699e+01
8.100000e-07	-4.239271e-06	-7.113724e-10	-2.943794e+01	-4.741599e+01
8.200000e-07	-4.208962e-06	-7.056980e-10	-2.922747e+01	-4.726339e+01
8.300000e-07	-4.178341e-06	-7.041884e-10	-2.901484e+01	-4.710936e+01
8.400000e-07	-4.147413e-06	-7.084028e-10	-2.880007e+01	-4.695404e+01
8.500000e-07	-4.116213e-06	-7.023760e-10	-2.858341e+01	-4.679759e+01
8.600000e-07	-4.084770e-06	-6.981091e-10	-2.836507e+01	-4.664019e+01
8.700000e-07	-4.053177e-06	-7.000772e-10	-2.814569e+01	-4.648200e+01
8.800000e-07	-4.021391e-06	-6.997401e-10	-2.792496e+01	-4.632318e+01
8.900000e-07	-3.989381e-06	-6.949981e-10	-2.770268e+01	-4.616389e+01
9.000000e-07	-3.957081e-06	-6.953700e-10	-2.747839e+01	-4.600428e+01
9.100000e-07	-3.924519e-06	-6.902676e-10	-2.725227e+01	-4.584449e+01
9.200000e-07	-3.891614e-06	-6.825845e-10	-2.702378e+01	-4.568467e+01
9.300000e-07	-3.858247e-06	-6.823482e-10	-2.679207e+01	-4.552492e+01
9.400000e-07	-3.824423e-06	-6.876014e-10	-2.655719e+01	-4.536535e+01
9.500000e-07	-3.790153e-06	-6.852080e-10	-2.631922e+01	-4.520605e+01
9.600000e-07	-3.755424e-06	-6.849070e-10	-2.607806e+01	-4.504708e+01
9.700000e-07	-3.720325e-06	-6.861940e-10	-2.583433e+01	-4.488848e+01
9.800000e-07	-3.684961e-06	-6.806109e-10	-2.558875e+01	-4.473028e+01
9.900000e-07	-3.649347e-06	-6.715323e-10	-2.534145e+01	-4.457246e+01
1.000000e-06	-3.613576e-06	-6.693195e-10	-2.509305e+01	-4.441501e+01
1.010000e-06	-3.577708e-06	-6.676084e-10	-2.484398e+01	-4.425786e+01
1.020000e-06	-3.541719e-06	-6.666873e-10	-2.459407e+01	-4.410094e+01
1.030000e-06	-3.505547e-06	-6.692379e-10	-2.434288e+01	-4.394412e+01
1.040000e-06	-3.469172e-06	-6.707111e-10	-2.409029e+01	-4.378726e+01
1.050000e-06	-3.432584e-06	-6.648001e-10	-2.383623e+01	-4.363021e+01
1.060000e-06	-3.395736e-06	-6.578031e-10	-2.358035e+01	-4.347276e+01
1.070000e-06	-3.358626e-06	-6.539598e-10	-2.332265e+01	-4.331470e+01
1.080000e-06	-3.321276e-06	-6.493842e-10	-2.306329e+01	-4.315577e+01
1.090000e-06	-3.283640e-06	-6.458617e-10	-2.280194e+01	-4.299570e+01
1.100000e-06	-3.245679e-06	-6.430462e-10	-2.253834e+01	-4.283421e+01
1.110000e-06	-3.207544e-06	-6.394317e-10	-2.227352e+01	-4.267097e+01
1.120000e-06	-3.169292e-06	-6.343939e-10	-2.200790e+01	-4.250566e+01
1.130000e-06	-3.130814e-06	-6.315448e-10	-2.174070e+01	-4.233793e+01
1.140000e-06	-3.092036e-06	-6.273064e-10	-2.147142e+01	-4.216740e+01
1.150000e-06	-3.053039e-06	-6.222556e-10	-2.120063e+01	-4.199372e+01
1.160000e-06	-3.013933e-06	-6.186422e-10	-2.092906e+01	-4.181649e+01
1.170000e-06	-2.974606e-06	-6.184120e-10	-2.065598e+01	-4.163532e+01
1.180000e-06	-2.935064e-06	-6.170773e-10	-2.038139e+01	-4.144984e+01
1.190000e-06	-2.895374e-06	-6.146060e-10	-2.010578e+01	-4.125963e+01
1.200000e-06	-2.855607e-06	-6.113817e-10	-1.982964e+01	-4.106433e+01
1.210000e-06	-2.815797e-06	-6.076738e-10	-1.955319e+01	-4.086355e+01
1.220000e-06	-2.775789e-06	-6.022301e-10	-1.927537e+01	-4.065691e+01
1.230000e-06	-2.735521e-06	-5.992703e-10	-1.899575e+01	-4.044407e+01
1.240000e-06	-2.695030e-06	-5.960624e-10	-1.871457e+01	-4.022466e+01
1.250000e-06	-2.654328e-06	-5.915070e-10	-1.843193e+01	-3.999836e+01
1.260000e-06	-2.613371e-06	-5.883610e-10	-1.814752e+01	-3.976487e+01
1.270000e-06	-2.572192e-06	-5.862745e-10	-1.786157e+01	-3.952389e+01
1.280000e-06	-2.530729e-06	-5.804282e-10	-1.757364e+01	-3.927516e+01
1.290000e-06	-2.488908e-06	-5.733160e-10	-1.728324e+01	-3.901843e+01
1.300000e-06	-2.446842e-06	-5.668880e-10	-1.699113e+01	-3.875349e+01
1.310000e-06	-2.404471e-06	-5.614315e-10	-1.669690e+01	-3.848015e+01
1.320000e-06	-2.361839e-06	-5.561733e-10	-1.640086e+01	-3.819823e+01
1.330000e-06	-2.318991e-06	-5.553066e-10	-1.610332e+01	-3.790760e+01
1.340000e-06	-2.275882e-06	-5.553808e-10	-1.580397e+01	-3.760814e+01
1.350000e-06	-2.232625e-06	-5.519128e-10	-1.550358e+01	-3.729977e+01
1.360000e-06	-2.189177e-06	-5.457934e-10	-1.520187e+01	-3.698242e+01
1.370000e-06	-2.145551e-06	-5.380095e-10	-1.489893e+01	-3.665604e+01
1.380000e-06	-2.101883e-06	-5.312027e-10	-1.459570e+01	-3.632063e+01
1.390000e-06	-2.058136e-06	-5.249388e-10	-1.429191e+01	-3.597616e+01
1.400000e-06	-2.014283e-06	-5.184982e-10	-1.398739e+01	-3.562267e+01
1.410000e-06	-1.970366e-06	-5.128554e-10	-1.368243e+01	-3.526018e+01
1.420000e-06	-1.926379e-06	-5.092165e-10	-1.337698e+01	-3.488874e+01
1.430000e-06	-1.882277e-06	-5.051907e-10	-1.307073e+01	-3.450838e+01
1.440000e-06	-1.838049e-06	-5.008812e-10	-1.276360e+01	-3.411918e+01
1.450000e-06	-1.793744e-06	-4.954118e-10	-1.245595e+01	-3.372118e+01
1.460000e-06	-1.749336e-06	-4.895862e-10	-1.214757e+01	-3.331445e+01
1.470000e-06	-1.704800e-06	-4.820654e-10	-1.183831e+01	-3.289905e+01
1.480000e-06	-1.660086e-06	-4.735402e-10	-1.152781e+01	-3.247501e+01
1.490000e-06	-1.615167e-06	-4.652242e-10	-1.121589e+01	-3.204239e+01
1.500000e-06	-1.570175e-06	-4.602233e-10	-1.090346e+01	-3.160119e+01
1.510000e-06	-1.525192e-06	-4.552970e-10	-1.059109e+01	-3.115143e+01
1.520000e-06	-1.480107e-06	-4.489758e-10	-1.027802e+01	-3.069311e+01
1.530000e-06	-1.434833e-06	-4.413101e-10	-9.963629e+00	-3.022617e+01
1.540000e-06	-1.389436e-06	-4.322278e-10	-9.648390e+00	-2.975058e+01
1.550000e-06	-1.343932e-06	-4.223074e-10	-9.332402e+00	-2.926624e+01
1.560000e-06	-1.298336e-06	-4.129337e-10	-9.015782e+00	-2.877305e+01
1.570000e-06	-1.252633e-06	-4.046011e-10	-8.698416e+00	-2.827087e+01
1.580000e-06	-1.206783e-06	-3.986956e-10	-8.380029e+00	-2.775953e+01
1.590000e-06	-1.160824e-06	-3.928547e-10	-8.060883e+00	-2.723883e+01
1.600000e-06	-1.114826e-06	-3.855320e-10	-7.741471e+00	-2.670855e+01
1.610000e-06	-1.068804e-06	-3.746687e-10	-7.421887e+00	-2.616843e+01
1.620000e-06	-1.022698e-06	-3.648312e-10	-7.101721e+00	-2.561819e+01
1.630000e-06	-9.765586e-07	-3.547733e-10	-6.781325e+00	-2.505751e+01
1.640000e-06	-9.303611e-07	-3.419383e-10	-6.460525e+00	-2.448606e+01
1.650000e-06	-8.840179e-07	-3.318923e-10	-6.138713e+00	-2.390349e+01
1.660000e-06	-8.376086e-07	-3.238765e-10	-5.816442e+00	-2.330942e+01
1.670000e-06	-7.910530e-07	-3.162259e-10	-5.493155e+00	-2.270345e+01
1.680000e-06	-7.444216e-07	-3.084906e-10	-5.169342e+00	-2.208519e+01
1.690000e-06	-6.978902e-07	-3.018769e-10	-4.846223e+00	-2.145423e+01
1.700000e-06	-6.513622e-07	-2.912128e-10	-4.523127e+00	-2.081013e+01
1.710000e-06	-6.047385e-07	-2.752814e-10	-4.199368e+00	-2.015251e+01
1.720000e-06	-5.580914e-07	-2.596025e-10	-3.875446e+00	-1.948094e+01
1.730000e-06	-5.114256e-07	-2.481186e-10	-3.551393e+00	-1.879503e+01
1.740000e-06	-4.646024e-07	-2.393180e-10	-3.226248e+00	-1.809440e+01
1.750000e-06	-4.177586e-07	-2.318850e-10	-2.900959e+00	-1.737871e+01
1.760000e-06	-3.709923e-07	-2.234851e-10	-2.576209e+00	-1.664761e+01
1.770000e-06	-3.242426e-07	-2.151911e-10	-2.251575e+00	-1.590083e+01
1.780000e-06	-2.774759e-07	-2.037273e-10	-1.926822e+00	-1.513809e+01
1.790000e-06	-2.306194e-07	-1.865922e-10	-1.601445e+00	-1.435921e+01
1.800000e-06	-1.837913e-07	-1.686247e-10	-1.276266e+00	-1.356401e+01
1.810000e-06	-1.369812e-07	-1.528148e-10	-9.512116e-01	-1.275239e+01
1.820000e-06	-9.005457e-08	-1.389831e-10	-6.253484e-01	-1.192432e+01
1.830000e-06	-4.306644e-08	-1.271687e-10	-2.990578e-01	-1.107980e+01
1.840000e-06	3.839236e-09	-1.163762e-10	2.666006e-02	-1.021894e+01
1.850000e-06	5.065707e-08	-1.071509e-10	3.517680e-01	-9.341885e+00
1.860000e-06	9.748762e-08	-9.574166e-11	6.769642e-01	-8.448875e+00
1.870000e-06	1.443383e-07	-8.094609e-11	1.002301e+00	-7.540222e+00
1.880000e-06	1.911901e-07	-6.535936e-11	1.327644e+00	-6.616315e+00
1.890000e-06	2.380274e-07	-4.966838e-11	1.652887e+00	-5.677627e+00
1.900000e-06	2.848641e-07	-3.479987e-11	1.978126e+00	-4.724708e+00
1.910000e-06	3.316436e-07	-2.071885e-11	2.302968e+00	-3.758189e+00
1.920000e-06	3.784207e-07	-9.405818e-12	2.627793e+00	-2.778784e+00
1.930000e-06	4.252570e-07	1.015536e-12	2.953029e+00	-1.787282e+00
1.940000e-06	4.720538e-07	1.030954e-11	3.277991e+00	-7.845487e-01
1.950000e-06	5.187441e-07	2.079354e-11	3.602214e+00	2.284746e-01
1.960000e-06	5.653255e-07	3.365563e-11	3.925679e+00	1.250778e+00
1.970000e-06	6.118544e-07	4.922129e-11	4.248781e+00	2.281286e+00
1.980000e-06	6.583670e-07	6.754607e-11	4.571769e+00	3.318861e+00
1.990000e-06	7.047932e-07	8.664233e-11	4.894158e+00	4.362308e+00
2.000000e-06	7.511551e-07	1.030820e-10	5.216100e+00	5.410385e+00
2.010000e-06	7.974932e-07	1.148758e-10	5.537876e+00	6.461804e+00
2.020000e-06	8.437948e-07	1.240762e-10	5.859400e+00	7.515239e+00
2.030000e-06	8.900722e-07	1.344504e-10	6.180755e+00	8.569336e+00
2.040000e-06	9.362865e-07	1.477066e-10	6.501672e+00	9.622718e+00
2.050000e-06	9.823991e-07	1.633881e-10	6.821882e+00	1.067399e+01
2.060000e-06	1.028454e-06	1.796417e-10	7.141691e+00	1.172176e+01
2.070000e-06	1.074391e-06	1.960549e-10	7.460682e+00	1.276463e+01
2.080000e-06	1.120247e-06	2.099118e-10	7.779110e+00	1.380120e+01
2.090000e-06	1.166063e-06	2.210164e-10	8.097267e+00	1.483011e+01
2.100000e-06	1.211772e-06	2.329957e-10	8.414675e+00	1.585001e+01
2.110000e-06	1.257433e-06	2.461659e-10	8.731744e+00	1.685960e+01
2.120000e-06	1.303041e-06	2.587140e-10	9.048450e+00	1.785760e+01
2.130000e-06	1.348537e-06	2.708565e-10	9.364379e+00	1.884280e+01
2.140000e-06	1.393952e-06	2.831513e-10	9.679746e+00	1.981402e+01
2.150000e-06	1.439307e-06	2.936449e-10	9.994695e+00	2.077017e+01
2.160000e-06	1.484505e-06	3.042476e-10	1.030856e+01	2.171022e+01
2.170000e-06	1.529532e-06	3.165859e-10	1.062123e+01	2.263320e+01
2.180000e-06	1.574431e-06	3.297602e-10	1.093301e+01	2.353824e+01
2.190000e-06	1.619285e-06	3.436376e-10	1.124448e+01	2.442455e+01
2.200000e-06	1.663992e-06	3.562481e-10	1.155493e+01	2.529141e+01
2.210000e-06	1.708542e-06	3.678380e-10	1.186429e+01	2.613822e+01
2.220000e-06	1.753007e-06	3.792622e-10	1.217306e+01	2.696444e+01
2.230000e-06	1.797277e-06	3.880223e-10	1.248048e+01	2.776967e+01
2.240000e-06	1.841380e-06	3.955196e-10	1.278674e+01	2.855355e+01
2.250000e-06	1.885438e-06	4.038118e-10	1.309268e+01	2.931586e+01
2.260000e-06	1.929468e-06	4.126682e-10	1.339843e+01	3.005647e+01
2.270000e-06	1.973433e-06	4.207002e-10	1.370373e+01	3.077532e+01
2.280000e-06	2.017351e-06	4.294216e-10	1.400870e+01	3.147247e+01
2.290000e-06	2.061207e-06	4.387307e-10	1.431324e+01	3.214804e+01
2.300000e-06	2.104977e-06	4.494288e-10	1.461718e+01	3.280228e+01
2.310000e-06	2.148640e-06	4.599769e-10	1.492038e+01	3.343547e+01
2.320000e-06	2.192199e-06	4.678538e-10	1.522286e+01	3.404800e+01
2.330000e-06	2.235672e-06	4.744461e-10	1.552474e+01	3.464033e+01
2.340000e-06	2.279012e-06	4.821306e-10	1.582570e+01	3.521298e+01
2.350000e-06	2.322136e-06	4.901331e-10	1.612516e+01	3.576652e+01
2.360000e-06	2.365067e-06	4.960095e-10	1.642328e+01	3.630160e+01
2.370000e-06	2.407804e-06	5.018028e-10	1.672004e+01	3.681889e+01
2.380000e-06	2.450177e-06	5.096411e-10	1.701429e+01	3.731912e+01
2.390000e-06	2.492047e-06	5.197829e-10	1.730504e+01	3.780304e+01
2.400000e-06	2.533480e-06	5.306899e-10	1.759275e+01	3.827142e+01
2.410000e-06	2.574691e-06	5.415858e-10	1.787892e+01	3.872507e+01
2.420000e-06	2.615653e-06	5.510255e-10	1.816337e+01	3.916480e+01
2.430000e-06	2.656343e-06	5.571059e-10	1.844593e+01	3.959141e+01
2.440000e-06	2.696874e-06	5.615625e-10	1.872738e+01	4.000570e+01
2.450000e-06	2.737244e-06	5.657369e-10	1.900771e+01	4.040849e+01
2.460000e-06	2.777459e-06	5.707757e-10	1.928697e+01	4.080054e+01
2.470000e-06	2.817499e-06	5.781960e-10	1.956501e+01	4.118261e+01
2.480000e-06	2.857428e-06	5.855301e-10	1.984228e+01	4.155543e+01
2.490000e-06	2.897273e-06	5.922104e-10	2.011897e+01	4.191969e+01
2.500000e-06	2.936966e-06	6.003985e-10	2.039460e+01	4.227605e+01
2.510000e-06	2.976471e-06	6.080957e-10	2.066893e+01	4.262510e+01
2.520000e-06	3.015783e-06	6.132671e-10	2.094192e+01	4.296742e+01
2.530000e-06	3.054881e-06	6.178518e-10	2.121341e+01	4.330352e+01
2.540000e-06	3.093693e-06	6.220755e-10	2.148293e+01	4.363385e+01
2.550000e-06	3.132211e-06	6.254762e-10	2.175040e+01	4.395882e+01
2.560000e-06	3.170537e-06	6.292568e-10	2.201654e+01	4.427878e+01
2.570000e-06	3.208668e-06	6.335258e-10	2.228133e+01	4.459401e+01
2.580000e-06	3.246607e-06	6.373303e-10	2.254478e+01	4.490476e+01
2.590000e-06	3.284421e-06	6.433090e-10	2.280736e+01	4.521119e+01
2.600000e-06	3.321996e-06	6.516805e-10	2.306829e+01	4.551344e+01
2.610000e-06	3.359291e-06	6.601950e-10	2.332727e+01	4.581158e+01
2.620000e-06	3.396326e-06	6.678998e-10	2.358445e+01	4.610561e+01
2.630000e-06	3.433075e-06	6.714956e-10	2.383963e+01	4.639553e+01
2.640000e-06	3.469583e-06	6.706407e-10	2.409315e+01	4.668124e+01
2.650000e-06	3.505866e-06	6.689596e-10	2.434510e+01	4.696265e+01
2.660000e-06	3.542007e-06	6.717489e-10	2.459607e+01	4.723959e+01
2.670000e-06	3.578045e-06	6.771014e-10	2.484632e+01	4.751188e+01
2.680000e-06	3.613941e-06	6.836804e-10	2.509558e+01	4.777931e+01
2.690000e-06	3.649725e-06	6.912113e-10	2.534407e+01	4.804165e+01
2.700000e-06	3.685337e-06	6.966798e-10	2.559137e+01	4.829864e+01
2.710000e-06	3.720724e-06	6.989748e-10	2.583710e+01	4.855002e+01
2.720000e-06	3.755888e-06	7.014071e-10	2.608128e+01	4.879550e+01
2.730000e-06	3.790616e-06	7.043797e-10	2.632243e+01	4.903482e+01
2.740000e-06	3.824754e-06	7.070160e-10	2.655949e+01	4.926769e+01
2.750000e-06	3.858345e-06	7.100915e-10	2.679275e+01	4.949385e+01
2.760000e-06	3.891431e-06	7.140382e-10	2.702250e+01	4.971304e+01
2.770000e-06	3.924138e-06	7.171791e-10	2.724963e+01	4.992501e+01
2.780000e-06	3.956585e-06	7.195713e-10	2.747494e+01	5.012955e+01
2.790000e-06	3.988841e-06	7.232470e-10	2.769893e+01	5.032644e+01
2.800000e-06	4.020907e-06	7.265941e-10	2.792160e+01	5.051553e+01
2.810000e-06	4.052782e-06	7.309419e-10	2.814294e+01	5.069667e+01
2.820000e-06	4.084516e-06	7.351586e-10	2.836331e+01	5.086974e+01
2.830000e-06	4.116035e-06	7.371635e-10	2.858218e+01	5.103468e+01
2.840000e-06	4.147271e-06	7.375558e-10	2.879908e+01	5.119144e+01
2.850000e-06	4.178214e-06	7.388260e-10	2.901395e+01	5.134003e+01
2.860000e-06	4.208779e-06	7.392538e-10	2.922620e+01	5.148048e+01
2.870000e-06	4.238978e-06	7.382968e-10	2.943590e+01	5.161288e+01
2.880000e-06	4.268918e-06	7.410219e-10	2.964381e+01	5.173733e+01
2.890000e-06	4.298618e-06	7.456956e-10	2.985005e+01	5.185398e+01
2.900000e-06	4.328034e-06	7.503973e-10	3.005433e+01	5.196305e+01
2.910000e-06	4.357172e-06	7.560240e-10	3.025666e+01	5.206473e+01
2.920000e-06	4.386009e-06	7.598529e-10	3.045690e+01	5.215931e+01
2.930000e-06	4.414511e-06	7.611058e-10	3.065483e+01	5.224706e+01
2.940000e-06	4.442736e-06	7.608508e-10	3.085082e+01	5.232831e+01
2.950000e-06	4.470751e-06	7.617975e-10	3.104536e+01	5.240340e+01
2.960000e-06	4.498641e-06	7.626348e-10	3.123903e+01	5.247270e+01
2.970000e-06	4.526434e-06	7.642672e-10	3.143203e+01	5.253661e+01
2.980000e-06	4.554000e-06	7.670130e-10	3.162345e+01	5.259551e+01
2.990000e-06	4.581227e-06	7.671677e-10	3.181252e+01	5.264982e+01
3.000000e-06	4.607957e-06	7.663537e-10	3.199814e+01	5.269998e+01
3.010000e-06	4.634107e-06	7.673119e-10	3.217972e+01	5.274640e+01
3.020000e-06	4.659695e-06	7.688024e-10	3.235741e+01	5.278951e+01
3.030000e-06	4.684716e-06	7.699299e-10	3.253116e+01	5.282973e+01
3.040000e-06	4.709274e-06	7.716638e-10	3.270169e+01	5.286749e+01
3.050000e-06	4.733476e-06	7.732360e-10	3.286975e+01	5.290318e+01
3.060000e-06	4.757396e-06	7.740956e-10	3.303586e+01	5.293720e+01
3.070000e-06	4.781118e-06	7.738397e-10	3.320058e+01	5.296993e+01
3.080000e-06	4.804650e-06	7.737112e-10	3.336399e+01	5.300171e+01
3.090000e-06	4.827851e-06	7.743755e-10	3.352511e+01	5.303288e+01
3.100000e-06	4.850584e-06	7.755070e-10	3.368296e+01	5.306374e+01
3.110000e-06	4.872947e-06	7.785003e-10	3.383825e+01	5.309457e+01
3.120000e-06	4.895036e-06	7.807966e-10	3.399164e+01	5.312561e+01
3.130000e-06	4.916835e-06	7.810847e-10	3.414302e+01	5.315710e+01
3.140000e-06	4.938215e-06	7.815176e-10	3.429148e+01	5.318920e+01
3.150000e-06	4.959209e-06	7.830274e-10	3.443727e+01	5.322207e+01
3.160000e-06	4.979906e-06	7.858278e-10	3.458099e+01	5.325584e+01
3.170000e-06	5.000239e-06	7.898983e-10	3.472218e+01	5.329060e+01
3.180000e-06	5.020263e-06	7.944361e-10	3.486123e+01	5.332638e+01
3.190000e-06	5.040075e-06	7.968368e-10	3.499881e+01	5.336323e+01
3.200000e-06	5.059764e-06	7.978056e-10	3.513553e+01	5.340113e+01
3.210000e-06	5.079217e-06	7.972915e-10	3.527061e+01	5.344005e+01
3.220000e-06	5.098303e-06	7.988602e-10	3.540315e+01	5.347992e+01
3.230000e-06	5.116997e-06	8.046126e-10	3.553297e+01	5.352065e+01
3.240000e-06	5.135201e-06	8.109977e-10	3.565938e+01	5.356213e+01
3.250000e-06	5.152848e-06	8.144467e-10	3.578192e+01	5.360422e+01
3.260000e-06	5.170077e-06	8.096637e-10	3.590156e+01	5.364678e+01
3.270000e-06	5.187073e-06	8.025683e-10	3.601958e+01	5.368962e+01
3.280000e-06	5.203760e-06	8.002387e-10	3.613546e+01	5.373257e+01
3.290000e-06	5.220102e-06	8.011574e-10	3.624894e+01	5.377544e+01
3.300000e-06	5.236069e-06	8.043879e-10	3.635981e+01	5.381803e+01
3.310000e-06	5.251531e-06	8.099911e-10	3.646718e+01	5.386012e+01
3.320000e-06	5.266516e-06	8.144637e-10	3.657124e+01	5.390150e+01
3.330000e-06	5.281058e-06	8.157935e-10	3.667222e+01	5.394198e+01
3.340000e-06	5.295201e-06	8.144794e-10	3.677043e+01	5.398135e+01
3.350000e-06	5.309056e-06	8.121938e-10	3.686664e+01	5.401941e+01
3.360000e-06	5.322546e-06	8.093217e-10	3.696032e+01	5.405597e+01
3.370000e-06	5.335626e-06	8.083308e-10	3.705114e+01	5.409084e+01
3.380000e-06	5.348363e-06	8.114243e-10	3.713959e+01	5.412386e+01
3.390000e-06	5.360704e-06	8.144020e-10	3.722529e+01	5.415488e+01
3.400000e-06	5.372699e-06	8.168014e-10	3.730858e+01	5.418375e+01
3.410000e-06	5.384351e-06	8.180810e-10	3.738950e+01	5.421036e+01
3.420000e-06	5.395471e-06	8.178887e-10	3.746672e+01	5.423460e+01
3.430000e-06	5.406087e-06	8.179480e-10	3.754044e+01	5.425639e+01
3.440000e-06	5.416200e-06	8.204631e-10	3.761066e+01	5.427564e+01
3.450000e-06	5.425704e-06	8.219389e-10	3.767666e+01	5.429233e+01
3.460000e-06	5.434637e-06	8.233717e-10	3.773869e+01	5.430641e+01
3.470000e-06	5.443075e-06	8.239942e-10	3.779729e+01	5.431788e+01
3.480000e-06	5.451154e-06	8.214898e-10	3.785338e+01	5.432675e+01
3.490000e-06	5.459043e-06	8.180917e-10	3.790816e+01	5.433303e+01
3.500000e-06	5.466668e-06	8.151133e-10	3.796112e+01	5.433677e+01
3.510000e-06	5.473857e-06	8.173431e-10	3.801104e+01	5.433802e+01
3.520000e-06	5.480672e-06	8.245699e-10	3.805836e+01	5.433686e+01
3.530000e-06	5.487120e-06	8.292844e-10	3.810314e+01	5.433337e+01
3.540000e-06	5.493195e-06	8.285024e-10	3.814532e+01	5.432763e+01
3.550000e-06	5.498928e-06	8.267083e-10	3.818513e+01	5.431976e+01
3.560000e-06	5.504329e-06	8.253276e-10	3.822264e+01	5.430985e+01
3.570000e-06	5.509277e-06	8.239846e-10	3.825699e+01	5.429803e+01
3.580000e-06	5.513766e-06	8.218361e-10	3.828817e+01	5.428441e+01
3.590000e-06	5.517989e-06	8.206738e-10	3.831750e+01	5.426912e+01
3.600000e-06	5.521984e-06	8.207183e-10	3.834523e+01	5.425226e+01
3.610000e-06	5.525687e-06	8.232208e-10	3.837095e+01	5.423396e+01
3.620000e-06	5.529021e-06	8.285006e-10	3.839410e+01	5.421434e+01
3.630000e-06	5.531998e-06	8.315954e-10	3.841477e+01	5.419351e+01
3.640000e-06	5.534499e-06	8.316601e-10	3.843214e+01	5.417156e+01
3.650000e-06	5.536354e-06	8.301375e-10	3.844502e+01	5.414860e+01
3.660000e-06	5.537557e-06	8.298088e-10	3.845337e+01	5.412470e+01
3.670000e-06	5.538237e-06	8.304884e-10	3.845810e+01	5.409996e+01
3.680000e-06	5.538511e-06	8.304407e-10	3.846000e+01	5.407443e+01
3.690000e-06	5.538484e-06	8.312669e-10	3.845981e+01	5.404818e+01
3.700000e-06	5.538214e-06	8.317633e-10	3.845794e+01	5.402124e+01
3.710000e-06	5.537715e-06	8.339381e-10	3.845447e+01	5.399365e+01
3.720000e-06	5.536918e-06	8.374678e-10	3.844894e+01	5.396542e+01
3.730000e-06	5.535700e-06	8.385520e-10	3.844048e+01	5.393658e+01
3.740000e-06	5.534072e-06	8.370174e-10	3.842918e+01	5.390711e+01
3.750000e-06	5.532070e-06	8.386183e-10	3.841527e+01	5.387701e+01
3.760000e-06	5.529688e-06	8.544537e-10	3.839873e+01	5.384624e+01
3.770000e-06	5.526912e-06	8.669170e-10	3.837946e+01	5.381478e+01
3.780000e-06	5.523709e-06	8.159643e-10	3.835722e+01	5.378258e+01
3.790000e-06	5.520025e-06	7.460194e-10	3.833163e+01	5.374960e+01
3.800000e-06	5.515932e-06	7.707779e-10	3.830321e+01	5.371578e+01
3.810000e-06	5.511667e-06	8.637158e-10	3.827360e+01	5.368105e+01
3.820000e-06	5.507256e-06	8.784972e-10	3.824297e+01	5.364535e+01
3.830000e-06	5.502596e-06	8.257700e-10	3.821060e+01	5.360861e+01
3.840000e-06	5.497408e-06	8.223922e-10	3.817458e+01	5.357076e+01
3.850000e-06	5.491461e-06	8.845565e-10	3.813328e+01	5.353174e+01
3.860000e-06	5.485061e-06	8.475137e-10	3.808884e+01	5.349147e+01
3.870000e-06	5.478391e-06	7.356994e-10	3.804252e+01	5.344988e+01
3.880000e-06	5.471285e-06	7.720403e-10	3.799318e+01	5.340691e+01
3.890000e-06	5.463668e-06	9.216851e-10	3.794028e+01	5.336249e+01
3.900000e-06	5.455648e-06	9.334509e-10	3.788459e+01	5.331658e+01
3.910000e-06	5.447262e-06	7.814169e-10	3.782636e+01	5.326913e+01
3.920000e-06	5.438495e-06	7.670761e-10	3.776548e+01	5.322008e+01
3.930000e-06	5.429421e-06	8.777760e-10	3.770247e+01	5.316941e+01
3.940000e-06	5.420128e-06	8.830835e-10	3.763794e+01	5.311708e+01
3.950000e-06	5.410470e-06	7.754182e-10	3.757087e+01	5.306309e+01
3.960000e-06	5.400227e-06	8.054955e-10	3.749974e+01	5.300740e+01
3.970000e-06	5.389532e-06	8.984997e-10	3.742547e+01	5.295003e+01
3.980000e-06	5.378552e-06	8.731189e-10	3.734923e+01	5.289097e+01
3.990000e-06	5.367246e-06	7.953463e-10	3.727072e+01	5.283024e+01
4.000000e-06	5.355504e-06	8.206729e-10	3.718918e+01	5.276785e+01
4.010000e-06	5.343362e-06	8.554751e-10	3.710487e+01	5.270383e+01
4.020000e-06	5.330872e-06	8.000812e-10	3.701813e+01	5.263821e+01
4.030000e-06	5.317777e-06	7.673025e-10	3.692720e+01	5.257101e+01
4.040000e-06	5.304085e-06	8.183550e-10	3.683212e+01	5.250229e+01
4.050000e-06	5.290150e-06	8.532495e-10	3.673536e+01	5.243209e+01
4.060000e-06	5.275780e-06	7.867954e-10	3.663557e+01	5.236044e+01
4.070000e-06	5.260690e-06	7.439521e-10	3.653078e+01	5.228739e+01
4.080000e-06	5.245032e-06	8.019807e-10	3.642205e+01	5.221299e+01
4.090000e-06	5.229048e-06	8.549985e-10	3.631106e+01	5.213728e+01
4.100000e-06	5.212825e-06	7.892499e-10	3.619841e+01	5.206029e+01
4.110000e-06	5.196313e-06	7.474724e-10	3.608374e+01	5.198208e+01
4.120000e-06	5.179524e-06	8.143898e-10	3.596716e+01	5.190266e+01
4.130000e-06	5.162342e-06	8.448118e-10	3.584784e+01	5.182207e+01
4.140000e-06	5.144687e-06	7.695648e-10	3.572525e+01	5.174032e+01
4.150000e-06	5.126644e-06	7.839716e-10	3.559995e+01	5.165744e+01
4.160000e-06	5.108267e-06	8.516560e-10	3.547234e+01	5.157341e+01
4.170000e-06	5.089524e-06	8.027176e-10	3.534219e+01	5.148825e+01
4.180000e-06	5.070496e-06	7.475360e-10	3.521005e+01	5.140194e+01
4.190000e-06	5.051184e-06	8.199897e-10	3.507595e+01	5.131447e+01
4.200000e-06	5.031532e-06	8.255772e-10	3.493949e+01	5.122579e+01
4.210000e-06	5.011609e-06	7.454529e-10	3.480114e+01	5.113588e+01
4.220000e-06	4.991450e-06	7.762636e-10	3.466115e+01	5.104468e+01
4.230000e-06	4.971016e-06	8.298931e-10	3.451926e+01	5.095215e+01
4.240000e-06	4.950215e-06	7.719625e-10	3.437481e+01	5.085822e+01
4.250000e-06	4.929027e-06	7.689045e-10	3.422768e+01	5.076283e+01
4.260000e-06	4.907350e-06	8.280331e-10	3.407715e+01	5.066590e+01
4.270000e-06	4.885052e-06	7.808332e-10	3.392231e+01	5.056735e+01
4.280000e-06	4.862144e-06	7.433228e-10	3.376324e+01	5.046710e+01
4.290000e-06	4.838821e-06	8.041122e-10	3.360128e+01	5.036507e+01
4.300000e-06	4.815182e-06	7.925494e-10	3.343713e+01	5.026117e+01
4.310000e-06	4.791181e-06	7.301688e-10	3.327046e+01	5.015531e+01
4.320000e-06	4.766902e-06	7.699898e-10	3.310187e+01	5.004741e+01
4.330000e-06	4.742379e-06	8.017726e-10	3.293158e+01	4.993740e+01
4.340000e-06	4.717590e-06	7.609274e-10	3.275944e+01	4.982519e+01
4.350000e-06	4.692516e-06	7.650069e-10	3.258532e+01	4.971072e+01
4.360000e-06	4.667121e-06	7.919934e-10	3.240898e+01	4.959392e+01
4.370000e-06	4.641394e-06	7.552708e-10	3.223033e+01	4.947475e+01
4.380000e-06	4.615329e-06	7.417284e-10	3.204933e+01	4.935315e+01
4.390000e-06	4.589020e-06	7.707001e-10	3.186663e+01	4.922910e+01
4.400000e-06	4.562350e-06	7.669253e-10	3.168143e+01	4.910258e+01
4.410000e-06	4.535276e-06	7.479776e-10	3.149343e+01	4.897358e+01
4.420000e-06	4.507915e-06	7.611554e-10	3.130344e+01	4.884212e+01
4.430000e-06	4.480218e-06	7.660505e-10	3.111110e+01	4.870820e+01
4.440000e-06	4.452304e-06	7.570438e-10	3.091727e+01	4.857188e+01
4.450000e-06	4.424230e-06	7.584301e-10	3.072232e+01	4.843320e+01
4.460000e-06	4.395919e-06	7.595384e-10	3.052572e+01	4.829223e+01
4.470000e-06	4.367382e-06	7.483699e-10	3.032756e+01	4.814905e+01
4.480000e-06	4.338648e-06	7.489276e-10	3.012803e+01	4.800377e+01
4.490000e-06	4.309524e-06	7.547673e-10	2.992578e+01	4.785647e+01
4.500000e-06	4.279860e-06	7.474651e-10	2.971980e+01	4.770730e+01
4.510000e-06	4.249642e-06	7.402716e-10	2.950996e+01	4.755638e+01
4.520000e-06	4.218891e-06	7.444279e-10	2.929642e+01	4.740385e+01
4.530000e-06	4.187715e-06	7.437497e-10	2.907993e+01	4.724987e+01
4.540000e-06	4.156184e-06	7.422846e-10	2.886098e+01	4.709459e+01
4.550000e-06	4.124390e-06	7.476265e-10	2.864020e+01	4.693817e+01
4.560000e-06	4.092385e-06	7.415163e-10	2.841795e+01	4.678078e+01
4.570000e-06	4.060233e-06	7.288096e-10	2.819469e+01	4.662258e+01
4.580000e-06	4.027940e-06	7.306259e-10	2.797044e+01	4.646375e+01
4.590000e-06	3.995412e-06	7.318164e-10	2.774456e+01	4.630443e+01
4.600000e-06	3.962529e-06	7.208753e-10	2.751622e+01	4.614478e+01
4.610000e-06	3.929301e-06	7.207006e-10	2.728548e+01	4.598494e+01
4.620000e-06	3.895835e-06	7.235891e-10	2.705308e+01	4.582505e+01
4.630000e-06	3.862116e-06	7.172377e-10	2.681894e+01	4.566524e+01
4.640000e-06	3.828177e-06	7.129759e-10	2.658326e+01	4.550559e+01
4.650000e-06	3.794043e-06	7.139213e-10	2.634623e+01	4.534620e+01
4.660000e-06	3.759639e-06	7.042962e-10	2.610733e+01	4.518714e+01
4.670000e-06	3.724865e-06	6.951270e-10	2.586586e+01	4.502844e+01
4.680000e-06	3.689862e-06	6.977936e-10	2.562279e+01	4.487015e+01
4.690000e-06	3.654616e-06	7.007567e-10	2.537803e+01	4.471224e+01
4.700000e-06	3.619063e-06	6.939551e-10	2.513116e+01	4.455470e+01
4.710000e-06	3.583363e-06	6.894805e-10	2.488325e+01	4.439747e+01
4.720000e-06	3.547526e-06	6.885833e-10	2.463439e+01	4.424046e+01
4.730000e-06	3.511537e-06	6.861895e-10	2.438448e+01	4.408358e+01
4.740000e-06	3.475401e-06	6.847132e-10	2.413355e+01	4.392667e+01
4.750000e-06	3.439131e-06	6.861145e-10	2.388169e+01	4.376958e+01
4.760000e-06	3.402643e-06	6.805931e-10	2.362831e+01	4.361211e+01
4.770000e-06	3.365944e-06	6.705809e-10	2.337347e+01	4.345405e+01
4.780000e-06	3.328933e-06	6.672573e-10	2.311646e+01	4.329514e+01
4.790000e-06	3.291464e-06	6.669745e-10	2.285627e+01	4.313512e+01
4.800000e-06	3.253612e-06	6.651565e-10	2.259342e+01	4.297370e+01
4.810000e-06	3.215389e-06	6.668909e-10	2.232800e+01	4.281056e+01
4.820000e-06	3.176790e-06	6.670135e-10	2.205996e+01	4.264537e+01
4.830000e-06	3.137851e-06	6.641107e-10	2.178957e+01	4.247779e+01
4.840000e-06	3.098568e-06	6.605484e-10	2.151678e+01	4.230745e+01
4.850000e-06	3.059022e-06	6.554950e-10	2.124217e+01	4.213398e+01
4.860000e-06	3.019310e-06	6.487928e-10	2.096641e+01	4.195700e+01
4.870000e-06	2.979412e-06	6.439597e-10	2.068935e+01	4.177612e+01
4.880000e-06	2.939360e-06	6.417169e-10	2.041123e+01	4.159094e+01
4.890000e-06	2.899211e-06	6.402374e-10	2.013243e+01	4.140109e+01
4.900000e-06	2.858913e-06	6.404149e-10	1.985259e+01	4.120617e+01
4.910000e-06	2.818438e-06	6.375421e-10	1.957153e+01	4.100579e+01
4.920000e-06	2.777806e-06	6.321459e-10	1.928938e+01	4.079960e+01
4.930000e-06	2.737040e-06	6.248796e-10	1.900629e+01	4.058722e+01
4.940000e-06	2.696103e-06	6.211668e-10	1.872202e+01	4.036831e+01
4.950000e-06	2.654992e-06	6.197484e-10	1.843654e+01	4.014254e+01
4.960000e-06	2.613743e-06	6.172937e-10	1.815011e+01	3.990960e+01
4.970000e-06	2.572281e-06	6.141003e-10	1.786219e+01	3.966919e+01
4.980000e-06	2.530581e-06	6.117856e-10	1.757262e+01	3.942106e+01
4.990000e-06	2.488673e-06	6.068188e-10	1.728161e+01	3.916494e+01
5.000000e-06	2.446633e-06	6.006852e-10	1.698967e+01	3.890063e+01
5.010000e-06	2.404450e-06	5.962091e-10	1.669675e+01	3.862793e+01
5.020000e-06	2.362075e-06	5.950401e-10	1.640249e+01	3.834667e+01
5.030000e-06	2.319558e-06	5.933355e-10	1.610726e+01	3.805671e+01
5.040000e-06	2.276853e-06	5.917255e-10	1.581071e+01	3.775793e+01
5.050000e-06	2.233948e-06	5.903606e-10	1.551277e+01	3.745024e+01
5.060000e-06	2.190857e-06	5.868014e-10	1.521354e+01	3.713358e+01
5.070000e-06	2.147561e-06	5.820175e-10	1.491289e+01	3.680790e+01
5.080000e-06	2.104144e-06	5.771127e-10	1.461140e+01	3.647317e+01
5.090000e-06	2.060610e-06	5.710340e-10	1.430909e+01	3.612940e+01
5.100000e-06	2.016952e-06	5.657726e-10	1.400592e+01	3.577660e+01
5.110000e-06	1.973232e-06	5.632177e-10	1.370233e+01	3.541480e+01
5.120000e-06	1.929399e-06	5.602832e-10	1.339795e+01	3.504404e+01
5.130000e-06	1.885466e-06	5.572674e-10	1.309288e+01	3.466436e+01
5.140000e-06	1.841479e-06	5.567934e-10	1.278743e+01	3.427583e+01
5.150000e-06	1.797409e-06	5.555148e-10	1.248140e+01	3.387850e+01
5.160000e-06	1.753268e-06	5.491415e-10	1.217488e+01	3.347244e+01
5.170000e-06	1.709083e-06	5.389782e-10	1.186805e+01	3.305770e+01
5.180000e-06	1.664838e-06	5.282686e-10	1.156081e+01	3.263432e+01
5.190000e-06	1.620455e-06	5.226135e-10	1.125261e+01	3.220234e+01
5.200000e-06	1.575964e-06	5.179729e-10	1.094366e+01	3.176180e+01
5.210000e-06	1.531405e-06	5.142023e-10	1.063423e+01	3.131270e+01
5.220000e-06	1.486699e-06	5.117448e-10	1.032380e+01	3.085502e+01
5.230000e-06	1.441837e-06	5.073435e-10	1.001227e+01	3.038875e+01
5.240000e-06	1.396817e-06	5.021917e-10	9.699642e+00	2.991382e+01
5.250000e-06	1.351677e-06	4.960239e-10	9.386190e+00	2.943015e+01
5.260000e-06	1.306539e-06	4.863752e-10	9.072742e+00	2.893764e+01
5.270000e-06	1.261399e-06	4.774156e-10	8.759289e+00	2.843615e+01
5.280000e-06	1.216137e-06	4.703917e-10	8.444982e+00	2.792552e+01
5.290000e-06	1.170694e-06	4.627003e-10	8.129425e+00	2.740555e+01
5.300000e-06	1.125124e-06	4.540635e-10	7.812981e+00	2.687602e+01
5.310000e-06	1.079521e-06	4.448237e-10	7.496307e+00	2.633666e+01
5.320000e-06	1.033802e-06	4.362241e-10	7.178828e+00	2.578721e+01
5.330000e-06	9.878935e-07	4.284340e-10	6.860036e+00	2.522736e+01
5.340000e-06	9.419243e-07	4.230959e-10	6.540821e+00	2.465676e+01
5.350000e-06	8.959474e-07	4.168027e-10	6.221552e+00	2.407507e+01
5.360000e-06	8.499262e-07	4.056318e-10	5.901976e+00	2.348191e+01
5.370000e-06	8.038475e-07	3.928201e-10	5.582001e+00	2.287689e+01
5.380000e-06	7.576301e-07	3.801269e-10	5.261063e+00	2.225961e+01
5.390000e-06	7.113162e-07	3.685495e-10	4.939454e+00	2.162965e+01
5.400000e-06	6.650157e-07	3.590095e-10	4.617939e+00	2.098661e+01
5.410000e-06	6.186247e-07	3.524465e-10	4.295794e+00	2.033007e+01
5.420000e-06	5.721437e-07	3.449339e-10	3.973026e+00	1.965961e+01
5.430000e-06	5.256215e-07	3.357612e-10	3.649971e+00	1.897485e+01
5.440000e-06	4.790589e-07	3.271216e-10	3.326636e+00	1.827541e+01
5.450000e-06	4.324548e-07	3.158762e-10	3.003012e+00	1.756092e+01
5.460000e-06	3.858030e-07	3.015964e-10	2.679057e+00	1.683106e+01
5.470000e-06	3.391168e-07	2.866353e-10	2.354862e+00	1.608553e+01
5.480000e-06	2.924399e-07	2.741669e-10	2.030734e+00	1.532407e+01
5.490000e-06	2.457829e-07	2.654301e-10	1.706742e+00	1.454647e+01
5.500000e-06	1.991132e-07	2.568484e-10	1.382663e+00	1.375258e+01
5.510000e-06	1.524246e-07	2.447366e-10	1.058452e+00	1.294227e+01
5.520000e-06	1.057210e-07	2.293763e-10	7.341375e-01	1.211551e+01
5.530000e-06	5.906241e-08	2.141364e-10	4.101355e-01	1.127230e+01
5.540000e-06	1.247512e-08	2.014349e-10	8.662854e-02	1.041273e+01
5.550000e-06	-3.416833e-08	1.886760e-10	-2.372685e-01	9.536957e+00
5.560000e-06	-8.087657e-08	1.734473e-10	-5.616154e-01	8.645205e+00
5.570000e-06	-1.275885e-07	1.561181e-10	-8.859877e-01	7.737780e+00
5.580000e-06	-1.742523e-07	1.392029e-10	-1.210026e+00	6.815067e+00
5.590000e-06	-2.208515e-07	1.228069e-10	-1.533616e+00	5.877529e+00
5.600000e-06	-2.674144e-07	1.048894e-10	-1.856954e+00	4.925711e+00
5.610000e-06	-3.139038e-07	8.748496e-11	-2.179781e+00	3.960239e+00
5.620000e-06	-3.603889e-07	7.150815e-11	-2.502578e+00	2.981817e+00
5.630000e-06	-4.068435e-07	5.646702e-11	-2.825164e+00	1.991229e+00
5.640000e-06	-4.532426e-07	4.265910e-11	-3.147364e+00	9.893361e-01
5.650000e-06	-4.996584e-07	2.809250e-11	-3.469680e+00	-2.292856e-02
5.660000e-06	-5.460460e-07	1.059691e-11	-3.791800e+00	-1.044560e+00
5.670000e-06	-5.923897e-07	-8.636097e-12	-4.113616e+00	-2.074488e+00
5.680000e-06	-6.386985e-07	-2.614352e-11	-4.435189e+00	-3.111580e+00
5.690000e-06	-6.849714e-07	-4.295075e-11	-4.756513e+00	-4.154646e+00
5.700000e-06	-7.312249e-07	-6.022418e-11	-5.077703e+00	-5.202447e+00
5.710000e-06	-7.773479e-07	-7.790157e-11	-5.397985e+00	-6.253699e+00
5.720000e-06	-8.233941e-07	-9.575760e-11	-5.717735e+00	-7.307079e+00
5.730000e-06	-8.693844e-07	-1.138674e-10	-6.037097e+00	-8.361235e+00
5.740000e-06	-9.152786e-07	-1.300757e-10	-6.355791e+00	-9.414791e+00
5.750000e-06	-9.611288e-07	-1.449370e-10	-6.674179e+00	-1.046636e+01
5.760000e-06	-1.006884e-06	-1.621353e-10	-6.991906e+00	-1.151453e+01
5.770000e-06	-1.052553e-06	-1.800111e-10	-7.309038e+00	-1.255792e+01
5.780000e-06	-1.098099e-06	-1.982045e-10	-7.625312e+00	-1.359513e+01
5.790000e-06	-1.143499e-06	-2.172602e-10	-7.940575e+00	-1.462479e+01
5.800000e-06	-1.188784e-06	-2.351386e-10	-8.255043e+00	-1.564556e+01
5.810000e-06	-1.233963e-06	-2.484474e-10	-8.568765e+00	-1.665612e+01
5.820000e-06	-1.279104e-06	-2.609983e-10	-8.882235e+00	-1.765519e+01
5.830000e-06	-1.324169e-06	-2.749932e-10	-9.195166e+00	-1.864156e+01
5.840000e-06	-1.369080e-06	-2.914429e-10	-9.507035e+00	-1.961405e+01
5.850000e-06	-1.413818e-06	-3.090528e-10	-9.817697e+00	-2.057156e+01
5.860000e-06	-1.458426e-06	-3.271900e-10	-1.012746e+01	-2.151305e+01
5.870000e-06	-1.502990e-06	-3.424185e-10	-1.043692e+01	-2.243755e+01
5.880000e-06	-1.547469e-06	-3.540354e-10	-1.074579e+01	-2.334418e+01
5.890000e-06	-1.591816e-06	-3.668767e-10	-1.105374e+01	-2.423214e+01
5.900000e-06	-1.636101e-06	-3.791130e-10	-1.136126e+01	-2.510070e+01
5.910000e-06	-1.680350e-06	-3.944722e-10	-1.166852e+01	-2.594926e+01
5.920000e-06	-1.724535e-06	-4.101002e-10	-1.197535e+01	-2.677728e+01
5.930000e-06	-1.768661e-06	-4.247118e-10	-1.228177e+01	-2.758433e+01
5.940000e-06	-1.812727e-06	-4.352784e-10	-1.258776e+01	-2.837007e+01
5.950000e-06	-1.856770e-06	-4.457634e-10	-1.289360e+01	-2.913425e+01
5.960000e-06	-1.900699e-06	-4.552312e-10	-1.319865e+01	-2.987672e+01
5.970000e-06	-1.944462e-06	-4.662903e-10	-1.350255e+01	-3.059745e+01
5.980000e-06	-1.988152e-06	-4.817009e-10	-1.380594e+01	-3.129646e+01
5.990000e-06	-2.031705e-06	-4.976571e-10	-1.410837e+01	-3.197389e+01
6.000000e-06	-2.075167e-06	-5.125670e-10	-1.441018e+01	-3.262995e+01
6.010000e-06	-2.118515e-06	-5.247536e-10	-1.471119e+01	-3.326494e+01
6.020000e-06	-2.161636e-06	-5.345406e-10	-1.501063e+01	-3.387924e+01
6.030000e-06	-2.204581e-06	-5.408843e-10	-1.530884e+01	-3.447330e+01
6.040000e-06	-2.247425e-06	-5.470483e-10	-1.560636e+01	-3.504763e+01
6.050000e-06	-2.290101e-06	-5.569680e-10	-1.590270e+01	-3.560280e+01
6.060000e-06	-2.332574e-06	-5.705874e-10	-1.619764e+01	-3.613945e+01
6.070000e-06	-2.374907e-06	-5.869934e-10	-1.649161e+01	-3.665826e+01
6.080000e-06	-2.417134e-06	-6.041593e-10	-1.678483e+01	-3.715994e+01
6.090000e-06	-2.459216e-06	-6.164671e-10	-1.707706e+01	-3.764525e+01
6.100000e-06	-2.501030e-06	-6.262602e-10	-1.736742e+01	-3.811496e+01
6.110000e-06	-2.542681e-06	-6.328267e-10	-1.765664e+01	-3.856987e+01
6.120000e-06	-2.584207e-06	-6.389904e-10	-1.794500e+01	-3.901079e+01
6.130000e-06	-2.625567e-06	-6.445425e-10	-1.823221e+01	-3.943852e+01
6.140000e-06	-2.666723e-06	-6.496165e-10	-1.851800e+01	-3.985387e+01
6.150000e-06	-2.707595e-06	-6.574537e-10	-1.880183e+01	-4.025765e+01
6.160000e-06	-2.748244e-06	-6.683741e-10	-1.908409e+01	-4.065063e+01
6.170000e-06	-2.788734e-06	-6.803946e-10	-1.936526e+01	-4.103356e+01
6.180000e-06	-2.829109e-06	-6.936064e-10	-1.964563e+01	-4.140719e+01
6.190000e-06	-2.869352e-06	-7.028649e-10	-1.992508e+01	-4.177220e+01
6.200000e-06	-2.909438e-06	-7.061121e-10	-2.020344e+01	-4.212925e+01
6.210000e-06	-2.949420e-06	-7.074924e-10	-2.048108e+01	-4.247895e+01
6.220000e-06	-2.989310e-06	-7.091971e-10	-2.075808e+01	-4.282187e+01
6.230000e-06	-3.029085e-06	-7.134584e-10	-2.103428e+01	-4.315853e+01
6.240000e-06	-3.068684e-06	-7.233114e-10	-2.130926e+01	-4.348939e+01
6.250000e-06	-3.107953e-06	-7.351930e-10	-2.158195e+01	-4.381485e+01
6.260000e-06	-3.146955e-06	-7.455253e-10	-2.185278e+01	-4.413528e+01
6.270000e-06	-3.185722e-06	-7.519085e-10	-2.212199e+01	-4.445095e+01
6.280000e-06	-3.224100e-06	-7.527494e-10	-2.238849e+01	-4.476213e+01
6.290000e-06	-3.262060e-06	-7.532692e-10	-2.265208e+01	-4.506898e+01
6.300000e-06	-3.299548e-06	-7.537067e-10	-2.291240e+01	-4.537164e+01
6.310000e-06	-3.336659e-06	-7.574034e-10	-2.317011e+01	-4.567017e+01
6.320000e-06	-3.373453e-06	-7.649071e-10	-2.342561e+01	-4.596461e+01
6.330000e-06	-3.409952e-06	-7.731090e-10	-2.367906e+01	-4.625493e+01
6.340000e-06	-3.446258e-06	-7.782863e-10	-2.393118e+01	-4.654106e+01
6.350000e-06	-3.482436e-06	-7.788790e-10	-2.418240e+01	-4.682289e+01
6.360000e-06	-3.518524e-06	-7.774651e-10	-2.443300e+01	-4.710027e+01
6.370000e-06	-3.554468e-06	-7.780716e-10	-2.468260e+01	-4.737302e+01
6.380000e-06	-3.590190e-06	-7.806546e-10	-2.493066e+01	-4.764093e+01
6.390000e-06	-3.625662e-06	-7.836833e-10	-2.517698e+01	-4.790376e+01
6.400000e-06	-3.660895e-06	-7.889400e-10	-2.542164e+01	-4.816127e+01
6.410000e-06	-3.695868e-06	-7.962512e-10	-2.566450e+01	-4.841319e+01
6.420000e-06	-3.730501e-06	-8.028533e-10	-2.590499e+01	-4.865924e+01
6.430000e-06	-3.764816e-06	-8.072826e-10	-2.614328e+01	-4.889914e+01
6.440000e-06	-3.798933e-06	-8.081856e-10	-2.638019e+01	-4.913262e+01
6.450000e-06	-3.832894e-06	-8.052981e-10	-2.661602e+01	-4.935941e+01
6.460000e-06	-3.866650e-06	-8.019972e-10	-2.685042e+01	-4.957925e+01
6.470000e-06	-3.899999e-06	-8.026280e-10	-2.708200e+01	-4.979189e+01
6.480000e-06	-3.933005e-06	-8.092138e-10	-2.731120e+01	-4.999712e+01
6.490000e-06	-3.965793e-06	-8.170388e-10	-2.753888e+01	-5.019472e+01
6.500000e-06	-3.998318e-06	-8.207177e-10	-2.776474e+01	-5.038452e+01
6.510000e-06	-4.030631e-06	-8.200395e-10	-2.798913e+01	-5.056639e+01
6.520000e-06	-4.062776e-06	-8.160508e-10	-2.821234e+01	-5.074020e+01
6.530000e-06	-4.094770e-06	-8.117289e-10	-2.843452e+01	-5.090588e+01
6.540000e-06	-4.126558e-06	-8.093154e-10	-2.865525e+01	-5.106338e+01
6.550000e-06	-4.158084e-06	-8.084137e-10	-2.887417e+01	-5.121271e+01
6.560000e-06	-4.189258e-06	-8.103202e-10	-2.909065e+01	-5.135390e+01
6.570000e-06	-4.219955e-06	-8.148754e-10	-2.930381e+01	-5.148703e+01
6.580000e-06	-4.250092e-06	-8.194875e-10	-2.951308e+01	-5.161219e+01
6.590000e-06	-4.279678e-06	-8.216118e-10	-2.971853e+01	-5.172956e+01
6.600000e-06	-4.308736e-06	-8.234106e-10	-2.992032e+01	-5.183930e+01
6.610000e-06	-4.337379e-06	-8.246810e-10	-3.011922e+01	-5.194166e+01
6.620000e-06	-4.365835e-06	-8.242542e-10	-3.031682e+01	-5.203688e+01
6.630000e-06	-4.394092e-06	-8.262860e-10	-3.051303e+01	-5.212525e+01
6.640000e-06	-4.422136e-06	-8.301746e-10	-3.070778e+01	-5.220709e+01
6.650000e-06	-4.450028e-06	-8.324822e-10	-3.090146e+01	-5.228274e+01
6.660000e-06	-4.477716e-06	-8.349786e-10	-3.109373e+01	-5.235257e+01
6.670000e-06	-4.505090e-06	-8.370041e-10	-3.128382e+01	-5.241697e+01
6.680000e-06	-4.532081e-06	-8.395827e-10	-3.147125e+01	-5.247633e+01
6.690000e-06	-4.558793e-06	-8.428079e-10	-3.165674e+01	-5.253108e+01
6.700000e-06	-4.585232e-06	-8.456763e-10	-3.184033e+01	-5.258162e+01
6.710000e-06	-4.611271e-06	-8.475822e-10	-3.202115e+01	-5.262840e+01
6.720000e-06	-4.636952e-06	-8.463473e-10	-3.219948e+01	-5.267183e+01
6.730000e-06	-4.662340e-06	-8.427823e-10	-3.237578e+01	-5.271234e+01
6.740000e-06	-4.687280e-06	-8.395205e-10	-3.254896e+01	-5.275035e+01
6.750000e-06	-4.711779e-06	-8.391574e-10	-3.271909e+01	-5.278626e+01
6.760000e-06	-4.736068e-06	-8.394494e-10	-3.288776e+01	-5.282047e+01
6.770000e-06	-4.760236e-06	-8.375712e-10	-3.305558e+01	-5.285335e+01
6.780000e-06	-4.784203e-06	-8.364609e-10	-3.322200e+01	-5.288525e+01
6.790000e-06	-4.807864e-06	-8.383257e-10	-3.338632e+01	-5.291652e+01
6.800000e-06	-4.831187e-06	-8.410756e-10	-3.354827e+01	-5.294746e+01
6.810000e-06	-4.854262e-06	-8.438400e-10	-3.370851e+01	-5.297834e+01
6.820000e-06	-4.876866e-06	-8.473463e-10	-3.386547e+01	-5.300942e+01
6.830000e-06	-4.898757e-06	-8.493976e-10	-3.401748e+01	-5.304092e+01
6.840000e-06	-4.920099e-06	-8.495297e-10	-3.416569e+01	-5.307303e+01
6.850000e-06	-4.940997e-06	-8.483806e-10	-3.431080e+01	-5.310590e+01
6.860000e-06	-4.961497e-06	-8.462911e-10	-3.445315e+01	-5.313965e+01
6.870000e-06	-4.981706e-06	-8.457399e-10	-3.459349e+01	-5.317438e+01
6.880000e-06	-5.001727e-06	-8.479213e-10	-3.473252e+01	-5.321014e+01
6.890000e-06	-5.021545e-06	-8.508694e-10	-3.487013e+01	-5.324696e+01
6.900000e-06	-5.041116e-06	-8.522738e-10	-3.500604e+01	-5.328483e+01
6.910000e-06	-5.060396e-06	-8.513635e-10	-3.513992e+01	-5.332373e+01
6.920000e-06	-5.079247e-06	-8.479331e-10	-3.527083e+01	-5.336358e+01
6.930000e-06	-5.097684e-06	-8.453850e-10	-3.539885e+01	-5.340431e+01
6.940000e-06	-5.115798e-06	-8.432487e-10	-3.552464e+01	-5.344579e+01
6.950000e-06	-5.133613e-06	-8.440742e-10	-3.564834e+01	-5.348790e+01
6.960000e-06	-5.151106e-06	-8.455520e-10	-3.576982e+01	-5.353048e+01
6.970000e-06	-5.168172e-06	-8.462984e-10	-3.588833e+01	-5.357337e+01
6.980000e-06	-5.184826e-06	-8.467402e-10	-3.600398e+01	-5.361639e+01
6.990000e-06	-5.201205e-06	-8.462509e-10	-3.611771e+01	-5.365933e+01
7.000000e-06	-5.217405e-06	-8.431736e-10	-3.623021e+01	-5.370201e+01
7.010000e-06	-5.233373e-06	-8.400548e-10	-3.634109e+01	-5.374421e+01
7.020000e-06	-5.248913e-06	-8.416791e-10	-3.644901e+01	-5.378572e+01
7.030000e-06	-5.263894e-06	-8.427407e-10	-3.655304e+01	-5.382635e+01
7.040000e-06	-5.278259e-06	-8.422535e-10	-3.665278e+01	-5.386588e+01
7.050000e-06	-5.291938e-06	-8.397223e-10	-3.674777e+01	-5.390411e+01
7.060000e-06	-5.305022e-06	-8.341932e-10	-3.683863e+01	-5.394086e+01
7.070000e-06	-5.317650e-06	-8.283984e-10	-3.692632e+01	-5.397594e+01
7.080000e-06	-5.329931e-06	-8.253961e-10	-3.701160e+01	-5.400919e+01
7.090000e-06	-5.341932e-06	-8.244073e-10	-3.709494e+01	-5.404044e+01
7.100000e-06	-5.353664e-06	-8.253533e-10	-3.717640e+01	-5.406956e+01
7.110000e-06	-5.364969e-06	-8.271192e-10	-3.725491e+01	-5.409642e+01
7.120000e-06	-5.375778e-06	-8.257209e-10	-3.732996e+01	-5.412092e+01
7.130000e-06	-5.386231e-06	-8.204842e-10	-3.740255e+01	-5.414298e+01
7.140000e-06	-5.396371e-06	-8.156953e-10	-3.747296e+01	-5.416251e+01
7.150000e-06	-5.406150e-06	-8.108688e-10	-3.754087e+01	-5.417947e+01
7.160000e-06	-5.415451e-06	-8.070356e-10	-3.760546e+01	-5.419383e+01
7.170000e-06	-5.424353e-06	-8.063916e-10	-3.766728e+01	-5.420558e+01
7.180000e-06	-5.432989e-06	-8.083794e-10	-3.772725e+01	-5.421472e+01
7.190000e-06	-5.441340e-06	-8.099369e-10	-3.778524e+01	-5.422128e+01
7.200000e-06	-5.449429e-06	-8.115212e-10	-3.784141e+01	-5.422529e+01
7.210000e-06	-5.457282e-06	-8.114234e-10	-3.789594e+01	-5.422681e+01
7.220000e-06	-5.464832e-06	-8.080144e-10	-3.794837e+01	-5.422591e+01
7.230000e-06	-5.471905e-06	-8.050660e-10	-3.799748e+01	-5.422267e+01
7.240000e-06	-5.478376e-06	-8.042110e-10	-3.804242e+01	-5.421718e+01
7.250000e-06	-5.484214e-06	-8.048677e-10	-3.808296e+01	-5.420954e+01
7.260000e-06	-5.489459e-06	-8.057606e-10	-3.811938e+01	-5.419986e+01
7.270000e-06	-5.494232e-06	-8.074543e-10	-3.815252e+01	-5.418825e+01
7.280000e-06	-5.498687e-06	-8.088005e-10	-3.818346e+01	-5.417484e+01
7.290000e-06	-5.502901e-06	-8.095939e-10	-3.821272e+01	-5.415974e+01
7.300000e-06	-5.506842e-06	-8.101588e-10	-3.824009e+01	-5.414307e+01
7.310000e-06	-5.510421e-06	-8.097835e-10	-3.826494e+01	-5.412495e+01
7.320000e-06	-5.513591e-06	-8.074130e-10	-3.828695e+01	-5.410550e+01
7.330000e-06	-5.516448e-06	-8.051624e-10	-3.830679e+01	-5.408482e+01
7.340000e-06	-5.519013e-06	-8.045668e-10	-3.832460e+01	-5.406303e+01
7.350000e-06	-5.521258e-06	-8.046433e-10	-3.834019e+01	-5.404020e+01
7.360000e-06	-5.523165e-06	-8.043945e-10	-3.835344e+01	-5.401645e+01
7.370000e-06	-5.524676e-06	-8.033069e-10	-3.836393e+01	-5.399183e+01
7.380000e-06	-5.525660e-06	-8.013679e-10	-3.837076e+01	-5.396643e+01
7.390000e-06	-5.526248e-06	-7.989500e-10	-3.837485e+01	-5.394029e+01
7.400000e-06	-5.526607e-06	-7.976136e-10	-3.837734e+01	-5.391347e+01
