# Temperatura_=_10.82
# Concentracion g/m^3_=_1620.0
# C_Vs_to_Am_M_A/Vsm_=_65563218390.804596
# pendiente_HvsI_1/m_=_3716.3
# ordenada_HvsI_A/m_=_1297.0
# frecuencia_Hz_=_135103.3473017603

Tiempo_(s)	Campo_(V.s)	Magnetizacion_(V.s)	Campo_(kA/m)	Magnetizacion_(A/m)
0.000000e+00	-5.526389e-06	-7.265152e-10	-3.836722e+01	-4.819604e+01
1.000000e-08	-5.526536e-06	-7.268990e-10	-3.836825e+01	-4.818589e+01
2.000000e-08	-5.526465e-06	-7.295155e-10	-3.836775e+01	-4.817627e+01
3.000000e-08	-5.525983e-06	-7.327979e-10	-3.836440e+01	-4.816723e+01
4.000000e-08	-5.524978e-06	-7.337062e-10	-3.835742e+01	-4.815875e+01
5.000000e-08	-5.523422e-06	-7.298322e-10	-3.834662e+01	-4.815085e+01
6.000000e-08	-5.521242e-06	-7.070550e-10	-3.833149e+01	-4.814350e+01
7.000000e-08	-5.518448e-06	-6.684025e-10	-3.831209e+01	-4.813670e+01
8.000000e-08	-5.515164e-06	-7.114554e-10	-3.828929e+01	-4.813040e+01
9.000000e-08	-5.511467e-06	-8.510003e-10	-3.826363e+01	-4.812456e+01
1.000000e-07	-5.507231e-06	-8.563252e-10	-3.823421e+01	-4.811913e+01
1.100000e-07	-5.502788e-06	-6.703155e-10	-3.820337e+01	-4.811405e+01
1.200000e-07	-5.498374e-06	-5.722160e-10	-3.817272e+01	-4.810925e+01
1.300000e-07	-5.493619e-06	-7.197657e-10	-3.813971e+01	-4.810464e+01
1.400000e-07	-5.488237e-06	-8.135889e-10	-3.810235e+01	-4.810016e+01
1.500000e-07	-5.482413e-06	-6.716920e-10	-3.806192e+01	-4.809570e+01
1.600000e-07	-5.476455e-06	-5.932930e-10	-3.802055e+01	-4.809117e+01
1.700000e-07	-5.470064e-06	-7.255898e-10	-3.797618e+01	-4.808648e+01
1.800000e-07	-5.462994e-06	-8.359527e-10	-3.792710e+01	-4.808152e+01
1.900000e-07	-5.455526e-06	-7.045640e-10	-3.787525e+01	-4.807618e+01
2.000000e-07	-5.447919e-06	-6.106668e-10	-3.782244e+01	-4.807037e+01
2.100000e-07	-5.440045e-06	-6.687243e-10	-3.776777e+01	-4.806397e+01
2.200000e-07	-5.431873e-06	-7.579349e-10	-3.771104e+01	-4.805688e+01
2.300000e-07	-5.423505e-06	-7.171635e-10	-3.765294e+01	-4.804898e+01
2.400000e-07	-5.414731e-06	-6.781851e-10	-3.759203e+01	-4.804017e+01
2.500000e-07	-5.405126e-06	-6.960303e-10	-3.752535e+01	-4.803035e+01
2.600000e-07	-5.394666e-06	-7.341752e-10	-3.745273e+01	-4.801941e+01
2.700000e-07	-5.383625e-06	-7.198793e-10	-3.737608e+01	-4.800725e+01
2.800000e-07	-5.372132e-06	-7.064683e-10	-3.729629e+01	-4.799378e+01
2.900000e-07	-5.360299e-06	-7.285459e-10	-3.721413e+01	-4.797890e+01
3.000000e-07	-5.348124e-06	-7.536103e-10	-3.712961e+01	-4.796251e+01
3.100000e-07	-5.335638e-06	-7.484546e-10	-3.704293e+01	-4.794453e+01
3.200000e-07	-5.322789e-06	-6.981210e-10	-3.695372e+01	-4.792488e+01
3.300000e-07	-5.309491e-06	-7.026784e-10	-3.686139e+01	-4.790347e+01
3.400000e-07	-5.295843e-06	-7.345477e-10	-3.676665e+01	-4.788022e+01
3.500000e-07	-5.281797e-06	-7.303545e-10	-3.666913e+01	-4.785507e+01
3.600000e-07	-5.267176e-06	-6.951693e-10	-3.656762e+01	-4.782794e+01
3.700000e-07	-5.252203e-06	-7.425326e-10	-3.646367e+01	-4.779877e+01
3.800000e-07	-5.236861e-06	-7.474736e-10	-3.635716e+01	-4.776749e+01
3.900000e-07	-5.220813e-06	-6.916014e-10	-3.624575e+01	-4.773405e+01
4.000000e-07	-5.204330e-06	-7.109857e-10	-3.613131e+01	-4.769839e+01
4.100000e-07	-5.187666e-06	-7.764724e-10	-3.601562e+01	-4.766046e+01
4.200000e-07	-5.170608e-06	-6.948376e-10	-3.589719e+01	-4.762020e+01
4.300000e-07	-5.153189e-06	-6.534386e-10	-3.577626e+01	-4.757758e+01
4.400000e-07	-5.135427e-06	-7.552859e-10	-3.565295e+01	-4.753255e+01
4.500000e-07	-5.117187e-06	-7.663852e-10	-3.552632e+01	-4.748506e+01
4.600000e-07	-5.098461e-06	-6.506325e-10	-3.539631e+01	-4.743509e+01
4.700000e-07	-5.079370e-06	-6.994632e-10	-3.526377e+01	-4.738260e+01
4.800000e-07	-5.060058e-06	-7.702234e-10	-3.512969e+01	-4.732755e+01
4.900000e-07	-5.040508e-06	-6.877980e-10	-3.499397e+01	-4.726993e+01
5.000000e-07	-5.020756e-06	-6.628155e-10	-3.485684e+01	-4.720970e+01
5.100000e-07	-5.000766e-06	-7.469953e-10	-3.471806e+01	-4.714685e+01
5.200000e-07	-4.980397e-06	-6.914750e-10	-3.457664e+01	-4.708135e+01
5.300000e-07	-4.959676e-06	-6.393590e-10	-3.443279e+01	-4.701321e+01
5.400000e-07	-4.938592e-06	-7.384020e-10	-3.428641e+01	-4.694241e+01
5.500000e-07	-4.917077e-06	-7.460002e-10	-3.413705e+01	-4.686894e+01
5.600000e-07	-4.895199e-06	-6.450406e-10	-3.398515e+01	-4.679281e+01
5.700000e-07	-4.873076e-06	-6.846929e-10	-3.383156e+01	-4.671403e+01
5.800000e-07	-4.850700e-06	-7.335059e-10	-3.367622e+01	-4.663261e+01
5.900000e-07	-4.827928e-06	-6.501032e-10	-3.351812e+01	-4.654856e+01
6.000000e-07	-4.804758e-06	-6.465009e-10	-3.335726e+01	-4.646193e+01
6.100000e-07	-4.781295e-06	-7.172384e-10	-3.319437e+01	-4.637272e+01
6.200000e-07	-4.757636e-06	-6.811745e-10	-3.303012e+01	-4.628100e+01
6.300000e-07	-4.733814e-06	-6.431546e-10	-3.286473e+01	-4.618680e+01
6.400000e-07	-4.709693e-06	-6.983169e-10	-3.269727e+01	-4.609017e+01
6.500000e-07	-4.685170e-06	-6.897422e-10	-3.252702e+01	-4.599119e+01
6.600000e-07	-4.660204e-06	-6.486669e-10	-3.235369e+01	-4.588991e+01
6.700000e-07	-4.634655e-06	-6.752796e-10	-3.217632e+01	-4.578642e+01
6.800000e-07	-4.608563e-06	-6.877941e-10	-3.199517e+01	-4.568079e+01
6.900000e-07	-4.581937e-06	-6.464523e-10	-3.181032e+01	-4.557312e+01
7.000000e-07	-4.554857e-06	-6.597824e-10	-3.162231e+01	-4.546351e+01
7.100000e-07	-4.527524e-06	-6.790745e-10	-3.143255e+01	-4.535206e+01
7.200000e-07	-4.499961e-06	-6.578329e-10	-3.124120e+01	-4.523888e+01
7.300000e-07	-4.472261e-06	-6.496546e-10	-3.104889e+01	-4.512409e+01
7.400000e-07	-4.444410e-06	-6.716279e-10	-3.085553e+01	-4.500781e+01
7.500000e-07	-4.416245e-06	-6.594025e-10	-3.065999e+01	-4.489016e+01
7.600000e-07	-4.387741e-06	-6.492806e-10	-3.046211e+01	-4.477126e+01
7.700000e-07	-4.358919e-06	-6.587915e-10	-3.026201e+01	-4.465126e+01
7.800000e-07	-4.329785e-06	-6.548850e-10	-3.005974e+01	-4.453027e+01
7.900000e-07	-4.300308e-06	-6.421691e-10	-2.985510e+01	-4.440843e+01
8.000000e-07	-4.270505e-06	-6.543583e-10	-2.964819e+01	-4.428587e+01
8.100000e-07	-4.240446e-06	-6.547059e-10	-2.943950e+01	-4.416271e+01
8.200000e-07	-4.210057e-06	-6.408499e-10	-2.922852e+01	-4.403906e+01
8.300000e-07	-4.179310e-06	-6.451851e-10	-2.901506e+01	-4.391506e+01
8.400000e-07	-4.148293e-06	-6.539712e-10	-2.879972e+01	-4.379081e+01
8.500000e-07	-4.117022e-06	-6.415302e-10	-2.858263e+01	-4.366640e+01
8.600000e-07	-4.085538e-06	-6.360393e-10	-2.836404e+01	-4.354193e+01
8.700000e-07	-4.053933e-06	-6.435973e-10	-2.814463e+01	-4.341748e+01
8.800000e-07	-4.022243e-06	-6.355604e-10	-2.792461e+01	-4.329311e+01
8.900000e-07	-3.990437e-06	-6.269945e-10	-2.770380e+01	-4.316888e+01
9.000000e-07	-3.958318e-06	-6.330933e-10	-2.748082e+01	-4.304484e+01
9.100000e-07	-3.925702e-06	-6.296835e-10	-2.725437e+01	-4.292099e+01
9.200000e-07	-3.892763e-06	-6.168782e-10	-2.702569e+01	-4.279735e+01
9.300000e-07	-3.859464e-06	-6.256769e-10	-2.679452e+01	-4.267391e+01
9.400000e-07	-3.825654e-06	-6.322604e-10	-2.655979e+01	-4.255063e+01
9.500000e-07	-3.791309e-06	-6.240604e-10	-2.632135e+01	-4.242747e+01
9.600000e-07	-3.756498e-06	-6.225443e-10	-2.607967e+01	-4.230437e+01
9.700000e-07	-3.721421e-06	-6.307828e-10	-2.583614e+01	-4.218122e+01
9.800000e-07	-3.686152e-06	-6.207577e-10	-2.559129e+01	-4.205793e+01
9.900000e-07	-3.650696e-06	-6.119489e-10	-2.534513e+01	-4.193437e+01
1.000000e-06	-3.615081e-06	-6.164231e-10	-2.509788e+01	-4.181039e+01
1.010000e-06	-3.579340e-06	-6.160790e-10	-2.484974e+01	-4.168583e+01
1.020000e-06	-3.543452e-06	-6.062060e-10	-2.460059e+01	-4.156050e+01
1.030000e-06	-3.507331e-06	-6.089701e-10	-2.434982e+01	-4.143420e+01
1.040000e-06	-3.470890e-06	-6.120030e-10	-2.409682e+01	-4.130672e+01
1.050000e-06	-3.434128e-06	-6.049997e-10	-2.384160e+01	-4.117783e+01
1.060000e-06	-3.397139e-06	-5.996306e-10	-2.358480e+01	-4.104727e+01
1.070000e-06	-3.359986e-06	-6.027105e-10	-2.332687e+01	-4.091480e+01
1.080000e-06	-3.322525e-06	-5.954162e-10	-2.306679e+01	-4.078014e+01
1.090000e-06	-3.284772e-06	-5.868897e-10	-2.280469e+01	-4.064302e+01
1.100000e-06	-3.246874e-06	-5.860341e-10	-2.254158e+01	-4.050315e+01
1.110000e-06	-3.208742e-06	-5.830030e-10	-2.227684e+01	-4.036025e+01
1.120000e-06	-3.170308e-06	-5.766215e-10	-2.201002e+01	-4.021402e+01
1.130000e-06	-3.131759e-06	-5.793841e-10	-2.174239e+01	-4.006418e+01
1.140000e-06	-3.093133e-06	-5.829312e-10	-2.147422e+01	-3.991042e+01
1.150000e-06	-3.054219e-06	-5.756079e-10	-2.120406e+01	-3.975247e+01
1.160000e-06	-3.015043e-06	-5.702118e-10	-2.093208e+01	-3.959004e+01
1.170000e-06	-2.975725e-06	-5.688004e-10	-2.065912e+01	-3.942285e+01
1.180000e-06	-2.936320e-06	-5.646023e-10	-2.038554e+01	-3.925065e+01
1.190000e-06	-2.896791e-06	-5.619944e-10	-2.011111e+01	-3.907316e+01
1.200000e-06	-2.857053e-06	-5.642393e-10	-1.983523e+01	-3.889016e+01
1.210000e-06	-2.817198e-06	-5.633030e-10	-1.955853e+01	-3.870140e+01
1.220000e-06	-2.777249e-06	-5.575081e-10	-1.928119e+01	-3.850668e+01
1.230000e-06	-2.737101e-06	-5.556005e-10	-1.900246e+01	-3.830579e+01
1.240000e-06	-2.696666e-06	-5.533217e-10	-1.872174e+01	-3.809856e+01
1.250000e-06	-2.655939e-06	-5.445151e-10	-1.843898e+01	-3.788483e+01
1.260000e-06	-2.614985e-06	-5.408815e-10	-1.815466e+01	-3.766444e+01
1.270000e-06	-2.573808e-06	-5.401820e-10	-1.786878e+01	-3.743727e+01
1.280000e-06	-2.532267e-06	-5.355519e-10	-1.758038e+01	-3.720321e+01
1.290000e-06	-2.490451e-06	-5.275509e-10	-1.729008e+01	-3.696217e+01
1.300000e-06	-2.448445e-06	-5.235869e-10	-1.699845e+01	-3.671408e+01
1.310000e-06	-2.406074e-06	-5.203506e-10	-1.670429e+01	-3.645888e+01
1.320000e-06	-2.363316e-06	-5.174477e-10	-1.640744e+01	-3.619653e+01
1.330000e-06	-2.320326e-06	-5.180690e-10	-1.610898e+01	-3.592701e+01
1.340000e-06	-2.277190e-06	-5.205987e-10	-1.580950e+01	-3.565029e+01
1.350000e-06	-2.233868e-06	-5.167951e-10	-1.550874e+01	-3.536637e+01
1.360000e-06	-2.190385e-06	-5.084292e-10	-1.520685e+01	-3.507526e+01
1.370000e-06	-2.146802e-06	-4.994061e-10	-1.490428e+01	-3.477697e+01
1.380000e-06	-2.103141e-06	-4.905753e-10	-1.460116e+01	-3.447151e+01
1.390000e-06	-2.059457e-06	-4.846830e-10	-1.429788e+01	-3.415889e+01
1.400000e-06	-2.015692e-06	-4.825526e-10	-1.399404e+01	-3.383915e+01
1.410000e-06	-1.971790e-06	-4.788444e-10	-1.368925e+01	-3.351228e+01
1.420000e-06	-1.927793e-06	-4.737369e-10	-1.338380e+01	-3.317830e+01
1.430000e-06	-1.883699e-06	-4.696835e-10	-1.307767e+01	-3.283720e+01
1.440000e-06	-1.839517e-06	-4.661873e-10	-1.277094e+01	-3.248896e+01
1.450000e-06	-1.795271e-06	-4.588582e-10	-1.246375e+01	-3.213357e+01
1.460000e-06	-1.750934e-06	-4.501791e-10	-1.215594e+01	-3.177097e+01
1.470000e-06	-1.706446e-06	-4.425689e-10	-1.184708e+01	-3.140111e+01
1.480000e-06	-1.661765e-06	-4.340547e-10	-1.153688e+01	-3.102390e+01
1.490000e-06	-1.616916e-06	-4.277966e-10	-1.122552e+01	-3.063923e+01
1.500000e-06	-1.571879e-06	-4.238491e-10	-1.091285e+01	-3.024698e+01
1.510000e-06	-1.526722e-06	-4.196341e-10	-1.059934e+01	-2.984699e+01
1.520000e-06	-1.481528e-06	-4.129581e-10	-1.028558e+01	-2.943907e+01
1.530000e-06	-1.436284e-06	-4.041755e-10	-9.971470e+00	-2.902302e+01
1.540000e-06	-1.390926e-06	-3.965080e-10	-9.656572e+00	-2.859860e+01
1.550000e-06	-1.345440e-06	-3.898848e-10	-9.340784e+00	-2.816553e+01
1.560000e-06	-1.299841e-06	-3.833962e-10	-9.024210e+00	-2.772354e+01
1.570000e-06	-1.254133e-06	-3.766037e-10	-8.706882e+00	-2.727228e+01
1.580000e-06	-1.208328e-06	-3.707712e-10	-8.388873e+00	-2.681143e+01
1.590000e-06	-1.162474e-06	-3.638164e-10	-8.070533e+00	-2.634060e+01
1.600000e-06	-1.116643e-06	-3.553697e-10	-7.752351e+00	-2.585939e+01
1.610000e-06	-1.070688e-06	-3.472363e-10	-7.433307e+00	-2.536741e+01
1.620000e-06	-1.024569e-06	-3.405008e-10	-7.113117e+00	-2.486420e+01
1.630000e-06	-9.783952e-07	-3.355510e-10	-6.792556e+00	-2.434933e+01
1.640000e-06	-9.322161e-07	-3.266466e-10	-6.471955e+00	-2.382234e+01
1.650000e-06	-8.860489e-07	-3.181675e-10	-6.151437e+00	-2.328275e+01
1.660000e-06	-8.398433e-07	-3.090051e-10	-5.830653e+00	-2.273011e+01
1.670000e-06	-7.935429e-07	-3.007919e-10	-5.509210e+00	-2.216393e+01
1.680000e-06	-7.470488e-07	-2.910183e-10	-5.186422e+00	-2.158377e+01
1.690000e-06	-7.004127e-07	-2.835027e-10	-4.862649e+00	-2.098917e+01
1.700000e-06	-6.539182e-07	-2.777143e-10	-4.539859e+00	-2.037969e+01
1.710000e-06	-6.075043e-07	-2.688851e-10	-4.217628e+00	-1.975491e+01
1.720000e-06	-5.609660e-07	-2.594513e-10	-3.894533e+00	-1.911444e+01
1.730000e-06	-5.143117e-07	-2.500836e-10	-3.570634e+00	-1.845793e+01
1.740000e-06	-4.675429e-07	-2.389323e-10	-3.245939e+00	-1.778504e+01
1.750000e-06	-4.207122e-07	-2.270899e-10	-2.920815e+00	-1.709550e+01
1.760000e-06	-3.739097e-07	-2.165344e-10	-2.595886e+00	-1.638906e+01
1.770000e-06	-3.271143e-07	-2.078010e-10	-2.271007e+00	-1.566555e+01
1.780000e-06	-2.803179e-07	-2.000461e-10	-1.946121e+00	-1.492482e+01
1.790000e-06	-2.335103e-07	-1.902654e-10	-1.621157e+00	-1.416680e+01
1.800000e-06	-1.866458e-07	-1.771295e-10	-1.295798e+00	-1.339149e+01
1.810000e-06	-1.397400e-07	-1.610286e-10	-9.701518e-01	-1.259894e+01
1.820000e-06	-9.280736e-08	-1.472162e-10	-6.443195e-01	-1.178928e+01
1.830000e-06	-4.585467e-08	-1.365151e-10	-3.183482e-01	-1.096270e+01
1.840000e-06	1.092060e-09	-1.262499e-10	7.581677e-03	-1.011948e+01
1.850000e-06	4.801602e-08	-1.173084e-10	3.333535e-01	-9.259979e+00
1.860000e-06	9.490255e-08	-1.080986e-10	6.588656e-01	-8.384615e+00
1.870000e-06	1.417891e-07	-9.697937e-11	9.843778e-01	-7.493899e+00
1.880000e-06	1.887411e-07	-8.449110e-11	1.310344e+00	-6.588415e+00
1.890000e-06	2.357208e-07	-6.965504e-11	1.636503e+00	-5.668826e+00
1.900000e-06	2.826479e-07	-5.596617e-11	1.962297e+00	-4.735871e+00
1.910000e-06	3.295058e-07	-4.200367e-11	2.287610e+00	-3.790363e+00
1.920000e-06	3.762670e-07	-2.924549e-11	2.612252e+00	-2.833188e+00
1.930000e-06	4.229555e-07	-1.632918e-11	2.936389e+00	-1.865302e+00
1.940000e-06	4.696179e-07	-4.544256e-12	3.260345e+00	-8.877239e-01
1.950000e-06	5.162435e-07	6.619222e-12	3.584046e+00	9.846350e-02
1.960000e-06	5.628515e-07	1.789120e-11	3.907623e+00	1.092122e+00
1.970000e-06	6.094425e-07	3.127700e-11	4.231084e+00	2.092060e+00
1.980000e-06	6.559755e-07	4.735071e-11	4.554142e+00	3.097043e+00
1.990000e-06	7.024242e-07	6.434009e-11	4.876614e+00	4.105795e+00
2.000000e-06	7.488586e-07	8.109486e-11	5.198987e+00	5.117005e+00
2.010000e-06	7.952535e-07	9.708331e-11	5.521086e+00	6.129338e+00
2.020000e-06	8.415135e-07	1.099768e-10	5.842248e+00	7.141438e+00
2.030000e-06	8.877601e-07	1.198688e-10	6.163317e+00	8.151936e+00
2.040000e-06	9.339481e-07	1.298630e-10	6.483980e+00	9.159461e+00
2.050000e-06	9.800180e-07	1.425075e-10	6.803822e+00	1.016264e+01
2.060000e-06	1.026061e-06	1.574290e-10	7.123476e+00	1.116012e+01
2.070000e-06	1.072064e-06	1.742488e-10	7.442855e+00	1.215054e+01
2.080000e-06	1.117970e-06	1.918385e-10	7.761563e+00	1.313260e+01
2.090000e-06	1.163829e-06	2.081418e-10	8.079936e+00	1.410501e+01
2.100000e-06	1.209618e-06	2.213360e-10	8.397828e+00	1.506653e+01
2.110000e-06	1.255230e-06	2.300835e-10	8.714492e+00	1.601595e+01
2.120000e-06	1.300701e-06	2.379921e-10	9.030180e+00	1.695213e+01
2.130000e-06	1.346076e-06	2.471842e-10	9.345197e+00	1.787397e+01
2.140000e-06	1.391463e-06	2.581062e-10	9.660300e+00	1.878047e+01
2.150000e-06	1.436820e-06	2.690231e-10	9.975190e+00	1.967066e+01
2.160000e-06	1.482059e-06	2.812477e-10	1.028927e+01	2.054367e+01
2.170000e-06	1.527235e-06	2.949580e-10	1.060290e+01	2.139870e+01
2.180000e-06	1.572238e-06	3.078656e-10	1.091534e+01	2.223503e+01
2.190000e-06	1.616997e-06	3.190695e-10	1.122608e+01	2.305204e+01
2.200000e-06	1.661638e-06	3.289900e-10	1.153600e+01	2.384916e+01
2.210000e-06	1.706197e-06	3.378414e-10	1.184535e+01	2.462597e+01
2.220000e-06	1.750693e-06	3.487004e-10	1.215427e+01	2.538208e+01
2.230000e-06	1.795118e-06	3.597867e-10	1.246270e+01	2.611722e+01
2.240000e-06	1.839371e-06	3.689689e-10	1.276992e+01	2.683122e+01
2.250000e-06	1.883460e-06	3.768424e-10	1.307601e+01	2.752398e+01
2.260000e-06	1.927426e-06	3.854380e-10	1.338125e+01	2.819549e+01
2.270000e-06	1.971283e-06	3.943767e-10	1.368573e+01	2.884584e+01
2.280000e-06	2.015056e-06	4.033858e-10	1.398962e+01	2.947518e+01
2.290000e-06	2.058773e-06	4.124331e-10	1.429313e+01	3.008376e+01
2.300000e-06	2.102448e-06	4.214943e-10	1.459635e+01	3.067189e+01
2.310000e-06	2.146077e-06	4.299091e-10	1.489924e+01	3.123997e+01
2.320000e-06	2.189628e-06	4.358148e-10	1.520160e+01	3.178843e+01
2.330000e-06	2.233089e-06	4.403241e-10	1.550333e+01	3.231780e+01
2.340000e-06	2.276421e-06	4.459984e-10	1.580416e+01	3.282864e+01
2.350000e-06	2.319527e-06	4.520688e-10	1.610343e+01	3.332157e+01
2.360000e-06	2.362416e-06	4.587173e-10	1.640119e+01	3.379724e+01
2.370000e-06	2.405084e-06	4.657669e-10	1.669741e+01	3.425636e+01
2.380000e-06	2.447464e-06	4.730705e-10	1.699163e+01	3.469963e+01
2.390000e-06	2.489504e-06	4.818161e-10	1.728350e+01	3.512782e+01
2.400000e-06	2.531191e-06	4.896822e-10	1.757292e+01	3.554167e+01
2.410000e-06	2.572540e-06	4.969677e-10	1.785999e+01	3.594196e+01
2.420000e-06	2.613620e-06	5.033151e-10	1.814518e+01	3.632946e+01
2.430000e-06	2.654450e-06	5.091278e-10	1.842865e+01	3.670495e+01
2.440000e-06	2.695024e-06	5.157603e-10	1.871033e+01	3.706918e+01
2.450000e-06	2.735404e-06	5.232916e-10	1.899067e+01	3.742290e+01
2.460000e-06	2.775551e-06	5.300740e-10	1.926940e+01	3.776682e+01
2.470000e-06	2.815487e-06	5.359390e-10	1.954665e+01	3.810166e+01
2.480000e-06	2.855298e-06	5.397039e-10	1.982305e+01	3.842807e+01
2.490000e-06	2.895001e-06	5.433965e-10	2.009868e+01	3.874669e+01
2.500000e-06	2.934651e-06	5.509627e-10	2.037396e+01	3.905810e+01
2.510000e-06	2.974168e-06	5.597539e-10	2.064831e+01	3.936287e+01
2.520000e-06	3.013473e-06	5.659721e-10	2.092118e+01	3.966148e+01
2.530000e-06	3.052570e-06	5.689239e-10	2.119262e+01	3.995441e+01
2.540000e-06	3.091466e-06	5.709596e-10	2.146265e+01	4.024206e+01
2.550000e-06	3.130116e-06	5.734091e-10	2.173098e+01	4.052478e+01
2.560000e-06	3.168423e-06	5.766964e-10	2.199693e+01	4.080288e+01
2.570000e-06	3.206603e-06	5.808113e-10	2.226199e+01	4.107662e+01
2.580000e-06	3.244681e-06	5.840551e-10	2.252636e+01	4.134619e+01
2.590000e-06	3.282470e-06	5.882383e-10	2.278871e+01	4.161176e+01
2.600000e-06	3.319997e-06	5.933784e-10	2.304924e+01	4.187343e+01
2.610000e-06	3.357364e-06	5.978023e-10	2.330866e+01	4.213126e+01
2.620000e-06	3.394559e-06	6.015636e-10	2.356689e+01	4.238526e+01
2.630000e-06	3.431465e-06	6.051381e-10	2.382311e+01	4.263540e+01
2.640000e-06	3.468067e-06	6.076383e-10	2.407722e+01	4.288162e+01
2.650000e-06	3.504364e-06	6.082575e-10	2.432922e+01	4.312381e+01
2.660000e-06	3.540418e-06	6.097005e-10	2.457952e+01	4.336185e+01
2.670000e-06	3.576309e-06	6.112989e-10	2.482870e+01	4.359557e+01
2.680000e-06	3.612074e-06	6.137668e-10	2.507700e+01	4.382479e+01
2.690000e-06	3.647731e-06	6.192155e-10	2.532455e+01	4.404930e+01
2.700000e-06	3.683239e-06	6.251882e-10	2.557107e+01	4.426888e+01
2.710000e-06	3.718597e-06	6.304559e-10	2.581654e+01	4.448331e+01
2.720000e-06	3.753736e-06	6.361677e-10	2.606049e+01	4.469234e+01
2.730000e-06	3.788562e-06	6.402417e-10	2.630228e+01	4.489574e+01
2.740000e-06	3.822964e-06	6.408151e-10	2.654111e+01	4.509328e+01
2.750000e-06	3.856830e-06	6.399444e-10	2.677623e+01	4.528471e+01
2.760000e-06	3.890148e-06	6.401483e-10	2.700754e+01	4.546983e+01
2.770000e-06	3.922983e-06	6.435207e-10	2.723550e+01	4.564843e+01
2.780000e-06	3.955450e-06	6.497998e-10	2.746090e+01	4.582031e+01
2.790000e-06	3.987622e-06	6.562033e-10	2.768426e+01	4.598531e+01
2.800000e-06	4.019571e-06	6.613871e-10	2.790606e+01	4.614327e+01
2.810000e-06	4.051336e-06	6.657155e-10	2.812660e+01	4.629409e+01
2.820000e-06	4.082975e-06	6.681486e-10	2.834625e+01	4.643766e+01
2.830000e-06	4.114485e-06	6.675318e-10	2.856501e+01	4.657393e+01
2.840000e-06	4.145784e-06	6.650776e-10	2.878231e+01	4.670286e+01
2.850000e-06	4.176763e-06	6.656003e-10	2.899738e+01	4.682444e+01
2.860000e-06	4.207365e-06	6.691702e-10	2.920983e+01	4.693872e+01
2.870000e-06	4.237606e-06	6.724449e-10	2.941979e+01	4.704575e+01
2.880000e-06	4.267532e-06	6.768211e-10	2.962754e+01	4.714563e+01
2.890000e-06	4.297200e-06	6.805704e-10	2.983352e+01	4.723849e+01
2.900000e-06	4.326600e-06	6.830923e-10	3.003763e+01	4.732448e+01
2.910000e-06	4.355750e-06	6.852850e-10	3.024000e+01	4.740381e+01
2.920000e-06	4.384540e-06	6.854585e-10	3.043988e+01	4.747667e+01
2.930000e-06	4.412913e-06	6.841608e-10	3.063686e+01	4.754332e+01
2.940000e-06	4.440988e-06	6.824257e-10	3.083177e+01	4.760402e+01
2.950000e-06	4.468907e-06	6.826794e-10	3.102560e+01	4.765907e+01
2.960000e-06	4.496706e-06	6.847853e-10	3.121860e+01	4.770876e+01
2.970000e-06	4.524371e-06	6.883331e-10	3.141066e+01	4.775343e+01
2.980000e-06	4.551869e-06	6.928459e-10	3.160157e+01	4.779340e+01
2.990000e-06	4.579096e-06	6.953981e-10	3.179059e+01	4.782904e+01
3.000000e-06	4.605936e-06	6.938451e-10	3.197693e+01	4.786069e+01
3.010000e-06	4.632257e-06	6.906989e-10	3.215967e+01	4.788872e+01
3.020000e-06	4.658000e-06	6.900450e-10	3.233839e+01	4.791348e+01
3.030000e-06	4.683205e-06	6.911185e-10	3.251338e+01	4.793534e+01
3.040000e-06	4.707850e-06	6.947172e-10	3.268448e+01	4.795465e+01
3.050000e-06	4.731975e-06	6.974194e-10	3.285196e+01	4.797176e+01
3.060000e-06	4.755792e-06	6.989086e-10	3.301731e+01	4.798701e+01
3.070000e-06	4.779451e-06	6.975727e-10	3.318157e+01	4.800071e+01
3.080000e-06	4.802899e-06	6.938518e-10	3.334436e+01	4.801318e+01
3.090000e-06	4.825979e-06	6.926589e-10	3.350459e+01	4.802471e+01
3.100000e-06	4.848605e-06	6.935847e-10	3.366168e+01	4.803556e+01
3.110000e-06	4.870877e-06	6.964936e-10	3.381630e+01	4.804600e+01
3.120000e-06	4.892949e-06	6.996867e-10	3.396953e+01	4.805625e+01
3.130000e-06	4.914773e-06	7.004271e-10	3.412105e+01	4.806650e+01
3.140000e-06	4.936332e-06	6.987453e-10	3.427072e+01	4.807695e+01
3.150000e-06	4.957555e-06	6.954327e-10	3.441806e+01	4.808775e+01
3.160000e-06	4.978359e-06	6.941060e-10	3.456250e+01	4.809901e+01
3.170000e-06	4.998747e-06	6.967988e-10	3.470404e+01	4.811086e+01
3.180000e-06	5.018736e-06	7.022291e-10	3.484281e+01	4.812336e+01
3.190000e-06	5.038528e-06	7.084118e-10	3.498022e+01	4.813657e+01
3.200000e-06	5.058194e-06	7.108823e-10	3.511676e+01	4.815051e+01
3.210000e-06	5.077674e-06	7.092433e-10	3.525199e+01	4.816520e+01
3.220000e-06	5.096895e-06	7.064840e-10	3.538544e+01	4.818061e+01
3.230000e-06	5.115604e-06	7.041617e-10	3.551533e+01	4.819671e+01
3.240000e-06	5.133696e-06	7.041880e-10	3.564093e+01	4.821344e+01
3.250000e-06	5.151354e-06	7.058006e-10	3.576352e+01	4.823073e+01
3.260000e-06	5.168652e-06	7.061025e-10	3.588361e+01	4.824849e+01
3.270000e-06	5.185655e-06	7.053518e-10	3.600166e+01	4.826662e+01
3.280000e-06	5.202364e-06	7.081931e-10	3.611766e+01	4.828500e+01
3.290000e-06	5.218737e-06	7.133479e-10	3.623133e+01	4.830352e+01
3.300000e-06	5.234834e-06	7.150308e-10	3.634309e+01	4.832204e+01
3.310000e-06	5.250532e-06	7.151511e-10	3.645207e+01	4.834044e+01
3.320000e-06	5.265672e-06	7.165544e-10	3.655718e+01	4.835857e+01
3.330000e-06	5.280226e-06	7.182616e-10	3.665822e+01	4.837630e+01
3.340000e-06	5.294336e-06	7.196840e-10	3.675618e+01	4.839348e+01
3.350000e-06	5.308167e-06	7.205302e-10	3.685220e+01	4.841000e+01
3.360000e-06	5.321654e-06	7.193053e-10	3.694584e+01	4.842573e+01
3.370000e-06	5.334798e-06	7.165333e-10	3.703709e+01	4.844054e+01
3.380000e-06	5.347589e-06	7.145196e-10	3.712590e+01	4.845432e+01
3.390000e-06	5.359969e-06	7.145448e-10	3.721185e+01	4.846697e+01
3.400000e-06	5.371988e-06	7.151139e-10	3.729529e+01	4.847840e+01
3.410000e-06	5.383685e-06	7.179712e-10	3.737649e+01	4.848854e+01
3.420000e-06	5.395068e-06	7.203089e-10	3.745552e+01	4.849731e+01
3.430000e-06	5.406091e-06	7.211532e-10	3.753205e+01	4.850468e+01
3.440000e-06	5.416541e-06	7.229782e-10	3.760460e+01	4.851059e+01
3.450000e-06	5.426191e-06	7.236814e-10	3.767159e+01	4.851503e+01
3.460000e-06	5.435032e-06	7.247055e-10	3.773297e+01	4.851799e+01
3.470000e-06	5.443284e-06	7.237788e-10	3.779026e+01	4.851947e+01
3.480000e-06	5.451233e-06	7.237334e-10	3.784544e+01	4.851950e+01
3.490000e-06	5.459001e-06	7.256809e-10	3.789938e+01	4.851811e+01
3.500000e-06	5.466550e-06	7.270653e-10	3.795178e+01	4.851534e+01
3.510000e-06	5.473809e-06	7.317546e-10	3.800219e+01	4.851126e+01
3.520000e-06	5.480697e-06	7.358012e-10	3.805001e+01	4.850593e+01
3.530000e-06	5.487122e-06	7.378405e-10	3.809461e+01	4.849943e+01
3.540000e-06	5.493180e-06	7.344221e-10	3.813667e+01	4.849186e+01
3.550000e-06	5.498950e-06	7.309720e-10	3.817673e+01	4.848330e+01
3.560000e-06	5.504374e-06	7.290481e-10	3.821438e+01	4.847385e+01
3.570000e-06	5.509407e-06	7.264102e-10	3.824933e+01	4.846364e+01
3.580000e-06	5.513950e-06	7.265191e-10	3.828087e+01	4.845276e+01
3.590000e-06	5.518067e-06	7.282643e-10	3.830944e+01	4.844134e+01
3.600000e-06	5.521936e-06	7.307005e-10	3.833631e+01	4.842948e+01
3.610000e-06	5.525610e-06	7.338385e-10	3.836181e+01	4.841729e+01
3.620000e-06	5.529048e-06	7.359550e-10	3.838569e+01	4.840490e+01
3.630000e-06	5.532186e-06	7.344301e-10	3.840747e+01	4.839240e+01
3.640000e-06	5.534962e-06	7.319544e-10	3.842674e+01	4.837990e+01
3.650000e-06	5.537202e-06	7.310582e-10	3.844229e+01	4.836750e+01
3.660000e-06	5.538672e-06	7.332116e-10	3.845250e+01	4.835528e+01
3.670000e-06	5.539450e-06	7.376251e-10	3.845790e+01	4.834334e+01
3.680000e-06	5.539753e-06	7.424727e-10	3.846000e+01	4.833174e+01
3.690000e-06	5.539730e-06	7.451829e-10	3.845984e+01	4.832054e+01
3.700000e-06	5.539473e-06	7.444190e-10	3.845806e+01	4.830981e+01
3.710000e-06	5.539017e-06	7.435671e-10	3.845489e+01	4.829959e+01
3.720000e-06	5.538267e-06	7.438249e-10	3.844969e+01	4.828990e+01
3.730000e-06	5.537128e-06	7.436447e-10	3.844178e+01	4.828078e+01
3.740000e-06	5.535544e-06	7.448361e-10	3.843078e+01	4.827224e+01
3.750000e-06	5.533530e-06	7.582396e-10	3.841680e+01	4.826426e+01
3.760000e-06	5.531278e-06	8.055590e-10	3.840116e+01	4.825685e+01
3.770000e-06	5.528752e-06	8.124153e-10	3.838363e+01	4.824998e+01
3.780000e-06	5.525748e-06	6.636079e-10	3.836277e+01	4.824362e+01
3.790000e-06	5.522093e-06	5.521454e-10	3.833739e+01	4.823772e+01
3.800000e-06	5.517877e-06	7.030877e-10	3.830813e+01	4.823223e+01
3.810000e-06	5.513418e-06	8.917653e-10	3.827717e+01	4.822710e+01
3.820000e-06	5.508952e-06	8.447160e-10	3.824617e+01	4.822225e+01
3.830000e-06	5.504383e-06	6.768886e-10	3.821445e+01	4.821761e+01
3.840000e-06	5.499105e-06	7.414310e-10	3.817780e+01	4.821310e+01
3.850000e-06	5.493034e-06	8.833831e-10	3.813566e+01	4.820861e+01
3.860000e-06	5.486795e-06	7.626691e-10	3.809234e+01	4.820407e+01
3.870000e-06	5.480439e-06	5.463884e-10	3.804821e+01	4.819937e+01
3.880000e-06	5.473387e-06	6.952731e-10	3.799925e+01	4.819442e+01
3.890000e-06	5.465508e-06	9.928474e-10	3.794456e+01	4.818909e+01
3.900000e-06	5.457326e-06	8.804114e-10	3.788775e+01	4.818330e+01
3.910000e-06	5.449025e-06	5.930563e-10	3.783012e+01	4.817693e+01
3.920000e-06	5.440246e-06	6.467839e-10	3.776917e+01	4.816987e+01
3.930000e-06	5.431016e-06	8.993183e-10	3.770509e+01	4.816202e+01
3.940000e-06	5.421696e-06	8.239037e-10	3.764038e+01	4.815327e+01
3.950000e-06	5.412094e-06	6.606842e-10	3.757372e+01	4.814352e+01
3.960000e-06	5.401817e-06	7.312083e-10	3.750238e+01	4.813265e+01
3.970000e-06	5.391110e-06	8.549858e-10	3.742804e+01	4.812058e+01
3.980000e-06	5.380317e-06	7.572191e-10	3.735311e+01	4.810719e+01
3.990000e-06	5.369133e-06	6.887807e-10	3.727547e+01	4.809241e+01
4.000000e-06	5.357286e-06	7.741421e-10	3.719322e+01	4.807612e+01
4.010000e-06	5.345103e-06	8.156635e-10	3.710864e+01	4.805826e+01
4.020000e-06	5.332664e-06	7.355477e-10	3.702228e+01	4.803872e+01
4.030000e-06	5.319619e-06	7.009390e-10	3.693171e+01	4.801744e+01
4.040000e-06	5.306068e-06	7.586584e-10	3.683763e+01	4.799433e+01
4.050000e-06	5.292286e-06	7.911044e-10	3.674195e+01	4.796931e+01
4.060000e-06	5.277871e-06	7.233786e-10	3.664188e+01	4.794233e+01
4.070000e-06	5.262526e-06	6.653831e-10	3.653534e+01	4.791330e+01
4.080000e-06	5.246711e-06	7.550561e-10	3.642554e+01	4.788218e+01
4.090000e-06	5.230704e-06	8.335274e-10	3.631441e+01	4.784890e+01
4.100000e-06	5.214305e-06	7.229467e-10	3.620056e+01	4.781340e+01
4.110000e-06	5.197583e-06	6.470884e-10	3.608447e+01	4.777564e+01
4.120000e-06	5.180735e-06	7.958915e-10	3.596750e+01	4.773555e+01
4.130000e-06	5.163545e-06	8.144146e-10	3.584816e+01	4.769311e+01
4.140000e-06	5.145804e-06	6.665138e-10	3.572499e+01	4.764825e+01
4.150000e-06	5.127710e-06	7.215002e-10	3.559937e+01	4.760095e+01
4.160000e-06	5.109393e-06	8.534480e-10	3.547221e+01	4.755116e+01
4.170000e-06	5.090709e-06	7.055548e-10	3.534250e+01	4.749886e+01
4.180000e-06	5.071670e-06	6.446438e-10	3.521031e+01	4.744400e+01
4.190000e-06	5.052331e-06	8.175761e-10	3.507605e+01	4.738657e+01
4.200000e-06	5.032618e-06	7.844590e-10	3.493919e+01	4.732654e+01
4.210000e-06	5.012542e-06	6.288335e-10	3.479981e+01	4.726388e+01
4.220000e-06	4.992290e-06	7.573695e-10	3.465922e+01	4.719858e+01
4.230000e-06	4.971903e-06	8.192076e-10	3.451768e+01	4.713064e+01
4.240000e-06	4.951248e-06	6.626741e-10	3.437428e+01	4.706003e+01
4.250000e-06	4.930230e-06	7.026849e-10	3.422836e+01	4.698676e+01
4.260000e-06	4.908599e-06	8.242744e-10	3.407818e+01	4.691083e+01
4.270000e-06	4.886230e-06	6.913863e-10	3.392289e+01	4.683225e+01
4.280000e-06	4.863333e-06	6.574442e-10	3.376393e+01	4.675102e+01
4.290000e-06	4.839998e-06	8.046702e-10	3.360192e+01	4.666717e+01
4.300000e-06	4.816261e-06	7.496319e-10	3.343712e+01	4.658073e+01
4.310000e-06	4.792213e-06	6.410802e-10	3.327017e+01	4.649171e+01
4.320000e-06	4.767923e-06	7.456197e-10	3.310154e+01	4.640018e+01
4.330000e-06	4.743412e-06	7.772886e-10	3.293137e+01	4.630615e+01
4.340000e-06	4.718691e-06	6.860161e-10	3.275974e+01	4.620971e+01
4.350000e-06	4.693649e-06	7.209080e-10	3.258589e+01	4.611089e+01
4.360000e-06	4.668174e-06	7.612018e-10	3.240902e+01	4.600978e+01
4.370000e-06	4.642305e-06	6.867022e-10	3.222942e+01	4.590644e+01
4.380000e-06	4.616141e-06	6.821621e-10	3.204778e+01	4.580097e+01
4.390000e-06	4.589773e-06	7.394271e-10	3.186472e+01	4.569344e+01
4.400000e-06	4.563090e-06	7.134185e-10	3.167947e+01	4.558397e+01
4.410000e-06	4.536046e-06	6.912399e-10	3.149172e+01	4.547264e+01
4.420000e-06	4.508693e-06	7.256613e-10	3.130182e+01	4.535958e+01
4.430000e-06	4.481005e-06	7.313460e-10	3.110959e+01	4.524489e+01
4.440000e-06	4.453061e-06	7.077797e-10	3.091559e+01	4.512871e+01
4.450000e-06	4.424943e-06	7.129353e-10	3.072038e+01	4.501114e+01
4.460000e-06	4.396716e-06	7.122137e-10	3.052442e+01	4.489232e+01
4.470000e-06	4.368370e-06	6.986466e-10	3.032762e+01	4.477238e+01
4.480000e-06	4.339741e-06	6.992781e-10	3.012886e+01	4.465145e+01
4.490000e-06	4.310663e-06	7.137005e-10	2.992698e+01	4.452965e+01
4.500000e-06	4.281147e-06	7.038030e-10	2.972207e+01	4.440712e+01
4.510000e-06	4.251146e-06	7.014557e-10	2.951379e+01	4.428398e+01
4.520000e-06	4.220523e-06	7.056470e-10	2.930118e+01	4.416035e+01
4.530000e-06	4.189332e-06	6.983711e-10	2.908464e+01	4.403635e+01
4.540000e-06	4.157750e-06	6.924521e-10	2.886538e+01	4.391209e+01
4.550000e-06	4.125911e-06	7.064396e-10	2.864434e+01	4.378766e+01
4.560000e-06	4.093850e-06	6.974560e-10	2.842175e+01	4.366317e+01
4.570000e-06	4.061597e-06	6.821660e-10	2.819784e+01	4.353869e+01
4.580000e-06	4.029187e-06	6.941533e-10	2.797282e+01	4.341429e+01
4.590000e-06	3.996644e-06	7.000876e-10	2.774689e+01	4.329003e+01
4.600000e-06	3.963903e-06	6.838760e-10	2.751959e+01	4.316594e+01
4.610000e-06	3.930845e-06	6.877333e-10	2.729008e+01	4.304205e+01
4.620000e-06	3.897425e-06	6.954274e-10	2.705806e+01	4.291837e+01
4.630000e-06	3.863673e-06	6.797308e-10	2.682374e+01	4.279489e+01
4.640000e-06	3.829679e-06	6.747590e-10	2.658773e+01	4.267158e+01
4.650000e-06	3.795471e-06	6.841200e-10	2.635024e+01	4.254839e+01
4.660000e-06	3.761034e-06	6.737529e-10	2.611116e+01	4.242526e+01
4.670000e-06	3.726365e-06	6.631952e-10	2.587047e+01	4.230210e+01
4.680000e-06	3.691457e-06	6.775748e-10	2.562812e+01	4.217880e+01
4.690000e-06	3.656266e-06	6.810227e-10	2.538380e+01	4.205525e+01
4.700000e-06	3.620779e-06	6.656960e-10	2.513743e+01	4.193128e+01
4.710000e-06	3.585004e-06	6.638453e-10	2.488906e+01	4.180675e+01
4.720000e-06	3.548988e-06	6.735344e-10	2.463902e+01	4.168147e+01
4.730000e-06	3.512822e-06	6.649277e-10	2.438794e+01	4.155524e+01
4.740000e-06	3.476527e-06	6.593874e-10	2.413596e+01	4.142784e+01
4.750000e-06	3.440179e-06	6.628516e-10	2.388361e+01	4.129905e+01
4.760000e-06	3.403746e-06	6.555579e-10	2.363067e+01	4.116862e+01
4.770000e-06	3.367109e-06	6.421278e-10	2.337632e+01	4.103629e+01
4.780000e-06	3.330219e-06	6.493901e-10	2.312021e+01	4.090180e+01
4.790000e-06	3.292981e-06	6.547961e-10	2.286168e+01	4.076487e+01
4.800000e-06	3.255314e-06	6.484652e-10	2.260017e+01	4.062522e+01
4.810000e-06	3.217148e-06	6.473553e-10	2.233520e+01	4.048256e+01
4.820000e-06	3.178527e-06	6.511821e-10	2.206708e+01	4.033660e+01
4.830000e-06	3.139575e-06	6.434348e-10	2.179665e+01	4.018704e+01
4.840000e-06	3.100283e-06	6.370144e-10	2.152386e+01	4.003360e+01
4.850000e-06	3.060715e-06	6.388367e-10	2.124916e+01	3.987599e+01
4.860000e-06	3.021055e-06	6.347212e-10	2.097382e+01	3.971392e+01
4.870000e-06	2.981195e-06	6.266677e-10	2.069709e+01	3.954712e+01
4.880000e-06	2.941080e-06	6.277721e-10	2.041859e+01	3.937531e+01
4.890000e-06	2.900843e-06	6.278643e-10	2.013924e+01	3.919825e+01
4.900000e-06	2.860479e-06	6.227424e-10	1.985901e+01	3.901569e+01
4.910000e-06	2.819990e-06	6.209477e-10	1.957791e+01	3.882740e+01
4.920000e-06	2.779354e-06	6.209673e-10	1.929580e+01	3.863316e+01
4.930000e-06	2.738527e-06	6.155791e-10	1.901235e+01	3.843277e+01
4.940000e-06	2.697442e-06	6.122383e-10	1.872712e+01	3.822605e+01
4.950000e-06	2.656176e-06	6.128382e-10	1.844063e+01	3.801284e+01
4.960000e-06	2.614859e-06	6.068955e-10	1.815378e+01	3.779299e+01
4.970000e-06	2.573386e-06	5.990506e-10	1.786586e+01	3.756636e+01
4.980000e-06	2.531626e-06	5.969407e-10	1.757594e+01	3.733286e+01
4.990000e-06	2.489662e-06	5.964045e-10	1.728460e+01	3.709238e+01
5.000000e-06	2.447626e-06	5.911752e-10	1.699276e+01	3.684486e+01
5.010000e-06	2.405435e-06	5.886018e-10	1.669985e+01	3.659023e+01
5.020000e-06	2.363035e-06	5.870788e-10	1.640548e+01	3.632846e+01
5.030000e-06	2.320457e-06	5.825579e-10	1.610988e+01	3.605951e+01
5.040000e-06	2.277735e-06	5.775685e-10	1.581328e+01	3.578336e+01
5.050000e-06	2.234879e-06	5.754481e-10	1.551575e+01	3.550002e+01
5.060000e-06	2.191888e-06	5.722120e-10	1.521729e+01	3.520948e+01
5.070000e-06	2.148777e-06	5.679074e-10	1.491799e+01	3.491177e+01
5.080000e-06	2.105477e-06	5.636450e-10	1.461737e+01	3.460688e+01
5.090000e-06	2.061985e-06	5.616454e-10	1.431543e+01	3.429484e+01
5.100000e-06	2.018298e-06	5.598507e-10	1.401213e+01	3.397566e+01
5.110000e-06	1.974476e-06	5.567957e-10	1.370790e+01	3.364937e+01
5.120000e-06	1.930525e-06	5.517439e-10	1.340276e+01	3.331595e+01
5.130000e-06	1.886486e-06	5.458098e-10	1.309702e+01	3.297542e+01
5.140000e-06	1.842448e-06	5.411259e-10	1.279129e+01	3.262776e+01
5.150000e-06	1.798322e-06	5.375062e-10	1.248494e+01	3.227294e+01
5.160000e-06	1.754062e-06	5.327593e-10	1.217766e+01	3.191092e+01
5.170000e-06	1.709749e-06	5.266242e-10	1.187001e+01	3.154164e+01
5.180000e-06	1.665441e-06	5.203245e-10	1.156240e+01	3.116503e+01
5.190000e-06	1.621069e-06	5.164888e-10	1.125435e+01	3.078096e+01
5.200000e-06	1.576598e-06	5.107866e-10	1.094561e+01	3.038932e+01
5.210000e-06	1.532044e-06	5.040820e-10	1.063629e+01	2.998996e+01
5.220000e-06	1.487398e-06	4.975213e-10	1.032634e+01	2.958269e+01
5.230000e-06	1.442612e-06	4.912699e-10	1.001541e+01	2.916730e+01
5.240000e-06	1.397754e-06	4.825288e-10	9.703972e+00	2.874356e+01
5.250000e-06	1.352869e-06	4.709305e-10	9.392361e+00	2.831120e+01
5.260000e-06	1.307808e-06	4.604755e-10	9.079521e+00	2.786994e+01
5.270000e-06	1.262643e-06	4.550804e-10	8.765957e+00	2.741945e+01
5.280000e-06	1.217420e-06	4.523804e-10	8.451997e+00	2.695938e+01
5.290000e-06	1.172127e-06	4.466683e-10	8.137545e+00	2.648937e+01
5.300000e-06	1.126697e-06	4.393817e-10	7.822152e+00	2.600903e+01
5.310000e-06	1.081114e-06	4.309549e-10	7.505687e+00	2.551793e+01
5.320000e-06	1.035407e-06	4.210063e-10	7.188365e+00	2.501565e+01
5.330000e-06	9.896460e-07	4.130302e-10	6.870665e+00	2.450175e+01
5.340000e-06	9.439479e-07	4.084515e-10	6.553404e+00	2.397576e+01
5.350000e-06	8.981204e-07	4.024593e-10	6.235244e+00	2.343722e+01
5.360000e-06	8.520857e-07	3.944227e-10	5.915646e+00	2.288566e+01
5.370000e-06	8.059809e-07	3.862863e-10	5.595561e+00	2.232061e+01
5.380000e-06	7.598290e-07	3.761622e-10	5.275150e+00	2.174160e+01
5.390000e-06	7.136086e-07	3.654590e-10	4.954262e+00	2.114820e+01
5.400000e-06	6.673326e-07	3.559589e-10	4.632989e+00	2.053995e+01
5.410000e-06	6.210463e-07	3.460500e-10	4.311644e+00	1.991643e+01
5.420000e-06	5.747796e-07	3.367908e-10	3.990435e+00	1.927726e+01
5.430000e-06	5.284328e-07	3.303820e-10	3.668670e+00	1.862208e+01
5.440000e-06	4.819542e-07	3.266674e-10	3.345991e+00	1.795054e+01
5.450000e-06	4.353948e-07	3.190612e-10	3.022749e+00	1.726238e+01
5.460000e-06	3.887822e-07	3.057569e-10	2.699139e+00	1.655733e+01
5.470000e-06	3.422039e-07	2.886081e-10	2.375767e+00	1.583522e+01
5.480000e-06	2.956521e-07	2.711345e-10	2.052579e+00	1.509591e+01
5.490000e-06	2.490844e-07	2.559958e-10	1.729281e+00	1.433931e+01
5.500000e-06	2.025167e-07	2.462971e-10	1.405982e+00	1.356542e+01
5.510000e-06	1.558800e-07	2.375648e-10	1.082204e+00	1.277427e+01
5.520000e-06	1.092092e-07	2.266192e-10	7.581904e-01	1.196601e+01
5.530000e-06	6.253077e-08	2.164323e-10	4.341229e-01	1.114080e+01
5.540000e-06	1.590420e-08	2.052209e-10	1.104157e-01	1.029894e+01
5.550000e-06	-3.069630e-08	1.897481e-10	-2.131106e-01	9.440754e+00
5.560000e-06	-7.735838e-08	1.702827e-10	-5.370643e-01	8.566670e+00
5.570000e-06	-1.239814e-07	1.475437e-10	-8.607472e-01	7.677189e+00
5.580000e-06	-1.705784e-07	1.284262e-10	-1.184249e+00	6.772888e+00
5.590000e-06	-2.172076e-07	1.121028e-10	-1.507974e+00	5.854424e+00
5.600000e-06	-2.638440e-07	1.001507e-10	-1.831750e+00	4.922528e+00
5.610000e-06	-3.104558e-07	8.995833e-11	-2.155354e+00	3.978010e+00
5.620000e-06	-3.570034e-07	7.847590e-11	-2.478513e+00	3.021749e+00
5.630000e-06	-4.035668e-07	6.336359e-11	-2.801782e+00	2.054693e+00
5.640000e-06	-4.500688e-07	4.330193e-11	-3.124624e+00	1.077859e+00
5.650000e-06	-4.964428e-07	2.040766e-11	-3.446578e+00	9.232252e-02
5.660000e-06	-5.427402e-07	-9.117667e-13	-3.768000e+00	-9.007814e-01
5.670000e-06	-5.890688e-07	-1.972719e-11	-4.089638e+00	-1.900267e+00
5.680000e-06	-6.354816e-07	-3.664763e-11	-4.411862e+00	-2.904901e+00
5.690000e-06	-6.817958e-07	-5.117129e-11	-4.733400e+00	-3.913412e+00
5.700000e-06	-7.279472e-07	-6.580053e-11	-5.053809e+00	-4.924491e+00
5.710000e-06	-7.740897e-07	-8.154135e-11	-5.374155e+00	-5.936806e+00
5.720000e-06	-8.202689e-07	-1.008163e-10	-5.694756e+00	-6.949001e+00
5.730000e-06	-8.663874e-07	-1.199220e-10	-6.014936e+00	-7.959709e+00
5.740000e-06	-9.123624e-07	-1.366229e-10	-6.334120e+00	-8.967557e+00
5.750000e-06	-9.581626e-07	-1.517853e-10	-6.652090e+00	-9.971175e+00
5.760000e-06	-1.003824e-06	-1.688103e-10	-6.969097e+00	-1.096920e+01
5.770000e-06	-1.049428e-06	-1.839377e-10	-7.285706e+00	-1.196029e+01
5.780000e-06	-1.094981e-06	-1.968318e-10	-7.601961e+00	-1.294312e+01
5.790000e-06	-1.140444e-06	-2.095795e-10	-7.917588e+00	-1.391641e+01
5.800000e-06	-1.185807e-06	-2.231430e-10	-8.232524e+00	-1.487890e+01
5.810000e-06	-1.231056e-06	-2.367042e-10	-8.546666e+00	-1.582939e+01
5.820000e-06	-1.276166e-06	-2.499916e-10	-8.859846e+00	-1.676674e+01
5.830000e-06	-1.321138e-06	-2.621354e-10	-9.172065e+00	-1.768985e+01
5.840000e-06	-1.366014e-06	-2.755991e-10	-9.483621e+00	-1.859769e+01
5.850000e-06	-1.410798e-06	-2.916275e-10	-9.794533e+00	-1.948929e+01
5.860000e-06	-1.455488e-06	-3.096630e-10	-1.010480e+01	-2.036379e+01
5.870000e-06	-1.500112e-06	-3.264921e-10	-1.041460e+01	-2.122037e+01
5.880000e-06	-1.544714e-06	-3.425258e-10	-1.072425e+01	-2.205831e+01
5.890000e-06	-1.589224e-06	-3.561705e-10	-1.103327e+01	-2.287697e+01
5.900000e-06	-1.633635e-06	-3.659480e-10	-1.134159e+01	-2.367579e+01
5.910000e-06	-1.677989e-06	-3.760907e-10	-1.164952e+01	-2.445433e+01
5.920000e-06	-1.722260e-06	-3.886594e-10	-1.195687e+01	-2.521220e+01
5.930000e-06	-1.766465e-06	-3.991023e-10	-1.226377e+01	-2.594912e+01
5.940000e-06	-1.810626e-06	-4.088913e-10	-1.257036e+01	-2.666491e+01
5.950000e-06	-1.854705e-06	-4.223072e-10	-1.287638e+01	-2.735947e+01
5.960000e-06	-1.898707e-06	-4.363316e-10	-1.318187e+01	-2.803277e+01
5.970000e-06	-1.942599e-06	-4.506032e-10	-1.348658e+01	-2.868490e+01
5.980000e-06	-1.986371e-06	-4.653886e-10	-1.379048e+01	-2.931601e+01
5.990000e-06	-2.030041e-06	-4.779895e-10	-1.409366e+01	-2.992633e+01
6.000000e-06	-2.073610e-06	-4.852938e-10	-1.439614e+01	-3.051618e+01
6.010000e-06	-2.117026e-06	-4.914245e-10	-1.469756e+01	-3.108593e+01
6.020000e-06	-2.160244e-06	-4.991858e-10	-1.499760e+01	-3.163603e+01
6.030000e-06	-2.203257e-06	-5.074821e-10	-1.529621e+01	-3.216699e+01
6.040000e-06	-2.246076e-06	-5.178449e-10	-1.559349e+01	-3.267938e+01
6.050000e-06	-2.288765e-06	-5.313906e-10	-1.588986e+01	-3.317380e+01
6.060000e-06	-2.331322e-06	-5.456092e-10	-1.618531e+01	-3.365091e+01
6.070000e-06	-2.373663e-06	-5.596804e-10	-1.647927e+01	-3.411140e+01
6.080000e-06	-2.415833e-06	-5.701352e-10	-1.677204e+01	-3.455599e+01
6.090000e-06	-2.457931e-06	-5.764919e-10	-1.706431e+01	-3.498543e+01
6.100000e-06	-2.499846e-06	-5.796791e-10	-1.735530e+01	-3.540047e+01
6.110000e-06	-2.541567e-06	-5.812715e-10	-1.764495e+01	-3.580188e+01
6.120000e-06	-2.583199e-06	-5.861439e-10	-1.793398e+01	-3.619045e+01
6.130000e-06	-2.624640e-06	-5.941331e-10	-1.822169e+01	-3.656693e+01
6.140000e-06	-2.665816e-06	-6.026880e-10	-1.850756e+01	-3.693209e+01
6.150000e-06	-2.706710e-06	-6.125334e-10	-1.879147e+01	-3.728668e+01
6.160000e-06	-2.747367e-06	-6.226891e-10	-1.907373e+01	-3.763142e+01
6.170000e-06	-2.787901e-06	-6.328737e-10	-1.935513e+01	-3.796701e+01
6.180000e-06	-2.828326e-06	-6.420651e-10	-1.963579e+01	-3.829412e+01
6.190000e-06	-2.868667e-06	-6.468280e-10	-1.991586e+01	-3.861339e+01
6.200000e-06	-2.908884e-06	-6.475787e-10	-2.019507e+01	-3.892541e+01
6.210000e-06	-2.948929e-06	-6.502598e-10	-2.047308e+01	-3.923073e+01
6.220000e-06	-2.988798e-06	-6.542060e-10	-2.074987e+01	-3.952986e+01
6.230000e-06	-3.028553e-06	-6.580057e-10	-2.102588e+01	-3.982327e+01
6.240000e-06	-3.068209e-06	-6.638870e-10	-2.130119e+01	-4.011137e+01
6.250000e-06	-3.107635e-06	-6.716020e-10	-2.157490e+01	-4.039451e+01
6.260000e-06	-3.146622e-06	-6.792571e-10	-2.184557e+01	-4.067301e+01
6.270000e-06	-3.185103e-06	-6.850803e-10	-2.211273e+01	-4.094713e+01
6.280000e-06	-3.223182e-06	-6.879114e-10	-2.237710e+01	-4.121707e+01
6.290000e-06	-3.260872e-06	-6.892413e-10	-2.263876e+01	-4.148299e+01
6.300000e-06	-3.298193e-06	-6.909885e-10	-2.289786e+01	-4.174500e+01
6.310000e-06	-3.335212e-06	-6.944753e-10	-2.315487e+01	-4.200317e+01
6.320000e-06	-3.371973e-06	-6.974012e-10	-2.341009e+01	-4.225751e+01
6.330000e-06	-3.408503e-06	-7.000506e-10	-2.366370e+01	-4.250800e+01
6.340000e-06	-3.444860e-06	-7.034560e-10	-2.391610e+01	-4.275458e+01
6.350000e-06	-3.481149e-06	-7.053845e-10	-2.416804e+01	-4.299713e+01
6.360000e-06	-3.517322e-06	-7.088111e-10	-2.441918e+01	-4.323555e+01
6.370000e-06	-3.553284e-06	-7.158360e-10	-2.466885e+01	-4.346966e+01
6.380000e-06	-3.589011e-06	-7.211731e-10	-2.491688e+01	-4.369928e+01
6.390000e-06	-3.624508e-06	-7.228809e-10	-2.516332e+01	-4.392421e+01
6.400000e-06	-3.659744e-06	-7.260822e-10	-2.540795e+01	-4.414424e+01
6.410000e-06	-3.694688e-06	-7.284346e-10	-2.565055e+01	-4.435913e+01
6.420000e-06	-3.729337e-06	-7.294159e-10	-2.589110e+01	-4.456864e+01
6.430000e-06	-3.763733e-06	-7.304903e-10	-2.612990e+01	-4.477255e+01
6.440000e-06	-3.797895e-06	-7.324286e-10	-2.636707e+01	-4.497061e+01
6.450000e-06	-3.831821e-06	-7.354351e-10	-2.660260e+01	-4.516258e+01
6.460000e-06	-3.865571e-06	-7.380339e-10	-2.683691e+01	-4.534826e+01
6.470000e-06	-3.899006e-06	-7.420301e-10	-2.706904e+01	-4.552743e+01
6.480000e-06	-3.932014e-06	-7.489803e-10	-2.729820e+01	-4.569990e+01
6.490000e-06	-3.964715e-06	-7.525859e-10	-2.752522e+01	-4.586550e+01
6.500000e-06	-3.997198e-06	-7.515808e-10	-2.775074e+01	-4.602408e+01
6.510000e-06	-4.029541e-06	-7.506463e-10	-2.797528e+01	-4.617552e+01
6.520000e-06	-4.061821e-06	-7.508961e-10	-2.819939e+01	-4.631973e+01
6.530000e-06	-4.093926e-06	-7.505594e-10	-2.842228e+01	-4.645663e+01
6.540000e-06	-4.125695e-06	-7.523769e-10	-2.864284e+01	-4.658619e+01
6.550000e-06	-4.157076e-06	-7.549193e-10	-2.886070e+01	-4.670841e+01
6.560000e-06	-4.188087e-06	-7.559620e-10	-2.907600e+01	-4.682331e+01
6.570000e-06	-4.218700e-06	-7.569447e-10	-2.928853e+01	-4.693097e+01
6.580000e-06	-4.248776e-06	-7.584463e-10	-2.949734e+01	-4.703146e+01
6.590000e-06	-4.278200e-06	-7.591301e-10	-2.970161e+01	-4.712493e+01
6.600000e-06	-4.307157e-06	-7.596304e-10	-2.990264e+01	-4.721151e+01
6.610000e-06	-4.335892e-06	-7.602793e-10	-3.010214e+01	-4.729140e+01
6.620000e-06	-4.364439e-06	-7.591063e-10	-3.030033e+01	-4.736482e+01
6.630000e-06	-4.392796e-06	-7.595805e-10	-3.049720e+01	-4.743200e+01
6.640000e-06	-4.420949e-06	-7.622895e-10	-3.069265e+01	-4.749321e+01
6.650000e-06	-4.448888e-06	-7.653103e-10	-3.088662e+01	-4.754874e+01
6.660000e-06	-4.476599e-06	-7.684739e-10	-3.107900e+01	-4.759889e+01
6.670000e-06	-4.503953e-06	-7.722410e-10	-3.126891e+01	-4.764399e+01
6.680000e-06	-4.530895e-06	-7.751833e-10	-3.145595e+01	-4.768437e+01
6.690000e-06	-4.557493e-06	-7.766981e-10	-3.164062e+01	-4.772038e+01
6.700000e-06	-4.583870e-06	-7.758837e-10	-3.182374e+01	-4.775237e+01
6.710000e-06	-4.610014e-06	-7.742254e-10	-3.200524e+01	-4.778071e+01
6.720000e-06	-4.635734e-06	-7.735355e-10	-3.218381e+01	-4.780576e+01
6.730000e-06	-4.661042e-06	-7.735039e-10	-3.235951e+01	-4.782787e+01
6.740000e-06	-4.686041e-06	-7.722841e-10	-3.253306e+01	-4.784740e+01
6.750000e-06	-4.710772e-06	-7.702867e-10	-3.270476e+01	-4.786470e+01
6.760000e-06	-4.735258e-06	-7.690313e-10	-3.287476e+01	-4.788011e+01
6.770000e-06	-4.759560e-06	-7.679540e-10	-3.304348e+01	-4.789396e+01
6.780000e-06	-4.783668e-06	-7.689176e-10	-3.321084e+01	-4.790654e+01
6.790000e-06	-4.807513e-06	-7.741680e-10	-3.337639e+01	-4.791816e+01
6.800000e-06	-4.830968e-06	-7.786640e-10	-3.353923e+01	-4.792908e+01
6.810000e-06	-4.853903e-06	-7.802154e-10	-3.369845e+01	-4.793957e+01
6.820000e-06	-4.876280e-06	-7.802818e-10	-3.385381e+01	-4.794985e+01
6.830000e-06	-4.898071e-06	-7.782960e-10	-3.400509e+01	-4.796012e+01
6.840000e-06	-4.919242e-06	-7.760255e-10	-3.415207e+01	-4.797057e+01
6.850000e-06	-4.939977e-06	-7.740031e-10	-3.429603e+01	-4.798135e+01
6.860000e-06	-4.960433e-06	-7.732413e-10	-3.443805e+01	-4.799260e+01
6.870000e-06	-4.980705e-06	-7.754482e-10	-3.457878e+01	-4.800442e+01
6.880000e-06	-5.000886e-06	-7.790438e-10	-3.471890e+01	-4.801689e+01
6.890000e-06	-5.020797e-06	-7.822482e-10	-3.485713e+01	-4.803006e+01
6.900000e-06	-5.040335e-06	-7.828448e-10	-3.499277e+01	-4.804396e+01
6.910000e-06	-5.059515e-06	-7.789236e-10	-3.512593e+01	-4.805861e+01
6.920000e-06	-5.078263e-06	-7.719741e-10	-3.525608e+01	-4.807399e+01
6.930000e-06	-5.096654e-06	-7.677983e-10	-3.538377e+01	-4.809005e+01
6.940000e-06	-5.114834e-06	-7.691033e-10	-3.550999e+01	-4.810676e+01
6.950000e-06	-5.132791e-06	-7.727333e-10	-3.563465e+01	-4.812403e+01
6.960000e-06	-5.150377e-06	-7.756992e-10	-3.575674e+01	-4.814178e+01
6.970000e-06	-5.167461e-06	-7.770089e-10	-3.587535e+01	-4.815990e+01
6.980000e-06	-5.184170e-06	-7.774216e-10	-3.599135e+01	-4.817829e+01
6.990000e-06	-5.200630e-06	-7.769567e-10	-3.610562e+01	-4.819683e+01
7.000000e-06	-5.216852e-06	-7.758272e-10	-3.621825e+01	-4.821538e+01
7.010000e-06	-5.232805e-06	-7.731317e-10	-3.632900e+01	-4.823382e+01
7.020000e-06	-5.248388e-06	-7.713713e-10	-3.643719e+01	-4.825200e+01
7.030000e-06	-5.263399e-06	-7.705293e-10	-3.654140e+01	-4.826979e+01
7.040000e-06	-5.277789e-06	-7.689326e-10	-3.664130e+01	-4.828705e+01
7.050000e-06	-5.291573e-06	-7.662039e-10	-3.673700e+01	-4.830365e+01
7.060000e-06	-5.304748e-06	-7.618437e-10	-3.682847e+01	-4.831947e+01
7.070000e-06	-5.317476e-06	-7.582689e-10	-3.691683e+01	-4.833438e+01
7.080000e-06	-5.329824e-06	-7.575524e-10	-3.700256e+01	-4.834828e+01
7.090000e-06	-5.341823e-06	-7.591394e-10	-3.708587e+01	-4.836105e+01
7.100000e-06	-5.353483e-06	-7.600737e-10	-3.716682e+01	-4.837261e+01
7.110000e-06	-5.364701e-06	-7.587839e-10	-3.724470e+01	-4.838288e+01
7.120000e-06	-5.375469e-06	-7.549714e-10	-3.731946e+01	-4.839180e+01
7.130000e-06	-5.385920e-06	-7.506424e-10	-3.739201e+01	-4.839930e+01
7.140000e-06	-5.396101e-06	-7.485156e-10	-3.746269e+01	-4.840536e+01
7.150000e-06	-5.405959e-06	-7.467051e-10	-3.753113e+01	-4.840995e+01
7.160000e-06	-5.415451e-06	-7.435655e-10	-3.759703e+01	-4.841305e+01
7.170000e-06	-5.424483e-06	-7.426685e-10	-3.765973e+01	-4.841469e+01
7.180000e-06	-5.433111e-06	-7.450478e-10	-3.771963e+01	-4.841486e+01
7.190000e-06	-5.441514e-06	-7.466857e-10	-3.777798e+01	-4.841361e+01
7.200000e-06	-5.449739e-06	-7.474793e-10	-3.783508e+01	-4.841098e+01
7.210000e-06	-5.457719e-06	-7.456141e-10	-3.789048e+01	-4.840702e+01
7.220000e-06	-5.465313e-06	-7.414212e-10	-3.794320e+01	-4.840182e+01
7.230000e-06	-5.472297e-06	-7.390546e-10	-3.799169e+01	-4.839544e+01
7.240000e-06	-5.478665e-06	-7.385560e-10	-3.803589e+01	-4.838797e+01
7.250000e-06	-5.484509e-06	-7.394991e-10	-3.807647e+01	-4.837951e+01
7.260000e-06	-5.489754e-06	-7.410459e-10	-3.811288e+01	-4.837016e+01
7.270000e-06	-5.494469e-06	-7.423732e-10	-3.814562e+01	-4.836003e+01
7.280000e-06	-5.498883e-06	-7.427689e-10	-3.817626e+01	-4.834923e+01
7.290000e-06	-5.503116e-06	-7.415950e-10	-3.820565e+01	-4.833787e+01
7.300000e-06	-5.507110e-06	-7.399675e-10	-3.823337e+01	-4.832607e+01
7.310000e-06	-5.510716e-06	-7.388779e-10	-3.825841e+01	-4.831393e+01
7.320000e-06	-5.513858e-06	-7.375426e-10	-3.828022e+01	-4.830157e+01
7.330000e-06	-5.516587e-06	-7.351401e-10	-3.829917e+01	-4.828910e+01
7.340000e-06	-5.519031e-06	-7.338334e-10	-3.831614e+01	-4.827662e+01
7.350000e-06	-5.521228e-06	-7.342850e-10	-3.833139e+01	-4.826423e+01
7.360000e-06	-5.523041e-06	-7.336542e-10	-3.834398e+01	-4.825202e+01
7.370000e-06	-5.524319e-06	-7.325389e-10	-3.835285e+01	-4.824007e+01
7.380000e-06	-5.525163e-06	-7.316288e-10	-3.835871e+01	-4.822846e+01
7.390000e-06	-5.525752e-06	-7.298200e-10	-3.836280e+01	-4.821726e+01
7.400000e-06	-5.526127e-06	-7.276907e-10	-3.836540e+01	-4.820651e+01
