# Temperatura_=_15.2
# Concentracion g/m^3_=_1620.0
# C_Vs_to_Am_M_A/Vsm_=_65563218390.804596
# pendiente_HvsI_1/m_=_3716.3
# ordenada_HvsI_A/m_=_1297.0
# frecuencia_Hz_=_135106.601079407

Tiempo_(s)	Campo_(V.s)	Magnetizacion_(V.s)	Campo_(kA/m)	Magnetizacion_(A/m)
0.000000e+00	-5.545199e-06	-1.885219e-09	-3.837155e+01	-1.216537e+02
1.000000e-08	-5.545285e-06	-1.883613e-09	-3.837215e+01	-1.216051e+02
2.000000e-08	-5.545147e-06	-1.885177e-09	-3.837119e+01	-1.215527e+02
3.000000e-08	-5.544662e-06	-1.888668e-09	-3.836783e+01	-1.214962e+02
4.000000e-08	-5.543734e-06	-1.888386e-09	-3.836141e+01	-1.214355e+02
5.000000e-08	-5.542316e-06	-1.882811e-09	-3.835160e+01	-1.213706e+02
6.000000e-08	-5.540328e-06	-1.877260e-09	-3.833785e+01	-1.213012e+02
7.000000e-08	-5.537688e-06	-1.906289e-09	-3.831957e+01	-1.212272e+02
8.000000e-08	-5.534378e-06	-1.941573e-09	-3.829667e+01	-1.211485e+02
9.000000e-08	-5.530556e-06	-1.876424e-09	-3.827022e+01	-1.210648e+02
1.000000e-07	-5.526445e-06	-1.785860e-09	-3.824178e+01	-1.209762e+02
1.100000e-07	-5.522061e-06	-1.879545e-09	-3.821144e+01	-1.208825e+02
1.200000e-07	-5.517364e-06	-1.994401e-09	-3.817894e+01	-1.207835e+02
1.300000e-07	-5.512328e-06	-1.888039e-09	-3.814409e+01	-1.206792e+02
1.400000e-07	-5.506980e-06	-1.758634e-09	-3.810708e+01	-1.205695e+02
1.500000e-07	-5.501377e-06	-1.837186e-09	-3.806831e+01	-1.204545e+02
1.600000e-07	-5.495355e-06	-1.995269e-09	-3.802664e+01	-1.203339e+02
1.700000e-07	-5.488808e-06	-1.891660e-09	-3.798133e+01	-1.202080e+02
1.800000e-07	-5.481781e-06	-1.730060e-09	-3.793271e+01	-1.200767e+02
1.900000e-07	-5.474489e-06	-1.811262e-09	-3.788225e+01	-1.199400e+02
2.000000e-07	-5.466967e-06	-1.910081e-09	-3.783020e+01	-1.197980e+02
2.100000e-07	-5.459121e-06	-1.875298e-09	-3.777590e+01	-1.196508e+02
2.200000e-07	-5.451101e-06	-1.754843e-09	-3.772041e+01	-1.194986e+02
2.300000e-07	-5.442807e-06	-1.802445e-09	-3.766302e+01	-1.193415e+02
2.400000e-07	-5.433944e-06	-1.848832e-09	-3.760169e+01	-1.191796e+02
2.500000e-07	-5.424483e-06	-1.831296e-09	-3.753622e+01	-1.190132e+02
2.600000e-07	-5.414428e-06	-1.770313e-09	-3.746664e+01	-1.188424e+02
2.700000e-07	-5.403741e-06	-1.796718e-09	-3.739269e+01	-1.186676e+02
2.800000e-07	-5.392433e-06	-1.817276e-09	-3.731444e+01	-1.184889e+02
2.900000e-07	-5.380749e-06	-1.812818e-09	-3.723359e+01	-1.183066e+02
3.000000e-07	-5.368716e-06	-1.781377e-09	-3.715033e+01	-1.181209e+02
3.100000e-07	-5.356204e-06	-1.774273e-09	-3.706375e+01	-1.179322e+02
3.200000e-07	-5.343302e-06	-1.802319e-09	-3.697446e+01	-1.177407e+02
3.300000e-07	-5.330069e-06	-1.800431e-09	-3.688290e+01	-1.175466e+02
3.400000e-07	-5.316450e-06	-1.758319e-09	-3.678866e+01	-1.173504e+02
3.500000e-07	-5.302381e-06	-1.741747e-09	-3.669130e+01	-1.171521e+02
3.600000e-07	-5.287962e-06	-1.806268e-09	-3.659153e+01	-1.169521e+02
3.700000e-07	-5.273112e-06	-1.777553e-09	-3.648877e+01	-1.167506e+02
3.800000e-07	-5.257617e-06	-1.734211e-09	-3.638154e+01	-1.165478e+02
3.900000e-07	-5.241610e-06	-1.784195e-09	-3.627078e+01	-1.163439e+02
4.000000e-07	-5.225288e-06	-1.805690e-09	-3.615784e+01	-1.161392e+02
4.100000e-07	-5.208489e-06	-1.689735e-09	-3.604159e+01	-1.159338e+02
4.200000e-07	-5.191233e-06	-1.725617e-09	-3.592218e+01	-1.157277e+02
4.300000e-07	-5.173700e-06	-1.828669e-09	-3.580086e+01	-1.155211e+02
4.400000e-07	-5.155885e-06	-1.744049e-09	-3.567758e+01	-1.153141e+02
4.500000e-07	-5.137664e-06	-1.655826e-09	-3.555150e+01	-1.151067e+02
4.600000e-07	-5.119006e-06	-1.803505e-09	-3.542239e+01	-1.148990e+02
4.700000e-07	-5.099986e-06	-1.797495e-09	-3.529077e+01	-1.146908e+02
4.800000e-07	-5.080606e-06	-1.654422e-09	-3.515667e+01	-1.144821e+02
4.900000e-07	-5.060954e-06	-1.710592e-09	-3.502068e+01	-1.142728e+02
5.000000e-07	-5.041121e-06	-1.800192e-09	-3.488344e+01	-1.140627e+02
5.100000e-07	-5.020974e-06	-1.658792e-09	-3.474403e+01	-1.138518e+02
5.200000e-07	-5.000497e-06	-1.661942e-09	-3.460233e+01	-1.136399e+02
5.300000e-07	-4.979771e-06	-1.793589e-09	-3.445891e+01	-1.134266e+02
5.400000e-07	-4.958708e-06	-1.710002e-09	-3.431316e+01	-1.132117e+02
5.500000e-07	-4.937218e-06	-1.618655e-09	-3.416445e+01	-1.129951e+02
5.600000e-07	-4.915425e-06	-1.754535e-09	-3.401365e+01	-1.127763e+02
5.700000e-07	-4.893291e-06	-1.750798e-09	-3.386049e+01	-1.125550e+02
5.800000e-07	-4.870736e-06	-1.619700e-09	-3.370441e+01	-1.123310e+02
5.900000e-07	-4.847903e-06	-1.681940e-09	-3.354642e+01	-1.121039e+02
6.000000e-07	-4.824771e-06	-1.743353e-09	-3.338634e+01	-1.118734e+02
6.100000e-07	-4.801237e-06	-1.631808e-09	-3.322349e+01	-1.116390e+02
6.200000e-07	-4.777483e-06	-1.628831e-09	-3.305912e+01	-1.114005e+02
6.300000e-07	-4.753601e-06	-1.717749e-09	-3.289387e+01	-1.111574e+02
6.400000e-07	-4.729364e-06	-1.661485e-09	-3.272615e+01	-1.109096e+02
6.500000e-07	-4.704758e-06	-1.627163e-09	-3.255588e+01	-1.106565e+02
6.600000e-07	-4.679863e-06	-1.689621e-09	-3.238361e+01	-1.103980e+02
6.700000e-07	-4.654520e-06	-1.668992e-09	-3.220825e+01	-1.101337e+02
6.800000e-07	-4.628644e-06	-1.603593e-09	-3.202919e+01	-1.098634e+02
6.900000e-07	-4.602197e-06	-1.641032e-09	-3.184619e+01	-1.095868e+02
7.000000e-07	-4.575212e-06	-1.644089e-09	-3.165945e+01	-1.093037e+02
7.100000e-07	-4.547852e-06	-1.598113e-09	-3.147013e+01	-1.090139e+02
7.200000e-07	-4.520220e-06	-1.606076e-09	-3.127892e+01	-1.087173e+02
7.300000e-07	-4.492325e-06	-1.634786e-09	-3.108590e+01	-1.084137e+02
7.400000e-07	-4.464187e-06	-1.601807e-09	-3.089119e+01	-1.081030e+02
7.500000e-07	-4.435865e-06	-1.593343e-09	-3.069520e+01	-1.077853e+02
7.600000e-07	-4.407289e-06	-1.603830e-09	-3.049746e+01	-1.074604e+02
7.700000e-07	-4.378389e-06	-1.589712e-09	-3.029748e+01	-1.071285e+02
7.800000e-07	-4.349171e-06	-1.569067e-09	-3.009530e+01	-1.067895e+02
7.900000e-07	-4.319701e-06	-1.580355e-09	-2.989137e+01	-1.064436e+02
8.000000e-07	-4.289940e-06	-1.567822e-09	-2.968543e+01	-1.060908e+02
8.100000e-07	-4.259850e-06	-1.552278e-09	-2.947722e+01	-1.057314e+02
8.200000e-07	-4.229481e-06	-1.558912e-09	-2.926707e+01	-1.053654e+02
8.300000e-07	-4.198829e-06	-1.560600e-09	-2.905497e+01	-1.049932e+02
8.400000e-07	-4.167910e-06	-1.539546e-09	-2.884102e+01	-1.046149e+02
8.500000e-07	-4.136712e-06	-1.543233e-09	-2.862513e+01	-1.042308e+02
8.600000e-07	-4.105210e-06	-1.550689e-09	-2.840715e+01	-1.038412e+02
8.700000e-07	-4.073469e-06	-1.531092e-09	-2.818750e+01	-1.034462e+02
8.800000e-07	-4.041577e-06	-1.516643e-09	-2.796681e+01	-1.030463e+02
8.900000e-07	-4.009555e-06	-1.517605e-09	-2.774523e+01	-1.026417e+02
9.000000e-07	-3.977270e-06	-1.504389e-09	-2.752183e+01	-1.022326e+02
9.100000e-07	-3.944614e-06	-1.490923e-09	-2.729586e+01	-1.018194e+02
9.200000e-07	-3.911659e-06	-1.500848e-09	-2.706781e+01	-1.014024e+02
9.300000e-07	-3.878391e-06	-1.498080e-09	-2.683761e+01	-1.009817e+02
9.400000e-07	-3.844622e-06	-1.482770e-09	-2.660393e+01	-1.005577e+02
9.500000e-07	-3.810417e-06	-1.483119e-09	-2.636724e+01	-1.001305e+02
9.600000e-07	-3.775890e-06	-1.483702e-09	-2.612832e+01	-9.970033e+01
9.700000e-07	-3.740923e-06	-1.458749e-09	-2.588636e+01	-9.926742e+01
9.800000e-07	-3.705539e-06	-1.449423e-09	-2.564151e+01	-9.883188e+01
9.900000e-07	-3.669898e-06	-1.454003e-09	-2.539488e+01	-9.839382e+01
1.000000e-06	-3.634104e-06	-1.446552e-09	-2.514720e+01	-9.795332e+01
1.010000e-06	-3.598181e-06	-1.429877e-09	-2.489861e+01	-9.751042e+01
1.020000e-06	-3.562092e-06	-1.431385e-09	-2.464889e+01	-9.706513e+01
1.030000e-06	-3.525783e-06	-1.422727e-09	-2.439763e+01	-9.661742e+01
1.040000e-06	-3.489218e-06	-1.407418e-09	-2.414461e+01	-9.616721e+01
1.050000e-06	-3.452435e-06	-1.404212e-09	-2.389009e+01	-9.571441e+01
1.060000e-06	-3.415434e-06	-1.408294e-09	-2.363405e+01	-9.525887e+01
1.070000e-06	-3.378164e-06	-1.395539e-09	-2.337615e+01	-9.480042e+01
1.080000e-06	-3.340564e-06	-1.385551e-09	-2.311596e+01	-9.433884e+01
1.090000e-06	-3.302689e-06	-1.380043e-09	-2.285388e+01	-9.387389e+01
1.100000e-06	-3.264701e-06	-1.367213e-09	-2.259101e+01	-9.340531e+01
1.110000e-06	-3.226580e-06	-1.350376e-09	-2.232722e+01	-9.293279e+01
1.120000e-06	-3.188269e-06	-1.344778e-09	-2.206211e+01	-9.245602e+01
1.130000e-06	-3.149678e-06	-1.336125e-09	-2.179507e+01	-9.197466e+01
1.140000e-06	-3.110803e-06	-1.323051e-09	-2.152607e+01	-9.148835e+01
1.150000e-06	-3.071766e-06	-1.320320e-09	-2.125594e+01	-9.099673e+01
1.160000e-06	-3.032528e-06	-1.320517e-09	-2.098442e+01	-9.049942e+01
1.170000e-06	-2.993110e-06	-1.309600e-09	-2.071166e+01	-8.999604e+01
1.180000e-06	-2.953504e-06	-1.296350e-09	-2.043760e+01	-8.948621e+01
1.190000e-06	-2.913668e-06	-1.288921e-09	-2.016194e+01	-8.896956e+01
1.200000e-06	-2.873713e-06	-1.275548e-09	-1.988546e+01	-8.844572e+01
1.210000e-06	-2.833683e-06	-1.260826e-09	-1.960846e+01	-8.791433e+01
1.220000e-06	-2.793542e-06	-1.253690e-09	-1.933069e+01	-8.737505e+01
1.230000e-06	-2.753243e-06	-1.247489e-09	-1.905183e+01	-8.682756e+01
1.240000e-06	-2.712709e-06	-1.234650e-09	-1.877134e+01	-8.627154e+01
1.250000e-06	-2.671993e-06	-1.226138e-09	-1.848960e+01	-8.570673e+01
1.260000e-06	-2.631112e-06	-1.221239e-09	-1.820671e+01	-8.513286e+01
1.270000e-06	-2.589983e-06	-1.213167e-09	-1.792211e+01	-8.454970e+01
1.280000e-06	-2.548503e-06	-1.198503e-09	-1.763507e+01	-8.395705e+01
1.290000e-06	-2.506671e-06	-1.188048e-09	-1.734561e+01	-8.335474e+01
1.300000e-06	-2.464507e-06	-1.176073e-09	-1.705385e+01	-8.274262e+01
1.310000e-06	-2.421997e-06	-1.161883e-09	-1.675968e+01	-8.212056e+01
1.320000e-06	-2.379314e-06	-1.149690e-09	-1.646433e+01	-8.148847e+01
1.330000e-06	-2.336397e-06	-1.141518e-09	-1.616735e+01	-8.084629e+01
1.340000e-06	-2.293160e-06	-1.130163e-09	-1.586816e+01	-8.019396e+01
1.350000e-06	-2.249757e-06	-1.120637e-09	-1.556782e+01	-7.953145e+01
1.360000e-06	-2.206210e-06	-1.116152e-09	-1.526648e+01	-7.885874e+01
1.370000e-06	-2.162495e-06	-1.110221e-09	-1.496398e+01	-7.817584e+01
1.380000e-06	-2.118653e-06	-1.096985e-09	-1.466061e+01	-7.748273e+01
1.390000e-06	-2.074744e-06	-1.082547e-09	-1.435677e+01	-7.677944e+01
1.400000e-06	-2.030774e-06	-1.066345e-09	-1.405250e+01	-7.606596e+01
1.410000e-06	-1.986759e-06	-1.049809e-09	-1.374793e+01	-7.534228e+01
1.420000e-06	-1.942688e-06	-1.037213e-09	-1.344297e+01	-7.460838e+01
1.430000e-06	-1.898484e-06	-1.028205e-09	-1.313709e+01	-7.386423e+01
1.440000e-06	-1.854175e-06	-1.018681e-09	-1.283048e+01	-7.310976e+01
1.450000e-06	-1.809756e-06	-1.008981e-09	-1.252311e+01	-7.234488e+01
1.460000e-06	-1.765246e-06	-9.985102e-10	-1.221511e+01	-7.156946e+01
1.470000e-06	-1.720576e-06	-9.857109e-10	-1.190601e+01	-7.078332e+01
1.480000e-06	-1.675754e-06	-9.694711e-10	-1.159585e+01	-6.998624e+01
1.490000e-06	-1.630793e-06	-9.551968e-10	-1.128473e+01	-6.917795e+01
1.500000e-06	-1.585666e-06	-9.425217e-10	-1.097246e+01	-6.835813e+01
1.510000e-06	-1.540436e-06	-9.277614e-10	-1.065948e+01	-6.752638e+01
1.520000e-06	-1.495065e-06	-9.128533e-10	-1.034552e+01	-6.668225e+01
1.530000e-06	-1.449615e-06	-8.977265e-10	-1.003102e+01	-6.582523e+01
1.540000e-06	-1.404085e-06	-8.838123e-10	-9.715954e+00	-6.495473e+01
1.550000e-06	-1.358464e-06	-8.681644e-10	-9.400271e+00	-6.407009e+01
1.560000e-06	-1.312835e-06	-8.534924e-10	-9.084530e+00	-6.317058e+01
1.570000e-06	-1.267065e-06	-8.391728e-10	-8.767807e+00	-6.225540e+01
1.580000e-06	-1.221138e-06	-8.263813e-10	-8.450001e+00	-6.132370e+01
1.590000e-06	-1.175126e-06	-8.128303e-10	-8.131615e+00	-6.037453e+01
1.600000e-06	-1.129046e-06	-7.950321e-10	-7.812749e+00	-5.940691e+01
1.610000e-06	-1.082925e-06	-7.743070e-10	-7.493601e+00	-5.841976e+01
1.620000e-06	-1.036719e-06	-7.540472e-10	-7.173864e+00	-5.741199e+01
1.630000e-06	-9.904475e-07	-7.355466e-10	-6.853677e+00	-5.638243e+01
1.640000e-06	-9.440641e-07	-7.213447e-10	-6.532715e+00	-5.532987e+01
1.650000e-06	-8.975583e-07	-7.093055e-10	-6.210905e+00	-5.425307e+01
1.660000e-06	-8.510010e-07	-6.974448e-10	-5.888738e+00	-5.315078e+01
1.670000e-06	-8.044452e-07	-6.807117e-10	-5.566583e+00	-5.202169e+01
1.680000e-06	-7.578578e-07	-6.612795e-10	-5.244208e+00	-5.086453e+01
1.690000e-06	-7.111923e-07	-6.424194e-10	-4.921293e+00	-4.967799e+01
1.700000e-06	-6.644565e-07	-6.215511e-10	-4.597892e+00	-4.846080e+01
1.710000e-06	-6.176544e-07	-5.955710e-10	-4.274032e+00	-4.721170e+01
1.720000e-06	-5.708284e-07	-5.707927e-10	-3.950006e+00	-4.592946e+01
1.730000e-06	-5.239237e-07	-5.491910e-10	-3.625436e+00	-4.461292e+01
1.740000e-06	-4.769217e-07	-5.311684e-10	-3.300193e+00	-4.326096e+01
1.750000e-06	-4.299269e-07	-5.158845e-10	-2.974999e+00	-4.187253e+01
1.760000e-06	-3.830092e-07	-4.994631e-10	-2.650339e+00	-4.044667e+01
1.770000e-06	-3.361520e-07	-4.800635e-10	-2.326097e+00	-3.898251e+01
1.780000e-06	-2.891975e-07	-4.569493e-10	-2.001182e+00	-3.747928e+01
1.790000e-06	-2.421481e-07	-4.340486e-10	-1.675611e+00	-3.593634e+01
1.800000e-06	-1.950927e-07	-4.119721e-10	-1.349998e+00	-3.435317e+01
1.810000e-06	-1.479882e-07	-3.894868e-10	-1.024045e+00	-3.272937e+01
1.820000e-06	-1.008008e-07	-3.664856e-10	-6.975194e-01	-3.106471e+01
1.830000e-06	-5.365643e-08	-3.431222e-10	-3.712906e-01	-2.935909e+01
1.840000e-06	-6.646618e-09	-3.195911e-10	-4.599312e-02	-2.761260e+01
1.850000e-06	4.029868e-08	-2.990795e-10	2.788579e-01	-2.582547e+01
1.860000e-06	8.728114e-08	-2.803721e-10	6.039661e-01	-2.399811e+01
1.870000e-06	1.343116e-07	-2.590506e-10	9.294067e-01	-2.213110e+01
1.880000e-06	1.812871e-07	-2.336177e-10	1.254466e+00	-2.022520e+01
1.890000e-06	2.282436e-07	-2.055851e-10	1.579395e+00	-1.828135e+01
1.900000e-06	2.751748e-07	-1.746946e-10	1.904148e+00	-1.630068e+01
1.910000e-06	3.220236e-07	-1.438005e-10	2.228332e+00	-1.428449e+01
1.920000e-06	3.688881e-07	-1.147709e-10	2.552624e+00	-1.223423e+01
1.930000e-06	4.158116e-07	-8.767853e-11	2.877324e+00	-1.015157e+01
1.940000e-06	4.627100e-07	-6.118920e-11	3.201851e+00	-8.038297e+00
1.950000e-06	5.095537e-07	-3.520148e-11	3.525999e+00	-5.896395e+00
1.960000e-06	5.564105e-07	-6.710271e-12	3.850237e+00	-3.727979e+00
1.970000e-06	6.032127e-07	2.511189e-11	4.174098e+00	-1.535312e+00
1.980000e-06	6.499197e-07	5.837044e-11	4.497300e+00	6.792082e-01
1.990000e-06	6.965434e-07	9.302665e-11	4.819926e+00	2.913066e+00
2.000000e-06	7.430831e-07	1.282364e-10	5.141971e+00	5.163635e+00
2.010000e-06	7.896615e-07	1.612556e-10	5.464282e+00	7.428194e+00
2.020000e-06	8.362483e-07	1.934046e-10	5.786653e+00	9.703937e+00
2.030000e-06	8.827657e-07	2.278725e-10	6.108543e+00	1.198799e+01
2.040000e-06	9.291700e-07	2.619540e-10	6.429651e+00	1.427743e+01
2.050000e-06	9.754677e-07	2.925250e-10	6.750021e+00	1.656930e+01
2.060000e-06	1.021708e-06	3.215414e-10	7.069993e+00	1.886061e+01
2.070000e-06	1.067894e-06	3.513246e-10	7.389590e+00	2.114837e+01
2.080000e-06	1.114034e-06	3.816427e-10	7.708872e+00	2.342961e+01
2.090000e-06	1.160049e-06	4.141428e-10	8.027279e+00	2.570137e+01
2.100000e-06	1.205956e-06	4.494701e-10	8.344945e+00	2.796075e+01
2.110000e-06	1.251792e-06	4.828559e-10	8.662121e+00	3.020489e+01
2.120000e-06	1.297452e-06	5.145124e-10	8.978084e+00	3.243102e+01
2.130000e-06	1.343035e-06	5.461807e-10	9.293508e+00	3.463645e+01
2.140000e-06	1.388665e-06	5.753631e-10	9.609253e+00	3.681858e+01
2.150000e-06	1.434175e-06	6.011510e-10	9.924173e+00	3.897495e+01
2.160000e-06	1.479507e-06	6.255723e-10	1.023786e+01	4.110320e+01
2.170000e-06	1.524741e-06	6.507490e-10	1.055087e+01	4.320113e+01
2.180000e-06	1.569904e-06	6.779257e-10	1.086338e+01	4.526666e+01
2.190000e-06	1.614971e-06	7.079623e-10	1.117524e+01	4.729789e+01
2.200000e-06	1.659855e-06	7.401202e-10	1.148583e+01	4.929308e+01
2.210000e-06	1.704605e-06	7.719975e-10	1.179549e+01	5.125064e+01
2.220000e-06	1.749250e-06	8.005867e-10	1.210442e+01	5.316918e+01
2.230000e-06	1.793812e-06	8.263761e-10	1.241278e+01	5.504748e+01
2.240000e-06	1.838288e-06	8.478208e-10	1.272055e+01	5.688449e+01
2.250000e-06	1.882612e-06	8.664252e-10	1.302726e+01	5.867935e+01
2.260000e-06	1.926829e-06	8.846578e-10	1.333323e+01	6.043138e+01
2.270000e-06	1.970944e-06	9.049087e-10	1.363850e+01	6.214009e+01
2.280000e-06	2.014969e-06	9.280421e-10	1.394314e+01	6.380515e+01
2.290000e-06	2.058948e-06	9.526086e-10	1.424746e+01	6.542641e+01
2.300000e-06	2.102865e-06	9.788887e-10	1.455136e+01	6.700389e+01
2.310000e-06	2.146685e-06	1.003751e-09	1.485458e+01	6.853777e+01
2.320000e-06	2.190420e-06	1.023160e-09	1.515722e+01	7.002837e+01
2.330000e-06	2.234068e-06	1.038171e-09	1.545926e+01	7.147618e+01
2.340000e-06	2.277594e-06	1.051313e-09	1.576045e+01	7.288179e+01
2.350000e-06	2.320961e-06	1.066446e-09	1.606054e+01	7.424596e+01
2.360000e-06	2.364099e-06	1.083694e-09	1.635904e+01	7.556952e+01
2.370000e-06	2.406882e-06	1.103527e-09	1.665509e+01	7.685343e+01
2.380000e-06	2.449271e-06	1.124740e-09	1.694841e+01	7.809875e+01
2.390000e-06	2.491335e-06	1.142786e-09	1.723949e+01	7.930658e+01
2.400000e-06	2.533081e-06	1.158671e-09	1.752836e+01	8.047813e+01
2.410000e-06	2.574518e-06	1.174854e-09	1.781509e+01	8.161464e+01
2.420000e-06	2.615674e-06	1.190093e-09	1.809988e+01	8.271740e+01
2.430000e-06	2.656598e-06	1.205476e-09	1.838307e+01	8.378773e+01
2.440000e-06	2.697252e-06	1.222437e-09	1.866439e+01	8.482698e+01
2.450000e-06	2.737706e-06	1.238702e-09	1.894432e+01	8.583648e+01
2.460000e-06	2.778055e-06	1.254375e-09	1.922352e+01	8.681759e+01
2.470000e-06	2.818232e-06	1.268930e-09	1.950154e+01	8.777163e+01
2.480000e-06	2.858239e-06	1.281292e-09	1.977838e+01	8.869990e+01
2.490000e-06	2.898135e-06	1.292172e-09	2.005445e+01	8.960368e+01
2.500000e-06	2.937952e-06	1.303647e-09	2.032998e+01	9.048420e+01
2.510000e-06	2.977632e-06	1.318538e-09	2.060455e+01	9.134264e+01
2.520000e-06	3.017119e-06	1.332954e-09	2.087779e+01	9.218012e+01
2.530000e-06	3.056422e-06	1.348720e-09	2.114977e+01	9.299771e+01
2.540000e-06	3.095432e-06	1.365805e-09	2.141970e+01	9.379640e+01
2.550000e-06	3.134192e-06	1.377972e-09	2.168791e+01	9.457711e+01
2.560000e-06	3.172763e-06	1.384747e-09	2.195482e+01	9.534070e+01
2.570000e-06	3.211077e-06	1.390132e-09	2.221994e+01	9.608794e+01
2.580000e-06	3.249198e-06	1.397134e-09	2.248373e+01	9.681954e+01
2.590000e-06	3.287162e-06	1.404762e-09	2.274643e+01	9.753610e+01
2.600000e-06	3.324949e-06	1.417350e-09	2.300791e+01	9.823819e+01
2.610000e-06	3.362476e-06	1.432902e-09	2.326759e+01	9.892626e+01
2.620000e-06	3.399689e-06	1.449002e-09	2.352509e+01	9.960071e+01
2.630000e-06	3.436669e-06	1.462419e-09	2.378099e+01	1.002619e+02
2.640000e-06	3.473449e-06	1.470472e-09	2.403550e+01	1.009100e+02
2.650000e-06	3.509979e-06	1.474950e-09	2.428827e+01	1.015454e+02
2.660000e-06	3.546276e-06	1.479035e-09	2.453945e+01	1.021680e+02
2.670000e-06	3.582372e-06	1.485269e-09	2.478922e+01	1.027781e+02
2.680000e-06	3.618330e-06	1.492230e-09	2.503804e+01	1.033756e+02
2.690000e-06	3.654197e-06	1.502264e-09	2.528623e+01	1.039607e+02
2.700000e-06	3.689990e-06	1.516602e-09	2.553391e+01	1.045332e+02
2.710000e-06	3.725637e-06	1.528402e-09	2.578059e+01	1.050931e+02
2.720000e-06	3.760893e-06	1.535928e-09	2.602455e+01	1.056403e+02
2.730000e-06	3.795720e-06	1.540670e-09	2.626554e+01	1.061748e+02
2.740000e-06	3.830225e-06	1.545413e-09	2.650431e+01	1.066965e+02
2.750000e-06	3.864237e-06	1.550186e-09	2.673967e+01	1.072053e+02
2.760000e-06	3.897699e-06	1.555031e-09	2.697121e+01	1.077010e+02
2.770000e-06	3.930729e-06	1.562509e-09	2.719977e+01	1.081837e+02
2.780000e-06	3.963319e-06	1.570507e-09	2.742529e+01	1.086532e+02
2.790000e-06	3.995535e-06	1.577995e-09	2.764822e+01	1.091095e+02
2.800000e-06	4.027582e-06	1.585161e-09	2.786998e+01	1.095526e+02
2.810000e-06	4.059556e-06	1.592119e-09	2.809123e+01	1.099825e+02
2.820000e-06	4.091452e-06	1.597789e-09	2.831194e+01	1.103992e+02
2.830000e-06	4.123149e-06	1.603112e-09	2.853128e+01	1.108028e+02
2.840000e-06	4.154567e-06	1.607967e-09	2.874868e+01	1.111935e+02
2.850000e-06	4.185689e-06	1.612431e-09	2.896404e+01	1.115712e+02
2.860000e-06	4.216453e-06	1.619009e-09	2.917692e+01	1.119364e+02
2.870000e-06	4.246863e-06	1.626592e-09	2.938735e+01	1.122890e+02
2.880000e-06	4.277001e-06	1.631444e-09	2.959590e+01	1.126294e+02
2.890000e-06	4.306852e-06	1.634593e-09	2.980246e+01	1.129580e+02
2.900000e-06	4.336404e-06	1.639533e-09	3.000696e+01	1.132749e+02
2.910000e-06	4.365732e-06	1.645227e-09	3.020990e+01	1.135806e+02
2.920000e-06	4.394755e-06	1.651723e-09	3.041073e+01	1.138753e+02
2.930000e-06	4.423456e-06	1.660468e-09	3.060934e+01	1.141597e+02
2.940000e-06	4.451836e-06	1.666671e-09	3.080572e+01	1.144340e+02
2.950000e-06	4.479977e-06	1.668236e-09	3.100045e+01	1.146987e+02
2.960000e-06	4.508044e-06	1.667256e-09	3.119466e+01	1.149543e+02
2.970000e-06	4.536051e-06	1.668024e-09	3.138847e+01	1.152012e+02
2.980000e-06	4.563840e-06	1.669296e-09	3.158076e+01	1.154400e+02
2.990000e-06	4.591173e-06	1.671668e-09	3.176990e+01	1.156712e+02
3.000000e-06	4.617957e-06	1.678099e-09	3.195524e+01	1.158951e+02
3.010000e-06	4.644258e-06	1.685242e-09	3.213724e+01	1.161123e+02
3.020000e-06	4.670094e-06	1.690845e-09	3.231602e+01	1.163233e+02
3.030000e-06	4.695314e-06	1.694125e-09	3.249053e+01	1.165285e+02
3.040000e-06	4.719966e-06	1.697086e-09	3.266112e+01	1.167284e+02
3.050000e-06	4.744238e-06	1.700767e-09	3.282908e+01	1.169233e+02
3.060000e-06	4.768248e-06	1.702774e-09	3.299522e+01	1.171138e+02
3.070000e-06	4.792093e-06	1.704594e-09	3.316022e+01	1.173001e+02
3.080000e-06	4.815711e-06	1.707054e-09	3.332366e+01	1.174825e+02
3.090000e-06	4.838988e-06	1.708774e-09	3.348472e+01	1.176615e+02
3.100000e-06	4.861847e-06	1.710760e-09	3.364291e+01	1.178372e+02
3.110000e-06	4.884308e-06	1.713244e-09	3.379833e+01	1.180099e+02
3.120000e-06	4.906459e-06	1.716438e-09	3.395161e+01	1.181798e+02
3.130000e-06	4.928367e-06	1.720937e-09	3.410321e+01	1.183471e+02
3.140000e-06	4.950011e-06	1.723077e-09	3.425298e+01	1.185120e+02
3.150000e-06	4.971301e-06	1.724449e-09	3.440030e+01	1.186744e+02
3.160000e-06	4.992169e-06	1.726070e-09	3.454470e+01	1.188344e+02
3.170000e-06	5.012725e-06	1.726095e-09	3.468695e+01	1.189922e+02
3.180000e-06	5.033066e-06	1.726693e-09	3.482770e+01	1.191477e+02
3.190000e-06	5.053153e-06	1.728279e-09	3.496670e+01	1.193008e+02
3.200000e-06	5.072977e-06	1.732564e-09	3.510388e+01	1.194515e+02
3.210000e-06	5.092517e-06	1.738556e-09	3.523909e+01	1.195997e+02
3.220000e-06	5.111717e-06	1.744551e-09	3.537195e+01	1.197452e+02
3.230000e-06	5.130459e-06	1.750136e-09	3.550164e+01	1.198881e+02
3.240000e-06	5.148735e-06	1.754048e-09	3.562811e+01	1.200281e+02
3.250000e-06	5.166677e-06	1.756107e-09	3.575226e+01	1.201650e+02
3.260000e-06	5.184203e-06	1.758072e-09	3.587354e+01	1.202987e+02
3.270000e-06	5.201339e-06	1.761014e-09	3.599211e+01	1.204291e+02
3.280000e-06	5.218236e-06	1.764885e-09	3.610904e+01	1.205558e+02
3.290000e-06	5.234820e-06	1.769095e-09	3.622380e+01	1.206789e+02
3.300000e-06	5.250987e-06	1.773376e-09	3.633566e+01	1.207980e+02
3.310000e-06	5.266738e-06	1.778125e-09	3.644466e+01	1.209130e+02
3.320000e-06	5.282065e-06	1.783365e-09	3.655072e+01	1.210238e+02
3.330000e-06	5.296846e-06	1.787926e-09	3.665300e+01	1.211302e+02
3.340000e-06	5.311149e-06	1.792248e-09	3.675197e+01	1.212320e+02
3.350000e-06	5.325098e-06	1.795075e-09	3.684850e+01	1.213292e+02
3.360000e-06	5.338688e-06	1.796411e-09	3.694254e+01	1.214216e+02
3.370000e-06	5.351865e-06	1.795144e-09	3.703372e+01	1.215092e+02
3.380000e-06	5.364616e-06	1.795890e-09	3.712196e+01	1.215919e+02
3.390000e-06	5.377029e-06	1.798892e-09	3.720785e+01	1.216696e+02
3.400000e-06	5.389163e-06	1.803157e-09	3.729182e+01	1.217423e+02
3.410000e-06	5.400933e-06	1.806419e-09	3.737326e+01	1.218101e+02
3.420000e-06	5.412242e-06	1.809151e-09	3.745152e+01	1.218728e+02
3.430000e-06	5.423099e-06	1.811976e-09	3.752664e+01	1.219306e+02
3.440000e-06	5.433361e-06	1.813038e-09	3.759765e+01	1.219835e+02
3.450000e-06	5.442905e-06	1.816139e-09	3.766370e+01	1.220316e+02
3.460000e-06	5.451911e-06	1.821467e-09	3.772601e+01	1.220749e+02
3.470000e-06	5.460524e-06	1.824637e-09	3.778561e+01	1.221135e+02
3.480000e-06	5.468774e-06	1.825506e-09	3.784270e+01	1.221476e+02
3.490000e-06	5.476703e-06	1.825815e-09	3.789757e+01	1.221773e+02
3.500000e-06	5.484321e-06	1.826332e-09	3.795028e+01	1.222026e+02
3.510000e-06	5.491537e-06	1.828467e-09	3.800022e+01	1.222237e+02
3.520000e-06	5.498384e-06	1.831574e-09	3.804760e+01	1.222408e+02
3.530000e-06	5.504953e-06	1.836174e-09	3.809306e+01	1.222539e+02
3.540000e-06	5.511155e-06	1.840170e-09	3.813597e+01	1.222632e+02
3.550000e-06	5.516967e-06	1.844244e-09	3.817619e+01	1.222688e+02
3.560000e-06	5.522450e-06	1.844563e-09	3.821413e+01	1.222708e+02
3.570000e-06	5.527566e-06	1.841973e-09	3.824953e+01	1.222693e+02
3.580000e-06	5.532231e-06	1.841673e-09	3.828181e+01	1.222644e+02
3.590000e-06	5.536507e-06	1.842127e-09	3.831141e+01	1.222561e+02
3.600000e-06	5.540513e-06	1.840992e-09	3.833912e+01	1.222446e+02
3.610000e-06	5.544281e-06	1.841090e-09	3.836520e+01	1.222299e+02
3.620000e-06	5.547765e-06	1.843511e-09	3.838930e+01	1.222120e+02
3.630000e-06	5.550776e-06	1.847680e-09	3.841014e+01	1.221909e+02
3.640000e-06	5.553166e-06	1.851771e-09	3.842668e+01	1.221666e+02
3.650000e-06	5.554910e-06	1.855887e-09	3.843875e+01	1.221390e+02
3.660000e-06	5.556241e-06	1.858480e-09	3.844796e+01	1.221082e+02
3.670000e-06	5.557233e-06	1.858442e-09	3.845482e+01	1.220741e+02
3.680000e-06	5.557780e-06	1.856063e-09	3.845861e+01	1.220366e+02
3.690000e-06	5.557981e-06	1.853692e-09	3.846000e+01	1.219955e+02
3.700000e-06	5.557909e-06	1.852631e-09	3.845950e+01	1.219509e+02
3.710000e-06	5.557520e-06	1.856258e-09	3.845681e+01	1.219025e+02
3.720000e-06	5.556715e-06	1.862059e-09	3.845124e+01	1.218503e+02
3.730000e-06	5.555543e-06	1.865873e-09	3.844313e+01	1.217940e+02
3.740000e-06	5.554026e-06	1.873008e-09	3.843263e+01	1.217337e+02
3.750000e-06	5.552154e-06	1.884814e-09	3.841968e+01	1.216690e+02
3.760000e-06	5.549936e-06	1.866300e-09	3.840433e+01	1.215999e+02
3.770000e-06	5.547300e-06	1.792696e-09	3.838609e+01	1.215261e+02
3.780000e-06	5.544194e-06	1.796963e-09	3.836459e+01	1.214477e+02
3.790000e-06	5.540648e-06	1.934760e-09	3.834005e+01	1.213644e+02
3.800000e-06	5.536795e-06	1.913003e-09	3.831339e+01	1.212761e+02
3.810000e-06	5.532757e-06	1.757506e-09	3.828545e+01	1.211826e+02
3.820000e-06	5.528511e-06	1.787415e-09	3.825607e+01	1.210840e+02
3.830000e-06	5.523793e-06	1.942578e-09	3.822342e+01	1.209800e+02
3.840000e-06	5.518346e-06	1.950152e-09	3.818573e+01	1.208707e+02
3.850000e-06	5.512450e-06	1.753827e-09	3.814493e+01	1.207560e+02
3.860000e-06	5.506257e-06	1.723095e-09	3.810208e+01	1.206358e+02
3.870000e-06	5.499473e-06	1.988296e-09	3.805513e+01	1.205102e+02
3.880000e-06	5.492296e-06	2.001174e-09	3.800547e+01	1.203792e+02
3.890000e-06	5.484949e-06	1.718697e-09	3.795463e+01	1.202429e+02
3.900000e-06	5.477136e-06	1.675019e-09	3.790057e+01	1.201012e+02
3.910000e-06	5.468727e-06	1.965340e-09	3.784238e+01	1.199544e+02
3.920000e-06	5.459919e-06	2.000839e-09	3.778143e+01	1.198025e+02
3.930000e-06	5.450922e-06	1.713809e-09	3.771918e+01	1.196456e+02
3.940000e-06	5.441643e-06	1.720809e-09	3.765496e+01	1.194841e+02
3.950000e-06	5.431819e-06	1.945899e-09	3.758699e+01	1.193179e+02
3.960000e-06	5.421635e-06	1.924325e-09	3.751651e+01	1.191474e+02
3.970000e-06	5.411247e-06	1.716891e-09	3.744463e+01	1.189728e+02
3.980000e-06	5.400381e-06	1.793540e-09	3.736944e+01	1.187943e+02
3.990000e-06	5.389023e-06	1.912976e-09	3.729085e+01	1.186122e+02
4.000000e-06	5.377431e-06	1.825576e-09	3.721063e+01	1.184267e+02
4.010000e-06	5.365465e-06	1.726413e-09	3.712783e+01	1.182381e+02
4.020000e-06	5.352843e-06	1.814796e-09	3.704049e+01	1.180467e+02
4.030000e-06	5.339689e-06	1.875524e-09	3.694947e+01	1.178528e+02
4.040000e-06	5.326219e-06	1.819517e-09	3.685625e+01	1.176566e+02
4.050000e-06	5.312146e-06	1.760605e-09	3.675887e+01	1.174583e+02
4.060000e-06	5.297417e-06	1.799726e-09	3.665695e+01	1.172583e+02
4.070000e-06	5.282342e-06	1.865265e-09	3.655263e+01	1.170568e+02
4.080000e-06	5.266854e-06	1.825630e-09	3.644546e+01	1.168541e+02
4.090000e-06	5.250820e-06	1.712074e-09	3.633451e+01	1.166502e+02
4.100000e-06	5.234495e-06	1.774345e-09	3.622154e+01	1.164454e+02
4.110000e-06	5.217948e-06	1.909268e-09	3.610705e+01	1.162399e+02
4.120000e-06	5.200917e-06	1.788271e-09	3.598920e+01	1.160338e+02
4.130000e-06	5.183490e-06	1.683504e-09	3.586860e+01	1.158272e+02
4.140000e-06	5.165914e-06	1.857264e-09	3.574698e+01	1.156201e+02
4.150000e-06	5.148017e-06	1.891682e-09	3.562314e+01	1.154127e+02
4.160000e-06	5.129639e-06	1.666912e-09	3.549597e+01	1.152048e+02
4.170000e-06	5.110955e-06	1.759066e-09	3.536668e+01	1.149965e+02
4.180000e-06	5.091989e-06	1.935016e-09	3.523543e+01	1.147878e+02
4.190000e-06	5.072667e-06	1.739581e-09	3.510173e+01	1.145784e+02
4.200000e-06	5.053048e-06	1.654076e-09	3.496598e+01	1.143684e+02
4.210000e-06	5.033240e-06	1.902122e-09	3.482891e+01	1.141574e+02
4.220000e-06	5.013134e-06	1.818302e-09	3.468978e+01	1.139455e+02
4.230000e-06	4.992644e-06	1.625989e-09	3.454799e+01	1.137322e+02
4.240000e-06	4.971814e-06	1.814128e-09	3.440385e+01	1.135174e+02
4.250000e-06	4.950527e-06	1.878775e-09	3.425655e+01	1.133008e+02
4.260000e-06	4.928624e-06	1.642204e-09	3.410499e+01	1.130821e+02
4.270000e-06	4.906182e-06	1.735613e-09	3.394969e+01	1.128609e+02
4.280000e-06	4.883266e-06	1.892562e-09	3.379112e+01	1.126371e+02
4.290000e-06	4.859881e-06	1.698652e-09	3.362930e+01	1.124101e+02
4.300000e-06	4.836125e-06	1.651298e-09	3.346491e+01	1.121797e+02
4.310000e-06	4.812132e-06	1.848011e-09	3.329889e+01	1.119456e+02
4.320000e-06	4.787958e-06	1.768653e-09	3.313161e+01	1.117073e+02
4.330000e-06	4.763483e-06	1.657352e-09	3.296224e+01	1.114646e+02
4.340000e-06	4.738759e-06	1.788397e-09	3.279116e+01	1.112170e+02
4.350000e-06	4.713794e-06	1.798394e-09	3.261841e+01	1.109643e+02
4.360000e-06	4.688462e-06	1.680627e-09	3.244312e+01	1.107062e+02
4.370000e-06	4.662797e-06	1.737998e-09	3.226552e+01	1.104423e+02
4.380000e-06	4.636744e-06	1.784575e-09	3.208524e+01	1.101724e+02
4.390000e-06	4.610288e-06	1.693332e-09	3.190217e+01	1.098962e+02
4.400000e-06	4.583545e-06	1.687447e-09	3.171712e+01	1.096135e+02
4.410000e-06	4.556544e-06	1.739642e-09	3.153027e+01	1.093242e+02
4.420000e-06	4.529230e-06	1.704915e-09	3.134127e+01	1.090281e+02
4.430000e-06	4.501625e-06	1.674018e-09	3.115025e+01	1.087249e+02
4.440000e-06	4.473829e-06	1.709341e-09	3.095791e+01	1.084148e+02
4.450000e-06	4.445876e-06	1.708143e-09	3.076448e+01	1.080975e+02
4.460000e-06	4.417673e-06	1.683471e-09	3.056932e+01	1.077732e+02
4.470000e-06	4.389158e-06	1.690757e-09	3.037200e+01	1.074417e+02
4.480000e-06	4.360272e-06	1.695831e-09	3.017212e+01	1.071032e+02
4.490000e-06	4.330915e-06	1.665662e-09	2.996897e+01	1.067577e+02
4.500000e-06	4.301047e-06	1.659869e-09	2.976230e+01	1.064054e+02
4.510000e-06	4.270730e-06	1.667461e-09	2.955251e+01	1.060464e+02
4.520000e-06	4.239963e-06	1.658769e-09	2.933960e+01	1.056809e+02
4.530000e-06	4.208787e-06	1.651235e-09	2.912387e+01	1.053091e+02
4.540000e-06	4.177289e-06	1.663944e-09	2.890591e+01	1.049312e+02
4.550000e-06	4.145476e-06	1.646451e-09	2.868578e+01	1.045475e+02
4.560000e-06	4.113425e-06	1.633914e-09	2.846399e+01	1.041582e+02
4.570000e-06	4.081225e-06	1.645495e-09	2.824117e+01	1.037636e+02
4.580000e-06	4.048831e-06	1.636546e-09	2.801702e+01	1.033639e+02
4.590000e-06	4.016165e-06	1.611348e-09	2.779097e+01	1.029596e+02
4.600000e-06	3.983267e-06	1.619916e-09	2.756332e+01	1.025508e+02
4.610000e-06	3.950118e-06	1.618239e-09	2.733394e+01	1.021378e+02
4.620000e-06	3.916661e-06	1.596633e-09	2.710243e+01	1.017210e+02
4.630000e-06	3.882931e-06	1.598779e-09	2.686903e+01	1.013005e+02
4.640000e-06	3.848933e-06	1.608074e-09	2.663376e+01	1.008766e+02
4.650000e-06	3.814699e-06	1.585782e-09	2.639687e+01	1.004496e+02
4.660000e-06	3.780204e-06	1.575330e-09	2.615817e+01	1.000196e+02
4.670000e-06	3.745381e-06	1.587346e-09	2.591721e+01	9.958678e+01
4.680000e-06	3.710237e-06	1.574693e-09	2.567402e+01	9.915135e+01
4.690000e-06	3.674823e-06	1.553206e-09	2.542896e+01	9.871339e+01
4.700000e-06	3.639240e-06	1.558783e-09	2.518274e+01	9.827298e+01
4.710000e-06	3.603512e-06	1.561427e-09	2.493550e+01	9.783018e+01
4.720000e-06	3.567642e-06	1.540655e-09	2.468729e+01	9.738499e+01
4.730000e-06	3.531644e-06	1.539041e-09	2.443820e+01	9.693737e+01
4.740000e-06	3.495502e-06	1.546766e-09	2.418810e+01	9.648727e+01
4.750000e-06	3.459120e-06	1.532151e-09	2.393635e+01	9.603459e+01
4.760000e-06	3.422452e-06	1.517559e-09	2.368261e+01	9.557918e+01
4.770000e-06	3.385485e-06	1.523667e-09	2.342681e+01	9.512087e+01
4.780000e-06	3.348198e-06	1.515133e-09	2.316879e+01	9.465946e+01
4.790000e-06	3.310488e-06	1.499244e-09	2.290785e+01	9.419470e+01
4.800000e-06	3.272288e-06	1.499881e-09	2.264351e+01	9.372632e+01
4.810000e-06	3.233687e-06	1.500591e-09	2.237640e+01	9.325404e+01
4.820000e-06	3.194802e-06	1.485004e-09	2.210732e+01	9.277753e+01
4.830000e-06	3.155629e-06	1.479925e-09	2.183625e+01	9.229646e+01
4.840000e-06	3.116204e-06	1.479574e-09	2.156344e+01	9.181048e+01
4.850000e-06	3.076601e-06	1.467840e-09	2.128940e+01	9.131921e+01
4.860000e-06	3.036830e-06	1.453418e-09	2.101419e+01	9.082228e+01
4.870000e-06	2.996922e-06	1.452607e-09	2.073804e+01	9.031932e+01
4.880000e-06	2.956851e-06	1.445319e-09	2.046075e+01	8.980994e+01
4.890000e-06	2.916615e-06	1.432856e-09	2.018233e+01	8.929377e+01
4.900000e-06	2.876182e-06	1.428214e-09	1.990254e+01	8.877044e+01
4.910000e-06	2.835598e-06	1.424131e-09	1.962171e+01	8.823958e+01
4.920000e-06	2.794804e-06	1.411761e-09	1.933942e+01	8.770087e+01
4.930000e-06	2.753812e-06	1.404737e-09	1.905577e+01	8.715397e+01
4.940000e-06	2.712683e-06	1.404710e-09	1.877117e+01	8.659857e+01
4.950000e-06	2.671340e-06	1.400601e-09	1.848508e+01	8.603439e+01
4.960000e-06	2.629852e-06	1.396249e-09	1.819799e+01	8.546118e+01
4.970000e-06	2.588220e-06	1.393246e-09	1.790991e+01	8.487870e+01
4.980000e-06	2.546362e-06	1.380663e-09	1.762026e+01	8.428675e+01
4.990000e-06	2.504280e-06	1.361555e-09	1.732906e+01	8.368514e+01
5.000000e-06	2.462048e-06	1.351106e-09	1.703683e+01	8.307374e+01
5.010000e-06	2.419758e-06	1.345674e-09	1.674419e+01	8.245241e+01
5.020000e-06	2.377311e-06	1.338899e-09	1.645046e+01	8.182106e+01
5.030000e-06	2.334585e-06	1.334974e-09	1.615481e+01	8.117961e+01
5.040000e-06	2.291660e-06	1.335459e-09	1.585778e+01	8.052802e+01
5.050000e-06	2.248607e-06	1.326809e-09	1.555986e+01	7.986626e+01
5.060000e-06	2.205413e-06	1.313931e-09	1.526097e+01	7.919430e+01
5.070000e-06	2.162076e-06	1.302025e-09	1.496109e+01	7.851214e+01
5.080000e-06	2.118592e-06	1.289474e-09	1.466019e+01	7.781978e+01
5.090000e-06	2.074970e-06	1.274654e-09	1.435833e+01	7.711723e+01
5.100000e-06	2.031288e-06	1.263621e-09	1.405606e+01	7.640449e+01
5.110000e-06	1.987528e-06	1.255409e-09	1.375325e+01	7.568156e+01
5.120000e-06	1.943738e-06	1.248938e-09	1.345023e+01	7.494841e+01
5.130000e-06	1.899919e-06	1.242098e-09	1.314702e+01	7.420501e+01
5.140000e-06	1.855991e-06	1.234533e-09	1.284304e+01	7.345130e+01
5.150000e-06	1.811952e-06	1.224330e-09	1.253831e+01	7.268719e+01
5.160000e-06	1.767810e-06	1.212148e-09	1.223286e+01	7.191255e+01
5.170000e-06	1.723565e-06	1.197840e-09	1.192669e+01	7.112720e+01
5.180000e-06	1.679233e-06	1.184202e-09	1.161992e+01	7.033094e+01
5.190000e-06	1.634783e-06	1.169840e-09	1.131234e+01	6.952349e+01
5.200000e-06	1.590234e-06	1.156824e-09	1.100406e+01	6.870454e+01
5.210000e-06	1.545556e-06	1.144848e-09	1.069490e+01	6.787370e+01
5.220000e-06	1.500686e-06	1.131236e-09	1.038441e+01	6.703052e+01
5.230000e-06	1.455728e-06	1.118305e-09	1.007332e+01	6.617449e+01
5.240000e-06	1.410709e-06	1.107473e-09	9.761791e+00	6.530503e+01
5.250000e-06	1.365559e-06	1.098725e-09	9.449367e+00	6.442149e+01
5.260000e-06	1.320218e-06	1.090541e-09	9.135613e+00	6.352314e+01
5.270000e-06	1.274743e-06	1.079259e-09	8.820939e+00	6.260920e+01
5.280000e-06	1.229157e-06	1.062707e-09	8.505497e+00	6.167881e+01
5.290000e-06	1.183412e-06	1.046734e-09	8.188952e+00	6.073103e+01
5.300000e-06	1.137583e-06	1.029472e-09	7.871825e+00	5.976487e+01
5.310000e-06	1.091693e-06	1.008003e-09	7.554275e+00	5.877929e+01
5.320000e-06	1.045742e-06	9.898939e-10	7.236306e+00	5.777318e+01
5.330000e-06	9.996839e-07	9.783390e-10	6.917591e+00	5.674537e+01
5.340000e-06	9.534855e-07	9.659312e-10	6.597908e+00	5.569467e+01
5.350000e-06	9.072446e-07	9.520433e-10	6.277932e+00	5.461984e+01
5.360000e-06	8.609849e-07	9.354769e-10	5.957825e+00	5.351961e+01
5.370000e-06	8.146889e-07	9.148096e-10	5.637467e+00	5.239271e+01
5.380000e-06	7.683512e-07	8.901896e-10	5.316820e+00	5.123783e+01
5.390000e-06	7.219113e-07	8.664091e-10	4.995466e+00	5.005368e+01
5.400000e-06	6.754360e-07	8.459815e-10	4.673868e+00	4.883899e+01
5.410000e-06	6.289680e-07	8.296707e-10	4.352319e+00	4.759249e+01
5.420000e-06	5.824638e-07	8.172771e-10	4.030521e+00	4.631296e+01
5.430000e-06	5.359847e-07	8.030785e-10	3.708896e+00	4.499922e+01
5.440000e-06	4.894885e-07	7.797126e-10	3.387152e+00	4.365014e+01
5.450000e-06	4.429122e-07	7.519787e-10	3.064854e+00	4.226469e+01
5.460000e-06	3.963879e-07	7.285477e-10	2.742917e+00	4.084187e+01
5.470000e-06	3.498118e-07	7.069391e-10	2.420620e+00	3.938083e+01
5.480000e-06	3.030957e-07	6.857160e-10	2.097355e+00	3.788078e+01
5.490000e-06	2.564845e-07	6.650621e-10	1.774816e+00	3.634107e+01
5.500000e-06	2.099615e-07	6.399730e-10	1.452887e+00	3.476116e+01
5.510000e-06	1.633114e-07	6.098269e-10	1.130079e+00	3.314065e+01
5.520000e-06	1.166143e-07	5.793421e-10	8.069451e-01	3.147930e+01
5.530000e-06	6.993102e-08	5.518162e-10	4.839071e-01	2.977699e+01
5.540000e-06	2.324607e-08	5.255680e-10	1.608576e-01	2.803380e+01
5.550000e-06	-2.338451e-08	5.017337e-10	-1.618156e-01	2.624993e+01
5.560000e-06	-7.005894e-08	4.781676e-10	-4.847924e-01	2.442580e+01
5.570000e-06	-1.167796e-07	4.474105e-10	-8.080892e-01	2.256196e+01
5.580000e-06	-1.634621e-07	4.102747e-10	-1.131121e+00	2.065916e+01
5.590000e-06	-2.101223e-07	3.737627e-10	-1.454000e+00	1.871834e+01
5.600000e-06	-2.568104e-07	3.388614e-10	-1.777071e+00	1.674058e+01
5.610000e-06	-3.034075e-07	3.040326e-10	-2.099512e+00	1.472719e+01
5.620000e-06	-3.499387e-07	2.703324e-10	-2.421498e+00	1.267961e+01
5.630000e-06	-3.964780e-07	2.358544e-10	-2.743540e+00	1.059947e+01
5.640000e-06	-4.430135e-07	1.998966e-10	-3.065555e+00	8.488575e+00
5.650000e-06	-4.894929e-07	1.622413e-10	-3.387183e+00	6.348875e+00
5.660000e-06	-5.359309e-07	1.241446e-10	-3.708523e+00	4.182479e+00
5.670000e-06	-5.823731e-07	8.658187e-11	-4.029893e+00	1.991640e+00
5.680000e-06	-6.287507e-07	4.909611e-11	-4.350816e+00	-2.212584e-01
5.690000e-06	-6.751066e-07	1.138857e-11	-4.671588e+00	-2.453708e+00
5.700000e-06	-7.214488e-07	-2.901668e-11	-4.992266e+00	-4.703092e+00
5.710000e-06	-7.677644e-07	-7.033872e-11	-5.312760e+00	-6.966695e+00
5.720000e-06	-8.139594e-07	-1.082283e-10	-5.632419e+00	-9.241719e+00
5.730000e-06	-8.600210e-07	-1.461112e-10	-5.951155e+00	-1.152530e+01
5.740000e-06	-9.059937e-07	-1.833241e-10	-6.269276e+00	-1.381451e+01
5.750000e-06	-9.519789e-07	-2.195508e-10	-6.587483e+00	-1.610639e+01
5.760000e-06	-9.979799e-07	-2.576381e-10	-6.905800e+00	-1.839797e+01
5.770000e-06	-1.043859e-06	-2.975680e-10	-7.223274e+00	-2.068624e+01
5.780000e-06	-1.089666e-06	-3.367605e-10	-7.540247e+00	-2.296824e+01
5.790000e-06	-1.135484e-06	-3.761158e-10	-7.857299e+00	-2.524101e+01
5.800000e-06	-1.181216e-06	-4.156487e-10	-8.173752e+00	-2.750163e+01
5.810000e-06	-1.226747e-06	-4.562469e-10	-8.488818e+00	-2.974726e+01
5.820000e-06	-1.272230e-06	-4.953637e-10	-8.803550e+00	-3.197510e+01
5.830000e-06	-1.317712e-06	-5.322771e-10	-9.118278e+00	-3.418245e+01
5.840000e-06	-1.363060e-06	-5.679667e-10	-9.432074e+00	-3.636673e+01
5.850000e-06	-1.408247e-06	-6.022305e-10	-9.744758e+00	-3.852544e+01
5.860000e-06	-1.453283e-06	-6.369105e-10	-1.005640e+01	-4.065622e+01
5.870000e-06	-1.498219e-06	-6.709561e-10	-1.036734e+01	-4.275686e+01
5.880000e-06	-1.543015e-06	-7.039819e-10	-1.067732e+01	-4.482527e+01
5.890000e-06	-1.587606e-06	-7.386136e-10	-1.098588e+01	-4.685954e+01
5.900000e-06	-1.632060e-06	-7.732231e-10	-1.129350e+01	-4.885789e+01
5.910000e-06	-1.676412e-06	-8.051117e-10	-1.160040e+01	-5.081875e+01
5.920000e-06	-1.720707e-06	-8.369503e-10	-1.190691e+01	-5.274070e+01
5.930000e-06	-1.764931e-06	-8.700549e-10	-1.221293e+01	-5.462249e+01
5.940000e-06	-1.809040e-06	-9.017612e-10	-1.251816e+01	-5.646308e+01
5.950000e-06	-1.853023e-06	-9.293172e-10	-1.282251e+01	-5.826159e+01
5.960000e-06	-1.896887e-06	-9.577649e-10	-1.312604e+01	-6.001732e+01
5.970000e-06	-1.940714e-06	-9.880532e-10	-1.342931e+01	-6.172976e+01
5.980000e-06	-1.984507e-06	-1.017974e-09	-1.373235e+01	-6.339857e+01
5.990000e-06	-2.028267e-06	-1.046374e-09	-1.403516e+01	-6.502359e+01
6.000000e-06	-2.071973e-06	-1.072919e-09	-1.433760e+01	-6.660482e+01
6.010000e-06	-2.115578e-06	-1.098615e-09	-1.463933e+01	-6.814242e+01
6.020000e-06	-2.159014e-06	-1.124803e-09	-1.493990e+01	-6.963672e+01
6.030000e-06	-2.202266e-06	-1.151225e-09	-1.523919e+01	-7.108817e+01
6.040000e-06	-2.245328e-06	-1.175524e-09	-1.553717e+01	-7.249738e+01
6.050000e-06	-2.288290e-06	-1.197514e-09	-1.583446e+01	-7.386507e+01
6.060000e-06	-2.331171e-06	-1.216182e-09	-1.613118e+01	-7.519209e+01
6.070000e-06	-2.373735e-06	-1.233764e-09	-1.642572e+01	-7.647937e+01
6.080000e-06	-2.416007e-06	-1.251844e-09	-1.671823e+01	-7.772796e+01
6.090000e-06	-2.458146e-06	-1.270861e-09	-1.700983e+01	-7.893898e+01
6.100000e-06	-2.500169e-06	-1.292094e-09	-1.730062e+01	-8.011361e+01
6.110000e-06	-2.541983e-06	-1.315330e-09	-1.758996e+01	-8.125309e+01
6.120000e-06	-2.583646e-06	-1.339016e-09	-1.787826e+01	-8.235872e+01
6.130000e-06	-2.625210e-06	-1.359694e-09	-1.816587e+01	-8.343181e+01
6.140000e-06	-2.666561e-06	-1.376253e-09	-1.845201e+01	-8.447370e+01
6.150000e-06	-2.707684e-06	-1.389230e-09	-1.873657e+01	-8.548573e+01
6.160000e-06	-2.748668e-06	-1.400328e-09	-1.902017e+01	-8.646926e+01
6.170000e-06	-2.789483e-06	-1.412371e-09	-1.930261e+01	-8.742561e+01
6.180000e-06	-2.830042e-06	-1.426924e-09	-1.958326e+01	-8.835609e+01
6.190000e-06	-2.870405e-06	-1.444414e-09	-1.986257e+01	-8.926197e+01
6.200000e-06	-2.910575e-06	-1.465432e-09	-2.014054e+01	-9.014448e+01
6.210000e-06	-2.950573e-06	-1.487915e-09	-2.041731e+01	-9.100482e+01
6.220000e-06	-2.990490e-06	-1.507450e-09	-2.069353e+01	-9.184411e+01
6.230000e-06	-3.030302e-06	-1.521732e-09	-2.096902e+01	-9.266343e+01
6.240000e-06	-3.069934e-06	-1.533001e-09	-2.124327e+01	-9.346376e+01
6.250000e-06	-3.109418e-06	-1.541114e-09	-2.151648e+01	-9.424604e+01
6.260000e-06	-3.148730e-06	-1.548792e-09	-2.178852e+01	-9.501113e+01
6.270000e-06	-3.187816e-06	-1.559851e-09	-2.205898e+01	-9.575981e+01
6.280000e-06	-3.226630e-06	-1.573868e-09	-2.232757e+01	-9.649279e+01
6.290000e-06	-3.265038e-06	-1.589073e-09	-2.259334e+01	-9.721069e+01
6.300000e-06	-3.303012e-06	-1.603754e-09	-2.285611e+01	-9.791406e+01
6.310000e-06	-3.340639e-06	-1.615366e-09	-2.311648e+01	-9.860339e+01
6.320000e-06	-3.377865e-06	-1.624734e-09	-2.337407e+01	-9.927907e+01
6.330000e-06	-3.414636e-06	-1.635194e-09	-2.362852e+01	-9.994144e+01
6.340000e-06	-3.451073e-06	-1.644709e-09	-2.388066e+01	-1.005908e+02
6.350000e-06	-3.487312e-06	-1.653759e-09	-2.413143e+01	-1.012273e+02
6.360000e-06	-3.523404e-06	-1.662599e-09	-2.438118e+01	-1.018511e+02
6.370000e-06	-3.559358e-06	-1.667643e-09	-2.462997e+01	-1.024623e+02
6.380000e-06	-3.595180e-06	-1.672865e-09	-2.487785e+01	-1.030610e+02
6.390000e-06	-3.630740e-06	-1.682040e-09	-2.512392e+01	-1.036472e+02
6.400000e-06	-3.665989e-06	-1.693952e-09	-2.536783e+01	-1.042208e+02
6.410000e-06	-3.701049e-06	-1.707100e-09	-2.561044e+01	-1.047819e+02
6.420000e-06	-3.735959e-06	-1.720369e-09	-2.585201e+01	-1.053303e+02
6.430000e-06	-3.770632e-06	-1.732219e-09	-2.609194e+01	-1.058660e+02
6.440000e-06	-3.805003e-06	-1.742781e-09	-2.632978e+01	-1.063888e+02
6.450000e-06	-3.839106e-06	-1.752084e-09	-2.656577e+01	-1.068988e+02
6.460000e-06	-3.872945e-06	-1.757786e-09	-2.679992e+01	-1.073957e+02
6.470000e-06	-3.906515e-06	-1.761876e-09	-2.703222e+01	-1.078795e+02
6.480000e-06	-3.939870e-06	-1.766847e-09	-2.726303e+01	-1.083503e+02
6.490000e-06	-3.972865e-06	-1.775317e-09	-2.749135e+01	-1.088078e+02
6.500000e-06	-4.005480e-06	-1.788315e-09	-2.771703e+01	-1.092521e+02
6.510000e-06	-4.037899e-06	-1.801972e-09	-2.794137e+01	-1.096832e+02
6.520000e-06	-4.070150e-06	-1.812403e-09	-2.816454e+01	-1.101011e+02
6.530000e-06	-4.102221e-06	-1.818781e-09	-2.838646e+01	-1.105059e+02
6.540000e-06	-4.134082e-06	-1.822329e-09	-2.860693e+01	-1.108977e+02
6.550000e-06	-4.165660e-06	-1.823317e-09	-2.882545e+01	-1.112767e+02
6.560000e-06	-4.196943e-06	-1.824774e-09	-2.904191e+01	-1.116430e+02
6.570000e-06	-4.227865e-06	-1.827521e-09	-2.925589e+01	-1.119967e+02
6.580000e-06	-4.258309e-06	-1.831904e-09	-2.946655e+01	-1.123383e+02
6.590000e-06	-4.288331e-06	-1.838683e-09	-2.967430e+01	-1.126679e+02
6.600000e-06	-4.317895e-06	-1.847327e-09	-2.987888e+01	-1.129859e+02
6.610000e-06	-4.346916e-06	-1.856296e-09	-3.007970e+01	-1.132926e+02
6.620000e-06	-4.375473e-06	-1.862732e-09	-3.027731e+01	-1.135884e+02
6.630000e-06	-4.403727e-06	-1.866736e-09	-3.047281e+01	-1.138737e+02
6.640000e-06	-4.431787e-06	-1.868850e-09	-3.066698e+01	-1.141489e+02
6.650000e-06	-4.459683e-06	-1.869219e-09	-3.086002e+01	-1.144145e+02
6.660000e-06	-4.487395e-06	-1.868944e-09	-3.105178e+01	-1.146709e+02
6.670000e-06	-4.514822e-06	-1.870005e-09	-3.124157e+01	-1.149187e+02
6.680000e-06	-4.541951e-06	-1.872367e-09	-3.142929e+01	-1.151582e+02
6.690000e-06	-4.568847e-06	-1.875914e-09	-3.161541e+01	-1.153901e+02
6.700000e-06	-4.595414e-06	-1.880249e-09	-3.179924e+01	-1.156147e+02
6.710000e-06	-4.621580e-06	-1.885738e-09	-3.198031e+01	-1.158326e+02
6.720000e-06	-4.647472e-06	-1.891403e-09	-3.215948e+01	-1.160442e+02
6.730000e-06	-4.673046e-06	-1.894739e-09	-3.233644e+01	-1.162500e+02
6.740000e-06	-4.698225e-06	-1.897100e-09	-3.251068e+01	-1.164504e+02
6.750000e-06	-4.723018e-06	-1.899758e-09	-3.268224e+01	-1.166458e+02
6.760000e-06	-4.747426e-06	-1.901503e-09	-3.285114e+01	-1.168367e+02
6.770000e-06	-4.771590e-06	-1.902360e-09	-3.301835e+01	-1.170234e+02
6.780000e-06	-4.795607e-06	-1.903752e-09	-3.318454e+01	-1.172063e+02
6.790000e-06	-4.819426e-06	-1.905351e-09	-3.334936e+01	-1.173856e+02
6.800000e-06	-4.842995e-06	-1.905575e-09	-3.351246e+01	-1.175617e+02
6.810000e-06	-4.866241e-06	-1.906062e-09	-3.367331e+01	-1.177348e+02
6.820000e-06	-4.888975e-06	-1.909131e-09	-3.383062e+01	-1.179050e+02
6.830000e-06	-4.911064e-06	-1.913893e-09	-3.398348e+01	-1.180727e+02
6.840000e-06	-4.932608e-06	-1.918896e-09	-3.413256e+01	-1.182378e+02
6.850000e-06	-4.953680e-06	-1.922113e-09	-3.427837e+01	-1.184005e+02
6.860000e-06	-4.974305e-06	-1.922450e-09	-3.442109e+01	-1.185609e+02
6.870000e-06	-4.994604e-06	-1.919609e-09	-3.456155e+01	-1.187189e+02
6.880000e-06	-5.014655e-06	-1.916803e-09	-3.470030e+01	-1.188747e+02
6.890000e-06	-5.034469e-06	-1.917753e-09	-3.483741e+01	-1.190281e+02
6.900000e-06	-5.054002e-06	-1.920571e-09	-3.497257e+01	-1.191791e+02
6.910000e-06	-5.073278e-06	-1.925657e-09	-3.510596e+01	-1.193276e+02
6.920000e-06	-5.092287e-06	-1.932455e-09	-3.523750e+01	-1.194735e+02
6.930000e-06	-5.110915e-06	-1.934909e-09	-3.536640e+01	-1.196167e+02
6.940000e-06	-5.129173e-06	-1.934819e-09	-3.549274e+01	-1.197570e+02
6.950000e-06	-5.147063e-06	-1.932331e-09	-3.561654e+01	-1.198943e+02
6.960000e-06	-5.164564e-06	-1.927726e-09	-3.573764e+01	-1.200284e+02
6.970000e-06	-5.181778e-06	-1.926786e-09	-3.585675e+01	-1.201592e+02
6.980000e-06	-5.198619e-06	-1.930914e-09	-3.597329e+01	-1.202863e+02
6.990000e-06	-5.215065e-06	-1.937476e-09	-3.608709e+01	-1.204098e+02
7.000000e-06	-5.231230e-06	-1.942875e-09	-3.619895e+01	-1.205293e+02
7.010000e-06	-5.247182e-06	-1.946096e-09	-3.630934e+01	-1.206448e+02
7.020000e-06	-5.262842e-06	-1.945670e-09	-3.641770e+01	-1.207561e+02
7.030000e-06	-5.278069e-06	-1.942908e-09	-3.652307e+01	-1.208629e+02
7.040000e-06	-5.292819e-06	-1.940681e-09	-3.662513e+01	-1.209653e+02
7.050000e-06	-5.306960e-06	-1.941431e-09	-3.672299e+01	-1.210629e+02
7.060000e-06	-5.320471e-06	-1.942495e-09	-3.681648e+01	-1.211559e+02
7.070000e-06	-5.333486e-06	-1.942302e-09	-3.690654e+01	-1.212440e+02
7.080000e-06	-5.346030e-06	-1.939734e-09	-3.699334e+01	-1.213272e+02
7.090000e-06	-5.358119e-06	-1.935590e-09	-3.707700e+01	-1.214054e+02
7.100000e-06	-5.369822e-06	-1.932867e-09	-3.715798e+01	-1.214787e+02
7.110000e-06	-5.381182e-06	-1.930786e-09	-3.723659e+01	-1.215469e+02
7.120000e-06	-5.392160e-06	-1.930951e-09	-3.731255e+01	-1.216102e+02
7.130000e-06	-5.402746e-06	-1.934980e-09	-3.738580e+01	-1.216685e+02
7.140000e-06	-5.413007e-06	-1.938114e-09	-3.745681e+01	-1.217219e+02
7.150000e-06	-5.422900e-06	-1.940579e-09	-3.752527e+01	-1.217705e+02
7.160000e-06	-5.432363e-06	-1.941279e-09	-3.759075e+01	-1.218143e+02
7.170000e-06	-5.441326e-06	-1.936499e-09	-3.765277e+01	-1.218534e+02
7.180000e-06	-5.449946e-06	-1.929846e-09	-3.771242e+01	-1.218880e+02
7.190000e-06	-5.458337e-06	-1.925480e-09	-3.777049e+01	-1.219181e+02
7.200000e-06	-5.466479e-06	-1.925637e-09	-3.782682e+01	-1.219439e+02
7.210000e-06	-5.474396e-06	-1.928370e-09	-3.788161e+01	-1.219655e+02
7.220000e-06	-5.482009e-06	-1.932612e-09	-3.793429e+01	-1.219830e+02
7.230000e-06	-5.489189e-06	-1.936262e-09	-3.798398e+01	-1.219965e+02
7.240000e-06	-5.495930e-06	-1.936896e-09	-3.803062e+01	-1.220062e+02
7.250000e-06	-5.502113e-06	-1.933407e-09	-3.807340e+01	-1.220122e+02
7.260000e-06	-5.507582e-06	-1.926992e-09	-3.811125e+01	-1.220146e+02
7.270000e-06	-5.512506e-06	-1.921902e-09	-3.814532e+01	-1.220135e+02
7.280000e-06	-5.517048e-06	-1.919598e-09	-3.817675e+01	-1.220090e+02
7.290000e-06	-5.521270e-06	-1.918739e-09	-3.820596e+01	-1.220011e+02
7.300000e-06	-5.525191e-06	-1.918524e-09	-3.823309e+01	-1.219900e+02
7.310000e-06	-5.528799e-06	-1.916859e-09	-3.825806e+01	-1.219756e+02
7.320000e-06	-5.532056e-06	-1.913821e-09	-3.828060e+01	-1.219581e+02
7.330000e-06	-5.534913e-06	-1.911050e-09	-3.830038e+01	-1.219373e+02
7.340000e-06	-5.537406e-06	-1.909785e-09	-3.831763e+01	-1.219134e+02
7.350000e-06	-5.539537e-06	-1.908630e-09	-3.833237e+01	-1.218863e+02
7.360000e-06	-5.541363e-06	-1.905670e-09	-3.834501e+01	-1.218558e+02
7.370000e-06	-5.542860e-06	-1.902023e-09	-3.835537e+01	-1.218221e+02
7.380000e-06	-5.543894e-06	-1.898046e-09	-3.836252e+01	-1.217850e+02
7.390000e-06	-5.544588e-06	-1.892779e-09	-3.836732e+01	-1.217443e+02
7.400000e-06	-5.544996e-06	-1.887889e-09	-3.837014e+01	-1.217001e+02
