# Temperatura_=_-24.62
# Concentracion g/m^3_=_1620.0
# C_Vs_to_Am_M_A/Vsm_=_65563218390.804596
# pendiente_HvsI_1/m_=_3716.3
# ordenada_HvsI_A/m_=_1297.0
# frecuencia_Hz_=_135092.22071272484

Tiempo_(s)	Campo_(V.s)	Magnetizacion_(V.s)	Campo_(kA/m)	Magnetizacion_(A/m)
0.000000e+00	-5.522879e-06	-1.124789e-09	-3.838646e+01	-7.142873e+01
1.000000e-08	-5.523021e-06	-1.126739e-09	-3.838745e+01	-7.146835e+01
2.000000e-08	-5.522963e-06	-1.130783e-09	-3.838705e+01	-7.151150e+01
3.000000e-08	-5.522523e-06	-1.133559e-09	-3.838399e+01	-7.155800e+01
4.000000e-08	-5.521617e-06	-1.131644e-09	-3.837769e+01	-7.160758e+01
5.000000e-08	-5.520059e-06	-1.126598e-09	-3.836686e+01	-7.165999e+01
6.000000e-08	-5.517860e-06	-1.120828e-09	-3.835158e+01	-7.171490e+01
7.000000e-08	-5.515172e-06	-1.142524e-09	-3.833289e+01	-7.177197e+01
8.000000e-08	-5.512000e-06	-1.157882e-09	-3.831085e+01	-7.183086e+01
9.000000e-08	-5.508357e-06	-1.104724e-09	-3.828552e+01	-7.189116e+01
1.000000e-07	-5.504261e-06	-1.079609e-09	-3.825706e+01	-7.195249e+01
1.100000e-07	-5.499863e-06	-1.139840e-09	-3.822649e+01	-7.201442e+01
1.200000e-07	-5.495249e-06	-1.189546e-09	-3.819442e+01	-7.207653e+01
1.300000e-07	-5.490353e-06	-1.104683e-09	-3.816039e+01	-7.213840e+01
1.400000e-07	-5.485057e-06	-1.045082e-09	-3.812358e+01	-7.219960e+01
1.500000e-07	-5.479416e-06	-1.128163e-09	-3.808437e+01	-7.225970e+01
1.600000e-07	-5.473435e-06	-1.204489e-09	-3.804280e+01	-7.231831e+01
1.700000e-07	-5.466981e-06	-1.140360e-09	-3.799794e+01	-7.237501e+01
1.800000e-07	-5.460060e-06	-1.033752e-09	-3.794984e+01	-7.242943e+01
1.900000e-07	-5.452803e-06	-1.104056e-09	-3.789940e+01	-7.248122e+01
2.000000e-07	-5.445298e-06	-1.179377e-09	-3.784724e+01	-7.253003e+01
2.100000e-07	-5.437515e-06	-1.171697e-09	-3.779314e+01	-7.257557e+01
2.200000e-07	-5.429461e-06	-1.089498e-09	-3.773717e+01	-7.261755e+01
2.300000e-07	-5.421188e-06	-1.108494e-09	-3.767966e+01	-7.265576e+01
2.400000e-07	-5.412453e-06	-1.144489e-09	-3.761895e+01	-7.268997e+01
2.500000e-07	-5.403021e-06	-1.136694e-09	-3.755340e+01	-7.272004e+01
2.600000e-07	-5.392890e-06	-1.088950e-09	-3.748298e+01	-7.274583e+01
2.700000e-07	-5.382306e-06	-1.110920e-09	-3.740942e+01	-7.276727e+01
2.800000e-07	-5.371297e-06	-1.147533e-09	-3.733290e+01	-7.278430e+01
2.900000e-07	-5.359711e-06	-1.136774e-09	-3.725237e+01	-7.279694e+01
3.000000e-07	-5.347741e-06	-1.095427e-09	-3.716917e+01	-7.280522e+01
3.100000e-07	-5.335327e-06	-1.097540e-09	-3.708289e+01	-7.280920e+01
3.200000e-07	-5.322430e-06	-1.136228e-09	-3.699325e+01	-7.280902e+01
3.300000e-07	-5.309246e-06	-1.111409e-09	-3.690162e+01	-7.280482e+01
3.400000e-07	-5.295644e-06	-1.071803e-09	-3.680708e+01	-7.279678e+01
3.500000e-07	-5.281621e-06	-1.094436e-09	-3.670961e+01	-7.278511e+01
3.600000e-07	-5.267396e-06	-1.145599e-09	-3.661074e+01	-7.277006e+01
3.700000e-07	-5.252670e-06	-1.107756e-09	-3.650839e+01	-7.275189e+01
3.800000e-07	-5.237190e-06	-1.095353e-09	-3.640079e+01	-7.273089e+01
3.900000e-07	-5.221053e-06	-1.137771e-09	-3.628864e+01	-7.270735e+01
4.000000e-07	-5.204509e-06	-1.120229e-09	-3.617365e+01	-7.268161e+01
4.100000e-07	-5.187695e-06	-1.052341e-09	-3.605679e+01	-7.265396e+01
4.200000e-07	-5.170510e-06	-1.119065e-09	-3.593734e+01	-7.262476e+01
4.300000e-07	-5.153042e-06	-1.163998e-09	-3.581593e+01	-7.259433e+01
4.400000e-07	-5.135277e-06	-1.096004e-09	-3.569246e+01	-7.256298e+01
4.500000e-07	-5.117139e-06	-1.077358e-09	-3.556639e+01	-7.253106e+01
4.600000e-07	-5.098574e-06	-1.169306e-09	-3.543735e+01	-7.249885e+01
4.700000e-07	-5.079624e-06	-1.123244e-09	-3.530564e+01	-7.246666e+01
4.800000e-07	-5.060355e-06	-1.066250e-09	-3.517171e+01	-7.243477e+01
4.900000e-07	-5.040768e-06	-1.126319e-09	-3.503558e+01	-7.240342e+01
5.000000e-07	-5.020952e-06	-1.141430e-09	-3.489785e+01	-7.237286e+01
5.100000e-07	-5.000903e-06	-1.057745e-09	-3.475849e+01	-7.234329e+01
5.200000e-07	-4.980582e-06	-1.108098e-09	-3.461726e+01	-7.231488e+01
5.300000e-07	-4.959945e-06	-1.159722e-09	-3.447382e+01	-7.228778e+01
5.400000e-07	-4.938924e-06	-1.080790e-09	-3.432772e+01	-7.226212e+01
5.500000e-07	-4.917526e-06	-1.065525e-09	-3.417899e+01	-7.223798e+01
5.600000e-07	-4.895832e-06	-1.151010e-09	-3.402820e+01	-7.221542e+01
5.700000e-07	-4.873812e-06	-1.116862e-09	-3.387516e+01	-7.219445e+01
5.800000e-07	-4.851365e-06	-1.065746e-09	-3.371914e+01	-7.217507e+01
5.900000e-07	-4.828530e-06	-1.120252e-09	-3.356043e+01	-7.215724e+01
6.000000e-07	-4.805403e-06	-1.121425e-09	-3.339968e+01	-7.214089e+01
6.100000e-07	-4.782019e-06	-1.065478e-09	-3.323716e+01	-7.212592e+01
6.200000e-07	-4.758398e-06	-1.091508e-09	-3.307298e+01	-7.211221e+01
6.300000e-07	-4.734524e-06	-1.122317e-09	-3.290704e+01	-7.209962e+01
6.400000e-07	-4.710390e-06	-1.083688e-09	-3.273930e+01	-7.208797e+01
6.500000e-07	-4.685936e-06	-1.094860e-09	-3.256933e+01	-7.207709e+01
6.600000e-07	-4.660986e-06	-1.121549e-09	-3.239592e+01	-7.206677e+01
6.700000e-07	-4.635542e-06	-1.095415e-09	-3.221907e+01	-7.205680e+01
6.800000e-07	-4.609639e-06	-1.079594e-09	-3.203904e+01	-7.204697e+01
6.900000e-07	-4.583121e-06	-1.107536e-09	-3.185473e+01	-7.203703e+01
7.000000e-07	-4.556200e-06	-1.091047e-09	-3.166761e+01	-7.202677e+01
7.100000e-07	-4.529032e-06	-1.080517e-09	-3.147879e+01	-7.201596e+01
7.200000e-07	-4.501587e-06	-1.100338e-09	-3.128803e+01	-7.200438e+01
7.300000e-07	-4.473969e-06	-1.105815e-09	-3.109607e+01	-7.199180e+01
7.400000e-07	-4.446095e-06	-1.085703e-09	-3.090233e+01	-7.197803e+01
7.500000e-07	-4.417957e-06	-1.093553e-09	-3.070676e+01	-7.196288e+01
7.600000e-07	-4.389551e-06	-1.092520e-09	-3.050933e+01	-7.194616e+01
7.700000e-07	-4.360881e-06	-1.083557e-09	-3.031006e+01	-7.192773e+01
7.800000e-07	-4.331864e-06	-1.084437e-09	-3.010838e+01	-7.190743e+01
7.900000e-07	-4.302501e-06	-1.092225e-09	-2.990429e+01	-7.188516e+01
8.000000e-07	-4.272906e-06	-1.079474e-09	-2.969860e+01	-7.186083e+01
8.100000e-07	-4.243002e-06	-1.081671e-09	-2.949075e+01	-7.183435e+01
8.200000e-07	-4.212808e-06	-1.088936e-09	-2.928088e+01	-7.180568e+01
8.300000e-07	-4.182338e-06	-1.079167e-09	-2.906910e+01	-7.177481e+01
8.400000e-07	-4.151542e-06	-1.069839e-09	-2.885506e+01	-7.174172e+01
8.500000e-07	-4.120393e-06	-1.084326e-09	-2.863856e+01	-7.170644e+01
8.600000e-07	-4.089021e-06	-1.089533e-09	-2.842051e+01	-7.166901e+01
8.700000e-07	-4.057495e-06	-1.079808e-09	-2.820139e+01	-7.162950e+01
8.800000e-07	-4.025791e-06	-1.080625e-09	-2.798103e+01	-7.158799e+01
8.900000e-07	-3.993882e-06	-1.080663e-09	-2.775925e+01	-7.154458e+01
9.000000e-07	-3.961768e-06	-1.067944e-09	-2.753604e+01	-7.149937e+01
9.100000e-07	-3.929372e-06	-1.065023e-09	-2.731088e+01	-7.145250e+01
9.200000e-07	-3.896557e-06	-1.073965e-09	-2.708280e+01	-7.140408e+01
9.300000e-07	-3.863317e-06	-1.068255e-09	-2.685176e+01	-7.135426e+01
9.400000e-07	-3.829677e-06	-1.065356e-09	-2.661795e+01	-7.130318e+01
9.500000e-07	-3.795637e-06	-1.071045e-09	-2.638136e+01	-7.125096e+01
9.600000e-07	-3.761156e-06	-1.067897e-09	-2.614170e+01	-7.119774e+01
9.700000e-07	-3.726271e-06	-1.053745e-09	-2.589924e+01	-7.114364e+01
9.800000e-07	-3.691073e-06	-1.055816e-09	-2.565459e+01	-7.108878e+01
9.900000e-07	-3.655625e-06	-1.059646e-09	-2.540822e+01	-7.103324e+01
1.000000e-06	-3.620008e-06	-1.055584e-09	-2.516066e+01	-7.097712e+01
1.010000e-06	-3.584255e-06	-1.051525e-09	-2.491216e+01	-7.092047e+01
1.020000e-06	-3.548292e-06	-1.058370e-09	-2.466221e+01	-7.086333e+01
1.030000e-06	-3.512122e-06	-1.052657e-09	-2.441081e+01	-7.080570e+01
1.040000e-06	-3.475776e-06	-1.048495e-09	-2.415819e+01	-7.074759e+01
1.050000e-06	-3.439274e-06	-1.052014e-09	-2.390448e+01	-7.068894e+01
1.060000e-06	-3.402496e-06	-1.054844e-09	-2.364886e+01	-7.062969e+01
1.070000e-06	-3.365395e-06	-1.049090e-09	-2.339099e+01	-7.056972e+01
1.080000e-06	-3.328051e-06	-1.048379e-09	-2.313143e+01	-7.050892e+01
1.090000e-06	-3.290428e-06	-1.045042e-09	-2.286994e+01	-7.044711e+01
1.100000e-06	-3.252542e-06	-1.038392e-09	-2.260661e+01	-7.038411e+01
1.110000e-06	-3.214457e-06	-1.034526e-09	-2.234191e+01	-7.031970e+01
1.120000e-06	-3.176176e-06	-1.034066e-09	-2.207583e+01	-7.025361e+01
1.130000e-06	-3.137636e-06	-1.028919e-09	-2.180796e+01	-7.018558e+01
1.140000e-06	-3.098959e-06	-1.026576e-09	-2.153914e+01	-7.011530e+01
1.150000e-06	-3.060226e-06	-1.033295e-09	-2.126993e+01	-7.004246e+01
1.160000e-06	-3.021334e-06	-1.035814e-09	-2.099961e+01	-6.996671e+01
1.170000e-06	-2.982131e-06	-1.031545e-09	-2.072713e+01	-6.988768e+01
1.180000e-06	-2.942693e-06	-1.027109e-09	-2.045302e+01	-6.980502e+01
1.190000e-06	-2.903102e-06	-1.021727e-09	-2.017785e+01	-6.971834e+01
1.200000e-06	-2.863342e-06	-1.014275e-09	-1.990150e+01	-6.962724e+01
1.210000e-06	-2.823441e-06	-1.010884e-09	-1.962417e+01	-6.953135e+01
1.220000e-06	-2.783354e-06	-1.013467e-09	-1.934554e+01	-6.943027e+01
1.230000e-06	-2.743157e-06	-1.016396e-09	-1.906616e+01	-6.932362e+01
1.240000e-06	-2.702804e-06	-1.016557e-09	-1.878568e+01	-6.921103e+01
1.250000e-06	-2.662222e-06	-1.015606e-09	-1.850363e+01	-6.909212e+01
1.260000e-06	-2.621458e-06	-1.011136e-09	-1.822030e+01	-6.896656e+01
1.270000e-06	-2.580446e-06	-1.006210e-09	-1.793525e+01	-6.883402e+01
1.280000e-06	-2.539120e-06	-9.992004e-10	-1.764801e+01	-6.869418e+01
1.290000e-06	-2.497529e-06	-9.979903e-10	-1.735893e+01	-6.854677e+01
1.300000e-06	-2.455658e-06	-9.970948e-10	-1.706792e+01	-6.839152e+01
1.310000e-06	-2.413480e-06	-9.957133e-10	-1.677476e+01	-6.822821e+01
1.320000e-06	-2.370981e-06	-9.916466e-10	-1.647937e+01	-6.805663e+01
1.330000e-06	-2.328194e-06	-9.854315e-10	-1.618198e+01	-6.787662e+01
1.340000e-06	-2.285106e-06	-9.793351e-10	-1.588250e+01	-6.768803e+01
1.350000e-06	-2.241732e-06	-9.778970e-10	-1.558103e+01	-6.749075e+01
1.360000e-06	-2.198224e-06	-9.782924e-10	-1.527864e+01	-6.728469e+01
1.370000e-06	-2.154622e-06	-9.782776e-10	-1.497558e+01	-6.706981e+01
1.380000e-06	-2.110930e-06	-9.760325e-10	-1.467190e+01	-6.684607e+01
1.390000e-06	-2.067185e-06	-9.716314e-10	-1.436785e+01	-6.661346e+01
1.400000e-06	-2.023394e-06	-9.628436e-10	-1.406349e+01	-6.637200e+01
1.410000e-06	-1.979495e-06	-9.545139e-10	-1.375837e+01	-6.612172e+01
1.420000e-06	-1.935493e-06	-9.464412e-10	-1.345254e+01	-6.586266e+01
1.430000e-06	-1.891400e-06	-9.403442e-10	-1.314607e+01	-6.559488e+01
1.440000e-06	-1.847220e-06	-9.342924e-10	-1.283900e+01	-6.531843e+01
1.450000e-06	-1.802967e-06	-9.306452e-10	-1.253142e+01	-6.503336e+01
1.460000e-06	-1.758596e-06	-9.309225e-10	-1.222302e+01	-6.473972e+01
1.470000e-06	-1.714051e-06	-9.285577e-10	-1.191342e+01	-6.443756e+01
1.480000e-06	-1.669386e-06	-9.252416e-10	-1.160297e+01	-6.412688e+01
1.490000e-06	-1.624546e-06	-9.217647e-10	-1.129132e+01	-6.380769e+01
1.500000e-06	-1.579564e-06	-9.133539e-10	-1.097867e+01	-6.347995e+01
1.510000e-06	-1.534514e-06	-8.997841e-10	-1.066555e+01	-6.314360e+01
1.520000e-06	-1.489374e-06	-8.872479e-10	-1.035181e+01	-6.279853e+01
1.530000e-06	-1.444217e-06	-8.761332e-10	-1.003795e+01	-6.244459e+01
1.540000e-06	-1.398955e-06	-8.685687e-10	-9.723359e+00	-6.208157e+01
1.550000e-06	-1.353550e-06	-8.663166e-10	-9.407773e+00	-6.170921e+01
1.560000e-06	-1.308101e-06	-8.636335e-10	-9.091881e+00	-6.132721e+01
1.570000e-06	-1.262561e-06	-8.577584e-10	-8.775358e+00	-6.093519e+01
1.580000e-06	-1.216924e-06	-8.494948e-10	-8.458164e+00	-6.053269e+01
1.590000e-06	-1.171252e-06	-8.368486e-10	-8.140724e+00	-6.011922e+01
1.600000e-06	-1.125460e-06	-8.220366e-10	-7.822443e+00	-5.969418e+01
1.610000e-06	-1.079575e-06	-8.080633e-10	-7.503522e+00	-5.925693e+01
1.620000e-06	-1.033564e-06	-7.999294e-10	-7.183728e+00	-5.880675e+01
1.630000e-06	-9.874498e-07	-7.953602e-10	-6.863215e+00	-5.834285e+01
1.640000e-06	-9.412879e-07	-7.947405e-10	-6.542369e+00	-5.786437e+01
1.650000e-06	-8.950113e-07	-7.912997e-10	-6.220726e+00	-5.737037e+01
1.660000e-06	-8.486873e-07	-7.855143e-10	-5.898754e+00	-5.685989e+01
1.670000e-06	-8.023143e-07	-7.740496e-10	-5.576441e+00	-5.633186e+01
1.680000e-06	-7.558709e-07	-7.618910e-10	-5.253638e+00	-5.578520e+01
1.690000e-06	-7.094425e-07	-7.536535e-10	-4.930940e+00	-5.521874e+01
1.700000e-06	-6.629957e-07	-7.445902e-10	-4.608114e+00	-5.463132e+01
1.710000e-06	-6.164418e-07	-7.347525e-10	-4.284544e+00	-5.402169e+01
1.720000e-06	-5.698492e-07	-7.212816e-10	-3.960705e+00	-5.338862e+01
1.730000e-06	-5.232767e-07	-7.081590e-10	-3.637005e+00	-5.273084e+01
1.740000e-06	-4.767288e-07	-6.979270e-10	-3.313477e+00	-5.204707e+01
1.750000e-06	-4.301835e-07	-6.913548e-10	-2.989967e+00	-5.133605e+01
1.760000e-06	-3.834805e-07	-6.822351e-10	-2.665360e+00	-5.059652e+01
1.770000e-06	-3.366781e-07	-6.711381e-10	-2.340062e+00	-4.982723e+01
1.780000e-06	-2.899335e-07	-6.588295e-10	-2.015166e+00	-4.902700e+01
1.790000e-06	-2.431528e-07	-6.461634e-10	-1.690020e+00	-4.819464e+01
1.800000e-06	-1.962728e-07	-6.333102e-10	-1.364183e+00	-4.732908e+01
1.810000e-06	-1.493616e-07	-6.223151e-10	-1.038130e+00	-4.642926e+01
1.820000e-06	-1.024652e-07	-6.104165e-10	-7.121784e-01	-4.549422e+01
1.830000e-06	-5.564221e-08	-5.947362e-10	-3.867381e-01	-4.452310e+01
1.840000e-06	-8.809986e-09	-5.800632e-10	-6.123332e-02	-4.351512e+01
1.850000e-06	3.803841e-08	-5.680036e-10	2.643838e-01	-4.246962e+01
1.860000e-06	8.482809e-08	-5.566703e-10	5.895929e-01	-4.138603e+01
1.870000e-06	1.316593e-07	-5.419938e-10	9.150905e-01	-4.026394e+01
1.880000e-06	1.784311e-07	-5.249078e-10	1.240176e+00	-3.910305e+01
1.890000e-06	2.251066e-07	-5.081533e-10	1.564591e+00	-3.790322e+01
1.900000e-06	2.718060e-07	-4.871435e-10	1.889172e+00	-3.666443e+01
1.910000e-06	3.185711e-07	-4.649131e-10	2.214211e+00	-3.538683e+01
1.920000e-06	3.652916e-07	-4.446736e-10	2.538939e+00	-3.407071e+01
1.930000e-06	4.119224e-07	-4.249437e-10	2.863043e+00	-3.271655e+01
1.940000e-06	4.586287e-07	-4.089370e-10	3.187673e+00	-3.132494e+01
1.950000e-06	5.053172e-07	-3.952769e-10	3.512179e+00	-2.989668e+01
1.960000e-06	5.518478e-07	-3.798459e-10	3.835587e+00	-2.843270e+01
1.970000e-06	5.983290e-07	-3.593414e-10	4.158652e+00	-2.693410e+01
1.980000e-06	6.447546e-07	-3.376057e-10	4.481331e+00	-2.540212e+01
1.990000e-06	6.910687e-07	-3.133573e-10	4.803234e+00	-2.383818e+01
2.000000e-06	7.373533e-07	-2.876000e-10	5.124932e+00	-2.224382e+01
2.010000e-06	7.836414e-07	-2.640459e-10	5.446656e+00	-2.062074e+01
2.020000e-06	8.298990e-07	-2.412541e-10	5.768167e+00	-1.897076e+01
2.030000e-06	8.761461e-07	-2.172408e-10	6.089604e+00	-1.729582e+01
2.040000e-06	9.222983e-07	-1.925973e-10	6.410383e+00	-1.559799e+01
2.050000e-06	9.683691e-07	-1.683002e-10	6.730595e+00	-1.387944e+01
2.060000e-06	1.014456e-06	-1.440448e-10	7.050919e+00	-1.214244e+01
2.070000e-06	1.060469e-06	-1.204717e-10	7.370733e+00	-1.038932e+01
2.080000e-06	1.106345e-06	-9.924175e-11	7.689590e+00	-8.622502e+00
2.090000e-06	1.152131e-06	-7.592908e-11	8.007824e+00	-6.844461e+00
2.100000e-06	1.197860e-06	-4.991252e-11	8.325657e+00	-5.057713e+00
2.110000e-06	1.243546e-06	-2.381302e-11	8.643196e+00	-3.264806e+00
2.120000e-06	1.289159e-06	2.436696e-12	8.960224e+00	-1.468305e+00
2.130000e-06	1.334625e-06	3.041101e-11	9.276233e+00	3.292216e-01
2.140000e-06	1.379964e-06	5.688420e-11	9.591359e+00	2.125215e+00
2.150000e-06	1.425227e-06	7.971331e-11	9.905963e+00	3.917141e+00
2.160000e-06	1.470426e-06	1.009145e-10	1.022011e+01	5.702502e+00
2.170000e-06	1.515511e-06	1.223044e-10	1.053348e+01	7.478850e+00
2.180000e-06	1.560470e-06	1.449111e-10	1.084596e+01	9.243798e+00
2.190000e-06	1.605368e-06	1.694469e-10	1.115802e+01	1.099503e+01
2.200000e-06	1.650095e-06	1.978709e-10	1.146889e+01	1.273033e+01
2.210000e-06	1.694600e-06	2.288333e-10	1.177822e+01	1.444756e+01
2.220000e-06	1.738957e-06	2.585713e-10	1.208652e+01	1.614469e+01
2.230000e-06	1.783177e-06	2.840825e-10	1.239387e+01	1.781981e+01
2.240000e-06	1.827298e-06	3.044371e-10	1.270053e+01	1.947113e+01
2.250000e-06	1.871316e-06	3.198224e-10	1.300648e+01	2.109698e+01
2.260000e-06	1.915271e-06	3.339699e-10	1.331198e+01	2.269582e+01
2.270000e-06	1.959188e-06	3.519348e-10	1.361723e+01	2.426627e+01
2.280000e-06	2.003051e-06	3.750190e-10	1.392209e+01	2.580707e+01
2.290000e-06	2.046899e-06	4.019238e-10	1.422685e+01	2.731711e+01
2.300000e-06	2.090696e-06	4.298694e-10	1.453127e+01	2.879542e+01
2.310000e-06	2.134384e-06	4.536423e-10	1.483492e+01	3.024118e+01
2.320000e-06	2.178012e-06	4.713181e-10	1.513815e+01	3.165370e+01
2.330000e-06	2.221535e-06	4.844142e-10	1.544066e+01	3.303246e+01
2.340000e-06	2.264890e-06	4.968335e-10	1.574199e+01	3.437704e+01
2.350000e-06	2.308076e-06	5.115584e-10	1.604215e+01	3.568719e+01
2.360000e-06	2.351051e-06	5.285880e-10	1.634085e+01	3.696275e+01
2.370000e-06	2.393657e-06	5.472686e-10	1.663698e+01	3.820372e+01
2.380000e-06	2.435896e-06	5.676769e-10	1.693056e+01	3.941019e+01
2.390000e-06	2.477829e-06	5.869998e-10	1.722201e+01	4.058237e+01
2.400000e-06	2.519375e-06	6.035176e-10	1.751077e+01	4.172058e+01
2.410000e-06	2.560554e-06	6.169131e-10	1.779699e+01	4.282521e+01
2.420000e-06	2.601504e-06	6.280929e-10	1.808161e+01	4.389675e+01
2.430000e-06	2.642229e-06	6.386680e-10	1.836466e+01	4.493576e+01
2.440000e-06	2.682627e-06	6.521793e-10	1.864545e+01	4.594288e+01
2.450000e-06	2.722803e-06	6.681836e-10	1.892469e+01	4.691879e+01
2.460000e-06	2.762903e-06	6.841962e-10	1.920340e+01	4.786423e+01
2.470000e-06	2.802860e-06	6.988659e-10	1.948112e+01	4.877995e+01
2.480000e-06	2.842706e-06	7.116528e-10	1.975807e+01	4.966678e+01
2.490000e-06	2.882538e-06	7.219254e-10	2.003492e+01	5.052552e+01
2.500000e-06	2.922255e-06	7.297316e-10	2.031097e+01	5.135701e+01
2.510000e-06	2.961764e-06	7.423064e-10	2.058558e+01	5.216209e+01
2.520000e-06	3.001060e-06	7.554981e-10	2.085870e+01	5.294160e+01
2.530000e-06	3.040164e-06	7.674293e-10	2.113049e+01	5.369635e+01
2.540000e-06	3.079083e-06	7.816486e-10	2.140099e+01	5.442716e+01
2.550000e-06	3.117702e-06	7.945948e-10	2.166941e+01	5.513481e+01
2.560000e-06	3.156009e-06	8.015347e-10	2.193566e+01	5.582006e+01
2.570000e-06	3.194137e-06	8.050715e-10	2.220067e+01	5.648363e+01
2.580000e-06	3.232115e-06	8.092051e-10	2.246463e+01	5.712622e+01
2.590000e-06	3.269935e-06	8.127673e-10	2.272750e+01	5.774846e+01
2.600000e-06	3.307583e-06	8.214405e-10	2.298917e+01	5.835098e+01
2.610000e-06	3.344978e-06	8.361039e-10	2.324908e+01	5.893434e+01
2.620000e-06	3.382156e-06	8.533700e-10	2.350749e+01	5.949906e+01
2.630000e-06	3.419085e-06	8.668432e-10	2.376416e+01	6.004563e+01
2.640000e-06	3.455606e-06	8.737226e-10	2.401800e+01	6.057449e+01
2.650000e-06	3.491889e-06	8.773983e-10	2.427018e+01	6.108603e+01
2.660000e-06	3.528009e-06	8.785196e-10	2.452123e+01	6.158061e+01
2.670000e-06	3.563957e-06	8.811142e-10	2.477108e+01	6.205856e+01
2.680000e-06	3.599838e-06	8.865268e-10	2.502047e+01	6.252016e+01
2.690000e-06	3.635605e-06	8.948371e-10	2.526907e+01	6.296568e+01
2.700000e-06	3.671257e-06	9.054985e-10	2.551686e+01	6.339534e+01
2.710000e-06	3.706705e-06	9.143463e-10	2.576324e+01	6.380936e+01
2.720000e-06	3.741870e-06	9.207806e-10	2.600766e+01	6.420792e+01
2.730000e-06	3.776821e-06	9.236724e-10	2.625058e+01	6.459120e+01
2.740000e-06	3.811227e-06	9.240446e-10	2.648972e+01	6.495936e+01
2.750000e-06	3.845002e-06	9.247319e-10	2.672447e+01	6.531257e+01
2.760000e-06	3.878336e-06	9.269812e-10	2.695616e+01	6.565099e+01
2.770000e-06	3.911242e-06	9.318354e-10	2.718487e+01	6.597477e+01
2.780000e-06	3.943781e-06	9.396426e-10	2.741103e+01	6.628409e+01
2.790000e-06	3.976007e-06	9.497582e-10	2.763502e+01	6.657912e+01
2.800000e-06	4.008054e-06	9.586359e-10	2.785775e+01	6.686007e+01
2.810000e-06	4.039970e-06	9.631512e-10	2.807959e+01	6.712714e+01
2.820000e-06	4.071749e-06	9.644278e-10	2.830047e+01	6.738056e+01
2.830000e-06	4.103311e-06	9.663279e-10	2.851984e+01	6.762060e+01
2.840000e-06	4.134552e-06	9.686263e-10	2.873697e+01	6.784754e+01
2.850000e-06	4.165446e-06	9.706170e-10	2.895170e+01	6.806167e+01
2.860000e-06	4.196030e-06	9.751840e-10	2.916427e+01	6.826333e+01
2.870000e-06	4.226281e-06	9.838958e-10	2.937453e+01	6.845289e+01
2.880000e-06	4.256227e-06	9.913957e-10	2.958267e+01	6.863074e+01
2.890000e-06	4.285999e-06	9.938970e-10	2.978960e+01	6.879728e+01
2.900000e-06	4.315475e-06	9.952285e-10	2.999447e+01	6.895296e+01
2.910000e-06	4.344647e-06	9.967409e-10	3.019723e+01	6.909825e+01
2.920000e-06	4.373578e-06	9.987445e-10	3.039831e+01	6.923362e+01
2.930000e-06	4.402108e-06	1.003431e-09	3.059660e+01	6.935960e+01
2.940000e-06	4.430388e-06	1.008865e-09	3.079316e+01	6.947670e+01
2.950000e-06	4.458526e-06	1.012248e-09	3.098873e+01	6.958547e+01
2.960000e-06	4.486439e-06	1.013579e-09	3.118274e+01	6.968645e+01
2.970000e-06	4.514199e-06	1.014448e-09	3.137569e+01	6.978020e+01
2.980000e-06	4.541770e-06	1.014003e-09	3.156732e+01	6.986727e+01
2.990000e-06	4.569019e-06	1.013992e-09	3.175671e+01	6.994823e+01
3.000000e-06	4.595827e-06	1.015914e-09	3.194304e+01	7.002363e+01
3.010000e-06	4.622118e-06	1.020028e-09	3.212577e+01	7.009402e+01
3.020000e-06	4.647865e-06	1.024960e-09	3.230473e+01	7.015991e+01
3.030000e-06	4.672945e-06	1.027924e-09	3.247904e+01	7.022184e+01
3.040000e-06	4.697503e-06	1.029284e-09	3.264973e+01	7.028029e+01
3.050000e-06	4.721777e-06	1.029397e-09	3.281845e+01	7.033573e+01
3.060000e-06	4.745744e-06	1.027302e-09	3.298503e+01	7.038861e+01
3.070000e-06	4.769391e-06	1.025681e-09	3.314938e+01	7.043933e+01
3.080000e-06	4.792735e-06	1.026104e-09	3.331164e+01	7.048827e+01
3.090000e-06	4.815778e-06	1.026904e-09	3.347180e+01	7.053578e+01
3.100000e-06	4.838469e-06	1.028785e-09	3.362950e+01	7.058215e+01
3.110000e-06	4.860829e-06	1.031423e-09	3.378492e+01	7.062765e+01
3.120000e-06	4.882924e-06	1.037181e-09	3.393849e+01	7.067250e+01
3.130000e-06	4.904715e-06	1.040170e-09	3.408995e+01	7.071690e+01
3.140000e-06	4.926208e-06	1.039591e-09	3.423934e+01	7.076097e+01
3.150000e-06	4.947401e-06	1.038333e-09	3.438663e+01	7.080482e+01
3.160000e-06	4.968234e-06	1.033985e-09	3.453143e+01	7.084852e+01
3.170000e-06	4.988703e-06	1.029596e-09	3.467370e+01	7.089208e+01
3.180000e-06	5.008892e-06	1.026464e-09	3.481402e+01	7.093550e+01
3.190000e-06	5.028847e-06	1.029218e-09	3.495272e+01	7.097872e+01
3.200000e-06	5.048548e-06	1.032496e-09	3.508965e+01	7.102166e+01
3.210000e-06	5.067994e-06	1.035256e-09	3.522481e+01	7.106423e+01
3.220000e-06	5.087151e-06	1.037672e-09	3.535796e+01	7.110627e+01
3.230000e-06	5.105896e-06	1.038650e-09	3.548824e+01	7.114764e+01
3.240000e-06	5.124183e-06	1.039285e-09	3.561535e+01	7.118816e+01
3.250000e-06	5.142025e-06	1.040102e-09	3.573935e+01	7.122765e+01
3.260000e-06	5.159543e-06	1.042156e-09	3.586111e+01	7.126590e+01
3.270000e-06	5.176869e-06	1.044604e-09	3.598154e+01	7.130271e+01
3.280000e-06	5.193841e-06	1.046948e-09	3.609950e+01	7.133788e+01
3.290000e-06	5.210471e-06	1.050563e-09	3.621509e+01	7.137119e+01
3.300000e-06	5.226805e-06	1.052215e-09	3.632861e+01	7.140246e+01
3.310000e-06	5.242653e-06	1.051193e-09	3.643876e+01	7.143150e+01
3.320000e-06	5.257940e-06	1.052879e-09	3.654502e+01	7.145814e+01
3.330000e-06	5.272753e-06	1.056386e-09	3.664797e+01	7.148223e+01
3.340000e-06	5.287158e-06	1.059007e-09	3.674810e+01	7.150363e+01
3.350000e-06	5.301078e-06	1.059381e-09	3.684484e+01	7.152224e+01
3.360000e-06	5.314579e-06	1.061159e-09	3.693868e+01	7.153799e+01
3.370000e-06	5.327778e-06	1.064258e-09	3.703042e+01	7.155082e+01
3.380000e-06	5.340521e-06	1.067060e-09	3.711899e+01	7.156072e+01
3.390000e-06	5.352846e-06	1.066885e-09	3.720465e+01	7.156770e+01
3.400000e-06	5.364927e-06	1.065378e-09	3.728863e+01	7.157182e+01
3.410000e-06	5.376709e-06	1.064008e-09	3.737051e+01	7.157316e+01
3.420000e-06	5.388013e-06	1.064294e-09	3.744908e+01	7.157183e+01
3.430000e-06	5.398673e-06	1.065920e-09	3.752317e+01	7.156799e+01
3.440000e-06	5.408740e-06	1.068178e-09	3.759314e+01	7.156183e+01
3.450000e-06	5.418325e-06	1.071329e-09	3.765976e+01	7.155356e+01
3.460000e-06	5.427332e-06	1.073563e-09	3.772236e+01	7.154343e+01
3.470000e-06	5.435892e-06	1.070024e-09	3.778186e+01	7.153171e+01
3.480000e-06	5.444141e-06	1.064285e-09	3.783920e+01	7.151869e+01
3.490000e-06	5.452110e-06	1.063098e-09	3.789458e+01	7.150470e+01
3.500000e-06	5.459793e-06	1.065761e-09	3.794799e+01	7.149008e+01
3.510000e-06	5.467090e-06	1.069237e-09	3.799870e+01	7.147517e+01
3.520000e-06	5.474032e-06	1.075014e-09	3.804696e+01	7.146034e+01
3.530000e-06	5.480568e-06	1.080611e-09	3.809238e+01	7.144595e+01
3.540000e-06	5.486707e-06	1.081966e-09	3.813505e+01	7.143237e+01
3.550000e-06	5.492507e-06	1.081057e-09	3.817536e+01	7.141997e+01
3.560000e-06	5.497887e-06	1.077518e-09	3.821276e+01	7.140910e+01
3.570000e-06	5.502846e-06	1.074372e-09	3.824722e+01	7.140013e+01
3.580000e-06	5.507412e-06	1.073956e-09	3.827896e+01	7.139338e+01
3.590000e-06	5.511657e-06	1.074959e-09	3.830846e+01	7.138916e+01
3.600000e-06	5.515730e-06	1.079029e-09	3.833677e+01	7.138777e+01
3.610000e-06	5.519596e-06	1.085133e-09	3.836364e+01	7.138948e+01
3.620000e-06	5.523109e-06	1.089163e-09	3.838806e+01	7.139451e+01
3.630000e-06	5.526218e-06	1.088119e-09	3.840967e+01	7.140308e+01
3.640000e-06	5.528788e-06	1.084233e-09	3.842753e+01	7.141533e+01
3.650000e-06	5.530714e-06	1.083312e-09	3.844092e+01	7.143141e+01
3.660000e-06	5.532081e-06	1.083126e-09	3.845042e+01	7.145140e+01
3.670000e-06	5.532912e-06	1.084465e-09	3.845620e+01	7.147535e+01
3.680000e-06	5.533303e-06	1.086548e-09	3.845891e+01	7.150326e+01
3.690000e-06	5.533460e-06	1.089429e-09	3.846000e+01	7.153509e+01
3.700000e-06	5.533375e-06	1.092282e-09	3.845942e+01	7.157077e+01
3.710000e-06	5.532909e-06	1.094839e-09	3.845617e+01	7.161017e+01
3.720000e-06	5.532055e-06	1.097336e-09	3.845024e+01	7.165312e+01
3.730000e-06	5.530923e-06	1.097796e-09	3.844237e+01	7.169943e+01
3.740000e-06	5.529430e-06	1.099058e-09	3.843200e+01	7.174885e+01
3.750000e-06	5.527485e-06	1.107636e-09	3.841847e+01	7.180112e+01
3.760000e-06	5.525242e-06	1.093987e-09	3.840288e+01	7.185592e+01
3.770000e-06	5.522686e-06	1.049906e-09	3.838512e+01	7.191291e+01
3.780000e-06	5.519698e-06	1.081074e-09	3.836435e+01	7.197174e+01
3.790000e-06	5.516211e-06	1.159982e-09	3.834012e+01	7.203203e+01
3.800000e-06	5.512266e-06	1.120737e-09	3.831270e+01	7.209337e+01
3.810000e-06	5.508075e-06	1.049678e-09	3.828357e+01	7.215535e+01
3.820000e-06	5.503713e-06	1.078920e-09	3.825325e+01	7.221755e+01
3.830000e-06	5.498969e-06	1.181275e-09	3.822028e+01	7.227954e+01
3.840000e-06	5.493587e-06	1.154569e-09	3.818287e+01	7.234089e+01
3.850000e-06	5.487694e-06	1.023223e-09	3.814191e+01	7.240119e+01
3.860000e-06	5.481487e-06	1.040160e-09	3.809877e+01	7.246002e+01
3.870000e-06	5.474877e-06	1.222641e-09	3.805283e+01	7.251698e+01
3.880000e-06	5.467776e-06	1.230103e-09	3.800347e+01	7.257169e+01
3.890000e-06	5.460257e-06	1.035203e-09	3.795121e+01	7.262379e+01
3.900000e-06	5.452389e-06	1.015454e-09	3.789652e+01	7.267295e+01
3.910000e-06	5.444102e-06	1.183903e-09	3.783893e+01	7.271885e+01
3.920000e-06	5.435429e-06	1.204370e-09	3.777864e+01	7.276123e+01
3.930000e-06	5.426442e-06	1.030188e-09	3.771618e+01	7.279984e+01
3.940000e-06	5.417175e-06	1.052972e-09	3.765177e+01	7.283448e+01
3.950000e-06	5.407452e-06	1.193163e-09	3.758419e+01	7.286498e+01
3.960000e-06	5.397276e-06	1.183525e-09	3.751346e+01	7.289122e+01
3.970000e-06	5.386789e-06	1.053352e-09	3.744057e+01	7.291310e+01
3.980000e-06	5.375919e-06	1.081792e-09	3.736502e+01	7.293059e+01
3.990000e-06	5.364654e-06	1.159042e-09	3.728673e+01	7.294368e+01
4.000000e-06	5.352987e-06	1.114542e-09	3.720563e+01	7.295240e+01
4.010000e-06	5.340892e-06	1.037583e-09	3.712157e+01	7.295683e+01
4.020000e-06	5.328364e-06	1.087543e-09	3.703449e+01	7.295707e+01
4.030000e-06	5.315411e-06	1.163601e-09	3.694446e+01	7.295328e+01
4.040000e-06	5.302063e-06	1.128570e-09	3.685169e+01	7.294563e+01
4.050000e-06	5.288278e-06	1.039253e-09	3.675588e+01	7.293435e+01
4.060000e-06	5.273879e-06	1.075016e-09	3.665580e+01	7.291965e+01
4.070000e-06	5.258936e-06	1.159907e-09	3.655194e+01	7.290182e+01
4.080000e-06	5.243518e-06	1.115134e-09	3.644478e+01	7.288112e+01
4.090000e-06	5.227661e-06	1.027942e-09	3.633457e+01	7.285787e+01
4.100000e-06	5.211466e-06	1.104741e-09	3.622200e+01	7.283238e+01
4.110000e-06	5.194962e-06	1.183659e-09	3.610729e+01	7.280497e+01
4.120000e-06	5.178178e-06	1.065038e-09	3.599064e+01	7.277597e+01
4.130000e-06	5.161048e-06	1.039773e-09	3.587158e+01	7.274571e+01
4.140000e-06	5.143539e-06	1.165731e-09	3.574988e+01	7.271451e+01
4.150000e-06	5.125691e-06	1.133446e-09	3.562583e+01	7.268271e+01
4.160000e-06	5.107448e-06	1.009861e-09	3.549903e+01	7.265060e+01
4.170000e-06	5.088921e-06	1.119525e-09	3.537026e+01	7.261848e+01
4.180000e-06	5.070119e-06	1.174915e-09	3.523958e+01	7.258664e+01
4.190000e-06	5.050965e-06	1.034175e-09	3.510645e+01	7.255532e+01
4.200000e-06	5.031476e-06	1.050832e-09	3.497099e+01	7.252477e+01
4.210000e-06	5.011674e-06	1.188136e-09	3.483336e+01	7.249519e+01
4.220000e-06	4.991568e-06	1.086229e-09	3.469362e+01	7.246676e+01
4.230000e-06	4.971130e-06	1.036118e-09	3.455156e+01	7.243964e+01
4.240000e-06	4.950400e-06	1.171935e-09	3.440748e+01	7.241394e+01
4.250000e-06	4.929267e-06	1.134661e-09	3.426059e+01	7.238975e+01
4.260000e-06	4.907573e-06	1.008623e-09	3.410981e+01	7.236714e+01
4.270000e-06	4.885306e-06	1.123242e-09	3.395505e+01	7.234612e+01
4.280000e-06	4.862566e-06	1.170281e-09	3.379699e+01	7.232670e+01
4.290000e-06	4.839517e-06	1.046068e-09	3.363679e+01	7.230882e+01
4.300000e-06	4.816145e-06	1.076475e-09	3.347435e+01	7.229244e+01
4.310000e-06	4.792388e-06	1.174480e-09	3.330922e+01	7.227744e+01
4.320000e-06	4.768271e-06	1.100088e-09	3.314160e+01	7.226372e+01
4.330000e-06	4.743915e-06	1.076106e-09	3.297232e+01	7.225112e+01
4.340000e-06	4.719308e-06	1.147602e-09	3.280129e+01	7.223949e+01
4.350000e-06	4.694359e-06	1.118302e-09	3.262788e+01	7.222864e+01
4.360000e-06	4.669077e-06	1.081823e-09	3.245216e+01	7.221836e+01
4.370000e-06	4.643448e-06	1.136271e-09	3.227402e+01	7.220846e+01
4.380000e-06	4.617511e-06	1.134434e-09	3.209375e+01	7.219870e+01
4.390000e-06	4.591194e-06	1.091052e-09	3.191083e+01	7.218887e+01
4.400000e-06	4.564531e-06	1.111433e-09	3.172552e+01	7.217873e+01
4.410000e-06	4.537622e-06	1.118228e-09	3.153849e+01	7.216806e+01
4.420000e-06	4.510410e-06	1.094084e-09	3.134935e+01	7.215663e+01
4.430000e-06	4.482851e-06	1.106265e-09	3.115780e+01	7.214423e+01
4.440000e-06	4.455045e-06	1.124605e-09	3.096454e+01	7.213065e+01
4.450000e-06	4.427082e-06	1.105596e-09	3.077019e+01	7.211571e+01
4.460000e-06	4.398892e-06	1.107126e-09	3.057425e+01	7.209921e+01
4.470000e-06	4.370435e-06	1.118301e-09	3.037646e+01	7.208101e+01
4.480000e-06	4.341614e-06	1.107963e-09	3.017615e+01	7.206096e+01
4.490000e-06	4.312430e-06	1.097244e-09	2.997330e+01	7.203894e+01
4.500000e-06	4.282837e-06	1.108684e-09	2.976762e+01	7.201487e+01
4.510000e-06	4.252732e-06	1.103169e-09	2.955837e+01	7.198865e+01
4.520000e-06	4.222178e-06	1.101369e-09	2.934601e+01	7.196026e+01
4.530000e-06	4.191169e-06	1.115895e-09	2.913049e+01	7.192965e+01
4.540000e-06	4.159866e-06	1.119578e-09	2.891291e+01	7.189683e+01
4.550000e-06	4.128294e-06	1.099085e-09	2.869348e+01	7.186181e+01
4.560000e-06	4.096432e-06	1.105712e-09	2.847202e+01	7.182465e+01
4.570000e-06	4.064365e-06	1.117750e-09	2.824914e+01	7.178539e+01
4.580000e-06	4.032062e-06	1.105642e-09	2.802462e+01	7.174413e+01
4.590000e-06	3.999528e-06	1.101568e-09	2.779849e+01	7.170096e+01
4.600000e-06	3.966754e-06	1.118680e-09	2.757070e+01	7.165598e+01
4.610000e-06	3.933716e-06	1.113474e-09	2.734107e+01	7.160932e+01
4.620000e-06	3.900411e-06	1.106531e-09	2.710959e+01	7.156112e+01
4.630000e-06	3.866810e-06	1.120208e-09	2.687604e+01	7.151149e+01
4.640000e-06	3.833001e-06	1.121302e-09	2.664106e+01	7.146059e+01
4.650000e-06	3.798948e-06	1.104152e-09	2.640437e+01	7.140855e+01
4.660000e-06	3.764570e-06	1.110152e-09	2.616543e+01	7.135549e+01
4.670000e-06	3.729866e-06	1.124214e-09	2.592422e+01	7.130154e+01
4.680000e-06	3.694890e-06	1.116322e-09	2.568113e+01	7.124682e+01
4.690000e-06	3.659725e-06	1.115091e-09	2.543671e+01	7.119143e+01
4.700000e-06	3.624351e-06	1.126170e-09	2.519085e+01	7.113544e+01
4.710000e-06	3.588770e-06	1.121073e-09	2.494354e+01	7.107891e+01
4.720000e-06	3.553023e-06	1.111395e-09	2.469509e+01	7.102189e+01
4.730000e-06	3.517099e-06	1.121318e-09	2.444540e+01	7.096440e+01
4.740000e-06	3.480974e-06	1.123174e-09	2.419432e+01	7.090641e+01
4.750000e-06	3.444680e-06	1.112105e-09	2.394206e+01	7.084789e+01
4.760000e-06	3.408107e-06	1.111174e-09	2.368785e+01	7.078877e+01
4.770000e-06	3.371313e-06	1.119161e-09	2.343212e+01	7.072896e+01
4.780000e-06	3.334255e-06	1.114050e-09	2.317455e+01	7.066832e+01
4.790000e-06	3.296753e-06	1.115152e-09	2.291390e+01	7.060669e+01
4.800000e-06	3.258928e-06	1.121314e-09	2.265100e+01	7.054388e+01
4.810000e-06	3.220804e-06	1.122504e-09	2.238602e+01	7.047967e+01
4.820000e-06	3.182406e-06	1.118944e-09	2.211913e+01	7.041382e+01
4.830000e-06	3.143688e-06	1.120425e-09	2.185002e+01	7.034605e+01
4.840000e-06	3.104524e-06	1.117902e-09	2.157782e+01	7.027605e+01
4.850000e-06	3.065034e-06	1.110034e-09	2.130335e+01	7.020352e+01
4.860000e-06	3.025392e-06	1.113173e-09	2.102782e+01	7.012811e+01
4.870000e-06	2.985618e-06	1.122480e-09	2.075137e+01	7.004946e+01
4.880000e-06	2.945623e-06	1.121650e-09	2.047339e+01	6.996719e+01
4.890000e-06	2.905428e-06	1.118549e-09	2.019401e+01	6.988094e+01
4.900000e-06	2.865188e-06	1.114345e-09	1.991433e+01	6.979032e+01
4.910000e-06	2.824836e-06	1.104661e-09	1.963387e+01	6.969493e+01
4.920000e-06	2.784295e-06	1.099675e-09	1.935209e+01	6.959438e+01
4.930000e-06	2.743606e-06	1.106044e-09	1.906928e+01	6.948829e+01
4.940000e-06	2.702661e-06	1.114632e-09	1.878469e+01	6.937629e+01
4.950000e-06	2.661509e-06	1.120403e-09	1.849867e+01	6.925801e+01
4.960000e-06	2.620270e-06	1.126943e-09	1.821204e+01	6.913310e+01
4.970000e-06	2.578848e-06	1.127491e-09	1.792414e+01	6.900124e+01
4.980000e-06	2.537223e-06	1.115426e-09	1.763482e+01	6.886210e+01
4.990000e-06	2.495427e-06	1.104230e-09	1.734432e+01	6.871542e+01
5.000000e-06	2.453488e-06	1.101428e-09	1.705283e+01	6.856091e+01
5.010000e-06	2.411431e-06	1.101339e-09	1.676051e+01	6.839837e+01
5.020000e-06	2.369187e-06	1.107000e-09	1.646690e+01	6.822757e+01
5.030000e-06	2.326739e-06	1.113686e-09	1.617187e+01	6.804835e+01
5.040000e-06	2.284144e-06	1.116860e-09	1.587582e+01	6.786056e+01
5.050000e-06	2.241371e-06	1.112439e-09	1.557853e+01	6.766409e+01
5.060000e-06	2.198380e-06	1.106068e-09	1.527972e+01	6.745886e+01
5.070000e-06	2.155254e-06	1.098927e-09	1.497997e+01	6.724480e+01
5.080000e-06	2.111972e-06	1.093372e-09	1.467914e+01	6.702188e+01
5.090000e-06	2.068562e-06	1.091605e-09	1.437743e+01	6.679009e+01
5.100000e-06	2.025062e-06	1.088826e-09	1.407508e+01	6.654946e+01
5.110000e-06	1.981370e-06	1.085428e-09	1.377140e+01	6.629999e+01
5.120000e-06	1.937557e-06	1.086903e-09	1.346688e+01	6.604175e+01
5.130000e-06	1.893692e-06	1.088433e-09	1.316200e+01	6.577477e+01
5.140000e-06	1.849727e-06	1.085255e-09	1.285643e+01	6.549913e+01
5.150000e-06	1.805722e-06	1.078320e-09	1.255057e+01	6.521486e+01
5.160000e-06	1.761663e-06	1.070759e-09	1.224434e+01	6.492202e+01
5.170000e-06	1.717491e-06	1.063909e-09	1.193732e+01	6.462065e+01
5.180000e-06	1.673235e-06	1.058836e-09	1.162973e+01	6.431076e+01
5.190000e-06	1.628926e-06	1.056499e-09	1.132176e+01	6.399237e+01
5.200000e-06	1.584510e-06	1.054171e-09	1.101305e+01	6.366543e+01
5.210000e-06	1.539996e-06	1.051035e-09	1.070365e+01	6.332989e+01
5.220000e-06	1.495402e-06	1.047497e-09	1.039371e+01	6.298563e+01
5.230000e-06	1.450599e-06	1.044042e-09	1.008231e+01	6.263252e+01
5.240000e-06	1.405771e-06	1.038975e-09	9.770730e+00	6.227035e+01
5.250000e-06	1.360957e-06	1.035151e-09	9.459253e+00	6.189887e+01
5.260000e-06	1.316045e-06	1.032028e-09	9.147100e+00	6.151777e+01
5.270000e-06	1.270982e-06	1.023917e-09	8.833886e+00	6.112668e+01
5.280000e-06	1.225657e-06	1.017145e-09	8.518857e+00	6.072516e+01
5.290000e-06	1.180266e-06	1.014368e-09	8.203372e+00	6.031270e+01
5.300000e-06	1.134825e-06	1.008552e-09	7.887536e+00	5.988874e+01
5.310000e-06	1.089216e-06	1.000961e-09	7.570535e+00	5.945262e+01
5.320000e-06	1.043555e-06	9.966218e-10	7.253168e+00	5.900363e+01
5.330000e-06	9.978809e-07	9.915237e-10	6.935715e+00	5.854099e+01
5.340000e-06	9.521327e-07	9.825815e-10	6.617745e+00	5.806384e+01
5.350000e-06	9.063061e-07	9.725176e-10	6.299229e+00	5.757126e+01
5.360000e-06	8.604504e-07	9.603861e-10	5.980512e+00	5.706227e+01
5.370000e-06	8.145162e-07	9.468632e-10	5.661249e+00	5.653583e+01
5.380000e-06	7.684411e-07	9.355168e-10	5.341007e+00	5.599085e+01
5.390000e-06	7.222724e-07	9.260932e-10	5.020113e+00	5.542618e+01
5.400000e-06	6.760984e-07	9.189430e-10	4.699184e+00	5.484063e+01
5.410000e-06	6.299369e-07	9.147799e-10	4.378341e+00	5.423298e+01
5.420000e-06	5.837021e-07	9.127741e-10	4.056989e+00	5.360200e+01
5.430000e-06	5.373833e-07	9.076848e-10	3.735053e+00	5.294641e+01
5.440000e-06	4.910517e-07	8.927319e-10	3.413027e+00	5.226494e+01
5.450000e-06	4.447263e-07	8.770894e-10	3.091045e+00	5.155633e+01
5.460000e-06	3.983853e-07	8.634987e-10	2.768954e+00	5.081930e+01
5.470000e-06	3.520349e-07	8.527935e-10	2.446799e+00	5.005263e+01
5.480000e-06	3.056066e-07	8.437813e-10	2.124102e+00	4.925510e+01
5.490000e-06	2.591573e-07	8.346181e-10	1.801258e+00	4.842555e+01
5.500000e-06	2.127274e-07	8.189603e-10	1.478550e+00	4.756287e+01
5.510000e-06	1.662711e-07	8.019698e-10	1.155658e+00	4.666603e+01
5.520000e-06	1.198164e-07	7.845616e-10	8.327774e-01	4.573405e+01
5.530000e-06	7.338311e-08	7.688508e-10	5.100452e-01	4.476605e+01
5.540000e-06	2.696356e-08	7.534282e-10	1.874087e-01	4.376126e+01
5.550000e-06	-1.951360e-08	7.377272e-10	-1.356282e-01	4.271898e+01
5.560000e-06	-6.601814e-08	7.242839e-10	-4.588554e-01	4.163867e+01
5.570000e-06	-1.124520e-07	7.053986e-10	-7.815912e-01	4.051989e+01
5.580000e-06	-1.589289e-07	6.821725e-10	-1.104626e+00	3.936233e+01
5.590000e-06	-2.054034e-07	6.570094e-10	-1.427645e+00	3.816583e+01
5.600000e-06	-2.517471e-07	6.359825e-10	-1.749754e+00	3.693036e+01
5.610000e-06	-2.980352e-07	6.191488e-10	-2.071477e+00	3.565607e+01
5.620000e-06	-3.443110e-07	6.011419e-10	-2.393114e+00	3.434324e+01
5.630000e-06	-3.906287e-07	5.780491e-10	-2.715043e+00	3.299230e+01
5.640000e-06	-4.369948e-07	5.525870e-10	-3.037308e+00	3.160388e+01
5.650000e-06	-4.833000e-07	5.265444e-10	-3.359150e+00	3.017872e+01
5.660000e-06	-5.294716e-07	4.986296e-10	-3.680062e+00	2.871776e+01
5.670000e-06	-5.756728e-07	4.703988e-10	-4.001182e+00	2.722208e+01
5.680000e-06	-6.217826e-07	4.443256e-10	-4.321665e+00	2.569292e+01
5.690000e-06	-6.678068e-07	4.183888e-10	-4.641553e+00	2.413167e+01
5.700000e-06	-7.139300e-07	3.901466e-10	-4.962130e+00	2.253987e+01
5.710000e-06	-7.600306e-07	3.597067e-10	-5.282550e+00	2.091919e+01
5.720000e-06	-8.060329e-07	3.335053e-10	-5.602286e+00	1.927146e+01
5.730000e-06	-8.519306e-07	3.078484e-10	-5.921296e+00	1.759861e+01
5.740000e-06	-8.977564e-07	2.812058e-10	-6.239806e+00	1.590270e+01
5.750000e-06	-9.435095e-07	2.535705e-10	-6.557810e+00	1.418587e+01
5.760000e-06	-9.891851e-07	2.224036e-10	-6.875276e+00	1.245040e+01
5.770000e-06	-1.034782e-06	1.864512e-10	-7.192193e+00	1.069862e+01
5.780000e-06	-1.080290e-06	1.537396e-10	-7.508494e+00	8.932935e+00
5.790000e-06	-1.125725e-06	1.236126e-10	-7.824287e+00	7.155818e+00
5.800000e-06	-1.171074e-06	9.329541e-11	-8.139481e+00	5.369783e+00
5.810000e-06	-1.216335e-06	6.563009e-11	-8.454066e+00	3.577376e+00
5.820000e-06	-1.261544e-06	3.618488e-11	-8.768289e+00	1.781161e+00
5.830000e-06	-1.306572e-06	7.483971e-12	-9.081254e+00	-1.629395e-02
5.840000e-06	-1.351409e-06	-2.499600e-11	-9.392894e+00	-1.812428e+00
5.850000e-06	-1.396201e-06	-5.909617e-11	-9.704215e+00	-3.604705e+00
5.860000e-06	-1.440829e-06	-9.119610e-11	-1.001440e+01	-5.390623e+00
5.870000e-06	-1.485327e-06	-1.205329e-10	-1.032368e+01	-7.167729e+00
5.880000e-06	-1.529872e-06	-1.463121e-10	-1.063329e+01	-8.933632e+00
5.890000e-06	-1.574387e-06	-1.710949e-10	-1.094269e+01	-1.068601e+01
5.900000e-06	-1.618777e-06	-1.967673e-10	-1.125122e+01	-1.242264e+01
5.910000e-06	-1.663031e-06	-2.273648e-10	-1.155881e+01	-1.414137e+01
5.920000e-06	-1.707206e-06	-2.584480e-10	-1.186584e+01	-1.584016e+01
5.930000e-06	-1.751291e-06	-2.909050e-10	-1.217225e+01	-1.751710e+01
5.940000e-06	-1.795307e-06	-3.225047e-10	-1.247818e+01	-1.917038e+01
5.950000e-06	-1.839327e-06	-3.465060e-10	-1.278414e+01	-2.079833e+01
5.960000e-06	-1.883288e-06	-3.693248e-10	-1.308969e+01	-2.239940e+01
5.970000e-06	-1.927125e-06	-3.928408e-10	-1.339437e+01	-2.397218e+01
5.980000e-06	-1.970940e-06	-4.185053e-10	-1.369891e+01	-2.551541e+01
5.990000e-06	-2.014730e-06	-4.470908e-10	-1.400326e+01	-2.702796e+01
6.000000e-06	-2.058375e-06	-4.746326e-10	-1.430662e+01	-2.850887e+01
6.010000e-06	-2.101781e-06	-5.011453e-10	-1.460831e+01	-2.995728e+01
6.020000e-06	-2.145062e-06	-5.234546e-10	-1.490913e+01	-3.137252e+01
6.030000e-06	-2.188142e-06	-5.443306e-10	-1.520856e+01	-3.275402e+01
6.040000e-06	-2.231004e-06	-5.629705e-10	-1.550647e+01	-3.410138e+01
6.050000e-06	-2.273732e-06	-5.854305e-10	-1.580345e+01	-3.541431e+01
6.060000e-06	-2.316234e-06	-6.067320e-10	-1.609885e+01	-3.669268e+01
6.070000e-06	-2.358551e-06	-6.266767e-10	-1.639297e+01	-3.793644e+01
6.080000e-06	-2.400743e-06	-6.478028e-10	-1.668623e+01	-3.914570e+01
6.090000e-06	-2.442811e-06	-6.661658e-10	-1.697862e+01	-4.032064e+01
6.100000e-06	-2.484695e-06	-6.851046e-10	-1.726974e+01	-4.146158e+01
6.110000e-06	-2.526450e-06	-7.043972e-10	-1.755995e+01	-4.256890e+01
6.120000e-06	-2.568086e-06	-7.261715e-10	-1.784934e+01	-4.364310e+01
6.130000e-06	-2.609469e-06	-7.478172e-10	-1.813697e+01	-4.468472e+01
6.140000e-06	-2.650642e-06	-7.647274e-10	-1.842314e+01	-4.569439e+01
6.150000e-06	-2.691580e-06	-7.781116e-10	-1.870767e+01	-4.667278e+01
6.160000e-06	-2.732248e-06	-7.900462e-10	-1.899033e+01	-4.762064e+01
6.170000e-06	-2.772676e-06	-8.003470e-10	-1.927133e+01	-4.853873e+01
6.180000e-06	-2.812919e-06	-8.114862e-10	-1.955103e+01	-4.942785e+01
6.190000e-06	-2.853118e-06	-8.242418e-10	-1.983044e+01	-5.028881e+01
6.200000e-06	-2.893253e-06	-8.422254e-10	-2.010939e+01	-5.112246e+01
6.210000e-06	-2.933286e-06	-8.602574e-10	-2.038764e+01	-5.192962e+01
6.220000e-06	-2.973208e-06	-8.772960e-10	-2.066512e+01	-5.271114e+01
6.230000e-06	-3.013039e-06	-8.904988e-10	-2.094196e+01	-5.346785e+01
6.240000e-06	-3.052742e-06	-9.005916e-10	-2.121791e+01	-5.420054e+01
6.250000e-06	-3.092240e-06	-9.066247e-10	-2.149244e+01	-5.491000e+01
6.260000e-06	-3.131493e-06	-9.105925e-10	-2.176527e+01	-5.559701e+01
6.270000e-06	-3.170425e-06	-9.200843e-10	-2.203586e+01	-5.626228e+01
6.280000e-06	-3.208893e-06	-9.333741e-10	-2.230323e+01	-5.690650e+01
6.290000e-06	-3.246927e-06	-9.491257e-10	-2.256759e+01	-5.753033e+01
6.300000e-06	-3.284665e-06	-9.643568e-10	-2.282988e+01	-5.813439e+01
6.310000e-06	-3.322049e-06	-9.764181e-10	-2.308972e+01	-5.871924e+01
6.320000e-06	-3.358909e-06	-9.829661e-10	-2.334591e+01	-5.928541e+01
6.330000e-06	-3.395425e-06	-9.861173e-10	-2.359971e+01	-5.983339e+01
6.340000e-06	-3.431779e-06	-9.890076e-10	-2.385239e+01	-6.036362e+01
6.350000e-06	-3.467946e-06	-9.961806e-10	-2.410376e+01	-6.087651e+01
6.360000e-06	-3.503931e-06	-1.007957e-09	-2.435388e+01	-6.137240e+01
6.370000e-06	-3.539830e-06	-1.018229e-09	-2.460339e+01	-6.185164e+01
6.380000e-06	-3.575608e-06	-1.027910e-09	-2.485206e+01	-6.231452e+01
6.390000e-06	-3.611183e-06	-1.035678e-09	-2.509933e+01	-6.276128e+01
6.400000e-06	-3.646595e-06	-1.042636e-09	-2.534545e+01	-6.319217e+01
6.410000e-06	-3.681665e-06	-1.050497e-09	-2.558920e+01	-6.360740e+01
6.420000e-06	-3.716367e-06	-1.056872e-09	-2.583040e+01	-6.400715e+01
6.430000e-06	-3.750810e-06	-1.063388e-09	-2.606979e+01	-6.439162e+01
6.440000e-06	-3.785007e-06	-1.068267e-09	-2.630748e+01	-6.476095e+01
6.450000e-06	-3.819006e-06	-1.073427e-09	-2.654378e+01	-6.511531e+01
6.460000e-06	-3.852749e-06	-1.078804e-09	-2.677832e+01	-6.545487e+01
6.470000e-06	-3.886145e-06	-1.086420e-09	-2.701043e+01	-6.577978e+01
6.480000e-06	-3.919224e-06	-1.095273e-09	-2.724034e+01	-6.609021e+01
6.490000e-06	-3.951990e-06	-1.102351e-09	-2.746808e+01	-6.638635e+01
6.500000e-06	-3.984502e-06	-1.109230e-09	-2.769406e+01	-6.666837e+01
6.510000e-06	-4.016803e-06	-1.111922e-09	-2.791856e+01	-6.693651e+01
6.520000e-06	-4.048946e-06	-1.110794e-09	-2.814197e+01	-6.719098e+01
6.530000e-06	-4.080931e-06	-1.111591e-09	-2.836428e+01	-6.743204e+01
6.540000e-06	-4.112753e-06	-1.114085e-09	-2.858546e+01	-6.765997e+01
6.550000e-06	-4.144343e-06	-1.117281e-09	-2.880502e+01	-6.787507e+01
6.560000e-06	-4.175633e-06	-1.121983e-09	-2.902250e+01	-6.807768e+01
6.570000e-06	-4.206526e-06	-1.125657e-09	-2.923722e+01	-6.826815e+01
6.580000e-06	-4.236874e-06	-1.128517e-09	-2.944816e+01	-6.844687e+01
6.590000e-06	-4.266610e-06	-1.129269e-09	-2.965484e+01	-6.861425e+01
6.600000e-06	-4.295814e-06	-1.127769e-09	-2.985781e+01	-6.877073e+01
6.610000e-06	-4.324568e-06	-1.127937e-09	-3.005767e+01	-6.891678e+01
6.620000e-06	-4.352983e-06	-1.128518e-09	-3.025516e+01	-6.905288e+01
6.630000e-06	-4.381224e-06	-1.130648e-09	-3.045145e+01	-6.917954e+01
6.640000e-06	-4.409320e-06	-1.133876e-09	-3.064673e+01	-6.929728e+01
6.650000e-06	-4.437277e-06	-1.135601e-09	-3.084105e+01	-6.940663e+01
6.660000e-06	-4.464961e-06	-1.137173e-09	-3.103346e+01	-6.950815e+01
6.670000e-06	-4.492357e-06	-1.136824e-09	-3.122388e+01	-6.960240e+01
6.680000e-06	-4.519492e-06	-1.136965e-09	-3.141248e+01	-6.968992e+01
6.690000e-06	-4.546301e-06	-1.137194e-09	-3.159881e+01	-6.977129e+01
6.700000e-06	-4.572729e-06	-1.136370e-09	-3.178250e+01	-6.984705e+01
6.710000e-06	-4.598817e-06	-1.136619e-09	-3.196382e+01	-6.991774e+01
6.720000e-06	-4.624620e-06	-1.139095e-09	-3.214316e+01	-6.998391e+01
6.730000e-06	-4.650088e-06	-1.139083e-09	-3.232018e+01	-7.004607e+01
6.740000e-06	-4.675157e-06	-1.137134e-09	-3.249441e+01	-7.010470e+01
6.750000e-06	-4.699875e-06	-1.136534e-09	-3.266622e+01	-7.016029e+01
6.760000e-06	-4.724345e-06	-1.137672e-09	-3.283630e+01	-7.021328e+01
6.770000e-06	-4.748646e-06	-1.139086e-09	-3.300519e+01	-7.026408e+01
6.780000e-06	-4.772697e-06	-1.139726e-09	-3.317236e+01	-7.031308e+01
6.790000e-06	-4.796506e-06	-1.139835e-09	-3.333785e+01	-7.036060e+01
6.800000e-06	-4.820072e-06	-1.137397e-09	-3.350164e+01	-7.040697e+01
6.810000e-06	-4.843232e-06	-1.134392e-09	-3.366261e+01	-7.045245e+01
6.820000e-06	-4.865860e-06	-1.133533e-09	-3.381989e+01	-7.049727e+01
6.830000e-06	-4.887954e-06	-1.134734e-09	-3.397345e+01	-7.054161e+01
6.840000e-06	-4.909516e-06	-1.136190e-09	-3.412331e+01	-7.058562e+01
6.850000e-06	-4.930563e-06	-1.136359e-09	-3.426960e+01	-7.062941e+01
6.860000e-06	-4.951145e-06	-1.135964e-09	-3.441265e+01	-7.067303e+01
6.870000e-06	-4.971451e-06	-1.134497e-09	-3.455379e+01	-7.071652e+01
6.880000e-06	-4.991579e-06	-1.134296e-09	-3.469369e+01	-7.075987e+01
6.890000e-06	-5.011480e-06	-1.137167e-09	-3.483201e+01	-7.080302e+01
6.900000e-06	-5.031172e-06	-1.138251e-09	-3.496888e+01	-7.084591e+01
6.910000e-06	-5.050548e-06	-1.138096e-09	-3.510355e+01	-7.088842e+01
6.920000e-06	-5.069456e-06	-1.138969e-09	-3.523497e+01	-7.093043e+01
6.930000e-06	-5.087979e-06	-1.139297e-09	-3.536371e+01	-7.097178e+01
6.940000e-06	-5.106173e-06	-1.137365e-09	-3.549017e+01	-7.101230e+01
6.950000e-06	-5.124018e-06	-1.133931e-09	-3.561420e+01	-7.105179e+01
6.960000e-06	-5.141553e-06	-1.129134e-09	-3.573607e+01	-7.109007e+01
6.970000e-06	-5.158691e-06	-1.127339e-09	-3.585519e+01	-7.112692e+01
6.980000e-06	-5.175422e-06	-1.129321e-09	-3.597148e+01	-7.116215e+01
6.990000e-06	-5.191813e-06	-1.133140e-09	-3.608541e+01	-7.119554e+01
7.000000e-06	-5.207986e-06	-1.137452e-09	-3.619781e+01	-7.122691e+01
7.010000e-06	-5.223895e-06	-1.139412e-09	-3.630839e+01	-7.125605e+01
7.020000e-06	-5.239547e-06	-1.136607e-09	-3.641718e+01	-7.128281e+01
7.030000e-06	-5.254812e-06	-1.129415e-09	-3.652327e+01	-7.130703e+01
7.040000e-06	-5.269410e-06	-1.122946e-09	-3.662474e+01	-7.132858e+01
7.050000e-06	-5.283329e-06	-1.121255e-09	-3.672148e+01	-7.134735e+01
7.060000e-06	-5.296753e-06	-1.123283e-09	-3.681478e+01	-7.136325e+01
7.070000e-06	-5.309707e-06	-1.126611e-09	-3.690482e+01	-7.137624e+01
7.080000e-06	-5.322195e-06	-1.129470e-09	-3.699162e+01	-7.138630e+01
7.090000e-06	-5.334378e-06	-1.129846e-09	-3.707629e+01	-7.139344e+01
7.100000e-06	-5.346215e-06	-1.127490e-09	-3.715857e+01	-7.139771e+01
7.110000e-06	-5.357675e-06	-1.124024e-09	-3.723822e+01	-7.139919e+01
7.120000e-06	-5.368748e-06	-1.120544e-09	-3.731518e+01	-7.139799e+01
7.130000e-06	-5.379411e-06	-1.119569e-09	-3.738929e+01	-7.139427e+01
7.140000e-06	-5.389658e-06	-1.121407e-09	-3.746051e+01	-7.138821e+01
7.150000e-06	-5.399551e-06	-1.124930e-09	-3.752927e+01	-7.138002e+01
7.160000e-06	-5.409090e-06	-1.128046e-09	-3.759558e+01	-7.136995e+01
7.170000e-06	-5.418191e-06	-1.125496e-09	-3.765884e+01	-7.135827e+01
7.180000e-06	-5.426921e-06	-1.123439e-09	-3.771951e+01	-7.134526e+01
7.190000e-06	-5.435371e-06	-1.120738e-09	-3.777824e+01	-7.133126e+01
7.200000e-06	-5.443576e-06	-1.119514e-09	-3.783527e+01	-7.131659e+01
7.210000e-06	-5.451525e-06	-1.119251e-09	-3.789052e+01	-7.130161e+01
7.220000e-06	-5.459181e-06	-1.120507e-09	-3.794373e+01	-7.128667e+01
7.230000e-06	-5.466381e-06	-1.122235e-09	-3.799378e+01	-7.127214e+01
7.240000e-06	-5.473069e-06	-1.123143e-09	-3.804026e+01	-7.125840e+01
7.250000e-06	-5.479051e-06	-1.122770e-09	-3.808184e+01	-7.124580e+01
7.260000e-06	-5.484397e-06	-1.119861e-09	-3.811899e+01	-7.123471e+01
7.270000e-06	-5.489307e-06	-1.117541e-09	-3.815312e+01	-7.122548e+01
7.280000e-06	-5.493808e-06	-1.117501e-09	-3.818441e+01	-7.121845e+01
7.290000e-06	-5.498026e-06	-1.120414e-09	-3.821372e+01	-7.121393e+01
7.300000e-06	-5.501968e-06	-1.123153e-09	-3.824112e+01	-7.121221e+01
7.310000e-06	-5.505681e-06	-1.122325e-09	-3.826693e+01	-7.121356e+01
7.320000e-06	-5.509070e-06	-1.120018e-09	-3.829048e+01	-7.121823e+01
7.330000e-06	-5.512041e-06	-1.120159e-09	-3.831113e+01	-7.122640e+01
7.340000e-06	-5.514568e-06	-1.121771e-09	-3.832870e+01	-7.123826e+01
7.350000e-06	-5.516765e-06	-1.124338e-09	-3.834396e+01	-7.125394e+01
7.360000e-06	-5.518753e-06	-1.123694e-09	-3.835779e+01	-7.127351e+01
7.370000e-06	-5.520413e-06	-1.123170e-09	-3.836932e+01	-7.129705e+01
7.380000e-06	-5.521543e-06	-1.123589e-09	-3.837717e+01	-7.132454e+01
7.390000e-06	-5.522234e-06	-1.124449e-09	-3.838198e+01	-7.135597e+01
7.400000e-06	-5.522648e-06	-1.124772e-09	-3.838486e+01	-7.139124e+01
