# Temperatura_=_-3.13
# Concentracion g/m^3_=_1620.0
# C_Vs_to_Am_M_A/Vsm_=_65563218390.804596
# pendiente_HvsI_1/m_=_3716.3
# ordenada_HvsI_A/m_=_1297.0
# frecuencia_Hz_=_135109.68286085152

Tiempo_(s)	Campo_(V.s)	Magnetizacion_(V.s)	Campo_(kA/m)	Magnetizacion_(A/m)
0.000000e+00	-5.534672e-06	-1.447875e-09	-3.837468e+01	-9.389911e+01
1.000000e-08	-5.534895e-06	-1.446777e-09	-3.837623e+01	-9.386559e+01
2.000000e-08	-5.534860e-06	-1.447558e-09	-3.837599e+01	-9.383084e+01
3.000000e-08	-5.534378e-06	-1.449061e-09	-3.837264e+01	-9.379465e+01
4.000000e-08	-5.533309e-06	-1.447226e-09	-3.836523e+01	-9.375679e+01
5.000000e-08	-5.531677e-06	-1.439639e-09	-3.835392e+01	-9.371702e+01
6.000000e-08	-5.529444e-06	-1.427866e-09	-3.833843e+01	-9.367508e+01
7.000000e-08	-5.526678e-06	-1.436124e-09	-3.831925e+01	-9.363070e+01
8.000000e-08	-5.523414e-06	-1.464068e-09	-3.829662e+01	-9.358361e+01
9.000000e-08	-5.519715e-06	-1.459951e-09	-3.827097e+01	-9.353352e+01
1.000000e-07	-5.515618e-06	-1.421287e-09	-3.824257e+01	-9.348018e+01
1.100000e-07	-5.511210e-06	-1.414222e-09	-3.821201e+01	-9.342332e+01
1.200000e-07	-5.506637e-06	-1.431507e-09	-3.818030e+01	-9.336267e+01
1.300000e-07	-5.501765e-06	-1.410615e-09	-3.814652e+01	-9.329800e+01
1.400000e-07	-5.496485e-06	-1.382658e-09	-3.810991e+01	-9.322908e+01
1.500000e-07	-5.490853e-06	-1.413312e-09	-3.807086e+01	-9.315571e+01
1.600000e-07	-5.484806e-06	-1.462965e-09	-3.802894e+01	-9.307771e+01
1.700000e-07	-5.478307e-06	-1.443895e-09	-3.798388e+01	-9.299493e+01
1.800000e-07	-5.471387e-06	-1.385231e-09	-3.793590e+01	-9.290725e+01
1.900000e-07	-5.464106e-06	-1.407959e-09	-3.788541e+01	-9.281457e+01
2.000000e-07	-5.456541e-06	-1.428948e-09	-3.783296e+01	-9.271686e+01
2.100000e-07	-5.448726e-06	-1.419837e-09	-3.777877e+01	-9.261408e+01
2.200000e-07	-5.440620e-06	-1.385961e-09	-3.772257e+01	-9.250625e+01
2.300000e-07	-5.432246e-06	-1.416207e-09	-3.766451e+01	-9.239345e+01
2.400000e-07	-5.423440e-06	-1.441268e-09	-3.760345e+01	-9.227576e+01
2.500000e-07	-5.413880e-06	-1.432511e-09	-3.753717e+01	-9.215332e+01
2.600000e-07	-5.403574e-06	-1.400750e-09	-3.746572e+01	-9.202629e+01
2.700000e-07	-5.392733e-06	-1.405929e-09	-3.739055e+01	-9.189490e+01
2.800000e-07	-5.381413e-06	-1.423491e-09	-3.731206e+01	-9.175938e+01
2.900000e-07	-5.369612e-06	-1.427029e-09	-3.723024e+01	-9.162000e+01
3.000000e-07	-5.357473e-06	-1.412597e-09	-3.714607e+01	-9.147707e+01
3.100000e-07	-5.344962e-06	-1.408925e-09	-3.705933e+01	-9.133093e+01
3.200000e-07	-5.331978e-06	-1.428584e-09	-3.696930e+01	-9.118191e+01
3.300000e-07	-5.318634e-06	-1.420595e-09	-3.687678e+01	-9.103041e+01
3.400000e-07	-5.304963e-06	-1.402132e-09	-3.678199e+01	-9.087679e+01
3.500000e-07	-5.290835e-06	-1.400228e-09	-3.668404e+01	-9.072147e+01
3.600000e-07	-5.276312e-06	-1.434212e-09	-3.658334e+01	-9.056485e+01
3.700000e-07	-5.261286e-06	-1.415456e-09	-3.647916e+01	-9.040733e+01
3.800000e-07	-5.245640e-06	-1.398722e-09	-3.637068e+01	-9.024932e+01
3.900000e-07	-5.229461e-06	-1.415619e-09	-3.625850e+01	-9.009122e+01
4.000000e-07	-5.213009e-06	-1.420691e-09	-3.614443e+01	-8.993341e+01
4.100000e-07	-5.196326e-06	-1.364522e-09	-3.602876e+01	-8.977625e+01
4.200000e-07	-5.179200e-06	-1.380342e-09	-3.591002e+01	-8.962009e+01
4.300000e-07	-5.161757e-06	-1.425231e-09	-3.578907e+01	-8.946526e+01
4.400000e-07	-5.144092e-06	-1.396514e-09	-3.566659e+01	-8.931203e+01
4.500000e-07	-5.126061e-06	-1.357222e-09	-3.554157e+01	-8.916068e+01
4.600000e-07	-5.107590e-06	-1.410995e-09	-3.541351e+01	-8.901141e+01
4.700000e-07	-5.088672e-06	-1.405184e-09	-3.528234e+01	-8.886441e+01
4.800000e-07	-5.069370e-06	-1.344708e-09	-3.514851e+01	-8.871981e+01
4.900000e-07	-5.049795e-06	-1.359549e-09	-3.501278e+01	-8.857771e+01
5.000000e-07	-5.030045e-06	-1.389015e-09	-3.487585e+01	-8.843816e+01
5.100000e-07	-5.010082e-06	-1.331410e-09	-3.473743e+01	-8.830115e+01
5.200000e-07	-4.989729e-06	-1.332122e-09	-3.459632e+01	-8.816665e+01
5.300000e-07	-4.968950e-06	-1.387558e-09	-3.445224e+01	-8.803456e+01
5.400000e-07	-4.947802e-06	-1.360868e-09	-3.430562e+01	-8.790473e+01
5.500000e-07	-4.926348e-06	-1.327043e-09	-3.415686e+01	-8.777699e+01
5.600000e-07	-4.904618e-06	-1.373376e-09	-3.400620e+01	-8.765110e+01
5.700000e-07	-4.882515e-06	-1.371312e-09	-3.385295e+01	-8.752679e+01
5.800000e-07	-4.859930e-06	-1.319986e-09	-3.369636e+01	-8.740376e+01
5.900000e-07	-4.837058e-06	-1.341855e-09	-3.353777e+01	-8.728167e+01
6.000000e-07	-4.813985e-06	-1.361103e-09	-3.337779e+01	-8.716012e+01
6.100000e-07	-4.790637e-06	-1.319069e-09	-3.321591e+01	-8.703873e+01
6.200000e-07	-4.767081e-06	-1.314558e-09	-3.305259e+01	-8.691707e+01
6.300000e-07	-4.743299e-06	-1.344285e-09	-3.288770e+01	-8.679469e+01
6.400000e-07	-4.719168e-06	-1.323271e-09	-3.272038e+01	-8.667112e+01
6.500000e-07	-4.694625e-06	-1.316689e-09	-3.255021e+01	-8.654590e+01
6.600000e-07	-4.669667e-06	-1.337695e-09	-3.237716e+01	-8.641857e+01
6.700000e-07	-4.644171e-06	-1.330326e-09	-3.220039e+01	-8.628864e+01
6.800000e-07	-4.618011e-06	-1.308236e-09	-3.201900e+01	-8.615565e+01
6.900000e-07	-4.591279e-06	-1.315657e-09	-3.183366e+01	-8.601915e+01
7.000000e-07	-4.564236e-06	-1.305101e-09	-3.164616e+01	-8.587870e+01
7.100000e-07	-4.536942e-06	-1.291772e-09	-3.145692e+01	-8.573389e+01
7.200000e-07	-4.509388e-06	-1.300398e-09	-3.126587e+01	-8.558433e+01
7.300000e-07	-4.481681e-06	-1.310283e-09	-3.107376e+01	-8.542966e+01
7.400000e-07	-4.453833e-06	-1.300135e-09	-3.088068e+01	-8.526955e+01
7.500000e-07	-4.425743e-06	-1.300601e-09	-3.068592e+01	-8.510371e+01
7.600000e-07	-4.397304e-06	-1.295464e-09	-3.048873e+01	-8.493191e+01
7.700000e-07	-4.368570e-06	-1.281135e-09	-3.028951e+01	-8.475393e+01
7.800000e-07	-4.339493e-06	-1.271849e-09	-3.008790e+01	-8.456961e+01
7.900000e-07	-4.310042e-06	-1.271480e-09	-2.988370e+01	-8.437885e+01
8.000000e-07	-4.280342e-06	-1.261642e-09	-2.967777e+01	-8.418156e+01
8.100000e-07	-4.250343e-06	-1.259032e-09	-2.946978e+01	-8.397775e+01
8.200000e-07	-4.220002e-06	-1.260277e-09	-2.925941e+01	-8.376742e+01
8.300000e-07	-4.189348e-06	-1.252766e-09	-2.904687e+01	-8.355066e+01
8.400000e-07	-4.158456e-06	-1.245148e-09	-2.883268e+01	-8.332759e+01
8.500000e-07	-4.127358e-06	-1.251102e-09	-2.861706e+01	-8.309836e+01
8.600000e-07	-4.096010e-06	-1.255259e-09	-2.839971e+01	-8.286317e+01
8.700000e-07	-4.064496e-06	-1.248365e-09	-2.818121e+01	-8.262227e+01
8.800000e-07	-4.032818e-06	-1.244348e-09	-2.796157e+01	-8.237593e+01
8.900000e-07	-4.000916e-06	-1.238596e-09	-2.774037e+01	-8.212446e+01
9.000000e-07	-3.968673e-06	-1.227319e-09	-2.751682e+01	-8.186816e+01
9.100000e-07	-3.936066e-06	-1.220943e-09	-2.729074e+01	-8.160741e+01
9.200000e-07	-3.903088e-06	-1.226000e-09	-2.706209e+01	-8.134256e+01
9.300000e-07	-3.869584e-06	-1.224967e-09	-2.682979e+01	-8.107398e+01
9.400000e-07	-3.835629e-06	-1.222087e-09	-2.659435e+01	-8.080207e+01
9.500000e-07	-3.801231e-06	-1.221782e-09	-2.635586e+01	-8.052721e+01
9.600000e-07	-3.766423e-06	-1.216434e-09	-2.611451e+01	-8.024976e+01
9.700000e-07	-3.731335e-06	-1.198542e-09	-2.587123e+01	-7.997011e+01
9.800000e-07	-3.695994e-06	-1.188388e-09	-2.562619e+01	-7.968861e+01
9.900000e-07	-3.660449e-06	-1.185115e-09	-2.537975e+01	-7.940560e+01
1.000000e-06	-3.624774e-06	-1.181438e-09	-2.513239e+01	-7.912138e+01
1.010000e-06	-3.588991e-06	-1.176136e-09	-2.488429e+01	-7.883625e+01
1.020000e-06	-3.553037e-06	-1.177192e-09	-2.463500e+01	-7.855044e+01
1.030000e-06	-3.516868e-06	-1.171291e-09	-2.438422e+01	-7.826418e+01
1.040000e-06	-3.480436e-06	-1.162469e-09	-2.413162e+01	-7.797765e+01
1.050000e-06	-3.443774e-06	-1.156813e-09	-2.387743e+01	-7.769098e+01
1.060000e-06	-3.406950e-06	-1.152483e-09	-2.362211e+01	-7.740425e+01
1.070000e-06	-3.369860e-06	-1.142527e-09	-2.336495e+01	-7.711753e+01
1.080000e-06	-3.332421e-06	-1.137342e-09	-2.310536e+01	-7.683079e+01
1.090000e-06	-3.294715e-06	-1.135167e-09	-2.284393e+01	-7.654401e+01
1.100000e-06	-3.256809e-06	-1.129123e-09	-2.258110e+01	-7.625708e+01
1.110000e-06	-3.218705e-06	-1.120525e-09	-2.231691e+01	-7.596987e+01
1.120000e-06	-3.180364e-06	-1.111268e-09	-2.205107e+01	-7.568219e+01
1.130000e-06	-3.141747e-06	-1.102426e-09	-2.178332e+01	-7.539381e+01
1.140000e-06	-3.102904e-06	-1.095832e-09	-2.151400e+01	-7.510446e+01
1.150000e-06	-3.063877e-06	-1.095272e-09	-2.124341e+01	-7.481384e+01
1.160000e-06	-3.024694e-06	-1.096031e-09	-2.097174e+01	-7.452161e+01
1.170000e-06	-2.985415e-06	-1.093695e-09	-2.069939e+01	-7.422739e+01
1.180000e-06	-2.946024e-06	-1.087934e-09	-2.042628e+01	-7.393078e+01
1.190000e-06	-2.906404e-06	-1.080982e-09	-2.015157e+01	-7.363137e+01
1.200000e-06	-2.866559e-06	-1.069756e-09	-1.987531e+01	-7.332870e+01
1.210000e-06	-2.826627e-06	-1.057591e-09	-1.959843e+01	-7.302232e+01
1.220000e-06	-2.786571e-06	-1.046837e-09	-1.932071e+01	-7.271176e+01
1.230000e-06	-2.746311e-06	-1.038067e-09	-1.904156e+01	-7.239656e+01
1.240000e-06	-2.705928e-06	-1.030931e-09	-1.876157e+01	-7.207623e+01
1.250000e-06	-2.665292e-06	-1.028399e-09	-1.847982e+01	-7.175031e+01
1.260000e-06	-2.624309e-06	-1.028106e-09	-1.819566e+01	-7.141835e+01
1.270000e-06	-2.583050e-06	-1.026665e-09	-1.790960e+01	-7.107988e+01
1.280000e-06	-2.541540e-06	-1.018747e-09	-1.762178e+01	-7.073449e+01
1.290000e-06	-2.499765e-06	-1.009247e-09	-1.733213e+01	-7.038175e+01
1.300000e-06	-2.457610e-06	-9.965731e-10	-1.703986e+01	-7.002128e+01
1.310000e-06	-2.415111e-06	-9.828101e-10	-1.674519e+01	-6.965271e+01
1.320000e-06	-2.372311e-06	-9.728621e-10	-1.644843e+01	-6.927570e+01
1.330000e-06	-2.329282e-06	-9.697117e-10	-1.615009e+01	-6.888995e+01
1.340000e-06	-2.286127e-06	-9.681995e-10	-1.585088e+01	-6.849517e+01
1.350000e-06	-2.242843e-06	-9.682029e-10	-1.555077e+01	-6.809112e+01
1.360000e-06	-2.199405e-06	-9.690883e-10	-1.524959e+01	-6.767757e+01
1.370000e-06	-2.155818e-06	-9.631306e-10	-1.494738e+01	-6.725432e+01
1.380000e-06	-2.112104e-06	-9.510532e-10	-1.464428e+01	-6.682122e+01
1.390000e-06	-2.068313e-06	-9.375957e-10	-1.434066e+01	-6.637811e+01
1.400000e-06	-2.024491e-06	-9.230894e-10	-1.403682e+01	-6.592488e+01
1.410000e-06	-1.980593e-06	-9.093914e-10	-1.373245e+01	-6.546144e+01
1.420000e-06	-1.936626e-06	-8.998476e-10	-1.342761e+01	-6.498768e+01
1.430000e-06	-1.892559e-06	-8.958227e-10	-1.312207e+01	-6.450354e+01
1.440000e-06	-1.848358e-06	-8.930694e-10	-1.281560e+01	-6.400895e+01
1.450000e-06	-1.803997e-06	-8.877394e-10	-1.250803e+01	-6.350384e+01
1.460000e-06	-1.759533e-06	-8.799832e-10	-1.219973e+01	-6.298814e+01
1.470000e-06	-1.714977e-06	-8.696039e-10	-1.189080e+01	-6.246176e+01
1.480000e-06	-1.670267e-06	-8.599619e-10	-1.158081e+01	-6.192461e+01
1.490000e-06	-1.625399e-06	-8.513299e-10	-1.126972e+01	-6.137657e+01
1.500000e-06	-1.580275e-06	-8.412854e-10	-1.095685e+01	-6.081750e+01
1.510000e-06	-1.534994e-06	-8.296090e-10	-1.064289e+01	-6.024722e+01
1.520000e-06	-1.489691e-06	-8.185463e-10	-1.032878e+01	-5.966551e+01
1.530000e-06	-1.444299e-06	-8.082222e-10	-1.001406e+01	-5.907212e+01
1.540000e-06	-1.398858e-06	-7.983696e-10	-9.698991e+00	-5.846674e+01
1.550000e-06	-1.353393e-06	-7.866663e-10	-9.383760e+00	-5.784902e+01
1.560000e-06	-1.307774e-06	-7.737914e-10	-9.067462e+00	-5.721854e+01
1.570000e-06	-1.261986e-06	-7.595239e-10	-8.749985e+00	-5.657483e+01
1.580000e-06	-1.216145e-06	-7.476032e-10	-8.432149e+00	-5.591737e+01
1.590000e-06	-1.170277e-06	-7.367870e-10	-8.114126e+00	-5.524556e+01
1.600000e-06	-1.124315e-06	-7.249077e-10	-7.795445e+00	-5.455873e+01
1.610000e-06	-1.078241e-06	-7.141098e-10	-7.475990e+00	-5.385616e+01
1.620000e-06	-1.032115e-06	-7.030393e-10	-7.156177e+00	-5.313707e+01
1.630000e-06	-9.859529e-07	-6.933477e-10	-6.836111e+00	-5.240060e+01
1.640000e-06	-9.397295e-07	-6.869029e-10	-6.515621e+00	-5.164585e+01
1.650000e-06	-8.934690e-07	-6.795424e-10	-6.194873e+00	-5.087185e+01
1.660000e-06	-8.470593e-07	-6.707918e-10	-5.873091e+00	-5.007757e+01
1.670000e-06	-8.004744e-07	-6.592474e-10	-5.550094e+00	-4.926195e+01
1.680000e-06	-7.538645e-07	-6.435187e-10	-5.226924e+00	-4.842389e+01
1.690000e-06	-7.072941e-07	-6.278928e-10	-4.904028e+00	-4.756223e+01
1.700000e-06	-6.607163e-07	-6.112561e-10	-4.581081e+00	-4.667581e+01
1.710000e-06	-6.140679e-07	-5.921115e-10	-4.257644e+00	-4.576344e+01
1.720000e-06	-5.673023e-07	-5.735382e-10	-3.933394e+00	-4.482393e+01
1.730000e-06	-5.204704e-07	-5.582336e-10	-3.608685e+00	-4.385607e+01
1.740000e-06	-4.736517e-07	-5.470139e-10	-3.284067e+00	-4.285869e+01
1.750000e-06	-4.268262e-07	-5.355143e-10	-2.959402e+00	-4.183061e+01
1.760000e-06	-3.799771e-07	-5.206170e-10	-2.634574e+00	-4.077070e+01
1.770000e-06	-3.330596e-07	-5.042850e-10	-2.309271e+00	-3.967788e+01
1.780000e-06	-2.861370e-07	-4.874558e-10	-1.983933e+00	-3.855112e+01
1.790000e-06	-2.391894e-07	-4.708533e-10	-1.658421e+00	-3.738944e+01
1.800000e-06	-1.922075e-07	-4.541716e-10	-1.332672e+00	-3.619196e+01
1.810000e-06	-1.452649e-07	-4.356756e-10	-1.007195e+00	-3.495788e+01
1.820000e-06	-9.833961e-08	-4.166916e-10	-6.818383e-01	-3.368651e+01
1.830000e-06	-5.137895e-08	-3.982380e-10	-3.562362e-01	-3.237726e+01
1.840000e-06	-4.407870e-09	-3.792088e-10	-3.056199e-02	-3.102967e+01
1.850000e-06	4.256268e-08	-3.616226e-10	2.951086e-01	-2.964340e+01
1.860000e-06	8.956872e-08	-3.450075e-10	6.210253e-01	-2.821825e+01
1.870000e-06	1.365240e-07	-3.256674e-10	9.465902e-01	-2.675419e+01
1.880000e-06	1.834263e-07	-3.037195e-10	1.271787e+00	-2.525131e+01
1.890000e-06	2.302963e-07	-2.802972e-10	1.596761e+00	-2.370988e+01
1.900000e-06	2.772025e-07	-2.536365e-10	1.921985e+00	-2.213035e+01
1.910000e-06	3.241897e-07	-2.267454e-10	2.247771e+00	-2.051329e+01
1.920000e-06	3.711778e-07	-2.022184e-10	2.573564e+00	-1.885949e+01
1.930000e-06	4.180608e-07	-1.789782e-10	2.898627e+00	-1.716989e+01
1.940000e-06	4.648367e-07	-1.564884e-10	3.222948e+00	-1.544560e+01
1.950000e-06	5.116017e-07	-1.346291e-10	3.547194e+00	-1.368791e+01
1.960000e-06	5.583630e-07	-1.124811e-10	3.871414e+00	-1.189826e+01
1.970000e-06	6.050437e-07	-8.812982e-11	4.195074e+00	-1.007828e+01
1.980000e-06	6.516510e-07	-6.192456e-11	4.518226e+00	-8.229734e+00
1.990000e-06	6.982484e-07	-3.355068e-11	4.841309e+00	-6.354552e+00
2.000000e-06	7.448114e-07	-3.812013e-12	5.164154e+00	-4.454802e+00
2.010000e-06	7.912998e-07	2.484809e-11	5.486482e+00	-2.532686e+00
2.020000e-06	8.376899e-07	5.297910e-11	5.808128e+00	-5.905324e-01
2.030000e-06	8.839575e-07	8.124200e-11	6.128925e+00	1.369217e+00
2.040000e-06	9.301978e-07	1.095224e-10	6.449532e+00	3.344021e+00
2.050000e-06	9.764798e-07	1.369294e-10	6.770429e+00	5.331249e+00
2.060000e-06	1.022613e-06	1.632019e-10	7.090297e+00	7.328196e+00
2.070000e-06	1.068543e-06	1.895993e-10	7.408749e+00	9.332097e+00
2.080000e-06	1.114408e-06	2.160037e-10	7.726753e+00	1.134014e+01
2.090000e-06	1.160230e-06	2.442451e-10	8.044465e+00	1.334949e+01
2.100000e-06	1.205940e-06	2.748974e-10	8.361395e+00	1.535729e+01
2.110000e-06	1.251555e-06	3.050656e-10	8.677664e+00	1.736069e+01
2.120000e-06	1.297199e-06	3.328571e-10	8.994134e+00	1.935685e+01
2.130000e-06	1.342814e-06	3.604892e-10	9.310406e+00	2.134297e+01
2.140000e-06	1.388302e-06	3.879280e-10	9.625803e+00	2.331629e+01
2.150000e-06	1.433687e-06	4.127707e-10	9.940475e+00	2.527412e+01
2.160000e-06	1.478998e-06	4.365842e-10	1.025464e+01	2.721385e+01
2.170000e-06	1.524226e-06	4.610634e-10	1.056823e+01	2.913294e+01
2.180000e-06	1.569323e-06	4.871515e-10	1.088091e+01	3.102899e+01
2.190000e-06	1.614307e-06	5.143968e-10	1.119281e+01	3.289969e+01
2.200000e-06	1.659196e-06	5.421506e-10	1.150404e+01	3.474285e+01
2.210000e-06	1.703939e-06	5.697848e-10	1.181427e+01	3.655645e+01
2.220000e-06	1.748540e-06	5.962570e-10	1.212351e+01	3.833858e+01
2.230000e-06	1.793011e-06	6.207724e-10	1.243185e+01	4.008752e+01
2.240000e-06	1.837312e-06	6.403249e-10	1.273901e+01	4.180169e+01
2.250000e-06	1.881438e-06	6.549000e-10	1.304496e+01	4.347967e+01
2.260000e-06	1.925407e-06	6.705219e-10	1.334982e+01	4.512023e+01
2.270000e-06	1.969282e-06	6.893055e-10	1.365403e+01	4.672231e+01
2.280000e-06	2.013115e-06	7.108410e-10	1.395794e+01	4.828502e+01
2.290000e-06	2.056931e-06	7.333628e-10	1.426174e+01	4.980764e+01
2.300000e-06	2.100674e-06	7.576172e-10	1.456504e+01	5.128963e+01
2.310000e-06	2.144313e-06	7.809120e-10	1.486761e+01	5.273063e+01
2.320000e-06	2.187909e-06	7.987047e-10	1.516988e+01	5.413044e+01
2.330000e-06	2.231420e-06	8.136115e-10	1.547157e+01	5.548901e+01
2.340000e-06	2.274771e-06	8.267375e-10	1.577214e+01	5.680648e+01
2.350000e-06	2.317951e-06	8.414582e-10	1.607153e+01	5.808310e+01
2.360000e-06	2.360965e-06	8.577552e-10	1.636976e+01	5.931929e+01
2.370000e-06	2.403824e-06	8.770455e-10	1.666693e+01	6.051560e+01
2.380000e-06	2.446494e-06	8.959868e-10	1.696278e+01	6.167269e+01
2.390000e-06	2.488791e-06	9.110616e-10	1.725605e+01	6.279134e+01
2.400000e-06	2.530700e-06	9.233195e-10	1.754663e+01	6.387244e+01
2.410000e-06	2.572338e-06	9.347197e-10	1.783532e+01	6.491696e+01
2.420000e-06	2.613581e-06	9.475211e-10	1.812128e+01	6.592594e+01
2.430000e-06	2.654461e-06	9.627742e-10	1.840472e+01	6.690051e+01
2.440000e-06	2.695088e-06	9.773150e-10	1.868641e+01	6.784184e+01
2.450000e-06	2.735414e-06	9.906945e-10	1.896601e+01	6.875115e+01
2.460000e-06	2.775568e-06	1.005378e-09	1.924442e+01	6.962968e+01
2.470000e-06	2.815608e-06	1.017721e-09	1.952203e+01	7.047870e+01
2.480000e-06	2.855424e-06	1.028792e-09	1.979810e+01	7.129948e+01
2.490000e-06	2.895077e-06	1.040817e-09	2.007303e+01	7.209331e+01
2.500000e-06	2.934641e-06	1.052411e-09	2.034735e+01	7.286143e+01
2.510000e-06	2.974073e-06	1.065970e-09	2.062075e+01	7.360508e+01
2.520000e-06	3.013321e-06	1.079191e-09	2.089288e+01	7.432546e+01
2.530000e-06	3.052405e-06	1.092865e-09	2.116387e+01	7.502375e+01
2.540000e-06	3.091362e-06	1.106471e-09	2.143398e+01	7.570106e+01
2.550000e-06	3.130074e-06	1.115733e-09	2.170239e+01	7.635846e+01
2.560000e-06	3.168500e-06	1.120803e-09	2.196882e+01	7.699693e+01
2.570000e-06	3.206724e-06	1.124294e-09	2.223384e+01	7.761744e+01
2.580000e-06	3.244743e-06	1.128424e-09	2.249744e+01	7.822085e+01
2.590000e-06	3.282603e-06	1.133504e-09	2.275995e+01	7.880795e+01
2.600000e-06	3.320244e-06	1.143522e-09	2.302093e+01	7.937949e+01
2.610000e-06	3.357635e-06	1.157263e-09	2.328018e+01	7.993612e+01
2.620000e-06	3.394856e-06	1.173304e-09	2.353826e+01	8.047842e+01
2.630000e-06	3.431808e-06	1.185283e-09	2.379446e+01	8.100690e+01
2.640000e-06	3.468429e-06	1.193086e-09	2.404837e+01	8.152200e+01
2.650000e-06	3.504782e-06	1.197468e-09	2.430042e+01	8.202410e+01
2.660000e-06	3.540918e-06	1.198939e-09	2.455098e+01	8.251350e+01
2.670000e-06	3.576852e-06	1.201224e-09	2.480012e+01	8.299045e+01
2.680000e-06	3.612606e-06	1.207012e-09	2.504803e+01	8.345514e+01
2.690000e-06	3.648228e-06	1.218261e-09	2.529501e+01	8.390772e+01
2.700000e-06	3.683770e-06	1.230245e-09	2.554144e+01	8.434827e+01
2.710000e-06	3.719162e-06	1.236429e-09	2.578683e+01	8.477685e+01
2.720000e-06	3.754251e-06	1.238992e-09	2.603012e+01	8.519349e+01
2.730000e-06	3.789000e-06	1.240038e-09	2.627106e+01	8.559817e+01
2.740000e-06	3.823404e-06	1.242133e-09	2.650960e+01	8.599087e+01
2.750000e-06	3.857443e-06	1.246012e-09	2.674560e+01	8.637154e+01
2.760000e-06	3.891077e-06	1.252974e-09	2.697881e+01	8.674014e+01
2.770000e-06	3.924221e-06	1.261905e-09	2.720861e+01	8.709660e+01
2.780000e-06	3.956898e-06	1.269538e-09	2.743518e+01	8.744089e+01
2.790000e-06	3.989231e-06	1.276189e-09	2.765936e+01	8.777295e+01
2.800000e-06	4.021270e-06	1.280860e-09	2.788150e+01	8.809277e+01
2.810000e-06	4.053052e-06	1.282719e-09	2.810186e+01	8.840032e+01
2.820000e-06	4.084698e-06	1.283954e-09	2.832128e+01	8.869563e+01
2.830000e-06	4.116209e-06	1.288116e-09	2.853976e+01	8.897874e+01
2.840000e-06	4.147518e-06	1.293433e-09	2.875684e+01	8.924972e+01
2.850000e-06	4.178560e-06	1.298750e-09	2.897207e+01	8.950867e+01
2.860000e-06	4.209308e-06	1.304039e-09	2.918527e+01	8.975573e+01
2.870000e-06	4.239766e-06	1.308479e-09	2.939645e+01	8.999108e+01
2.880000e-06	4.269892e-06	1.309916e-09	2.960532e+01	9.021493e+01
2.890000e-06	4.299695e-06	1.310236e-09	2.981196e+01	9.042753e+01
2.900000e-06	4.329269e-06	1.310718e-09	3.001701e+01	9.062916e+01
2.910000e-06	4.358508e-06	1.310926e-09	3.021975e+01	9.082015e+01
2.920000e-06	4.387338e-06	1.313459e-09	3.041964e+01	9.100084e+01
2.930000e-06	4.415891e-06	1.318581e-09	3.061761e+01	9.117163e+01
2.940000e-06	4.444179e-06	1.324285e-09	3.081374e+01	9.133294e+01
2.950000e-06	4.472196e-06	1.328729e-09	3.100800e+01	9.148519e+01
2.960000e-06	4.500011e-06	1.330916e-09	3.120085e+01	9.162887e+01
2.970000e-06	4.527708e-06	1.331750e-09	3.139289e+01	9.176444e+01
2.980000e-06	4.555243e-06	1.331057e-09	3.158381e+01	9.189242e+01
2.990000e-06	4.582493e-06	1.330506e-09	3.177274e+01	9.201330e+01
3.000000e-06	4.609347e-06	1.332932e-09	3.195894e+01	9.212760e+01
3.010000e-06	4.635643e-06	1.339889e-09	3.214126e+01	9.223583e+01
3.020000e-06	4.661350e-06	1.348493e-09	3.231950e+01	9.233851e+01
3.030000e-06	4.686565e-06	1.353610e-09	3.249433e+01	9.243614e+01
3.040000e-06	4.711270e-06	1.354041e-09	3.266562e+01	9.252922e+01
3.050000e-06	4.735522e-06	1.353188e-09	3.283377e+01	9.261822e+01
3.060000e-06	4.759498e-06	1.352866e-09	3.300001e+01	9.270360e+01
3.070000e-06	4.783186e-06	1.355254e-09	3.316425e+01	9.278578e+01
3.080000e-06	4.806610e-06	1.359695e-09	3.332666e+01	9.286518e+01
3.090000e-06	4.829809e-06	1.364182e-09	3.348751e+01	9.294217e+01
3.100000e-06	4.852642e-06	1.367183e-09	3.364582e+01	9.301709e+01
3.110000e-06	4.875070e-06	1.368796e-09	3.380133e+01	9.309025e+01
3.120000e-06	4.897219e-06	1.371535e-09	3.395490e+01	9.316192e+01
3.130000e-06	4.919094e-06	1.374968e-09	3.410657e+01	9.323232e+01
3.140000e-06	4.940573e-06	1.376483e-09	3.425549e+01	9.330166e+01
3.150000e-06	4.961680e-06	1.377988e-09	3.440184e+01	9.337007e+01
3.160000e-06	4.982455e-06	1.379294e-09	3.454588e+01	9.343768e+01
3.170000e-06	5.002902e-06	1.378114e-09	3.468765e+01	9.350457e+01
3.180000e-06	5.023005e-06	1.376345e-09	3.482704e+01	9.357075e+01
3.190000e-06	5.042826e-06	1.375379e-09	3.496446e+01	9.363625e+01
3.200000e-06	5.062514e-06	1.377406e-09	3.510097e+01	9.370102e+01
3.210000e-06	5.082056e-06	1.381956e-09	3.523647e+01	9.376501e+01
3.220000e-06	5.101300e-06	1.387286e-09	3.536989e+01	9.382812e+01
3.230000e-06	5.120090e-06	1.391917e-09	3.550018e+01	9.389022e+01
3.240000e-06	5.138294e-06	1.394843e-09	3.562639e+01	9.395119e+01
3.250000e-06	5.156054e-06	1.395796e-09	3.574953e+01	9.401086e+01
3.260000e-06	5.173546e-06	1.395413e-09	3.587081e+01	9.406906e+01
3.270000e-06	5.190720e-06	1.395209e-09	3.598989e+01	9.412559e+01
3.280000e-06	5.207547e-06	1.396740e-09	3.610656e+01	9.418028e+01
3.290000e-06	5.224079e-06	1.402673e-09	3.622118e+01	9.423291e+01
3.300000e-06	5.240257e-06	1.408691e-09	3.633335e+01	9.428330e+01
3.310000e-06	5.256021e-06	1.410431e-09	3.644266e+01	9.433124e+01
3.320000e-06	5.271356e-06	1.412601e-09	3.654898e+01	9.437656e+01
3.330000e-06	5.286092e-06	1.414776e-09	3.665115e+01	9.441908e+01
3.340000e-06	5.300288e-06	1.417048e-09	3.674958e+01	9.445863e+01
3.350000e-06	5.314167e-06	1.419428e-09	3.684581e+01	9.449508e+01
3.360000e-06	5.327695e-06	1.423256e-09	3.693960e+01	9.452829e+01
3.370000e-06	5.340843e-06	1.428468e-09	3.703077e+01	9.455816e+01
3.380000e-06	5.353677e-06	1.432052e-09	3.711975e+01	9.458462e+01
3.390000e-06	5.366150e-06	1.432966e-09	3.720624e+01	9.460760e+01
3.400000e-06	5.378273e-06	1.432076e-09	3.729029e+01	9.462708e+01
3.410000e-06	5.390019e-06	1.432041e-09	3.737173e+01	9.464304e+01
3.420000e-06	5.401320e-06	1.434495e-09	3.745009e+01	9.465551e+01
3.430000e-06	5.412137e-06	1.439027e-09	3.752509e+01	9.466453e+01
3.440000e-06	5.422311e-06	1.442616e-09	3.759563e+01	9.467018e+01
3.450000e-06	5.431906e-06	1.445387e-09	3.766216e+01	9.467254e+01
3.460000e-06	5.440986e-06	1.446035e-09	3.772511e+01	9.467173e+01
3.470000e-06	5.449505e-06	1.442604e-09	3.778418e+01	9.466790e+01
3.480000e-06	5.457632e-06	1.438229e-09	3.784053e+01	9.466119e+01
3.490000e-06	5.465473e-06	1.436085e-09	3.789489e+01	9.465177e+01
3.500000e-06	5.473025e-06	1.436092e-09	3.794726e+01	9.463983e+01
3.510000e-06	5.480264e-06	1.437493e-09	3.799745e+01	9.462555e+01
3.520000e-06	5.487161e-06	1.441768e-09	3.804527e+01	9.460913e+01
3.530000e-06	5.493683e-06	1.447595e-09	3.809048e+01	9.459077e+01
3.540000e-06	5.499854e-06	1.451648e-09	3.813327e+01	9.457068e+01
3.550000e-06	5.505687e-06	1.452999e-09	3.817372e+01	9.454905e+01
3.560000e-06	5.511169e-06	1.452083e-09	3.821172e+01	9.452606e+01
3.570000e-06	5.516211e-06	1.451313e-09	3.824668e+01	9.450190e+01
3.580000e-06	5.520789e-06	1.452256e-09	3.827842e+01	9.447673e+01
3.590000e-06	5.525016e-06	1.452482e-09	3.830773e+01	9.445070e+01
3.600000e-06	5.528954e-06	1.450819e-09	3.833504e+01	9.442393e+01
3.610000e-06	5.532676e-06	1.451349e-09	3.836084e+01	9.439655e+01
3.620000e-06	5.536237e-06	1.454228e-09	3.838553e+01	9.436863e+01
3.630000e-06	5.539456e-06	1.456642e-09	3.840785e+01	9.434023e+01
3.640000e-06	5.542117e-06	1.456847e-09	3.842631e+01	9.431138e+01
3.650000e-06	5.544163e-06	1.455481e-09	3.844049e+01	9.428208e+01
3.660000e-06	5.545647e-06	1.453168e-09	3.845078e+01	9.425231e+01
3.670000e-06	5.546579e-06	1.450329e-09	3.845724e+01	9.422202e+01
3.680000e-06	5.546959e-06	1.449821e-09	3.845988e+01	9.419112e+01
3.690000e-06	5.546977e-06	1.452162e-09	3.846000e+01	9.415950e+01
3.700000e-06	5.546791e-06	1.453632e-09	3.845871e+01	9.412702e+01
3.710000e-06	5.546357e-06	1.455207e-09	3.845570e+01	9.409352e+01
3.720000e-06	5.545509e-06	1.457228e-09	3.844982e+01	9.405881e+01
3.730000e-06	5.544188e-06	1.457540e-09	3.844066e+01	9.402267e+01
3.740000e-06	5.542523e-06	1.459710e-09	3.842912e+01	9.398489e+01
3.750000e-06	5.540516e-06	1.469162e-09	3.841520e+01	9.394522e+01
3.760000e-06	5.538164e-06	1.467689e-09	3.839889e+01	9.390339e+01
3.770000e-06	5.535507e-06	1.430811e-09	3.838047e+01	9.385915e+01
3.780000e-06	5.532403e-06	1.408278e-09	3.835895e+01	9.381222e+01
3.790000e-06	5.528820e-06	1.449047e-09	3.833411e+01	9.376232e+01
3.800000e-06	5.524867e-06	1.478065e-09	3.830670e+01	9.370919e+01
3.810000e-06	5.520656e-06	1.468695e-09	3.827750e+01	9.365255e+01
3.820000e-06	5.516206e-06	1.477975e-09	3.824665e+01	9.359216e+01
3.830000e-06	5.511479e-06	1.508964e-09	3.821387e+01	9.352776e+01
3.840000e-06	5.506262e-06	1.492401e-09	3.817770e+01	9.345913e+01
3.850000e-06	5.500495e-06	1.421049e-09	3.813772e+01	9.338606e+01
3.860000e-06	5.494455e-06	1.385555e-09	3.809584e+01	9.330838e+01
3.870000e-06	5.487948e-06	1.472157e-09	3.805072e+01	9.322593e+01
3.880000e-06	5.480753e-06	1.509777e-09	3.800083e+01	9.313858e+01
3.890000e-06	5.473115e-06	1.427516e-09	3.794788e+01	9.304625e+01
3.900000e-06	5.465127e-06	1.379557e-09	3.789249e+01	9.294888e+01
3.910000e-06	5.456747e-06	1.432488e-09	3.783439e+01	9.284645e+01
3.920000e-06	5.448007e-06	1.455691e-09	3.777379e+01	9.273897e+01
3.930000e-06	5.438979e-06	1.375679e-09	3.771120e+01	9.262650e+01
3.940000e-06	5.429647e-06	1.382038e-09	3.764649e+01	9.250914e+01
3.950000e-06	5.419918e-06	1.455003e-09	3.757903e+01	9.238702e+01
3.960000e-06	5.409772e-06	1.467482e-09	3.750869e+01	9.226029e+01
3.970000e-06	5.399275e-06	1.392726e-09	3.743591e+01	9.212918e+01
3.980000e-06	5.388434e-06	1.399910e-09	3.736074e+01	9.199392e+01
3.990000e-06	5.377149e-06	1.429901e-09	3.728250e+01	9.185478e+01
4.000000e-06	5.365427e-06	1.400389e-09	3.720122e+01	9.171206e+01
4.010000e-06	5.353399e-06	1.352227e-09	3.711783e+01	9.156610e+01
4.020000e-06	5.340992e-06	1.376504e-09	3.703180e+01	9.141723e+01
4.030000e-06	5.328071e-06	1.419396e-09	3.694221e+01	9.126584e+01
4.040000e-06	5.314593e-06	1.409574e-09	3.684876e+01	9.111232e+01
4.050000e-06	5.300597e-06	1.360757e-09	3.675172e+01	9.095705e+01
4.060000e-06	5.286063e-06	1.357517e-09	3.665095e+01	9.080045e+01
4.070000e-06	5.270944e-06	1.401446e-09	3.654612e+01	9.064291e+01
4.080000e-06	5.255391e-06	1.392816e-09	3.643829e+01	9.048486e+01
4.090000e-06	5.239469e-06	1.339953e-09	3.632789e+01	9.032667e+01
4.100000e-06	5.223128e-06	1.358925e-09	3.621459e+01	9.016875e+01
4.110000e-06	5.206485e-06	1.415855e-09	3.609919e+01	9.001145e+01
4.120000e-06	5.189679e-06	1.360173e-09	3.598267e+01	8.985512e+01
4.130000e-06	5.172542e-06	1.316967e-09	3.586385e+01	8.970009e+01
4.140000e-06	5.154919e-06	1.384042e-09	3.574166e+01	8.954665e+01
4.150000e-06	5.136921e-06	1.394267e-09	3.561687e+01	8.939505e+01
4.160000e-06	5.118547e-06	1.300947e-09	3.548948e+01	8.924553e+01
4.170000e-06	5.099771e-06	1.343326e-09	3.535929e+01	8.909826e+01
4.180000e-06	5.080685e-06	1.416829e-09	3.522696e+01	8.895338e+01
4.190000e-06	5.061304e-06	1.345380e-09	3.509258e+01	8.881100e+01
4.200000e-06	5.041591e-06	1.308185e-09	3.495590e+01	8.867116e+01
4.210000e-06	5.021557e-06	1.398298e-09	3.481700e+01	8.853387e+01
4.220000e-06	5.001281e-06	1.361567e-09	3.467642e+01	8.839909e+01
4.230000e-06	4.980835e-06	1.290116e-09	3.453465e+01	8.826672e+01
4.240000e-06	4.960153e-06	1.363649e-09	3.439125e+01	8.813664e+01
4.250000e-06	4.939133e-06	1.385513e-09	3.424551e+01	8.800866e+01
4.260000e-06	4.917600e-06	1.296002e-09	3.409621e+01	8.788255e+01
4.270000e-06	4.895446e-06	1.338410e-09	3.394261e+01	8.775805e+01
4.280000e-06	4.872715e-06	1.396642e-09	3.378500e+01	8.763485e+01
4.290000e-06	4.849531e-06	1.321832e-09	3.362425e+01	8.751262e+01
4.300000e-06	4.825918e-06	1.305325e-09	3.346053e+01	8.739097e+01
4.310000e-06	4.801933e-06	1.370705e-09	3.329423e+01	8.726951e+01
4.320000e-06	4.777700e-06	1.334889e-09	3.312621e+01	8.714781e+01
4.330000e-06	4.753315e-06	1.301593e-09	3.295714e+01	8.702543e+01
4.340000e-06	4.728770e-06	1.352481e-09	3.278696e+01	8.690191e+01
4.350000e-06	4.703876e-06	1.344646e-09	3.261435e+01	8.677677e+01
4.360000e-06	4.678510e-06	1.306345e-09	3.243848e+01	8.664956e+01
4.370000e-06	4.652748e-06	1.332709e-09	3.225986e+01	8.651979e+01
4.380000e-06	4.626672e-06	1.338317e-09	3.207906e+01	8.638700e+01
4.390000e-06	4.600227e-06	1.304122e-09	3.189571e+01	8.625073e+01
4.400000e-06	4.573470e-06	1.310864e-09	3.171018e+01	8.611055e+01
4.410000e-06	4.546410e-06	1.313366e-09	3.152256e+01	8.596605e+01
4.420000e-06	4.519000e-06	1.294118e-09	3.133251e+01	8.581682e+01
4.430000e-06	4.491286e-06	1.300952e-09	3.114036e+01	8.566252e+01
4.440000e-06	4.463376e-06	1.311981e-09	3.094684e+01	8.550280e+01
4.450000e-06	4.435271e-06	1.295865e-09	3.075198e+01	8.533738e+01
4.460000e-06	4.406941e-06	1.298328e-09	3.055555e+01	8.516600e+01
4.470000e-06	4.378458e-06	1.308538e-09	3.035806e+01	8.498847e+01
4.480000e-06	4.349790e-06	1.303510e-09	3.015929e+01	8.480461e+01
4.490000e-06	4.320757e-06	1.298407e-09	2.995800e+01	8.461432e+01
4.500000e-06	4.291191e-06	1.303838e-09	2.975300e+01	8.441750e+01
4.510000e-06	4.261078e-06	1.293922e-09	2.954421e+01	8.421416e+01
4.520000e-06	4.230460e-06	1.287322e-09	2.933192e+01	8.400430e+01
4.530000e-06	4.199288e-06	1.293067e-09	2.911579e+01	8.378799e+01
4.540000e-06	4.167686e-06	1.293378e-09	2.889667e+01	8.356537e+01
4.550000e-06	4.135853e-06	1.279397e-09	2.867596e+01	8.333657e+01
4.560000e-06	4.103820e-06	1.277884e-09	2.845386e+01	8.310180e+01
4.570000e-06	4.071580e-06	1.282072e-09	2.823033e+01	8.286129e+01
4.580000e-06	4.039136e-06	1.272770e-09	2.800538e+01	8.261532e+01
4.590000e-06	4.006487e-06	1.265265e-09	2.777900e+01	8.236418e+01
4.600000e-06	3.973565e-06	1.272975e-09	2.755074e+01	8.210821e+01
4.610000e-06	3.940438e-06	1.270172e-09	2.732105e+01	8.184773e+01
4.620000e-06	3.907122e-06	1.262367e-09	2.709005e+01	8.158314e+01
4.630000e-06	3.873487e-06	1.267277e-09	2.685685e+01	8.131478e+01
4.640000e-06	3.839516e-06	1.266377e-09	2.662131e+01	8.104306e+01
4.650000e-06	3.805266e-06	1.252493e-09	2.638384e+01	8.076835e+01
4.660000e-06	3.770801e-06	1.252340e-09	2.614487e+01	8.049104e+01
4.670000e-06	3.736102e-06	1.261421e-09	2.590429e+01	8.021148e+01
4.680000e-06	3.701127e-06	1.256997e-09	2.566179e+01	7.993005e+01
4.690000e-06	3.665860e-06	1.253424e-09	2.541726e+01	7.964708e+01
4.700000e-06	3.630328e-06	1.254834e-09	2.517090e+01	7.936288e+01
4.710000e-06	3.594606e-06	1.247830e-09	2.492323e+01	7.907773e+01
4.720000e-06	3.558720e-06	1.234652e-09	2.467440e+01	7.879190e+01
4.730000e-06	3.522682e-06	1.232190e-09	2.442453e+01	7.850560e+01
4.740000e-06	3.486512e-06	1.232252e-09	2.417375e+01	7.821901e+01
4.750000e-06	3.450162e-06	1.228809e-09	2.392172e+01	7.793227e+01
4.760000e-06	3.413635e-06	1.228676e-09	2.366846e+01	7.764547e+01
4.770000e-06	3.376894e-06	1.232200e-09	2.341371e+01	7.735867e+01
4.780000e-06	3.339870e-06	1.227558e-09	2.315701e+01	7.707187e+01
4.790000e-06	3.302482e-06	1.221285e-09	2.289778e+01	7.678502e+01
4.800000e-06	3.264789e-06	1.218370e-09	2.263643e+01	7.649803e+01
4.810000e-06	3.226700e-06	1.214977e-09	2.237235e+01	7.621077e+01
4.820000e-06	3.188114e-06	1.210090e-09	2.210481e+01	7.592306e+01
4.830000e-06	3.149166e-06	1.210439e-09	2.183476e+01	7.563468e+01
4.840000e-06	3.109947e-06	1.209979e-09	2.156283e+01	7.534535e+01
4.850000e-06	3.070395e-06	1.206101e-09	2.128860e+01	7.505477e+01
4.860000e-06	3.030526e-06	1.200547e-09	2.101217e+01	7.476262e+01
4.870000e-06	2.990566e-06	1.196747e-09	2.073511e+01	7.446850e+01
4.880000e-06	2.950493e-06	1.188379e-09	2.045726e+01	7.417204e+01
4.890000e-06	2.910212e-06	1.180448e-09	2.017797e+01	7.387280e+01
4.900000e-06	2.869745e-06	1.174670e-09	1.989740e+01	7.357034e+01
4.910000e-06	2.829235e-06	1.168583e-09	1.961652e+01	7.326422e+01
4.920000e-06	2.788683e-06	1.163656e-09	1.933535e+01	7.295395e+01
4.930000e-06	2.747935e-06	1.161301e-09	1.905282e+01	7.263908e+01
4.940000e-06	2.706916e-06	1.158427e-09	1.876842e+01	7.231912e+01
4.950000e-06	2.665630e-06	1.156312e-09	1.848216e+01	7.199362e+01
4.960000e-06	2.624135e-06	1.155472e-09	1.819446e+01	7.166210e+01
4.970000e-06	2.582473e-06	1.152134e-09	1.790559e+01	7.132412e+01
4.980000e-06	2.540640e-06	1.145709e-09	1.761554e+01	7.097924e+01
4.990000e-06	2.498690e-06	1.138554e-09	1.732468e+01	7.062705e+01
5.000000e-06	2.456601e-06	1.133019e-09	1.703286e+01	7.026717e+01
5.010000e-06	2.414314e-06	1.127088e-09	1.673966e+01	6.989921e+01
5.020000e-06	2.371883e-06	1.123249e-09	1.644546e+01	6.952285e+01
5.030000e-06	2.329305e-06	1.119636e-09	1.615025e+01	6.913777e+01
5.040000e-06	2.286464e-06	1.118566e-09	1.585321e+01	6.874368e+01
5.050000e-06	2.243458e-06	1.115390e-09	1.555503e+01	6.834033e+01
5.060000e-06	2.200397e-06	1.110502e-09	1.525646e+01	6.792750e+01
5.070000e-06	2.157189e-06	1.103562e-09	1.495688e+01	6.750499e+01
5.080000e-06	2.113829e-06	1.097428e-09	1.465625e+01	6.707264e+01
5.090000e-06	2.070296e-06	1.090201e-09	1.435441e+01	6.663030e+01
5.100000e-06	2.026578e-06	1.081517e-09	1.405129e+01	6.617785e+01
5.110000e-06	1.982722e-06	1.072633e-09	1.374721e+01	6.571518e+01
5.120000e-06	1.938835e-06	1.067600e-09	1.344292e+01	6.524222e+01
5.130000e-06	1.894871e-06	1.065438e-09	1.313810e+01	6.475887e+01
5.140000e-06	1.850745e-06	1.061612e-09	1.283215e+01	6.426508e+01
5.150000e-06	1.806541e-06	1.054874e-09	1.252566e+01	6.376078e+01
5.160000e-06	1.762322e-06	1.047823e-09	1.221907e+01	6.324588e+01
5.170000e-06	1.718011e-06	1.040073e-09	1.191184e+01	6.272033e+01
5.180000e-06	1.673602e-06	1.033082e-09	1.160393e+01	6.218400e+01
5.190000e-06	1.629115e-06	1.026243e-09	1.129548e+01	6.163680e+01
5.200000e-06	1.584499e-06	1.018493e-09	1.098614e+01	6.107858e+01
5.210000e-06	1.539849e-06	1.009588e-09	1.067655e+01	6.050917e+01
5.220000e-06	1.495148e-06	9.988670e-10	1.036661e+01	5.992835e+01
5.230000e-06	1.450305e-06	9.891057e-10	1.005570e+01	5.933587e+01
5.240000e-06	1.405381e-06	9.827525e-10	9.744218e+00	5.873142e+01
5.250000e-06	1.360383e-06	9.798907e-10	9.432224e+00	5.811467e+01
5.260000e-06	1.315295e-06	9.784819e-10	9.119605e+00	5.748520e+01
5.270000e-06	1.270134e-06	9.731522e-10	8.806481e+00	5.684254e+01
5.280000e-06	1.224806e-06	9.640001e-10	8.492201e+00	5.618617e+01
5.290000e-06	1.179354e-06	9.551236e-10	8.177061e+00	5.551551e+01
5.300000e-06	1.133845e-06	9.422763e-10	7.861520e+00	5.482988e+01
5.310000e-06	1.088153e-06	9.279251e-10	7.544717e+00	5.412858e+01
5.320000e-06	1.042338e-06	9.178508e-10	7.227059e+00	5.341083e+01
5.330000e-06	9.964822e-07	9.097376e-10	6.909116e+00	5.267577e+01
5.340000e-06	9.505430e-07	8.989878e-10	6.590596e+00	5.192250e+01
5.350000e-06	9.044760e-07	8.876363e-10	6.271190e+00	5.115006e+01
5.360000e-06	8.583552e-07	8.768405e-10	5.951411e+00	5.035744e+01
5.370000e-06	8.122522e-07	8.639111e-10	5.631756e+00	4.954357e+01
5.380000e-06	7.660407e-07	8.485838e-10	5.311348e+00	4.870734e+01
5.390000e-06	7.196784e-07	8.349128e-10	4.989894e+00	4.784762e+01
5.400000e-06	6.732956e-07	8.214742e-10	4.668299e+00	4.696324e+01
5.410000e-06	6.269744e-07	8.096808e-10	4.347131e+00	4.605301e+01
5.420000e-06	5.805931e-07	7.994446e-10	4.025546e+00	4.511573e+01
5.430000e-06	5.341291e-07	7.865924e-10	3.703387e+00	4.415021e+01
5.440000e-06	4.876506e-07	7.666906e-10	3.381128e+00	4.315525e+01
5.450000e-06	4.410680e-07	7.452082e-10	3.058147e+00	4.212970e+01
5.460000e-06	3.944984e-07	7.275074e-10	2.735257e+00	4.107241e+01
5.470000e-06	3.479290e-07	7.135295e-10	2.412368e+00	3.998230e+01
5.480000e-06	3.012629e-07	7.000682e-10	2.088808e+00	3.885833e+01
5.490000e-06	2.545630e-07	6.844641e-10	1.765014e+00	3.769952e+01
5.500000e-06	2.079012e-07	6.644610e-10	1.441484e+00	3.650498e+01
5.510000e-06	1.613022e-07	6.399525e-10	1.118390e+00	3.527391e+01
5.520000e-06	1.146806e-07	6.132168e-10	7.951387e-01	3.400560e+01
5.530000e-06	6.804189e-08	5.871290e-10	4.717689e-01	3.269945e+01
5.540000e-06	2.138165e-08	5.647135e-10	1.482498e-01	3.135499e+01
5.550000e-06	-2.530343e-08	5.454856e-10	-1.754415e-01	2.997188e+01
5.560000e-06	-7.201728e-08	5.258612e-10	-4.993323e-01	2.854990e+01
5.570000e-06	-1.186549e-07	5.016125e-10	-8.226945e-01	2.708901e+01
5.580000e-06	-1.652456e-07	4.726337e-10	-1.145732e+00	2.558928e+01
5.590000e-06	-2.119152e-07	4.446237e-10	-1.469315e+00	2.405098e+01
5.600000e-06	-2.585486e-07	4.203922e-10	-1.792648e+00	2.247452e+01
5.610000e-06	-3.051228e-07	3.971234e-10	-2.115571e+00	2.086049e+01
5.620000e-06	-3.517163e-07	3.716988e-10	-2.438627e+00	1.920965e+01
5.630000e-06	-3.982408e-07	3.416683e-10	-2.761205e+00	1.752292e+01
5.640000e-06	-4.447466e-07	3.084105e-10	-3.083653e+00	1.580140e+01
5.650000e-06	-4.912602e-07	2.738267e-10	-3.406156e+00	1.404636e+01
5.660000e-06	-5.376471e-07	2.398747e-10	-3.727779e+00	1.225924e+01
5.670000e-06	-5.839302e-07	2.071774e-10	-4.048684e+00	1.044165e+01
5.680000e-06	-6.302442e-07	1.769997e-10	-4.369802e+00	8.595339e+00
5.690000e-06	-6.766144e-07	1.482165e-10	-4.691310e+00	6.722226e+00
5.700000e-06	-7.229756e-07	1.163843e-10	-5.012756e+00	4.824366e+00
5.710000e-06	-7.692764e-07	8.203333e-11	-5.333782e+00	2.903953e+00
5.720000e-06	-8.155124e-07	4.607426e-11	-5.654360e+00	9.633037e-01
5.730000e-06	-8.616665e-07	9.014853e-12	-5.974370e+00	-9.951494e-01
5.740000e-06	-9.077292e-07	-2.468158e-11	-6.293746e+00	-2.968872e+00
5.750000e-06	-9.536452e-07	-5.751219e-11	-6.612105e+00	-4.955241e+00
5.760000e-06	-9.993890e-07	-8.925322e-11	-6.929270e+00	-6.951557e+00
5.770000e-06	-1.045112e-06	-1.222018e-10	-7.246294e+00	-8.955059e+00
5.780000e-06	-1.090769e-06	-1.560713e-10	-7.562851e+00	-1.096294e+01
5.790000e-06	-1.136307e-06	-1.895327e-10	-7.878588e+00	-1.297237e+01
5.800000e-06	-1.181737e-06	-2.216703e-10	-8.193581e+00	-1.498048e+01
5.810000e-06	-1.226987e-06	-2.566079e-10	-8.507323e+00	-1.698443e+01
5.820000e-06	-1.272077e-06	-2.913012e-10	-8.819957e+00	-1.898137e+01
5.830000e-06	-1.317080e-06	-3.253693e-10	-9.131982e+00	-2.096850e+01
5.840000e-06	-1.362092e-06	-3.590175e-10	-9.444070e+00	-2.294307e+01
5.850000e-06	-1.407002e-06	-3.920882e-10	-9.755457e+00	-2.490237e+01
5.860000e-06	-1.451724e-06	-4.232713e-10	-1.006554e+01	-2.684377e+01
5.870000e-06	-1.496339e-06	-4.517112e-10	-1.037488e+01	-2.876476e+01
5.880000e-06	-1.540934e-06	-4.799242e-10	-1.068408e+01	-3.066289e+01
5.890000e-06	-1.585495e-06	-5.091942e-10	-1.099304e+01	-3.253586e+01
5.900000e-06	-1.629929e-06	-5.390062e-10	-1.130112e+01	-3.438147e+01
5.910000e-06	-1.674282e-06	-5.677993e-10	-1.160864e+01	-3.619768e+01
5.920000e-06	-1.718589e-06	-5.977949e-10	-1.191585e+01	-3.798258e+01
5.930000e-06	-1.762872e-06	-6.290940e-10	-1.222288e+01	-3.973442e+01
5.940000e-06	-1.807117e-06	-6.619091e-10	-1.252965e+01	-4.145161e+01
5.950000e-06	-1.851313e-06	-6.897596e-10	-1.283609e+01	-4.313273e+01
5.960000e-06	-1.895416e-06	-7.172545e-10	-1.314188e+01	-4.477653e+01
5.970000e-06	-1.939378e-06	-7.440434e-10	-1.344669e+01	-4.638193e+01
5.980000e-06	-1.983248e-06	-7.699566e-10	-1.375086e+01	-4.794802e+01
5.990000e-06	-2.027006e-06	-7.941068e-10	-1.405426e+01	-4.947408e+01
6.000000e-06	-2.070681e-06	-8.161517e-10	-1.435708e+01	-5.095955e+01
6.010000e-06	-2.114233e-06	-8.386857e-10	-1.465905e+01	-5.240405e+01
6.020000e-06	-2.157461e-06	-8.626549e-10	-1.495877e+01	-5.380736e+01
6.030000e-06	-2.200489e-06	-8.868674e-10	-1.525710e+01	-5.516945e+01
6.040000e-06	-2.243343e-06	-9.097008e-10	-1.555423e+01	-5.649040e+01
6.050000e-06	-2.285952e-06	-9.307373e-10	-1.584966e+01	-5.777049e+01
6.060000e-06	-2.328519e-06	-9.476131e-10	-1.614480e+01	-5.901011e+01
6.070000e-06	-2.371012e-06	-9.627876e-10	-1.643943e+01	-6.020979e+01
6.080000e-06	-2.413300e-06	-9.794427e-10	-1.673263e+01	-6.137019e+01
6.090000e-06	-2.455482e-06	-9.977702e-10	-1.702510e+01	-6.249209e+01
6.100000e-06	-2.497501e-06	-1.018314e-09	-1.731644e+01	-6.357636e+01
6.110000e-06	-2.539270e-06	-1.041388e-09	-1.760604e+01	-6.462395e+01
6.120000e-06	-2.580849e-06	-1.066459e-09	-1.789433e+01	-6.563593e+01
6.130000e-06	-2.622267e-06	-1.088193e-09	-1.818151e+01	-6.661340e+01
6.140000e-06	-2.663427e-06	-1.105239e-09	-1.846689e+01	-6.755752e+01
6.150000e-06	-2.704312e-06	-1.118353e-09	-1.875036e+01	-6.846953e+01
6.160000e-06	-2.745036e-06	-1.128864e-09	-1.903272e+01	-6.935065e+01
6.170000e-06	-2.785608e-06	-1.139967e-09	-1.931403e+01	-7.020215e+01
6.180000e-06	-2.826084e-06	-1.151326e-09	-1.959467e+01	-7.102532e+01
6.190000e-06	-2.866460e-06	-1.164223e-09	-1.987462e+01	-7.182141e+01
6.200000e-06	-2.906702e-06	-1.180593e-09	-2.015364e+01	-7.259170e+01
6.210000e-06	-2.946799e-06	-1.199201e-09	-2.043165e+01	-7.333742e+01
6.220000e-06	-2.986791e-06	-1.216592e-09	-2.070893e+01	-7.405977e+01
6.230000e-06	-3.026620e-06	-1.232620e-09	-2.098509e+01	-7.475994e+01
6.240000e-06	-3.066241e-06	-1.246102e-09	-2.125980e+01	-7.543903e+01
6.250000e-06	-3.105667e-06	-1.257603e-09	-2.153316e+01	-7.609811e+01
6.260000e-06	-3.144807e-06	-1.267108e-09	-2.180454e+01	-7.673820e+01
6.270000e-06	-3.183552e-06	-1.275804e-09	-2.207318e+01	-7.736025e+01
6.280000e-06	-3.221902e-06	-1.285233e-09	-2.233908e+01	-7.796512e+01
6.290000e-06	-3.259855e-06	-1.295882e-09	-2.260223e+01	-7.855363e+01
6.300000e-06	-3.297421e-06	-1.308514e-09	-2.286269e+01	-7.912652e+01
6.310000e-06	-3.334711e-06	-1.321910e-09	-2.312124e+01	-7.968444e+01
6.320000e-06	-3.371764e-06	-1.333124e-09	-2.337814e+01	-8.022798e+01
6.330000e-06	-3.408575e-06	-1.340847e-09	-2.363338e+01	-8.075767e+01
6.340000e-06	-3.445094e-06	-1.346163e-09	-2.388658e+01	-8.127394e+01
6.350000e-06	-3.481387e-06	-1.350649e-09	-2.413822e+01	-8.177719e+01
6.360000e-06	-3.517603e-06	-1.356392e-09	-2.438932e+01	-8.226771e+01
6.370000e-06	-3.553598e-06	-1.363697e-09	-2.463889e+01	-8.274576e+01
6.380000e-06	-3.589352e-06	-1.372476e-09	-2.488680e+01	-8.321155e+01
6.390000e-06	-3.624964e-06	-1.380535e-09	-2.513371e+01	-8.366520e+01
6.400000e-06	-3.660307e-06	-1.387663e-09	-2.537876e+01	-8.410683e+01
6.410000e-06	-3.695302e-06	-1.394614e-09	-2.562140e+01	-8.453648e+01
6.420000e-06	-3.729996e-06	-1.402347e-09	-2.586195e+01	-8.495419e+01
6.430000e-06	-3.764466e-06	-1.411681e-09	-2.610095e+01	-8.535994e+01
6.440000e-06	-3.798701e-06	-1.420500e-09	-2.633832e+01	-8.575371e+01
6.450000e-06	-3.832685e-06	-1.426789e-09	-2.657394e+01	-8.613546e+01
6.460000e-06	-3.866400e-06	-1.430668e-09	-2.680771e+01	-8.650514e+01
6.470000e-06	-3.899849e-06	-1.434108e-09	-2.703963e+01	-8.686270e+01
6.480000e-06	-3.933040e-06	-1.437365e-09	-2.726976e+01	-8.720807e+01
6.490000e-06	-3.965897e-06	-1.440188e-09	-2.749757e+01	-8.754123e+01
6.500000e-06	-3.998506e-06	-1.444674e-09	-2.772367e+01	-8.786214e+01
6.510000e-06	-4.030997e-06	-1.449730e-09	-2.794894e+01	-8.817079e+01
6.520000e-06	-4.063286e-06	-1.455502e-09	-2.817282e+01	-8.846719e+01
6.530000e-06	-4.095289e-06	-1.462340e-09	-2.839471e+01	-8.875139e+01
6.540000e-06	-4.127046e-06	-1.468031e-09	-2.861490e+01	-8.902345e+01
6.550000e-06	-4.158578e-06	-1.469953e-09	-2.883353e+01	-8.928347e+01
6.560000e-06	-4.189839e-06	-1.469954e-09	-2.905028e+01	-8.953159e+01
6.570000e-06	-4.220634e-06	-1.469903e-09	-2.926379e+01	-8.976798e+01
6.580000e-06	-4.250827e-06	-1.470222e-09	-2.947314e+01	-8.999286e+01
6.590000e-06	-4.280533e-06	-1.471171e-09	-2.967910e+01	-9.020645e+01
6.600000e-06	-4.309843e-06	-1.472607e-09	-2.988232e+01	-9.040906e+01
6.610000e-06	-4.338810e-06	-1.475672e-09	-3.008316e+01	-9.060100e+01
6.620000e-06	-4.367444e-06	-1.479135e-09	-3.028170e+01	-9.078261e+01
6.630000e-06	-4.395829e-06	-1.481384e-09	-3.047851e+01	-9.095429e+01
6.640000e-06	-4.424032e-06	-1.482850e-09	-3.067405e+01	-9.111644e+01
6.650000e-06	-4.452050e-06	-1.483727e-09	-3.086832e+01	-9.126951e+01
6.660000e-06	-4.479812e-06	-1.483359e-09	-3.106080e+01	-9.141395e+01
6.670000e-06	-4.507248e-06	-1.482133e-09	-3.125103e+01	-9.155026e+01
6.680000e-06	-4.534319e-06	-1.480881e-09	-3.143873e+01	-9.167892e+01
6.690000e-06	-4.561034e-06	-1.481306e-09	-3.162395e+01	-9.180044e+01
6.700000e-06	-4.587507e-06	-1.483626e-09	-3.180751e+01	-9.191534e+01
6.710000e-06	-4.613686e-06	-1.487064e-09	-3.198902e+01	-9.202414e+01
6.720000e-06	-4.639459e-06	-1.491048e-09	-3.216772e+01	-9.212734e+01
6.730000e-06	-4.664865e-06	-1.493970e-09	-3.234387e+01	-9.222544e+01
6.740000e-06	-4.689949e-06	-1.496151e-09	-3.251779e+01	-9.231896e+01
6.750000e-06	-4.714760e-06	-1.498453e-09	-3.268982e+01	-9.240835e+01
6.760000e-06	-4.739311e-06	-1.498923e-09	-3.286004e+01	-9.249409e+01
6.770000e-06	-4.763627e-06	-1.496190e-09	-3.302864e+01	-9.257660e+01
6.780000e-06	-4.787705e-06	-1.492607e-09	-3.319558e+01	-9.265629e+01
6.790000e-06	-4.811518e-06	-1.490553e-09	-3.336069e+01	-9.273354e+01
6.800000e-06	-4.835060e-06	-1.489556e-09	-3.352392e+01	-9.280870e+01
6.810000e-06	-4.858141e-06	-1.490422e-09	-3.368395e+01	-9.288207e+01
6.820000e-06	-4.880629e-06	-1.492053e-09	-3.383987e+01	-9.295392e+01
6.830000e-06	-4.902643e-06	-1.494592e-09	-3.399251e+01	-9.302450e+01
6.840000e-06	-4.924106e-06	-1.498333e-09	-3.414132e+01	-9.309399e+01
6.850000e-06	-4.945065e-06	-1.502023e-09	-3.428664e+01	-9.316255e+01
6.860000e-06	-4.965698e-06	-1.504320e-09	-3.442970e+01	-9.323030e+01
6.870000e-06	-4.986061e-06	-1.504186e-09	-3.457089e+01	-9.329731e+01
6.880000e-06	-5.006230e-06	-1.503313e-09	-3.471073e+01	-9.336363e+01
6.890000e-06	-5.026106e-06	-1.503371e-09	-3.484854e+01	-9.342926e+01
6.900000e-06	-5.045651e-06	-1.505145e-09	-3.498405e+01	-9.349417e+01
6.910000e-06	-5.064888e-06	-1.509000e-09	-3.511743e+01	-9.355830e+01
6.920000e-06	-5.083746e-06	-1.514450e-09	-3.524819e+01	-9.362156e+01
6.930000e-06	-5.102207e-06	-1.517692e-09	-3.537619e+01	-9.368383e+01
6.940000e-06	-5.120329e-06	-1.517314e-09	-3.550183e+01	-9.374497e+01
6.950000e-06	-5.138218e-06	-1.513617e-09	-3.562587e+01	-9.380483e+01
6.960000e-06	-5.155816e-06	-1.507554e-09	-3.574788e+01	-9.386323e+01
6.970000e-06	-5.172994e-06	-1.503268e-09	-3.586698e+01	-9.391998e+01
6.980000e-06	-5.189811e-06	-1.503020e-09	-3.598359e+01	-9.397490e+01
6.990000e-06	-5.206334e-06	-1.508377e-09	-3.609815e+01	-9.402779e+01
7.000000e-06	-5.222587e-06	-1.515415e-09	-3.621084e+01	-9.407844e+01
7.010000e-06	-5.238408e-06	-1.519919e-09	-3.632054e+01	-9.412667e+01
7.020000e-06	-5.253715e-06	-1.518624e-09	-3.642667e+01	-9.417229e+01
7.030000e-06	-5.268679e-06	-1.513316e-09	-3.653042e+01	-9.421512e+01
7.040000e-06	-5.283211e-06	-1.508414e-09	-3.663118e+01	-9.425500e+01
7.050000e-06	-5.297175e-06	-1.507454e-09	-3.672799e+01	-9.429179e+01
7.060000e-06	-5.310493e-06	-1.510247e-09	-3.682033e+01	-9.432535e+01
7.070000e-06	-5.323243e-06	-1.513095e-09	-3.690874e+01	-9.435558e+01
7.080000e-06	-5.335677e-06	-1.514760e-09	-3.699495e+01	-9.438240e+01
7.090000e-06	-5.347787e-06	-1.513710e-09	-3.707892e+01	-9.440574e+01
7.100000e-06	-5.359485e-06	-1.508685e-09	-3.716002e+01	-9.442558e+01
7.110000e-06	-5.370796e-06	-1.501859e-09	-3.723844e+01	-9.444191e+01
7.120000e-06	-5.381776e-06	-1.495127e-09	-3.731458e+01	-9.445474e+01
7.130000e-06	-5.392364e-06	-1.491509e-09	-3.738799e+01	-9.446413e+01
7.140000e-06	-5.402608e-06	-1.493324e-09	-3.745901e+01	-9.447012e+01
7.150000e-06	-5.412554e-06	-1.499341e-09	-3.752797e+01	-9.447283e+01
7.160000e-06	-5.422046e-06	-1.504641e-09	-3.759379e+01	-9.447236e+01
7.170000e-06	-5.431109e-06	-1.503746e-09	-3.765663e+01	-9.446885e+01
7.180000e-06	-5.439832e-06	-1.499775e-09	-3.771711e+01	-9.446244e+01
7.190000e-06	-5.448264e-06	-1.494267e-09	-3.777557e+01	-9.445332e+01
7.200000e-06	-5.456425e-06	-1.488734e-09	-3.783215e+01	-9.444165e+01
7.210000e-06	-5.464289e-06	-1.484321e-09	-3.788668e+01	-9.442763e+01
7.220000e-06	-5.471865e-06	-1.482741e-09	-3.793921e+01	-9.441146e+01
7.230000e-06	-5.479051e-06	-1.484803e-09	-3.798904e+01	-9.439333e+01
7.240000e-06	-5.485639e-06	-1.488567e-09	-3.803471e+01	-9.437345e+01
7.250000e-06	-5.491540e-06	-1.491159e-09	-3.807563e+01	-9.435201e+01
7.260000e-06	-5.496835e-06	-1.490916e-09	-3.811234e+01	-9.432920e+01
7.270000e-06	-5.501653e-06	-1.487887e-09	-3.814574e+01	-9.430520e+01
7.280000e-06	-5.506110e-06	-1.482124e-09	-3.817664e+01	-9.428019e+01
7.290000e-06	-5.510259e-06	-1.475821e-09	-3.820542e+01	-9.425430e+01
7.300000e-06	-5.514198e-06	-1.471799e-09	-3.823273e+01	-9.422767e+01
7.310000e-06	-5.517877e-06	-1.469124e-09	-3.825823e+01	-9.420040e+01
7.320000e-06	-5.521151e-06	-1.467737e-09	-3.828094e+01	-9.417260e+01
7.330000e-06	-5.524028e-06	-1.468129e-09	-3.830088e+01	-9.414431e+01
7.340000e-06	-5.526586e-06	-1.470459e-09	-3.831862e+01	-9.411557e+01
7.350000e-06	-5.528850e-06	-1.470757e-09	-3.833431e+01	-9.408638e+01
7.360000e-06	-5.530737e-06	-1.466273e-09	-3.834740e+01	-9.405673e+01
7.370000e-06	-5.532121e-06	-1.460572e-09	-3.835699e+01	-9.402656e+01
7.380000e-06	-5.533139e-06	-1.456468e-09	-3.836405e+01	-9.399579e+01
7.390000e-06	-5.533870e-06	-1.453340e-09	-3.836912e+01	-9.396431e+01
7.400000e-06	-5.534316e-06	-1.449670e-09	-3.837221e+01	-9.393198e+01
