# Temperatura_=_9.9
# Concentracion g/m^3_=_1620.0
# C_Vs_to_Am_M_A/Vsm_=_65563218390.804596
# pendiente_HvsI_1/m_=_3716.3
# ordenada_HvsI_A/m_=_1297.0
# frecuencia_Hz_=_135107.60924950754

Tiempo_(s)	Campo_(V.s)	Magnetizacion_(V.s)	Campo_(kA/m)	Magnetizacion_(A/m)
0.000000e+00	-5.518981e-06	-1.691257e-09	-3.836781e+01	-1.099752e+02
1.000000e-08	-5.519263e-06	-1.689522e-09	-3.836978e+01	-1.099497e+02
2.000000e-08	-5.519309e-06	-1.689257e-09	-3.837010e+01	-1.099236e+02
3.000000e-08	-5.519002e-06	-1.689727e-09	-3.836796e+01	-1.098967e+02
4.000000e-08	-5.518213e-06	-1.689563e-09	-3.836248e+01	-1.098687e+02
5.000000e-08	-5.516888e-06	-1.685915e-09	-3.835327e+01	-1.098395e+02
6.000000e-08	-5.515047e-06	-1.677245e-09	-3.834046e+01	-1.098087e+02
7.000000e-08	-5.512651e-06	-1.676439e-09	-3.832381e+01	-1.097760e+02
8.000000e-08	-5.509638e-06	-1.704009e-09	-3.830286e+01	-1.097412e+02
9.000000e-08	-5.506107e-06	-1.729226e-09	-3.827832e+01	-1.097039e+02
1.000000e-07	-5.502157e-06	-1.682581e-09	-3.825085e+01	-1.096638e+02
1.100000e-07	-5.497817e-06	-1.634239e-09	-3.822068e+01	-1.096207e+02
1.200000e-07	-5.493318e-06	-1.675563e-09	-3.818940e+01	-1.095741e+02
1.300000e-07	-5.488630e-06	-1.713730e-09	-3.815682e+01	-1.095238e+02
1.400000e-07	-5.483511e-06	-1.642911e-09	-3.812123e+01	-1.094695e+02
1.500000e-07	-5.478045e-06	-1.608438e-09	-3.808323e+01	-1.094109e+02
1.600000e-07	-5.472207e-06	-1.673104e-09	-3.804264e+01	-1.093477e+02
1.700000e-07	-5.465987e-06	-1.762914e-09	-3.799941e+01	-1.092798e+02
1.800000e-07	-5.459284e-06	-1.661893e-09	-3.795280e+01	-1.092068e+02
1.900000e-07	-5.452171e-06	-1.599365e-09	-3.790335e+01	-1.091285e+02
2.000000e-07	-5.444848e-06	-1.641032e-09	-3.785245e+01	-1.090449e+02
2.100000e-07	-5.437239e-06	-1.713972e-09	-3.779954e+01	-1.089558e+02
2.200000e-07	-5.429359e-06	-1.678893e-09	-3.774477e+01	-1.088610e+02
2.300000e-07	-5.421203e-06	-1.640154e-09	-3.768807e+01	-1.087605e+02
2.400000e-07	-5.412600e-06	-1.671543e-09	-3.762826e+01	-1.086543e+02
2.500000e-07	-5.403428e-06	-1.695250e-09	-3.756449e+01	-1.085422e+02
2.600000e-07	-5.393593e-06	-1.659798e-09	-3.749612e+01	-1.084245e+02
2.700000e-07	-5.383177e-06	-1.609349e-09	-3.742371e+01	-1.083010e+02
2.800000e-07	-5.372281e-06	-1.644375e-09	-3.734796e+01	-1.081719e+02
2.900000e-07	-5.360901e-06	-1.675545e-09	-3.726884e+01	-1.080373e+02
3.000000e-07	-5.349041e-06	-1.667131e-09	-3.718639e+01	-1.078973e+02
3.100000e-07	-5.336793e-06	-1.613760e-09	-3.710125e+01	-1.077522e+02
3.200000e-07	-5.324186e-06	-1.636884e-09	-3.701360e+01	-1.076021e+02
3.300000e-07	-5.311171e-06	-1.646238e-09	-3.692312e+01	-1.074472e+02
3.400000e-07	-5.297868e-06	-1.630046e-09	-3.683065e+01	-1.072877e+02
3.500000e-07	-5.284152e-06	-1.577252e-09	-3.673529e+01	-1.071240e+02
3.600000e-07	-5.269888e-06	-1.625553e-09	-3.663613e+01	-1.069562e+02
3.700000e-07	-5.255251e-06	-1.656370e-09	-3.653437e+01	-1.067847e+02
3.800000e-07	-5.240237e-06	-1.628835e-09	-3.642999e+01	-1.066096e+02
3.900000e-07	-5.224620e-06	-1.598209e-09	-3.632142e+01	-1.064314e+02
4.000000e-07	-5.208522e-06	-1.644753e-09	-3.620951e+01	-1.062502e+02
4.100000e-07	-5.192040e-06	-1.608923e-09	-3.609493e+01	-1.060664e+02
4.200000e-07	-5.175206e-06	-1.551773e-09	-3.597790e+01	-1.058801e+02
4.300000e-07	-5.158113e-06	-1.606875e-09	-3.585907e+01	-1.056917e+02
4.400000e-07	-5.140757e-06	-1.655600e-09	-3.573841e+01	-1.055014e+02
4.500000e-07	-5.123038e-06	-1.571230e-09	-3.561523e+01	-1.053093e+02
4.600000e-07	-5.104795e-06	-1.563524e-09	-3.548840e+01	-1.051158e+02
4.700000e-07	-5.086026e-06	-1.647797e-09	-3.535792e+01	-1.049209e+02
4.800000e-07	-5.066887e-06	-1.599457e-09	-3.522487e+01	-1.047248e+02
4.900000e-07	-5.047523e-06	-1.533676e-09	-3.509025e+01	-1.045276e+02
5.000000e-07	-5.027975e-06	-1.603732e-09	-3.495435e+01	-1.043295e+02
5.100000e-07	-5.008199e-06	-1.613845e-09	-3.481687e+01	-1.041304e+02
5.200000e-07	-4.988141e-06	-1.523774e-09	-3.467743e+01	-1.039305e+02
5.300000e-07	-4.967738e-06	-1.575889e-09	-3.453559e+01	-1.037297e+02
5.400000e-07	-4.946975e-06	-1.629422e-09	-3.439124e+01	-1.035280e+02
5.500000e-07	-4.925798e-06	-1.538745e-09	-3.424403e+01	-1.033253e+02
5.600000e-07	-4.904238e-06	-1.520645e-09	-3.409414e+01	-1.031216e+02
5.700000e-07	-4.882400e-06	-1.617958e-09	-3.394232e+01	-1.029168e+02
5.800000e-07	-4.860244e-06	-1.574578e-09	-3.378829e+01	-1.027107e+02
5.900000e-07	-4.837765e-06	-1.514369e-09	-3.363202e+01	-1.025032e+02
6.000000e-07	-4.814940e-06	-1.572595e-09	-3.347334e+01	-1.022940e+02
6.100000e-07	-4.791799e-06	-1.578607e-09	-3.331246e+01	-1.020831e+02
6.200000e-07	-4.768425e-06	-1.499158e-09	-3.314997e+01	-1.018702e+02
6.300000e-07	-4.744813e-06	-1.528425e-09	-3.298582e+01	-1.016551e+02
6.400000e-07	-4.720893e-06	-1.563495e-09	-3.281952e+01	-1.014375e+02
6.500000e-07	-4.696570e-06	-1.523496e-09	-3.265043e+01	-1.012172e+02
6.600000e-07	-4.671806e-06	-1.522431e-09	-3.247828e+01	-1.009940e+02
6.700000e-07	-4.646610e-06	-1.559104e-09	-3.230312e+01	-1.007676e+02
6.800000e-07	-4.620948e-06	-1.521580e-09	-3.212471e+01	-1.005378e+02
6.900000e-07	-4.594769e-06	-1.497747e-09	-3.194272e+01	-1.003044e+02
7.000000e-07	-4.568136e-06	-1.516724e-09	-3.175757e+01	-1.000671e+02
7.100000e-07	-4.541061e-06	-1.507364e-09	-3.156934e+01	-9.982568e+01
7.200000e-07	-4.513643e-06	-1.486223e-09	-3.137873e+01	-9.958001e+01
7.300000e-07	-4.486059e-06	-1.507280e-09	-3.118697e+01	-9.932989e+01
7.400000e-07	-4.458331e-06	-1.510046e-09	-3.099420e+01	-9.907515e+01
7.500000e-07	-4.430402e-06	-1.484655e-09	-3.080004e+01	-9.881566e+01
7.600000e-07	-4.402145e-06	-1.479447e-09	-3.060360e+01	-9.855128e+01
7.700000e-07	-4.373564e-06	-1.480088e-09	-3.040490e+01	-9.828194e+01
7.800000e-07	-4.344683e-06	-1.465655e-09	-3.020412e+01	-9.800754e+01
7.900000e-07	-4.315506e-06	-1.460541e-09	-3.000129e+01	-9.772805e+01
8.000000e-07	-4.286092e-06	-1.464758e-09	-2.979680e+01	-9.744345e+01
8.100000e-07	-4.256432e-06	-1.453594e-09	-2.959061e+01	-9.715373e+01
8.200000e-07	-4.226462e-06	-1.448402e-09	-2.938225e+01	-9.685891e+01
8.300000e-07	-4.196161e-06	-1.447444e-09	-2.917160e+01	-9.655905e+01
8.400000e-07	-4.165549e-06	-1.435765e-09	-2.895879e+01	-9.625421e+01
8.500000e-07	-4.134629e-06	-1.423037e-09	-2.874383e+01	-9.594447e+01
8.600000e-07	-4.103431e-06	-1.433223e-09	-2.852695e+01	-9.562994e+01
8.700000e-07	-4.072004e-06	-1.432423e-09	-2.830847e+01	-9.531074e+01
8.800000e-07	-4.040433e-06	-1.419973e-09	-2.808899e+01	-9.498700e+01
8.900000e-07	-4.008712e-06	-1.415944e-09	-2.786846e+01	-9.465885e+01
9.000000e-07	-3.976805e-06	-1.414038e-09	-2.764665e+01	-9.432645e+01
9.100000e-07	-3.944624e-06	-1.394514e-09	-2.742292e+01	-9.398994e+01
9.200000e-07	-3.912098e-06	-1.390648e-09	-2.719681e+01	-9.364948e+01
9.300000e-07	-3.879150e-06	-1.392950e-09	-2.696775e+01	-9.330521e+01
9.400000e-07	-3.845746e-06	-1.383127e-09	-2.673553e+01	-9.295728e+01
9.500000e-07	-3.812070e-06	-1.372188e-09	-2.650142e+01	-9.260582e+01
9.600000e-07	-3.778022e-06	-1.377782e-09	-2.626471e+01	-9.225095e+01
9.700000e-07	-3.743392e-06	-1.369929e-09	-2.602397e+01	-9.189280e+01
9.800000e-07	-3.708346e-06	-1.355220e-09	-2.578033e+01	-9.153144e+01
9.900000e-07	-3.673047e-06	-1.353344e-09	-2.553493e+01	-9.116696e+01
1.000000e-06	-3.637548e-06	-1.353206e-09	-2.528814e+01	-9.079940e+01
1.010000e-06	-3.601897e-06	-1.339844e-09	-2.504030e+01	-9.042879e+01
1.020000e-06	-3.566064e-06	-1.334060e-09	-2.479118e+01	-9.005515e+01
1.030000e-06	-3.530063e-06	-1.335553e-09	-2.454091e+01	-8.967844e+01
1.040000e-06	-3.493913e-06	-1.328127e-09	-2.428959e+01	-8.929863e+01
1.050000e-06	-3.457543e-06	-1.320471e-09	-2.403675e+01	-8.891563e+01
1.060000e-06	-3.420924e-06	-1.320742e-09	-2.378217e+01	-8.852935e+01
1.070000e-06	-3.384065e-06	-1.314314e-09	-2.352593e+01	-8.813966e+01
1.080000e-06	-3.346894e-06	-1.300917e-09	-2.326752e+01	-8.774640e+01
1.090000e-06	-3.309478e-06	-1.296431e-09	-2.300740e+01	-8.734940e+01
1.100000e-06	-3.271828e-06	-1.290346e-09	-2.274567e+01	-8.694846e+01
1.110000e-06	-3.233905e-06	-1.277094e-09	-2.248202e+01	-8.654334e+01
1.120000e-06	-3.195800e-06	-1.266158e-09	-2.221712e+01	-8.613381e+01
1.130000e-06	-3.157514e-06	-1.260423e-09	-2.195095e+01	-8.571960e+01
1.140000e-06	-3.118954e-06	-1.249794e-09	-2.168289e+01	-8.530045e+01
1.150000e-06	-3.080121e-06	-1.245292e-09	-2.141292e+01	-8.487606e+01
1.160000e-06	-3.041157e-06	-1.246828e-09	-2.114204e+01	-8.444614e+01
1.170000e-06	-3.002054e-06	-1.244243e-09	-2.087020e+01	-8.401039e+01
1.180000e-06	-2.962701e-06	-1.233449e-09	-2.059662e+01	-8.356851e+01
1.190000e-06	-2.923204e-06	-1.224661e-09	-2.032204e+01	-8.312018e+01
1.200000e-06	-2.883650e-06	-1.213973e-09	-2.004706e+01	-8.266513e+01
1.210000e-06	-2.843942e-06	-1.201756e-09	-1.977101e+01	-8.220304e+01
1.220000e-06	-2.804062e-06	-1.192549e-09	-1.949377e+01	-8.173365e+01
1.230000e-06	-2.764024e-06	-1.187269e-09	-1.921543e+01	-8.125668e+01
1.240000e-06	-2.723815e-06	-1.177601e-09	-1.893589e+01	-8.077189e+01
1.250000e-06	-2.683401e-06	-1.169419e-09	-1.865493e+01	-8.027904e+01
1.260000e-06	-2.642700e-06	-1.165209e-09	-1.837198e+01	-7.977791e+01
1.270000e-06	-2.601728e-06	-1.158980e-09	-1.808715e+01	-7.926831e+01
1.280000e-06	-2.560495e-06	-1.147838e-09	-1.780050e+01	-7.875008e+01
1.290000e-06	-2.518909e-06	-1.138584e-09	-1.751139e+01	-7.822306e+01
1.300000e-06	-2.477013e-06	-1.129668e-09	-1.722013e+01	-7.768714e+01
1.310000e-06	-2.434946e-06	-1.117522e-09	-1.692768e+01	-7.714222e+01
1.320000e-06	-2.392623e-06	-1.104111e-09	-1.663345e+01	-7.658822e+01
1.330000e-06	-2.349922e-06	-1.093904e-09	-1.633660e+01	-7.602509e+01
1.340000e-06	-2.306907e-06	-1.084293e-09	-1.603756e+01	-7.545280e+01
1.350000e-06	-2.263727e-06	-1.075572e-09	-1.573737e+01	-7.487133e+01
1.360000e-06	-2.220460e-06	-1.070172e-09	-1.543658e+01	-7.428069e+01
1.370000e-06	-2.177084e-06	-1.065642e-09	-1.513503e+01	-7.368088e+01
1.380000e-06	-2.133587e-06	-1.057579e-09	-1.483264e+01	-7.307193e+01
1.390000e-06	-2.089954e-06	-1.046171e-09	-1.452931e+01	-7.245387e+01
1.400000e-06	-2.046212e-06	-1.032759e-09	-1.422521e+01	-7.182673e+01
1.410000e-06	-2.002402e-06	-1.017004e-09	-1.392065e+01	-7.119053e+01
1.420000e-06	-1.958491e-06	-1.002338e-09	-1.361538e+01	-7.054529e+01
1.430000e-06	-1.914504e-06	-9.890233e-10	-1.330958e+01	-6.989101e+01
1.440000e-06	-1.870476e-06	-9.777300e-10	-1.300350e+01	-6.922767e+01
1.450000e-06	-1.826337e-06	-9.673759e-10	-1.269665e+01	-6.855523e+01
1.460000e-06	-1.782142e-06	-9.609746e-10	-1.238940e+01	-6.787362e+01
1.470000e-06	-1.737869e-06	-9.538802e-10	-1.208162e+01	-6.718273e+01
1.480000e-06	-1.693405e-06	-9.426730e-10	-1.177251e+01	-6.648241e+01
1.490000e-06	-1.648714e-06	-9.287251e-10	-1.146182e+01	-6.577247e+01
1.500000e-06	-1.603812e-06	-9.135152e-10	-1.114966e+01	-6.505267e+01
1.510000e-06	-1.558785e-06	-8.960036e-10	-1.083663e+01	-6.432271e+01
1.520000e-06	-1.513649e-06	-8.809882e-10	-1.052285e+01	-6.358224e+01
1.530000e-06	-1.468453e-06	-8.697946e-10	-1.020865e+01	-6.283083e+01
1.540000e-06	-1.423193e-06	-8.603628e-10	-9.894001e+00	-6.206802e+01
1.550000e-06	-1.377775e-06	-8.485398e-10	-9.578256e+00	-6.129323e+01
1.560000e-06	-1.332314e-06	-8.350019e-10	-9.262213e+00	-6.050588e+01
1.570000e-06	-1.286897e-06	-8.173265e-10	-8.946472e+00	-5.970526e+01
1.580000e-06	-1.241345e-06	-7.981772e-10	-8.629797e+00	-5.889062e+01
1.590000e-06	-1.195610e-06	-7.821255e-10	-8.311850e+00	-5.806114e+01
1.600000e-06	-1.149800e-06	-7.686114e-10	-7.993382e+00	-5.721593e+01
1.610000e-06	-1.103945e-06	-7.540454e-10	-7.674600e+00	-5.635403e+01
1.620000e-06	-1.058059e-06	-7.395536e-10	-7.355597e+00	-5.547444e+01
1.630000e-06	-1.012120e-06	-7.258722e-10	-7.036231e+00	-5.457608e+01
1.640000e-06	-9.660658e-07	-7.100921e-10	-6.716065e+00	-5.365783e+01
1.650000e-06	-9.198516e-07	-6.960846e-10	-6.394785e+00	-5.271852e+01
1.660000e-06	-8.735192e-07	-6.863907e-10	-6.072683e+00	-5.175694e+01
1.670000e-06	-8.271946e-07	-6.775595e-10	-5.750636e+00	-5.077185e+01
1.680000e-06	-7.809446e-07	-6.657433e-10	-5.429107e+00	-4.976200e+01
1.690000e-06	-7.346386e-07	-6.504773e-10	-5.107189e+00	-4.872610e+01
1.700000e-06	-6.881481e-07	-6.301577e-10	-4.783988e+00	-4.766287e+01
1.710000e-06	-6.416551e-07	-6.072605e-10	-4.460770e+00	-4.657103e+01
1.720000e-06	-5.951878e-07	-5.834264e-10	-4.137730e+00	-4.544933e+01
1.730000e-06	-5.485553e-07	-5.625011e-10	-3.813542e+00	-4.429653e+01
1.740000e-06	-5.018241e-07	-5.476386e-10	-3.488668e+00	-4.311143e+01
1.750000e-06	-4.550860e-07	-5.371373e-10	-3.163746e+00	-4.189289e+01
1.760000e-06	-4.082826e-07	-5.235446e-10	-2.838370e+00	-4.063981e+01
1.770000e-06	-3.614619e-07	-5.034181e-10	-2.512874e+00	-3.935118e+01
1.780000e-06	-3.147037e-07	-4.799933e-10	-2.187812e+00	-3.802607e+01
1.790000e-06	-2.680009e-07	-4.564182e-10	-1.863135e+00	-3.666363e+01
1.800000e-06	-2.212705e-07	-4.344137e-10	-1.538267e+00	-3.526314e+01
1.810000e-06	-1.744432e-07	-4.162154e-10	-1.212724e+00	-3.382397e+01
1.820000e-06	-1.275350e-07	-4.014974e-10	-8.866202e-01	-3.234563e+01
1.830000e-06	-8.064008e-08	-3.863038e-10	-5.606078e-01	-3.082775e+01
1.840000e-06	-3.383290e-08	-3.681657e-10	-2.352054e-01	-2.927012e+01
1.850000e-06	1.296294e-08	-3.465644e-10	9.011805e-02	-2.767267e+01
1.860000e-06	5.977795e-08	-3.221964e-10	4.155748e-01	-2.603548e+01
1.870000e-06	1.065913e-07	-2.971623e-10	7.410199e-01	-2.435880e+01
1.880000e-06	1.534196e-07	-2.736283e-10	1.066569e+00	-2.264304e+01
1.890000e-06	2.003122e-07	-2.516290e-10	1.392565e+00	-2.088880e+01
1.900000e-06	2.471409e-07	-2.283608e-10	1.718117e+00	-1.909681e+01
1.910000e-06	2.938604e-07	-2.028141e-10	2.042910e+00	-1.726801e+01
1.920000e-06	3.405707e-07	-1.765140e-10	2.367639e+00	-1.540350e+01
1.930000e-06	3.873035e-07	-1.481898e-10	2.692524e+00	-1.350454e+01
1.940000e-06	4.340342e-07	-1.188686e-10	3.017395e+00	-1.157257e+01
1.950000e-06	4.807026e-07	-9.089626e-11	3.341832e+00	-9.609203e+00
1.960000e-06	5.273459e-07	-6.432034e-11	3.666095e+00	-7.616185e+00
1.970000e-06	5.739033e-07	-3.836839e-11	3.989761e+00	-5.595431e+00
1.980000e-06	6.203804e-07	-1.240064e-11	4.312869e+00	-3.548995e+00
1.990000e-06	6.668569e-07	1.543995e-11	4.635972e+00	-1.479068e+00
2.000000e-06	7.132842e-07	4.621372e-11	4.958734e+00	6.120347e-01
2.010000e-06	7.596158e-07	7.821921e-11	5.280829e+00	2.721883e+00
2.020000e-06	8.059143e-07	1.119500e-10	5.602696e+00	4.847945e+00
2.030000e-06	8.521421e-07	1.478801e-10	5.924070e+00	6.987599e+00
2.040000e-06	8.982233e-07	1.832548e-10	6.244426e+00	9.138144e+00
2.050000e-06	9.442479e-07	2.148683e-10	6.564387e+00	1.129682e+01
2.060000e-06	9.902470e-07	2.424995e-10	6.884172e+00	1.346082e+01
2.070000e-06	1.036207e-06	2.688131e-10	7.203683e+00	1.562729e+01
2.080000e-06	1.082120e-06	2.949716e-10	7.522868e+00	1.779338e+01
2.090000e-06	1.127921e-06	3.237239e-10	7.841275e+00	1.995622e+01
2.100000e-06	1.173638e-06	3.550719e-10	8.159100e+00	2.211296e+01
2.110000e-06	1.219341e-06	3.878067e-10	8.476830e+00	2.426077e+01
2.120000e-06	1.264991e-06	4.206131e-10	8.794184e+00	2.639687e+01
2.130000e-06	1.310547e-06	4.524938e-10	9.110886e+00	2.851854e+01
2.140000e-06	1.356004e-06	4.835827e-10	9.426904e+00	3.062313e+01
2.150000e-06	1.401417e-06	5.114230e-10	9.742616e+00	3.270805e+01
2.160000e-06	1.446808e-06	5.354332e-10	1.005817e+01	3.477084e+01
2.170000e-06	1.492006e-06	5.568598e-10	1.037238e+01	3.680914e+01
2.180000e-06	1.537013e-06	5.796323e-10	1.068527e+01	3.882071e+01
2.190000e-06	1.581946e-06	6.067757e-10	1.099765e+01	4.080342e+01
2.200000e-06	1.626737e-06	6.375557e-10	1.130903e+01	4.275532e+01
2.210000e-06	1.671330e-06	6.695895e-10	1.161904e+01	4.467458e+01
2.220000e-06	1.715764e-06	7.004142e-10	1.192795e+01	4.655953e+01
2.230000e-06	1.760083e-06	7.276493e-10	1.223605e+01	4.840867e+01
2.240000e-06	1.804245e-06	7.504149e-10	1.254307e+01	5.022064e+01
2.250000e-06	1.848306e-06	7.693198e-10	1.284937e+01	5.199429e+01
2.260000e-06	1.892305e-06	7.858285e-10	1.315525e+01	5.372861e+01
2.270000e-06	1.936209e-06	8.049284e-10	1.346047e+01	5.542275e+01
2.280000e-06	1.980043e-06	8.283299e-10	1.376521e+01	5.707608e+01
2.290000e-06	2.023834e-06	8.521810e-10	1.406964e+01	5.868808e+01
2.300000e-06	2.067576e-06	8.760964e-10	1.437373e+01	6.025843e+01
2.310000e-06	2.111268e-06	8.997122e-10	1.467748e+01	6.178697e+01
2.320000e-06	2.154873e-06	9.201463e-10	1.498062e+01	6.327369e+01
2.330000e-06	2.198411e-06	9.358578e-10	1.528329e+01	6.471873e+01
2.340000e-06	2.241923e-06	9.504082e-10	1.558579e+01	6.612236e+01
2.350000e-06	2.285296e-06	9.667742e-10	1.588732e+01	6.748501e+01
2.360000e-06	2.328383e-06	9.839153e-10	1.618686e+01	6.880722e+01
2.370000e-06	2.371292e-06	1.001911e-09	1.648516e+01	7.008964e+01
2.380000e-06	2.414051e-06	1.021514e-09	1.678242e+01	7.133305e+01
2.390000e-06	2.456451e-06	1.039668e-09	1.707719e+01	7.253830e+01
2.400000e-06	2.498443e-06	1.054157e-09	1.736911e+01	7.370634e+01
2.410000e-06	2.540015e-06	1.068212e-09	1.765812e+01	7.483819e+01
2.420000e-06	2.581224e-06	1.081639e-09	1.794460e+01	7.593492e+01
2.430000e-06	2.622089e-06	1.092906e-09	1.822869e+01	7.699766e+01
2.440000e-06	2.662691e-06	1.106757e-09	1.851096e+01	7.802760e+01
2.450000e-06	2.703120e-06	1.124605e-09	1.879202e+01	7.902592e+01
2.460000e-06	2.743352e-06	1.142162e-09	1.907171e+01	7.999384e+01
2.470000e-06	2.783399e-06	1.156671e-09	1.935012e+01	8.093258e+01
2.480000e-06	2.823317e-06	1.167482e-09	1.962763e+01	8.184336e+01
2.490000e-06	2.863129e-06	1.176402e-09	1.990440e+01	8.272738e+01
2.500000e-06	2.902853e-06	1.185187e-09	2.018056e+01	8.358583e+01
2.510000e-06	2.942419e-06	1.197298e-09	2.045562e+01	8.441987e+01
2.520000e-06	2.981716e-06	1.212509e-09	2.072881e+01	8.523060e+01
2.530000e-06	3.020926e-06	1.226845e-09	2.100140e+01	8.601911e+01
2.540000e-06	3.060027e-06	1.241979e-09	2.127323e+01	8.678640e+01
2.550000e-06	3.098843e-06	1.256664e-09	2.154307e+01	8.753346e+01
2.560000e-06	3.137370e-06	1.265250e-09	2.181092e+01	8.826118e+01
2.570000e-06	3.175618e-06	1.269218e-09	2.207681e+01	8.897040e+01
2.580000e-06	3.213705e-06	1.274722e-09	2.234160e+01	8.966192e+01
2.590000e-06	3.251586e-06	1.282602e-09	2.260494e+01	9.033644e+01
2.600000e-06	3.289205e-06	1.293518e-09	2.286647e+01	9.099460e+01
2.610000e-06	3.326654e-06	1.308345e-09	2.312681e+01	9.163700e+01
2.620000e-06	3.363921e-06	1.323443e-09	2.338589e+01	9.226413e+01
2.630000e-06	3.400954e-06	1.336281e-09	2.364334e+01	9.287645e+01
2.640000e-06	3.437715e-06	1.345872e-09	2.389891e+01	9.347435e+01
2.650000e-06	3.474180e-06	1.353084e-09	2.415241e+01	9.405815e+01
2.660000e-06	3.510332e-06	1.358422e-09	2.440374e+01	9.462813e+01
2.670000e-06	3.546270e-06	1.363469e-09	2.465358e+01	9.518452e+01
2.680000e-06	3.582097e-06	1.369267e-09	2.490265e+01	9.572748e+01
2.690000e-06	3.617825e-06	1.376454e-09	2.515103e+01	9.625716e+01
2.700000e-06	3.653516e-06	1.385351e-09	2.539915e+01	9.677365e+01
2.710000e-06	3.689052e-06	1.393977e-09	2.564619e+01	9.727703e+01
2.720000e-06	3.724288e-06	1.402059e-09	2.589116e+01	9.776734e+01
2.730000e-06	3.759267e-06	1.409721e-09	2.613433e+01	9.824461e+01
2.740000e-06	3.793966e-06	1.413080e-09	2.637556e+01	9.870885e+01
2.750000e-06	3.828244e-06	1.413220e-09	2.661386e+01	9.916008e+01
2.760000e-06	3.861983e-06	1.416090e-09	2.684841e+01	9.959828e+01
2.770000e-06	3.895169e-06	1.423476e-09	2.707912e+01	1.000235e+02
2.780000e-06	3.927878e-06	1.432562e-09	2.730651e+01	1.004357e+02
2.790000e-06	3.960246e-06	1.441573e-09	2.753153e+01	1.008349e+02
2.800000e-06	3.992302e-06	1.450271e-09	2.775438e+01	1.012212e+02
2.810000e-06	4.024133e-06	1.455849e-09	2.797567e+01	1.015947e+02
2.820000e-06	4.055835e-06	1.458299e-09	2.819606e+01	1.019553e+02
2.830000e-06	4.087370e-06	1.460796e-09	2.841529e+01	1.023033e+02
2.840000e-06	4.118738e-06	1.464507e-09	2.863336e+01	1.026388e+02
2.850000e-06	4.149880e-06	1.470005e-09	2.884986e+01	1.029620e+02
2.860000e-06	4.180618e-06	1.478197e-09	2.906355e+01	1.032730e+02
2.870000e-06	4.210925e-06	1.487478e-09	2.927424e+01	1.035721e+02
2.880000e-06	4.240957e-06	1.496166e-09	2.948302e+01	1.038596e+02
2.890000e-06	4.270794e-06	1.500687e-09	2.969045e+01	1.041357e+02
2.900000e-06	4.300410e-06	1.501906e-09	2.989634e+01	1.044007e+02
2.910000e-06	4.329815e-06	1.503683e-09	3.010076e+01	1.046552e+02
2.920000e-06	4.358932e-06	1.506084e-09	3.030319e+01	1.048993e+02
2.930000e-06	4.387659e-06	1.510670e-09	3.050289e+01	1.051335e+02
2.940000e-06	4.416050e-06	1.518344e-09	3.070027e+01	1.053583e+02
2.950000e-06	4.444174e-06	1.526202e-09	3.089578e+01	1.055740e+02
2.960000e-06	4.472098e-06	1.531986e-09	3.108991e+01	1.057811e+02
2.970000e-06	4.499896e-06	1.534683e-09	3.128316e+01	1.059801e+02
2.980000e-06	4.527510e-06	1.535245e-09	3.147513e+01	1.061715e+02
2.990000e-06	4.554786e-06	1.535715e-09	3.166476e+01	1.063557e+02
3.000000e-06	4.581637e-06	1.536529e-09	3.185142e+01	1.065331e+02
3.010000e-06	4.608151e-06	1.538082e-09	3.203575e+01	1.067043e+02
3.020000e-06	4.634204e-06	1.542549e-09	3.221687e+01	1.068697e+02
3.030000e-06	4.659632e-06	1.549600e-09	3.239364e+01	1.070297e+02
3.040000e-06	4.684472e-06	1.556967e-09	3.256633e+01	1.071847e+02
3.050000e-06	4.708852e-06	1.563110e-09	3.273582e+01	1.073351e+02
3.060000e-06	4.732900e-06	1.566067e-09	3.290300e+01	1.074814e+02
3.070000e-06	4.756679e-06	1.567216e-09	3.306831e+01	1.076237e+02
3.080000e-06	4.780242e-06	1.568550e-09	3.323212e+01	1.077626e+02
3.090000e-06	4.803503e-06	1.569753e-09	3.339383e+01	1.078982e+02
3.100000e-06	4.826488e-06	1.570784e-09	3.355362e+01	1.080307e+02
3.110000e-06	4.849135e-06	1.572995e-09	3.371106e+01	1.081605e+02
3.120000e-06	4.871423e-06	1.576556e-09	3.386601e+01	1.082876e+02
3.130000e-06	4.893404e-06	1.581200e-09	3.401882e+01	1.084122e+02
3.140000e-06	4.915021e-06	1.586203e-09	3.416910e+01	1.085344e+02
3.150000e-06	4.936265e-06	1.590619e-09	3.431679e+01	1.086543e+02
3.160000e-06	4.957191e-06	1.593110e-09	3.446227e+01	1.087719e+02
3.170000e-06	4.977838e-06	1.591018e-09	3.460580e+01	1.088873e+02
3.180000e-06	4.998182e-06	1.585809e-09	3.474723e+01	1.090003e+02
3.190000e-06	5.018227e-06	1.584058e-09	3.488658e+01	1.091109e+02
3.200000e-06	5.038010e-06	1.585090e-09	3.502412e+01	1.092190e+02
3.210000e-06	5.057573e-06	1.589067e-09	3.516012e+01	1.093246e+02
3.220000e-06	5.076869e-06	1.594786e-09	3.529426e+01	1.094275e+02
3.230000e-06	5.095820e-06	1.601696e-09	3.542601e+01	1.095274e+02
3.240000e-06	5.114394e-06	1.608523e-09	3.555513e+01	1.096244e+02
3.250000e-06	5.132525e-06	1.610706e-09	3.568118e+01	1.097182e+02
3.260000e-06	5.150199e-06	1.610260e-09	3.580405e+01	1.098085e+02
3.270000e-06	5.167544e-06	1.608729e-09	3.592463e+01	1.098953e+02
3.280000e-06	5.184575e-06	1.607752e-09	3.604303e+01	1.099784e+02
3.290000e-06	5.201223e-06	1.609971e-09	3.615877e+01	1.100575e+02
3.300000e-06	5.217484e-06	1.614838e-09	3.627181e+01	1.101326e+02
3.310000e-06	5.233418e-06	1.621767e-09	3.638259e+01	1.102033e+02
3.320000e-06	5.248988e-06	1.628528e-09	3.649083e+01	1.102697e+02
3.330000e-06	5.264104e-06	1.631376e-09	3.659591e+01	1.103316e+02
3.340000e-06	5.278695e-06	1.632098e-09	3.669735e+01	1.103888e+02
3.350000e-06	5.292828e-06	1.633994e-09	3.679560e+01	1.104413e+02
3.360000e-06	5.306585e-06	1.637950e-09	3.689124e+01	1.104891e+02
3.370000e-06	5.319898e-06	1.641414e-09	3.698380e+01	1.105320e+02
3.380000e-06	5.332732e-06	1.645316e-09	3.707302e+01	1.105702e+02
3.390000e-06	5.345169e-06	1.649889e-09	3.715948e+01	1.106035e+02
3.400000e-06	5.357290e-06	1.653242e-09	3.724374e+01	1.106321e+02
3.410000e-06	5.369157e-06	1.656046e-09	3.732625e+01	1.106561e+02
3.420000e-06	5.380808e-06	1.658127e-09	3.740724e+01	1.106755e+02
3.430000e-06	5.392058e-06	1.659350e-09	3.748545e+01	1.106905e+02
3.440000e-06	5.402729e-06	1.660628e-09	3.755963e+01	1.107013e+02
3.450000e-06	5.412699e-06	1.661796e-09	3.762895e+01	1.107079e+02
3.460000e-06	5.421968e-06	1.666277e-09	3.769338e+01	1.107108e+02
3.470000e-06	5.430698e-06	1.671506e-09	3.775407e+01	1.107099e+02
3.480000e-06	5.439046e-06	1.674351e-09	3.781211e+01	1.107057e+02
3.490000e-06	5.447065e-06	1.674727e-09	3.786785e+01	1.106983e+02
3.500000e-06	5.454796e-06	1.673544e-09	3.792161e+01	1.106880e+02
3.510000e-06	5.462267e-06	1.673496e-09	3.797354e+01	1.106751e+02
3.520000e-06	5.469349e-06	1.676125e-09	3.802277e+01	1.106599e+02
3.530000e-06	5.476012e-06	1.680680e-09	3.806910e+01	1.106426e+02
3.540000e-06	5.482323e-06	1.684489e-09	3.811297e+01	1.106235e+02
3.550000e-06	5.488282e-06	1.688548e-09	3.815440e+01	1.106029e+02
3.560000e-06	5.493909e-06	1.691935e-09	3.819351e+01	1.105810e+02
3.570000e-06	5.499159e-06	1.692853e-09	3.823001e+01	1.105582e+02
3.580000e-06	5.504010e-06	1.692881e-09	3.826374e+01	1.105345e+02
3.590000e-06	5.508480e-06	1.693432e-09	3.829481e+01	1.105102e+02
3.600000e-06	5.512565e-06	1.693124e-09	3.832321e+01	1.104855e+02
3.610000e-06	5.516343e-06	1.692287e-09	3.834948e+01	1.104605e+02
3.620000e-06	5.519870e-06	1.692980e-09	3.837400e+01	1.104354e+02
3.630000e-06	5.523155e-06	1.695154e-09	3.839683e+01	1.104103e+02
3.640000e-06	5.526103e-06	1.698286e-09	3.841733e+01	1.103853e+02
3.650000e-06	5.528561e-06	1.702320e-09	3.843442e+01	1.103603e+02
3.660000e-06	5.530339e-06	1.705528e-09	3.844678e+01	1.103354e+02
3.670000e-06	5.531378e-06	1.706453e-09	3.845400e+01	1.103105e+02
3.680000e-06	5.531951e-06	1.705475e-09	3.845798e+01	1.102857e+02
3.690000e-06	5.532241e-06	1.705123e-09	3.846000e+01	1.102607e+02
3.700000e-06	5.532229e-06	1.704713e-09	3.845991e+01	1.102356e+02
3.710000e-06	5.531857e-06	1.704863e-09	3.845733e+01	1.102100e+02
3.720000e-06	5.531143e-06	1.708933e-09	3.845237e+01	1.101839e+02
3.730000e-06	5.530102e-06	1.712259e-09	3.844513e+01	1.101570e+02
3.740000e-06	5.528694e-06	1.713750e-09	3.843534e+01	1.101291e+02
3.750000e-06	5.526936e-06	1.721166e-09	3.842312e+01	1.100999e+02
3.760000e-06	5.524850e-06	1.728068e-09	3.840861e+01	1.100692e+02
3.770000e-06	5.522455e-06	1.701937e-09	3.839196e+01	1.100366e+02
3.780000e-06	5.519643e-06	1.648657e-09	3.837242e+01	1.100019e+02
3.790000e-06	5.516336e-06	1.662010e-09	3.834942e+01	1.099648e+02
3.800000e-06	5.512600e-06	1.736802e-09	3.832345e+01	1.099249e+02
3.810000e-06	5.508510e-06	1.722873e-09	3.829502e+01	1.098820e+02
3.820000e-06	5.504207e-06	1.660742e-09	3.826511e+01	1.098356e+02
3.830000e-06	5.499709e-06	1.712433e-09	3.823384e+01	1.097856e+02
3.840000e-06	5.494724e-06	1.761704e-09	3.819918e+01	1.097316e+02
3.850000e-06	5.489089e-06	1.730576e-09	3.816001e+01	1.096733e+02
3.860000e-06	5.483149e-06	1.595409e-09	3.811871e+01	1.096104e+02
3.870000e-06	5.476924e-06	1.633439e-09	3.807543e+01	1.095428e+02
3.880000e-06	5.470049e-06	1.814569e-09	3.802764e+01	1.094702e+02
3.890000e-06	5.462682e-06	1.786750e-09	3.797643e+01	1.093924e+02
3.900000e-06	5.454987e-06	1.613675e-09	3.792293e+01	1.093092e+02
3.910000e-06	5.446863e-06	1.587110e-09	3.786645e+01	1.092204e+02
3.920000e-06	5.438297e-06	1.769178e-09	3.780690e+01	1.091261e+02
3.930000e-06	5.429412e-06	1.737876e-09	3.774513e+01	1.090260e+02
3.940000e-06	5.420360e-06	1.605022e-09	3.768221e+01	1.089202e+02
3.950000e-06	5.410929e-06	1.632836e-09	3.761664e+01	1.088086e+02
3.960000e-06	5.400900e-06	1.794965e-09	3.754692e+01	1.086912e+02
3.970000e-06	5.390482e-06	1.734057e-09	3.747449e+01	1.085681e+02
3.980000e-06	5.379859e-06	1.611389e-09	3.740064e+01	1.084394e+02
3.990000e-06	5.368812e-06	1.644605e-09	3.732384e+01	1.083052e+02
4.000000e-06	5.357290e-06	1.718938e-09	3.724375e+01	1.081657e+02
4.010000e-06	5.345569e-06	1.652230e-09	3.716226e+01	1.080209e+02
4.020000e-06	5.333507e-06	1.585740e-09	3.707840e+01	1.078711e+02
4.030000e-06	5.320810e-06	1.663009e-09	3.699014e+01	1.077166e+02
4.040000e-06	5.307602e-06	1.723618e-09	3.689831e+01	1.075574e+02
4.050000e-06	5.294109e-06	1.657721e-09	3.680451e+01	1.073940e+02
4.060000e-06	5.280109e-06	1.563910e-09	3.670718e+01	1.072265e+02
4.070000e-06	5.265338e-06	1.629356e-09	3.660450e+01	1.070552e+02
4.080000e-06	5.250066e-06	1.705214e-09	3.649833e+01	1.068804e+02
4.090000e-06	5.234480e-06	1.650205e-09	3.638997e+01	1.067023e+02
4.100000e-06	5.218382e-06	1.566716e-09	3.627806e+01	1.065214e+02
4.110000e-06	5.201928e-06	1.664236e-09	3.616367e+01	1.063377e+02
4.120000e-06	5.185309e-06	1.705943e-09	3.604814e+01	1.061515e+02
4.130000e-06	5.168332e-06	1.588696e-09	3.593011e+01	1.059632e+02
4.140000e-06	5.150926e-06	1.566445e-09	3.580911e+01	1.057730e+02
4.150000e-06	5.133248e-06	1.702743e-09	3.568621e+01	1.055810e+02
4.160000e-06	5.115298e-06	1.641465e-09	3.556142e+01	1.053875e+02
4.170000e-06	5.096958e-06	1.541085e-09	3.543392e+01	1.051927e+02
4.180000e-06	5.078280e-06	1.658218e-09	3.530407e+01	1.049966e+02
4.190000e-06	5.059259e-06	1.710265e-09	3.517184e+01	1.047995e+02
4.200000e-06	5.039785e-06	1.551041e-09	3.503645e+01	1.046014e+02
4.210000e-06	5.019996e-06	1.583383e-09	3.489888e+01	1.044023e+02
4.220000e-06	5.000028e-06	1.699102e-09	3.476007e+01	1.042024e+02
4.230000e-06	4.979822e-06	1.582343e-09	3.461960e+01	1.040016e+02
4.240000e-06	4.959334e-06	1.539603e-09	3.447716e+01	1.037999e+02
4.250000e-06	4.938631e-06	1.688517e-09	3.433324e+01	1.035973e+02
4.260000e-06	4.917621e-06	1.628987e-09	3.418718e+01	1.033936e+02
4.270000e-06	4.896014e-06	1.508391e-09	3.403697e+01	1.031888e+02
4.280000e-06	4.873740e-06	1.637976e-09	3.388212e+01	1.029828e+02
4.290000e-06	4.850898e-06	1.667165e-09	3.372332e+01	1.027754e+02
4.300000e-06	4.827566e-06	1.517966e-09	3.356112e+01	1.025663e+02
4.310000e-06	4.803848e-06	1.563825e-09	3.339623e+01	1.023555e+02
4.320000e-06	4.779788e-06	1.667674e-09	3.322896e+01	1.021427e+02
4.330000e-06	4.755457e-06	1.573437e-09	3.305981e+01	1.019277e+02
4.340000e-06	4.730948e-06	1.552119e-09	3.288943e+01	1.017103e+02
4.350000e-06	4.706192e-06	1.629836e-09	3.271733e+01	1.014902e+02
4.360000e-06	4.681050e-06	1.586221e-09	3.254254e+01	1.012672e+02
4.370000e-06	4.655506e-06	1.535025e-09	3.236496e+01	1.010410e+02
4.380000e-06	4.629654e-06	1.593170e-09	3.218523e+01	1.008114e+02
4.390000e-06	4.603507e-06	1.586370e-09	3.200346e+01	1.005782e+02
4.400000e-06	4.577014e-06	1.540587e-09	3.181929e+01	1.003412e+02
4.410000e-06	4.550196e-06	1.552261e-09	3.163285e+01	1.001001e+02
4.420000e-06	4.523120e-06	1.559533e-09	3.144462e+01	9.985475e+01
4.430000e-06	4.495754e-06	1.530018e-09	3.125436e+01	9.960495e+01
4.440000e-06	4.468093e-06	1.536985e-09	3.106207e+01	9.935055e+01
4.450000e-06	4.440138e-06	1.545622e-09	3.086772e+01	9.909139e+01
4.460000e-06	4.411928e-06	1.534706e-09	3.067161e+01	9.882737e+01
4.470000e-06	4.383604e-06	1.532666e-09	3.047471e+01	9.855839e+01
4.480000e-06	4.355115e-06	1.542936e-09	3.027665e+01	9.828436e+01
4.490000e-06	4.326313e-06	1.531644e-09	3.007642e+01	9.800524e+01
4.500000e-06	4.297118e-06	1.518865e-09	2.987345e+01	9.772100e+01
4.510000e-06	4.267491e-06	1.516374e-09	2.966749e+01	9.743165e+01
4.520000e-06	4.237330e-06	1.513512e-09	2.945781e+01	9.713720e+01
4.530000e-06	4.206604e-06	1.510283e-09	2.924420e+01	9.683770e+01
4.540000e-06	4.175453e-06	1.517485e-09	2.902764e+01	9.653321e+01
4.550000e-06	4.143941e-06	1.512338e-09	2.880857e+01	9.622382e+01
4.560000e-06	4.112105e-06	1.493901e-09	2.858725e+01	9.590964e+01
4.570000e-06	4.080060e-06	1.496161e-09	2.836447e+01	9.559076e+01
4.580000e-06	4.047843e-06	1.500501e-09	2.814050e+01	9.526733e+01
4.590000e-06	4.015459e-06	1.480834e-09	2.791537e+01	9.493949e+01
4.600000e-06	3.982907e-06	1.471683e-09	2.768906e+01	9.460738e+01
4.610000e-06	3.950080e-06	1.480996e-09	2.746085e+01	9.427115e+01
4.620000e-06	3.916879e-06	1.469829e-09	2.723004e+01	9.393095e+01
4.630000e-06	3.883311e-06	1.462043e-09	2.699668e+01	9.358694e+01
4.640000e-06	3.849487e-06	1.471642e-09	2.676154e+01	9.323925e+01
4.650000e-06	3.815479e-06	1.466761e-09	2.652511e+01	9.288802e+01
4.660000e-06	3.781238e-06	1.447760e-09	2.628707e+01	9.253338e+01
4.670000e-06	3.746694e-06	1.455646e-09	2.604692e+01	9.217544e+01
4.680000e-06	3.711849e-06	1.462310e-09	2.580468e+01	9.181429e+01
4.690000e-06	3.676772e-06	1.448676e-09	2.556083e+01	9.145001e+01
4.700000e-06	3.641494e-06	1.440300e-09	2.531557e+01	9.108265e+01
4.710000e-06	3.605989e-06	1.444964e-09	2.506874e+01	9.071224e+01
4.720000e-06	3.570269e-06	1.433573e-09	2.482042e+01	9.033879e+01
4.730000e-06	3.534376e-06	1.422472e-09	2.457089e+01	8.996229e+01
4.740000e-06	3.498316e-06	1.425735e-09	2.432021e+01	8.958268e+01
4.750000e-06	3.462115e-06	1.422467e-09	2.406853e+01	8.919989e+01
4.760000e-06	3.425829e-06	1.405733e-09	2.381627e+01	8.881383e+01
4.770000e-06	3.389343e-06	1.404268e-09	2.356263e+01	8.842437e+01
4.780000e-06	3.352575e-06	1.407300e-09	2.330701e+01	8.803136e+01
4.790000e-06	3.315529e-06	1.397621e-09	2.304947e+01	8.763463e+01
4.800000e-06	3.278099e-06	1.389214e-09	2.278926e+01	8.723396e+01
4.810000e-06	3.240180e-06	1.387065e-09	2.252565e+01	8.682914e+01
4.820000e-06	3.201811e-06	1.377496e-09	2.225891e+01	8.641993e+01
4.830000e-06	3.163164e-06	1.368320e-09	2.199023e+01	8.600607e+01
4.840000e-06	3.124161e-06	1.367422e-09	2.171908e+01	8.558728e+01
4.850000e-06	3.084732e-06	1.360690e-09	2.144498e+01	8.516329e+01
4.860000e-06	3.044993e-06	1.349068e-09	2.116871e+01	8.473378e+01
4.870000e-06	3.005081e-06	1.346170e-09	2.089125e+01	8.429847e+01
4.880000e-06	2.965127e-06	1.345410e-09	2.061348e+01	8.385705e+01
4.890000e-06	2.925098e-06	1.335839e-09	2.033520e+01	8.340922e+01
4.900000e-06	2.884943e-06	1.326365e-09	2.005605e+01	8.295468e+01
4.910000e-06	2.844643e-06	1.319284e-09	1.977588e+01	8.249313e+01
4.920000e-06	2.804212e-06	1.311359e-09	1.949481e+01	8.202430e+01
4.930000e-06	2.763639e-06	1.303659e-09	1.921275e+01	8.154792e+01
4.940000e-06	2.722918e-06	1.300942e-09	1.892966e+01	8.106373e+01
4.950000e-06	2.682064e-06	1.297226e-09	1.864564e+01	8.057150e+01
4.960000e-06	2.640972e-06	1.294424e-09	1.835997e+01	8.007101e+01
4.970000e-06	2.599612e-06	1.295054e-09	1.807244e+01	7.956207e+01
4.980000e-06	2.558008e-06	1.292742e-09	1.778321e+01	7.904451e+01
4.990000e-06	2.516243e-06	1.282002e-09	1.749286e+01	7.851817e+01
5.000000e-06	2.474379e-06	1.270047e-09	1.720182e+01	7.798294e+01
5.010000e-06	2.432395e-06	1.258889e-09	1.690995e+01	7.743872e+01
5.020000e-06	2.390239e-06	1.249985e-09	1.661688e+01	7.688542e+01
5.030000e-06	2.347856e-06	1.244975e-09	1.632223e+01	7.632300e+01
5.040000e-06	2.305349e-06	1.244722e-09	1.602673e+01	7.575141e+01
5.050000e-06	2.262705e-06	1.242247e-09	1.573027e+01	7.517065e+01
5.060000e-06	2.219911e-06	1.234583e-09	1.543277e+01	7.458071e+01
5.070000e-06	2.177001e-06	1.223872e-09	1.513446e+01	7.398161e+01
5.080000e-06	2.133874e-06	1.212549e-09	1.483464e+01	7.337337e+01
5.090000e-06	2.090520e-06	1.198925e-09	1.453324e+01	7.275601e+01
5.100000e-06	2.046960e-06	1.186025e-09	1.423041e+01	7.212957e+01
5.110000e-06	2.003345e-06	1.176485e-09	1.392720e+01	7.149407e+01
5.120000e-06	1.959699e-06	1.170247e-09	1.362378e+01	7.084952e+01
5.130000e-06	1.915866e-06	1.167138e-09	1.331905e+01	7.019594e+01
5.140000e-06	1.871936e-06	1.163510e-09	1.301365e+01	6.953330e+01
5.150000e-06	1.827914e-06	1.155833e-09	1.270761e+01	6.886156e+01
5.160000e-06	1.783779e-06	1.143261e-09	1.240079e+01	6.818066e+01
5.170000e-06	1.739610e-06	1.129426e-09	1.209372e+01	6.749049e+01
5.180000e-06	1.695437e-06	1.117464e-09	1.178664e+01	6.679090e+01
5.190000e-06	1.651210e-06	1.109490e-09	1.147917e+01	6.608172e+01
5.200000e-06	1.606872e-06	1.100321e-09	1.117093e+01	6.536270e+01
5.210000e-06	1.562413e-06	1.089255e-09	1.086186e+01	6.463354e+01
5.220000e-06	1.517809e-06	1.075788e-09	1.055177e+01	6.389390e+01
5.230000e-06	1.473155e-06	1.062834e-09	1.024134e+01	6.314337e+01
5.240000e-06	1.428486e-06	1.051517e-09	9.930796e+00	6.238146e+01
5.250000e-06	1.383691e-06	1.041203e-09	9.619383e+00	6.160765e+01
5.260000e-06	1.338750e-06	1.032294e-09	9.306959e+00	6.082130e+01
5.270000e-06	1.293717e-06	1.023473e-09	8.993887e+00	6.002176e+01
5.280000e-06	1.248632e-06	1.013914e-09	8.680459e+00	5.920826e+01
5.290000e-06	1.203470e-06	1.003208e-09	8.366491e+00	5.837999e+01
5.300000e-06	1.158185e-06	9.919719e-10	8.051670e+00	5.753607e+01
5.310000e-06	1.112753e-06	9.773193e-10	7.735834e+00	5.667555e+01
5.320000e-06	1.067155e-06	9.614548e-10	7.418833e+00	5.579742e+01
5.330000e-06	1.021555e-06	9.491529e-10	7.101827e+00	5.490061e+01
5.340000e-06	9.760253e-07	9.379950e-10	6.785303e+00	5.398400e+01
5.350000e-06	9.303318e-07	9.257928e-10	6.467643e+00	5.304643e+01
5.360000e-06	8.844057e-07	9.125146e-10	6.148366e+00	5.208670e+01
5.370000e-06	8.384311e-07	8.976525e-10	5.828752e+00	5.110356e+01
5.380000e-06	7.924631e-07	8.795121e-10	5.509184e+00	5.009576e+01
5.390000e-06	7.464453e-07	8.594197e-10	5.189268e+00	4.906202e+01
5.400000e-06	7.003634e-07	8.396544e-10	4.868909e+00	4.800106e+01
5.410000e-06	6.541818e-07	8.221071e-10	4.547855e+00	4.691160e+01
5.420000e-06	6.079248e-07	8.071629e-10	4.226277e+00	4.579238e+01
5.430000e-06	5.616598e-07	7.954454e-10	3.904645e+00	4.464216e+01
5.440000e-06	5.153302e-07	7.801275e-10	3.582562e+00	4.345974e+01
5.450000e-06	4.689254e-07	7.577754e-10	3.259957e+00	4.224397e+01
5.460000e-06	4.225018e-07	7.355829e-10	2.937222e+00	4.099375e+01
5.470000e-06	3.759870e-07	7.172155e-10	2.613852e+00	3.970807e+01
5.480000e-06	3.294213e-07	7.007326e-10	2.290128e+00	3.838597e+01
5.490000e-06	2.829497e-07	6.825884e-10	1.967059e+00	3.702662e+01
5.500000e-06	2.365113e-07	6.605425e-10	1.644220e+00	3.562927e+01
5.510000e-06	1.900119e-07	6.346704e-10	1.320958e+00	3.419328e+01
5.520000e-06	1.434702e-07	6.073989e-10	9.974010e-01	3.271816e+01
5.530000e-06	9.691393e-08	5.805396e-10	6.737432e-01	3.120354e+01
5.540000e-06	5.031921e-08	5.541236e-10	3.498179e-01	2.964917e+01
5.550000e-06	3.702024e-09	5.303993e-10	2.573637e-02	2.805498e+01
5.560000e-06	-4.287029e-08	5.092192e-10	-2.980331e-01	2.642103e+01
5.570000e-06	-8.944274e-08	4.848590e-10	-6.218036e-01	2.474758e+01
5.580000e-06	-1.359985e-07	4.554401e-10	-9.454584e-01	2.303500e+01
5.590000e-06	-1.825362e-07	4.225812e-10	-1.268987e+00	2.128388e+01
5.600000e-06	-2.290875e-07	3.891082e-10	-1.592611e+00	1.949494e+01
5.610000e-06	-2.756087e-07	3.570792e-10	-1.916025e+00	1.766912e+01
5.620000e-06	-3.220877e-07	3.282173e-10	-2.239145e+00	1.580748e+01
5.630000e-06	-3.685506e-07	3.003347e-10	-2.562155e+00	1.391128e+01
5.640000e-06	-4.150092e-07	2.683214e-10	-2.885133e+00	1.198195e+01
5.650000e-06	-4.614110e-07	2.335358e-10	-3.207718e+00	1.002107e+01
5.660000e-06	-5.077486e-07	1.969788e-10	-3.529855e+00	8.030398e+00
5.670000e-06	-5.540494e-07	1.593693e-10	-3.851737e+00	6.011821e+00
5.680000e-06	-6.003232e-07	1.240661e-10	-4.173431e+00	3.967387e+00
5.690000e-06	-6.465534e-07	8.966918e-11	-4.494823e+00	1.899274e+00
5.700000e-06	-6.927074e-07	5.499895e-11	-4.815684e+00	-1.902123e-01
5.710000e-06	-7.388087e-07	1.908924e-11	-5.136179e+00	-2.298651e+00
5.720000e-06	-7.848717e-07	-1.763266e-11	-5.456408e+00	-4.423518e+00
5.730000e-06	-8.308877e-07	-5.641538e-11	-5.776310e+00	-6.562198e+00
5.740000e-06	-8.768811e-07	-9.492594e-11	-6.096055e+00	-8.711997e+00
5.750000e-06	-9.228400e-07	-1.314199e-10	-6.415560e+00	-1.087016e+01
5.760000e-06	-9.686577e-07	-1.666946e-10	-6.734084e+00	-1.303388e+01
5.770000e-06	-1.014363e-06	-2.014313e-10	-7.051829e+00	-1.520031e+01
5.780000e-06	-1.059917e-06	-2.356364e-10	-7.368518e+00	-1.736660e+01
5.790000e-06	-1.105295e-06	-2.706879e-10	-7.683981e+00	-1.952987e+01
5.800000e-06	-1.150553e-06	-3.078446e-10	-7.998612e+00	-2.168729e+01
5.810000e-06	-1.195747e-06	-3.473462e-10	-8.312803e+00	-2.383601e+01
5.820000e-06	-1.240980e-06	-3.880908e-10	-8.627260e+00	-2.597325e+01
5.830000e-06	-1.286104e-06	-4.264805e-10	-8.940959e+00	-2.809628e+01
5.840000e-06	-1.331050e-06	-4.620145e-10	-9.253423e+00	-3.020244e+01
5.850000e-06	-1.375843e-06	-4.968788e-10	-9.564828e+00	-3.228916e+01
5.860000e-06	-1.420459e-06	-5.304155e-10	-9.874996e+00	-3.435394e+01
5.870000e-06	-1.464993e-06	-5.617857e-10	-1.018459e+01	-3.639443e+01
5.880000e-06	-1.509546e-06	-5.931601e-10	-1.049433e+01	-3.840836e+01
5.890000e-06	-1.554019e-06	-6.258274e-10	-1.080350e+01	-4.039361e+01
5.900000e-06	-1.598372e-06	-6.601631e-10	-1.111184e+01	-4.234821e+01
5.910000e-06	-1.642661e-06	-6.944195e-10	-1.141974e+01	-4.427031e+01
5.920000e-06	-1.686926e-06	-7.277283e-10	-1.172747e+01	-4.615824e+01
5.930000e-06	-1.731160e-06	-7.600935e-10	-1.203498e+01	-4.801047e+01
5.940000e-06	-1.775319e-06	-7.906987e-10	-1.234197e+01	-4.982565e+01
5.950000e-06	-1.819430e-06	-8.183645e-10	-1.264863e+01	-5.160259e+01
5.960000e-06	-1.863455e-06	-8.444853e-10	-1.295469e+01	-5.334027e+01
5.970000e-06	-1.907396e-06	-8.710368e-10	-1.326017e+01	-5.503785e+01
5.980000e-06	-1.951253e-06	-8.994213e-10	-1.356506e+01	-5.669465e+01
5.990000e-06	-1.995043e-06	-9.295963e-10	-1.386949e+01	-5.831017e+01
6.000000e-06	-2.038729e-06	-9.591682e-10	-1.417319e+01	-5.988406e+01
6.010000e-06	-2.082245e-06	-9.848022e-10	-1.447571e+01	-6.141614e+01
6.020000e-06	-2.125587e-06	-1.009252e-09	-1.477702e+01	-6.290640e+01
6.030000e-06	-2.168759e-06	-1.033513e-09	-1.507716e+01	-6.435496e+01
6.040000e-06	-2.211771e-06	-1.056007e-09	-1.537617e+01	-6.576208e+01
6.050000e-06	-2.254573e-06	-1.078185e-09	-1.567374e+01	-6.712818e+01
6.060000e-06	-2.297150e-06	-1.099232e-09	-1.596973e+01	-6.845380e+01
6.070000e-06	-2.339590e-06	-1.117270e-09	-1.626477e+01	-6.973957e+01
6.080000e-06	-2.381880e-06	-1.135513e-09	-1.655877e+01	-7.098625e+01
6.090000e-06	-2.424016e-06	-1.154247e-09	-1.685170e+01	-7.219470e+01
6.100000e-06	-2.466026e-06	-1.173010e-09	-1.714375e+01	-7.336586e+01
6.110000e-06	-2.507822e-06	-1.193391e-09	-1.743432e+01	-7.450074e+01
6.120000e-06	-2.549428e-06	-1.215523e-09	-1.772356e+01	-7.560041e+01
6.130000e-06	-2.590836e-06	-1.237545e-09	-1.801143e+01	-7.666600e+01
6.140000e-06	-2.632031e-06	-1.256992e-09	-1.829781e+01	-7.769868e+01
6.150000e-06	-2.673035e-06	-1.273724e-09	-1.858287e+01	-7.869965e+01
6.160000e-06	-2.713831e-06	-1.287532e-09	-1.886649e+01	-7.967011e+01
6.170000e-06	-2.754413e-06	-1.300318e-09	-1.914861e+01	-8.061129e+01
6.180000e-06	-2.794840e-06	-1.314831e-09	-1.942966e+01	-8.152441e+01
6.190000e-06	-2.835155e-06	-1.330243e-09	-1.970993e+01	-8.241068e+01
6.200000e-06	-2.875375e-06	-1.346677e-09	-1.998953e+01	-8.327128e+01
6.210000e-06	-2.915510e-06	-1.365918e-09	-2.026855e+01	-8.410736e+01
6.220000e-06	-2.955517e-06	-1.384696e-09	-2.054668e+01	-8.492005e+01
6.230000e-06	-2.995409e-06	-1.400863e-09	-2.082401e+01	-8.571042e+01
6.240000e-06	-3.035125e-06	-1.414452e-09	-2.110011e+01	-8.647951e+01
6.250000e-06	-3.074548e-06	-1.426610e-09	-2.137418e+01	-8.722827e+01
6.260000e-06	-3.113648e-06	-1.436724e-09	-2.164600e+01	-8.795762e+01
6.270000e-06	-3.152489e-06	-1.445607e-09	-2.191602e+01	-8.866842e+01
6.280000e-06	-3.191003e-06	-1.455552e-09	-2.218377e+01	-8.936144e+01
6.290000e-06	-3.229093e-06	-1.466887e-09	-2.244857e+01	-9.003740e+01
6.300000e-06	-3.266730e-06	-1.480515e-09	-2.271023e+01	-9.069697e+01
6.310000e-06	-3.303974e-06	-1.495741e-09	-2.296914e+01	-9.134071e+01
6.320000e-06	-3.340963e-06	-1.509318e-09	-2.322629e+01	-9.196915e+01
6.330000e-06	-3.377708e-06	-1.519261e-09	-2.348174e+01	-9.258275e+01
6.340000e-06	-3.414210e-06	-1.525266e-09	-2.373550e+01	-9.318189e+01
6.350000e-06	-3.450538e-06	-1.530504e-09	-2.398805e+01	-9.376692e+01
6.360000e-06	-3.486706e-06	-1.535809e-09	-2.423949e+01	-9.433810e+01
6.370000e-06	-3.522709e-06	-1.542348e-09	-2.448978e+01	-9.489566e+01
6.380000e-06	-3.558588e-06	-1.552150e-09	-2.473921e+01	-9.543980e+01
6.390000e-06	-3.594302e-06	-1.562692e-09	-2.498750e+01	-9.597063e+01
6.400000e-06	-3.629777e-06	-1.573740e-09	-2.523412e+01	-9.648828e+01
6.410000e-06	-3.664955e-06	-1.585646e-09	-2.547867e+01	-9.699281e+01
6.420000e-06	-3.699798e-06	-1.596460e-09	-2.572090e+01	-9.748426e+01
6.430000e-06	-3.734352e-06	-1.605604e-09	-2.596112e+01	-9.796268e+01
6.440000e-06	-3.768688e-06	-1.613973e-09	-2.619982e+01	-9.842806e+01
6.450000e-06	-3.802746e-06	-1.621955e-09	-2.643659e+01	-9.888042e+01
6.460000e-06	-3.836518e-06	-1.629229e-09	-2.667137e+01	-9.931977e+01
6.470000e-06	-3.870007e-06	-1.635763e-09	-2.690419e+01	-9.974610e+01
6.480000e-06	-3.903188e-06	-1.642228e-09	-2.713486e+01	-1.001594e+02
6.490000e-06	-3.936103e-06	-1.647569e-09	-2.736369e+01	-1.005598e+02
6.500000e-06	-3.968785e-06	-1.653303e-09	-2.759089e+01	-1.009472e+02
6.510000e-06	-4.001214e-06	-1.660198e-09	-2.781634e+01	-1.013218e+02
6.520000e-06	-4.033451e-06	-1.666555e-09	-2.804045e+01	-1.016836e+02
6.530000e-06	-4.065577e-06	-1.673425e-09	-2.826379e+01	-1.020327e+02
6.540000e-06	-4.097545e-06	-1.680644e-09	-2.848603e+01	-1.023693e+02
6.550000e-06	-4.129297e-06	-1.685861e-09	-2.870677e+01	-1.026935e+02
6.560000e-06	-4.160658e-06	-1.688756e-09	-2.892479e+01	-1.030056e+02
6.570000e-06	-4.191552e-06	-1.689952e-09	-2.913956e+01	-1.033058e+02
6.580000e-06	-4.221891e-06	-1.691598e-09	-2.935048e+01	-1.035942e+02
6.590000e-06	-4.251679e-06	-1.694799e-09	-2.955757e+01	-1.038713e+02
6.600000e-06	-4.281134e-06	-1.698350e-09	-2.976233e+01	-1.041374e+02
6.610000e-06	-4.310143e-06	-1.702950e-09	-2.996400e+01	-1.043927e+02
6.620000e-06	-4.338732e-06	-1.708195e-09	-3.016276e+01	-1.046377e+02
6.630000e-06	-4.367134e-06	-1.712365e-09	-3.036020e+01	-1.048728e+02
6.640000e-06	-4.395396e-06	-1.717175e-09	-3.055668e+01	-1.050984e+02
6.650000e-06	-4.423481e-06	-1.720684e-09	-3.075193e+01	-1.053149e+02
6.660000e-06	-4.451292e-06	-1.720615e-09	-3.094527e+01	-1.055228e+02
6.670000e-06	-4.478772e-06	-1.719762e-09	-3.113631e+01	-1.057226e+02
6.680000e-06	-4.505915e-06	-1.717888e-09	-3.132500e+01	-1.059146e+02
6.690000e-06	-4.532765e-06	-1.716577e-09	-3.151167e+01	-1.060994e+02
6.700000e-06	-4.559308e-06	-1.719355e-09	-3.169619e+01	-1.062775e+02
6.710000e-06	-4.585520e-06	-1.725185e-09	-3.187841e+01	-1.064492e+02
6.720000e-06	-4.611424e-06	-1.731748e-09	-3.205850e+01	-1.066151e+02
6.730000e-06	-4.636981e-06	-1.737538e-09	-3.223617e+01	-1.067756e+02
6.740000e-06	-4.662155e-06	-1.739887e-09	-3.241118e+01	-1.069310e+02
6.750000e-06	-4.687026e-06	-1.738780e-09	-3.258409e+01	-1.070819e+02
6.760000e-06	-4.711647e-06	-1.737726e-09	-3.275525e+01	-1.072285e+02
6.770000e-06	-4.736008e-06	-1.736631e-09	-3.292461e+01	-1.073713e+02
6.780000e-06	-4.760147e-06	-1.736326e-09	-3.309242e+01	-1.075105e+02
6.790000e-06	-4.784090e-06	-1.737709e-09	-3.325887e+01	-1.076464e+02
6.800000e-06	-4.807697e-06	-1.739310e-09	-3.342298e+01	-1.077792e+02
6.810000e-06	-4.830889e-06	-1.739182e-09	-3.358422e+01	-1.079092e+02
6.820000e-06	-4.853614e-06	-1.737746e-09	-3.374220e+01	-1.080366e+02
6.830000e-06	-4.875744e-06	-1.737749e-09	-3.389604e+01	-1.081615e+02
6.840000e-06	-4.897395e-06	-1.739468e-09	-3.404657e+01	-1.082840e+02
6.850000e-06	-4.918590e-06	-1.741969e-09	-3.419391e+01	-1.084041e+02
6.860000e-06	-4.939357e-06	-1.745381e-09	-3.433828e+01	-1.085220e+02
6.870000e-06	-4.959794e-06	-1.748557e-09	-3.448036e+01	-1.086376e+02
6.880000e-06	-4.980003e-06	-1.750279e-09	-3.462086e+01	-1.087508e+02
6.890000e-06	-5.000037e-06	-1.750887e-09	-3.476013e+01	-1.088617e+02
6.900000e-06	-5.019759e-06	-1.750625e-09	-3.489724e+01	-1.089701e+02
6.910000e-06	-5.039109e-06	-1.750836e-09	-3.503176e+01	-1.090760e+02
6.920000e-06	-5.058139e-06	-1.753768e-09	-3.516405e+01	-1.091791e+02
6.930000e-06	-5.076794e-06	-1.758161e-09	-3.529375e+01	-1.092794e+02
6.940000e-06	-5.095119e-06	-1.760119e-09	-3.542114e+01	-1.093767e+02
6.950000e-06	-5.113207e-06	-1.758948e-09	-3.554688e+01	-1.094708e+02
6.960000e-06	-5.130897e-06	-1.754289e-09	-3.566986e+01	-1.095615e+02
6.970000e-06	-5.148137e-06	-1.750189e-09	-3.578972e+01	-1.096487e+02
6.980000e-06	-5.165013e-06	-1.749219e-09	-3.590704e+01	-1.097321e+02
6.990000e-06	-5.181559e-06	-1.750496e-09	-3.602207e+01	-1.098116e+02
7.000000e-06	-5.197901e-06	-1.753490e-09	-3.613567e+01	-1.098871e+02
7.010000e-06	-5.214010e-06	-1.757770e-09	-3.624766e+01	-1.099583e+02
7.020000e-06	-5.229686e-06	-1.759982e-09	-3.635664e+01	-1.100251e+02
7.030000e-06	-5.244964e-06	-1.758460e-09	-3.646286e+01	-1.100874e+02
7.040000e-06	-5.259728e-06	-1.755827e-09	-3.656550e+01	-1.101450e+02
7.050000e-06	-5.273872e-06	-1.752250e-09	-3.666382e+01	-1.101980e+02
7.060000e-06	-5.287560e-06	-1.749590e-09	-3.675898e+01	-1.102462e+02
7.070000e-06	-5.300744e-06	-1.748585e-09	-3.685064e+01	-1.102896e+02
7.080000e-06	-5.313436e-06	-1.749488e-09	-3.693887e+01	-1.103282e+02
7.090000e-06	-5.325712e-06	-1.749410e-09	-3.702421e+01	-1.103620e+02
7.100000e-06	-5.337619e-06	-1.746915e-09	-3.710699e+01	-1.103911e+02
7.110000e-06	-5.349127e-06	-1.743730e-09	-3.718699e+01	-1.104155e+02
7.120000e-06	-5.360202e-06	-1.739806e-09	-3.726399e+01	-1.104353e+02
7.130000e-06	-5.370920e-06	-1.736690e-09	-3.733850e+01	-1.104508e+02
7.140000e-06	-5.381293e-06	-1.735906e-09	-3.741061e+01	-1.104619e+02
7.150000e-06	-5.391321e-06	-1.736634e-09	-3.748033e+01	-1.104690e+02
7.160000e-06	-5.401015e-06	-1.738729e-09	-3.754772e+01	-1.104722e+02
7.170000e-06	-5.410280e-06	-1.738981e-09	-3.761213e+01	-1.104717e+02
7.180000e-06	-5.419131e-06	-1.736353e-09	-3.767366e+01	-1.104678e+02
7.190000e-06	-5.427700e-06	-1.733797e-09	-3.773323e+01	-1.104607e+02
7.200000e-06	-5.436046e-06	-1.732679e-09	-3.779126e+01	-1.104507e+02
7.210000e-06	-5.444174e-06	-1.731023e-09	-3.784776e+01	-1.104381e+02
7.220000e-06	-5.451957e-06	-1.728441e-09	-3.790187e+01	-1.104231e+02
7.230000e-06	-5.459276e-06	-1.728346e-09	-3.795274e+01	-1.104060e+02
7.240000e-06	-5.466081e-06	-1.728613e-09	-3.800006e+01	-1.103871e+02
7.250000e-06	-5.472328e-06	-1.726259e-09	-3.804349e+01	-1.103667e+02
7.260000e-06	-5.477994e-06	-1.722047e-09	-3.808287e+01	-1.103450e+02
7.270000e-06	-5.483142e-06	-1.718811e-09	-3.811867e+01	-1.103222e+02
7.280000e-06	-5.487875e-06	-1.716785e-09	-3.815157e+01	-1.102986e+02
7.290000e-06	-5.492276e-06	-1.714833e-09	-3.818216e+01	-1.102745e+02
7.300000e-06	-5.496404e-06	-1.712984e-09	-3.821086e+01	-1.102498e+02
7.310000e-06	-5.500198e-06	-1.709666e-09	-3.823724e+01	-1.102250e+02
7.320000e-06	-5.503656e-06	-1.705041e-09	-3.826128e+01	-1.101999e+02
7.330000e-06	-5.506771e-06	-1.703499e-09	-3.828293e+01	-1.101749e+02
7.340000e-06	-5.509520e-06	-1.704905e-09	-3.830204e+01	-1.101499e+02
7.350000e-06	-5.511951e-06	-1.705275e-09	-3.831894e+01	-1.101249e+02
7.360000e-06	-5.514080e-06	-1.703416e-09	-3.833374e+01	-1.101001e+02
7.370000e-06	-5.515827e-06	-1.700368e-09	-3.834589e+01	-1.100753e+02
7.380000e-06	-5.517036e-06	-1.698086e-09	-3.835429e+01	-1.100505e+02
7.390000e-06	-5.517909e-06	-1.696840e-09	-3.836036e+01	-1.100256e+02
7.400000e-06	-5.518555e-06	-1.694640e-09	-3.836485e+01	-1.100005e+02
