# Temperatura_=_6.45
# Concentracion g/m^3_=_1620.0
# C_Vs_to_Am_M_A/Vsm_=_65563218390.804596
# pendiente_HvsI_1/m_=_3716.3
# ordenada_HvsI_A/m_=_1297.0
# frecuencia_Hz_=_135109.27919797343

Tiempo_(s)	Campo_(V.s)	Magnetizacion_(V.s)	Campo_(kA/m)	Magnetizacion_(A/m)
0.000000e+00	-5.527090e-06	-1.599446e-09	-3.836513e+01	-1.045941e+02
1.000000e-08	-5.527333e-06	-1.597053e-09	-3.836682e+01	-1.045593e+02
2.000000e-08	-5.527312e-06	-1.598407e-09	-3.836667e+01	-1.045274e+02
3.000000e-08	-5.527053e-06	-1.602379e-09	-3.836487e+01	-1.044984e+02
4.000000e-08	-5.526475e-06	-1.605095e-09	-3.836086e+01	-1.044724e+02
5.000000e-08	-5.525395e-06	-1.602725e-09	-3.835336e+01	-1.044491e+02
6.000000e-08	-5.523693e-06	-1.592760e-09	-3.834155e+01	-1.044284e+02
7.000000e-08	-5.521382e-06	-1.585509e-09	-3.832551e+01	-1.044102e+02
8.000000e-08	-5.518539e-06	-1.612608e-09	-3.830577e+01	-1.043942e+02
9.000000e-08	-5.515176e-06	-1.640701e-09	-3.828243e+01	-1.043801e+02
1.000000e-07	-5.511347e-06	-1.608209e-09	-3.825585e+01	-1.043676e+02
1.100000e-07	-5.507125e-06	-1.570721e-09	-3.822654e+01	-1.043564e+02
1.200000e-07	-5.502603e-06	-1.590866e-09	-3.819516e+01	-1.043462e+02
1.300000e-07	-5.497867e-06	-1.595583e-09	-3.816228e+01	-1.043365e+02
1.400000e-07	-5.492883e-06	-1.602000e-09	-3.812769e+01	-1.043270e+02
1.500000e-07	-5.487449e-06	-1.583042e-09	-3.808997e+01	-1.043172e+02
1.600000e-07	-5.481549e-06	-1.615299e-09	-3.804902e+01	-1.043066e+02
1.700000e-07	-5.475309e-06	-1.622938e-09	-3.800570e+01	-1.042949e+02
1.800000e-07	-5.468747e-06	-1.573980e-09	-3.796015e+01	-1.042816e+02
1.900000e-07	-5.461846e-06	-1.566174e-09	-3.791225e+01	-1.042663e+02
2.000000e-07	-5.454557e-06	-1.583505e-09	-3.786166e+01	-1.042484e+02
2.100000e-07	-5.446958e-06	-1.624420e-09	-3.780891e+01	-1.042276e+02
2.200000e-07	-5.439142e-06	-1.623985e-09	-3.775465e+01	-1.042034e+02
2.300000e-07	-5.431032e-06	-1.628663e-09	-3.769836e+01	-1.041755e+02
2.400000e-07	-5.422545e-06	-1.620374e-09	-3.763945e+01	-1.041434e+02
2.500000e-07	-5.413460e-06	-1.616774e-09	-3.757639e+01	-1.041067e+02
2.600000e-07	-5.403607e-06	-1.595834e-09	-3.750800e+01	-1.040652e+02
2.700000e-07	-5.393132e-06	-1.607937e-09	-3.743529e+01	-1.040186e+02
2.800000e-07	-5.382119e-06	-1.616785e-09	-3.735884e+01	-1.039664e+02
2.900000e-07	-5.370713e-06	-1.621662e-09	-3.727967e+01	-1.039085e+02
3.000000e-07	-5.359000e-06	-1.601387e-09	-3.719837e+01	-1.038447e+02
3.100000e-07	-5.346847e-06	-1.589896e-09	-3.711401e+01	-1.037748e+02
3.200000e-07	-5.334275e-06	-1.589164e-09	-3.702674e+01	-1.036985e+02
3.300000e-07	-5.321294e-06	-1.592039e-09	-3.693664e+01	-1.036159e+02
3.400000e-07	-5.307912e-06	-1.578266e-09	-3.684375e+01	-1.035268e+02
3.500000e-07	-5.294231e-06	-1.568385e-09	-3.674879e+01	-1.034311e+02
3.600000e-07	-5.280222e-06	-1.597074e-09	-3.665155e+01	-1.033289e+02
3.700000e-07	-5.265772e-06	-1.600780e-09	-3.655124e+01	-1.032202e+02
3.800000e-07	-5.250746e-06	-1.562851e-09	-3.644694e+01	-1.031049e+02
3.900000e-07	-5.235126e-06	-1.555926e-09	-3.633853e+01	-1.029833e+02
4.000000e-07	-5.218987e-06	-1.587268e-09	-3.622650e+01	-1.028553e+02
4.100000e-07	-5.202348e-06	-1.554338e-09	-3.611100e+01	-1.027212e+02
4.200000e-07	-5.185358e-06	-1.535503e-09	-3.599307e+01	-1.025810e+02
4.300000e-07	-5.168129e-06	-1.582129e-09	-3.587348e+01	-1.024350e+02
4.400000e-07	-5.150551e-06	-1.587841e-09	-3.575146e+01	-1.022833e+02
4.500000e-07	-5.132579e-06	-1.529640e-09	-3.562671e+01	-1.021261e+02
4.600000e-07	-5.114225e-06	-1.560425e-09	-3.549932e+01	-1.019636e+02
4.700000e-07	-5.095477e-06	-1.590327e-09	-3.536918e+01	-1.017961e+02
4.800000e-07	-5.076343e-06	-1.539209e-09	-3.523636e+01	-1.016238e+02
4.900000e-07	-5.056915e-06	-1.533891e-09	-3.510151e+01	-1.014469e+02
5.000000e-07	-5.037282e-06	-1.582988e-09	-3.496523e+01	-1.012656e+02
5.100000e-07	-5.017398e-06	-1.526947e-09	-3.482721e+01	-1.010802e+02
5.200000e-07	-4.997251e-06	-1.492588e-09	-3.468736e+01	-1.008909e+02
5.300000e-07	-4.976843e-06	-1.560515e-09	-3.454571e+01	-1.006979e+02
5.400000e-07	-4.956103e-06	-1.559405e-09	-3.440174e+01	-1.005015e+02
5.500000e-07	-4.934964e-06	-1.496094e-09	-3.425501e+01	-1.003017e+02
5.600000e-07	-4.913460e-06	-1.539099e-09	-3.410575e+01	-1.000989e+02
5.700000e-07	-4.891670e-06	-1.563626e-09	-3.395449e+01	-9.989311e+01
5.800000e-07	-4.869492e-06	-1.499334e-09	-3.380055e+01	-9.968457e+01
5.900000e-07	-4.846948e-06	-1.503326e-09	-3.364407e+01	-9.947339e+01
6.000000e-07	-4.824101e-06	-1.542469e-09	-3.348548e+01	-9.925972e+01
6.100000e-07	-4.800876e-06	-1.495395e-09	-3.332427e+01	-9.904365e+01
6.200000e-07	-4.777396e-06	-1.477269e-09	-3.316129e+01	-9.882528e+01
6.300000e-07	-4.753706e-06	-1.519952e-09	-3.299685e+01	-9.860468e+01
6.400000e-07	-4.729743e-06	-1.499084e-09	-3.283051e+01	-9.838191e+01
6.500000e-07	-4.705487e-06	-1.473430e-09	-3.266215e+01	-9.815702e+01
6.600000e-07	-4.680854e-06	-1.502929e-09	-3.249116e+01	-9.793004e+01
6.700000e-07	-4.655781e-06	-1.498730e-09	-3.231712e+01	-9.770098e+01
6.800000e-07	-4.630136e-06	-1.468516e-09	-3.213911e+01	-9.746983e+01
6.900000e-07	-4.603950e-06	-1.484456e-09	-3.195735e+01	-9.723660e+01
7.000000e-07	-4.577286e-06	-1.483823e-09	-3.177227e+01	-9.700125e+01
7.100000e-07	-4.550154e-06	-1.457929e-09	-3.158394e+01	-9.676377e+01
7.200000e-07	-4.522668e-06	-1.464090e-09	-3.139315e+01	-9.652410e+01
7.300000e-07	-4.494911e-06	-1.475721e-09	-3.120047e+01	-9.628221e+01
7.400000e-07	-4.467014e-06	-1.454476e-09	-3.100684e+01	-9.603803e+01
7.500000e-07	-4.438965e-06	-1.452558e-09	-3.081214e+01	-9.579153e+01
7.600000e-07	-4.410631e-06	-1.457538e-09	-3.061546e+01	-9.554264e+01
7.700000e-07	-4.381998e-06	-1.444994e-09	-3.041672e+01	-9.529130e+01
7.800000e-07	-4.353080e-06	-1.437408e-09	-3.021599e+01	-9.503745e+01
7.900000e-07	-4.323865e-06	-1.444090e-09	-3.001320e+01	-9.478103e+01
8.000000e-07	-4.294338e-06	-1.431642e-09	-2.980824e+01	-9.452198e+01
8.100000e-07	-4.264498e-06	-1.419058e-09	-2.960111e+01	-9.426024e+01
8.200000e-07	-4.234353e-06	-1.419817e-09	-2.939187e+01	-9.399577e+01
8.300000e-07	-4.203963e-06	-1.414565e-09	-2.918093e+01	-9.372850e+01
8.400000e-07	-4.173307e-06	-1.400880e-09	-2.896813e+01	-9.345840e+01
8.500000e-07	-4.142289e-06	-1.404310e-09	-2.875283e+01	-9.318541e+01
8.600000e-07	-4.110972e-06	-1.410479e-09	-2.853545e+01	-9.290949e+01
8.700000e-07	-4.079435e-06	-1.403741e-09	-2.831654e+01	-9.263061e+01
8.800000e-07	-4.047727e-06	-1.398221e-09	-2.809644e+01	-9.234872e+01
8.900000e-07	-4.015861e-06	-1.397788e-09	-2.787525e+01	-9.206379e+01
9.000000e-07	-3.983817e-06	-1.383403e-09	-2.765283e+01	-9.177578e+01
9.100000e-07	-3.951563e-06	-1.368590e-09	-2.742894e+01	-9.148467e+01
9.200000e-07	-3.918954e-06	-1.367748e-09	-2.720260e+01	-9.119041e+01
9.300000e-07	-3.885979e-06	-1.362744e-09	-2.697370e+01	-9.089298e+01
9.400000e-07	-3.852564e-06	-1.354497e-09	-2.674176e+01	-9.059232e+01
9.500000e-07	-3.818688e-06	-1.356704e-09	-2.650662e+01	-9.028841e+01
9.600000e-07	-3.784447e-06	-1.356388e-09	-2.626894e+01	-8.998119e+01
9.700000e-07	-3.749724e-06	-1.340841e-09	-2.602792e+01	-8.967062e+01
9.800000e-07	-3.714568e-06	-1.330901e-09	-2.578389e+01	-8.935663e+01
9.900000e-07	-3.679153e-06	-1.326294e-09	-2.553807e+01	-8.903916e+01
1.000000e-06	-3.643544e-06	-1.316312e-09	-2.529089e+01	-8.871815e+01
1.010000e-06	-3.607821e-06	-1.306334e-09	-2.504293e+01	-8.839350e+01
1.020000e-06	-3.572049e-06	-1.305317e-09	-2.479463e+01	-8.806514e+01
1.030000e-06	-3.536153e-06	-1.299375e-09	-2.454546e+01	-8.773296e+01
1.040000e-06	-3.500045e-06	-1.292398e-09	-2.429482e+01	-8.739685e+01
1.050000e-06	-3.463661e-06	-1.291223e-09	-2.404227e+01	-8.705670e+01
1.060000e-06	-3.426981e-06	-1.289910e-09	-2.378767e+01	-8.671238e+01
1.070000e-06	-3.390029e-06	-1.279531e-09	-2.353117e+01	-8.636375e+01
1.080000e-06	-3.352826e-06	-1.270055e-09	-2.327293e+01	-8.601067e+01
1.090000e-06	-3.315365e-06	-1.261195e-09	-2.301291e+01	-8.565298e+01
1.100000e-06	-3.277657e-06	-1.249670e-09	-2.275116e+01	-8.529053e+01
1.110000e-06	-3.239774e-06	-1.239478e-09	-2.248821e+01	-8.492314e+01
1.120000e-06	-3.201638e-06	-1.233310e-09	-2.222350e+01	-8.455065e+01
1.130000e-06	-3.163265e-06	-1.223291e-09	-2.195714e+01	-8.417287e+01
1.140000e-06	-3.124677e-06	-1.213348e-09	-2.168929e+01	-8.378963e+01
1.150000e-06	-3.085763e-06	-1.210671e-09	-2.141917e+01	-8.340075e+01
1.160000e-06	-3.046602e-06	-1.211174e-09	-2.114734e+01	-8.300604e+01
1.170000e-06	-3.007253e-06	-1.207809e-09	-2.087421e+01	-8.260534e+01
1.180000e-06	-2.967777e-06	-1.202071e-09	-2.060020e+01	-8.219845e+01
1.190000e-06	-2.928239e-06	-1.193824e-09	-2.032575e+01	-8.178522e+01
1.200000e-06	-2.888600e-06	-1.182202e-09	-2.005061e+01	-8.136547e+01
1.210000e-06	-2.848822e-06	-1.170383e-09	-1.977450e+01	-8.093906e+01
1.220000e-06	-2.808902e-06	-1.160797e-09	-1.949740e+01	-8.050583e+01
1.230000e-06	-2.768850e-06	-1.153425e-09	-1.921939e+01	-8.006565e+01
1.240000e-06	-2.728583e-06	-1.147155e-09	-1.893989e+01	-7.961839e+01
1.250000e-06	-2.688079e-06	-1.143422e-09	-1.865874e+01	-7.916394e+01
1.260000e-06	-2.647351e-06	-1.140539e-09	-1.837603e+01	-7.870221e+01
1.270000e-06	-2.606320e-06	-1.136493e-09	-1.809122e+01	-7.823309e+01
1.280000e-06	-2.565022e-06	-1.128573e-09	-1.780456e+01	-7.775652e+01
1.290000e-06	-2.523490e-06	-1.119539e-09	-1.751627e+01	-7.727244e+01
1.300000e-06	-2.481667e-06	-1.112628e-09	-1.722597e+01	-7.678079e+01
1.310000e-06	-2.439532e-06	-1.105415e-09	-1.693349e+01	-7.628154e+01
1.320000e-06	-2.397126e-06	-1.096158e-09	-1.663915e+01	-7.577465e+01
1.330000e-06	-2.354454e-06	-1.088069e-09	-1.634295e+01	-7.526012e+01
1.340000e-06	-2.311504e-06	-1.080617e-09	-1.604482e+01	-7.473792e+01
1.350000e-06	-2.268307e-06	-1.075097e-09	-1.574498e+01	-7.420805e+01
1.360000e-06	-2.224854e-06	-1.071408e-09	-1.544336e+01	-7.367050e+01
1.370000e-06	-2.181280e-06	-1.068745e-09	-1.514089e+01	-7.312526e+01
1.380000e-06	-2.137654e-06	-1.060884e-09	-1.483808e+01	-7.257231e+01
1.390000e-06	-2.093913e-06	-1.046907e-09	-1.453446e+01	-7.201164e+01
1.400000e-06	-2.050094e-06	-1.030050e-09	-1.423029e+01	-7.144321e+01
1.410000e-06	-2.006198e-06	-1.014188e-09	-1.392560e+01	-7.086697e+01
1.420000e-06	-1.962216e-06	-1.000027e-09	-1.362031e+01	-7.028285e+01
1.430000e-06	-1.918115e-06	-9.892294e-10	-1.331419e+01	-6.969077e+01
1.440000e-06	-1.873942e-06	-9.808942e-10	-1.300757e+01	-6.909059e+01
1.450000e-06	-1.829768e-06	-9.734937e-10	-1.270095e+01	-6.848218e+01
1.460000e-06	-1.785481e-06	-9.666631e-10	-1.239354e+01	-6.786533e+01
1.470000e-06	-1.741063e-06	-9.592560e-10	-1.208522e+01	-6.723983e+01
1.480000e-06	-1.696509e-06	-9.483447e-10	-1.177596e+01	-6.660540e+01
1.490000e-06	-1.651762e-06	-9.349243e-10	-1.146536e+01	-6.596172e+01
1.500000e-06	-1.606910e-06	-9.199782e-10	-1.115403e+01	-6.530842e+01
1.510000e-06	-1.561951e-06	-9.034446e-10	-1.084195e+01	-6.464507e+01
1.520000e-06	-1.516859e-06	-8.879285e-10	-1.052896e+01	-6.397118e+01
1.530000e-06	-1.471574e-06	-8.758822e-10	-1.021462e+01	-6.328623e+01
1.540000e-06	-1.426136e-06	-8.679889e-10	-9.899219e+00	-6.258960e+01
1.550000e-06	-1.380641e-06	-8.624298e-10	-9.583427e+00	-6.188063e+01
1.560000e-06	-1.335105e-06	-8.546165e-10	-9.267349e+00	-6.115860e+01
1.570000e-06	-1.289472e-06	-8.412929e-10	-8.950595e+00	-6.042271e+01
1.580000e-06	-1.243714e-06	-8.257248e-10	-8.632981e+00	-5.967211e+01
1.590000e-06	-1.197925e-06	-8.095885e-10	-8.315145e+00	-5.890590e+01
1.600000e-06	-1.152062e-06	-7.928770e-10	-7.996795e+00	-5.812310e+01
1.610000e-06	-1.106105e-06	-7.747636e-10	-7.677795e+00	-5.732269e+01
1.620000e-06	-1.060069e-06	-7.575817e-10	-7.358243e+00	-5.650360e+01
1.630000e-06	-1.013936e-06	-7.430446e-10	-7.038020e+00	-5.566469e+01
1.640000e-06	-9.676943e-07	-7.309931e-10	-6.717046e+00	-5.480481e+01
1.650000e-06	-9.213827e-07	-7.193229e-10	-6.395583e+00	-5.392276e+01
1.660000e-06	-8.750510e-07	-7.076354e-10	-6.073982e+00	-5.301729e+01
1.670000e-06	-8.287355e-07	-6.956608e-10	-5.752493e+00	-5.208717e+01
1.680000e-06	-7.824694e-07	-6.813146e-10	-5.431346e+00	-5.113113e+01
1.690000e-06	-7.360645e-07	-6.625563e-10	-5.109237e+00	-5.014788e+01
1.700000e-06	-6.895355e-07	-6.424776e-10	-4.786265e+00	-4.913615e+01
1.710000e-06	-6.430183e-07	-6.222869e-10	-4.463376e+00	-4.809470e+01
1.720000e-06	-5.964647e-07	-6.004210e-10	-4.140234e+00	-4.702228e+01
1.730000e-06	-5.498170e-07	-5.792054e-10	-3.816438e+00	-4.591768e+01
1.740000e-06	-5.030663e-07	-5.625871e-10	-3.491929e+00	-4.477975e+01
1.750000e-06	-4.563380e-07	-5.490768e-10	-3.167574e+00	-4.360736e+01
1.760000e-06	-4.095975e-07	-5.344276e-10	-2.843135e+00	-4.239948e+01
1.770000e-06	-3.626627e-07	-5.174222e-10	-2.517347e+00	-4.115513e+01
1.780000e-06	-3.156450e-07	-4.990227e-10	-2.190983e+00	-3.987343e+01
1.790000e-06	-2.687297e-07	-4.795530e-10	-1.865330e+00	-3.855357e+01
1.800000e-06	-2.218448e-07	-4.591553e-10	-1.539889e+00	-3.719486e+01
1.810000e-06	-1.749567e-07	-4.392349e-10	-1.214425e+00	-3.579674e+01
1.820000e-06	-1.280740e-07	-4.205343e-10	-8.889985e-01	-3.435875e+01
1.830000e-06	-8.124444e-08	-4.029784e-10	-5.639411e-01	-3.288056e+01
1.840000e-06	-3.439064e-08	-3.850121e-10	-2.387153e-01	-3.136199e+01
1.850000e-06	1.249470e-08	-3.654764e-10	8.672935e-02	-2.980300e+01
1.860000e-06	5.936878e-08	-3.453268e-10	4.120958e-01	-2.820371e+01
1.870000e-06	1.061946e-07	-3.250776e-10	7.371277e-01	-2.656439e+01
1.880000e-06	1.530015e-07	-3.038233e-10	1.062027e+00	-2.488547e+01
1.890000e-06	1.999255e-07	-2.797547e-10	1.387741e+00	-2.316755e+01
1.900000e-06	2.467734e-07	-2.534844e-10	1.712925e+00	-2.141139e+01
1.910000e-06	2.935093e-07	-2.278302e-10	2.037333e+00	-1.961792e+01
1.920000e-06	3.403129e-07	-2.021517e-10	2.362211e+00	-1.778825e+01
1.930000e-06	3.871375e-07	-1.756454e-10	2.687233e+00	-1.592364e+01
1.940000e-06	4.338295e-07	-1.502284e-10	3.011336e+00	-1.402551e+01
1.950000e-06	4.804276e-07	-1.276555e-10	3.334787e+00	-1.209546e+01
1.960000e-06	5.269950e-07	-1.043996e-10	3.658024e+00	-1.013523e+01
1.970000e-06	5.735389e-07	-7.901959e-11	3.981099e+00	-8.146705e+00
1.980000e-06	6.200849e-07	-5.259206e-11	4.304189e+00	-6.131927e+00
1.990000e-06	6.665666e-07	-2.476262e-11	4.626832e+00	-4.093061e+00
2.000000e-06	7.130341e-07	5.156925e-12	4.949376e+00	-2.032397e+00
2.010000e-06	7.594747e-07	3.654663e-11	5.271734e+00	4.765797e-02
2.020000e-06	8.058261e-07	6.870835e-11	5.593472e+00	2.144597e+00
2.030000e-06	8.520916e-07	1.026176e-10	5.914614e+00	4.255823e+00
2.040000e-06	8.983307e-07	1.355237e-10	6.235573e+00	6.378657e+00
2.050000e-06	9.445692e-07	1.653732e-10	6.556528e+00	8.510360e+00
2.060000e-06	9.906790e-07	1.933371e-10	6.876590e+00	1.064814e+01
2.070000e-06	1.036703e-06	2.199803e-10	7.196057e+00	1.278917e+01
2.080000e-06	1.082676e-06	2.474091e-10	7.515167e+00	1.493059e+01
2.090000e-06	1.128594e-06	2.768077e-10	7.833896e+00	1.706956e+01
2.100000e-06	1.174474e-06	3.090997e-10	8.152366e+00	1.920321e+01
2.110000e-06	1.220278e-06	3.428840e-10	8.470302e+00	2.132874e+01
2.120000e-06	1.265973e-06	3.749209e-10	8.787484e+00	2.344333e+01
2.130000e-06	1.311575e-06	4.053915e-10	9.104019e+00	2.554426e+01
2.140000e-06	1.357111e-06	4.342369e-10	9.420101e+00	2.762886e+01
2.150000e-06	1.402576e-06	4.592032e-10	9.735684e+00	2.969453e+01
2.160000e-06	1.447912e-06	4.824947e-10	1.005038e+01	3.173877e+01
2.170000e-06	1.493127e-06	5.063677e-10	1.036423e+01	3.375919e+01
2.180000e-06	1.538288e-06	5.317855e-10	1.067770e+01	3.575351e+01
2.190000e-06	1.583262e-06	5.617373e-10	1.098988e+01	3.771956e+01
2.200000e-06	1.628054e-06	5.931423e-10	1.130079e+01	3.965535e+01
2.210000e-06	1.672721e-06	6.232688e-10	1.161084e+01	4.155899e+01
2.220000e-06	1.717210e-06	6.526255e-10	1.191965e+01	4.342876e+01
2.230000e-06	1.761566e-06	6.794184e-10	1.222754e+01	4.526310e+01
2.240000e-06	1.805842e-06	7.026556e-10	1.253487e+01	4.706062e+01
2.250000e-06	1.850036e-06	7.225536e-10	1.284163e+01	4.882008e+01
2.260000e-06	1.894119e-06	7.400697e-10	1.314763e+01	5.054042e+01
2.270000e-06	1.938120e-06	7.594233e-10	1.345305e+01	5.222075e+01
2.280000e-06	1.982098e-06	7.807509e-10	1.375832e+01	5.386035e+01
2.290000e-06	2.026015e-06	8.018037e-10	1.406315e+01	5.545868e+01
2.300000e-06	2.069834e-06	8.225112e-10	1.436732e+01	5.701535e+01
2.310000e-06	2.113570e-06	8.455940e-10	1.467090e+01	5.853015e+01
2.320000e-06	2.157215e-06	8.692375e-10	1.497385e+01	6.000303e+01
2.330000e-06	2.200753e-06	8.917242e-10	1.527606e+01	6.143407e+01
2.340000e-06	2.244188e-06	9.133449e-10	1.557756e+01	6.282354e+01
2.350000e-06	2.287453e-06	9.311791e-10	1.587788e+01	6.417180e+01
2.360000e-06	2.330473e-06	9.452605e-10	1.617649e+01	6.547939e+01
2.370000e-06	2.373243e-06	9.581122e-10	1.647337e+01	6.674695e+01
2.380000e-06	2.415756e-06	9.725198e-10	1.676846e+01	6.797522e+01
2.390000e-06	2.458046e-06	9.900664e-10	1.706201e+01	6.916506e+01
2.400000e-06	2.500061e-06	1.009470e-09	1.735365e+01	7.031741e+01
2.410000e-06	2.541712e-06	1.029756e-09	1.764276e+01	7.143331e+01
2.420000e-06	2.583060e-06	1.048412e-09	1.792977e+01	7.251384e+01
2.430000e-06	2.624234e-06	1.062149e-09	1.821557e+01	7.356017e+01
2.440000e-06	2.665098e-06	1.072744e-09	1.849922e+01	7.457347e+01
2.450000e-06	2.705605e-06	1.082140e-09	1.878039e+01	7.555500e+01
2.460000e-06	2.745909e-06	1.094407e-09	1.906015e+01	7.650599e+01
2.470000e-06	2.786018e-06	1.108792e-09	1.933855e+01	7.742771e+01
2.480000e-06	2.826021e-06	1.121669e-09	1.961623e+01	7.832143e+01
2.490000e-06	2.865935e-06	1.135215e-09	1.989329e+01	7.918841e+01
2.500000e-06	2.905713e-06	1.149364e-09	2.016939e+01	8.002987e+01
2.510000e-06	2.945337e-06	1.164204e-09	2.044444e+01	8.084704e+01
2.520000e-06	2.984753e-06	1.179416e-09	2.071803e+01	8.164107e+01
2.530000e-06	3.023989e-06	1.190015e-09	2.099038e+01	8.241309e+01
2.540000e-06	3.062938e-06	1.197849e-09	2.126074e+01	8.316419e+01
2.550000e-06	3.101602e-06	1.205572e-09	2.152912e+01	8.389538e+01
2.560000e-06	3.140171e-06	1.212175e-09	2.179684e+01	8.460763e+01
2.570000e-06	3.178560e-06	1.217355e-09	2.206330e+01	8.530181e+01
2.580000e-06	3.216704e-06	1.223468e-09	2.232807e+01	8.597876e+01
2.590000e-06	3.254665e-06	1.231463e-09	2.259157e+01	8.663923e+01
2.600000e-06	3.292416e-06	1.240862e-09	2.285361e+01	8.728389e+01
2.610000e-06	3.329955e-06	1.252906e-09	2.311418e+01	8.791336e+01
2.620000e-06	3.367222e-06	1.266628e-09	2.337286e+01	8.852817e+01
2.630000e-06	3.404236e-06	1.278599e-09	2.362979e+01	8.912877e+01
2.640000e-06	3.441055e-06	1.286806e-09	2.388536e+01	8.971557e+01
2.650000e-06	3.477556e-06	1.293630e-09	2.413872e+01	9.028889e+01
2.660000e-06	3.513842e-06	1.299762e-09	2.439059e+01	9.084900e+01
2.670000e-06	3.550005e-06	1.304831e-09	2.464161e+01	9.139609e+01
2.680000e-06	3.585959e-06	1.310335e-09	2.489118e+01	9.193033e+01
2.690000e-06	3.621741e-06	1.317532e-09	2.513955e+01	9.245181e+01
2.700000e-06	3.657417e-06	1.326963e-09	2.538719e+01	9.296059e+01
2.710000e-06	3.692945e-06	1.335629e-09	2.563380e+01	9.345671e+01
2.720000e-06	3.728251e-06	1.340958e-09	2.587887e+01	9.394013e+01
2.730000e-06	3.763193e-06	1.345174e-09	2.612141e+01	9.441085e+01
2.740000e-06	3.797678e-06	1.348995e-09	2.636078e+01	9.486879e+01
2.750000e-06	3.831762e-06	1.352591e-09	2.659737e+01	9.531390e+01
2.760000e-06	3.865522e-06	1.356291e-09	2.683170e+01	9.574610e+01
2.770000e-06	3.898815e-06	1.362298e-09	2.706280e+01	9.616533e+01
2.780000e-06	3.931595e-06	1.370119e-09	2.729034e+01	9.657152e+01
2.790000e-06	3.964064e-06	1.376586e-09	2.751572e+01	9.696462e+01
2.800000e-06	3.996293e-06	1.383349e-09	2.773942e+01	9.734458e+01
2.810000e-06	4.028315e-06	1.391246e-09	2.796170e+01	9.771140e+01
2.820000e-06	4.060152e-06	1.398816e-09	2.818269e+01	9.806508e+01
2.830000e-06	4.091827e-06	1.405767e-09	2.840256e+01	9.840567e+01
2.840000e-06	4.123318e-06	1.412898e-09	2.862114e+01	9.873323e+01
2.850000e-06	4.154517e-06	1.419361e-09	2.883770e+01	9.904788e+01
2.860000e-06	4.185388e-06	1.423517e-09	2.905199e+01	9.934975e+01
2.870000e-06	4.215905e-06	1.427687e-09	2.926381e+01	9.963903e+01
2.880000e-06	4.246044e-06	1.431973e-09	2.947302e+01	9.991594e+01
2.890000e-06	4.275941e-06	1.434485e-09	2.968054e+01	1.001807e+02
2.900000e-06	4.305630e-06	1.437707e-09	2.988662e+01	1.004337e+02
2.910000e-06	4.335052e-06	1.443719e-09	3.009085e+01	1.006753e+02
2.920000e-06	4.364171e-06	1.450130e-09	3.029297e+01	1.009057e+02
2.930000e-06	4.392968e-06	1.457316e-09	3.049286e+01	1.011254e+02
2.940000e-06	4.421444e-06	1.465384e-09	3.069052e+01	1.013348e+02
2.950000e-06	4.449615e-06	1.470744e-09	3.088606e+01	1.015345e+02
2.960000e-06	4.477620e-06	1.473175e-09	3.108045e+01	1.017248e+02
2.970000e-06	4.505515e-06	1.475213e-09	3.127408e+01	1.019063e+02
2.980000e-06	4.533216e-06	1.478144e-09	3.146637e+01	1.020795e+02
2.990000e-06	4.560622e-06	1.481607e-09	3.165660e+01	1.022449e+02
3.000000e-06	4.587643e-06	1.485143e-09	3.184416e+01	1.024031e+02
3.010000e-06	4.614257e-06	1.488922e-09	3.202889e+01	1.025546e+02
3.020000e-06	4.640288e-06	1.494832e-09	3.220958e+01	1.027000e+02
3.030000e-06	4.665691e-06	1.500902e-09	3.238591e+01	1.028397e+02
3.040000e-06	4.690645e-06	1.504282e-09	3.255913e+01	1.029742e+02
3.050000e-06	4.715241e-06	1.506604e-09	3.272985e+01	1.031041e+02
3.060000e-06	4.739468e-06	1.509112e-09	3.289802e+01	1.032299e+02
3.070000e-06	4.763359e-06	1.511620e-09	3.306385e+01	1.033519e+02
3.080000e-06	4.786993e-06	1.514816e-09	3.322790e+01	1.034706e+02
3.090000e-06	4.810385e-06	1.517325e-09	3.339027e+01	1.035863e+02
3.100000e-06	4.833428e-06	1.518350e-09	3.355022e+01	1.036995e+02
3.110000e-06	4.856109e-06	1.520019e-09	3.370766e+01	1.038103e+02
3.120000e-06	4.878477e-06	1.523382e-09	3.386292e+01	1.039191e+02
3.130000e-06	4.900536e-06	1.526792e-09	3.401604e+01	1.040260e+02
3.140000e-06	4.922331e-06	1.528123e-09	3.416732e+01	1.041312e+02
3.150000e-06	4.943754e-06	1.528379e-09	3.431603e+01	1.042349e+02
3.160000e-06	4.964797e-06	1.529295e-09	3.446209e+01	1.043372e+02
3.170000e-06	4.985462e-06	1.528688e-09	3.460553e+01	1.044380e+02
3.180000e-06	5.005790e-06	1.527425e-09	3.474664e+01	1.045373e+02
3.190000e-06	5.025866e-06	1.527228e-09	3.488599e+01	1.046352e+02
3.200000e-06	5.045783e-06	1.527291e-09	3.502424e+01	1.047314e+02
3.210000e-06	5.065542e-06	1.528160e-09	3.516139e+01	1.048259e+02
3.220000e-06	5.084913e-06	1.530393e-09	3.529585e+01	1.049186e+02
3.230000e-06	5.103883e-06	1.534333e-09	3.542753e+01	1.050092e+02
3.240000e-06	5.122412e-06	1.539655e-09	3.555614e+01	1.050974e+02
3.250000e-06	5.140467e-06	1.545249e-09	3.568147e+01	1.051832e+02
3.260000e-06	5.158095e-06	1.549330e-09	3.580383e+01	1.052661e+02
3.270000e-06	5.175333e-06	1.551305e-09	3.592348e+01	1.053460e+02
3.280000e-06	5.192286e-06	1.551206e-09	3.604116e+01	1.054224e+02
3.290000e-06	5.208973e-06	1.549752e-09	3.615699e+01	1.054953e+02
3.300000e-06	5.225274e-06	1.549338e-09	3.627014e+01	1.055642e+02
3.310000e-06	5.241164e-06	1.551398e-09	3.638044e+01	1.056288e+02
3.320000e-06	5.256591e-06	1.556913e-09	3.648752e+01	1.056890e+02
3.330000e-06	5.271508e-06	1.564448e-09	3.659106e+01	1.057443e+02
3.340000e-06	5.286030e-06	1.571009e-09	3.669186e+01	1.057947e+02
3.350000e-06	5.300213e-06	1.574584e-09	3.679031e+01	1.058398e+02
3.360000e-06	5.314031e-06	1.574903e-09	3.688623e+01	1.058796e+02
3.370000e-06	5.327478e-06	1.574261e-09	3.697956e+01	1.059137e+02
3.380000e-06	5.340576e-06	1.574075e-09	3.707048e+01	1.059421e+02
3.390000e-06	5.353285e-06	1.575337e-09	3.715870e+01	1.059647e+02
3.400000e-06	5.365596e-06	1.576871e-09	3.724416e+01	1.059815e+02
3.410000e-06	5.377544e-06	1.579465e-09	3.732708e+01	1.059923e+02
3.420000e-06	5.389122e-06	1.583965e-09	3.740745e+01	1.059973e+02
3.430000e-06	5.400209e-06	1.589196e-09	3.748441e+01	1.059965e+02
3.440000e-06	5.410727e-06	1.594721e-09	3.755742e+01	1.059900e+02
3.450000e-06	5.420675e-06	1.598399e-09	3.762647e+01	1.059779e+02
3.460000e-06	5.429991e-06	1.601059e-09	3.769113e+01	1.059605e+02
3.470000e-06	5.438715e-06	1.602481e-09	3.775169e+01	1.059379e+02
3.480000e-06	5.447047e-06	1.601241e-09	3.780953e+01	1.059104e+02
3.490000e-06	5.455123e-06	1.599531e-09	3.786558e+01	1.058784e+02
3.500000e-06	5.462949e-06	1.598016e-09	3.791991e+01	1.058422e+02
3.510000e-06	5.470511e-06	1.598217e-09	3.797240e+01	1.058020e+02
3.520000e-06	5.477675e-06	1.601531e-09	3.802213e+01	1.057583e+02
3.530000e-06	5.484407e-06	1.606494e-09	3.806886e+01	1.057115e+02
3.540000e-06	5.490784e-06	1.610683e-09	3.811312e+01	1.056621e+02
3.550000e-06	5.496756e-06	1.613799e-09	3.815457e+01	1.056103e+02
3.560000e-06	5.502309e-06	1.616282e-09	3.819312e+01	1.055568e+02
3.570000e-06	5.507474e-06	1.616909e-09	3.822897e+01	1.055019e+02
3.580000e-06	5.512296e-06	1.616023e-09	3.826244e+01	1.054462e+02
3.590000e-06	5.516727e-06	1.615210e-09	3.829320e+01	1.053899e+02
3.600000e-06	5.520846e-06	1.615191e-09	3.832179e+01	1.053336e+02
3.610000e-06	5.524767e-06	1.616592e-09	3.834900e+01	1.052777e+02
3.620000e-06	5.528463e-06	1.620014e-09	3.837466e+01	1.052225e+02
3.630000e-06	5.531817e-06	1.623869e-09	3.839794e+01	1.051686e+02
3.640000e-06	5.534670e-06	1.626663e-09	3.841775e+01	1.051161e+02
3.650000e-06	5.537000e-06	1.630201e-09	3.843392e+01	1.050654e+02
3.660000e-06	5.538812e-06	1.634132e-09	3.844649e+01	1.050168e+02
3.670000e-06	5.539966e-06	1.635000e-09	3.845451e+01	1.049706e+02
3.680000e-06	5.540554e-06	1.633397e-09	3.845858e+01	1.049270e+02
3.690000e-06	5.540758e-06	1.633502e-09	3.846000e+01	1.048860e+02
3.700000e-06	5.540699e-06	1.633728e-09	3.845959e+01	1.048479e+02
3.710000e-06	5.540395e-06	1.633198e-09	3.845748e+01	1.048128e+02
3.720000e-06	5.539796e-06	1.635118e-09	3.845333e+01	1.047806e+02
3.730000e-06	5.538882e-06	1.637265e-09	3.844698e+01	1.047513e+02
3.740000e-06	5.537521e-06	1.640298e-09	3.843754e+01	1.047249e+02
3.750000e-06	5.535763e-06	1.649140e-09	3.842533e+01	1.047013e+02
3.760000e-06	5.533714e-06	1.660921e-09	3.841111e+01	1.046804e+02
3.770000e-06	5.531329e-06	1.639393e-09	3.839455e+01	1.046618e+02
3.780000e-06	5.528550e-06	1.576401e-09	3.837526e+01	1.046456e+02
3.790000e-06	5.525338e-06	1.577050e-09	3.835297e+01	1.046312e+02
3.800000e-06	5.521655e-06	1.628761e-09	3.832740e+01	1.046186e+02
3.810000e-06	5.517633e-06	1.618741e-09	3.829949e+01	1.046072e+02
3.820000e-06	5.513505e-06	1.624020e-09	3.827083e+01	1.045969e+02
3.830000e-06	5.509175e-06	1.613145e-09	3.824078e+01	1.045871e+02
3.840000e-06	5.504296e-06	1.613144e-09	3.820691e+01	1.045774e+02
3.850000e-06	5.498785e-06	1.600959e-09	3.816866e+01	1.045676e+02
3.860000e-06	5.492849e-06	1.535103e-09	3.812745e+01	1.045570e+02
3.870000e-06	5.486602e-06	1.595011e-09	3.808409e+01	1.045454e+02
3.880000e-06	5.479893e-06	1.664303e-09	3.803752e+01	1.045321e+02
3.890000e-06	5.472623e-06	1.643568e-09	3.798706e+01	1.045169e+02
3.900000e-06	5.464874e-06	1.546078e-09	3.793327e+01	1.044991e+02
3.910000e-06	5.456782e-06	1.553831e-09	3.787710e+01	1.044785e+02
3.920000e-06	5.448336e-06	1.611586e-09	3.781847e+01	1.044545e+02
3.930000e-06	5.439512e-06	1.593694e-09	3.775723e+01	1.044269e+02
3.940000e-06	5.430367e-06	1.578997e-09	3.769375e+01	1.043950e+02
3.950000e-06	5.420924e-06	1.619175e-09	3.762820e+01	1.043587e+02
3.960000e-06	5.411086e-06	1.633097e-09	3.755991e+01	1.043175e+02
3.970000e-06	5.400797e-06	1.557053e-09	3.748849e+01	1.042712e+02
3.980000e-06	5.390203e-06	1.549413e-09	3.741496e+01	1.042195e+02
3.990000e-06	5.379302e-06	1.593517e-09	3.733929e+01	1.041620e+02
4.000000e-06	5.367907e-06	1.594526e-09	3.726020e+01	1.040986e+02
4.010000e-06	5.356091e-06	1.546172e-09	3.717818e+01	1.040291e+02
4.020000e-06	5.343899e-06	1.554162e-09	3.709355e+01	1.039533e+02
4.030000e-06	5.331133e-06	1.583994e-09	3.700494e+01	1.038711e+02
4.040000e-06	5.317840e-06	1.591033e-09	3.691266e+01	1.037824e+02
4.050000e-06	5.304085e-06	1.548306e-09	3.681719e+01	1.036872e+02
4.060000e-06	5.289859e-06	1.531004e-09	3.671844e+01	1.035855e+02
4.070000e-06	5.275163e-06	1.569111e-09	3.661643e+01	1.034772e+02
4.080000e-06	5.259941e-06	1.609262e-09	3.651077e+01	1.033624e+02
4.090000e-06	5.244229e-06	1.562704e-09	3.640171e+01	1.032412e+02
4.100000e-06	5.228114e-06	1.528452e-09	3.628985e+01	1.031137e+02
4.110000e-06	5.211674e-06	1.580241e-09	3.617573e+01	1.029800e+02
4.120000e-06	5.194957e-06	1.577891e-09	3.605970e+01	1.028403e+02
4.130000e-06	5.177862e-06	1.511570e-09	3.594104e+01	1.026946e+02
4.140000e-06	5.160395e-06	1.553176e-09	3.581980e+01	1.025433e+02
4.150000e-06	5.142671e-06	1.616147e-09	3.569677e+01	1.023865e+02
4.160000e-06	5.124653e-06	1.536365e-09	3.557170e+01	1.022243e+02
4.170000e-06	5.106299e-06	1.522792e-09	3.544430e+01	1.020572e+02
4.180000e-06	5.087583e-06	1.617948e-09	3.531438e+01	1.018852e+02
4.190000e-06	5.068435e-06	1.573631e-09	3.518147e+01	1.017086e+02
4.200000e-06	5.048902e-06	1.487507e-09	3.504589e+01	1.015276e+02
4.210000e-06	5.029139e-06	1.578055e-09	3.490871e+01	1.013424e+02
4.220000e-06	5.009188e-06	1.586572e-09	3.477022e+01	1.011534e+02
4.230000e-06	4.988966e-06	1.485216e-09	3.462986e+01	1.009606e+02
4.240000e-06	4.968470e-06	1.551586e-09	3.448759e+01	1.007643e+02
4.250000e-06	4.947638e-06	1.620206e-09	3.434298e+01	1.005648e+02
4.260000e-06	4.926235e-06	1.496949e-09	3.419442e+01	1.003621e+02
4.270000e-06	4.904206e-06	1.502975e-09	3.404151e+01	1.001565e+02
4.280000e-06	4.881662e-06	1.610451e-09	3.388503e+01	9.994807e+01
4.290000e-06	4.858654e-06	1.529750e-09	3.372532e+01	9.973703e+01
4.300000e-06	4.835226e-06	1.466954e-09	3.356270e+01	9.952347e+01
4.310000e-06	4.811447e-06	1.567478e-09	3.339764e+01	9.930752e+01
4.320000e-06	4.787387e-06	1.547461e-09	3.323064e+01	9.908925e+01
4.330000e-06	4.763126e-06	1.481359e-09	3.306224e+01	9.886875e+01
4.340000e-06	4.738623e-06	1.551747e-09	3.289215e+01	9.864609e+01
4.350000e-06	4.713755e-06	1.559360e-09	3.271953e+01	9.842129e+01
4.360000e-06	4.688509e-06	1.487331e-09	3.254429e+01	9.819440e+01
4.370000e-06	4.662941e-06	1.522802e-09	3.236682e+01	9.796542e+01
4.380000e-06	4.637074e-06	1.547776e-09	3.218727e+01	9.773437e+01
4.390000e-06	4.610853e-06	1.494891e-09	3.200527e+01	9.750123e+01
4.400000e-06	4.584274e-06	1.504175e-09	3.182077e+01	9.726598e+01
4.410000e-06	4.557441e-06	1.524295e-09	3.163452e+01	9.702859e+01
4.420000e-06	4.530278e-06	1.481395e-09	3.144597e+01	9.678902e+01
4.430000e-06	4.502772e-06	1.480329e-09	3.125504e+01	9.654723e+01
4.440000e-06	4.475063e-06	1.508474e-09	3.106271e+01	9.630317e+01
4.450000e-06	4.447191e-06	1.488205e-09	3.086924e+01	9.605678e+01
4.460000e-06	4.419144e-06	1.478376e-09	3.067456e+01	9.580801e+01
4.470000e-06	4.390891e-06	1.497917e-09	3.047844e+01	9.555679e+01
4.480000e-06	4.362389e-06	1.494204e-09	3.028060e+01	9.530307e+01
4.490000e-06	4.333499e-06	1.478342e-09	3.008007e+01	9.504678e+01
4.500000e-06	4.304127e-06	1.481919e-09	2.987619e+01	9.478787e+01
4.510000e-06	4.274303e-06	1.471976e-09	2.966917e+01	9.452628e+01
4.520000e-06	4.243937e-06	1.455454e-09	2.945839e+01	9.426196e+01
4.530000e-06	4.213037e-06	1.459605e-09	2.924391e+01	9.399484e+01
4.540000e-06	4.181744e-06	1.470041e-09	2.902670e+01	9.372489e+01
4.550000e-06	4.150131e-06	1.457438e-09	2.880726e+01	9.345206e+01
4.560000e-06	4.118329e-06	1.451672e-09	2.858651e+01	9.317631e+01
4.570000e-06	4.086327e-06	1.461820e-09	2.836438e+01	9.289759e+01
4.580000e-06	4.054144e-06	1.454610e-09	2.814099e+01	9.261587e+01
4.590000e-06	4.021789e-06	1.437989e-09	2.791640e+01	9.233112e+01
4.600000e-06	3.989120e-06	1.441847e-09	2.768963e+01	9.204329e+01
4.610000e-06	3.956142e-06	1.434752e-09	2.746073e+01	9.175235e+01
4.620000e-06	3.922908e-06	1.416738e-09	2.723004e+01	9.145828e+01
4.630000e-06	3.889436e-06	1.421458e-09	2.699770e+01	9.116102e+01
4.640000e-06	3.855747e-06	1.432326e-09	2.676385e+01	9.086056e+01
4.650000e-06	3.821774e-06	1.420647e-09	2.652804e+01	9.055683e+01
4.660000e-06	3.787490e-06	1.416962e-09	2.629006e+01	9.024981e+01
4.670000e-06	3.752932e-06	1.427818e-09	2.605019e+01	8.993944e+01
4.680000e-06	3.718122e-06	1.422766e-09	2.580856e+01	8.962565e+01
4.690000e-06	3.683073e-06	1.409902e-09	2.556527e+01	8.930840e+01
4.700000e-06	3.647757e-06	1.408225e-09	2.532014e+01	8.898760e+01
4.710000e-06	3.612181e-06	1.401269e-09	2.507319e+01	8.866318e+01
4.720000e-06	3.576414e-06	1.388701e-09	2.482492e+01	8.833504e+01
4.730000e-06	3.540518e-06	1.391396e-09	2.457576e+01	8.800310e+01
4.740000e-06	3.504499e-06	1.396183e-09	2.432574e+01	8.766724e+01
4.750000e-06	3.468342e-06	1.386529e-09	2.407476e+01	8.732735e+01
4.760000e-06	3.431987e-06	1.377389e-09	2.382242e+01	8.698330e+01
4.770000e-06	3.395384e-06	1.377261e-09	2.356835e+01	8.663495e+01
4.780000e-06	3.358567e-06	1.370032e-09	2.331279e+01	8.628217e+01
4.790000e-06	3.321426e-06	1.363134e-09	2.305498e+01	8.592479e+01
4.800000e-06	3.283832e-06	1.363381e-09	2.279402e+01	8.556266e+01
4.810000e-06	3.245882e-06	1.358997e-09	2.253061e+01	8.519561e+01
4.820000e-06	3.207592e-06	1.349980e-09	2.226482e+01	8.482346e+01
4.830000e-06	3.168844e-06	1.348231e-09	2.199586e+01	8.444605e+01
4.840000e-06	3.129726e-06	1.344749e-09	2.172433e+01	8.406319e+01
4.850000e-06	3.090362e-06	1.335169e-09	2.145110e+01	8.367470e+01
4.860000e-06	3.050784e-06	1.327960e-09	2.117637e+01	8.328041e+01
4.870000e-06	3.011004e-06	1.326633e-09	2.090025e+01	8.288012e+01
4.880000e-06	2.971062e-06	1.322636e-09	2.062300e+01	8.247368e+01
4.890000e-06	2.931001e-06	1.318681e-09	2.034493e+01	8.206090e+01
4.900000e-06	2.890773e-06	1.315183e-09	2.006569e+01	8.164162e+01
4.910000e-06	2.850383e-06	1.306527e-09	1.978533e+01	8.121568e+01
4.920000e-06	2.809838e-06	1.297570e-09	1.950390e+01	8.078295e+01
4.930000e-06	2.769142e-06	1.293378e-09	1.922142e+01	8.034327e+01
4.940000e-06	2.728246e-06	1.289523e-09	1.893754e+01	7.989652e+01
4.950000e-06	2.687122e-06	1.284420e-09	1.865209e+01	7.944260e+01
4.960000e-06	2.645864e-06	1.284696e-09	1.836571e+01	7.898139e+01
4.970000e-06	2.604381e-06	1.285801e-09	1.807776e+01	7.851280e+01
4.980000e-06	2.562673e-06	1.280432e-09	1.778825e+01	7.803678e+01
4.990000e-06	2.520862e-06	1.274540e-09	1.749804e+01	7.755324e+01
5.000000e-06	2.478894e-06	1.268017e-09	1.720672e+01	7.706214e+01
5.010000e-06	2.436749e-06	1.256303e-09	1.691418e+01	7.656344e+01
5.020000e-06	2.394517e-06	1.246866e-09	1.662103e+01	7.605711e+01
5.030000e-06	2.352237e-06	1.241966e-09	1.632756e+01	7.554314e+01
5.040000e-06	2.309778e-06	1.238250e-09	1.603284e+01	7.502150e+01
5.050000e-06	2.267041e-06	1.234648e-09	1.573619e+01	7.449218e+01
5.060000e-06	2.224042e-06	1.231394e-09	1.543772e+01	7.395519e+01
5.070000e-06	2.180854e-06	1.227597e-09	1.513794e+01	7.341051e+01
5.080000e-06	2.137473e-06	1.220974e-09	1.483682e+01	7.285812e+01
5.090000e-06	2.093930e-06	1.211843e-09	1.453457e+01	7.229801e+01
5.100000e-06	2.050343e-06	1.198996e-09	1.423202e+01	7.173014e+01
5.110000e-06	2.006692e-06	1.185852e-09	1.392903e+01	7.115447e+01
5.120000e-06	1.962934e-06	1.173891e-09	1.362529e+01	7.057093e+01
5.130000e-06	1.919045e-06	1.168991e-09	1.332065e+01	6.997943e+01
5.140000e-06	1.875079e-06	1.168792e-09	1.301546e+01	6.937986e+01
5.150000e-06	1.831091e-06	1.166456e-09	1.271013e+01	6.877205e+01
5.160000e-06	1.787053e-06	1.161027e-09	1.240445e+01	6.815584e+01
5.170000e-06	1.742945e-06	1.149477e-09	1.209828e+01	6.753099e+01
5.180000e-06	1.698771e-06	1.134009e-09	1.179166e+01	6.689723e+01
5.190000e-06	1.654520e-06	1.118444e-09	1.148450e+01	6.625425e+01
5.200000e-06	1.610166e-06	1.104948e-09	1.117663e+01	6.560168e+01
5.210000e-06	1.565717e-06	1.093377e-09	1.086810e+01	6.493910e+01
5.220000e-06	1.521140e-06	1.084832e-09	1.055867e+01	6.426604e+01
5.230000e-06	1.476442e-06	1.079479e-09	1.024841e+01	6.358194e+01
5.240000e-06	1.431700e-06	1.070948e-09	9.937843e+00	6.288623e+01
5.250000e-06	1.386887e-06	1.059037e-09	9.626783e+00	6.217824e+01
5.260000e-06	1.341930e-06	1.048698e-09	9.314725e+00	6.145724e+01
5.270000e-06	1.296825e-06	1.040047e-09	9.001640e+00	6.072245e+01
5.280000e-06	1.251590e-06	1.031285e-09	8.687651e+00	5.997303e+01
5.290000e-06	1.206257e-06	1.020490e-09	8.372975e+00	5.920808e+01
5.300000e-06	1.160846e-06	1.007282e-09	8.057765e+00	5.842662e+01
5.310000e-06	1.115319e-06	9.896486e-10	7.741749e+00	5.762763e+01
5.320000e-06	1.069633e-06	9.738689e-10	7.424628e+00	5.681005e+01
5.330000e-06	1.023824e-06	9.618849e-10	7.106660e+00	5.597276e+01
5.340000e-06	9.780157e-07	9.502433e-10	6.788689e+00	5.511459e+01
5.350000e-06	9.320976e-07	9.365985e-10	6.469959e+00	5.423435e+01
5.360000e-06	8.860273e-07	9.226291e-10	6.150171e+00	5.333080e+01
5.370000e-06	8.399100e-07	9.096471e-10	5.830058e+00	5.240270e+01
5.380000e-06	7.937822e-07	8.949986e-10	5.509871e+00	5.144878e+01
5.390000e-06	7.475507e-07	8.772213e-10	5.188966e+00	5.046776e+01
5.400000e-06	7.012133e-07	8.569205e-10	4.867324e+00	4.945838e+01
5.410000e-06	6.548907e-07	8.396154e-10	4.545785e+00	4.841937e+01
5.420000e-06	6.085274e-07	8.281889e-10	4.223964e+00	4.734949e+01
5.430000e-06	5.621991e-07	8.192427e-10	3.902386e+00	4.624754e+01
5.440000e-06	5.158568e-07	8.052147e-10	3.580711e+00	4.511234e+01
5.450000e-06	4.694260e-07	7.861535e-10	3.258422e+00	4.394279e+01
5.460000e-06	4.229649e-07	7.655883e-10	2.935921e+00	4.273782e+01
5.470000e-06	3.764084e-07	7.451217e-10	2.612759e+00	4.149647e+01
5.480000e-06	3.298338e-07	7.261747e-10	2.289472e+00	4.021782e+01
5.490000e-06	2.833623e-07	7.056276e-10	1.966900e+00	3.890109e+01
5.500000e-06	2.369299e-07	6.816372e-10	1.644599e+00	3.754556e+01
5.510000e-06	1.904255e-07	6.565760e-10	1.321798e+00	3.615066e+01
5.520000e-06	1.438809e-07	6.333854e-10	9.987191e-01	3.471592e+01
5.530000e-06	9.735711e-08	6.093601e-10	6.757838e-01	3.324101e+01
5.540000e-06	5.081530e-08	5.859871e-10	3.527237e-01	3.172572e+01
5.550000e-06	4.316126e-09	5.644860e-10	2.995948e-02	3.017002e+01
5.560000e-06	-4.216846e-08	5.428356e-10	-2.927035e-01	2.857400e+01
5.570000e-06	-8.871687e-08	5.171371e-10	-6.158095e-01	2.693792e+01
5.580000e-06	-1.352828e-07	4.866686e-10	-9.390369e-01	2.526219e+01
5.590000e-06	-1.818478e-07	4.558701e-10	-1.262258e+00	2.354741e+01
5.600000e-06	-2.284613e-07	4.254877e-10	-1.585816e+00	2.179433e+01
5.610000e-06	-2.750725e-07	3.964475e-10	-1.909358e+00	2.000385e+01
5.620000e-06	-3.215854e-07	3.689018e-10	-2.232217e+00	1.817707e+01
5.630000e-06	-3.680618e-07	3.406421e-10	-2.554824e+00	1.631523e+01
5.640000e-06	-4.145454e-07	3.083541e-10	-2.877479e+00	1.441975e+01
5.650000e-06	-4.610141e-07	2.716780e-10	-3.200032e+00	1.249222e+01
5.660000e-06	-5.074225e-07	2.336347e-10	-3.522166e+00	1.053435e+01
5.670000e-06	-5.538078e-07	1.970495e-10	-3.844140e+00	8.548023e+00
5.680000e-06	-6.001830e-07	1.635111e-10	-4.166044e+00	6.535269e+00
5.690000e-06	-6.464881e-07	1.306409e-10	-4.487461e+00	4.498242e+00
5.700000e-06	-6.927334e-07	9.717643e-11	-4.808462e+00	2.439223e+00
5.710000e-06	-7.388688e-07	6.197062e-11	-5.128702e+00	3.606066e-01
5.720000e-06	-7.849837e-07	2.222326e-11	-5.448799e+00	-1.735106e+00
5.730000e-06	-8.310676e-07	-1.745339e-11	-5.768681e+00	-3.845325e+00
5.740000e-06	-8.770485e-07	-5.634241e-11	-6.087847e+00	-5.967378e+00
5.750000e-06	-9.230272e-07	-9.352885e-11	-6.406999e+00	-8.098530e+00
5.760000e-06	-9.689371e-07	-1.267597e-10	-6.725672e+00	-1.023599e+01
5.770000e-06	-1.014722e-06	-1.608373e-10	-7.043480e+00	-1.237694e+01
5.780000e-06	-1.060354e-06	-1.939278e-10	-7.360226e+00	-1.451852e+01
5.790000e-06	-1.105901e-06	-2.279149e-10	-7.676378e+00	-1.665789e+01
5.800000e-06	-1.151342e-06	-2.642676e-10	-7.991797e+00	-1.879218e+01
5.810000e-06	-1.196655e-06	-3.043267e-10	-8.306327e+00	-2.091856e+01
5.820000e-06	-1.241891e-06	-3.455034e-10	-8.620324e+00	-2.303426e+01
5.830000e-06	-1.287033e-06	-3.838737e-10	-8.933665e+00	-2.513651e+01
5.840000e-06	-1.332049e-06	-4.198090e-10	-9.246139e+00	-2.722266e+01
5.850000e-06	-1.376908e-06	-4.516981e-10	-9.557514e+00	-2.929008e+01
5.860000e-06	-1.421678e-06	-4.817218e-10	-9.868276e+00	-3.133629e+01
5.870000e-06	-1.466341e-06	-5.124634e-10	-1.017829e+01	-3.335886e+01
5.880000e-06	-1.510884e-06	-5.460165e-10	-1.048748e+01	-3.535552e+01
5.890000e-06	-1.555413e-06	-5.799323e-10	-1.079657e+01	-3.732409e+01
5.900000e-06	-1.599886e-06	-6.148537e-10	-1.110527e+01	-3.926256e+01
5.910000e-06	-1.644222e-06	-6.502549e-10	-1.141302e+01	-4.116902e+01
5.920000e-06	-1.688459e-06	-6.837722e-10	-1.172008e+01	-4.304176e+01
5.930000e-06	-1.732624e-06	-7.139767e-10	-1.202665e+01	-4.487920e+01
5.940000e-06	-1.776738e-06	-7.446748e-10	-1.233285e+01	-4.667991e+01
5.950000e-06	-1.820774e-06	-7.751795e-10	-1.263852e+01	-4.844267e+01
5.960000e-06	-1.864725e-06	-8.041768e-10	-1.294359e+01	-5.016639e+01
5.970000e-06	-1.908594e-06	-8.327063e-10	-1.324810e+01	-5.185016e+01
5.980000e-06	-1.952354e-06	-8.602373e-10	-1.355185e+01	-5.349327e+01
5.990000e-06	-1.996032e-06	-8.879457e-10	-1.385504e+01	-5.509513e+01
6.000000e-06	-2.039617e-06	-9.132813e-10	-1.415757e+01	-5.665537e+01
6.010000e-06	-2.082993e-06	-9.360565e-10	-1.445865e+01	-5.817374e+01
6.020000e-06	-2.126242e-06	-9.604809e-10	-1.475886e+01	-5.965019e+01
6.030000e-06	-2.169438e-06	-9.861229e-10	-1.505869e+01	-6.108480e+01
6.040000e-06	-2.212493e-06	-1.010736e-09	-1.535755e+01	-6.247780e+01
6.050000e-06	-2.255348e-06	-1.033114e-09	-1.565502e+01	-6.382956e+01
6.060000e-06	-2.297962e-06	-1.052757e-09	-1.595082e+01	-6.514060e+01
6.070000e-06	-2.340403e-06	-1.069576e-09	-1.624541e+01	-6.641155e+01
6.080000e-06	-2.382761e-06	-1.085744e-09	-1.653943e+01	-6.764314e+01
6.090000e-06	-2.425032e-06	-1.102185e-09	-1.683285e+01	-6.883623e+01
6.100000e-06	-2.467146e-06	-1.120492e-09	-1.712517e+01	-6.999175e+01
6.110000e-06	-2.509055e-06	-1.142430e-09	-1.741608e+01	-7.111073e+01
6.120000e-06	-2.550854e-06	-1.167254e-09	-1.770621e+01	-7.219425e+01
6.130000e-06	-2.592497e-06	-1.191901e-09	-1.799527e+01	-7.324346e+01
6.140000e-06	-2.633934e-06	-1.211744e-09	-1.828289e+01	-7.425956e+01
6.150000e-06	-2.675145e-06	-1.227453e-09	-1.856895e+01	-7.524376e+01
6.160000e-06	-2.716057e-06	-1.238520e-09	-1.885294e+01	-7.619733e+01
6.170000e-06	-2.756730e-06	-1.248225e-09	-1.913526e+01	-7.712153e+01
6.180000e-06	-2.797271e-06	-1.260221e-09	-1.941666e+01	-7.801762e+01
6.190000e-06	-2.837664e-06	-1.274719e-09	-1.969704e+01	-7.888686e+01
6.200000e-06	-2.877865e-06	-1.292368e-09	-1.997609e+01	-7.973048e+01
6.210000e-06	-2.917964e-06	-1.312572e-09	-2.025443e+01	-8.054971e+01
6.220000e-06	-2.958001e-06	-1.331789e-09	-2.053234e+01	-8.134570e+01
6.230000e-06	-2.997876e-06	-1.346652e-09	-2.080913e+01	-8.211961e+01
6.240000e-06	-3.037578e-06	-1.358257e-09	-2.108471e+01	-8.287249e+01
6.250000e-06	-3.077176e-06	-1.369476e-09	-2.135957e+01	-8.360539e+01
6.260000e-06	-3.116576e-06	-1.378530e-09	-2.163306e+01	-8.431925e+01
6.270000e-06	-3.155618e-06	-1.387410e-09	-2.190406e+01	-8.501499e+01
6.280000e-06	-3.194260e-06	-1.398975e-09	-2.217228e+01	-8.569343e+01
6.290000e-06	-3.232504e-06	-1.410920e-09	-2.243774e+01	-8.635533e+01
6.300000e-06	-3.270347e-06	-1.422536e-09	-2.270042e+01	-8.700137e+01
6.310000e-06	-3.307849e-06	-1.434491e-09	-2.296074e+01	-8.763217e+01
6.320000e-06	-3.344930e-06	-1.446493e-09	-2.321813e+01	-8.824826e+01
6.330000e-06	-3.381700e-06	-1.456724e-09	-2.347336e+01	-8.885011e+01
6.340000e-06	-3.418296e-06	-1.465308e-09	-2.372738e+01	-8.943813e+01
6.350000e-06	-3.454649e-06	-1.473257e-09	-2.397972e+01	-9.001265e+01
6.360000e-06	-3.490825e-06	-1.480839e-09	-2.423082e+01	-9.057392e+01
6.370000e-06	-3.526839e-06	-1.486989e-09	-2.448081e+01	-9.112218e+01
6.380000e-06	-3.562731e-06	-1.490532e-09	-2.472995e+01	-9.165756e+01
6.390000e-06	-3.598475e-06	-1.494299e-09	-2.497806e+01	-9.218019e+01
6.400000e-06	-3.633938e-06	-1.501727e-09	-2.522421e+01	-9.269011e+01
6.410000e-06	-3.669117e-06	-1.512972e-09	-2.546840e+01	-9.318736e+01
6.420000e-06	-3.704051e-06	-1.526281e-09	-2.571089e+01	-9.367193e+01
6.430000e-06	-3.738699e-06	-1.539396e-09	-2.595139e+01	-9.414379e+01
6.440000e-06	-3.773096e-06	-1.551256e-09	-2.619015e+01	-9.460288e+01
6.450000e-06	-3.807282e-06	-1.559982e-09	-2.642744e+01	-9.504914e+01
6.460000e-06	-3.841175e-06	-1.563785e-09	-2.666271e+01	-9.548251e+01
6.470000e-06	-3.874712e-06	-1.565981e-09	-2.689549e+01	-9.590290e+01
6.480000e-06	-3.907972e-06	-1.569974e-09	-2.712636e+01	-9.631026e+01
6.490000e-06	-3.940966e-06	-1.576151e-09	-2.735539e+01	-9.670453e+01
6.500000e-06	-3.973698e-06	-1.584709e-09	-2.758259e+01	-9.708568e+01
6.510000e-06	-4.006226e-06	-1.593767e-09	-2.780838e+01	-9.745367e+01
6.520000e-06	-4.038533e-06	-1.602192e-09	-2.803263e+01	-9.780853e+01
6.530000e-06	-4.070612e-06	-1.610688e-09	-2.825529e+01	-9.815029e+01
6.540000e-06	-4.102493e-06	-1.618299e-09	-2.847659e+01	-9.847902e+01
6.550000e-06	-4.134147e-06	-1.624794e-09	-2.869631e+01	-9.879482e+01
6.560000e-06	-4.165482e-06	-1.630200e-09	-2.891382e+01	-9.909783e+01
6.570000e-06	-4.196419e-06	-1.633709e-09	-2.912856e+01	-9.938823e+01
6.580000e-06	-4.226883e-06	-1.635571e-09	-2.934002e+01	-9.966625e+01
6.590000e-06	-4.256865e-06	-1.636208e-09	-2.954813e+01	-9.993213e+01
6.600000e-06	-4.286394e-06	-1.636802e-09	-2.975310e+01	-1.001862e+02
6.610000e-06	-4.315477e-06	-1.640907e-09	-2.995497e+01	-1.004287e+02
6.620000e-06	-4.344161e-06	-1.647740e-09	-3.015408e+01	-1.006601e+02
6.630000e-06	-4.372608e-06	-1.654435e-09	-3.035154e+01	-1.008808e+02
6.640000e-06	-4.400847e-06	-1.659364e-09	-3.054755e+01	-1.010912e+02
6.650000e-06	-4.428860e-06	-1.660259e-09	-3.074200e+01	-1.012917e+02
6.660000e-06	-4.456660e-06	-1.658670e-09	-3.093497e+01	-1.014828e+02
6.670000e-06	-4.484191e-06	-1.656618e-09	-3.112607e+01	-1.016651e+02
6.680000e-06	-4.511435e-06	-1.653740e-09	-3.131518e+01	-1.018391e+02
6.690000e-06	-4.538368e-06	-1.651774e-09	-3.150212e+01	-1.020052e+02
6.700000e-06	-4.564924e-06	-1.654386e-09	-3.168646e+01	-1.021641e+02
6.710000e-06	-4.591114e-06	-1.659547e-09	-3.186825e+01	-1.023162e+02
6.720000e-06	-4.617061e-06	-1.665160e-09	-3.204836e+01	-1.024621e+02
6.730000e-06	-4.642764e-06	-1.670124e-09	-3.222677e+01	-1.026024e+02
6.740000e-06	-4.668090e-06	-1.672143e-09	-3.240256e+01	-1.027374e+02
6.750000e-06	-4.692995e-06	-1.674532e-09	-3.257543e+01	-1.028678e+02
6.760000e-06	-4.717598e-06	-1.677614e-09	-3.274621e+01	-1.029940e+02
6.770000e-06	-4.741960e-06	-1.676722e-09	-3.291532e+01	-1.031164e+02
6.780000e-06	-4.766046e-06	-1.671396e-09	-3.308251e+01	-1.032354e+02
6.790000e-06	-4.789927e-06	-1.668156e-09	-3.324827e+01	-1.033514e+02
6.800000e-06	-4.813619e-06	-1.668486e-09	-3.341272e+01	-1.034649e+02
6.810000e-06	-4.837001e-06	-1.669036e-09	-3.357502e+01	-1.035759e+02
6.820000e-06	-4.859920e-06	-1.670203e-09	-3.373411e+01	-1.036850e+02
6.830000e-06	-4.882279e-06	-1.674671e-09	-3.388931e+01	-1.037921e+02
6.840000e-06	-4.904052e-06	-1.676849e-09	-3.404044e+01	-1.038976e+02
6.850000e-06	-4.925298e-06	-1.677284e-09	-3.418792e+01	-1.040015e+02
6.860000e-06	-4.946109e-06	-1.675322e-09	-3.433237e+01	-1.041039e+02
6.870000e-06	-4.966550e-06	-1.672198e-09	-3.447426e+01	-1.042049e+02
6.880000e-06	-4.986708e-06	-1.668942e-09	-3.461418e+01	-1.043045e+02
6.890000e-06	-5.006661e-06	-1.667097e-09	-3.475268e+01	-1.044025e+02
6.900000e-06	-5.026349e-06	-1.667455e-09	-3.488934e+01	-1.044990e+02
6.910000e-06	-5.045635e-06	-1.666856e-09	-3.502321e+01	-1.045938e+02
6.920000e-06	-5.064511e-06	-1.667483e-09	-3.515423e+01	-1.046867e+02
6.930000e-06	-5.083130e-06	-1.668541e-09	-3.528347e+01	-1.047775e+02
6.940000e-06	-5.101540e-06	-1.668430e-09	-3.541126e+01	-1.048661e+02
6.950000e-06	-5.119679e-06	-1.665928e-09	-3.553717e+01	-1.049521e+02
6.960000e-06	-5.137455e-06	-1.661273e-09	-3.566056e+01	-1.050354e+02
6.970000e-06	-5.154780e-06	-1.656637e-09	-3.578082e+01	-1.051156e+02
6.980000e-06	-5.171793e-06	-1.652708e-09	-3.589891e+01	-1.051924e+02
6.990000e-06	-5.188531e-06	-1.649554e-09	-3.601509e+01	-1.052656e+02
7.000000e-06	-5.204925e-06	-1.650247e-09	-3.612889e+01	-1.053349e+02
7.010000e-06	-5.221075e-06	-1.652747e-09	-3.624099e+01	-1.054000e+02
7.020000e-06	-5.236963e-06	-1.656356e-09	-3.635128e+01	-1.054607e+02
7.030000e-06	-5.252379e-06	-1.658161e-09	-3.645828e+01	-1.055165e+02
7.040000e-06	-5.267198e-06	-1.658543e-09	-3.656115e+01	-1.055674e+02
7.050000e-06	-5.281453e-06	-1.658160e-09	-3.666009e+01	-1.056131e+02
7.060000e-06	-5.295147e-06	-1.658173e-09	-3.675514e+01	-1.056533e+02
7.070000e-06	-5.308248e-06	-1.656732e-09	-3.684608e+01	-1.056880e+02
7.080000e-06	-5.320910e-06	-1.654708e-09	-3.693398e+01	-1.057170e+02
7.090000e-06	-5.333202e-06	-1.652494e-09	-3.701930e+01	-1.057402e+02
7.100000e-06	-5.345051e-06	-1.649557e-09	-3.710155e+01	-1.057575e+02
7.110000e-06	-5.356592e-06	-1.646544e-09	-3.718165e+01	-1.057689e+02
7.120000e-06	-5.367782e-06	-1.643746e-09	-3.725933e+01	-1.057745e+02
7.130000e-06	-5.378513e-06	-1.642317e-09	-3.733382e+01	-1.057742e+02
7.140000e-06	-5.388855e-06	-1.641109e-09	-3.740560e+01	-1.057682e+02
7.150000e-06	-5.398884e-06	-1.641240e-09	-3.747521e+01	-1.057567e+02
7.160000e-06	-5.408570e-06	-1.644985e-09	-3.754245e+01	-1.057398e+02
7.170000e-06	-5.417815e-06	-1.646598e-09	-3.760662e+01	-1.057177e+02
7.180000e-06	-5.426615e-06	-1.644324e-09	-3.766771e+01	-1.056908e+02
7.190000e-06	-5.435087e-06	-1.640203e-09	-3.772651e+01	-1.056592e+02
7.200000e-06	-5.443369e-06	-1.636458e-09	-3.778400e+01	-1.056233e+02
7.210000e-06	-5.451480e-06	-1.635559e-09	-3.784030e+01	-1.055836e+02
7.220000e-06	-5.459307e-06	-1.636210e-09	-3.789463e+01	-1.055403e+02
7.230000e-06	-5.466719e-06	-1.639123e-09	-3.794607e+01	-1.054938e+02
7.240000e-06	-5.473699e-06	-1.642375e-09	-3.799452e+01	-1.054446e+02
7.250000e-06	-5.480170e-06	-1.644087e-09	-3.803944e+01	-1.053932e+02
7.260000e-06	-5.485948e-06	-1.641582e-09	-3.807955e+01	-1.053399e+02
7.270000e-06	-5.491076e-06	-1.636679e-09	-3.811515e+01	-1.052852e+02
7.280000e-06	-5.495755e-06	-1.632937e-09	-3.814762e+01	-1.052295e+02
7.290000e-06	-5.500102e-06	-1.629351e-09	-3.817780e+01	-1.051734e+02
7.300000e-06	-5.504182e-06	-1.626093e-09	-3.820612e+01	-1.051171e+02
7.310000e-06	-5.508098e-06	-1.624981e-09	-3.823330e+01	-1.050612e+02
7.320000e-06	-5.511762e-06	-1.624501e-09	-3.825873e+01	-1.050061e+02
7.330000e-06	-5.514923e-06	-1.624166e-09	-3.828067e+01	-1.049521e+02
7.340000e-06	-5.517640e-06	-1.624126e-09	-3.829953e+01	-1.048996e+02
7.350000e-06	-5.520031e-06	-1.625495e-09	-3.831613e+01	-1.048488e+02
7.360000e-06	-5.522165e-06	-1.626096e-09	-3.833095e+01	-1.048001e+02
7.370000e-06	-5.523960e-06	-1.622778e-09	-3.834341e+01	-1.047538e+02
7.380000e-06	-5.525256e-06	-1.616775e-09	-3.835240e+01	-1.047100e+02
7.390000e-06	-5.526128e-06	-1.610593e-09	-3.835845e+01	-1.046689e+02
7.400000e-06	-5.526690e-06	-1.604782e-09	-3.836235e+01	-1.046307e+02
