# Temperatura_=_-0.51
# Concentracion g/m^3_=_1620.0
# C_Vs_to_Am_M_A/Vsm_=_65563218390.804596
# pendiente_HvsI_1/m_=_3716.3
# ordenada_HvsI_A/m_=_1297.0
# frecuencia_Hz_=_135111.64179323442

Tiempo_(s)	Campo_(V.s)	Magnetizacion_(V.s)	Campo_(kA/m)	Magnetizacion_(A/m)
0.000000e+00	-5.509453e-06	-1.426741e-09	-3.836437e+01	-9.229220e+01
1.000000e-08	-5.509737e-06	-1.429320e-09	-3.836635e+01	-9.226072e+01
2.000000e-08	-5.509704e-06	-1.435459e-09	-3.836612e+01	-9.222892e+01
3.000000e-08	-5.509253e-06	-1.441031e-09	-3.836298e+01	-9.219649e+01
4.000000e-08	-5.508348e-06	-1.440185e-09	-3.835668e+01	-9.216315e+01
5.000000e-08	-5.506875e-06	-1.432816e-09	-3.834642e+01	-9.212855e+01
6.000000e-08	-5.504809e-06	-1.423137e-09	-3.833204e+01	-9.209238e+01
7.000000e-08	-5.502209e-06	-1.413308e-09	-3.831393e+01	-9.205428e+01
8.000000e-08	-5.499127e-06	-1.412874e-09	-3.829247e+01	-9.201390e+01
9.000000e-08	-5.495602e-06	-1.436972e-09	-3.826792e+01	-9.197092e+01
1.000000e-07	-5.491622e-06	-1.478412e-09	-3.824021e+01	-9.192498e+01
1.100000e-07	-5.487232e-06	-1.463656e-09	-3.820964e+01	-9.187576e+01
1.200000e-07	-5.482554e-06	-1.411009e-09	-3.817707e+01	-9.182294e+01
1.300000e-07	-5.477694e-06	-1.349789e-09	-3.814322e+01	-9.176623e+01
1.400000e-07	-5.472571e-06	-1.403323e-09	-3.810755e+01	-9.170536e+01
1.500000e-07	-5.467029e-06	-1.441615e-09	-3.806896e+01	-9.164008e+01
1.600000e-07	-5.461110e-06	-1.427312e-09	-3.802774e+01	-9.157016e+01
1.700000e-07	-5.454834e-06	-1.385604e-09	-3.798404e+01	-9.149543e+01
1.800000e-07	-5.448053e-06	-1.402726e-09	-3.793682e+01	-9.141574e+01
1.900000e-07	-5.440830e-06	-1.453774e-09	-3.788652e+01	-9.133096e+01
2.000000e-07	-5.433377e-06	-1.426811e-09	-3.783463e+01	-9.124104e+01
2.100000e-07	-5.425632e-06	-1.385705e-09	-3.778070e+01	-9.114592e+01
2.200000e-07	-5.417591e-06	-1.370473e-09	-3.772470e+01	-9.104563e+01
2.300000e-07	-5.409276e-06	-1.420895e-09	-3.766681e+01	-9.094020e+01
2.400000e-07	-5.400558e-06	-1.429714e-09	-3.760610e+01	-9.082973e+01
2.500000e-07	-5.391212e-06	-1.415582e-09	-3.754102e+01	-9.071435e+01
2.600000e-07	-5.381146e-06	-1.378088e-09	-3.747093e+01	-9.059422e+01
2.700000e-07	-5.370442e-06	-1.388576e-09	-3.739639e+01	-9.046955e+01
2.800000e-07	-5.359234e-06	-1.380781e-09	-3.731834e+01	-9.034059e+01
2.900000e-07	-5.347621e-06	-1.374491e-09	-3.723748e+01	-9.020760e+01
3.000000e-07	-5.335671e-06	-1.363604e-09	-3.715426e+01	-9.007089e+01
3.100000e-07	-5.323425e-06	-1.385789e-09	-3.706899e+01	-8.993078e+01
3.200000e-07	-5.310722e-06	-1.378764e-09	-3.698053e+01	-8.978763e+01
3.300000e-07	-5.297594e-06	-1.362543e-09	-3.688912e+01	-8.964181e+01
3.400000e-07	-5.284160e-06	-1.355279e-09	-3.679558e+01	-8.949370e+01
3.500000e-07	-5.270271e-06	-1.370499e-09	-3.669886e+01	-8.934368e+01
3.600000e-07	-5.255818e-06	-1.366576e-09	-3.659822e+01	-8.919216e+01
3.700000e-07	-5.240956e-06	-1.360060e-09	-3.649473e+01	-8.903953e+01
3.800000e-07	-5.225691e-06	-1.366794e-09	-3.638843e+01	-8.888619e+01
3.900000e-07	-5.209812e-06	-1.364246e-09	-3.627786e+01	-8.873250e+01
4.000000e-07	-5.193345e-06	-1.350115e-09	-3.616319e+01	-8.857885e+01
4.100000e-07	-5.176627e-06	-1.346356e-09	-3.604678e+01	-8.842557e+01
4.200000e-07	-5.159655e-06	-1.357600e-09	-3.592860e+01	-8.827300e+01
4.300000e-07	-5.142214e-06	-1.340875e-09	-3.580715e+01	-8.812142e+01
4.400000e-07	-5.124540e-06	-1.339441e-09	-3.568408e+01	-8.797112e+01
4.500000e-07	-5.106589e-06	-1.355099e-09	-3.555908e+01	-8.782232e+01
4.600000e-07	-5.088109e-06	-1.365190e-09	-3.543040e+01	-8.767522e+01
4.700000e-07	-5.069160e-06	-1.337423e-09	-3.529845e+01	-8.752997e+01
4.800000e-07	-5.049971e-06	-1.341441e-09	-3.516483e+01	-8.738671e+01
4.900000e-07	-5.030610e-06	-1.340004e-09	-3.503001e+01	-8.724549e+01
5.000000e-07	-5.010982e-06	-1.321017e-09	-3.489333e+01	-8.710636e+01
5.100000e-07	-4.991109e-06	-1.302322e-09	-3.475495e+01	-8.696929e+01
5.200000e-07	-4.970918e-06	-1.327555e-09	-3.461436e+01	-8.683424e+01
5.300000e-07	-4.950355e-06	-1.325142e-09	-3.447117e+01	-8.670110e+01
5.400000e-07	-4.929502e-06	-1.318913e-09	-3.432596e+01	-8.656974e+01
5.500000e-07	-4.908295e-06	-1.333250e-09	-3.417829e+01	-8.643996e+01
5.600000e-07	-4.886653e-06	-1.341253e-09	-3.402758e+01	-8.631155e+01
5.700000e-07	-4.864669e-06	-1.307895e-09	-3.387450e+01	-8.618425e+01
5.800000e-07	-4.842371e-06	-1.303253e-09	-3.371923e+01	-8.605777e+01
5.900000e-07	-4.819701e-06	-1.313584e-09	-3.356137e+01	-8.593180e+01
6.000000e-07	-4.796686e-06	-1.300276e-09	-3.340111e+01	-8.580599e+01
6.100000e-07	-4.773412e-06	-1.285238e-09	-3.323904e+01	-8.567997e+01
6.200000e-07	-4.749894e-06	-1.301630e-09	-3.307528e+01	-8.555336e+01
6.300000e-07	-4.726096e-06	-1.298514e-09	-3.290957e+01	-8.542577e+01
6.400000e-07	-4.702069e-06	-1.282063e-09	-3.274226e+01	-8.529679e+01
6.500000e-07	-4.677764e-06	-1.295111e-09	-3.257301e+01	-8.516602e+01
6.600000e-07	-4.653014e-06	-1.305757e-09	-3.240067e+01	-8.503305e+01
6.700000e-07	-4.627714e-06	-1.288164e-09	-3.222449e+01	-8.489748e+01
6.800000e-07	-4.601871e-06	-1.281289e-09	-3.204454e+01	-8.475892e+01
6.900000e-07	-4.575524e-06	-1.285248e-09	-3.186108e+01	-8.461700e+01
7.000000e-07	-4.548686e-06	-1.265774e-09	-3.167419e+01	-8.447137e+01
7.100000e-07	-4.521463e-06	-1.260239e-09	-3.148463e+01	-8.432169e+01
7.200000e-07	-4.493981e-06	-1.274844e-09	-3.129327e+01	-8.416766e+01
7.300000e-07	-4.466280e-06	-1.278130e-09	-3.110037e+01	-8.400901e+01
7.400000e-07	-4.438428e-06	-1.268765e-09	-3.090643e+01	-8.384549e+01
7.500000e-07	-4.410403e-06	-1.275836e-09	-3.071128e+01	-8.367691e+01
7.600000e-07	-4.382072e-06	-1.270507e-09	-3.051400e+01	-8.350308e+01
7.700000e-07	-4.353408e-06	-1.256826e-09	-3.031440e+01	-8.332390e+01
7.800000e-07	-4.324378e-06	-1.249013e-09	-3.011225e+01	-8.313926e+01
7.900000e-07	-4.294981e-06	-1.247235e-09	-2.990755e+01	-8.294912e+01
8.000000e-07	-4.265289e-06	-1.233360e-09	-2.970080e+01	-8.275348e+01
8.100000e-07	-4.235347e-06	-1.233442e-09	-2.949230e+01	-8.255235e+01
8.200000e-07	-4.205139e-06	-1.234469e-09	-2.928195e+01	-8.234583e+01
8.300000e-07	-4.174638e-06	-1.228971e-09	-2.906956e+01	-8.213400e+01
8.400000e-07	-4.143898e-06	-1.225510e-09	-2.885551e+01	-8.191702e+01
8.500000e-07	-4.112936e-06	-1.234970e-09	-2.863990e+01	-8.169505e+01
8.600000e-07	-4.081679e-06	-1.232207e-09	-2.842225e+01	-8.146832e+01
8.700000e-07	-4.050179e-06	-1.223012e-09	-2.820290e+01	-8.123703e+01
8.800000e-07	-4.018500e-06	-1.215097e-09	-2.798232e+01	-8.100145e+01
8.900000e-07	-3.986704e-06	-1.205709e-09	-2.776090e+01	-8.076184e+01
9.000000e-07	-3.954763e-06	-1.193444e-09	-2.753849e+01	-8.051850e+01
9.100000e-07	-3.922444e-06	-1.188294e-09	-2.731344e+01	-8.027171e+01
9.200000e-07	-3.889630e-06	-1.186266e-09	-2.708494e+01	-8.002177e+01
9.300000e-07	-3.856511e-06	-1.187634e-09	-2.685432e+01	-7.976899e+01
9.400000e-07	-3.823142e-06	-1.192862e-09	-2.662196e+01	-7.951365e+01
9.500000e-07	-3.789241e-06	-1.195173e-09	-2.638589e+01	-7.925605e+01
9.600000e-07	-3.754801e-06	-1.186018e-09	-2.614608e+01	-7.899646e+01
9.700000e-07	-3.719989e-06	-1.170460e-09	-2.590367e+01	-7.873514e+01
9.800000e-07	-3.684830e-06	-1.160155e-09	-2.565884e+01	-7.847232e+01
9.900000e-07	-3.649432e-06	-1.151521e-09	-2.541236e+01	-7.820821e+01
1.000000e-06	-3.613896e-06	-1.149910e-09	-2.516491e+01	-7.794300e+01
1.010000e-06	-3.578206e-06	-1.152233e-09	-2.491638e+01	-7.767683e+01
1.020000e-06	-3.542340e-06	-1.153783e-09	-2.466663e+01	-7.740983e+01
1.030000e-06	-3.506343e-06	-1.147024e-09	-2.441598e+01	-7.714208e+01
1.040000e-06	-3.470235e-06	-1.141373e-09	-2.416454e+01	-7.687362e+01
1.050000e-06	-3.433877e-06	-1.135080e-09	-2.391137e+01	-7.660446e+01
1.060000e-06	-3.397239e-06	-1.128993e-09	-2.365624e+01	-7.633455e+01
1.070000e-06	-3.360300e-06	-1.121895e-09	-2.339902e+01	-7.606384e+01
1.080000e-06	-3.323082e-06	-1.118705e-09	-2.313986e+01	-7.579221e+01
1.090000e-06	-3.285666e-06	-1.113006e-09	-2.287932e+01	-7.551950e+01
1.100000e-06	-3.247982e-06	-1.107686e-09	-2.261691e+01	-7.524553e+01
1.110000e-06	-3.210080e-06	-1.101240e-09	-2.235298e+01	-7.497008e+01
1.120000e-06	-3.171978e-06	-1.092774e-09	-2.208766e+01	-7.469289e+01
1.130000e-06	-3.133582e-06	-1.082214e-09	-2.182030e+01	-7.441368e+01
1.140000e-06	-3.094948e-06	-1.078651e-09	-2.155128e+01	-7.413215e+01
1.150000e-06	-3.056072e-06	-1.078654e-09	-2.128056e+01	-7.384794e+01
1.160000e-06	-3.017044e-06	-1.076518e-09	-2.100880e+01	-7.356072e+01
1.170000e-06	-2.977976e-06	-1.070861e-09	-2.073675e+01	-7.327011e+01
1.180000e-06	-2.938730e-06	-1.064788e-09	-2.046347e+01	-7.297573e+01
1.190000e-06	-2.899251e-06	-1.057498e-09	-2.018856e+01	-7.267721e+01
1.200000e-06	-2.859594e-06	-1.049484e-09	-1.991242e+01	-7.237414e+01
1.210000e-06	-2.819804e-06	-1.041174e-09	-1.963534e+01	-7.206614e+01
1.220000e-06	-2.779876e-06	-1.033811e-09	-1.935731e+01	-7.175283e+01
1.230000e-06	-2.739835e-06	-1.027237e-09	-1.907849e+01	-7.143384e+01
1.240000e-06	-2.699655e-06	-1.020437e-09	-1.879870e+01	-7.110881e+01
1.250000e-06	-2.659307e-06	-1.016295e-09	-1.851775e+01	-7.077740e+01
1.260000e-06	-2.618786e-06	-1.012562e-09	-1.823558e+01	-7.043928e+01
1.270000e-06	-2.577890e-06	-1.009245e-09	-1.795081e+01	-7.009416e+01
1.280000e-06	-2.536576e-06	-1.001480e-09	-1.766312e+01	-6.974177e+01
1.290000e-06	-2.495120e-06	-9.902646e-10	-1.737445e+01	-6.938186e+01
1.300000e-06	-2.453492e-06	-9.775550e-10	-1.708458e+01	-6.901421e+01
1.310000e-06	-2.411461e-06	-9.666508e-10	-1.679190e+01	-6.863864e+01
1.320000e-06	-2.369046e-06	-9.590471e-10	-1.649655e+01	-6.825498e+01
1.330000e-06	-2.326306e-06	-9.566044e-10	-1.619893e+01	-6.786311e+01
1.340000e-06	-2.283321e-06	-9.563172e-10	-1.589962e+01	-6.746293e+01
1.350000e-06	-2.240203e-06	-9.556277e-10	-1.559937e+01	-6.705435e+01
1.360000e-06	-2.196864e-06	-9.527532e-10	-1.529758e+01	-6.663734e+01
1.370000e-06	-2.153373e-06	-9.474687e-10	-1.499474e+01	-6.621186e+01
1.380000e-06	-2.109836e-06	-9.385042e-10	-1.469157e+01	-6.577789e+01
1.390000e-06	-2.066166e-06	-9.272416e-10	-1.438748e+01	-6.533544e+01
1.400000e-06	-2.022399e-06	-9.147399e-10	-1.408272e+01	-6.488453e+01
1.410000e-06	-1.978588e-06	-9.051930e-10	-1.377765e+01	-6.442516e+01
1.420000e-06	-1.934742e-06	-8.966105e-10	-1.347233e+01	-6.395736e+01
1.430000e-06	-1.890812e-06	-8.907264e-10	-1.316643e+01	-6.348113e+01
1.440000e-06	-1.846739e-06	-8.870100e-10	-1.285953e+01	-6.299647e+01
1.450000e-06	-1.802655e-06	-8.827044e-10	-1.255256e+01	-6.250337e+01
1.460000e-06	-1.758545e-06	-8.766427e-10	-1.224541e+01	-6.200177e+01
1.470000e-06	-1.714309e-06	-8.671246e-10	-1.193738e+01	-6.149161e+01
1.480000e-06	-1.669939e-06	-8.562990e-10	-1.162841e+01	-6.097278e+01
1.490000e-06	-1.625330e-06	-8.459214e-10	-1.131778e+01	-6.044512e+01
1.500000e-06	-1.580514e-06	-8.335279e-10	-1.100571e+01	-5.990845e+01
1.510000e-06	-1.535609e-06	-8.201248e-10	-1.069302e+01	-5.936250e+01
1.520000e-06	-1.490537e-06	-8.103984e-10	-1.037916e+01	-5.880698e+01
1.530000e-06	-1.445247e-06	-8.043444e-10	-1.006380e+01	-5.824150e+01
1.540000e-06	-1.399919e-06	-8.015662e-10	-9.748158e+00	-5.766565e+01
1.550000e-06	-1.354575e-06	-7.996158e-10	-9.432412e+00	-5.707890e+01
1.560000e-06	-1.309153e-06	-7.925340e-10	-9.116123e+00	-5.648069e+01
1.570000e-06	-1.263649e-06	-7.788495e-10	-8.799259e+00	-5.587037e+01
1.580000e-06	-1.218058e-06	-7.630107e-10	-8.481790e+00	-5.524721e+01
1.590000e-06	-1.172372e-06	-7.470943e-10	-8.163661e+00	-5.461043e+01
1.600000e-06	-1.126536e-06	-7.309898e-10	-7.844489e+00	-5.395914e+01
1.610000e-06	-1.080614e-06	-7.173177e-10	-7.524716e+00	-5.329240e+01
1.620000e-06	-1.034689e-06	-7.072947e-10	-7.204926e+00	-5.260921e+01
1.630000e-06	-9.887620e-07	-6.981330e-10	-6.885118e+00	-5.190849e+01
1.640000e-06	-9.426948e-07	-6.896796e-10	-6.564335e+00	-5.118911e+01
1.650000e-06	-8.964473e-07	-6.802303e-10	-6.242296e+00	-5.044987e+01
1.660000e-06	-8.501212e-07	-6.699635e-10	-5.919711e+00	-4.968953e+01
1.670000e-06	-8.037913e-07	-6.576255e-10	-5.597099e+00	-4.890682e+01
1.680000e-06	-7.574809e-07	-6.431067e-10	-5.274621e+00	-4.810042e+01
1.690000e-06	-7.111773e-07	-6.284402e-10	-4.952192e+00	-4.726900e+01
1.700000e-06	-6.648287e-07	-6.125916e-10	-4.629450e+00	-4.641120e+01
1.710000e-06	-6.184169e-07	-5.948113e-10	-4.306267e+00	-4.552567e+01
1.720000e-06	-5.719792e-07	-5.780047e-10	-3.982904e+00	-4.461106e+01
1.730000e-06	-5.255177e-07	-5.630643e-10	-3.659376e+00	-4.366604e+01
1.740000e-06	-4.790748e-07	-5.518305e-10	-3.335976e+00	-4.268931e+01
1.750000e-06	-4.325761e-07	-5.410043e-10	-3.012189e+00	-4.167961e+01
1.760000e-06	-3.860032e-07	-5.252353e-10	-2.687884e+00	-4.063575e+01
1.770000e-06	-3.394127e-07	-5.069507e-10	-2.363457e+00	-3.955657e+01
1.780000e-06	-2.927689e-07	-4.884102e-10	-2.038659e+00	-3.844103e+01
1.790000e-06	-2.461027e-07	-4.707230e-10	-1.713705e+00	-3.728815e+01
1.800000e-06	-1.994741e-07	-4.534314e-10	-1.389013e+00	-3.609706e+01
1.810000e-06	-1.528339e-07	-4.361266e-10	-1.064239e+00	-3.486701e+01
1.820000e-06	-1.061275e-07	-4.196224e-10	-7.390056e-01	-3.359737e+01
1.830000e-06	-5.942801e-08	-4.034241e-10	-4.138194e-01	-3.228764e+01
1.840000e-06	-1.275212e-08	-3.883474e-10	-8.879773e-02	-3.093746e+01
1.850000e-06	3.400054e-08	-3.725629e-10	2.367584e-01	-2.954663e+01
1.860000e-06	8.074830e-08	-3.550864e-10	5.622805e-01	-2.811509e+01
1.870000e-06	1.275052e-07	-3.362658e-10	8.878664e-01	-2.664297e+01
1.880000e-06	1.742965e-07	-3.158919e-10	1.213691e+00	-2.513056e+01
1.890000e-06	2.209881e-07	-2.931867e-10	1.538823e+00	-2.357830e+01
1.900000e-06	2.676437e-07	-2.677600e-10	1.863703e+00	-2.198685e+01
1.910000e-06	3.142743e-07	-2.425150e-10	2.188409e+00	-2.035702e+01
1.920000e-06	3.608725e-07	-2.174500e-10	2.512890e+00	-1.868979e+01
1.930000e-06	4.075020e-07	-1.947485e-10	2.837588e+00	-1.698635e+01
1.940000e-06	4.541411e-07	-1.743817e-10	3.162353e+00	-1.524803e+01
1.950000e-06	5.007668e-07	-1.538621e-10	3.487026e+00	-1.347635e+01
1.960000e-06	5.473145e-07	-1.328235e-10	3.811155e+00	-1.167300e+01
1.970000e-06	5.937637e-07	-1.097022e-10	4.134598e+00	-9.839824e+00
1.980000e-06	6.402033e-07	-8.409786e-11	4.457974e+00	-7.978806e+00
1.990000e-06	6.865355e-07	-5.627650e-11	4.780602e+00	-6.092089e+00
2.000000e-06	7.326865e-07	-2.707647e-11	5.101969e+00	-4.181942e+00
2.010000e-06	7.788463e-07	1.909483e-12	5.423397e+00	-2.250757e+00
2.020000e-06	8.250441e-07	3.136550e-11	5.745089e+00	-3.010377e-01
2.030000e-06	8.711469e-07	6.041743e-11	6.066120e+00	1.664617e+00
2.040000e-06	9.172196e-07	8.876577e-11	6.386942e+00	3.643525e+00
2.050000e-06	9.632797e-07	1.146084e-10	6.707676e+00	5.632933e+00
2.060000e-06	1.009241e-06	1.373647e-10	7.027722e+00	7.630036e+00
2.070000e-06	1.055078e-06	1.608840e-10	7.346903e+00	9.631988e+00
2.080000e-06	1.100819e-06	1.877062e-10	7.665412e+00	1.163592e+01
2.090000e-06	1.146524e-06	2.183301e-10	7.983676e+00	1.363896e+01
2.100000e-06	1.192147e-06	2.516616e-10	8.301363e+00	1.563823e+01
2.110000e-06	1.237665e-06	2.862345e-10	8.618326e+00	1.763090e+01
2.120000e-06	1.283091e-06	3.173925e-10	8.934640e+00	1.961416e+01
2.130000e-06	1.328407e-06	3.435435e-10	9.250190e+00	2.158525e+01
2.140000e-06	1.373664e-06	3.673347e-10	9.565337e+00	2.354150e+01
2.150000e-06	1.418878e-06	3.900190e-10	9.880178e+00	2.548031e+01
2.160000e-06	1.464059e-06	4.125159e-10	1.019479e+01	2.739918e+01
2.170000e-06	1.509134e-06	4.360777e-10	1.050866e+01	2.929571e+01
2.180000e-06	1.554061e-06	4.635810e-10	1.082150e+01	3.116762e+01
2.190000e-06	1.598836e-06	4.931917e-10	1.113329e+01	3.301279e+01
2.200000e-06	1.643458e-06	5.221847e-10	1.144401e+01	3.482920e+01
2.210000e-06	1.687943e-06	5.505855e-10	1.175378e+01	3.661500e+01
2.220000e-06	1.732253e-06	5.762741e-10	1.206232e+01	3.836850e+01
2.230000e-06	1.776489e-06	5.974168e-10	1.237035e+01	4.008816e+01
2.240000e-06	1.820662e-06	6.145254e-10	1.267795e+01	4.177260e+01
2.250000e-06	1.864663e-06	6.296064e-10	1.298434e+01	4.342063e+01
2.260000e-06	1.908506e-06	6.444058e-10	1.328964e+01	4.503121e+01
2.270000e-06	1.952258e-06	6.619837e-10	1.359430e+01	4.660350e+01
2.280000e-06	1.996023e-06	6.843123e-10	1.389905e+01	4.813679e+01
2.290000e-06	2.039795e-06	7.087937e-10	1.420385e+01	4.963058e+01
2.300000e-06	2.083435e-06	7.336032e-10	1.450773e+01	5.108451e+01
2.310000e-06	2.126953e-06	7.572097e-10	1.481077e+01	5.249839e+01
2.320000e-06	2.170382e-06	7.767627e-10	1.511318e+01	5.387218e+01
2.330000e-06	2.213746e-06	7.909634e-10	1.541514e+01	5.520600e+01
2.340000e-06	2.257065e-06	8.025618e-10	1.571678e+01	5.650010e+01
2.350000e-06	2.300199e-06	8.151886e-10	1.601714e+01	5.775488e+01
2.360000e-06	2.343073e-06	8.287964e-10	1.631569e+01	5.897084e+01
2.370000e-06	2.385606e-06	8.453781e-10	1.661187e+01	6.014862e+01
2.380000e-06	2.427776e-06	8.648069e-10	1.690551e+01	6.128895e+01
2.390000e-06	2.469732e-06	8.835836e-10	1.719766e+01	6.239265e+01
2.400000e-06	2.511444e-06	9.012234e-10	1.748812e+01	6.346064e+01
2.410000e-06	2.552780e-06	9.177261e-10	1.777596e+01	6.449389e+01
2.420000e-06	2.593729e-06	9.314794e-10	1.806110e+01	6.549343e+01
2.430000e-06	2.634403e-06	9.443415e-10	1.834433e+01	6.646037e+01
2.440000e-06	2.674914e-06	9.577139e-10	1.862642e+01	6.739582e+01
2.450000e-06	2.715207e-06	9.706527e-10	1.890700e+01	6.830092e+01
2.460000e-06	2.755265e-06	9.831633e-10	1.918594e+01	6.917685e+01
2.470000e-06	2.795173e-06	9.946205e-10	1.946383e+01	7.002476e+01
2.480000e-06	2.834984e-06	1.005707e-09	1.974105e+01	7.084582e+01
2.490000e-06	2.874702e-06	1.016327e-09	2.001762e+01	7.164117e+01
2.500000e-06	2.914284e-06	1.027687e-09	2.029325e+01	7.241193e+01
2.510000e-06	2.953749e-06	1.043322e-09	2.056805e+01	7.315920e+01
2.520000e-06	2.992988e-06	1.057711e-09	2.084129e+01	7.388402e+01
2.530000e-06	3.031975e-06	1.070011e-09	2.111277e+01	7.458739e+01
2.540000e-06	3.070760e-06	1.081834e-09	2.138284e+01	7.527027e+01
2.550000e-06	3.109315e-06	1.091117e-09	2.165132e+01	7.593356e+01
2.560000e-06	3.147634e-06	1.096804e-09	2.191815e+01	7.657809e+01
2.570000e-06	3.185681e-06	1.100111e-09	2.218308e+01	7.720465e+01
2.580000e-06	3.223552e-06	1.105287e-09	2.244679e+01	7.781393e+01
2.590000e-06	3.261297e-06	1.114007e-09	2.270963e+01	7.840660e+01
2.600000e-06	3.298854e-06	1.127443e-09	2.297115e+01	7.898323e+01
2.610000e-06	3.336219e-06	1.143055e-09	2.323134e+01	7.954433e+01
2.620000e-06	3.373321e-06	1.159368e-09	2.348969e+01	8.009038e+01
2.630000e-06	3.410097e-06	1.171241e-09	2.374578e+01	8.062175e+01
2.640000e-06	3.446531e-06	1.176928e-09	2.399948e+01	8.113879e+01
2.650000e-06	3.482711e-06	1.178427e-09	2.425142e+01	8.164179e+01
2.660000e-06	3.518719e-06	1.178833e-09	2.450215e+01	8.213096e+01
2.670000e-06	3.554572e-06	1.181288e-09	2.475181e+01	8.260651e+01
2.680000e-06	3.590341e-06	1.186344e-09	2.500088e+01	8.306859e+01
2.690000e-06	3.626006e-06	1.196665e-09	2.524923e+01	8.351729e+01
2.700000e-06	3.661508e-06	1.209372e-09	2.549645e+01	8.395272e+01
2.710000e-06	3.696839e-06	1.219029e-09	2.574247e+01	8.437493e+01
2.720000e-06	3.731975e-06	1.224321e-09	2.598713e+01	8.478395e+01
2.730000e-06	3.766780e-06	1.225723e-09	2.622949e+01	8.517983e+01
2.740000e-06	3.801128e-06	1.225491e-09	2.646867e+01	8.556259e+01
2.750000e-06	3.834977e-06	1.225450e-09	2.670437e+01	8.593224e+01
2.760000e-06	3.868390e-06	1.227846e-09	2.693704e+01	8.628882e+01
2.770000e-06	3.901329e-06	1.233980e-09	2.716641e+01	8.663237e+01
2.780000e-06	3.933791e-06	1.242004e-09	2.739245e+01	8.696292e+01
2.790000e-06	3.965974e-06	1.250215e-09	2.761655e+01	8.728056e+01
2.800000e-06	3.997948e-06	1.257223e-09	2.783920e+01	8.758537e+01
2.810000e-06	4.029735e-06	1.261348e-09	2.806055e+01	8.787746e+01
2.820000e-06	4.061370e-06	1.263455e-09	2.828083e+01	8.815699e+01
2.830000e-06	4.092783e-06	1.266773e-09	2.849957e+01	8.842411e+01
2.840000e-06	4.123971e-06	1.271777e-09	2.871675e+01	8.867904e+01
2.850000e-06	4.154978e-06	1.275990e-09	2.893266e+01	8.892201e+01
2.860000e-06	4.185724e-06	1.279039e-09	2.914676e+01	8.915329e+01
2.870000e-06	4.216125e-06	1.282361e-09	2.935845e+01	8.937317e+01
2.880000e-06	4.246183e-06	1.284442e-09	2.956775e+01	8.958200e+01
2.890000e-06	4.275884e-06	1.286330e-09	2.977457e+01	8.978012e+01
2.900000e-06	4.305218e-06	1.291062e-09	2.997884e+01	8.996794e+01
2.910000e-06	4.334282e-06	1.297374e-09	3.018122e+01	9.014586e+01
2.920000e-06	4.363062e-06	1.303388e-09	3.038163e+01	9.031433e+01
2.930000e-06	4.391569e-06	1.308075e-09	3.058013e+01	9.047380e+01
2.940000e-06	4.419898e-06	1.309467e-09	3.077739e+01	9.062475e+01
2.950000e-06	4.448001e-06	1.309722e-09	3.097308e+01	9.076767e+01
2.960000e-06	4.475849e-06	1.309592e-09	3.116700e+01	9.090304e+01
2.970000e-06	4.503491e-06	1.310666e-09	3.135948e+01	9.103138e+01
2.980000e-06	4.530932e-06	1.313673e-09	3.155057e+01	9.115319e+01
2.990000e-06	4.558087e-06	1.316692e-09	3.173966e+01	9.126895e+01
3.000000e-06	4.584824e-06	1.320876e-09	3.192584e+01	9.137915e+01
3.010000e-06	4.611075e-06	1.327054e-09	3.210863e+01	9.148427e+01
3.020000e-06	4.636858e-06	1.333525e-09	3.228817e+01	9.158478e+01
3.030000e-06	4.662129e-06	1.337873e-09	3.246414e+01	9.168109e+01
3.040000e-06	4.686825e-06	1.340222e-09	3.263611e+01	9.177364e+01
3.050000e-06	4.711013e-06	1.339838e-09	3.280454e+01	9.186280e+01
3.060000e-06	4.734888e-06	1.336343e-09	3.297079e+01	9.194892e+01
3.070000e-06	4.758579e-06	1.333823e-09	3.313576e+01	9.203234e+01
3.080000e-06	4.782063e-06	1.335481e-09	3.329929e+01	9.211333e+01
3.090000e-06	4.805186e-06	1.339318e-09	3.346030e+01	9.219215e+01
3.100000e-06	4.827882e-06	1.343691e-09	3.361834e+01	9.226900e+01
3.110000e-06	4.850272e-06	1.348503e-09	3.377425e+01	9.234407e+01
3.120000e-06	4.872344e-06	1.352617e-09	3.392795e+01	9.241748e+01
3.130000e-06	4.894126e-06	1.354263e-09	3.407962e+01	9.248933e+01
3.140000e-06	4.915685e-06	1.351521e-09	3.422975e+01	9.255968e+01
3.150000e-06	4.936898e-06	1.349266e-09	3.437746e+01	9.262854e+01
3.160000e-06	4.957669e-06	1.348306e-09	3.452210e+01	9.269591e+01
3.170000e-06	4.978069e-06	1.346702e-09	3.466415e+01	9.276173e+01
3.180000e-06	4.998172e-06	1.346618e-09	3.480414e+01	9.282593e+01
3.190000e-06	5.018036e-06	1.348475e-09	3.494246e+01	9.288840e+01
3.200000e-06	5.037700e-06	1.351343e-09	3.507938e+01	9.294901e+01
3.210000e-06	5.057090e-06	1.353396e-09	3.521440e+01	9.300761e+01
3.220000e-06	5.076232e-06	1.356151e-09	3.534769e+01	9.306403e+01
3.230000e-06	5.095097e-06	1.359426e-09	3.547906e+01	9.311809e+01
3.240000e-06	5.113497e-06	1.362538e-09	3.560718e+01	9.316960e+01
3.250000e-06	5.131416e-06	1.363826e-09	3.573196e+01	9.321837e+01
3.260000e-06	5.148892e-06	1.363747e-09	3.585365e+01	9.326419e+01
3.270000e-06	5.166004e-06	1.363439e-09	3.597281e+01	9.330688e+01
3.280000e-06	5.182818e-06	1.362207e-09	3.608989e+01	9.334624e+01
3.290000e-06	5.199319e-06	1.362494e-09	3.620480e+01	9.338210e+01
3.300000e-06	5.215464e-06	1.363980e-09	3.631722e+01	9.341429e+01
3.310000e-06	5.231259e-06	1.366515e-09	3.642720e+01	9.344268e+01
3.320000e-06	5.246591e-06	1.372472e-09	3.653396e+01	9.346713e+01
3.330000e-06	5.261271e-06	1.377689e-09	3.663619e+01	9.348755e+01
3.340000e-06	5.275484e-06	1.382418e-09	3.673516e+01	9.350385e+01
3.350000e-06	5.289446e-06	1.384321e-09	3.683238e+01	9.351600e+01
3.360000e-06	5.303070e-06	1.382351e-09	3.692725e+01	9.352397e+01
3.370000e-06	5.316248e-06	1.378675e-09	3.701901e+01	9.352776e+01
3.380000e-06	5.328985e-06	1.376228e-09	3.710771e+01	9.352744e+01
3.390000e-06	5.341291e-06	1.377196e-09	3.719340e+01	9.352305e+01
3.400000e-06	5.353220e-06	1.379410e-09	3.727646e+01	9.351471e+01
3.410000e-06	5.364855e-06	1.383941e-09	3.735748e+01	9.350255e+01
3.420000e-06	5.376191e-06	1.388662e-09	3.743642e+01	9.348673e+01
3.430000e-06	5.387132e-06	1.392114e-09	3.751260e+01	9.346743e+01
3.440000e-06	5.397542e-06	1.391438e-09	3.758510e+01	9.344486e+01
3.450000e-06	5.407326e-06	1.390841e-09	3.765322e+01	9.341926e+01
3.460000e-06	5.416470e-06	1.389578e-09	3.771690e+01	9.339088e+01
3.470000e-06	5.425055e-06	1.385243e-09	3.777668e+01	9.335998e+01
3.480000e-06	5.433217e-06	1.382501e-09	3.783351e+01	9.332685e+01
3.490000e-06	5.441075e-06	1.383225e-09	3.788823e+01	9.329177e+01
3.500000e-06	5.448686e-06	1.387403e-09	3.794123e+01	9.325504e+01
3.510000e-06	5.456023e-06	1.393212e-09	3.799232e+01	9.321696e+01
3.520000e-06	5.462999e-06	1.398749e-09	3.804090e+01	9.317781e+01
3.530000e-06	5.469590e-06	1.401588e-09	3.808680e+01	9.313788e+01
3.540000e-06	5.475776e-06	1.401982e-09	3.812987e+01	9.309744e+01
3.550000e-06	5.481529e-06	1.400527e-09	3.816993e+01	9.305676e+01
3.560000e-06	5.486929e-06	1.397768e-09	3.820753e+01	9.301608e+01
3.570000e-06	5.492031e-06	1.394761e-09	3.824306e+01	9.297562e+01
3.580000e-06	5.496698e-06	1.394561e-09	3.827556e+01	9.293558e+01
3.590000e-06	5.500879e-06	1.395596e-09	3.830467e+01	9.289612e+01
3.600000e-06	5.504733e-06	1.397512e-09	3.833151e+01	9.285738e+01
3.610000e-06	5.508394e-06	1.401152e-09	3.835700e+01	9.281948e+01
3.620000e-06	5.511896e-06	1.403112e-09	3.838138e+01	9.278247e+01
3.630000e-06	5.515169e-06	1.403060e-09	3.840418e+01	9.274641e+01
3.640000e-06	5.518030e-06	1.403560e-09	3.842410e+01	9.271128e+01
3.650000e-06	5.520334e-06	1.403604e-09	3.844014e+01	9.267706e+01
3.660000e-06	5.522013e-06	1.403033e-09	3.845183e+01	9.264367e+01
3.670000e-06	5.522935e-06	1.401801e-09	3.845825e+01	9.261100e+01
3.680000e-06	5.523186e-06	1.399281e-09	3.846000e+01	9.257891e+01
3.690000e-06	5.523143e-06	1.397173e-09	3.845970e+01	9.254723e+01
3.700000e-06	5.522967e-06	1.396938e-09	3.845848e+01	9.251574e+01
3.710000e-06	5.522610e-06	1.399883e-09	3.845599e+01	9.248421e+01
3.720000e-06	5.521977e-06	1.404916e-09	3.845159e+01	9.245237e+01
3.730000e-06	5.520927e-06	1.408352e-09	3.844427e+01	9.241994e+01
3.740000e-06	5.519407e-06	1.409475e-09	3.843368e+01	9.238661e+01
3.750000e-06	5.517496e-06	1.410820e-09	3.842038e+01	9.235207e+01
3.760000e-06	5.515289e-06	1.411840e-09	3.840501e+01	9.231596e+01
3.770000e-06	5.512765e-06	1.412409e-09	3.838744e+01	9.227797e+01
3.780000e-06	5.509855e-06	1.388113e-09	3.836717e+01	9.223773e+01
3.790000e-06	5.506439e-06	1.335827e-09	3.834338e+01	9.219490e+01
3.800000e-06	5.502468e-06	1.324318e-09	3.831574e+01	9.214915e+01
3.810000e-06	5.498133e-06	1.370868e-09	3.828555e+01	9.210014e+01
3.820000e-06	5.493668e-06	1.464289e-09	3.825446e+01	9.204756e+01
3.830000e-06	5.489108e-06	1.457186e-09	3.822270e+01	9.199112e+01
3.840000e-06	5.484179e-06	1.384846e-09	3.818838e+01	9.193053e+01
3.850000e-06	5.478577e-06	1.378453e-09	3.814938e+01	9.186556e+01
3.860000e-06	5.472455e-06	1.411457e-09	3.810674e+01	9.179597e+01
3.870000e-06	5.465998e-06	1.427930e-09	3.806178e+01	9.172157e+01
3.880000e-06	5.459055e-06	1.366907e-09	3.801344e+01	9.164223e+01
3.890000e-06	5.451496e-06	1.393575e-09	3.796079e+01	9.155781e+01
3.900000e-06	5.443488e-06	1.453277e-09	3.790503e+01	9.146824e+01
3.910000e-06	5.435237e-06	1.445423e-09	3.784758e+01	9.137349e+01
3.920000e-06	5.426714e-06	1.347559e-09	3.778823e+01	9.127355e+01
3.930000e-06	5.417829e-06	1.338679e-09	3.772636e+01	9.116848e+01
3.940000e-06	5.408663e-06	1.424931e-09	3.766254e+01	9.105836e+01
3.950000e-06	5.399185e-06	1.447066e-09	3.759654e+01	9.094331e+01
3.960000e-06	5.389187e-06	1.391846e-09	3.752692e+01	9.082349e+01
3.970000e-06	5.378675e-06	1.378702e-09	3.745372e+01	9.069913e+01
3.980000e-06	5.367891e-06	1.426220e-09	3.737862e+01	9.057044e+01
3.990000e-06	5.356832e-06	1.401016e-09	3.730162e+01	9.043770e+01
4.000000e-06	5.345228e-06	1.340290e-09	3.722082e+01	9.030122e+01
4.010000e-06	5.333175e-06	1.330032e-09	3.713688e+01	9.016131e+01
4.020000e-06	5.320805e-06	1.378730e-09	3.705075e+01	9.001833e+01
4.030000e-06	5.307926e-06	1.374855e-09	3.696107e+01	8.987265e+01
4.040000e-06	5.294549e-06	1.360240e-09	3.686791e+01	8.972464e+01
4.050000e-06	5.280795e-06	1.360852e-09	3.677214e+01	8.957470e+01
4.060000e-06	5.266594e-06	1.386939e-09	3.667326e+01	8.942322e+01
4.070000e-06	5.251711e-06	1.355051e-09	3.656962e+01	8.927060e+01
4.080000e-06	5.236177e-06	1.334550e-09	3.646145e+01	8.911723e+01
4.090000e-06	5.220302e-06	1.356393e-09	3.635091e+01	8.896349e+01
4.100000e-06	5.204179e-06	1.383661e-09	3.623864e+01	8.880974e+01
4.110000e-06	5.187692e-06	1.352815e-09	3.612383e+01	8.865635e+01
4.120000e-06	5.170921e-06	1.336342e-09	3.600705e+01	8.850364e+01
4.130000e-06	5.153930e-06	1.368989e-09	3.588874e+01	8.835190e+01
4.140000e-06	5.136456e-06	1.378070e-09	3.576705e+01	8.820141e+01
4.150000e-06	5.118563e-06	1.345431e-09	3.564246e+01	8.805240e+01
4.160000e-06	5.100400e-06	1.345367e-09	3.551599e+01	8.790508e+01
4.170000e-06	5.081856e-06	1.363273e-09	3.538686e+01	8.775961e+01
4.180000e-06	5.062935e-06	1.340543e-09	3.525511e+01	8.761610e+01
4.190000e-06	5.043721e-06	1.332819e-09	3.512131e+01	8.747464e+01
4.200000e-06	5.024232e-06	1.358303e-09	3.498560e+01	8.733527e+01
4.210000e-06	5.004395e-06	1.358082e-09	3.484747e+01	8.719796e+01
4.220000e-06	4.984242e-06	1.327751e-09	3.470713e+01	8.706267e+01
4.230000e-06	4.963910e-06	1.349337e-09	3.456556e+01	8.692931e+01
4.240000e-06	4.943315e-06	1.364620e-09	3.442214e+01	8.679773e+01
4.250000e-06	4.922341e-06	1.338093e-09	3.427610e+01	8.666776e+01
4.260000e-06	4.900933e-06	1.329630e-09	3.412702e+01	8.653917e+01
4.270000e-06	4.878938e-06	1.356936e-09	3.397386e+01	8.641172e+01
4.280000e-06	4.856335e-06	1.328650e-09	3.381647e+01	8.628512e+01
4.290000e-06	4.833194e-06	1.302464e-09	3.365533e+01	8.615904e+01
4.300000e-06	4.809659e-06	1.329403e-09	3.349145e+01	8.603316e+01
4.310000e-06	4.785803e-06	1.340831e-09	3.332533e+01	8.590710e+01
4.320000e-06	4.761660e-06	1.306971e-09	3.315721e+01	8.578049e+01
4.330000e-06	4.737364e-06	1.327809e-09	3.298803e+01	8.565293e+01
4.340000e-06	4.712869e-06	1.356100e-09	3.281746e+01	8.552401e+01
4.350000e-06	4.688051e-06	1.330952e-09	3.264465e+01	8.539333e+01
4.360000e-06	4.662849e-06	1.315784e-09	3.246915e+01	8.526049e+01
4.370000e-06	4.637224e-06	1.340981e-09	3.229072e+01	8.512508e+01
4.380000e-06	4.611251e-06	1.323745e-09	3.210986e+01	8.498671e+01
4.390000e-06	4.585020e-06	1.305959e-09	3.192720e+01	8.484502e+01
4.400000e-06	4.558484e-06	1.329983e-09	3.174242e+01	8.469963e+01
4.410000e-06	4.531665e-06	1.327448e-09	3.155567e+01	8.455023e+01
4.420000e-06	4.504555e-06	1.297112e-09	3.136690e+01	8.439651e+01
4.430000e-06	4.477031e-06	1.308367e-09	3.117524e+01	8.423818e+01
4.440000e-06	4.449159e-06	1.321797e-09	3.098115e+01	8.407501e+01
4.450000e-06	4.421123e-06	1.303130e-09	3.078593e+01	8.390678e+01
4.460000e-06	4.392944e-06	1.306671e-09	3.058971e+01	8.373333e+01
4.470000e-06	4.364554e-06	1.320276e-09	3.039201e+01	8.355453e+01
4.480000e-06	4.335998e-06	1.303992e-09	3.019317e+01	8.337027e+01
4.490000e-06	4.307169e-06	1.291468e-09	2.999242e+01	8.318052e+01
4.500000e-06	4.277872e-06	1.297884e-09	2.978842e+01	8.298527e+01
4.510000e-06	4.248106e-06	1.287317e-09	2.958114e+01	8.278453e+01
4.520000e-06	4.217896e-06	1.279916e-09	2.937078e+01	8.257837e+01
4.530000e-06	4.187208e-06	1.290397e-09	2.915709e+01	8.236691e+01
4.540000e-06	4.155992e-06	1.298659e-09	2.893972e+01	8.215028e+01
4.550000e-06	4.124379e-06	1.292324e-09	2.871959e+01	8.192866e+01
4.560000e-06	4.092526e-06	1.293363e-09	2.849778e+01	8.170224e+01
4.570000e-06	4.060420e-06	1.288600e-09	2.827422e+01	8.147125e+01
4.580000e-06	4.028125e-06	1.276680e-09	2.804934e+01	8.123595e+01
4.590000e-06	3.995666e-06	1.269982e-09	2.782331e+01	8.099660e+01
4.600000e-06	3.962970e-06	1.272884e-09	2.759564e+01	8.075348e+01
4.610000e-06	3.929980e-06	1.268851e-09	2.736592e+01	8.050690e+01
4.620000e-06	3.896686e-06	1.269274e-09	2.713408e+01	8.025714e+01
4.630000e-06	3.863138e-06	1.272683e-09	2.690047e+01	8.000451e+01
4.640000e-06	3.829377e-06	1.270369e-09	2.666538e+01	7.974930e+01
4.650000e-06	3.795385e-06	1.262301e-09	2.642868e+01	7.949181e+01
4.660000e-06	3.761133e-06	1.264598e-09	2.619017e+01	7.923231e+01
4.670000e-06	3.726584e-06	1.264124e-09	2.594959e+01	7.897105e+01
4.680000e-06	3.691761e-06	1.257132e-09	2.570710e+01	7.870827e+01
4.690000e-06	3.656696e-06	1.255274e-09	2.546294e+01	7.844419e+01
4.700000e-06	3.621365e-06	1.254181e-09	2.521691e+01	7.817900e+01
4.710000e-06	3.585770e-06	1.245319e-09	2.496905e+01	7.791284e+01
4.720000e-06	3.549941e-06	1.242317e-09	2.471956e+01	7.764583e+01
4.730000e-06	3.513952e-06	1.246166e-09	2.446896e+01	7.737807e+01
4.740000e-06	3.477824e-06	1.244592e-09	2.421738e+01	7.710960e+01
4.750000e-06	3.441521e-06	1.240523e-09	2.396459e+01	7.684042e+01
4.760000e-06	3.405062e-06	1.237908e-09	2.371072e+01	7.657051e+01
4.770000e-06	3.368447e-06	1.230921e-09	2.345575e+01	7.629980e+01
4.780000e-06	3.331543e-06	1.221447e-09	2.319878e+01	7.602818e+01
4.790000e-06	3.294288e-06	1.219326e-09	2.293936e+01	7.575550e+01
4.800000e-06	3.256749e-06	1.217574e-09	2.267796e+01	7.548157e+01
4.810000e-06	3.218925e-06	1.213097e-09	2.241457e+01	7.520618e+01
4.820000e-06	3.180753e-06	1.210468e-09	2.214877e+01	7.492908e+01
4.830000e-06	3.142180e-06	1.211526e-09	2.188017e+01	7.464998e+01
4.840000e-06	3.103172e-06	1.207224e-09	2.160854e+01	7.436858e+01
4.850000e-06	3.063819e-06	1.200789e-09	2.133451e+01	7.408454e+01
4.860000e-06	3.024176e-06	1.195698e-09	2.105847e+01	7.379751e+01
4.870000e-06	2.984288e-06	1.193057e-09	2.078071e+01	7.350712e+01
4.880000e-06	2.944223e-06	1.186047e-09	2.050172e+01	7.321301e+01
4.890000e-06	2.904029e-06	1.181108e-09	2.022184e+01	7.291477e+01
4.900000e-06	2.863758e-06	1.172047e-09	1.994141e+01	7.261202e+01
4.910000e-06	2.823374e-06	1.162542e-09	1.966020e+01	7.230438e+01
4.920000e-06	2.782886e-06	1.158173e-09	1.937828e+01	7.199146e+01
4.930000e-06	2.742238e-06	1.160678e-09	1.909523e+01	7.167289e+01
4.940000e-06	2.701434e-06	1.162611e-09	1.881109e+01	7.134830e+01
4.950000e-06	2.660433e-06	1.164698e-09	1.852558e+01	7.101736e+01
4.960000e-06	2.619192e-06	1.165064e-09	1.823841e+01	7.067975e+01
4.970000e-06	2.577803e-06	1.157294e-09	1.795021e+01	7.033515e+01
4.980000e-06	2.536204e-06	1.145121e-09	1.766053e+01	6.998331e+01
4.990000e-06	2.494419e-06	1.136946e-09	1.736957e+01	6.962396e+01
5.000000e-06	2.452465e-06	1.132010e-09	1.707743e+01	6.925689e+01
5.010000e-06	2.410338e-06	1.128967e-09	1.678408e+01	6.888191e+01
5.020000e-06	2.368072e-06	1.128665e-09	1.648977e+01	6.849887e+01
5.030000e-06	2.325654e-06	1.129834e-09	1.619440e+01	6.810761e+01
5.040000e-06	2.283044e-06	1.130245e-09	1.589769e+01	6.770806e+01
5.050000e-06	2.240242e-06	1.125965e-09	1.559964e+01	6.730011e+01
5.060000e-06	2.197282e-06	1.118929e-09	1.530050e+01	6.688373e+01
5.070000e-06	2.154171e-06	1.108460e-09	1.500030e+01	6.645889e+01
5.080000e-06	2.110877e-06	1.098132e-09	1.469882e+01	6.602556e+01
5.090000e-06	2.067441e-06	1.087930e-09	1.439636e+01	6.558374e+01
5.100000e-06	2.023895e-06	1.078899e-09	1.409314e+01	6.513346e+01
5.110000e-06	1.980224e-06	1.070759e-09	1.378904e+01	6.467473e+01
5.120000e-06	1.936442e-06	1.068109e-09	1.348417e+01	6.420756e+01
5.130000e-06	1.892497e-06	1.068401e-09	1.317816e+01	6.373196e+01
5.140000e-06	1.848491e-06	1.067630e-09	1.287173e+01	6.324793e+01
5.150000e-06	1.804457e-06	1.063828e-09	1.256510e+01	6.275546e+01
5.160000e-06	1.760321e-06	1.057844e-09	1.225777e+01	6.225451e+01
5.170000e-06	1.716092e-06	1.047765e-09	1.194979e+01	6.174499e+01
5.180000e-06	1.671774e-06	1.035707e-09	1.164119e+01	6.122682e+01
5.190000e-06	1.627414e-06	1.022890e-09	1.133229e+01	6.069984e+01
5.200000e-06	1.583019e-06	1.013704e-09	1.102315e+01	6.016385e+01
5.210000e-06	1.538560e-06	1.006068e-09	1.071357e+01	5.961862e+01
5.220000e-06	1.494022e-06	9.999542e-10	1.040343e+01	5.906383e+01
5.230000e-06	1.449386e-06	9.946955e-10	1.009261e+01	5.849913e+01
5.240000e-06	1.404697e-06	9.898310e-10	9.781426e+00	5.792409e+01
5.250000e-06	1.359968e-06	9.837520e-10	9.469962e+00	5.733820e+01
5.260000e-06	1.315205e-06	9.759307e-10	9.158266e+00	5.674090e+01
5.270000e-06	1.270349e-06	9.674737e-10	8.845912e+00	5.613155e+01
5.280000e-06	1.225334e-06	9.569090e-10	8.532459e+00	5.550942e+01
5.290000e-06	1.180155e-06	9.448575e-10	8.217856e+00	5.487373e+01
5.300000e-06	1.134870e-06	9.323223e-10	7.902526e+00	5.422361e+01
5.310000e-06	1.089483e-06	9.206461e-10	7.586475e+00	5.355813e+01
5.320000e-06	1.044026e-06	9.122405e-10	7.269942e+00	5.287628e+01
5.330000e-06	9.985822e-07	9.068750e-10	6.953500e+00	5.217699e+01
5.340000e-06	9.530185e-07	8.975648e-10	6.636223e+00	5.145914e+01
5.350000e-06	9.072576e-07	8.858969e-10	6.317573e+00	5.072153e+01
5.360000e-06	8.613283e-07	8.727646e-10	5.997750e+00	4.996293e+01
5.370000e-06	8.153068e-07	8.569355e-10	5.677285e+00	4.918206e+01
5.380000e-06	7.692479e-07	8.395030e-10	5.356560e+00	4.837762e+01
5.390000e-06	7.231776e-07	8.219828e-10	5.035755e+00	4.754826e+01
5.400000e-06	6.771262e-07	8.064724e-10	4.715082e+00	4.669264e+01
5.410000e-06	6.310390e-07	7.963817e-10	4.394160e+00	4.580940e+01
5.420000e-06	5.847733e-07	7.901890e-10	4.071994e+00	4.489719e+01
5.430000e-06	5.384427e-07	7.826187e-10	3.749377e+00	4.395469e+01
5.440000e-06	4.922141e-07	7.681098e-10	3.427470e+00	4.298058e+01
5.450000e-06	4.459732e-07	7.487762e-10	3.105478e+00	4.197361e+01
5.460000e-06	3.996273e-07	7.288385e-10	2.782754e+00	4.093256e+01
5.470000e-06	3.532211e-07	7.115677e-10	2.459610e+00	3.985630e+01
5.480000e-06	3.068047e-07	6.962471e-10	2.136396e+00	3.874375e+01
5.490000e-06	2.603627e-07	6.788605e-10	1.813002e+00	3.759395e+01
5.500000e-06	2.138769e-07	6.582398e-10	1.489305e+00	3.640601e+01
5.510000e-06	1.673432e-07	6.368942e-10	1.165273e+00	3.517916e+01
5.520000e-06	1.208520e-07	6.142152e-10	8.415371e-01	3.391277e+01
5.530000e-06	7.444248e-08	5.898230e-10	5.183707e-01	3.260632e+01
5.540000e-06	2.799940e-08	5.666391e-10	1.949703e-01	3.125945e+01
5.550000e-06	-1.844933e-08	5.491582e-10	-1.284695e-01	2.987194e+01
5.560000e-06	-6.489571e-08	5.311681e-10	-4.518930e-01	2.844372e+01
5.570000e-06	-1.113515e-07	5.068438e-10	-7.753821e-01	2.697491e+01
5.580000e-06	-1.578316e-07	4.771446e-10	-1.099040e+00	2.546577e+01
5.590000e-06	-2.043775e-07	4.460497e-10	-1.423157e+00	2.391674e+01
5.600000e-06	-2.509125e-07	4.160901e-10	-1.747197e+00	2.232846e+01
5.610000e-06	-2.973994e-07	3.875491e-10	-2.070903e+00	2.070171e+01
5.620000e-06	-3.438372e-07	3.615129e-10	-2.394267e+00	1.903749e+01
5.630000e-06	-3.902692e-07	3.358048e-10	-2.717590e+00	1.733694e+01
5.640000e-06	-4.366389e-07	3.096846e-10	-3.040479e+00	1.560141e+01
5.650000e-06	-4.829655e-07	2.809123e-10	-3.363069e+00	1.383238e+01
5.660000e-06	-5.291801e-07	2.485478e-10	-3.684878e+00	1.203153e+01
5.670000e-06	-5.752760e-07	2.138042e-10	-4.005861e+00	1.020069e+01
5.680000e-06	-6.214079e-07	1.770245e-10	-4.327095e+00	8.341841e+00
5.690000e-06	-6.674669e-07	1.408815e-10	-4.647821e+00	6.457110e+00
5.700000e-06	-7.134727e-07	1.057787e-10	-4.968176e+00	4.548755e+00
5.710000e-06	-7.595064e-07	7.301166e-11	-5.288726e+00	2.619159e+00
5.720000e-06	-8.054940e-07	4.252606e-11	-5.608955e+00	6.708152e-01
5.730000e-06	-8.513807e-07	1.197172e-11	-5.928481e+00	-1.293684e+00
5.740000e-06	-8.971248e-07	-1.829687e-11	-6.247014e+00	-3.271662e+00
5.750000e-06	-9.427062e-07	-4.969255e-11	-6.564414e+00	-5.260372e+00
5.760000e-06	-9.881734e-07	-8.463531e-11	-6.881019e+00	-7.257013e+00
5.770000e-06	-1.033605e-06	-1.208629e-10	-7.197374e+00	-9.258741e+00
5.780000e-06	-1.078945e-06	-1.552516e-10	-7.513096e+00	-1.126269e+01
5.790000e-06	-1.124212e-06	-1.888160e-10	-7.828310e+00	-1.326598e+01
5.800000e-06	-1.169428e-06	-2.217583e-10	-8.143164e+00	-1.526575e+01
5.810000e-06	-1.214572e-06	-2.573753e-10	-8.457519e+00	-1.725915e+01
5.820000e-06	-1.259613e-06	-2.936981e-10	-8.771153e+00	-1.924337e+01
5.830000e-06	-1.304456e-06	-3.286706e-10	-9.083413e+00	-2.121565e+01
5.840000e-06	-1.349164e-06	-3.614555e-10	-9.394730e+00	-2.317331e+01
5.850000e-06	-1.393799e-06	-3.925495e-10	-9.705543e+00	-2.511374e+01
5.860000e-06	-1.438362e-06	-4.212661e-10	-1.001585e+01	-2.703443e+01
5.870000e-06	-1.482880e-06	-4.514221e-10	-1.032585e+01	-2.893298e+01
5.880000e-06	-1.527337e-06	-4.826435e-10	-1.063542e+01	-3.080710e+01
5.890000e-06	-1.571737e-06	-5.132321e-10	-1.094459e+01	-3.265464e+01
5.900000e-06	-1.616075e-06	-5.444663e-10	-1.125333e+01	-3.447359e+01
5.910000e-06	-1.660400e-06	-5.755896e-10	-1.156198e+01	-3.626208e+01
5.920000e-06	-1.704704e-06	-6.047723e-10	-1.187049e+01	-3.801840e+01
5.930000e-06	-1.748922e-06	-6.328942e-10	-1.217840e+01	-3.974101e+01
5.940000e-06	-1.793051e-06	-6.606269e-10	-1.248568e+01	-4.142850e+01
5.950000e-06	-1.837094e-06	-6.865685e-10	-1.279237e+01	-4.307968e+01
5.960000e-06	-1.881046e-06	-7.121347e-10	-1.309842e+01	-4.469349e+01
5.970000e-06	-1.924882e-06	-7.389662e-10	-1.340367e+01	-4.626907e+01
5.980000e-06	-1.968595e-06	-7.674186e-10	-1.370806e+01	-4.780570e+01
5.990000e-06	-2.012154e-06	-7.944461e-10	-1.401138e+01	-4.930287e+01
6.000000e-06	-2.055559e-06	-8.184627e-10	-1.431362e+01	-5.076020e+01
6.010000e-06	-2.098802e-06	-8.400510e-10	-1.461474e+01	-5.217749e+01
6.020000e-06	-2.141884e-06	-8.590819e-10	-1.491473e+01	-5.355469e+01
6.030000e-06	-2.184845e-06	-8.785902e-10	-1.521389e+01	-5.489190e+01
6.040000e-06	-2.227644e-06	-8.993725e-10	-1.551192e+01	-5.618937e+01
6.050000e-06	-2.270239e-06	-9.206979e-10	-1.580852e+01	-5.744748e+01
6.060000e-06	-2.312691e-06	-9.395088e-10	-1.610413e+01	-5.866673e+01
6.070000e-06	-2.355035e-06	-9.550009e-10	-1.639899e+01	-5.984773e+01
6.080000e-06	-2.397236e-06	-9.702866e-10	-1.669285e+01	-6.099122e+01
6.090000e-06	-2.439268e-06	-9.875250e-10	-1.698553e+01	-6.209801e+01
6.100000e-06	-2.481162e-06	-1.007324e-09	-1.727726e+01	-6.316901e+01
6.110000e-06	-2.522820e-06	-1.029073e-09	-1.756734e+01	-6.420518e+01
6.120000e-06	-2.564199e-06	-1.052597e-09	-1.785547e+01	-6.520757e+01
6.130000e-06	-2.605426e-06	-1.073119e-09	-1.814255e+01	-6.617725e+01
6.140000e-06	-2.646530e-06	-1.089737e-09	-1.842877e+01	-6.711535e+01
6.150000e-06	-2.687361e-06	-1.101559e-09	-1.871310e+01	-6.802301e+01
6.160000e-06	-2.728009e-06	-1.111490e-09	-1.899614e+01	-6.890139e+01
6.170000e-06	-2.768522e-06	-1.122658e-09	-1.927825e+01	-6.975166e+01
6.180000e-06	-2.808874e-06	-1.135993e-09	-1.955923e+01	-7.057499e+01
6.190000e-06	-2.849163e-06	-1.150731e-09	-1.983978e+01	-7.137251e+01
6.200000e-06	-2.889359e-06	-1.167900e-09	-2.011968e+01	-7.214535e+01
6.210000e-06	-2.929389e-06	-1.185283e-09	-2.039843e+01	-7.289460e+01
6.220000e-06	-2.969297e-06	-1.198844e-09	-2.067632e+01	-7.362132e+01
6.230000e-06	-3.009128e-06	-1.209495e-09	-2.095368e+01	-7.432652e+01
6.240000e-06	-3.048740e-06	-1.217814e-09	-2.122951e+01	-7.501114e+01
6.250000e-06	-3.087997e-06	-1.225252e-09	-2.150287e+01	-7.567610e+01
6.260000e-06	-3.126888e-06	-1.232683e-09	-2.177369e+01	-7.632224e+01
6.270000e-06	-3.165485e-06	-1.240359e-09	-2.204245e+01	-7.695033e+01
6.280000e-06	-3.203705e-06	-1.252707e-09	-2.230859e+01	-7.756110e+01
6.290000e-06	-3.241449e-06	-1.266693e-09	-2.257142e+01	-7.815520e+01
6.300000e-06	-3.278779e-06	-1.280128e-09	-2.283136e+01	-7.873321e+01
6.310000e-06	-3.315795e-06	-1.293580e-09	-2.308912e+01	-7.929567e+01
6.320000e-06	-3.352487e-06	-1.304458e-09	-2.334462e+01	-7.984302e+01
6.330000e-06	-3.388874e-06	-1.312261e-09	-2.359799e+01	-8.037568e+01
6.340000e-06	-3.425135e-06	-1.316228e-09	-2.385049e+01	-8.089397e+01
6.350000e-06	-3.461310e-06	-1.319234e-09	-2.410239e+01	-8.139819e+01
6.360000e-06	-3.497377e-06	-1.324275e-09	-2.435354e+01	-8.188859e+01
6.370000e-06	-3.533299e-06	-1.331278e-09	-2.460368e+01	-8.236534e+01
6.380000e-06	-3.569048e-06	-1.338188e-09	-2.485261e+01	-8.282860e+01
6.390000e-06	-3.604576e-06	-1.346106e-09	-2.510000e+01	-8.327849e+01
6.400000e-06	-3.639844e-06	-1.357093e-09	-2.534559e+01	-8.371509e+01
6.410000e-06	-3.674852e-06	-1.366793e-09	-2.558936e+01	-8.413846e+01
6.420000e-06	-3.709582e-06	-1.373224e-09	-2.583120e+01	-8.454866e+01
6.430000e-06	-3.744035e-06	-1.380962e-09	-2.607111e+01	-8.494570e+01
6.440000e-06	-3.778253e-06	-1.387984e-09	-2.630938e+01	-8.532962e+01
6.450000e-06	-3.812192e-06	-1.391512e-09	-2.654571e+01	-8.570044e+01
6.460000e-06	-3.845762e-06	-1.394695e-09	-2.677947e+01	-8.605818e+01
6.470000e-06	-3.879023e-06	-1.399524e-09	-2.701108e+01	-8.640288e+01
6.480000e-06	-3.912036e-06	-1.404809e-09	-2.724097e+01	-8.673458e+01
6.490000e-06	-3.944801e-06	-1.410626e-09	-2.746912e+01	-8.705337e+01
6.500000e-06	-3.977300e-06	-1.417082e-09	-2.769542e+01	-8.735931e+01
6.510000e-06	-4.009561e-06	-1.422166e-09	-2.792007e+01	-8.765253e+01
6.520000e-06	-4.041676e-06	-1.427404e-09	-2.814369e+01	-8.793317e+01
6.530000e-06	-4.073649e-06	-1.433479e-09	-2.836633e+01	-8.820139e+01
6.540000e-06	-4.105390e-06	-1.438519e-09	-2.858736e+01	-8.845739e+01
6.550000e-06	-4.136806e-06	-1.439484e-09	-2.880612e+01	-8.870142e+01
6.560000e-06	-4.167715e-06	-1.438760e-09	-2.902135e+01	-8.893373e+01
6.570000e-06	-4.198182e-06	-1.438906e-09	-2.923351e+01	-8.915462e+01
6.580000e-06	-4.228241e-06	-1.441408e-09	-2.944282e+01	-8.936443e+01
6.590000e-06	-4.257695e-06	-1.445438e-09	-2.964792e+01	-8.956350e+01
6.600000e-06	-4.286682e-06	-1.450951e-09	-2.984977e+01	-8.975223e+01
6.610000e-06	-4.315414e-06	-1.459455e-09	-3.004983e+01	-8.993103e+01
6.620000e-06	-4.343912e-06	-1.465918e-09	-3.024827e+01	-9.010034e+01
6.630000e-06	-4.372198e-06	-1.468582e-09	-3.044524e+01	-9.026062e+01
6.640000e-06	-4.400297e-06	-1.468202e-09	-3.064090e+01	-9.041233e+01
6.650000e-06	-4.428173e-06	-1.465103e-09	-3.083502e+01	-9.055597e+01
6.660000e-06	-4.455807e-06	-1.461230e-09	-3.102744e+01	-9.069202e+01
6.670000e-06	-4.483131e-06	-1.458411e-09	-3.121771e+01	-9.082100e+01
6.680000e-06	-4.510139e-06	-1.459068e-09	-3.140578e+01	-9.094340e+01
6.690000e-06	-4.536840e-06	-1.462630e-09	-3.159170e+01	-9.105971e+01
6.700000e-06	-4.563196e-06	-1.467317e-09	-3.177523e+01	-9.117043e+01
6.710000e-06	-4.589271e-06	-1.473230e-09	-3.195681e+01	-9.127603e+01
6.720000e-06	-4.615019e-06	-1.478041e-09	-3.213610e+01	-9.137698e+01
6.730000e-06	-4.640346e-06	-1.480730e-09	-3.231246e+01	-9.147370e+01
6.740000e-06	-4.665295e-06	-1.480613e-09	-3.248619e+01	-9.156661e+01
6.750000e-06	-4.689945e-06	-1.478883e-09	-3.265783e+01	-9.165611e+01
6.760000e-06	-4.714389e-06	-1.476209e-09	-3.282805e+01	-9.174254e+01
6.770000e-06	-4.738663e-06	-1.473741e-09	-3.299707e+01	-9.182625e+01
6.780000e-06	-4.762716e-06	-1.472663e-09	-3.316456e+01	-9.190750e+01
6.790000e-06	-4.786491e-06	-1.472959e-09	-3.333012e+01	-9.198656e+01
6.800000e-06	-4.809954e-06	-1.474030e-09	-3.349350e+01	-9.206364e+01
6.810000e-06	-4.832950e-06	-1.477332e-09	-3.365363e+01	-9.213892e+01
6.820000e-06	-4.855351e-06	-1.481125e-09	-3.380962e+01	-9.221254e+01
6.830000e-06	-4.877119e-06	-1.483767e-09	-3.396120e+01	-9.228459e+01
6.840000e-06	-4.898318e-06	-1.484430e-09	-3.410881e+01	-9.235513e+01
6.850000e-06	-4.919174e-06	-1.482233e-09	-3.425404e+01	-9.242419e+01
6.860000e-06	-4.939722e-06	-1.479732e-09	-3.439713e+01	-9.249175e+01
6.870000e-06	-4.959995e-06	-1.477336e-09	-3.453830e+01	-9.255777e+01
6.880000e-06	-4.980109e-06	-1.477914e-09	-3.467835e+01	-9.262218e+01
6.890000e-06	-5.000011e-06	-1.482097e-09	-3.481694e+01	-9.268487e+01
6.900000e-06	-5.019579e-06	-1.488238e-09	-3.495320e+01	-9.274571e+01
6.910000e-06	-5.038785e-06	-1.494387e-09	-3.508694e+01	-9.280455e+01
6.920000e-06	-5.057625e-06	-1.495465e-09	-3.521813e+01	-9.286123e+01
6.930000e-06	-5.076087e-06	-1.492655e-09	-3.534668e+01	-9.291557e+01
6.940000e-06	-5.094215e-06	-1.488644e-09	-3.547292e+01	-9.296738e+01
6.950000e-06	-5.111968e-06	-1.482683e-09	-3.559653e+01	-9.301645e+01
6.960000e-06	-5.129389e-06	-1.476739e-09	-3.571785e+01	-9.306260e+01
6.970000e-06	-5.146525e-06	-1.474495e-09	-3.583717e+01	-9.310562e+01
6.980000e-06	-5.163365e-06	-1.475518e-09	-3.595443e+01	-9.314534e+01
6.990000e-06	-5.179931e-06	-1.477694e-09	-3.606979e+01	-9.318156e+01
7.000000e-06	-5.196193e-06	-1.482891e-09	-3.618303e+01	-9.321414e+01
7.010000e-06	-5.212193e-06	-1.486955e-09	-3.629444e+01	-9.324292e+01
7.020000e-06	-5.227857e-06	-1.487377e-09	-3.640352e+01	-9.326778e+01
7.030000e-06	-5.242959e-06	-1.485431e-09	-3.650868e+01	-9.328860e+01
7.040000e-06	-5.257432e-06	-1.483056e-09	-3.660946e+01	-9.330532e+01
7.050000e-06	-5.271319e-06	-1.482391e-09	-3.670616e+01	-9.331789e+01
7.060000e-06	-5.284557e-06	-1.482444e-09	-3.679834e+01	-9.332627e+01
7.070000e-06	-5.297286e-06	-1.482853e-09	-3.688697e+01	-9.333049e+01
7.080000e-06	-5.309681e-06	-1.483241e-09	-3.697329e+01	-9.333057e+01
7.090000e-06	-5.321736e-06	-1.481766e-09	-3.705723e+01	-9.332659e+01
7.100000e-06	-5.333450e-06	-1.479609e-09	-3.713880e+01	-9.331865e+01
7.110000e-06	-5.344823e-06	-1.477354e-09	-3.721799e+01	-9.330687e+01
7.120000e-06	-5.355847e-06	-1.473156e-09	-3.729476e+01	-9.329141e+01
7.130000e-06	-5.366467e-06	-1.468665e-09	-3.736871e+01	-9.327247e+01
7.140000e-06	-5.376695e-06	-1.466030e-09	-3.743993e+01	-9.325023e+01
7.150000e-06	-5.386588e-06	-1.468999e-09	-3.750882e+01	-9.322495e+01
7.160000e-06	-5.396069e-06	-1.473170e-09	-3.757484e+01	-9.319686e+01
7.170000e-06	-5.405168e-06	-1.471861e-09	-3.763820e+01	-9.316623e+01
7.180000e-06	-5.413942e-06	-1.467096e-09	-3.769929e+01	-9.313335e+01
7.190000e-06	-5.422387e-06	-1.461639e-09	-3.775810e+01	-9.309849e+01
7.200000e-06	-5.430633e-06	-1.457914e-09	-3.781552e+01	-9.306196e+01
7.210000e-06	-5.438673e-06	-1.457064e-09	-3.787151e+01	-9.302405e+01
7.220000e-06	-5.446320e-06	-1.459503e-09	-3.792475e+01	-9.298504e+01
7.230000e-06	-5.453494e-06	-1.464529e-09	-3.797471e+01	-9.294524e+01
7.240000e-06	-5.460126e-06	-1.467163e-09	-3.802089e+01	-9.290491e+01
7.250000e-06	-5.466062e-06	-1.464334e-09	-3.806223e+01	-9.286431e+01
7.260000e-06	-5.471317e-06	-1.458208e-09	-3.809882e+01	-9.282369e+01
7.270000e-06	-5.476109e-06	-1.452515e-09	-3.813219e+01	-9.278328e+01
7.280000e-06	-5.480605e-06	-1.448045e-09	-3.816349e+01	-9.274326e+01
7.290000e-06	-5.484826e-06	-1.444814e-09	-3.819288e+01	-9.270382e+01
7.300000e-06	-5.488804e-06	-1.442548e-09	-3.822059e+01	-9.266509e+01
7.310000e-06	-5.492466e-06	-1.440965e-09	-3.824608e+01	-9.262718e+01
7.320000e-06	-5.495753e-06	-1.441042e-09	-3.826898e+01	-9.259017e+01
7.330000e-06	-5.498722e-06	-1.442861e-09	-3.828965e+01	-9.255409e+01
7.340000e-06	-5.501352e-06	-1.445789e-09	-3.830797e+01	-9.251896e+01
7.350000e-06	-5.503659e-06	-1.446455e-09	-3.832403e+01	-9.248474e+01
7.360000e-06	-5.505589e-06	-1.441788e-09	-3.833747e+01	-9.245135e+01
7.370000e-06	-5.506953e-06	-1.434383e-09	-3.834696e+01	-9.241870e+01
7.380000e-06	-5.507879e-06	-1.429677e-09	-3.835341e+01	-9.238664e+01
7.390000e-06	-5.508567e-06	-1.427843e-09	-3.835820e+01	-9.235500e+01
7.400000e-06	-5.509054e-06	-1.426874e-09	-3.836159e+01	-9.232357e+01
