# Temperatura_=_-24.82
# Concentracion g/m^3_=_1620.0
# C_Vs_to_Am_M_A/Vsm_=_65563218390.804596
# pendiente_HvsI_1/m_=_3716.3
# ordenada_HvsI_A/m_=_1297.0
# frecuencia_Hz_=_135092.75220913143

Tiempo_(s)	Campo_(V.s)	Magnetizacion_(V.s)	Campo_(kA/m)	Magnetizacion_(A/m)
0.000000e+00	-5.520775e-06	-1.094282e-09	-3.836576e+01	-7.073553e+01
1.000000e-08	-5.520962e-06	-1.092415e-09	-3.836705e+01	-7.074002e+01
2.000000e-08	-5.520968e-06	-1.095017e-09	-3.836710e+01	-7.074804e+01
3.000000e-08	-5.520680e-06	-1.101447e-09	-3.836509e+01	-7.075960e+01
4.000000e-08	-5.519913e-06	-1.105740e-09	-3.835976e+01	-7.077468e+01
5.000000e-08	-5.518443e-06	-1.104179e-09	-3.834955e+01	-7.079322e+01
6.000000e-08	-5.516409e-06	-1.089595e-09	-3.833541e+01	-7.081511e+01
7.000000e-08	-5.513977e-06	-1.071412e-09	-3.831851e+01	-7.084022e+01
8.000000e-08	-5.510958e-06	-1.111788e-09	-3.829753e+01	-7.086838e+01
9.000000e-08	-5.507356e-06	-1.149788e-09	-3.827250e+01	-7.089941e+01
1.000000e-07	-5.503338e-06	-1.108841e-09	-3.824458e+01	-7.093306e+01
1.100000e-07	-5.499012e-06	-1.061925e-09	-3.821452e+01	-7.096910e+01
1.200000e-07	-5.494586e-06	-1.106498e-09	-3.818376e+01	-7.100723e+01
1.300000e-07	-5.489909e-06	-1.104822e-09	-3.815125e+01	-7.104717e+01
1.400000e-07	-5.484775e-06	-1.076087e-09	-3.811558e+01	-7.108860e+01
1.500000e-07	-5.479282e-06	-1.030945e-09	-3.807741e+01	-7.113120e+01
1.600000e-07	-5.473446e-06	-1.136289e-09	-3.803685e+01	-7.117462e+01
1.700000e-07	-5.467044e-06	-1.135105e-09	-3.799236e+01	-7.121852e+01
1.800000e-07	-5.460144e-06	-1.081218e-09	-3.794441e+01	-7.126255e+01
1.900000e-07	-5.453022e-06	-1.049849e-09	-3.789492e+01	-7.130638e+01
2.000000e-07	-5.445629e-06	-1.114596e-09	-3.784354e+01	-7.134965e+01
2.100000e-07	-5.437916e-06	-1.119896e-09	-3.778994e+01	-7.139203e+01
2.200000e-07	-5.429951e-06	-1.069317e-09	-3.773459e+01	-7.143321e+01
2.300000e-07	-5.421769e-06	-1.067824e-09	-3.767773e+01	-7.147287e+01
2.400000e-07	-5.413249e-06	-1.104137e-09	-3.761852e+01	-7.151071e+01
2.500000e-07	-5.404058e-06	-1.125712e-09	-3.755465e+01	-7.154648e+01
2.600000e-07	-5.394125e-06	-1.081683e-09	-3.748562e+01	-7.157993e+01
2.700000e-07	-5.383562e-06	-1.085244e-09	-3.741221e+01	-7.161082e+01
2.800000e-07	-5.372495e-06	-1.092580e-09	-3.733531e+01	-7.163897e+01
2.900000e-07	-5.361074e-06	-1.120654e-09	-3.725593e+01	-7.166421e+01
3.000000e-07	-5.349248e-06	-1.084355e-09	-3.717376e+01	-7.168640e+01
3.100000e-07	-5.336968e-06	-1.095900e-09	-3.708841e+01	-7.170543e+01
3.200000e-07	-5.324289e-06	-1.083048e-09	-3.700031e+01	-7.172122e+01
3.300000e-07	-5.311301e-06	-1.115632e-09	-3.691005e+01	-7.173372e+01
3.400000e-07	-5.297949e-06	-1.073699e-09	-3.681726e+01	-7.174294e+01
3.500000e-07	-5.284139e-06	-1.076881e-09	-3.672129e+01	-7.174886e+01
3.600000e-07	-5.269924e-06	-1.100149e-09	-3.662250e+01	-7.175155e+01
3.700000e-07	-5.255335e-06	-1.129556e-09	-3.652112e+01	-7.175107e+01
3.800000e-07	-5.240119e-06	-1.067614e-09	-3.641538e+01	-7.174753e+01
3.900000e-07	-5.224292e-06	-1.085055e-09	-3.630539e+01	-7.174103e+01
4.000000e-07	-5.208015e-06	-1.133543e-09	-3.619228e+01	-7.173174e+01
4.100000e-07	-5.191273e-06	-1.092602e-09	-3.607593e+01	-7.171981e+01
4.200000e-07	-5.174102e-06	-1.045376e-09	-3.595660e+01	-7.170543e+01
4.300000e-07	-5.156694e-06	-1.127959e-09	-3.583563e+01	-7.168880e+01
4.400000e-07	-5.138996e-06	-1.138324e-09	-3.571264e+01	-7.167013e+01
4.500000e-07	-5.120936e-06	-1.046495e-09	-3.558714e+01	-7.164965e+01
4.600000e-07	-5.102532e-06	-1.087087e-09	-3.545924e+01	-7.162757e+01
4.700000e-07	-5.083678e-06	-1.155286e-09	-3.532822e+01	-7.160414e+01
4.800000e-07	-5.064515e-06	-1.074173e-09	-3.519505e+01	-7.157959e+01
4.900000e-07	-5.045115e-06	-1.047140e-09	-3.506023e+01	-7.155414e+01
5.000000e-07	-5.025464e-06	-1.141263e-09	-3.492367e+01	-7.152804e+01
5.100000e-07	-5.005553e-06	-1.092695e-09	-3.478530e+01	-7.150148e+01
5.200000e-07	-4.985314e-06	-1.028485e-09	-3.464465e+01	-7.147470e+01
5.300000e-07	-4.964788e-06	-1.113307e-09	-3.450201e+01	-7.144789e+01
5.400000e-07	-4.943998e-06	-1.135818e-09	-3.435754e+01	-7.142123e+01
5.500000e-07	-4.922772e-06	-1.034752e-09	-3.421003e+01	-7.139490e+01
5.600000e-07	-4.901175e-06	-1.085060e-09	-3.405994e+01	-7.136904e+01
5.700000e-07	-4.879327e-06	-1.141468e-09	-3.390811e+01	-7.134380e+01
5.800000e-07	-4.857108e-06	-1.065206e-09	-3.375371e+01	-7.131929e+01
5.900000e-07	-4.834526e-06	-1.049886e-09	-3.359677e+01	-7.129560e+01
6.000000e-07	-4.811643e-06	-1.131935e-09	-3.343775e+01	-7.127281e+01
6.100000e-07	-4.788444e-06	-1.083937e-09	-3.327653e+01	-7.125097e+01
6.200000e-07	-4.764931e-06	-1.046511e-09	-3.311314e+01	-7.123012e+01
6.300000e-07	-4.741168e-06	-1.103836e-09	-3.294800e+01	-7.121025e+01
6.400000e-07	-4.717223e-06	-1.106609e-09	-3.278160e+01	-7.119137e+01
6.500000e-07	-4.692994e-06	-1.053183e-09	-3.261322e+01	-7.117344e+01
6.600000e-07	-4.668358e-06	-1.092812e-09	-3.244202e+01	-7.115643e+01
6.700000e-07	-4.643258e-06	-1.106379e-09	-3.226759e+01	-7.114025e+01
6.800000e-07	-4.617496e-06	-1.066682e-09	-3.208856e+01	-7.112483e+01
6.900000e-07	-4.591097e-06	-1.072696e-09	-3.190511e+01	-7.111008e+01
7.000000e-07	-4.564211e-06	-1.102613e-09	-3.171826e+01	-7.109588e+01
7.100000e-07	-4.536979e-06	-1.076890e-09	-3.152902e+01	-7.108212e+01
7.200000e-07	-4.509596e-06	-1.074216e-09	-3.133872e+01	-7.106867e+01
7.300000e-07	-4.482031e-06	-1.099420e-09	-3.114717e+01	-7.105538e+01
7.400000e-07	-4.454226e-06	-1.091732e-09	-3.095394e+01	-7.104212e+01
7.500000e-07	-4.426217e-06	-1.078585e-09	-3.075930e+01	-7.102874e+01
7.600000e-07	-4.397975e-06	-1.097035e-09	-3.056303e+01	-7.101509e+01
7.700000e-07	-4.369393e-06	-1.096167e-09	-3.036441e+01	-7.100102e+01
7.800000e-07	-4.340508e-06	-1.078680e-09	-3.016367e+01	-7.098639e+01
7.900000e-07	-4.311233e-06	-1.088774e-09	-2.996023e+01	-7.097104e+01
8.000000e-07	-4.281617e-06	-1.093195e-09	-2.975442e+01	-7.095485e+01
8.100000e-07	-4.251802e-06	-1.081378e-09	-2.954723e+01	-7.093767e+01
8.200000e-07	-4.221735e-06	-1.076691e-09	-2.933828e+01	-7.091937e+01
8.300000e-07	-4.191339e-06	-1.083362e-09	-2.912705e+01	-7.089983e+01
8.400000e-07	-4.160608e-06	-1.069336e-09	-2.891349e+01	-7.087895e+01
8.500000e-07	-4.129595e-06	-1.073102e-09	-2.869797e+01	-7.085661e+01
8.600000e-07	-4.098339e-06	-1.087030e-09	-2.848076e+01	-7.083273e+01
8.700000e-07	-4.066897e-06	-1.087487e-09	-2.826226e+01	-7.080721e+01
8.800000e-07	-4.035221e-06	-1.074324e-09	-2.804213e+01	-7.077998e+01
8.900000e-07	-4.003340e-06	-1.081178e-09	-2.782058e+01	-7.075096e+01
9.000000e-07	-3.971299e-06	-1.074749e-09	-2.759792e+01	-7.072010e+01
9.100000e-07	-3.938994e-06	-1.062865e-09	-2.737342e+01	-7.068735e+01
9.200000e-07	-3.906381e-06	-1.063645e-09	-2.714678e+01	-7.065265e+01
9.300000e-07	-3.873466e-06	-1.069641e-09	-2.691804e+01	-7.061598e+01
9.400000e-07	-3.840062e-06	-1.058493e-09	-2.668590e+01	-7.057728e+01
9.500000e-07	-3.806174e-06	-1.062064e-09	-2.645040e+01	-7.053653e+01
9.600000e-07	-3.771801e-06	-1.066624e-09	-2.621154e+01	-7.049370e+01
9.700000e-07	-3.736956e-06	-1.059791e-09	-2.596939e+01	-7.044876e+01
9.800000e-07	-3.701803e-06	-1.050696e-09	-2.572510e+01	-7.040168e+01
9.900000e-07	-3.666377e-06	-1.056998e-09	-2.547891e+01	-7.035243e+01
1.000000e-06	-3.630740e-06	-1.053519e-09	-2.523126e+01	-7.030098e+01
1.010000e-06	-3.594968e-06	-1.043825e-09	-2.498266e+01	-7.024728e+01
1.020000e-06	-3.559067e-06	-1.046487e-09	-2.473318e+01	-7.019130e+01
1.030000e-06	-3.523014e-06	-1.048660e-09	-2.448263e+01	-7.013298e+01
1.040000e-06	-3.486762e-06	-1.041368e-09	-2.423070e+01	-7.007227e+01
1.050000e-06	-3.450315e-06	-1.040966e-09	-2.397742e+01	-7.000911e+01
1.060000e-06	-3.413538e-06	-1.047210e-09	-2.372185e+01	-6.994342e+01
1.070000e-06	-3.376441e-06	-1.039699e-09	-2.346404e+01	-6.987512e+01
1.080000e-06	-3.339216e-06	-1.031104e-09	-2.320536e+01	-6.980412e+01
1.090000e-06	-3.301746e-06	-1.031585e-09	-2.294496e+01	-6.973031e+01
1.100000e-06	-3.263924e-06	-1.032417e-09	-2.268212e+01	-6.965359e+01
1.110000e-06	-3.225879e-06	-1.026444e-09	-2.241774e+01	-6.957384e+01
1.120000e-06	-3.187721e-06	-1.025310e-09	-2.215256e+01	-6.949093e+01
1.130000e-06	-3.149377e-06	-1.021093e-09	-2.188610e+01	-6.940472e+01
1.140000e-06	-3.110806e-06	-1.015242e-09	-2.161806e+01	-6.931507e+01
1.150000e-06	-3.071961e-06	-1.012955e-09	-2.134811e+01	-6.922183e+01
1.160000e-06	-3.032872e-06	-1.017758e-09	-2.107646e+01	-6.912484e+01
1.170000e-06	-2.993599e-06	-1.017197e-09	-2.080354e+01	-6.902394e+01
1.180000e-06	-2.954094e-06	-1.018597e-09	-2.052901e+01	-6.891897e+01
1.190000e-06	-2.914464e-06	-1.020456e-09	-2.025361e+01	-6.880977e+01
1.200000e-06	-2.874745e-06	-1.017950e-09	-1.997759e+01	-6.869618e+01
1.210000e-06	-2.834879e-06	-1.006845e-09	-1.970054e+01	-6.857803e+01
1.220000e-06	-2.794874e-06	-1.001160e-09	-1.942254e+01	-6.845516e+01
1.230000e-06	-2.754747e-06	-9.959548e-10	-1.914368e+01	-6.832742e+01
1.240000e-06	-2.714486e-06	-9.922588e-10	-1.886389e+01	-6.819467e+01
1.250000e-06	-2.674100e-06	-9.915152e-10	-1.858323e+01	-6.805677e+01
1.260000e-06	-2.633502e-06	-9.958264e-10	-1.830111e+01	-6.791358e+01
1.270000e-06	-2.592615e-06	-9.970084e-10	-1.801697e+01	-6.776498e+01
1.280000e-06	-2.551415e-06	-9.940546e-10	-1.773065e+01	-6.761086e+01
1.290000e-06	-2.509951e-06	-9.891407e-10	-1.744251e+01	-6.745113e+01
1.300000e-06	-2.468235e-06	-9.827358e-10	-1.715261e+01	-6.728569e+01
1.310000e-06	-2.426246e-06	-9.743945e-10	-1.686081e+01	-6.711447e+01
1.320000e-06	-2.383999e-06	-9.679568e-10	-1.656722e+01	-6.693739e+01
1.330000e-06	-2.341351e-06	-9.666400e-10	-1.627085e+01	-6.675442e+01
1.340000e-06	-2.298353e-06	-9.675044e-10	-1.597204e+01	-6.656550e+01
1.350000e-06	-2.255167e-06	-9.685285e-10	-1.567192e+01	-6.637061e+01
1.360000e-06	-2.211783e-06	-9.689581e-10	-1.537043e+01	-6.616970e+01
1.370000e-06	-2.168196e-06	-9.665082e-10	-1.506753e+01	-6.596276e+01
1.380000e-06	-2.124482e-06	-9.610309e-10	-1.476375e+01	-6.574978e+01
1.390000e-06	-2.080725e-06	-9.555367e-10	-1.445967e+01	-6.553074e+01
1.400000e-06	-2.036934e-06	-9.490704e-10	-1.415535e+01	-6.530561e+01
1.410000e-06	-1.993093e-06	-9.459253e-10	-1.385069e+01	-6.507438e+01
1.420000e-06	-1.949163e-06	-9.412574e-10	-1.354540e+01	-6.483702e+01
1.430000e-06	-1.905119e-06	-9.375473e-10	-1.323933e+01	-6.459349e+01
1.440000e-06	-1.861021e-06	-9.341449e-10	-1.293287e+01	-6.434373e+01
1.450000e-06	-1.816785e-06	-9.304056e-10	-1.262546e+01	-6.408768e+01
1.460000e-06	-1.772468e-06	-9.264429e-10	-1.231749e+01	-6.382523e+01
1.470000e-06	-1.728054e-06	-9.228958e-10	-1.200884e+01	-6.355627e+01
1.480000e-06	-1.683456e-06	-9.177970e-10	-1.169891e+01	-6.328065e+01
1.490000e-06	-1.638702e-06	-9.134618e-10	-1.138790e+01	-6.299818e+01
1.500000e-06	-1.593703e-06	-9.069508e-10	-1.107519e+01	-6.270863e+01
1.510000e-06	-1.548570e-06	-8.976688e-10	-1.076155e+01	-6.241176e+01
1.520000e-06	-1.503456e-06	-8.870771e-10	-1.044803e+01	-6.210723e+01
1.530000e-06	-1.458251e-06	-8.801314e-10	-1.013388e+01	-6.179472e+01
1.540000e-06	-1.412886e-06	-8.759902e-10	-9.818630e+00	-6.147379e+01
1.550000e-06	-1.367368e-06	-8.721285e-10	-9.502312e+00	-6.114400e+01
1.560000e-06	-1.321814e-06	-8.655471e-10	-9.185739e+00	-6.080482e+01
1.570000e-06	-1.276229e-06	-8.566486e-10	-8.868951e+00	-6.045568e+01
1.580000e-06	-1.230502e-06	-8.459319e-10	-8.551182e+00	-6.009595e+01
1.590000e-06	-1.184713e-06	-8.351016e-10	-8.232977e+00	-5.972493e+01
1.600000e-06	-1.138874e-06	-8.242101e-10	-7.914428e+00	-5.934188e+01
1.610000e-06	-1.092985e-06	-8.130705e-10	-7.595525e+00	-5.894598e+01
1.620000e-06	-1.047020e-06	-8.055297e-10	-7.276101e+00	-5.853637e+01
1.630000e-06	-1.000944e-06	-7.999836e-10	-6.955905e+00	-5.811211e+01
1.640000e-06	-9.548045e-07	-7.941656e-10	-6.635263e+00	-5.767223e+01
1.650000e-06	-9.086493e-07	-7.868108e-10	-6.314515e+00	-5.721570e+01
1.660000e-06	-8.624293e-07	-7.790591e-10	-5.993317e+00	-5.674145e+01
1.670000e-06	-8.161013e-07	-7.705423e-10	-5.671367e+00	-5.624835e+01
1.680000e-06	-7.697256e-07	-7.608750e-10	-5.349086e+00	-5.573526e+01
1.690000e-06	-7.233653e-07	-7.522619e-10	-5.026913e+00	-5.520098e+01
1.700000e-06	-6.770379e-07	-7.424912e-10	-4.704968e+00	-5.464430e+01
1.710000e-06	-6.306066e-07	-7.304281e-10	-4.382301e+00	-5.406400e+01
1.720000e-06	-5.840686e-07	-7.179354e-10	-4.058893e+00	-5.345883e+01
1.730000e-06	-5.374996e-07	-7.049553e-10	-3.735268e+00	-5.282756e+01
1.740000e-06	-4.909733e-07	-6.940199e-10	-3.411941e+00	-5.216893e+01
1.750000e-06	-4.444404e-07	-6.848577e-10	-3.088568e+00	-5.148174e+01
1.760000e-06	-3.977371e-07	-6.744182e-10	-2.764011e+00	-5.076479e+01
1.770000e-06	-3.509555e-07	-6.607428e-10	-2.438910e+00	-5.001690e+01
1.780000e-06	-3.040508e-07	-6.478264e-10	-2.112953e+00	-4.923696e+01
1.790000e-06	-2.571259e-07	-6.373015e-10	-1.786856e+00	-4.842389e+01
1.800000e-06	-2.102701e-07	-6.275845e-10	-1.461239e+00	-4.757668e+01
1.810000e-06	-1.634296e-07	-6.176352e-10	-1.135729e+00	-4.669439e+01
1.820000e-06	-1.165893e-07	-6.063733e-10	-8.102186e-01	-4.577617e+01
1.830000e-06	-6.970179e-08	-5.919629e-10	-4.843816e-01	-4.482123e+01
1.840000e-06	-2.282345e-08	-5.761979e-10	-1.586080e-01	-4.382892e+01
1.850000e-06	2.404508e-08	-5.613262e-10	1.670975e-01	-4.279865e+01
1.860000e-06	7.078623e-08	-5.476850e-10	4.919177e-01	-4.172998e+01
1.870000e-06	1.174584e-07	-5.379220e-10	8.162586e-01	-4.062257e+01
1.880000e-06	1.641949e-07	-5.287740e-10	1.141047e+00	-3.947622e+01
1.890000e-06	2.109425e-07	-5.173998e-10	1.465912e+00	-3.829085e+01
1.900000e-06	2.577951e-07	-4.993378e-10	1.791506e+00	-3.706653e+01
1.910000e-06	3.046635e-07	-4.784820e-10	2.117211e+00	-3.580346e+01
1.920000e-06	3.514021e-07	-4.564157e-10	2.442014e+00	-3.450199e+01
1.930000e-06	3.981263e-07	-4.343133e-10	2.766716e+00	-3.316262e+01
1.940000e-06	4.448364e-07	-4.175466e-10	3.091320e+00	-3.178600e+01
1.950000e-06	4.915422e-07	-4.035443e-10	3.415895e+00	-3.037293e+01
1.960000e-06	5.381146e-07	-3.876149e-10	3.739543e+00	-2.892435e+01
1.970000e-06	5.845219e-07	-3.690496e-10	4.062043e+00	-2.744136e+01
1.980000e-06	6.309630e-07	-3.490398e-10	4.384778e+00	-2.592518e+01
1.990000e-06	6.773845e-07	-3.270136e-10	4.707376e+00	-2.437720e+01
2.000000e-06	7.238134e-07	-3.018926e-10	5.030027e+00	-2.279893e+01
2.010000e-06	7.702374e-07	-2.760937e-10	5.352643e+00	-2.119201e+01
2.020000e-06	8.165985e-07	-2.517866e-10	5.674822e+00	-1.955820e+01
2.030000e-06	8.628572e-07	-2.277689e-10	5.996290e+00	-1.789939e+01
2.040000e-06	9.089995e-07	-2.074091e-10	6.316949e+00	-1.621757e+01
2.050000e-06	9.550794e-07	-1.868137e-10	6.637174e+00	-1.451482e+01
2.060000e-06	1.001079e-06	-1.664001e-10	6.956838e+00	-1.279331e+01
2.070000e-06	1.047021e-06	-1.424500e-10	7.276104e+00	-1.105531e+01
2.080000e-06	1.092931e-06	-1.152887e-10	7.595149e+00	-9.303133e+00
2.090000e-06	1.138743e-06	-8.881634e-11	7.913512e+00	-7.539151e+00
2.100000e-06	1.184485e-06	-6.421031e-11	8.231391e+00	-5.765786e+00
2.110000e-06	1.230225e-06	-4.017652e-11	8.549253e+00	-3.985489e+00
2.120000e-06	1.275895e-06	-1.541035e-11	8.866632e+00	-2.200729e+00
2.130000e-06	1.321442e-06	9.389533e-12	9.183152e+00	-4.139843e-01
2.140000e-06	1.366867e-06	3.604278e-11	9.498828e+00	1.372276e+00
2.150000e-06	1.412201e-06	6.267004e-11	9.813867e+00	3.155597e+00
2.160000e-06	1.457511e-06	8.642807e-11	1.012874e+01	4.933559e+00
2.170000e-06	1.502667e-06	1.100462e-10	1.044255e+01	6.703778e+00
2.180000e-06	1.547622e-06	1.342747e-10	1.075495e+01	8.463930e+00
2.190000e-06	1.592505e-06	1.598019e-10	1.106686e+01	1.021175e+01
2.200000e-06	1.637282e-06	1.850133e-10	1.137803e+01	1.194505e+01
2.210000e-06	1.681898e-06	2.107508e-10	1.168809e+01	1.366173e+01
2.220000e-06	1.726364e-06	2.369910e-10	1.199710e+01	1.535978e+01
2.230000e-06	1.770752e-06	2.612533e-10	1.230556e+01	1.703729e+01
2.240000e-06	1.815014e-06	2.835034e-10	1.261315e+01	1.869246e+01
2.250000e-06	1.859131e-06	3.026092e-10	1.291974e+01	2.032361e+01
2.260000e-06	1.903132e-06	3.216854e-10	1.322551e+01	2.192918e+01
2.270000e-06	1.947068e-06	3.404985e-10	1.353084e+01	2.350773e+01
2.280000e-06	1.991003e-06	3.619361e-10	1.383616e+01	2.505796e+01
2.290000e-06	2.034914e-06	3.835859e-10	1.414131e+01	2.657870e+01
2.300000e-06	2.078738e-06	4.048605e-10	1.444586e+01	2.806890e+01
2.310000e-06	2.122438e-06	4.275899e-10	1.474955e+01	2.952767e+01
2.320000e-06	2.166088e-06	4.492607e-10	1.505289e+01	3.095424e+01
2.330000e-06	2.209672e-06	4.683158e-10	1.535577e+01	3.234798e+01
2.340000e-06	2.253020e-06	4.825718e-10	1.565701e+01	3.370837e+01
2.350000e-06	2.296115e-06	4.971098e-10	1.595649e+01	3.503505e+01
2.360000e-06	2.338998e-06	5.144733e-10	1.625450e+01	3.632776e+01
2.370000e-06	2.381598e-06	5.329806e-10	1.655054e+01	3.758638e+01
2.380000e-06	2.423878e-06	5.515459e-10	1.684436e+01	3.881088e+01
2.390000e-06	2.465954e-06	5.700856e-10	1.713676e+01	4.000137e+01
2.400000e-06	2.507820e-06	5.862890e-10	1.742770e+01	4.115803e+01
2.410000e-06	2.549252e-06	5.994034e-10	1.771562e+01	4.228116e+01
2.420000e-06	2.590397e-06	6.127106e-10	1.800155e+01	4.337112e+01
2.430000e-06	2.631308e-06	6.264178e-10	1.828586e+01	4.442838e+01
2.440000e-06	2.671898e-06	6.406357e-10	1.856793e+01	4.545346e+01
2.450000e-06	2.712276e-06	6.555769e-10	1.884853e+01	4.644694e+01
2.460000e-06	2.752440e-06	6.706631e-10	1.912765e+01	4.740948e+01
2.470000e-06	2.792429e-06	6.854167e-10	1.940554e+01	4.834176e+01
2.480000e-06	2.832287e-06	6.978816e-10	1.968253e+01	4.924450e+01
2.490000e-06	2.872058e-06	7.086761e-10	1.995891e+01	5.011845e+01
2.500000e-06	2.911727e-06	7.190923e-10	2.023459e+01	5.096440e+01
2.510000e-06	2.951251e-06	7.297384e-10	2.050925e+01	5.178314e+01
2.520000e-06	2.990651e-06	7.413929e-10	2.078305e+01	5.257545e+01
2.530000e-06	3.029862e-06	7.534538e-10	2.105555e+01	5.334212e+01
2.540000e-06	3.068806e-06	7.673724e-10	2.132618e+01	5.408395e+01
2.550000e-06	3.107549e-06	7.810044e-10	2.159542e+01	5.480171e+01
2.560000e-06	3.146066e-06	7.905353e-10	2.186309e+01	5.549615e+01
2.570000e-06	3.184335e-06	7.953236e-10	2.212903e+01	5.616799e+01
2.580000e-06	3.222407e-06	7.992259e-10	2.239361e+01	5.681795e+01
2.590000e-06	3.260311e-06	8.053723e-10	2.265702e+01	5.744668e+01
2.600000e-06	3.297977e-06	8.144078e-10	2.291877e+01	5.805483e+01
2.610000e-06	3.335430e-06	8.270157e-10	2.317904e+01	5.864300e+01
2.620000e-06	3.372708e-06	8.418302e-10	2.343810e+01	5.921174e+01
2.630000e-06	3.409647e-06	8.535354e-10	2.369481e+01	5.976160e+01
2.640000e-06	3.446255e-06	8.592287e-10	2.394921e+01	6.029304e+01
2.650000e-06	3.482607e-06	8.615455e-10	2.420182e+01	6.080651e+01
2.660000e-06	3.518780e-06	8.640549e-10	2.445321e+01	6.130244e+01
2.670000e-06	3.554795e-06	8.684017e-10	2.470349e+01	6.178119e+01
2.680000e-06	3.590689e-06	8.743957e-10	2.495293e+01	6.224311e+01
2.690000e-06	3.626528e-06	8.831200e-10	2.520199e+01	6.268850e+01
2.700000e-06	3.662277e-06	8.926864e-10	2.545042e+01	6.311765e+01
2.710000e-06	3.697815e-06	8.987224e-10	2.569738e+01	6.353082e+01
2.720000e-06	3.732961e-06	9.012705e-10	2.594163e+01	6.392824e+01
2.730000e-06	3.767723e-06	9.030786e-10	2.618320e+01	6.431013e+01
2.740000e-06	3.802184e-06	9.070752e-10	2.642268e+01	6.467670e+01
2.750000e-06	3.836182e-06	9.123884e-10	2.665894e+01	6.502815e+01
2.760000e-06	3.869566e-06	9.187306e-10	2.689094e+01	6.536466e+01
2.770000e-06	3.902553e-06	9.265749e-10	2.712018e+01	6.568642e+01
2.780000e-06	3.935205e-06	9.345962e-10	2.734708e+01	6.599363e+01
2.790000e-06	3.967438e-06	9.416831e-10	2.757109e+01	6.628647e+01
2.800000e-06	3.999400e-06	9.473905e-10	2.779320e+01	6.656516e+01
2.810000e-06	4.031236e-06	9.505827e-10	2.801444e+01	6.682992e+01
2.820000e-06	4.062969e-06	9.500672e-10	2.823497e+01	6.708098e+01
2.830000e-06	4.094550e-06	9.503628e-10	2.845443e+01	6.731859e+01
2.840000e-06	4.125849e-06	9.552264e-10	2.867194e+01	6.754303e+01
2.850000e-06	4.156812e-06	9.611261e-10	2.888711e+01	6.775460e+01
2.860000e-06	4.187537e-06	9.681769e-10	2.910063e+01	6.795362e+01
2.870000e-06	4.217967e-06	9.772674e-10	2.931210e+01	6.814043e+01
2.880000e-06	4.248085e-06	9.826502e-10	2.952140e+01	6.831541e+01
2.890000e-06	4.277867e-06	9.824161e-10	2.972836e+01	6.847895e+01
2.900000e-06	4.307382e-06	9.806068e-10	2.993347e+01	6.863148e+01
2.910000e-06	4.336665e-06	9.808054e-10	3.013697e+01	6.877345e+01
2.920000e-06	4.365693e-06	9.838439e-10	3.033869e+01	6.890533e+01
2.930000e-06	4.394355e-06	9.887280e-10	3.053788e+01	6.902762e+01
2.940000e-06	4.422660e-06	9.953274e-10	3.073458e+01	6.914081e+01
2.950000e-06	4.450790e-06	1.001448e-09	3.093006e+01	6.924546e+01
2.960000e-06	4.478736e-06	1.004380e-09	3.112427e+01	6.934209e+01
2.970000e-06	4.506543e-06	1.005334e-09	3.131751e+01	6.943127e+01
2.980000e-06	4.534087e-06	1.004079e-09	3.150892e+01	6.951356e+01
2.990000e-06	4.561271e-06	1.000887e-09	3.169783e+01	6.958952e+01
3.000000e-06	4.588191e-06	1.000978e-09	3.188491e+01	6.965973e+01
3.010000e-06	4.614649e-06	1.005488e-09	3.206878e+01	6.972475e+01
3.020000e-06	4.640439e-06	1.009544e-09	3.224800e+01	6.978513e+01
3.030000e-06	4.665602e-06	1.011526e-09	3.242286e+01	6.984142e+01
3.040000e-06	4.690260e-06	1.012801e-09	3.259422e+01	6.989415e+01
3.050000e-06	4.714575e-06	1.014074e-09	3.276319e+01	6.994383e+01
3.060000e-06	4.738594e-06	1.014229e-09	3.293011e+01	6.999095e+01
3.070000e-06	4.762359e-06	1.015718e-09	3.309527e+01	7.003598e+01
3.080000e-06	4.785888e-06	1.019505e-09	3.325877e+01	7.007934e+01
3.090000e-06	4.809110e-06	1.021656e-09	3.342015e+01	7.012144e+01
3.100000e-06	4.831923e-06	1.021666e-09	3.357869e+01	7.016263e+01
3.110000e-06	4.854387e-06	1.020716e-09	3.373480e+01	7.020326e+01
3.120000e-06	4.876645e-06	1.020897e-09	3.388947e+01	7.024361e+01
3.130000e-06	4.898559e-06	1.022000e-09	3.404176e+01	7.028393e+01
3.140000e-06	4.920154e-06	1.021844e-09	3.419183e+01	7.032443e+01
3.150000e-06	4.941474e-06	1.024287e-09	3.433999e+01	7.036527e+01
3.160000e-06	4.962412e-06	1.027833e-09	3.448550e+01	7.040657e+01
3.170000e-06	4.983050e-06	1.027339e-09	3.462892e+01	7.044842e+01
3.180000e-06	5.003320e-06	1.023817e-09	3.476978e+01	7.049085e+01
3.190000e-06	5.023291e-06	1.019937e-09	3.490857e+01	7.053387e+01
3.200000e-06	5.043073e-06	1.017239e-09	3.504604e+01	7.057743e+01
3.210000e-06	5.062696e-06	1.016174e-09	3.518240e+01	7.062146e+01
3.220000e-06	5.082056e-06	1.017671e-09	3.531695e+01	7.066585e+01
3.230000e-06	5.100936e-06	1.020761e-09	3.544815e+01	7.071046e+01
3.240000e-06	5.119340e-06	1.024420e-09	3.557604e+01	7.075512e+01
3.250000e-06	5.137381e-06	1.027791e-09	3.570142e+01	7.079964e+01
3.260000e-06	5.155018e-06	1.029422e-09	3.582398e+01	7.084379e+01
3.270000e-06	5.172275e-06	1.029058e-09	3.594391e+01	7.088736e+01
3.280000e-06	5.189230e-06	1.028076e-09	3.606173e+01	7.093010e+01
3.290000e-06	5.205853e-06	1.028081e-09	3.617725e+01	7.097174e+01
3.300000e-06	5.222200e-06	1.028887e-09	3.629085e+01	7.101204e+01
3.310000e-06	5.238158e-06	1.030429e-09	3.640175e+01	7.105074e+01
3.320000e-06	5.253511e-06	1.032631e-09	3.650844e+01	7.108757e+01
3.330000e-06	5.268337e-06	1.034621e-09	3.661147e+01	7.112229e+01
3.340000e-06	5.282679e-06	1.037404e-09	3.671114e+01	7.115466e+01
3.350000e-06	5.296646e-06	1.041052e-09	3.680821e+01	7.118446e+01
3.360000e-06	5.310317e-06	1.045874e-09	3.690321e+01	7.121150e+01
3.370000e-06	5.323582e-06	1.049757e-09	3.699540e+01	7.123559e+01
3.380000e-06	5.336451e-06	1.051377e-09	3.708482e+01	7.125657e+01
3.390000e-06	5.348970e-06	1.051336e-09	3.717182e+01	7.127432e+01
3.400000e-06	5.361211e-06	1.050926e-09	3.725689e+01	7.128874e+01
3.410000e-06	5.373093e-06	1.051568e-09	3.733946e+01	7.129977e+01
3.420000e-06	5.384581e-06	1.053069e-09	3.741930e+01	7.130737e+01
3.430000e-06	5.395564e-06	1.055156e-09	3.749562e+01	7.131155e+01
3.440000e-06	5.405995e-06	1.057836e-09	3.756811e+01	7.131235e+01
3.450000e-06	5.415890e-06	1.061344e-09	3.763687e+01	7.130984e+01
3.460000e-06	5.425100e-06	1.064368e-09	3.770087e+01	7.130412e+01
3.470000e-06	5.433745e-06	1.064191e-09	3.776095e+01	7.129534e+01
3.480000e-06	5.442003e-06	1.062887e-09	3.781834e+01	7.128368e+01
3.490000e-06	5.450030e-06	1.061510e-09	3.787413e+01	7.126933e+01
3.500000e-06	5.457850e-06	1.061108e-09	3.792847e+01	7.125254e+01
3.510000e-06	5.465263e-06	1.063339e-09	3.797998e+01	7.123357e+01
3.520000e-06	5.472250e-06	1.067331e-09	3.802854e+01	7.121270e+01
3.530000e-06	5.478887e-06	1.072464e-09	3.807466e+01	7.119024e+01
3.540000e-06	5.485175e-06	1.074662e-09	3.811836e+01	7.116652e+01
3.550000e-06	5.491150e-06	1.074798e-09	3.815988e+01	7.114188e+01
3.560000e-06	5.496715e-06	1.072978e-09	3.819856e+01	7.111666e+01
3.570000e-06	5.501826e-06	1.069519e-09	3.823407e+01	7.109124e+01
3.580000e-06	5.506571e-06	1.068290e-09	3.826704e+01	7.106596e+01
3.590000e-06	5.510943e-06	1.070241e-09	3.829743e+01	7.104120e+01
3.600000e-06	5.515039e-06	1.073976e-09	3.832589e+01	7.101730e+01
3.610000e-06	5.518940e-06	1.076922e-09	3.835301e+01	7.099462e+01
3.620000e-06	5.522627e-06	1.078589e-09	3.837862e+01	7.097348e+01
3.630000e-06	5.525960e-06	1.079415e-09	3.840179e+01	7.095422e+01
3.640000e-06	5.528834e-06	1.079218e-09	3.842176e+01	7.093712e+01
3.650000e-06	5.531102e-06	1.079420e-09	3.843752e+01	7.092246e+01
3.660000e-06	5.532657e-06	1.080474e-09	3.844833e+01	7.091050e+01
3.670000e-06	5.533620e-06	1.081817e-09	3.845502e+01	7.090146e+01
3.680000e-06	5.534157e-06	1.082191e-09	3.845875e+01	7.089552e+01
3.690000e-06	5.534337e-06	1.083238e-09	3.846000e+01	7.089285e+01
3.700000e-06	5.534240e-06	1.083330e-09	3.845933e+01	7.089357e+01
3.710000e-06	5.533892e-06	1.083577e-09	3.845691e+01	7.089778e+01
3.720000e-06	5.533183e-06	1.085609e-09	3.845198e+01	7.090551e+01
3.730000e-06	5.532142e-06	1.085475e-09	3.844474e+01	7.091678e+01
3.740000e-06	5.530749e-06	1.086956e-09	3.843507e+01	7.093157e+01
3.750000e-06	5.528869e-06	1.098806e-09	3.842200e+01	7.094983e+01
3.760000e-06	5.526629e-06	1.121033e-09	3.840644e+01	7.097145e+01
3.770000e-06	5.524220e-06	1.102607e-09	3.838970e+01	7.099630e+01
3.780000e-06	5.521390e-06	1.027510e-09	3.837003e+01	7.102423e+01
3.790000e-06	5.517989e-06	1.039438e-09	3.834640e+01	7.105503e+01
3.800000e-06	5.514080e-06	1.121335e-09	3.831923e+01	7.108848e+01
3.810000e-06	5.509856e-06	1.088249e-09	3.828988e+01	7.112433e+01
3.820000e-06	5.505609e-06	1.092136e-09	3.826036e+01	7.116231e+01
3.830000e-06	5.501189e-06	1.092405e-09	3.822964e+01	7.120211e+01
3.840000e-06	5.496092e-06	1.148782e-09	3.819422e+01	7.124344e+01
3.850000e-06	5.490392e-06	1.099792e-09	3.815461e+01	7.128595e+01
3.860000e-06	5.484391e-06	9.852190e-10	3.811291e+01	7.132932e+01
3.870000e-06	5.478038e-06	1.069968e-09	3.806876e+01	7.137320e+01
3.880000e-06	5.471115e-06	1.176207e-09	3.802065e+01	7.141725e+01
3.890000e-06	5.463719e-06	1.161915e-09	3.796925e+01	7.146111e+01
3.900000e-06	5.455999e-06	1.002055e-09	3.791561e+01	7.150444e+01
3.910000e-06	5.447843e-06	1.065725e-09	3.785893e+01	7.154692e+01
3.920000e-06	5.439237e-06	1.141033e-09	3.779912e+01	7.158821e+01
3.930000e-06	5.430316e-06	1.096470e-09	3.773712e+01	7.162801e+01
3.940000e-06	5.421171e-06	9.933427e-10	3.767357e+01	7.166603e+01
3.950000e-06	5.411601e-06	1.102573e-09	3.760707e+01	7.170199e+01
3.960000e-06	5.401570e-06	1.167717e-09	3.753736e+01	7.173564e+01
3.970000e-06	5.391269e-06	1.079991e-09	3.746578e+01	7.176676e+01
3.980000e-06	5.380734e-06	1.029931e-09	3.739256e+01	7.179515e+01
3.990000e-06	5.369770e-06	1.102221e-09	3.731637e+01	7.182064e+01
4.000000e-06	5.358270e-06	1.114066e-09	3.723645e+01	7.184309e+01
4.010000e-06	5.346401e-06	1.023632e-09	3.715397e+01	7.186239e+01
4.020000e-06	5.334081e-06	1.026984e-09	3.706835e+01	7.187846e+01
4.030000e-06	5.321145e-06	1.080915e-09	3.697846e+01	7.189125e+01
4.040000e-06	5.307764e-06	1.111989e-09	3.688547e+01	7.190074e+01
4.050000e-06	5.294092e-06	1.047209e-09	3.679046e+01	7.190695e+01
4.060000e-06	5.279880e-06	1.034814e-09	3.669169e+01	7.190991e+01
4.070000e-06	5.264917e-06	1.074024e-09	3.658771e+01	7.190969e+01
4.080000e-06	5.249491e-06	1.131804e-09	3.648051e+01	7.190640e+01
4.090000e-06	5.233693e-06	1.052435e-09	3.637072e+01	7.190016e+01
4.100000e-06	5.217516e-06	1.019160e-09	3.625830e+01	7.189109e+01
4.110000e-06	5.201099e-06	1.103679e-09	3.614422e+01	7.187939e+01
4.120000e-06	5.184490e-06	1.128717e-09	3.602879e+01	7.186521e+01
4.130000e-06	5.167469e-06	9.970239e-10	3.591051e+01	7.184877e+01
4.140000e-06	5.150002e-06	1.054599e-09	3.578913e+01	7.183026e+01
4.150000e-06	5.132227e-06	1.170766e-09	3.566560e+01	7.180993e+01
4.160000e-06	5.114059e-06	1.068198e-09	3.553934e+01	7.178798e+01
4.170000e-06	5.095504e-06	9.903064e-10	3.541040e+01	7.176466e+01
4.180000e-06	5.076693e-06	1.155416e-09	3.527968e+01	7.174020e+01
4.190000e-06	5.057590e-06	1.137940e-09	3.514692e+01	7.171482e+01
4.200000e-06	5.038104e-06	9.878176e-10	3.501151e+01	7.168877e+01
4.210000e-06	5.018366e-06	1.095731e-09	3.487434e+01	7.166225e+01
4.220000e-06	4.998404e-06	1.176456e-09	3.473562e+01	7.163548e+01
4.230000e-06	4.978113e-06	1.015281e-09	3.459461e+01	7.160867e+01
4.240000e-06	4.957513e-06	1.040912e-09	3.445145e+01	7.158200e+01
4.250000e-06	4.936604e-06	1.182768e-09	3.430615e+01	7.155564e+01
4.260000e-06	4.915091e-06	1.059222e-09	3.415665e+01	7.152974e+01
4.270000e-06	4.892855e-06	1.009617e-09	3.400212e+01	7.150445e+01
4.280000e-06	4.870221e-06	1.165561e-09	3.384483e+01	7.147988e+01
4.290000e-06	4.847148e-06	1.122471e-09	3.368449e+01	7.145613e+01
4.300000e-06	4.823627e-06	1.003125e-09	3.352103e+01	7.143327e+01
4.310000e-06	4.799871e-06	1.119723e-09	3.335595e+01	7.141135e+01
4.320000e-06	4.775870e-06	1.146135e-09	3.318916e+01	7.139042e+01
4.330000e-06	4.751580e-06	1.035910e-09	3.302035e+01	7.137047e+01
4.340000e-06	4.727007e-06	1.081047e-09	3.284959e+01	7.135152e+01
4.350000e-06	4.702218e-06	1.151810e-09	3.267732e+01	7.133352e+01
4.360000e-06	4.677149e-06	1.070640e-09	3.250311e+01	7.131643e+01
4.370000e-06	4.651714e-06	1.075643e-09	3.232635e+01	7.130019e+01
4.380000e-06	4.625882e-06	1.135987e-09	3.214684e+01	7.128472e+01
4.390000e-06	4.599669e-06	1.102664e-09	3.196468e+01	7.126992e+01
4.400000e-06	4.573133e-06	1.067539e-09	3.178027e+01	7.125569e+01
4.410000e-06	4.546207e-06	1.105403e-09	3.159315e+01	7.124190e+01
4.420000e-06	4.518950e-06	1.094717e-09	3.140373e+01	7.122843e+01
4.430000e-06	4.491444e-06	1.071196e-09	3.121258e+01	7.121514e+01
4.440000e-06	4.463695e-06	1.089587e-09	3.101975e+01	7.120189e+01
4.450000e-06	4.435807e-06	1.101806e-09	3.082594e+01	7.118853e+01
4.460000e-06	4.407736e-06	1.083562e-09	3.063086e+01	7.117492e+01
4.470000e-06	4.379375e-06	1.093090e-09	3.043378e+01	7.116090e+01
4.480000e-06	4.350741e-06	1.106192e-09	3.023479e+01	7.114632e+01
4.490000e-06	4.321776e-06	1.096868e-09	3.003350e+01	7.113105e+01
4.500000e-06	4.292412e-06	1.089732e-09	2.982944e+01	7.111493e+01
4.510000e-06	4.262515e-06	1.098823e-09	2.962167e+01	7.109784e+01
4.520000e-06	4.231971e-06	1.090783e-09	2.940942e+01	7.107965e+01
4.530000e-06	4.200918e-06	1.082897e-09	2.919362e+01	7.106023e+01
4.540000e-06	4.169529e-06	1.098587e-09	2.897549e+01	7.103947e+01
4.550000e-06	4.137868e-06	1.098608e-09	2.875546e+01	7.101726e+01
4.560000e-06	4.105936e-06	1.087801e-09	2.853356e+01	7.099351e+01
4.570000e-06	4.073845e-06	1.100308e-09	2.831055e+01	7.096814e+01
4.580000e-06	4.041643e-06	1.107539e-09	2.808676e+01	7.094105e+01
4.590000e-06	4.009225e-06	1.087733e-09	2.786147e+01	7.091220e+01
4.600000e-06	3.976524e-06	1.092372e-09	2.763423e+01	7.088150e+01
4.610000e-06	3.943533e-06	1.100934e-09	2.740496e+01	7.084891e+01
4.620000e-06	3.910284e-06	1.090102e-09	2.717390e+01	7.081439e+01
4.630000e-06	3.876784e-06	1.085776e-09	2.694110e+01	7.077788e+01
4.640000e-06	3.843002e-06	1.099248e-09	2.670634e+01	7.073936e+01
4.650000e-06	3.808960e-06	1.087686e-09	2.646977e+01	7.069879e+01
4.660000e-06	3.774689e-06	1.077306e-09	2.623160e+01	7.065614e+01
4.670000e-06	3.740184e-06	1.088669e-09	2.599182e+01	7.061138e+01
4.680000e-06	3.705424e-06	1.097481e-09	2.575026e+01	7.056448e+01
4.690000e-06	3.670401e-06	1.089438e-09	2.550687e+01	7.051542e+01
4.700000e-06	3.634990e-06	1.097176e-09	2.526079e+01	7.046416e+01
4.710000e-06	3.599272e-06	1.102839e-09	2.501257e+01	7.041065e+01
4.720000e-06	3.563484e-06	1.090653e-09	2.476387e+01	7.035487e+01
4.730000e-06	3.527628e-06	1.083053e-09	2.451470e+01	7.029675e+01
4.740000e-06	3.491615e-06	1.090388e-09	2.426443e+01	7.023625e+01
4.750000e-06	3.455447e-06	1.084668e-09	2.401308e+01	7.017331e+01
4.760000e-06	3.419117e-06	1.081366e-09	2.376061e+01	7.010783e+01
4.770000e-06	3.382468e-06	1.093012e-09	2.350593e+01	7.003976e+01
4.780000e-06	3.345443e-06	1.099304e-09	2.324863e+01	6.996899e+01
4.790000e-06	3.307996e-06	1.093486e-09	2.298840e+01	6.989543e+01
4.800000e-06	3.270263e-06	1.094245e-09	2.272618e+01	6.981897e+01
4.810000e-06	3.232255e-06	1.094903e-09	2.246205e+01	6.973948e+01
4.820000e-06	3.193853e-06	1.086121e-09	2.219518e+01	6.965684e+01
4.830000e-06	3.155022e-06	1.083828e-09	2.192533e+01	6.957092e+01
4.840000e-06	3.115854e-06	1.089212e-09	2.165313e+01	6.948156e+01
4.850000e-06	3.076528e-06	1.090143e-09	2.137985e+01	6.938863e+01
4.860000e-06	3.037011e-06	1.089149e-09	2.110523e+01	6.929196e+01
4.870000e-06	2.997284e-06	1.095644e-09	2.082915e+01	6.919140e+01
4.880000e-06	2.957346e-06	1.096413e-09	2.055161e+01	6.908679e+01
4.890000e-06	2.917203e-06	1.092041e-09	2.027264e+01	6.897795e+01
4.900000e-06	2.876943e-06	1.088292e-09	1.999286e+01	6.886473e+01
4.910000e-06	2.836526e-06	1.085123e-09	1.971199e+01	6.874697e+01
4.920000e-06	2.796032e-06	1.080416e-09	1.943058e+01	6.862451e+01
4.930000e-06	2.755391e-06	1.083997e-09	1.914815e+01	6.849719e+01
4.940000e-06	2.714549e-06	1.091092e-09	1.886433e+01	6.836487e+01
4.950000e-06	2.673515e-06	1.097025e-09	1.857917e+01	6.822741e+01
4.960000e-06	2.632244e-06	1.098529e-09	1.829237e+01	6.808467e+01
4.970000e-06	2.590809e-06	1.100859e-09	1.800442e+01	6.793653e+01
4.980000e-06	2.549170e-06	1.095286e-09	1.771505e+01	6.778288e+01
4.990000e-06	2.507325e-06	1.086931e-09	1.742426e+01	6.762362e+01
5.000000e-06	2.465392e-06	1.082882e-09	1.713285e+01	6.745867e+01
5.010000e-06	2.423252e-06	1.079928e-09	1.684001e+01	6.728794e+01
5.020000e-06	2.380898e-06	1.079060e-09	1.654567e+01	6.711136e+01
5.030000e-06	2.338511e-06	1.081289e-09	1.625111e+01	6.692889e+01
5.040000e-06	2.295895e-06	1.085606e-09	1.595496e+01	6.674047e+01
5.050000e-06	2.253142e-06	1.086110e-09	1.565786e+01	6.654608e+01
5.060000e-06	2.210269e-06	1.082634e-09	1.535991e+01	6.634568e+01
5.070000e-06	2.167258e-06	1.079560e-09	1.506102e+01	6.613925e+01
5.080000e-06	2.124072e-06	1.074853e-09	1.476090e+01	6.592678e+01
5.090000e-06	2.080617e-06	1.069463e-09	1.445892e+01	6.570824e+01
5.100000e-06	2.036934e-06	1.066615e-09	1.415535e+01	6.548363e+01
5.110000e-06	1.993141e-06	1.063660e-09	1.385102e+01	6.525292e+01
5.120000e-06	1.949346e-06	1.064513e-09	1.354667e+01	6.501608e+01
5.130000e-06	1.905475e-06	1.064348e-09	1.324179e+01	6.477307e+01
5.140000e-06	1.861499e-06	1.060497e-09	1.293620e+01	6.452384e+01
5.150000e-06	1.817450e-06	1.054475e-09	1.263008e+01	6.426832e+01
5.160000e-06	1.773361e-06	1.047624e-09	1.232369e+01	6.400641e+01
5.170000e-06	1.729201e-06	1.043896e-09	1.201681e+01	6.373801e+01
5.180000e-06	1.684951e-06	1.044197e-09	1.170930e+01	6.346295e+01
5.190000e-06	1.640677e-06	1.046874e-09	1.140163e+01	6.318106e+01
5.200000e-06	1.596322e-06	1.044827e-09	1.109338e+01	6.289212e+01
5.210000e-06	1.551862e-06	1.040630e-09	1.078442e+01	6.259587e+01
5.220000e-06	1.507303e-06	1.029774e-09	1.047477e+01	6.229201e+01
5.230000e-06	1.462602e-06	1.021321e-09	1.016412e+01	6.198017e+01
5.240000e-06	1.417753e-06	1.016392e-09	9.852452e+00	6.165997e+01
5.250000e-06	1.372806e-06	1.013812e-09	9.540096e+00	6.133094e+01
5.260000e-06	1.327821e-06	1.013518e-09	9.227479e+00	6.099257e+01
5.270000e-06	1.282760e-06	1.011985e-09	8.914339e+00	6.064429e+01
5.280000e-06	1.237604e-06	1.009366e-09	8.600536e+00	6.028547e+01
5.290000e-06	1.192361e-06	1.004270e-09	8.286122e+00	5.991543e+01
5.300000e-06	1.146982e-06	9.989540e-10	7.970773e+00	5.953342e+01
5.310000e-06	1.101528e-06	9.923589e-10	7.654894e+00	5.913863e+01
5.320000e-06	1.056031e-06	9.827889e-10	7.338722e+00	5.873020e+01
5.330000e-06	1.010367e-06	9.746977e-10	7.021386e+00	5.830720e+01
5.340000e-06	9.646299e-07	9.684316e-10	6.703543e+00	5.786867e+01
5.350000e-06	9.188821e-07	9.630864e-10	6.385626e+00	5.741357e+01
5.360000e-06	8.730164e-07	9.573735e-10	6.066890e+00	5.694085e+01
5.370000e-06	8.270560e-07	9.504155e-10	5.747495e+00	5.644937e+01
5.380000e-06	7.810079e-07	9.457362e-10	5.427491e+00	5.593799e+01
5.390000e-06	7.348223e-07	9.374912e-10	5.106532e+00	5.540553e+01
5.400000e-06	6.885698e-07	9.266606e-10	4.785107e+00	5.485077e+01
5.410000e-06	6.423131e-07	9.157577e-10	4.463654e+00	5.427249e+01
5.420000e-06	5.960011e-07	9.095528e-10	4.141815e+00	5.366945e+01
5.430000e-06	5.496035e-07	9.053879e-10	3.819383e+00	5.304040e+01
5.440000e-06	5.031459e-07	8.985826e-10	3.496533e+00	5.238411e+01
5.450000e-06	4.566949e-07	8.879488e-10	3.173729e+00	5.169935e+01
5.460000e-06	4.103306e-07	8.776986e-10	2.851528e+00	5.098493e+01
5.470000e-06	3.639207e-07	8.675556e-10	2.529009e+00	5.023967e+01
5.480000e-06	3.174779e-07	8.562252e-10	2.206263e+00	4.946244e+01
5.490000e-06	2.710537e-07	8.440666e-10	1.883645e+00	4.865217e+01
5.500000e-06	2.245508e-07	8.320659e-10	1.560481e+00	4.780785e+01
5.510000e-06	1.780285e-07	8.187468e-10	1.237181e+00	4.692853e+01
5.520000e-06	1.315657e-07	8.011798e-10	9.142954e-01	4.601333e+01
5.530000e-06	8.514964e-08	7.827801e-10	5.917340e-01	4.506149e+01
5.540000e-06	3.869608e-08	7.665284e-10	2.689123e-01	4.407232e+01
5.550000e-06	-7.843871e-09	7.527234e-10	-5.450974e-02	4.304524e+01
5.560000e-06	-5.446009e-08	7.401378e-10	-3.784618e-01	4.197979e+01
5.570000e-06	-1.010519e-07	7.241348e-10	-7.022441e-01	4.087563e+01
5.580000e-06	-1.475095e-07	7.044290e-10	-1.025094e+00	3.973253e+01
5.590000e-06	-1.938980e-07	6.826492e-10	-1.347463e+00	3.855042e+01
5.600000e-06	-2.402150e-07	6.610521e-10	-1.669336e+00	3.732934e+01
5.610000e-06	-2.865648e-07	6.400953e-10	-1.991437e+00	3.606949e+01
5.620000e-06	-3.329642e-07	6.202688e-10	-2.313882e+00	3.477121e+01
5.630000e-06	-3.792893e-07	5.994525e-10	-2.635811e+00	3.343499e+01
5.640000e-06	-4.256048e-07	5.754771e-10	-2.957673e+00	3.206145e+01
5.650000e-06	-4.719847e-07	5.505119e-10	-3.279983e+00	3.065139e+01
5.660000e-06	-5.183043e-07	5.230990e-10	-3.601874e+00	2.920573e+01
5.670000e-06	-5.644968e-07	4.957840e-10	-3.922881e+00	2.772557e+01
5.680000e-06	-6.107063e-07	4.728580e-10	-4.244007e+00	2.621211e+01
5.690000e-06	-6.569281e-07	4.488762e-10	-4.565218e+00	2.466673e+01
5.700000e-06	-7.030481e-07	4.259786e-10	-4.885722e+00	2.309092e+01
5.710000e-06	-7.491254e-07	3.957627e-10	-5.205929e+00	2.148633e+01
5.720000e-06	-7.952216e-07	3.600787e-10	-5.526267e+00	1.985470e+01
5.730000e-06	-8.412447e-07	3.288760e-10	-5.846097e+00	1.819791e+01
5.740000e-06	-8.871432e-07	3.033831e-10	-6.165062e+00	1.651793e+01
5.750000e-06	-9.329660e-07	2.798860e-10	-6.483500e+00	1.481684e+01
5.760000e-06	-9.786211e-07	2.516128e-10	-6.800773e+00	1.309683e+01
5.770000e-06	-1.024225e-06	2.221122e-10	-7.117688e+00	1.136012e+01
5.780000e-06	-1.069853e-06	1.898459e-10	-7.434778e+00	9.609034e+00
5.790000e-06	-1.115345e-06	1.582075e-10	-7.750915e+00	7.845949e+00
5.800000e-06	-1.160766e-06	1.253991e-10	-8.066560e+00	6.073278e+00
5.810000e-06	-1.206055e-06	9.507617e-11	-8.381286e+00	4.293470e+00
5.820000e-06	-1.251160e-06	6.554467e-11	-8.694742e+00	2.508993e+00
5.830000e-06	-1.296177e-06	3.624674e-11	-9.007574e+00	7.223241e-01
5.840000e-06	-1.341150e-06	7.199850e-12	-9.320112e+00	-1.064065e+00
5.850000e-06	-1.386006e-06	-2.537013e-11	-9.631829e+00	-2.847719e+00
5.860000e-06	-1.430701e-06	-5.779003e-11	-9.942431e+00	-4.626213e+00
5.870000e-06	-1.475260e-06	-8.883647e-11	-1.025209e+01	-6.397162e+00
5.880000e-06	-1.519743e-06	-1.190573e-10	-1.056121e+01	-8.158235e+00
5.890000e-06	-1.564133e-06	-1.461165e-10	-1.086970e+01	-9.907162e+00
5.900000e-06	-1.608376e-06	-1.725422e-10	-1.117716e+01	-1.164175e+01
5.910000e-06	-1.652557e-06	-1.989578e-10	-1.148418e+01	-1.335989e+01
5.920000e-06	-1.696775e-06	-2.290114e-10	-1.179147e+01	-1.505956e+01
5.930000e-06	-1.740937e-06	-2.609976e-10	-1.209837e+01	-1.673884e+01
5.940000e-06	-1.784980e-06	-2.921699e-10	-1.240444e+01	-1.839593e+01
5.950000e-06	-1.828954e-06	-3.200352e-10	-1.271003e+01	-2.002914e+01
5.960000e-06	-1.872841e-06	-3.449315e-10	-1.301501e+01	-2.163689e+01
5.970000e-06	-1.916654e-06	-3.718508e-10	-1.331949e+01	-2.321774e+01
5.980000e-06	-1.960414e-06	-3.996180e-10	-1.362359e+01	-2.477037e+01
5.990000e-06	-2.004080e-06	-4.268633e-10	-1.392704e+01	-2.629360e+01
6.000000e-06	-2.047643e-06	-4.533020e-10	-1.422977e+01	-2.778638e+01
6.010000e-06	-2.091143e-06	-4.776748e-10	-1.453207e+01	-2.924780e+01
6.020000e-06	-2.134552e-06	-5.004362e-10	-1.483373e+01	-3.067708e+01
6.030000e-06	-2.177701e-06	-5.255987e-10	-1.513359e+01	-3.207356e+01
6.040000e-06	-2.220614e-06	-5.496099e-10	-1.543180e+01	-3.343674e+01
6.050000e-06	-2.263411e-06	-5.736188e-10	-1.572922e+01	-3.476624e+01
6.060000e-06	-2.306002e-06	-5.954500e-10	-1.602520e+01	-3.606178e+01
6.070000e-06	-2.348411e-06	-6.155373e-10	-1.631991e+01	-3.732324e+01
6.080000e-06	-2.390693e-06	-6.341185e-10	-1.661374e+01	-3.855058e+01
6.090000e-06	-2.432836e-06	-6.518616e-10	-1.690661e+01	-3.974389e+01
6.100000e-06	-2.474813e-06	-6.665293e-10	-1.719832e+01	-4.090335e+01
6.110000e-06	-2.516580e-06	-6.841701e-10	-1.748857e+01	-4.202925e+01
6.120000e-06	-2.558145e-06	-7.041577e-10	-1.777742e+01	-4.312196e+01
6.130000e-06	-2.599474e-06	-7.246600e-10	-1.806463e+01	-4.418192e+01
6.140000e-06	-2.640639e-06	-7.451573e-10	-1.835070e+01	-4.520965e+01
6.150000e-06	-2.681648e-06	-7.625152e-10	-1.863569e+01	-4.620574e+01
6.160000e-06	-2.722417e-06	-7.764679e-10	-1.891901e+01	-4.717082e+01
6.170000e-06	-2.762975e-06	-7.875160e-10	-1.920086e+01	-4.810559e+01
6.180000e-06	-2.803337e-06	-7.989878e-10	-1.948135e+01	-4.901076e+01
6.190000e-06	-2.843579e-06	-8.115936e-10	-1.976101e+01	-4.988708e+01
6.200000e-06	-2.883684e-06	-8.256171e-10	-2.003971e+01	-5.073533e+01
6.210000e-06	-2.923694e-06	-8.407668e-10	-2.031775e+01	-5.155629e+01
6.220000e-06	-2.963653e-06	-8.569601e-10	-2.059544e+01	-5.235077e+01
6.230000e-06	-3.003547e-06	-8.727615e-10	-2.087268e+01	-5.311954e+01
6.240000e-06	-3.043338e-06	-8.881474e-10	-2.114920e+01	-5.386341e+01
6.250000e-06	-3.082835e-06	-9.016930e-10	-2.142368e+01	-5.458314e+01
6.260000e-06	-3.122088e-06	-9.127560e-10	-2.169645e+01	-5.527949e+01
6.270000e-06	-3.161108e-06	-9.220127e-10	-2.196762e+01	-5.595318e+01
6.280000e-06	-3.199745e-06	-9.310885e-10	-2.223612e+01	-5.660493e+01
6.290000e-06	-3.237896e-06	-9.390446e-10	-2.250125e+01	-5.723540e+01
6.300000e-06	-3.275559e-06	-9.479236e-10	-2.276298e+01	-5.784523e+01
6.310000e-06	-3.312814e-06	-9.580410e-10	-2.302188e+01	-5.843504e+01
6.320000e-06	-3.349675e-06	-9.684276e-10	-2.327804e+01	-5.900538e+01
6.330000e-06	-3.386197e-06	-9.787167e-10	-2.353184e+01	-5.955678e+01
6.340000e-06	-3.422526e-06	-9.881429e-10	-2.378431e+01	-6.008973e+01
6.350000e-06	-3.458741e-06	-9.950694e-10	-2.403597e+01	-6.060469e+01
6.360000e-06	-3.494816e-06	-1.000708e-09	-2.428667e+01	-6.110206e+01
6.370000e-06	-3.530733e-06	-1.005311e-09	-2.453627e+01	-6.158222e+01
6.380000e-06	-3.566544e-06	-1.008518e-09	-2.478513e+01	-6.204552e+01
6.390000e-06	-3.602194e-06	-1.013292e-09	-2.503288e+01	-6.249227e+01
6.400000e-06	-3.637585e-06	-1.021870e-09	-2.527883e+01	-6.292276e+01
6.410000e-06	-3.672776e-06	-1.031014e-09	-2.552338e+01	-6.333725e+01
6.420000e-06	-3.707726e-06	-1.040748e-09	-2.576626e+01	-6.373596e+01
6.430000e-06	-3.742324e-06	-1.051450e-09	-2.600669e+01	-6.411914e+01
6.440000e-06	-3.776630e-06	-1.059909e-09	-2.624510e+01	-6.448697e+01
6.450000e-06	-3.810656e-06	-1.065885e-09	-2.648155e+01	-6.483967e+01
6.460000e-06	-3.844391e-06	-1.068914e-09	-2.671599e+01	-6.517741e+01
6.470000e-06	-3.877884e-06	-1.071108e-09	-2.694875e+01	-6.550039e+01
6.480000e-06	-3.911019e-06	-1.073879e-09	-2.717901e+01	-6.580879e+01
6.490000e-06	-3.943913e-06	-1.076596e-09	-2.740760e+01	-6.610282e+01
6.500000e-06	-3.976578e-06	-1.083510e-09	-2.763460e+01	-6.638268e+01
6.510000e-06	-4.008872e-06	-1.091949e-09	-2.785902e+01	-6.664858e+01
6.520000e-06	-4.040991e-06	-1.097014e-09	-2.808223e+01	-6.690077e+01
6.530000e-06	-4.072996e-06	-1.101508e-09	-2.830464e+01	-6.713949e+01
6.540000e-06	-4.104792e-06	-1.105927e-09	-2.852561e+01	-6.736501e+01
6.550000e-06	-4.136326e-06	-1.108322e-09	-2.874475e+01	-6.757763e+01
6.560000e-06	-4.167539e-06	-1.110609e-09	-2.896165e+01	-6.777768e+01
6.570000e-06	-4.198445e-06	-1.112798e-09	-2.917643e+01	-6.796548e+01
6.580000e-06	-4.228946e-06	-1.113779e-09	-2.938840e+01	-6.814143e+01
6.590000e-06	-4.258933e-06	-1.114041e-09	-2.959678e+01	-6.830590e+01
6.600000e-06	-4.288387e-06	-1.114716e-09	-2.980147e+01	-6.845933e+01
6.610000e-06	-4.317277e-06	-1.118573e-09	-3.000223e+01	-6.860216e+01
6.620000e-06	-4.345753e-06	-1.122329e-09	-3.020013e+01	-6.873485e+01
6.630000e-06	-4.374054e-06	-1.124562e-09	-3.039679e+01	-6.885791e+01
6.640000e-06	-4.402193e-06	-1.126501e-09	-3.059234e+01	-6.897184e+01
6.650000e-06	-4.430126e-06	-1.127549e-09	-3.078646e+01	-6.907717e+01
6.660000e-06	-4.457844e-06	-1.127397e-09	-3.097908e+01	-6.917445e+01
6.670000e-06	-4.485335e-06	-1.125793e-09	-3.117013e+01	-6.926422e+01
6.680000e-06	-4.512547e-06	-1.122785e-09	-3.135923e+01	-6.934706e+01
6.690000e-06	-4.539366e-06	-1.120487e-09	-3.154561e+01	-6.942352e+01
6.700000e-06	-4.565775e-06	-1.119569e-09	-3.172913e+01	-6.949418e+01
6.710000e-06	-4.591867e-06	-1.120346e-09	-3.191046e+01	-6.955960e+01
6.720000e-06	-4.617709e-06	-1.123570e-09	-3.209004e+01	-6.962034e+01
6.730000e-06	-4.643232e-06	-1.127236e-09	-3.226741e+01	-6.967695e+01
6.740000e-06	-4.668348e-06	-1.130097e-09	-3.244195e+01	-6.972995e+01
6.750000e-06	-4.693155e-06	-1.131603e-09	-3.261434e+01	-6.977986e+01
6.760000e-06	-4.717676e-06	-1.131892e-09	-3.278475e+01	-6.982717e+01
6.770000e-06	-4.741937e-06	-1.131016e-09	-3.295334e+01	-6.987235e+01
6.780000e-06	-4.766021e-06	-1.129813e-09	-3.312071e+01	-6.991583e+01
6.790000e-06	-4.789905e-06	-1.128703e-09	-3.328669e+01	-6.995801e+01
6.800000e-06	-4.813586e-06	-1.126071e-09	-3.345126e+01	-6.999927e+01
6.810000e-06	-4.836898e-06	-1.122596e-09	-3.361326e+01	-7.003993e+01
6.820000e-06	-4.859561e-06	-1.123074e-09	-3.377076e+01	-7.008028e+01
6.830000e-06	-4.881666e-06	-1.126168e-09	-3.392437e+01	-7.012059e+01
6.840000e-06	-4.903230e-06	-1.126265e-09	-3.407422e+01	-7.016106e+01
6.850000e-06	-4.924315e-06	-1.124531e-09	-3.422075e+01	-7.020186e+01
6.860000e-06	-4.945015e-06	-1.122839e-09	-3.436460e+01	-7.024311e+01
6.870000e-06	-4.965299e-06	-1.119561e-09	-3.450556e+01	-7.028491e+01
6.880000e-06	-4.985400e-06	-1.115966e-09	-3.464525e+01	-7.032728e+01
6.890000e-06	-5.005365e-06	-1.115093e-09	-3.478400e+01	-7.037025e+01
6.900000e-06	-5.025084e-06	-1.115519e-09	-3.492103e+01	-7.041376e+01
6.910000e-06	-5.044390e-06	-1.115258e-09	-3.505519e+01	-7.045775e+01
6.920000e-06	-5.063366e-06	-1.115167e-09	-3.518706e+01	-7.050211e+01
6.930000e-06	-5.082074e-06	-1.114352e-09	-3.531707e+01	-7.054670e+01
6.940000e-06	-5.100357e-06	-1.111976e-09	-3.544413e+01	-7.059136e+01
6.950000e-06	-5.118300e-06	-1.109708e-09	-3.556882e+01	-7.063589e+01
6.960000e-06	-5.135898e-06	-1.107564e-09	-3.569111e+01	-7.068009e+01
6.970000e-06	-5.153167e-06	-1.106096e-09	-3.581112e+01	-7.072371e+01
6.980000e-06	-5.170089e-06	-1.106610e-09	-3.592872e+01	-7.076652e+01
6.990000e-06	-5.186601e-06	-1.108840e-09	-3.604347e+01	-7.080826e+01
7.000000e-06	-5.202856e-06	-1.110274e-09	-3.615643e+01	-7.084867e+01
7.010000e-06	-5.218874e-06	-1.111274e-09	-3.626774e+01	-7.088750e+01
7.020000e-06	-5.234646e-06	-1.112329e-09	-3.637734e+01	-7.092449e+01
7.030000e-06	-5.250038e-06	-1.111794e-09	-3.648431e+01	-7.095939e+01
7.040000e-06	-5.264813e-06	-1.109853e-09	-3.658698e+01	-7.099196e+01
7.050000e-06	-5.278976e-06	-1.110662e-09	-3.668541e+01	-7.102199e+01
7.060000e-06	-5.292507e-06	-1.113270e-09	-3.677944e+01	-7.104925e+01
7.070000e-06	-5.305385e-06	-1.113197e-09	-3.686893e+01	-7.107359e+01
7.080000e-06	-5.317862e-06	-1.110583e-09	-3.695564e+01	-7.109483e+01
7.090000e-06	-5.330015e-06	-1.108488e-09	-3.704010e+01	-7.111284e+01
7.100000e-06	-5.341798e-06	-1.107204e-09	-3.712198e+01	-7.112754e+01
7.110000e-06	-5.353204e-06	-1.105668e-09	-3.720125e+01	-7.113885e+01
7.120000e-06	-5.364223e-06	-1.103954e-09	-3.727782e+01	-7.114673e+01
7.130000e-06	-5.374827e-06	-1.101538e-09	-3.735151e+01	-7.115119e+01
7.140000e-06	-5.385053e-06	-1.100048e-09	-3.742258e+01	-7.115226e+01
7.150000e-06	-5.394990e-06	-1.101286e-09	-3.749163e+01	-7.115002e+01
7.160000e-06	-5.404606e-06	-1.105197e-09	-3.755846e+01	-7.114456e+01
7.170000e-06	-5.413785e-06	-1.104738e-09	-3.762225e+01	-7.113602e+01
7.180000e-06	-5.422593e-06	-1.101923e-09	-3.768345e+01	-7.112458e+01
7.190000e-06	-5.431095e-06	-1.099557e-09	-3.774254e+01	-7.111045e+01
7.200000e-06	-5.439335e-06	-1.097224e-09	-3.779980e+01	-7.109385e+01
7.210000e-06	-5.447410e-06	-1.097002e-09	-3.785591e+01	-7.107504e+01
7.220000e-06	-5.455170e-06	-1.099956e-09	-3.790984e+01	-7.105431e+01
7.230000e-06	-5.462528e-06	-1.103649e-09	-3.796098e+01	-7.103197e+01
7.240000e-06	-5.469419e-06	-1.105723e-09	-3.800886e+01	-7.100833e+01
7.250000e-06	-5.475759e-06	-1.107132e-09	-3.805292e+01	-7.098375e+01
7.260000e-06	-5.481511e-06	-1.107646e-09	-3.809290e+01	-7.095856e+01
7.270000e-06	-5.486591e-06	-1.106901e-09	-3.812820e+01	-7.093314e+01
7.280000e-06	-5.491113e-06	-1.106715e-09	-3.815962e+01	-7.090783e+01
7.290000e-06	-5.495320e-06	-1.108428e-09	-3.818886e+01	-7.088300e+01
7.300000e-06	-5.499315e-06	-1.107953e-09	-3.821662e+01	-7.085902e+01
7.310000e-06	-5.503076e-06	-1.104333e-09	-3.824276e+01	-7.083621e+01
7.320000e-06	-5.506524e-06	-1.100192e-09	-3.826672e+01	-7.081493e+01
7.330000e-06	-5.509534e-06	-1.097952e-09	-3.828763e+01	-7.079549e+01
7.340000e-06	-5.512195e-06	-1.100610e-09	-3.830613e+01	-7.077819e+01
7.350000e-06	-5.514559e-06	-1.105750e-09	-3.832256e+01	-7.076332e+01
7.360000e-06	-5.516587e-06	-1.108702e-09	-3.833665e+01	-7.075112e+01
7.370000e-06	-5.518214e-06	-1.108771e-09	-3.834796e+01	-7.074182e+01
7.380000e-06	-5.519324e-06	-1.107744e-09	-3.835567e+01	-7.073561e+01
7.390000e-06	-5.520070e-06	-1.104615e-09	-3.836085e+01	-7.073266e+01
7.400000e-06	-5.520524e-06	-1.099299e-09	-3.836401e+01	-7.073309e+01
