# Temperatura_=_-12.38
# Concentracion g/m^3_=_1620.0
# C_Vs_to_Am_M_A/Vsm_=_65563218390.804596
# pendiente_HvsI_1/m_=_3716.3
# ordenada_HvsI_A/m_=_1297.0
# frecuencia_Hz_=_135105.22116825372

Tiempo_(s)	Campo_(V.s)	Magnetizacion_(V.s)	Campo_(kA/m)	Magnetizacion_(A/m)
0.000000e+00	-5.518437e-06	-1.294170e-09	-3.836772e+01	-8.191087e+01
1.000000e-08	-5.518648e-06	-1.296233e-09	-3.836919e+01	-8.188654e+01
2.000000e-08	-5.518629e-06	-1.299962e-09	-3.836905e+01	-8.186186e+01
3.000000e-08	-5.518424e-06	-1.300403e-09	-3.836763e+01	-8.183665e+01
4.000000e-08	-5.517812e-06	-1.295037e-09	-3.836338e+01	-8.181073e+01
5.000000e-08	-5.516557e-06	-1.288024e-09	-3.835465e+01	-8.178392e+01
6.000000e-08	-5.514637e-06	-1.282703e-09	-3.834130e+01	-8.175602e+01
7.000000e-08	-5.512212e-06	-1.277919e-09	-3.832444e+01	-8.172681e+01
8.000000e-08	-5.509302e-06	-1.269193e-09	-3.830421e+01	-8.169608e+01
9.000000e-08	-5.505798e-06	-1.259143e-09	-3.827985e+01	-8.166364e+01
1.000000e-07	-5.501824e-06	-1.301936e-09	-3.825221e+01	-8.162926e+01
1.100000e-07	-5.497531e-06	-1.361321e-09	-3.822237e+01	-8.159275e+01
1.200000e-07	-5.492977e-06	-1.326769e-09	-3.819071e+01	-8.155392e+01
1.300000e-07	-5.488193e-06	-1.208479e-09	-3.815744e+01	-8.151258e+01
1.400000e-07	-5.483138e-06	-1.209711e-09	-3.812230e+01	-8.146858e+01
1.500000e-07	-5.477695e-06	-1.305811e-09	-3.808446e+01	-8.142176e+01
1.600000e-07	-5.471855e-06	-1.342108e-09	-3.804385e+01	-8.137199e+01
1.700000e-07	-5.465620e-06	-1.243081e-09	-3.800051e+01	-8.131918e+01
1.800000e-07	-5.458949e-06	-1.204145e-09	-3.795412e+01	-8.126324e+01
1.900000e-07	-5.451858e-06	-1.286532e-09	-3.790482e+01	-8.120411e+01
2.000000e-07	-5.444482e-06	-1.314384e-09	-3.785353e+01	-8.114177e+01
2.100000e-07	-5.436879e-06	-1.250721e-09	-3.780068e+01	-8.107621e+01
2.200000e-07	-5.428949e-06	-1.211402e-09	-3.774554e+01	-8.100748e+01
2.300000e-07	-5.420712e-06	-1.268792e-09	-3.768827e+01	-8.093564e+01
2.400000e-07	-5.412190e-06	-1.292215e-09	-3.762902e+01	-8.086076e+01
2.500000e-07	-5.403182e-06	-1.254530e-09	-3.756639e+01	-8.078298e+01
2.600000e-07	-5.393394e-06	-1.209415e-09	-3.749834e+01	-8.070245e+01
2.700000e-07	-5.382827e-06	-1.240387e-09	-3.742487e+01	-8.061934e+01
2.800000e-07	-5.371707e-06	-1.256629e-09	-3.734756e+01	-8.053385e+01
2.900000e-07	-5.360228e-06	-1.243502e-09	-3.726775e+01	-8.044622e+01
3.000000e-07	-5.348385e-06	-1.219642e-09	-3.718541e+01	-8.035670e+01
3.100000e-07	-5.336186e-06	-1.242604e-09	-3.710060e+01	-8.026555e+01
3.200000e-07	-5.323626e-06	-1.252755e-09	-3.701327e+01	-8.017306e+01
3.300000e-07	-5.310544e-06	-1.228026e-09	-3.692231e+01	-8.007954e+01
3.400000e-07	-5.296984e-06	-1.202694e-09	-3.682804e+01	-7.998530e+01
3.500000e-07	-5.283136e-06	-1.229739e-09	-3.673176e+01	-7.989065e+01
3.600000e-07	-5.268912e-06	-1.246409e-09	-3.663286e+01	-7.979592e+01
3.700000e-07	-5.254218e-06	-1.217107e-09	-3.653070e+01	-7.970142e+01
3.800000e-07	-5.239096e-06	-1.213632e-09	-3.642556e+01	-7.960749e+01
3.900000e-07	-5.223479e-06	-1.242038e-09	-3.631699e+01	-7.951443e+01
4.000000e-07	-5.207245e-06	-1.216436e-09	-3.620411e+01	-7.942254e+01
4.100000e-07	-5.190489e-06	-1.183983e-09	-3.608762e+01	-7.933210e+01
4.200000e-07	-5.173444e-06	-1.240219e-09	-3.596911e+01	-7.924339e+01
4.300000e-07	-5.156162e-06	-1.260241e-09	-3.584895e+01	-7.915664e+01
4.400000e-07	-5.138613e-06	-1.197735e-09	-3.572694e+01	-7.907208e+01
4.500000e-07	-5.120728e-06	-1.202450e-09	-3.560260e+01	-7.898991e+01
4.600000e-07	-5.102408e-06	-1.269754e-09	-3.547522e+01	-7.891028e+01
4.700000e-07	-5.083682e-06	-1.216559e-09	-3.534502e+01	-7.883332e+01
4.800000e-07	-5.064581e-06	-1.170114e-09	-3.521222e+01	-7.875914e+01
4.900000e-07	-5.045108e-06	-1.237166e-09	-3.507684e+01	-7.868779e+01
5.000000e-07	-5.025422e-06	-1.249422e-09	-3.493996e+01	-7.861930e+01
5.100000e-07	-5.005481e-06	-1.173199e-09	-3.480132e+01	-7.855365e+01
5.200000e-07	-4.985257e-06	-1.208758e-09	-3.466071e+01	-7.849080e+01
5.300000e-07	-4.964753e-06	-1.250597e-09	-3.451815e+01	-7.843066e+01
5.400000e-07	-4.943918e-06	-1.185893e-09	-3.437330e+01	-7.837310e+01
5.500000e-07	-4.922730e-06	-1.176975e-09	-3.422598e+01	-7.831796e+01
5.600000e-07	-4.901192e-06	-1.248149e-09	-3.407623e+01	-7.826505e+01
5.700000e-07	-4.879333e-06	-1.213122e-09	-3.392426e+01	-7.821415e+01
5.800000e-07	-4.857078e-06	-1.172306e-09	-3.376953e+01	-7.816499e+01
5.900000e-07	-4.834445e-06	-1.228556e-09	-3.361217e+01	-7.811730e+01
6.000000e-07	-4.811504e-06	-1.233791e-09	-3.345267e+01	-7.807077e+01
6.100000e-07	-4.788234e-06	-1.171670e-09	-3.329088e+01	-7.802506e+01
6.200000e-07	-4.764733e-06	-1.191905e-09	-3.312749e+01	-7.797983e+01
6.300000e-07	-4.741035e-06	-1.219209e-09	-3.296272e+01	-7.793472e+01
6.400000e-07	-4.717122e-06	-1.182425e-09	-3.279647e+01	-7.788936e+01
6.500000e-07	-4.692998e-06	-1.186097e-09	-3.262873e+01	-7.784338e+01
6.600000e-07	-4.668476e-06	-1.219518e-09	-3.245825e+01	-7.779638e+01
6.700000e-07	-4.643443e-06	-1.196716e-09	-3.228420e+01	-7.774800e+01
6.800000e-07	-4.617943e-06	-1.177062e-09	-3.210691e+01	-7.769786e+01
6.900000e-07	-4.591876e-06	-1.195677e-09	-3.192567e+01	-7.764560e+01
7.000000e-07	-4.565260e-06	-1.182718e-09	-3.174062e+01	-7.759087e+01
7.100000e-07	-4.538157e-06	-1.161697e-09	-3.155218e+01	-7.753334e+01
7.200000e-07	-4.510653e-06	-1.175903e-09	-3.136096e+01	-7.747270e+01
7.300000e-07	-4.482923e-06	-1.186602e-09	-3.116816e+01	-7.740865e+01
7.400000e-07	-4.455031e-06	-1.174357e-09	-3.097424e+01	-7.734094e+01
7.500000e-07	-4.426991e-06	-1.176056e-09	-3.077929e+01	-7.726933e+01
7.600000e-07	-4.398765e-06	-1.176689e-09	-3.058304e+01	-7.719363e+01
7.700000e-07	-4.370295e-06	-1.168772e-09	-3.038510e+01	-7.711365e+01
7.800000e-07	-4.341465e-06	-1.164274e-09	-3.018466e+01	-7.702927e+01
7.900000e-07	-4.312269e-06	-1.165574e-09	-2.998167e+01	-7.694039e+01
8.000000e-07	-4.282747e-06	-1.158083e-09	-2.977641e+01	-7.684693e+01
8.100000e-07	-4.252977e-06	-1.158515e-09	-2.956943e+01	-7.674887e+01
8.200000e-07	-4.222977e-06	-1.159803e-09	-2.936085e+01	-7.664620e+01
8.300000e-07	-4.192668e-06	-1.154484e-09	-2.915012e+01	-7.653898e+01
8.400000e-07	-4.162000e-06	-1.148585e-09	-2.893690e+01	-7.642725e+01
8.500000e-07	-4.131029e-06	-1.155603e-09	-2.872157e+01	-7.631113e+01
8.600000e-07	-4.099795e-06	-1.156243e-09	-2.850441e+01	-7.619074e+01
8.700000e-07	-4.068307e-06	-1.149200e-09	-2.828549e+01	-7.606624e+01
8.800000e-07	-4.036693e-06	-1.146410e-09	-2.806569e+01	-7.593779e+01
8.900000e-07	-4.004972e-06	-1.143884e-09	-2.784514e+01	-7.580560e+01
9.000000e-07	-3.973056e-06	-1.133429e-09	-2.762324e+01	-7.566987e+01
9.100000e-07	-3.940889e-06	-1.131421e-09	-2.739959e+01	-7.553083e+01
9.200000e-07	-3.908385e-06	-1.132490e-09	-2.717360e+01	-7.538872e+01
9.300000e-07	-3.875359e-06	-1.125988e-09	-2.694398e+01	-7.524376e+01
9.400000e-07	-3.841897e-06	-1.123023e-09	-2.671134e+01	-7.509620e+01
9.500000e-07	-3.808036e-06	-1.127250e-09	-2.647591e+01	-7.494628e+01
9.600000e-07	-3.773580e-06	-1.121417e-09	-2.623636e+01	-7.479421e+01
9.700000e-07	-3.738669e-06	-1.107270e-09	-2.599363e+01	-7.464022e+01
9.800000e-07	-3.703470e-06	-1.103169e-09	-2.574890e+01	-7.448451e+01
9.900000e-07	-3.668037e-06	-1.101147e-09	-2.550255e+01	-7.432727e+01
1.000000e-06	-3.632422e-06	-1.094660e-09	-2.525493e+01	-7.416865e+01
1.010000e-06	-3.596684e-06	-1.092410e-09	-2.500646e+01	-7.400879e+01
1.020000e-06	-3.560837e-06	-1.096269e-09	-2.475723e+01	-7.384781e+01
1.030000e-06	-3.524841e-06	-1.091288e-09	-2.450696e+01	-7.368580e+01
1.040000e-06	-3.488688e-06	-1.086966e-09	-2.425560e+01	-7.352279e+01
1.050000e-06	-3.452391e-06	-1.089377e-09	-2.400324e+01	-7.335880e+01
1.060000e-06	-3.415846e-06	-1.089732e-09	-2.374916e+01	-7.319384e+01
1.070000e-06	-3.378975e-06	-1.081090e-09	-2.349281e+01	-7.302783e+01
1.080000e-06	-3.341784e-06	-1.075563e-09	-2.323423e+01	-7.286071e+01
1.090000e-06	-3.304308e-06	-1.070961e-09	-2.297367e+01	-7.269234e+01
1.100000e-06	-3.266669e-06	-1.063499e-09	-2.271198e+01	-7.252259e+01
1.110000e-06	-3.228828e-06	-1.057751e-09	-2.244889e+01	-7.235126e+01
1.120000e-06	-3.190727e-06	-1.055968e-09	-2.218398e+01	-7.217814e+01
1.130000e-06	-3.152392e-06	-1.048636e-09	-2.191746e+01	-7.200299e+01
1.140000e-06	-3.113773e-06	-1.043249e-09	-2.164895e+01	-7.182554e+01
1.150000e-06	-3.074948e-06	-1.044598e-09	-2.137902e+01	-7.164550e+01
1.160000e-06	-3.036030e-06	-1.045446e-09	-2.110843e+01	-7.146256e+01
1.170000e-06	-2.996973e-06	-1.040773e-09	-2.083688e+01	-7.127638e+01
1.180000e-06	-2.957693e-06	-1.036994e-09	-2.056378e+01	-7.108662e+01
1.190000e-06	-2.918155e-06	-1.034207e-09	-2.028889e+01	-7.089293e+01
1.200000e-06	-2.878419e-06	-1.029762e-09	-2.001262e+01	-7.069496e+01
1.210000e-06	-2.838520e-06	-1.025088e-09	-1.973521e+01	-7.049234e+01
1.220000e-06	-2.798538e-06	-1.022392e-09	-1.945723e+01	-7.028471e+01
1.230000e-06	-2.758497e-06	-1.017764e-09	-1.917884e+01	-7.007173e+01
1.240000e-06	-2.718287e-06	-1.010388e-09	-1.889928e+01	-6.985305e+01
1.250000e-06	-2.677864e-06	-1.005491e-09	-1.861823e+01	-6.962833e+01
1.260000e-06	-2.637207e-06	-1.001683e-09	-1.833556e+01	-6.939727e+01
1.270000e-06	-2.596262e-06	-9.978241e-10	-1.805088e+01	-6.915956e+01
1.280000e-06	-2.555084e-06	-9.932870e-10	-1.776459e+01	-6.891494e+01
1.290000e-06	-2.513646e-06	-9.899504e-10	-1.747648e+01	-6.866315e+01
1.300000e-06	-2.471924e-06	-9.838760e-10	-1.718640e+01	-6.840398e+01
1.310000e-06	-2.429918e-06	-9.764700e-10	-1.689435e+01	-6.813721e+01
1.320000e-06	-2.387575e-06	-9.695988e-10	-1.659996e+01	-6.786269e+01
1.330000e-06	-2.344934e-06	-9.632698e-10	-1.630349e+01	-6.758027e+01
1.340000e-06	-2.302058e-06	-9.582568e-10	-1.600539e+01	-6.728984e+01
1.350000e-06	-2.258977e-06	-9.576826e-10	-1.570586e+01	-6.699131e+01
1.360000e-06	-2.215679e-06	-9.599680e-10	-1.540483e+01	-6.668461e+01
1.370000e-06	-2.172192e-06	-9.603454e-10	-1.510248e+01	-6.636973e+01
1.380000e-06	-2.128547e-06	-9.558219e-10	-1.479903e+01	-6.604662e+01
1.390000e-06	-2.084831e-06	-9.479867e-10	-1.449509e+01	-6.571531e+01
1.400000e-06	-2.041048e-06	-9.352473e-10	-1.419067e+01	-6.537580e+01
1.410000e-06	-1.997148e-06	-9.241240e-10	-1.388545e+01	-6.502813e+01
1.420000e-06	-1.953199e-06	-9.169623e-10	-1.357990e+01	-6.467233e+01
1.430000e-06	-1.909202e-06	-9.116548e-10	-1.327400e+01	-6.430843e+01
1.440000e-06	-1.865158e-06	-9.075500e-10	-1.296778e+01	-6.393647e+01
1.450000e-06	-1.821031e-06	-9.034782e-10	-1.266098e+01	-6.355648e+01
1.460000e-06	-1.776702e-06	-8.997830e-10	-1.235278e+01	-6.316846e+01
1.470000e-06	-1.732206e-06	-8.915522e-10	-1.204341e+01	-6.277239e+01
1.480000e-06	-1.687633e-06	-8.817063e-10	-1.173351e+01	-6.236826e+01
1.490000e-06	-1.642945e-06	-8.748991e-10	-1.142281e+01	-6.195599e+01
1.500000e-06	-1.598045e-06	-8.670889e-10	-1.111064e+01	-6.153547e+01
1.510000e-06	-1.552929e-06	-8.582563e-10	-1.079696e+01	-6.110655e+01
1.520000e-06	-1.507773e-06	-8.495094e-10	-1.048301e+01	-6.066905e+01
1.530000e-06	-1.462607e-06	-8.422687e-10	-1.016899e+01	-6.022271e+01
1.540000e-06	-1.417333e-06	-8.339018e-10	-9.854212e+00	-5.976722e+01
1.550000e-06	-1.371903e-06	-8.275561e-10	-9.538354e+00	-5.930222e+01
1.560000e-06	-1.326399e-06	-8.220908e-10	-9.221978e+00	-5.882728e+01
1.570000e-06	-1.280835e-06	-8.133768e-10	-8.905187e+00	-5.834188e+01
1.580000e-06	-1.235167e-06	-8.036746e-10	-8.587673e+00	-5.784547e+01
1.590000e-06	-1.189470e-06	-7.938014e-10	-8.269963e+00	-5.733739e+01
1.600000e-06	-1.143702e-06	-7.811996e-10	-7.951754e+00	-5.681693e+01
1.610000e-06	-1.097835e-06	-7.672218e-10	-7.632852e+00	-5.628330e+01
1.620000e-06	-1.051927e-06	-7.553548e-10	-7.313671e+00	-5.573563e+01
1.630000e-06	-1.005965e-06	-7.437050e-10	-6.994112e+00	-5.517301e+01
1.640000e-06	-9.599346e-07	-7.346642e-10	-6.674082e+00	-5.459441e+01
1.650000e-06	-9.138152e-07	-7.284199e-10	-6.353431e+00	-5.399879e+01
1.660000e-06	-8.676187e-07	-7.225224e-10	-6.032243e+00	-5.338502e+01
1.670000e-06	-8.214061e-07	-7.149762e-10	-5.710943e+00	-5.275192e+01
1.680000e-06	-7.751290e-07	-7.042960e-10	-5.389195e+00	-5.209827e+01
1.690000e-06	-7.288192e-07	-6.906984e-10	-5.067219e+00	-5.142280e+01
1.700000e-06	-6.824383e-07	-6.764842e-10	-4.744750e+00	-5.072421e+01
1.710000e-06	-6.359922e-07	-6.607322e-10	-4.421827e+00	-5.000118e+01
1.720000e-06	-5.894878e-07	-6.442605e-10	-4.098498e+00	-4.925236e+01
1.730000e-06	-5.429123e-07	-6.301490e-10	-3.774675e+00	-4.847642e+01
1.740000e-06	-4.963842e-07	-6.203264e-10	-3.451182e+00	-4.767201e+01
1.750000e-06	-4.498475e-07	-6.117351e-10	-3.127629e+00	-4.683780e+01
1.760000e-06	-4.032611e-07	-6.021573e-10	-2.803731e+00	-4.597249e+01
1.770000e-06	-3.566272e-07	-5.892970e-10	-2.479502e+00	-4.507482e+01
1.780000e-06	-3.099115e-07	-5.721150e-10	-2.154704e+00	-4.414358e+01
1.790000e-06	-2.630683e-07	-5.542539e-10	-1.829020e+00	-4.317762e+01
1.800000e-06	-2.161532e-07	-5.390413e-10	-1.502836e+00	-4.217584e+01
1.810000e-06	-1.692920e-07	-5.250481e-10	-1.177027e+00	-4.113726e+01
1.820000e-06	-1.225095e-07	-5.110745e-10	-8.517647e-01	-4.006097e+01
1.830000e-06	-7.585443e-08	-4.990957e-10	-5.273888e-01	-3.894617e+01
1.840000e-06	-2.918183e-08	-4.881034e-10	-2.028909e-01	-3.779219e+01
1.850000e-06	1.758138e-08	-4.741908e-10	1.222371e-01	-3.659845e+01
1.860000e-06	6.434705e-08	-4.576304e-10	4.473821e-01	-3.536454e+01
1.870000e-06	1.111413e-07	-4.389152e-10	7.727254e-01	-3.409018e+01
1.880000e-06	1.579073e-07	-4.200716e-10	1.097873e+00	-3.277523e+01
1.890000e-06	2.045884e-07	-4.019483e-10	1.422430e+00	-3.141971e+01
1.900000e-06	2.513100e-07	-3.830330e-10	1.747268e+00	-3.002382e+01
1.910000e-06	2.980670e-07	-3.634349e-10	2.072354e+00	-2.858790e+01
1.920000e-06	3.447469e-07	-3.428869e-10	2.396902e+00	-2.711246e+01
1.930000e-06	3.914609e-07	-3.214693e-10	2.721688e+00	-2.559820e+01
1.940000e-06	4.381950e-07	-2.997768e-10	3.046613e+00	-2.404598e+01
1.950000e-06	4.848029e-07	-2.790052e-10	3.370661e+00	-2.245682e+01
1.960000e-06	5.313142e-07	-2.579535e-10	3.694038e+00	-2.083194e+01
1.970000e-06	5.778207e-07	-2.359518e-10	4.017381e+00	-1.917268e+01
1.980000e-06	6.243065e-07	-2.139867e-10	4.340580e+00	-1.748058e+01
1.990000e-06	6.707102e-07	-1.918485e-10	4.663208e+00	-1.575733e+01
2.000000e-06	7.170203e-07	-1.678572e-10	4.985186e+00	-1.400476e+01
2.010000e-06	7.632863e-07	-1.412416e-10	5.306857e+00	-1.222484e+01
2.020000e-06	8.095673e-07	-1.123454e-10	5.628632e+00	-1.041968e+01
2.030000e-06	8.558257e-07	-8.341530e-11	5.950251e+00	-8.591520e+00
2.040000e-06	9.020115e-07	-5.501215e-11	6.271363e+00	-6.742697e+00
2.050000e-06	9.480164e-07	-2.864497e-11	6.591220e+00	-4.875660e+00
2.060000e-06	9.938662e-07	-5.361530e-12	6.909996e+00	-2.992943e+00
2.070000e-06	1.039815e-06	1.719523e-11	7.229463e+00	-1.097155e+00
2.080000e-06	1.085807e-06	4.210538e-11	7.549227e+00	8.090325e-01
2.090000e-06	1.131636e-06	6.999494e-11	7.867859e+00	2.722901e+00
2.100000e-06	1.177343e-06	9.991550e-11	8.185648e+00	4.641697e+00
2.110000e-06	1.223035e-06	1.294323e-10	8.503329e+00	6.562651e+00
2.120000e-06	1.268652e-06	1.562854e-10	8.820487e+00	8.482989e+00
2.130000e-06	1.314148e-06	1.818573e-10	9.136804e+00	1.039995e+01
2.140000e-06	1.359480e-06	2.081889e-10	9.451979e+00	1.231079e+01
2.150000e-06	1.404677e-06	2.327355e-10	9.766220e+00	1.421281e+01
2.160000e-06	1.449854e-06	2.551219e-10	1.008032e+01	1.610337e+01
2.170000e-06	1.495011e-06	2.788187e-10	1.039428e+01	1.797990e+01
2.180000e-06	1.540059e-06	3.045856e-10	1.070748e+01	1.983990e+01
2.190000e-06	1.584883e-06	3.324973e-10	1.101913e+01	2.168096e+01
2.200000e-06	1.629559e-06	3.600436e-10	1.132974e+01	2.350078e+01
2.210000e-06	1.674158e-06	3.869718e-10	1.163983e+01	2.529719e+01
2.220000e-06	1.718654e-06	4.144384e-10	1.194919e+01	2.706811e+01
2.230000e-06	1.763020e-06	4.400348e-10	1.225765e+01	2.881162e+01
2.240000e-06	1.807226e-06	4.618864e-10	1.256500e+01	3.052593e+01
2.250000e-06	1.851307e-06	4.801889e-10	1.287147e+01	3.220940e+01
2.260000e-06	1.895305e-06	4.966083e-10	1.317738e+01	3.386054e+01
2.270000e-06	1.939300e-06	5.134905e-10	1.348326e+01	3.547802e+01
2.280000e-06	1.983287e-06	5.345550e-10	1.378908e+01	3.706067e+01
2.290000e-06	2.027129e-06	5.589963e-10	1.409390e+01	3.860746e+01
2.300000e-06	2.070904e-06	5.846328e-10	1.439826e+01	4.011754e+01
2.310000e-06	2.114668e-06	6.099982e-10	1.470253e+01	4.159023e+01
2.320000e-06	2.158331e-06	6.299946e-10	1.500610e+01	4.302499e+01
2.330000e-06	2.201862e-06	6.428951e-10	1.530876e+01	4.442143e+01
2.340000e-06	2.245191e-06	6.544874e-10	1.561001e+01	4.577934e+01
2.350000e-06	2.288250e-06	6.693638e-10	1.590939e+01	4.709862e+01
2.360000e-06	2.331111e-06	6.861511e-10	1.620738e+01	4.837934e+01
2.370000e-06	2.373845e-06	7.049834e-10	1.650450e+01	4.962169e+01
2.380000e-06	2.416362e-06	7.261504e-10	1.680010e+01	5.082599e+01
2.390000e-06	2.458550e-06	7.462167e-10	1.709342e+01	5.199267e+01
2.400000e-06	2.500401e-06	7.622326e-10	1.738440e+01	5.312229e+01
2.410000e-06	2.541893e-06	7.747942e-10	1.767287e+01	5.421547e+01
2.420000e-06	2.583062e-06	7.860131e-10	1.795911e+01	5.527296e+01
2.430000e-06	2.623989e-06	7.981400e-10	1.824366e+01	5.629557e+01
2.440000e-06	2.664681e-06	8.130835e-10	1.852658e+01	5.728418e+01
2.450000e-06	2.705113e-06	8.290808e-10	1.880769e+01	5.823973e+01
2.460000e-06	2.745329e-06	8.436962e-10	1.908729e+01	5.916320e+01
2.470000e-06	2.785415e-06	8.562543e-10	1.936599e+01	6.005563e+01
2.480000e-06	2.825366e-06	8.669509e-10	1.964376e+01	6.091807e+01
2.490000e-06	2.865187e-06	8.770753e-10	1.992062e+01	6.175158e+01
2.500000e-06	2.904907e-06	8.860361e-10	2.019678e+01	6.255725e+01
2.510000e-06	2.944472e-06	8.977513e-10	2.047186e+01	6.333616e+01
2.520000e-06	2.983876e-06	9.116577e-10	2.074582e+01	6.408937e+01
2.530000e-06	3.023126e-06	9.249740e-10	2.101871e+01	6.481794e+01
2.540000e-06	3.062151e-06	9.397325e-10	2.129004e+01	6.552288e+01
2.550000e-06	3.100932e-06	9.524482e-10	2.155967e+01	6.620521e+01
2.560000e-06	3.139514e-06	9.592377e-10	2.182792e+01	6.686586e+01
2.570000e-06	3.177865e-06	9.620910e-10	2.209456e+01	6.750577e+01
2.580000e-06	3.215966e-06	9.661619e-10	2.235947e+01	6.812579e+01
2.590000e-06	3.253837e-06	9.727674e-10	2.262276e+01	6.872675e+01
2.600000e-06	3.291480e-06	9.821273e-10	2.288448e+01	6.930940e+01
2.610000e-06	3.328915e-06	9.945969e-10	2.314475e+01	6.987446e+01
2.620000e-06	3.366131e-06	1.008963e-09	2.340351e+01	7.042258e+01
2.630000e-06	3.403169e-06	1.021710e-09	2.366102e+01	7.095435e+01
2.640000e-06	3.439983e-06	1.029098e-09	2.391697e+01	7.147031e+01
2.650000e-06	3.476449e-06	1.033680e-09	2.417051e+01	7.197094e+01
2.660000e-06	3.512661e-06	1.036467e-09	2.442227e+01	7.245668e+01
2.670000e-06	3.548716e-06	1.038329e-09	2.467295e+01	7.292789e+01
2.680000e-06	3.584637e-06	1.042605e-09	2.492270e+01	7.338491e+01
2.690000e-06	3.620458e-06	1.050848e-09	2.517175e+01	7.382802e+01
2.700000e-06	3.656156e-06	1.061472e-09	2.541995e+01	7.425746e+01
2.710000e-06	3.691666e-06	1.069992e-09	2.566684e+01	7.467343e+01
2.720000e-06	3.726880e-06	1.075636e-09	2.591167e+01	7.507610e+01
2.730000e-06	3.761715e-06	1.079899e-09	2.615386e+01	7.546562e+01
2.740000e-06	3.796227e-06	1.082552e-09	2.639381e+01	7.584209e+01
2.750000e-06	3.830262e-06	1.084696e-09	2.663044e+01	7.620561e+01
2.760000e-06	3.863745e-06	1.088490e-09	2.686324e+01	7.655628e+01
2.770000e-06	3.896776e-06	1.094554e-09	2.709289e+01	7.689416e+01
2.780000e-06	3.929395e-06	1.101833e-09	2.731968e+01	7.721931e+01
2.790000e-06	3.961711e-06	1.109705e-09	2.754436e+01	7.753183e+01
2.800000e-06	3.993781e-06	1.116635e-09	2.776734e+01	7.783176e+01
2.810000e-06	4.025669e-06	1.121189e-09	2.798904e+01	7.811920e+01
2.820000e-06	4.057409e-06	1.124841e-09	2.820971e+01	7.839425e+01
2.830000e-06	4.089000e-06	1.128534e-09	2.842936e+01	7.865700e+01
2.840000e-06	4.120445e-06	1.132508e-09	2.864798e+01	7.890759e+01
2.850000e-06	4.151614e-06	1.136155e-09	2.886469e+01	7.914617e+01
2.860000e-06	4.182403e-06	1.140688e-09	2.907875e+01	7.937291e+01
2.870000e-06	4.212825e-06	1.146880e-09	2.929027e+01	7.958801e+01
2.880000e-06	4.242904e-06	1.151800e-09	2.949940e+01	7.979168e+01
2.890000e-06	4.272729e-06	1.154655e-09	2.970676e+01	7.998417e+01
2.900000e-06	4.302304e-06	1.158182e-09	2.991238e+01	8.016577e+01
2.910000e-06	4.331562e-06	1.162719e-09	3.011580e+01	8.033676e+01
2.920000e-06	4.360582e-06	1.166725e-09	3.031757e+01	8.049747e+01
2.930000e-06	4.389342e-06	1.169745e-09	3.051753e+01	8.064826e+01
2.940000e-06	4.417738e-06	1.172304e-09	3.071495e+01	8.078948e+01
2.950000e-06	4.445885e-06	1.174896e-09	3.091065e+01	8.092154e+01
2.960000e-06	4.473831e-06	1.176767e-09	3.110495e+01	8.104485e+01
2.970000e-06	4.501542e-06	1.178881e-09	3.129761e+01	8.115981e+01
2.980000e-06	4.529134e-06	1.181074e-09	3.148945e+01	8.126689e+01
2.990000e-06	4.556494e-06	1.181727e-09	3.167968e+01	8.136650e+01
3.000000e-06	4.583465e-06	1.182626e-09	3.186720e+01	8.145912e+01
3.010000e-06	4.609975e-06	1.185665e-09	3.205151e+01	8.154520e+01
3.020000e-06	4.635837e-06	1.189830e-09	3.223132e+01	8.162518e+01
3.030000e-06	4.661002e-06	1.192273e-09	3.240628e+01	8.169951e+01
3.040000e-06	4.685622e-06	1.192537e-09	3.257746e+01	8.176865e+01
3.050000e-06	4.709860e-06	1.192808e-09	3.274598e+01	8.183302e+01
3.060000e-06	4.733856e-06	1.192828e-09	3.291281e+01	8.189303e+01
3.070000e-06	4.757649e-06	1.192754e-09	3.307823e+01	8.194909e+01
3.080000e-06	4.781239e-06	1.193829e-09	3.324225e+01	8.200157e+01
3.090000e-06	4.804561e-06	1.195932e-09	3.340439e+01	8.205085e+01
3.100000e-06	4.827548e-06	1.198514e-09	3.356422e+01	8.209724e+01
3.110000e-06	4.850182e-06	1.200658e-09	3.372158e+01	8.214106e+01
3.120000e-06	4.872411e-06	1.202103e-09	3.387613e+01	8.218260e+01
3.130000e-06	4.894299e-06	1.203213e-09	3.402831e+01	8.222209e+01
3.140000e-06	4.915920e-06	1.203908e-09	3.417864e+01	8.225977e+01
3.150000e-06	4.937228e-06	1.206353e-09	3.432678e+01	8.229582e+01
3.160000e-06	4.958106e-06	1.209833e-09	3.447194e+01	8.233041e+01
3.170000e-06	4.978642e-06	1.210589e-09	3.461472e+01	8.236367e+01
3.180000e-06	4.998903e-06	1.208468e-09	3.475559e+01	8.239571e+01
3.190000e-06	5.018873e-06	1.205300e-09	3.489443e+01	8.242659e+01
3.200000e-06	5.038623e-06	1.203110e-09	3.503175e+01	8.245636e+01
3.210000e-06	5.058190e-06	1.202707e-09	3.516779e+01	8.248505e+01
3.220000e-06	5.077534e-06	1.204248e-09	3.530228e+01	8.251266e+01
3.230000e-06	5.096648e-06	1.208280e-09	3.543517e+01	8.253917e+01
3.240000e-06	5.115278e-06	1.212636e-09	3.556470e+01	8.256452e+01
3.250000e-06	5.133344e-06	1.214166e-09	3.569031e+01	8.258868e+01
3.260000e-06	5.150988e-06	1.214941e-09	3.581298e+01	8.261155e+01
3.270000e-06	5.168283e-06	1.214905e-09	3.593323e+01	8.263308e+01
3.280000e-06	5.185247e-06	1.214628e-09	3.605117e+01	8.265315e+01
3.290000e-06	5.201902e-06	1.217037e-09	3.616697e+01	8.267169e+01
3.300000e-06	5.218287e-06	1.220673e-09	3.628089e+01	8.268859e+01
3.310000e-06	5.234207e-06	1.223193e-09	3.639157e+01	8.270376e+01
3.320000e-06	5.249548e-06	1.225165e-09	3.649823e+01	8.271710e+01
3.330000e-06	5.264395e-06	1.228057e-09	3.660146e+01	8.272853e+01
3.340000e-06	5.278870e-06	1.231233e-09	3.670210e+01	8.273797e+01
3.350000e-06	5.293008e-06	1.232093e-09	3.680039e+01	8.274534e+01
3.360000e-06	5.306789e-06	1.232422e-09	3.689621e+01	8.275060e+01
3.370000e-06	5.320160e-06	1.233504e-09	3.698917e+01	8.275370e+01
3.380000e-06	5.333120e-06	1.234301e-09	3.707927e+01	8.275461e+01
3.390000e-06	5.345668e-06	1.235120e-09	3.716652e+01	8.275332e+01
3.400000e-06	5.357827e-06	1.234923e-09	3.725105e+01	8.274983e+01
3.410000e-06	5.369636e-06	1.234408e-09	3.733316e+01	8.274417e+01
3.420000e-06	5.381086e-06	1.234506e-09	3.741277e+01	8.273638e+01
3.430000e-06	5.392136e-06	1.236078e-09	3.748960e+01	8.272651e+01
3.440000e-06	5.402770e-06	1.238411e-09	3.756353e+01	8.271465e+01
3.450000e-06	5.412828e-06	1.240520e-09	3.763346e+01	8.270087e+01
3.460000e-06	5.422123e-06	1.243006e-09	3.769808e+01	8.268528e+01
3.470000e-06	5.430810e-06	1.243013e-09	3.775848e+01	8.266801e+01
3.480000e-06	5.439062e-06	1.238740e-09	3.781586e+01	8.264918e+01
3.490000e-06	5.446962e-06	1.234768e-09	3.787078e+01	8.262893e+01
3.500000e-06	5.454632e-06	1.234568e-09	3.792411e+01	8.260741e+01
3.510000e-06	5.462088e-06	1.238704e-09	3.797595e+01	8.258478e+01
3.520000e-06	5.469255e-06	1.245698e-09	3.802578e+01	8.256118e+01
3.530000e-06	5.476000e-06	1.252370e-09	3.807267e+01	8.253677e+01
3.540000e-06	5.482244e-06	1.254254e-09	3.811609e+01	8.251172e+01
3.550000e-06	5.488109e-06	1.253123e-09	3.815686e+01	8.248616e+01
3.560000e-06	5.493643e-06	1.251560e-09	3.819534e+01	8.246026e+01
3.570000e-06	5.498872e-06	1.249708e-09	3.823169e+01	8.243413e+01
3.580000e-06	5.503783e-06	1.250317e-09	3.826584e+01	8.240790e+01
3.590000e-06	5.508245e-06	1.252485e-09	3.829686e+01	8.238169e+01
3.600000e-06	5.512359e-06	1.254234e-09	3.832546e+01	8.235559e+01
3.610000e-06	5.516234e-06	1.254814e-09	3.835240e+01	8.232967e+01
3.620000e-06	5.519853e-06	1.254053e-09	3.837757e+01	8.230400e+01
3.630000e-06	5.523127e-06	1.253823e-09	3.840033e+01	8.227861e+01
3.640000e-06	5.525937e-06	1.254417e-09	3.841986e+01	8.225352e+01
3.650000e-06	5.528218e-06	1.256588e-09	3.843572e+01	8.222872e+01
3.660000e-06	5.529853e-06	1.258729e-09	3.844710e+01	8.220419e+01
3.670000e-06	5.530946e-06	1.258010e-09	3.845469e+01	8.217988e+01
3.680000e-06	5.531548e-06	1.255858e-09	3.845888e+01	8.215572e+01
3.690000e-06	5.531710e-06	1.252941e-09	3.846000e+01	8.213160e+01
3.700000e-06	5.531599e-06	1.250505e-09	3.845923e+01	8.210743e+01
3.710000e-06	5.531256e-06	1.251005e-09	3.845685e+01	8.208307e+01
3.720000e-06	5.530633e-06	1.254301e-09	3.845252e+01	8.205836e+01
3.730000e-06	5.529645e-06	1.258238e-09	3.844565e+01	8.203315e+01
3.740000e-06	5.528259e-06	1.260942e-09	3.843601e+01	8.200725e+01
3.750000e-06	5.526529e-06	1.261855e-09	3.842398e+01	8.198047e+01
3.760000e-06	5.524463e-06	1.257456e-09	3.840962e+01	8.195260e+01
3.770000e-06	5.521962e-06	1.255529e-09	3.839223e+01	8.192346e+01
3.780000e-06	5.519149e-06	1.271639e-09	3.837267e+01	8.189281e+01
3.790000e-06	5.515900e-06	1.256074e-09	3.835008e+01	8.186046e+01
3.800000e-06	5.512102e-06	1.177465e-09	3.832367e+01	8.182620e+01
3.810000e-06	5.508006e-06	1.157962e-09	3.829520e+01	8.178982e+01
3.820000e-06	5.503708e-06	1.283361e-09	3.826532e+01	8.175114e+01
3.830000e-06	5.499219e-06	1.347160e-09	3.823411e+01	8.170996e+01
3.840000e-06	5.494391e-06	1.259304e-09	3.820054e+01	8.166613e+01
3.850000e-06	5.488897e-06	1.166108e-09	3.816234e+01	8.161950e+01
3.860000e-06	5.482714e-06	1.225460e-09	3.811935e+01	8.156993e+01
3.870000e-06	5.476187e-06	1.344943e-09	3.807397e+01	8.151732e+01
3.880000e-06	5.469410e-06	1.259161e-09	3.802685e+01	8.146158e+01
3.890000e-06	5.462074e-06	1.151957e-09	3.797585e+01	8.140267e+01
3.900000e-06	5.454131e-06	1.234817e-09	3.792062e+01	8.134054e+01
3.910000e-06	5.445916e-06	1.360018e-09	3.786351e+01	8.127520e+01
3.920000e-06	5.437509e-06	1.244848e-09	3.780506e+01	8.120668e+01
3.930000e-06	5.428767e-06	1.107108e-09	3.774428e+01	8.113503e+01
3.940000e-06	5.419586e-06	1.215262e-09	3.768044e+01	8.106035e+01
3.950000e-06	5.410054e-06	1.354130e-09	3.761418e+01	8.098276e+01
3.960000e-06	5.400214e-06	1.271957e-09	3.754576e+01	8.090239e+01
3.970000e-06	5.389937e-06	1.157200e-09	3.747431e+01	8.081943e+01
3.980000e-06	5.379243e-06	1.226080e-09	3.739995e+01	8.073408e+01
3.990000e-06	5.368178e-06	1.277159e-09	3.732302e+01	8.064657e+01
4.000000e-06	5.356772e-06	1.192786e-09	3.724372e+01	8.055714e+01
4.010000e-06	5.344972e-06	1.140447e-09	3.716168e+01	8.046606e+01
4.020000e-06	5.332707e-06	1.224813e-09	3.707640e+01	8.037362e+01
4.030000e-06	5.320043e-06	1.258979e-09	3.698836e+01	8.028012e+01
4.040000e-06	5.306823e-06	1.197244e-09	3.689644e+01	8.018586e+01
4.050000e-06	5.292969e-06	1.156193e-09	3.680012e+01	8.009118e+01
4.060000e-06	5.278694e-06	1.215411e-09	3.670087e+01	7.999639e+01
4.070000e-06	5.263926e-06	1.237664e-09	3.659819e+01	7.990181e+01
4.080000e-06	5.248531e-06	1.181634e-09	3.649116e+01	7.980776e+01
4.090000e-06	5.232674e-06	1.165563e-09	3.638092e+01	7.971456e+01
4.100000e-06	5.216548e-06	1.251894e-09	3.626879e+01	7.962251e+01
4.110000e-06	5.200173e-06	1.251995e-09	3.615495e+01	7.953189e+01
4.120000e-06	5.183525e-06	1.150300e-09	3.603920e+01	7.944296e+01
4.130000e-06	5.166586e-06	1.169557e-09	3.592143e+01	7.935599e+01
4.140000e-06	5.149314e-06	1.269337e-09	3.580134e+01	7.927119e+01
4.150000e-06	5.131584e-06	1.207747e-09	3.567807e+01	7.918876e+01
4.160000e-06	5.113462e-06	1.136282e-09	3.555207e+01	7.910885e+01
4.170000e-06	5.095067e-06	1.243740e-09	3.542418e+01	7.903162e+01
4.180000e-06	5.076338e-06	1.259674e-09	3.529397e+01	7.895715e+01
4.190000e-06	5.057268e-06	1.137075e-09	3.516137e+01	7.888550e+01
4.200000e-06	5.037854e-06	1.185832e-09	3.502640e+01	7.881672e+01
4.210000e-06	5.018145e-06	1.289937e-09	3.488937e+01	7.875078e+01
4.220000e-06	4.998157e-06	1.180187e-09	3.475040e+01	7.868765e+01
4.230000e-06	4.977910e-06	1.145708e-09	3.460963e+01	7.862723e+01
4.240000e-06	4.957404e-06	1.274598e-09	3.446706e+01	7.856940e+01
4.250000e-06	4.936550e-06	1.230890e-09	3.432207e+01	7.851402e+01
4.260000e-06	4.915296e-06	1.127306e-09	3.417430e+01	7.846088e+01
4.270000e-06	4.893460e-06	1.235204e-09	3.402248e+01	7.840976e+01
4.280000e-06	4.870880e-06	1.266205e-09	3.386549e+01	7.836042e+01
4.290000e-06	4.847782e-06	1.151458e-09	3.370489e+01	7.831256e+01
4.300000e-06	4.824334e-06	1.192020e-09	3.354187e+01	7.826588e+01
4.310000e-06	4.800554e-06	1.272548e-09	3.337654e+01	7.822006e+01
4.320000e-06	4.776528e-06	1.184190e-09	3.320949e+01	7.817476e+01
4.330000e-06	4.752343e-06	1.168183e-09	3.304134e+01	7.812960e+01
4.340000e-06	4.727962e-06	1.249102e-09	3.287183e+01	7.808422e+01
4.350000e-06	4.703273e-06	1.223422e-09	3.270017e+01	7.803824e+01
4.360000e-06	4.678205e-06	1.189543e-09	3.252589e+01	7.799129e+01
4.370000e-06	4.652734e-06	1.243594e-09	3.234879e+01	7.794299e+01
4.380000e-06	4.626947e-06	1.231511e-09	3.216951e+01	7.789295e+01
4.390000e-06	4.600843e-06	1.187557e-09	3.198802e+01	7.784083e+01
4.400000e-06	4.574423e-06	1.210979e-09	3.180433e+01	7.778627e+01
4.410000e-06	4.547658e-06	1.218339e-09	3.161824e+01	7.772893e+01
4.420000e-06	4.520521e-06	1.190132e-09	3.142956e+01	7.766850e+01
4.430000e-06	4.493131e-06	1.200413e-09	3.123914e+01	7.760469e+01
4.440000e-06	4.465481e-06	1.219929e-09	3.104689e+01	7.753724e+01
4.450000e-06	4.437547e-06	1.214039e-09	3.085268e+01	7.746592e+01
4.460000e-06	4.409455e-06	1.213480e-09	3.065736e+01	7.739050e+01
4.470000e-06	4.381183e-06	1.216267e-09	3.046080e+01	7.731084e+01
4.480000e-06	4.352659e-06	1.206764e-09	3.026248e+01	7.722677e+01
4.490000e-06	4.323848e-06	1.200217e-09	3.006217e+01	7.713821e+01
4.500000e-06	4.294517e-06	1.198517e-09	2.985825e+01	7.704508e+01
4.510000e-06	4.264678e-06	1.196003e-09	2.965078e+01	7.694735e+01
4.520000e-06	4.234346e-06	1.202461e-09	2.943990e+01	7.684501e+01
4.530000e-06	4.203427e-06	1.209468e-09	2.922493e+01	7.673811e+01
4.540000e-06	4.172115e-06	1.207303e-09	2.900722e+01	7.662670e+01
4.550000e-06	4.140502e-06	1.199895e-09	2.878743e+01	7.651089e+01
4.560000e-06	4.108618e-06	1.204746e-09	2.856576e+01	7.639079e+01
4.570000e-06	4.076566e-06	1.202702e-09	2.834291e+01	7.626657e+01
4.580000e-06	4.044364e-06	1.190640e-09	2.811902e+01	7.613839e+01
4.590000e-06	4.011927e-06	1.188405e-09	2.789350e+01	7.600645e+01
4.600000e-06	3.979255e-06	1.199845e-09	2.766634e+01	7.587095e+01
4.610000e-06	3.946336e-06	1.195037e-09	2.743747e+01	7.573213e+01
4.620000e-06	3.913139e-06	1.191596e-09	2.720666e+01	7.559021e+01
4.630000e-06	3.879642e-06	1.200257e-09	2.697377e+01	7.544542e+01
4.640000e-06	3.845881e-06	1.197966e-09	2.673904e+01	7.529802e+01
4.650000e-06	3.811947e-06	1.186259e-09	2.650310e+01	7.514823e+01
4.660000e-06	3.777762e-06	1.190342e-09	2.626543e+01	7.499628e+01
4.670000e-06	3.743295e-06	1.194395e-09	2.602579e+01	7.484239e+01
4.680000e-06	3.708553e-06	1.187412e-09	2.578424e+01	7.468676e+01
4.690000e-06	3.673462e-06	1.188397e-09	2.554027e+01	7.452958e+01
4.700000e-06	3.638088e-06	1.197429e-09	2.529433e+01	7.437101e+01
4.710000e-06	3.602499e-06	1.191751e-09	2.504689e+01	7.421120e+01
4.720000e-06	3.566710e-06	1.183609e-09	2.479806e+01	7.405026e+01
4.730000e-06	3.530783e-06	1.186449e-09	2.454827e+01	7.388827e+01
4.740000e-06	3.494724e-06	1.185205e-09	2.429757e+01	7.372529e+01
4.750000e-06	3.458535e-06	1.178237e-09	2.404596e+01	7.356133e+01
4.760000e-06	3.422191e-06	1.177882e-09	2.379327e+01	7.339640e+01
4.770000e-06	3.385647e-06	1.181204e-09	2.353919e+01	7.323043e+01
4.780000e-06	3.348899e-06	1.175255e-09	2.328370e+01	7.306334e+01
4.790000e-06	3.311886e-06	1.172656e-09	2.302636e+01	7.289503e+01
4.800000e-06	3.274527e-06	1.175934e-09	2.276662e+01	7.272535e+01
4.810000e-06	3.236674e-06	1.172800e-09	2.250344e+01	7.255410e+01
4.820000e-06	3.198317e-06	1.166050e-09	2.223676e+01	7.238109e+01
4.830000e-06	3.159547e-06	1.168670e-09	2.196720e+01	7.220606e+01
4.840000e-06	3.120353e-06	1.169457e-09	2.169470e+01	7.202876e+01
4.850000e-06	3.080889e-06	1.164527e-09	2.142032e+01	7.184889e+01
4.860000e-06	3.041220e-06	1.162662e-09	2.114451e+01	7.166615e+01
4.870000e-06	3.001347e-06	1.163943e-09	2.086729e+01	7.148020e+01
4.880000e-06	2.961381e-06	1.160283e-09	2.058942e+01	7.129070e+01
4.890000e-06	2.921295e-06	1.157010e-09	2.031072e+01	7.109730e+01
4.900000e-06	2.881103e-06	1.155079e-09	2.003128e+01	7.089964e+01
4.910000e-06	2.840836e-06	1.150609e-09	1.975131e+01	7.069737e+01
4.920000e-06	2.800423e-06	1.144991e-09	1.947034e+01	7.049012e+01
4.930000e-06	2.759804e-06	1.145116e-09	1.918793e+01	7.027754e+01
4.940000e-06	2.719002e-06	1.147053e-09	1.890425e+01	7.005929e+01
4.950000e-06	2.677988e-06	1.147998e-09	1.861910e+01	6.983503e+01
4.960000e-06	2.636733e-06	1.148894e-09	1.833226e+01	6.960445e+01
4.970000e-06	2.595329e-06	1.148499e-09	1.804440e+01	6.936726e+01
4.980000e-06	2.553758e-06	1.141884e-09	1.775537e+01	6.912317e+01
4.990000e-06	2.512002e-06	1.134625e-09	1.746505e+01	6.887193e+01
5.000000e-06	2.470109e-06	1.131340e-09	1.717378e+01	6.861333e+01
5.010000e-06	2.428130e-06	1.124593e-09	1.688192e+01	6.834715e+01
5.020000e-06	2.386046e-06	1.117940e-09	1.658933e+01	6.807322e+01
5.030000e-06	2.343778e-06	1.116354e-09	1.629545e+01	6.779141e+01
5.040000e-06	2.301320e-06	1.119374e-09	1.600025e+01	6.750160e+01
5.050000e-06	2.258643e-06	1.120702e-09	1.570353e+01	6.720369e+01
5.060000e-06	2.215696e-06	1.118643e-09	1.540495e+01	6.689762e+01
5.070000e-06	2.172555e-06	1.112236e-09	1.510500e+01	6.658336e+01
5.080000e-06	2.129302e-06	1.101199e-09	1.480427e+01	6.626089e+01
5.090000e-06	2.085906e-06	1.087973e-09	1.450256e+01	6.593021e+01
5.100000e-06	2.042347e-06	1.079660e-09	1.419971e+01	6.559133e+01
5.110000e-06	1.998630e-06	1.074320e-09	1.389576e+01	6.524428e+01
5.120000e-06	1.954794e-06	1.072395e-09	1.359098e+01	6.488910e+01
5.130000e-06	1.910948e-06	1.073772e-09	1.328614e+01	6.452582e+01
5.140000e-06	1.867098e-06	1.074405e-09	1.298126e+01	6.415448e+01
5.150000e-06	1.823139e-06	1.071143e-09	1.267563e+01	6.377510e+01
5.160000e-06	1.779088e-06	1.064695e-09	1.236936e+01	6.338769e+01
5.170000e-06	1.735001e-06	1.057535e-09	1.206284e+01	6.299225e+01
5.180000e-06	1.690847e-06	1.047721e-09	1.175585e+01	6.258873e+01
5.190000e-06	1.646589e-06	1.037655e-09	1.144814e+01	6.217709e+01
5.200000e-06	1.602227e-06	1.031120e-09	1.113971e+01	6.175720e+01
5.210000e-06	1.557765e-06	1.025879e-09	1.083058e+01	6.132894e+01
5.220000e-06	1.513259e-06	1.018506e-09	1.052115e+01	6.089211e+01
5.230000e-06	1.468700e-06	1.010533e-09	1.021135e+01	6.044646e+01
5.240000e-06	1.424068e-06	1.002534e-09	9.901037e+00	5.999170e+01
5.250000e-06	1.379313e-06	9.949894e-10	9.589869e+00	5.952745e+01
5.260000e-06	1.334358e-06	9.916271e-10	9.277318e+00	5.905330e+01
5.270000e-06	1.289299e-06	9.889340e-10	8.964032e+00	5.856874e+01
5.280000e-06	1.244175e-06	9.830229e-10	8.650301e+00	5.807321e+01
5.290000e-06	1.198950e-06	9.758600e-10	8.335871e+00	5.756608e+01
5.300000e-06	1.153613e-06	9.659155e-10	8.020661e+00	5.704663e+01
5.310000e-06	1.108157e-06	9.516099e-10	7.704617e+00	5.651407e+01
5.320000e-06	1.062505e-06	9.396444e-10	7.387218e+00	5.596756e+01
5.330000e-06	1.016704e-06	9.338252e-10	7.068783e+00	5.540616e+01
5.340000e-06	9.708366e-07	9.300422e-10	6.749880e+00	5.482888e+01
5.350000e-06	9.249173e-07	9.245813e-10	6.430619e+00	5.423466e+01
5.360000e-06	8.789694e-07	9.157072e-10	6.111160e+00	5.362240e+01
5.370000e-06	8.329522e-07	9.036943e-10	5.791219e+00	5.299090e+01
5.380000e-06	7.868384e-07	8.912311e-10	5.470606e+00	5.233895e+01
5.390000e-06	7.406097e-07	8.784378e-10	5.149195e+00	5.166530e+01
5.400000e-06	6.943555e-07	8.640684e-10	4.827606e+00	5.096863e+01
5.410000e-06	6.480998e-07	8.542314e-10	4.506006e+00	5.024763e+01
5.420000e-06	6.018112e-07	8.482420e-10	4.184178e+00	4.950096e+01
5.430000e-06	5.554177e-07	8.437789e-10	3.861621e+00	4.872728e+01
5.440000e-06	5.089632e-07	8.356292e-10	3.538639e+00	4.792523e+01
5.450000e-06	4.625890e-07	8.223795e-10	3.216216e+00	4.709350e+01
5.460000e-06	4.162254e-07	8.072208e-10	2.893867e+00	4.623078e+01
5.470000e-06	3.698298e-07	7.914245e-10	2.571294e+00	4.533580e+01
5.480000e-06	3.233429e-07	7.767053e-10	2.248088e+00	4.440735e+01
5.490000e-06	2.767954e-07	7.646837e-10	1.924459e+00	4.344427e+01
5.500000e-06	2.302459e-07	7.517824e-10	1.600817e+00	4.244546e+01
5.510000e-06	1.837253e-07	7.341270e-10	1.277376e+00	4.140993e+01
5.520000e-06	1.372686e-07	7.146863e-10	9.543796e-01	4.033676e+01
5.530000e-06	9.080200e-08	6.935016e-10	6.313139e-01	3.922514e+01
5.540000e-06	4.436326e-08	6.717192e-10	3.084419e-01	3.807439e+01
5.550000e-06	-2.055037e-09	6.531620e-10	-1.428794e-02	3.688393e+01
5.560000e-06	-4.852085e-08	6.368450e-10	-3.373481e-01	3.565333e+01
5.570000e-06	-9.501705e-08	6.170021e-10	-6.606196e-01	3.438229e+01
5.580000e-06	-1.414426e-07	5.935783e-10	-9.834000e-01	3.307067e+01
5.590000e-06	-1.878578e-07	5.689719e-10	-1.306108e+00	3.171847e+01
5.600000e-06	-2.343411e-07	5.446781e-10	-1.629290e+00	3.032588e+01
5.610000e-06	-2.807828e-07	5.213284e-10	-1.952183e+00	2.889322e+01
5.620000e-06	-3.272376e-07	4.976161e-10	-2.275166e+00	2.742100e+01
5.630000e-06	-3.736573e-07	4.727917e-10	-2.597906e+00	2.590989e+01
5.640000e-06	-4.200219e-07	4.470833e-10	-2.920262e+00	2.436074e+01
5.650000e-06	-4.664052e-07	4.207192e-10	-3.242749e+00	2.277456e+01
5.660000e-06	-5.127099e-07	3.930106e-10	-3.564689e+00	2.115255e+01
5.670000e-06	-5.589131e-07	3.642124e-10	-3.885923e+00	1.949605e+01
5.680000e-06	-6.051220e-07	3.355530e-10	-4.207197e+00	1.780657e+01
5.690000e-06	-6.513530e-07	3.056378e-10	-4.528625e+00	1.608579e+01
5.700000e-06	-6.975300e-07	2.729560e-10	-4.849677e+00	1.433554e+01
5.710000e-06	-7.436202e-07	2.389641e-10	-5.170126e+00	1.255776e+01
5.720000e-06	-7.896260e-07	2.063548e-10	-5.489988e+00	1.075457e+01
5.730000e-06	-8.355946e-07	1.750537e-10	-5.809591e+00	8.928181e+00
5.740000e-06	-8.815574e-07	1.445549e-10	-6.129153e+00	7.080934e+00
5.750000e-06	-9.274101e-07	1.159847e-10	-6.447951e+00	5.215264e+00
5.760000e-06	-9.731783e-07	8.739208e-11	-6.766161e+00	3.333701e+00
5.770000e-06	-1.018846e-06	5.570682e-11	-7.083672e+00	1.438846e+00
5.780000e-06	-1.064387e-06	2.194543e-11	-7.400301e+00	-4.666326e-01
5.790000e-06	-1.109865e-06	-1.305712e-11	-7.716494e+00	-2.380020e+00
5.800000e-06	-1.155217e-06	-4.847032e-11	-8.031812e+00	-4.298566e+00
5.810000e-06	-1.200474e-06	-8.424318e-11	-8.346469e+00	-6.219500e+00
5.820000e-06	-1.245652e-06	-1.191790e-10	-8.660570e+00	-8.140050e+00
5.830000e-06	-1.290676e-06	-1.516819e-10	-8.973610e+00	-1.005745e+01
5.840000e-06	-1.335528e-06	-1.829354e-10	-9.285450e+00	-1.196896e+01
5.850000e-06	-1.380232e-06	-2.141730e-10	-9.596262e+00	-1.387187e+01
5.860000e-06	-1.424872e-06	-2.465624e-10	-9.906629e+00	-1.576354e+01
5.870000e-06	-1.469462e-06	-2.795765e-10	-1.021665e+01	-1.764139e+01
5.880000e-06	-1.513928e-06	-3.102073e-10	-1.052580e+01	-1.950291e+01
5.890000e-06	-1.558320e-06	-3.385149e-10	-1.083444e+01	-2.134570e+01
5.900000e-06	-1.602671e-06	-3.676686e-10	-1.114280e+01	-2.316743e+01
5.910000e-06	-1.646950e-06	-3.969130e-10	-1.145066e+01	-2.496592e+01
5.920000e-06	-1.691140e-06	-4.260547e-10	-1.175789e+01	-2.673909e+01
5.930000e-06	-1.735260e-06	-4.557773e-10	-1.206464e+01	-2.848501e+01
5.940000e-06	-1.779359e-06	-4.859227e-10	-1.237125e+01	-3.020188e+01
5.950000e-06	-1.823405e-06	-5.138849e-10	-1.267749e+01	-3.188803e+01
5.960000e-06	-1.867393e-06	-5.402433e-10	-1.298332e+01	-3.354198e+01
5.970000e-06	-1.911317e-06	-5.673063e-10	-1.328871e+01	-3.516236e+01
5.980000e-06	-1.955064e-06	-5.947329e-10	-1.359286e+01	-3.674801e+01
5.990000e-06	-1.998697e-06	-6.209507e-10	-1.389622e+01	-3.829787e+01
6.000000e-06	-2.042272e-06	-6.447588e-10	-1.419919e+01	-3.981110e+01
6.010000e-06	-2.085710e-06	-6.691048e-10	-1.450120e+01	-4.128698e+01
6.020000e-06	-2.128966e-06	-6.939444e-10	-1.480194e+01	-4.272497e+01
6.030000e-06	-2.172033e-06	-7.185487e-10	-1.510137e+01	-4.412467e+01
6.040000e-06	-2.214945e-06	-7.425544e-10	-1.539972e+01	-4.548585e+01
6.050000e-06	-2.257640e-06	-7.652807e-10	-1.569656e+01	-4.680840e+01
6.060000e-06	-2.300148e-06	-7.849332e-10	-1.599211e+01	-4.809239e+01
6.070000e-06	-2.342589e-06	-8.007738e-10	-1.628718e+01	-4.933798e+01
6.080000e-06	-2.384888e-06	-8.156714e-10	-1.658128e+01	-5.054549e+01
6.090000e-06	-2.427005e-06	-8.327305e-10	-1.687410e+01	-5.171534e+01
6.100000e-06	-2.468957e-06	-8.514157e-10	-1.716577e+01	-5.284808e+01
6.110000e-06	-2.510732e-06	-8.724165e-10	-1.745622e+01	-5.394432e+01
6.120000e-06	-2.552384e-06	-8.962773e-10	-1.774582e+01	-5.500481e+01
6.130000e-06	-2.593877e-06	-9.185400e-10	-1.803430e+01	-5.603035e+01
6.140000e-06	-2.635153e-06	-9.360340e-10	-1.832128e+01	-5.702181e+01
6.150000e-06	-2.676222e-06	-9.471851e-10	-1.860682e+01	-5.798013e+01
6.160000e-06	-2.717098e-06	-9.559812e-10	-1.889101e+01	-5.890630e+01
6.170000e-06	-2.757733e-06	-9.651558e-10	-1.917353e+01	-5.980133e+01
6.180000e-06	-2.798130e-06	-9.777897e-10	-1.945440e+01	-6.066628e+01
6.190000e-06	-2.838379e-06	-9.926924e-10	-1.973424e+01	-6.150221e+01
6.200000e-06	-2.878517e-06	-1.009782e-09	-2.001330e+01	-6.231022e+01
6.210000e-06	-2.918517e-06	-1.028894e-09	-2.029141e+01	-6.309137e+01
6.220000e-06	-2.958418e-06	-1.044801e-09	-2.056882e+01	-6.384674e+01
6.230000e-06	-2.998284e-06	-1.058098e-09	-2.084599e+01	-6.457737e+01
6.240000e-06	-3.037959e-06	-1.068444e-09	-2.112184e+01	-6.528430e+01
6.250000e-06	-3.077369e-06	-1.073790e-09	-2.139585e+01	-6.596853e+01
6.260000e-06	-3.116521e-06	-1.079241e-09	-2.166806e+01	-6.663101e+01
6.270000e-06	-3.155326e-06	-1.089155e-09	-2.193786e+01	-6.727266e+01
6.280000e-06	-3.193775e-06	-1.102546e-09	-2.220517e+01	-6.789436e+01
6.290000e-06	-3.231887e-06	-1.117591e-09	-2.247015e+01	-6.849693e+01
6.300000e-06	-3.269682e-06	-1.131453e-09	-2.273293e+01	-6.908114e+01
6.310000e-06	-3.307071e-06	-1.143234e-09	-2.299288e+01	-6.964769e+01
6.320000e-06	-3.344048e-06	-1.152529e-09	-2.324997e+01	-7.019725e+01
6.330000e-06	-3.380632e-06	-1.157988e-09	-2.350432e+01	-7.073042e+01
6.340000e-06	-3.416940e-06	-1.161815e-09	-2.375676e+01	-7.124773e+01
6.350000e-06	-3.453133e-06	-1.168067e-09	-2.400840e+01	-7.174968e+01
6.360000e-06	-3.489207e-06	-1.175578e-09	-2.425921e+01	-7.223669e+01
6.370000e-06	-3.525192e-06	-1.184177e-09	-2.450940e+01	-7.270916e+01
6.380000e-06	-3.560967e-06	-1.193998e-09	-2.475813e+01	-7.316741e+01
6.390000e-06	-3.596493e-06	-1.201832e-09	-2.500513e+01	-7.361172e+01
6.400000e-06	-3.631817e-06	-1.206301e-09	-2.525073e+01	-7.404235e+01
6.410000e-06	-3.666897e-06	-1.210909e-09	-2.549462e+01	-7.445949e+01
6.420000e-06	-3.701738e-06	-1.218172e-09	-2.573686e+01	-7.486332e+01
6.430000e-06	-3.736332e-06	-1.228217e-09	-2.597738e+01	-7.525398e+01
6.440000e-06	-3.770664e-06	-1.238760e-09	-2.621608e+01	-7.563158e+01
6.450000e-06	-3.804790e-06	-1.245943e-09	-2.645334e+01	-7.599624e+01
6.460000e-06	-3.838723e-06	-1.248138e-09	-2.668927e+01	-7.634803e+01
6.470000e-06	-3.872356e-06	-1.248675e-09	-2.692311e+01	-7.668702e+01
6.480000e-06	-3.905631e-06	-1.252491e-09	-2.715445e+01	-7.701329e+01
6.490000e-06	-3.938627e-06	-1.260164e-09	-2.738387e+01	-7.732691e+01
6.500000e-06	-3.971379e-06	-1.270838e-09	-2.761158e+01	-7.762794e+01
6.510000e-06	-4.003832e-06	-1.280785e-09	-2.783721e+01	-7.791648e+01
6.520000e-06	-4.036031e-06	-1.285413e-09	-2.806108e+01	-7.819261e+01
6.530000e-06	-4.068011e-06	-1.286498e-09	-2.828343e+01	-7.845643e+01
6.540000e-06	-4.099803e-06	-1.287312e-09	-2.850446e+01	-7.870809e+01
6.550000e-06	-4.131360e-06	-1.286667e-09	-2.872387e+01	-7.894772e+01
6.560000e-06	-4.162554e-06	-1.286463e-09	-2.894075e+01	-7.917549e+01
6.570000e-06	-4.193358e-06	-1.288774e-09	-2.915492e+01	-7.939160e+01
6.580000e-06	-4.223759e-06	-1.293214e-09	-2.936629e+01	-7.959627e+01
6.590000e-06	-4.253641e-06	-1.298302e-09	-2.957404e+01	-7.978974e+01
6.600000e-06	-4.283002e-06	-1.301141e-09	-2.977818e+01	-7.997229e+01
6.610000e-06	-4.311934e-06	-1.302056e-09	-2.997934e+01	-8.014420e+01
6.620000e-06	-4.340496e-06	-1.302440e-09	-3.017792e+01	-8.030581e+01
6.630000e-06	-4.368779e-06	-1.305176e-09	-3.037456e+01	-8.045747e+01
6.640000e-06	-4.396871e-06	-1.309257e-09	-3.056987e+01	-8.059953e+01
6.650000e-06	-4.424845e-06	-1.312858e-09	-3.076437e+01	-8.073239e+01
6.660000e-06	-4.452658e-06	-1.315015e-09	-3.095774e+01	-8.085647e+01
6.670000e-06	-4.480186e-06	-1.313713e-09	-3.114913e+01	-8.097217e+01
6.680000e-06	-4.507346e-06	-1.310020e-09	-3.133797e+01	-8.107993e+01
6.690000e-06	-4.534117e-06	-1.307424e-09	-3.152410e+01	-8.118021e+01
6.700000e-06	-4.560572e-06	-1.307309e-09	-3.170803e+01	-8.127345e+01
6.710000e-06	-4.586763e-06	-1.310475e-09	-3.189012e+01	-8.136011e+01
6.720000e-06	-4.612610e-06	-1.316383e-09	-3.206983e+01	-8.144063e+01
6.730000e-06	-4.638116e-06	-1.321317e-09	-3.224716e+01	-8.151548e+01
6.740000e-06	-4.663280e-06	-1.323271e-09	-3.242212e+01	-8.158508e+01
6.750000e-06	-4.688126e-06	-1.322748e-09	-3.259487e+01	-8.164988e+01
6.760000e-06	-4.712707e-06	-1.322517e-09	-3.276576e+01	-8.171030e+01
6.770000e-06	-4.737010e-06	-1.320554e-09	-3.293474e+01	-8.176673e+01
6.780000e-06	-4.761113e-06	-1.318534e-09	-3.310232e+01	-8.181955e+01
6.790000e-06	-4.785019e-06	-1.317597e-09	-3.326853e+01	-8.186913e+01
6.800000e-06	-4.808668e-06	-1.315323e-09	-3.343295e+01	-8.191581e+01
6.810000e-06	-4.831909e-06	-1.312890e-09	-3.359454e+01	-8.195989e+01
6.820000e-06	-4.854561e-06	-1.315026e-09	-3.375203e+01	-8.200166e+01
6.830000e-06	-4.876709e-06	-1.321362e-09	-3.390602e+01	-8.204137e+01
6.840000e-06	-4.898418e-06	-1.326231e-09	-3.405695e+01	-8.207924e+01
6.850000e-06	-4.919549e-06	-1.327578e-09	-3.420387e+01	-8.211548e+01
6.860000e-06	-4.940172e-06	-1.325843e-09	-3.434725e+01	-8.215024e+01
6.870000e-06	-4.960515e-06	-1.321728e-09	-3.448869e+01	-8.218366e+01
6.880000e-06	-4.980690e-06	-1.316800e-09	-3.462895e+01	-8.221585e+01
6.890000e-06	-5.000695e-06	-1.315111e-09	-3.476805e+01	-8.224688e+01
6.900000e-06	-5.020403e-06	-1.317861e-09	-3.490507e+01	-8.227680e+01
6.910000e-06	-5.039721e-06	-1.323346e-09	-3.503938e+01	-8.230564e+01
6.920000e-06	-5.058684e-06	-1.330966e-09	-3.517122e+01	-8.233339e+01
6.930000e-06	-5.077317e-06	-1.338122e-09	-3.530077e+01	-8.236004e+01
6.940000e-06	-5.095635e-06	-1.339638e-09	-3.542813e+01	-8.238555e+01
6.950000e-06	-5.113663e-06	-1.335242e-09	-3.555347e+01	-8.240986e+01
6.960000e-06	-5.131407e-06	-1.325112e-09	-3.567684e+01	-8.243290e+01
6.970000e-06	-5.148720e-06	-1.316853e-09	-3.579721e+01	-8.245459e+01
6.980000e-06	-5.165612e-06	-1.315913e-09	-3.591465e+01	-8.247485e+01
6.990000e-06	-5.182224e-06	-1.320582e-09	-3.603015e+01	-8.249357e+01
7.000000e-06	-5.198575e-06	-1.327270e-09	-3.614383e+01	-8.251067e+01
7.010000e-06	-5.214660e-06	-1.331631e-09	-3.625567e+01	-8.252604e+01
7.020000e-06	-5.230432e-06	-1.331888e-09	-3.636532e+01	-8.253959e+01
7.030000e-06	-5.245845e-06	-1.327045e-09	-3.647249e+01	-8.255124e+01
7.040000e-06	-5.260759e-06	-1.320771e-09	-3.657618e+01	-8.256090e+01
7.050000e-06	-5.274955e-06	-1.316623e-09	-3.667488e+01	-8.256850e+01
7.060000e-06	-5.288585e-06	-1.316032e-09	-3.676964e+01	-8.257399e+01
7.070000e-06	-5.301731e-06	-1.319343e-09	-3.686104e+01	-8.257733e+01
7.080000e-06	-5.314306e-06	-1.323673e-09	-3.694847e+01	-8.257847e+01
7.090000e-06	-5.326482e-06	-1.325978e-09	-3.703312e+01	-8.257742e+01
7.100000e-06	-5.338309e-06	-1.324157e-09	-3.711535e+01	-8.257417e+01
7.110000e-06	-5.349771e-06	-1.319825e-09	-3.719505e+01	-8.256874e+01
7.120000e-06	-5.360820e-06	-1.315138e-09	-3.727186e+01	-8.256118e+01
7.130000e-06	-5.371493e-06	-1.311128e-09	-3.734607e+01	-8.255154e+01
7.140000e-06	-5.381865e-06	-1.313599e-09	-3.741818e+01	-8.253989e+01
7.150000e-06	-5.391921e-06	-1.322000e-09	-3.748810e+01	-8.252632e+01
7.160000e-06	-5.401643e-06	-1.328705e-09	-3.755569e+01	-8.251094e+01
7.170000e-06	-5.410981e-06	-1.326425e-09	-3.762062e+01	-8.249386e+01
7.180000e-06	-5.419885e-06	-1.317271e-09	-3.768252e+01	-8.247521e+01
7.190000e-06	-5.428375e-06	-1.308330e-09	-3.774155e+01	-8.245513e+01
7.200000e-06	-5.436599e-06	-1.304319e-09	-3.779873e+01	-8.243376e+01
7.210000e-06	-5.444615e-06	-1.305118e-09	-3.785447e+01	-8.241127e+01
7.220000e-06	-5.452340e-06	-1.309352e-09	-3.790817e+01	-8.238780e+01
7.230000e-06	-5.459702e-06	-1.317543e-09	-3.795935e+01	-8.236351e+01
7.240000e-06	-5.466539e-06	-1.322715e-09	-3.800689e+01	-8.233856e+01
7.250000e-06	-5.472814e-06	-1.322672e-09	-3.805052e+01	-8.231309e+01
7.260000e-06	-5.478524e-06	-1.319087e-09	-3.809022e+01	-8.228726e+01
7.270000e-06	-5.483669e-06	-1.313233e-09	-3.812599e+01	-8.226120e+01
7.280000e-06	-5.488322e-06	-1.308107e-09	-3.815834e+01	-8.223504e+01
7.290000e-06	-5.492591e-06	-1.303959e-09	-3.818802e+01	-8.220887e+01
7.300000e-06	-5.496650e-06	-1.303928e-09	-3.821624e+01	-8.218281e+01
7.310000e-06	-5.500516e-06	-1.307172e-09	-3.824312e+01	-8.215693e+01
7.320000e-06	-5.503993e-06	-1.308518e-09	-3.826730e+01	-8.213129e+01
7.330000e-06	-5.506988e-06	-1.308333e-09	-3.828812e+01	-8.210593e+01
7.340000e-06	-5.509622e-06	-1.307769e-09	-3.830643e+01	-8.208087e+01
7.350000e-06	-5.511955e-06	-1.306981e-09	-3.832265e+01	-8.205610e+01
7.360000e-06	-5.513977e-06	-1.303873e-09	-3.833671e+01	-8.203161e+01
7.370000e-06	-5.515655e-06	-1.299247e-09	-3.834838e+01	-8.200734e+01
7.380000e-06	-5.516875e-06	-1.296075e-09	-3.835686e+01	-8.198322e+01
7.390000e-06	-5.517647e-06	-1.294870e-09	-3.836223e+01	-8.195916e+01
7.400000e-06	-5.518104e-06	-1.294429e-09	-3.836541e+01	-8.193505e+01
