# Temperatura_=_-8.86
# Concentracion g/m^3_=_1620.0
# C_Vs_to_Am_M_A/Vsm_=_65563218390.804596
# pendiente_HvsI_1/m_=_3716.3
# ordenada_HvsI_A/m_=_1297.0
# frecuencia_Hz_=_135108.6878868562

Tiempo_(s)	Campo_(V.s)	Magnetizacion_(V.s)	Campo_(kA/m)	Magnetizacion_(A/m)
0.000000e+00	-5.526388e-06	-1.385197e-09	-3.836452e+01	-8.958695e+01
1.000000e-08	-5.526514e-06	-1.381728e-09	-3.836540e+01	-8.954321e+01
2.000000e-08	-5.526478e-06	-1.380642e-09	-3.836514e+01	-8.949919e+01
3.000000e-08	-5.526173e-06	-1.381333e-09	-3.836303e+01	-8.945465e+01
4.000000e-08	-5.525439e-06	-1.382687e-09	-3.835793e+01	-8.940935e+01
5.000000e-08	-5.524154e-06	-1.381003e-09	-3.834901e+01	-8.936301e+01
6.000000e-08	-5.522254e-06	-1.375003e-09	-3.833582e+01	-8.931536e+01
7.000000e-08	-5.519734e-06	-1.366239e-09	-3.831832e+01	-8.926613e+01
8.000000e-08	-5.516600e-06	-1.369425e-09	-3.829657e+01	-8.921501e+01
9.000000e-08	-5.512972e-06	-1.390927e-09	-3.827139e+01	-8.916173e+01
1.000000e-07	-5.508956e-06	-1.413035e-09	-3.824350e+01	-8.910598e+01
1.100000e-07	-5.504531e-06	-1.387351e-09	-3.821279e+01	-8.904750e+01
1.200000e-07	-5.499890e-06	-1.366294e-09	-3.818057e+01	-8.898599e+01
1.300000e-07	-5.495057e-06	-1.309448e-09	-3.814702e+01	-8.892121e+01
1.400000e-07	-5.489930e-06	-1.338852e-09	-3.811143e+01	-8.885291e+01
1.500000e-07	-5.484440e-06	-1.359065e-09	-3.807332e+01	-8.878085e+01
1.600000e-07	-5.478508e-06	-1.373726e-09	-3.803214e+01	-8.870484e+01
1.700000e-07	-5.472271e-06	-1.349828e-09	-3.798884e+01	-8.862469e+01
1.800000e-07	-5.465628e-06	-1.329123e-09	-3.794272e+01	-8.854026e+01
1.900000e-07	-5.458471e-06	-1.372057e-09	-3.789304e+01	-8.845141e+01
2.000000e-07	-5.450948e-06	-1.362457e-09	-3.784081e+01	-8.835807e+01
2.100000e-07	-5.443177e-06	-1.358777e-09	-3.778686e+01	-8.826016e+01
2.200000e-07	-5.435161e-06	-1.329024e-09	-3.773122e+01	-8.815768e+01
2.300000e-07	-5.426932e-06	-1.371201e-09	-3.767409e+01	-8.805062e+01
2.400000e-07	-5.418420e-06	-1.368524e-09	-3.761500e+01	-8.793905e+01
2.500000e-07	-5.409345e-06	-1.370647e-09	-3.755200e+01	-8.782304e+01
2.600000e-07	-5.399431e-06	-1.331445e-09	-3.748318e+01	-8.770272e+01
2.700000e-07	-5.388786e-06	-1.348420e-09	-3.740928e+01	-8.757823e+01
2.800000e-07	-5.377642e-06	-1.336348e-09	-3.733192e+01	-8.744977e+01
2.900000e-07	-5.366048e-06	-1.329189e-09	-3.725143e+01	-8.731755e+01
3.000000e-07	-5.354110e-06	-1.313515e-09	-3.716856e+01	-8.718183e+01
3.100000e-07	-5.341924e-06	-1.326446e-09	-3.708396e+01	-8.704287e+01
3.200000e-07	-5.329339e-06	-1.321733e-09	-3.699659e+01	-8.690099e+01
3.300000e-07	-5.316264e-06	-1.311497e-09	-3.690583e+01	-8.675650e+01
3.400000e-07	-5.302729e-06	-1.310036e-09	-3.681186e+01	-8.660974e+01
3.500000e-07	-5.288878e-06	-1.312110e-09	-3.671571e+01	-8.646107e+01
3.600000e-07	-5.274653e-06	-1.319331e-09	-3.661696e+01	-8.631085e+01
3.700000e-07	-5.259936e-06	-1.316600e-09	-3.651479e+01	-8.615945e+01
3.800000e-07	-5.244653e-06	-1.318815e-09	-3.640870e+01	-8.600726e+01
3.900000e-07	-5.228729e-06	-1.315199e-09	-3.629815e+01	-8.585463e+01
4.000000e-07	-5.212382e-06	-1.321018e-09	-3.618467e+01	-8.570195e+01
4.100000e-07	-5.195692e-06	-1.296807e-09	-3.606881e+01	-8.554957e+01
4.200000e-07	-5.178639e-06	-1.295684e-09	-3.595043e+01	-8.539783e+01
4.300000e-07	-5.161250e-06	-1.300305e-09	-3.582971e+01	-8.524707e+01
4.400000e-07	-5.143555e-06	-1.310500e-09	-3.570687e+01	-8.509759e+01
4.500000e-07	-5.125525e-06	-1.289804e-09	-3.558170e+01	-8.494967e+01
4.600000e-07	-5.107060e-06	-1.310193e-09	-3.545352e+01	-8.480357e+01
4.700000e-07	-5.088137e-06	-1.303773e-09	-3.532215e+01	-8.465952e+01
4.800000e-07	-5.068837e-06	-1.286666e-09	-3.518817e+01	-8.451770e+01
4.900000e-07	-5.049220e-06	-1.275249e-09	-3.505199e+01	-8.437828e+01
5.000000e-07	-5.029378e-06	-1.299984e-09	-3.491425e+01	-8.424136e+01
5.100000e-07	-5.009413e-06	-1.274091e-09	-3.477565e+01	-8.410704e+01
5.200000e-07	-4.989266e-06	-1.265655e-09	-3.463578e+01	-8.397536e+01
5.300000e-07	-4.968787e-06	-1.283559e-09	-3.449362e+01	-8.384631e+01
5.400000e-07	-4.947932e-06	-1.291384e-09	-3.434884e+01	-8.371985e+01
5.500000e-07	-4.926719e-06	-1.266819e-09	-3.420158e+01	-8.359592e+01
5.600000e-07	-4.905088e-06	-1.285159e-09	-3.405142e+01	-8.347439e+01
5.700000e-07	-4.883080e-06	-1.286439e-09	-3.389864e+01	-8.335510e+01
5.800000e-07	-4.860756e-06	-1.262634e-09	-3.374366e+01	-8.323787e+01
5.900000e-07	-4.838105e-06	-1.264196e-09	-3.358641e+01	-8.312248e+01
6.000000e-07	-4.815118e-06	-1.282200e-09	-3.342684e+01	-8.300866e+01
6.100000e-07	-4.791749e-06	-1.257426e-09	-3.326461e+01	-8.289613e+01
6.200000e-07	-4.768064e-06	-1.244286e-09	-3.310019e+01	-8.278458e+01
6.300000e-07	-4.744176e-06	-1.259324e-09	-3.293436e+01	-8.267368e+01
6.400000e-07	-4.720108e-06	-1.248709e-09	-3.276728e+01	-8.256309e+01
6.500000e-07	-4.695755e-06	-1.237700e-09	-3.259821e+01	-8.245243e+01
6.600000e-07	-4.671086e-06	-1.253605e-09	-3.242696e+01	-8.234133e+01
6.700000e-07	-4.645958e-06	-1.257579e-09	-3.225252e+01	-8.222940e+01
6.800000e-07	-4.620153e-06	-1.238140e-09	-3.207338e+01	-8.211627e+01
6.900000e-07	-4.593839e-06	-1.245750e-09	-3.189070e+01	-8.200156e+01
7.000000e-07	-4.567114e-06	-1.243393e-09	-3.170518e+01	-8.188488e+01
7.100000e-07	-4.539898e-06	-1.229340e-09	-3.151625e+01	-8.176586e+01
7.200000e-07	-4.512287e-06	-1.224462e-09	-3.132457e+01	-8.164416e+01
7.300000e-07	-4.484461e-06	-1.238130e-09	-3.113140e+01	-8.151944e+01
7.400000e-07	-4.456486e-06	-1.228764e-09	-3.093719e+01	-8.139138e+01
7.500000e-07	-4.428339e-06	-1.228832e-09	-3.074180e+01	-8.125969e+01
7.600000e-07	-4.400037e-06	-1.231332e-09	-3.054532e+01	-8.112411e+01
7.700000e-07	-4.371439e-06	-1.227131e-09	-3.034679e+01	-8.098440e+01
7.800000e-07	-4.342400e-06	-1.211002e-09	-3.014520e+01	-8.084036e+01
7.900000e-07	-4.313074e-06	-1.213163e-09	-2.994162e+01	-8.069181e+01
8.000000e-07	-4.283496e-06	-1.209930e-09	-2.973629e+01	-8.053862e+01
8.100000e-07	-4.253605e-06	-1.205577e-09	-2.952878e+01	-8.038068e+01
8.200000e-07	-4.223397e-06	-1.201542e-09	-2.931908e+01	-8.021792e+01
8.300000e-07	-4.192853e-06	-1.204161e-09	-2.910704e+01	-8.005032e+01
8.400000e-07	-4.161990e-06	-1.196765e-09	-2.889278e+01	-7.987788e+01
8.500000e-07	-4.130891e-06	-1.197895e-09	-2.867690e+01	-7.970063e+01
8.600000e-07	-4.099575e-06	-1.200593e-09	-2.845950e+01	-7.951864e+01
8.700000e-07	-4.068086e-06	-1.197823e-09	-2.824090e+01	-7.933201e+01
8.800000e-07	-4.036412e-06	-1.191377e-09	-2.802101e+01	-7.914088e+01
8.900000e-07	-4.004521e-06	-1.191102e-09	-2.779963e+01	-7.894539e+01
9.000000e-07	-3.972477e-06	-1.184504e-09	-2.757717e+01	-7.874572e+01
9.100000e-07	-3.940167e-06	-1.173495e-09	-2.735288e+01	-7.854208e+01
9.200000e-07	-3.907505e-06	-1.168913e-09	-2.712614e+01	-7.833467e+01
9.300000e-07	-3.874540e-06	-1.165775e-09	-2.689729e+01	-7.812373e+01
9.400000e-07	-3.841185e-06	-1.163255e-09	-2.666574e+01	-7.790950e+01
9.500000e-07	-3.807322e-06	-1.163253e-09	-2.643066e+01	-7.769221e+01
9.600000e-07	-3.772941e-06	-1.163783e-09	-2.619198e+01	-7.747212e+01
9.700000e-07	-3.738127e-06	-1.156012e-09	-2.595030e+01	-7.724946e+01
9.800000e-07	-3.702947e-06	-1.151181e-09	-2.570608e+01	-7.702449e+01
9.900000e-07	-3.667435e-06	-1.146906e-09	-2.545955e+01	-7.679742e+01
1.000000e-06	-3.631736e-06	-1.143628e-09	-2.521173e+01	-7.656848e+01
1.010000e-06	-3.595952e-06	-1.135644e-09	-2.496332e+01	-7.633786e+01
1.020000e-06	-3.560050e-06	-1.133564e-09	-2.471408e+01	-7.610574e+01
1.030000e-06	-3.523967e-06	-1.128757e-09	-2.446359e+01	-7.587228e+01
1.040000e-06	-3.487719e-06	-1.124172e-09	-2.421195e+01	-7.563762e+01
1.050000e-06	-3.451223e-06	-1.119770e-09	-2.395860e+01	-7.540185e+01
1.060000e-06	-3.414429e-06	-1.118865e-09	-2.370317e+01	-7.516506e+01
1.070000e-06	-3.377390e-06	-1.109162e-09	-2.344604e+01	-7.492728e+01
1.080000e-06	-3.340121e-06	-1.105171e-09	-2.318732e+01	-7.468852e+01
1.090000e-06	-3.302609e-06	-1.102325e-09	-2.292691e+01	-7.444876e+01
1.100000e-06	-3.264869e-06	-1.099717e-09	-2.266492e+01	-7.420795e+01
1.110000e-06	-3.226902e-06	-1.093371e-09	-2.240135e+01	-7.396600e+01
1.120000e-06	-3.188697e-06	-1.086856e-09	-2.213613e+01	-7.372277e+01
1.130000e-06	-3.150278e-06	-1.077024e-09	-2.186942e+01	-7.347812e+01
1.140000e-06	-3.111628e-06	-1.069056e-09	-2.160111e+01	-7.323185e+01
1.150000e-06	-3.072746e-06	-1.067220e-09	-2.133119e+01	-7.298376e+01
1.160000e-06	-3.033573e-06	-1.070299e-09	-2.105925e+01	-7.273358e+01
1.170000e-06	-2.994195e-06	-1.070754e-09	-2.078589e+01	-7.248106e+01
1.180000e-06	-2.954735e-06	-1.068776e-09	-2.051195e+01	-7.222590e+01
1.190000e-06	-2.915112e-06	-1.064976e-09	-2.023689e+01	-7.196778e+01
1.200000e-06	-2.875320e-06	-1.054052e-09	-1.996064e+01	-7.170638e+01
1.210000e-06	-2.835456e-06	-1.040888e-09	-1.968390e+01	-7.144134e+01
1.220000e-06	-2.795507e-06	-1.032859e-09	-1.940658e+01	-7.117231e+01
1.230000e-06	-2.755391e-06	-1.029040e-09	-1.912809e+01	-7.089892e+01
1.240000e-06	-2.715136e-06	-1.024285e-09	-1.884864e+01	-7.062081e+01
1.250000e-06	-2.674727e-06	-1.021098e-09	-1.856812e+01	-7.033759e+01
1.260000e-06	-2.634035e-06	-1.019155e-09	-1.828563e+01	-7.004891e+01
1.270000e-06	-2.593026e-06	-1.018583e-09	-1.800095e+01	-6.975439e+01
1.280000e-06	-2.551798e-06	-1.011040e-09	-1.771474e+01	-6.945368e+01
1.290000e-06	-2.510304e-06	-1.004223e-09	-1.742668e+01	-6.914642e+01
1.300000e-06	-2.468572e-06	-9.966627e-10	-1.713698e+01	-6.883228e+01
1.310000e-06	-2.426608e-06	-9.895120e-10	-1.684566e+01	-6.851093e+01
1.320000e-06	-2.384165e-06	-9.810322e-10	-1.655101e+01	-6.818207e+01
1.330000e-06	-2.341274e-06	-9.722194e-10	-1.625327e+01	-6.784540e+01
1.340000e-06	-2.298241e-06	-9.639855e-10	-1.595453e+01	-6.750065e+01
1.350000e-06	-2.255078e-06	-9.592072e-10	-1.565489e+01	-6.714755e+01
1.360000e-06	-2.211652e-06	-9.573451e-10	-1.535342e+01	-6.678587e+01
1.370000e-06	-2.168078e-06	-9.550771e-10	-1.505093e+01	-6.641538e+01
1.380000e-06	-2.124423e-06	-9.474697e-10	-1.474787e+01	-6.603587e+01
1.390000e-06	-2.080645e-06	-9.377351e-10	-1.444396e+01	-6.564715e+01
1.400000e-06	-2.036732e-06	-9.247558e-10	-1.413912e+01	-6.524903e+01
1.410000e-06	-1.992738e-06	-9.104625e-10	-1.383371e+01	-6.484134e+01
1.420000e-06	-1.948730e-06	-8.994333e-10	-1.352820e+01	-6.442391e+01
1.430000e-06	-1.904578e-06	-8.922029e-10	-1.322170e+01	-6.399659e+01
1.440000e-06	-1.860279e-06	-8.882923e-10	-1.291417e+01	-6.355921e+01
1.450000e-06	-1.815915e-06	-8.862932e-10	-1.260619e+01	-6.311161e+01
1.460000e-06	-1.771544e-06	-8.823570e-10	-1.229816e+01	-6.265361e+01
1.470000e-06	-1.727104e-06	-8.734355e-10	-1.198966e+01	-6.218504e+01
1.480000e-06	-1.682480e-06	-8.610412e-10	-1.167988e+01	-6.170569e+01
1.490000e-06	-1.637692e-06	-8.482570e-10	-1.136896e+01	-6.121537e+01
1.500000e-06	-1.592774e-06	-8.344273e-10	-1.105713e+01	-6.071381e+01
1.510000e-06	-1.547740e-06	-8.222651e-10	-1.074451e+01	-6.020077e+01
1.520000e-06	-1.502549e-06	-8.143252e-10	-1.043079e+01	-5.967594e+01
1.530000e-06	-1.457288e-06	-8.085168e-10	-1.011658e+01	-5.913899e+01
1.540000e-06	-1.411890e-06	-7.996388e-10	-9.801426e+00	-5.858955e+01
1.550000e-06	-1.366292e-06	-7.870711e-10	-9.484881e+00	-5.802721e+01
1.560000e-06	-1.320650e-06	-7.719774e-10	-9.168031e+00	-5.745151e+01
1.570000e-06	-1.274965e-06	-7.555376e-10	-8.850887e+00	-5.686195e+01
1.580000e-06	-1.229208e-06	-7.428177e-10	-8.533238e+00	-5.625797e+01
1.590000e-06	-1.183399e-06	-7.330727e-10	-8.215228e+00	-5.563897e+01
1.600000e-06	-1.137523e-06	-7.234180e-10	-7.896751e+00	-5.500430e+01
1.610000e-06	-1.091611e-06	-7.128225e-10	-7.578031e+00	-5.435326e+01
1.620000e-06	-1.045638e-06	-7.016722e-10	-7.258880e+00	-5.368508e+01
1.630000e-06	-9.995437e-07	-6.885178e-10	-6.938893e+00	-5.299897e+01
1.640000e-06	-9.533421e-07	-6.755605e-10	-6.618158e+00	-5.229407e+01
1.650000e-06	-9.070542e-07	-6.632122e-10	-6.296825e+00	-5.156950e+01
1.660000e-06	-8.607151e-07	-6.534468e-10	-5.975136e+00	-5.082431e+01
1.670000e-06	-8.143047e-07	-6.449436e-10	-5.652952e+00	-5.005753e+01
1.680000e-06	-7.678648e-07	-6.357725e-10	-5.330564e+00	-4.926816e+01
1.690000e-06	-7.214532e-07	-6.236706e-10	-5.008371e+00	-4.845516e+01
1.700000e-06	-6.749679e-07	-6.100460e-10	-4.685668e+00	-4.761749e+01
1.710000e-06	-6.283683e-07	-5.920635e-10	-4.362171e+00	-4.675409e+01
1.720000e-06	-5.817559e-07	-5.719629e-10	-4.038585e+00	-4.586388e+01
1.730000e-06	-5.351402e-07	-5.550192e-10	-3.714976e+00	-4.494580e+01
1.740000e-06	-4.884539e-07	-5.435665e-10	-3.390877e+00	-4.399879e+01
1.750000e-06	-4.417419e-07	-5.344580e-10	-3.066599e+00	-4.302181e+01
1.760000e-06	-3.950322e-07	-5.218794e-10	-2.742337e+00	-4.201386e+01
1.770000e-06	-3.482971e-07	-5.053446e-10	-2.417900e+00	-4.097397e+01
1.780000e-06	-3.015317e-07	-4.871067e-10	-2.093251e+00	-3.990120e+01
1.790000e-06	-2.547384e-07	-4.691702e-10	-1.768409e+00	-3.879470e+01
1.800000e-06	-2.079509e-07	-4.526307e-10	-1.443608e+00	-3.765366e+01
1.810000e-06	-1.611545e-07	-4.370814e-10	-1.118744e+00	-3.647737e+01
1.820000e-06	-1.142982e-07	-4.213219e-10	-7.934648e-01	-3.526517e+01
1.830000e-06	-6.731422e-08	-4.056161e-10	-4.672993e-01	-3.401653e+01
1.840000e-06	-2.028092e-08	-3.897113e-10	-1.407914e-01	-3.273100e+01
1.850000e-06	2.664104e-08	-3.720840e-10	1.849437e-01	-3.140825e+01
1.860000e-06	7.345621e-08	-3.540674e-10	5.099374e-01	-3.004808e+01
1.870000e-06	1.203445e-07	-3.360849e-10	8.354391e-01	-2.865038e+01
1.880000e-06	1.673623e-07	-3.170047e-10	1.161839e+00	-2.721522e+01
1.890000e-06	2.143270e-07	-2.983275e-10	1.487871e+00	-2.574276e+01
1.900000e-06	2.611845e-07	-2.778238e-10	1.813159e+00	-2.423333e+01
1.910000e-06	3.080629e-07	-2.561830e-10	2.138591e+00	-2.268739e+01
1.920000e-06	3.549585e-07	-2.341574e-10	2.464143e+00	-2.110558e+01
1.930000e-06	4.017557e-07	-2.097606e-10	2.789012e+00	-1.948864e+01
1.940000e-06	4.484446e-07	-1.841970e-10	3.113129e+00	-1.783751e+01
1.950000e-06	4.950456e-07	-1.601441e-10	3.436637e+00	-1.615324e+01
1.960000e-06	5.416595e-07	-1.368651e-10	3.760233e+00	-1.443705e+01
1.970000e-06	5.882769e-07	-1.143602e-10	4.083854e+00	-1.269031e+01
1.980000e-06	6.348172e-07	-9.235004e-11	4.406940e+00	-1.091452e+01
1.990000e-06	6.813171e-07	-6.821997e-11	4.729745e+00	-9.111313e+00
2.000000e-06	7.278839e-07	-3.995367e-11	5.053014e+00	-7.282477e+00
2.010000e-06	7.744399e-07	-1.034290e-11	5.376209e+00	-5.429907e+00
2.020000e-06	8.207703e-07	1.922624e-11	5.697837e+00	-3.555622e+00
2.030000e-06	8.669593e-07	4.775344e-11	6.018484e+00	-1.661749e+00
2.040000e-06	9.131139e-07	7.514763e-11	6.338892e+00	2.494835e-01
2.050000e-06	9.592497e-07	1.017136e-10	6.659169e+00	2.175759e+00
2.060000e-06	1.005361e-06	1.266495e-10	6.979274e+00	4.114682e+00
2.070000e-06	1.051396e-06	1.495407e-10	7.298854e+00	6.063789e+00
2.080000e-06	1.097356e-06	1.726402e-10	7.617913e+00	8.020562e+00
2.090000e-06	1.143226e-06	1.991676e-10	7.936341e+00	9.982441e+00
2.100000e-06	1.188976e-06	2.291273e-10	8.253946e+00	1.194683e+01
2.110000e-06	1.234660e-06	2.602121e-10	8.571081e+00	1.391113e+01
2.120000e-06	1.280324e-06	2.906586e-10	8.888089e+00	1.587273e+01
2.130000e-06	1.325918e-06	3.212558e-10	9.204605e+00	1.782902e+01
2.140000e-06	1.371392e-06	3.503120e-10	9.520287e+00	1.977742e+01
2.150000e-06	1.416731e-06	3.752759e-10	9.835035e+00	2.171540e+01
2.160000e-06	1.461962e-06	3.977521e-10	1.014903e+01	2.364045e+01
2.170000e-06	1.507064e-06	4.191305e-10	1.046213e+01	2.555015e+01
2.180000e-06	1.552040e-06	4.416771e-10	1.077436e+01	2.744212e+01
2.190000e-06	1.596922e-06	4.686389e-10	1.108593e+01	2.931410e+01
2.200000e-06	1.641661e-06	4.984790e-10	1.139651e+01	3.116390e+01
2.210000e-06	1.686307e-06	5.290065e-10	1.170644e+01	3.298943e+01
2.220000e-06	1.730877e-06	5.564875e-10	1.201585e+01	3.478873e+01
2.230000e-06	1.775303e-06	5.798022e-10	1.232426e+01	3.655996e+01
2.240000e-06	1.819595e-06	6.005288e-10	1.263174e+01	3.830139e+01
2.250000e-06	1.863746e-06	6.191270e-10	1.293824e+01	4.001145e+01
2.260000e-06	1.907744e-06	6.379727e-10	1.324367e+01	4.168868e+01
2.270000e-06	1.951677e-06	6.595901e-10	1.354866e+01	4.333180e+01
2.280000e-06	1.995588e-06	6.824813e-10	1.385349e+01	4.493964e+01
2.290000e-06	2.039465e-06	7.048542e-10	1.415809e+01	4.651120e+01
2.300000e-06	2.083324e-06	7.270805e-10	1.446256e+01	4.804563e+01
2.310000e-06	2.127103e-06	7.485534e-10	1.476648e+01	4.954222e+01
2.320000e-06	2.170727e-06	7.676958e-10	1.506932e+01	5.100043e+01
2.330000e-06	2.214212e-06	7.836993e-10	1.537119e+01	5.241983e+01
2.340000e-06	2.257580e-06	7.998008e-10	1.567226e+01	5.380017e+01
2.350000e-06	2.300794e-06	8.186079e-10	1.597225e+01	5.514133e+01
2.360000e-06	2.343782e-06	8.367513e-10	1.627068e+01	5.644330e+01
2.370000e-06	2.386508e-06	8.533292e-10	1.656728e+01	5.770622e+01
2.380000e-06	2.429012e-06	8.700715e-10	1.686235e+01	5.893037e+01
2.390000e-06	2.471188e-06	8.853065e-10	1.715513e+01	6.011610e+01
2.400000e-06	2.512969e-06	8.988339e-10	1.744518e+01	6.126391e+01
2.410000e-06	2.554433e-06	9.131499e-10	1.773303e+01	6.237438e+01
2.420000e-06	2.595599e-06	9.268131e-10	1.801881e+01	6.344817e+01
2.430000e-06	2.636486e-06	9.402461e-10	1.830265e+01	6.448605e+01
2.440000e-06	2.677066e-06	9.551251e-10	1.858436e+01	6.548884e+01
2.450000e-06	2.717404e-06	9.705054e-10	1.886438e+01	6.645742e+01
2.460000e-06	2.757557e-06	9.850080e-10	1.914312e+01	6.739275e+01
2.470000e-06	2.797540e-06	9.972285e-10	1.942069e+01	6.829580e+01
2.480000e-06	2.837427e-06	1.008211e-09	1.969759e+01	6.916760e+01
2.490000e-06	2.877275e-06	1.017955e-09	1.997422e+01	7.000920e+01
2.500000e-06	2.917071e-06	1.026250e-09	2.025048e+01	7.082165e+01
2.510000e-06	2.956699e-06	1.037180e-09	2.052559e+01	7.160604e+01
2.520000e-06	2.996169e-06	1.049497e-09	2.079959e+01	7.236343e+01
2.530000e-06	3.035509e-06	1.061200e-09	2.107269e+01	7.309488e+01
2.540000e-06	3.074598e-06	1.074548e-09	2.134405e+01	7.380146e+01
2.550000e-06	3.113355e-06	1.086688e-09	2.161310e+01	7.448417e+01
2.560000e-06	3.151834e-06	1.093125e-09	2.188022e+01	7.514404e+01
2.570000e-06	3.190187e-06	1.096025e-09	2.214647e+01	7.578201e+01
2.580000e-06	3.228375e-06	1.100775e-09	2.241157e+01	7.639903e+01
2.590000e-06	3.266239e-06	1.108309e-09	2.267443e+01	7.699598e+01
2.600000e-06	3.303855e-06	1.119315e-09	2.293556e+01	7.757370e+01
2.610000e-06	3.341327e-06	1.133427e-09	2.319569e+01	7.813300e+01
2.620000e-06	3.378600e-06	1.148309e-09	2.345445e+01	7.867463e+01
2.630000e-06	3.415574e-06	1.159331e-09	2.371112e+01	7.919927e+01
2.640000e-06	3.452229e-06	1.166052e-09	2.396558e+01	7.970758e+01
2.650000e-06	3.488636e-06	1.170571e-09	2.421832e+01	8.020016e+01
2.660000e-06	3.524859e-06	1.172521e-09	2.446978e+01	8.067755e+01
2.670000e-06	3.560900e-06	1.173967e-09	2.471998e+01	8.114025e+01
2.680000e-06	3.596811e-06	1.178358e-09	2.496928e+01	8.158870e+01
2.690000e-06	3.632626e-06	1.187425e-09	2.521791e+01	8.202333e+01
2.700000e-06	3.668308e-06	1.199293e-09	2.546562e+01	8.244448e+01
2.710000e-06	3.703864e-06	1.207704e-09	2.571245e+01	8.285249e+01
2.720000e-06	3.739186e-06	1.211636e-09	2.595766e+01	8.324764e+01
2.730000e-06	3.774126e-06	1.213295e-09	2.620021e+01	8.363019e+01
2.740000e-06	3.808624e-06	1.213086e-09	2.643969e+01	8.400038e+01
2.750000e-06	3.842650e-06	1.214799e-09	2.667591e+01	8.435840e+01
2.760000e-06	3.876247e-06	1.221356e-09	2.690914e+01	8.470443e+01
2.770000e-06	3.909449e-06	1.230217e-09	2.713963e+01	8.503865e+01
2.780000e-06	3.942117e-06	1.238047e-09	2.736641e+01	8.536121e+01
2.790000e-06	3.974343e-06	1.245382e-09	2.759013e+01	8.567224e+01
2.800000e-06	4.006368e-06	1.251737e-09	2.781245e+01	8.597191e+01
2.810000e-06	4.038284e-06	1.254228e-09	2.803401e+01	8.626033e+01
2.820000e-06	4.070133e-06	1.254128e-09	2.825511e+01	8.653765e+01
2.830000e-06	4.101804e-06	1.255897e-09	2.847497e+01	8.680401e+01
2.840000e-06	4.133162e-06	1.260805e-09	2.869266e+01	8.705957e+01
2.850000e-06	4.164175e-06	1.266900e-09	2.890796e+01	8.730448e+01
2.860000e-06	4.194840e-06	1.273159e-09	2.912084e+01	8.753892e+01
2.870000e-06	4.225158e-06	1.279328e-09	2.933130e+01	8.776306e+01
2.880000e-06	4.255197e-06	1.281840e-09	2.953984e+01	8.797711e+01
2.890000e-06	4.284988e-06	1.281356e-09	2.974665e+01	8.818127e+01
2.900000e-06	4.314552e-06	1.281105e-09	2.995188e+01	8.837578e+01
2.910000e-06	4.343825e-06	1.283018e-09	3.015509e+01	8.856088e+01
2.920000e-06	4.372754e-06	1.286844e-09	3.035592e+01	8.873683e+01
2.930000e-06	4.401467e-06	1.289959e-09	3.055525e+01	8.890389e+01
2.940000e-06	4.429928e-06	1.292993e-09	3.075283e+01	8.906236e+01
2.950000e-06	4.458081e-06	1.295314e-09	3.094827e+01	8.921252e+01
2.960000e-06	4.486034e-06	1.296903e-09	3.114232e+01	8.935469e+01
2.970000e-06	4.513812e-06	1.298604e-09	3.133515e+01	8.948919e+01
2.980000e-06	4.541375e-06	1.299536e-09	3.152650e+01	8.961632e+01
2.990000e-06	4.568671e-06	1.299445e-09	3.171599e+01	8.973643e+01
3.000000e-06	4.595563e-06	1.298561e-09	3.190268e+01	8.984985e+01
3.010000e-06	4.621891e-06	1.298464e-09	3.208545e+01	8.995688e+01
3.020000e-06	4.647601e-06	1.301740e-09	3.226393e+01	9.005787e+01
3.030000e-06	4.672789e-06	1.305178e-09	3.243878e+01	9.015314e+01
3.040000e-06	4.697490e-06	1.307891e-09	3.261026e+01	9.024299e+01
3.050000e-06	4.721800e-06	1.310807e-09	3.277902e+01	9.032773e+01
3.060000e-06	4.745885e-06	1.313966e-09	3.294622e+01	9.040765e+01
3.070000e-06	4.769760e-06	1.316600e-09	3.311196e+01	9.048302e+01
3.080000e-06	4.793381e-06	1.318626e-09	3.327594e+01	9.055411e+01
3.090000e-06	4.816588e-06	1.319029e-09	3.343704e+01	9.062115e+01
3.100000e-06	4.839377e-06	1.317116e-09	3.359525e+01	9.068438e+01
3.110000e-06	4.861937e-06	1.316492e-09	3.375186e+01	9.074399e+01
3.120000e-06	4.884234e-06	1.317091e-09	3.390665e+01	9.080016e+01
3.130000e-06	4.906180e-06	1.318724e-09	3.405900e+01	9.085306e+01
3.140000e-06	4.927810e-06	1.318554e-09	3.420916e+01	9.090283e+01
3.150000e-06	4.949135e-06	1.319331e-09	3.435720e+01	9.094957e+01
3.160000e-06	4.970052e-06	1.320641e-09	3.450240e+01	9.099339e+01
3.170000e-06	4.990589e-06	1.319024e-09	3.464497e+01	9.103435e+01
3.180000e-06	5.010810e-06	1.319362e-09	3.478534e+01	9.107251e+01
3.190000e-06	5.030808e-06	1.320458e-09	3.492417e+01	9.110791e+01
3.200000e-06	5.050677e-06	1.319122e-09	3.506211e+01	9.114056e+01
3.210000e-06	5.070382e-06	1.317019e-09	3.519890e+01	9.117045e+01
3.220000e-06	5.089755e-06	1.317748e-09	3.533339e+01	9.119759e+01
3.230000e-06	5.108691e-06	1.321972e-09	3.546484e+01	9.122193e+01
3.240000e-06	5.127122e-06	1.327018e-09	3.559279e+01	9.124345e+01
3.250000e-06	5.145082e-06	1.331483e-09	3.571747e+01	9.126211e+01
3.260000e-06	5.162672e-06	1.333304e-09	3.583958e+01	9.127785e+01
3.270000e-06	5.179897e-06	1.333200e-09	3.595916e+01	9.129062e+01
3.280000e-06	5.196786e-06	1.331923e-09	3.607640e+01	9.130037e+01
3.290000e-06	5.213296e-06	1.331698e-09	3.619101e+01	9.130706e+01
3.300000e-06	5.229368e-06	1.334202e-09	3.630259e+01	9.131064e+01
3.310000e-06	5.245098e-06	1.336340e-09	3.641179e+01	9.131106e+01
3.320000e-06	5.260395e-06	1.339127e-09	3.651798e+01	9.130832e+01
3.330000e-06	5.275134e-06	1.341970e-09	3.662030e+01	9.130237e+01
3.340000e-06	5.289456e-06	1.345558e-09	3.671972e+01	9.129323e+01
3.350000e-06	5.303454e-06	1.347840e-09	3.681690e+01	9.128090e+01
3.360000e-06	5.317144e-06	1.348726e-09	3.691194e+01	9.126540e+01
3.370000e-06	5.330424e-06	1.350067e-09	3.700413e+01	9.124677e+01
3.380000e-06	5.343319e-06	1.351853e-09	3.709364e+01	9.122508e+01
3.390000e-06	5.355890e-06	1.354681e-09	3.718091e+01	9.120039e+01
3.400000e-06	5.368083e-06	1.355702e-09	3.726556e+01	9.117280e+01
3.410000e-06	5.379929e-06	1.357236e-09	3.734779e+01	9.114243e+01
3.420000e-06	5.391451e-06	1.358773e-09	3.742778e+01	9.110940e+01
3.430000e-06	5.402518e-06	1.359309e-09	3.750460e+01	9.107385e+01
3.440000e-06	5.412998e-06	1.359939e-09	3.757736e+01	9.103594e+01
3.450000e-06	5.422837e-06	1.360981e-09	3.764566e+01	9.099586e+01
3.460000e-06	5.432020e-06	1.364550e-09	3.770941e+01	9.095377e+01
3.470000e-06	5.440657e-06	1.367531e-09	3.776937e+01	9.090988e+01
3.480000e-06	5.448884e-06	1.367282e-09	3.782648e+01	9.086440e+01
3.490000e-06	5.456850e-06	1.367556e-09	3.788178e+01	9.081752e+01
3.500000e-06	5.464571e-06	1.368050e-09	3.793538e+01	9.076947e+01
3.510000e-06	5.471938e-06	1.368970e-09	3.798653e+01	9.072045e+01
3.520000e-06	5.479002e-06	1.370450e-09	3.803556e+01	9.067069e+01
3.530000e-06	5.485699e-06	1.373419e-09	3.808205e+01	9.062038e+01
3.540000e-06	5.491971e-06	1.377213e-09	3.812559e+01	9.056973e+01
3.550000e-06	5.497858e-06	1.380817e-09	3.816646e+01	9.051893e+01
3.560000e-06	5.503326e-06	1.383114e-09	3.820442e+01	9.046815e+01
3.570000e-06	5.508326e-06	1.381925e-09	3.823913e+01	9.041755e+01
3.580000e-06	5.512970e-06	1.381283e-09	3.827137e+01	9.036729e+01
3.590000e-06	5.517331e-06	1.381544e-09	3.830164e+01	9.031748e+01
3.600000e-06	5.521403e-06	1.380647e-09	3.832991e+01	9.026823e+01
3.610000e-06	5.525260e-06	1.379976e-09	3.835669e+01	9.021962e+01
3.620000e-06	5.528893e-06	1.381233e-09	3.838191e+01	9.017169e+01
3.630000e-06	5.532199e-06	1.383280e-09	3.840486e+01	9.012448e+01
3.640000e-06	5.535022e-06	1.384850e-09	3.842446e+01	9.007799e+01
3.650000e-06	5.537184e-06	1.387005e-09	3.843946e+01	9.003219e+01
3.660000e-06	5.538625e-06	1.388515e-09	3.844947e+01	8.998702e+01
3.670000e-06	5.539535e-06	1.387970e-09	3.845579e+01	8.994239e+01
3.680000e-06	5.540025e-06	1.385794e-09	3.845919e+01	8.989820e+01
3.690000e-06	5.540142e-06	1.384983e-09	3.846000e+01	8.985431e+01
3.700000e-06	5.540004e-06	1.386039e-09	3.845905e+01	8.981055e+01
3.710000e-06	5.539667e-06	1.387521e-09	3.845670e+01	8.976673e+01
3.720000e-06	5.538991e-06	1.389044e-09	3.845201e+01	8.972264e+01
3.730000e-06	5.537894e-06	1.388175e-09	3.844439e+01	8.967806e+01
3.740000e-06	5.536468e-06	1.387292e-09	3.843449e+01	8.963272e+01
3.750000e-06	5.534665e-06	1.390302e-09	3.842198e+01	8.958638e+01
3.760000e-06	5.532501e-06	1.394763e-09	3.840696e+01	8.953876e+01
3.770000e-06	5.530062e-06	1.396270e-09	3.839002e+01	8.948957e+01
3.780000e-06	5.527280e-06	1.371845e-09	3.837071e+01	8.943853e+01
3.790000e-06	5.524045e-06	1.336248e-09	3.834826e+01	8.938533e+01
3.800000e-06	5.520272e-06	1.345502e-09	3.832206e+01	8.932971e+01
3.810000e-06	5.516068e-06	1.356501e-09	3.829288e+01	8.927136e+01
3.820000e-06	5.511685e-06	1.418529e-09	3.826245e+01	8.921002e+01
3.830000e-06	5.507173e-06	1.428269e-09	3.823113e+01	8.914542e+01
3.840000e-06	5.502180e-06	1.374264e-09	3.819646e+01	8.907732e+01
3.850000e-06	5.496496e-06	1.365804e-09	3.815701e+01	8.900549e+01
3.860000e-06	5.490311e-06	1.353229e-09	3.811407e+01	8.892972e+01
3.870000e-06	5.483759e-06	1.392007e-09	3.806859e+01	8.884982e+01
3.880000e-06	5.476822e-06	1.352958e-09	3.802043e+01	8.876565e+01
3.890000e-06	5.469392e-06	1.353584e-09	3.796885e+01	8.867708e+01
3.900000e-06	5.461520e-06	1.379350e-09	3.791420e+01	8.858401e+01
3.910000e-06	5.453331e-06	1.399343e-09	3.785735e+01	8.848639e+01
3.920000e-06	5.444720e-06	1.345284e-09	3.779758e+01	8.838419e+01
3.930000e-06	5.435703e-06	1.291293e-09	3.773498e+01	8.827742e+01
3.940000e-06	5.426513e-06	1.342957e-09	3.767118e+01	8.816612e+01
3.950000e-06	5.417050e-06	1.384492e-09	3.760549e+01	8.805038e+01
3.960000e-06	5.407058e-06	1.368596e-09	3.753613e+01	8.793031e+01
3.970000e-06	5.396596e-06	1.322167e-09	3.746350e+01	8.780606e+01
3.980000e-06	5.385834e-06	1.364544e-09	3.738879e+01	8.767783e+01
3.990000e-06	5.374753e-06	1.368563e-09	3.731186e+01	8.754582e+01
4.000000e-06	5.363279e-06	1.323123e-09	3.723221e+01	8.741028e+01
4.010000e-06	5.351430e-06	1.283264e-09	3.714995e+01	8.727148e+01
4.020000e-06	5.339127e-06	1.326729e-09	3.706454e+01	8.712973e+01
4.030000e-06	5.326202e-06	1.329997e-09	3.697481e+01	8.698535e+01
4.040000e-06	5.312681e-06	1.316981e-09	3.688095e+01	8.683867e+01
4.050000e-06	5.298750e-06	1.311535e-09	3.678424e+01	8.669004e+01
4.060000e-06	5.284426e-06	1.336137e-09	3.668481e+01	8.653984e+01
4.070000e-06	5.269491e-06	1.310457e-09	3.658113e+01	8.638843e+01
4.080000e-06	5.253941e-06	1.295617e-09	3.647318e+01	8.623619e+01
4.090000e-06	5.238043e-06	1.299515e-09	3.636281e+01	8.608349e+01
4.100000e-06	5.221879e-06	1.316124e-09	3.625060e+01	8.593070e+01
4.110000e-06	5.205382e-06	1.319094e-09	3.613608e+01	8.577818e+01
4.120000e-06	5.188625e-06	1.305398e-09	3.601975e+01	8.562628e+01
4.130000e-06	5.171592e-06	1.297805e-09	3.590151e+01	8.547532e+01
4.140000e-06	5.154143e-06	1.313303e-09	3.578037e+01	8.532562e+01
4.150000e-06	5.136261e-06	1.324644e-09	3.565624e+01	8.517747e+01
4.160000e-06	5.118034e-06	1.285147e-09	3.552970e+01	8.503111e+01
4.170000e-06	5.099473e-06	1.282407e-09	3.540085e+01	8.488678e+01
4.180000e-06	5.080492e-06	1.317270e-09	3.526908e+01	8.474467e+01
4.190000e-06	5.061177e-06	1.314590e-09	3.513499e+01	8.460495e+01
4.200000e-06	5.041603e-06	1.278185e-09	3.499911e+01	8.446772e+01
4.210000e-06	5.021806e-06	1.313043e-09	3.486168e+01	8.433309e+01
4.220000e-06	5.001807e-06	1.313213e-09	3.472285e+01	8.420108e+01
4.230000e-06	4.981541e-06	1.270382e-09	3.458216e+01	8.407171e+01
4.240000e-06	4.960872e-06	1.277303e-09	3.443868e+01	8.394495e+01
4.250000e-06	4.939820e-06	1.317569e-09	3.429253e+01	8.382071e+01
4.260000e-06	4.918366e-06	1.277617e-09	3.414360e+01	8.369888e+01
4.270000e-06	4.896298e-06	1.274021e-09	3.399040e+01	8.357932e+01
4.280000e-06	4.873572e-06	1.305716e-09	3.383263e+01	8.346183e+01
4.290000e-06	4.850294e-06	1.286424e-09	3.367104e+01	8.334619e+01
4.300000e-06	4.826673e-06	1.261404e-09	3.350705e+01	8.323215e+01
4.310000e-06	4.802797e-06	1.305655e-09	3.334130e+01	8.311943e+01
4.320000e-06	4.778698e-06	1.294725e-09	3.317401e+01	8.300771e+01
4.330000e-06	4.754424e-06	1.264822e-09	3.300550e+01	8.289668e+01
4.340000e-06	4.729864e-06	1.292730e-09	3.283500e+01	8.278597e+01
4.350000e-06	4.705023e-06	1.306800e-09	3.266255e+01	8.267523e+01
4.360000e-06	4.679900e-06	1.266640e-09	3.248815e+01	8.256408e+01
4.370000e-06	4.654349e-06	1.273373e-09	3.231077e+01	8.245215e+01
4.380000e-06	4.628409e-06	1.289832e-09	3.213069e+01	8.233903e+01
4.390000e-06	4.602232e-06	1.267694e-09	3.194897e+01	8.222437e+01
4.400000e-06	4.575729e-06	1.263976e-09	3.176499e+01	8.210776e+01
4.410000e-06	4.548784e-06	1.279521e-09	3.157793e+01	8.198886e+01
4.420000e-06	4.521467e-06	1.263022e-09	3.138830e+01	8.186730e+01
4.430000e-06	4.493884e-06	1.247416e-09	3.119681e+01	8.174274e+01
4.440000e-06	4.466085e-06	1.259307e-09	3.100383e+01	8.161487e+01
4.450000e-06	4.438081e-06	1.256712e-09	3.080942e+01	8.148340e+01
4.460000e-06	4.409957e-06	1.248390e-09	3.061419e+01	8.134806e+01
4.470000e-06	4.381665e-06	1.254144e-09	3.041779e+01	8.120860e+01
4.480000e-06	4.353058e-06	1.259218e-09	3.021919e+01	8.106483e+01
4.490000e-06	4.324060e-06	1.245585e-09	3.001789e+01	8.091656e+01
4.500000e-06	4.294561e-06	1.244474e-09	2.981310e+01	8.076366e+01
4.510000e-06	4.264579e-06	1.243733e-09	2.960496e+01	8.060602e+01
4.520000e-06	4.234115e-06	1.235423e-09	2.939348e+01	8.044357e+01
4.530000e-06	4.203170e-06	1.225989e-09	2.917866e+01	8.027628e+01
4.540000e-06	4.171794e-06	1.235389e-09	2.896085e+01	8.010414e+01
4.550000e-06	4.140099e-06	1.233605e-09	2.874082e+01	7.992719e+01
4.560000e-06	4.108201e-06	1.228039e-09	2.851938e+01	7.974549e+01
4.570000e-06	4.076110e-06	1.228331e-09	2.829660e+01	7.955915e+01
4.580000e-06	4.043847e-06	1.228413e-09	2.807263e+01	7.936829e+01
4.590000e-06	4.011334e-06	1.214606e-09	2.784692e+01	7.917306e+01
4.600000e-06	3.978598e-06	1.214324e-09	2.761966e+01	7.897363e+01
4.610000e-06	3.945658e-06	1.216368e-09	2.739100e+01	7.877021e+01
4.620000e-06	3.912409e-06	1.213792e-09	2.716018e+01	7.856301e+01
4.630000e-06	3.878831e-06	1.211284e-09	2.692708e+01	7.835226e+01
4.640000e-06	3.845003e-06	1.213872e-09	2.669224e+01	7.813819e+01
4.650000e-06	3.810989e-06	1.205904e-09	2.645612e+01	7.792105e+01
4.660000e-06	3.776761e-06	1.201091e-09	2.621850e+01	7.770108e+01
4.670000e-06	3.742169e-06	1.204408e-09	2.597836e+01	7.747854e+01
4.680000e-06	3.707152e-06	1.205183e-09	2.573527e+01	7.725365e+01
4.690000e-06	3.671879e-06	1.202128e-09	2.549040e+01	7.702665e+01
4.700000e-06	3.636429e-06	1.203566e-09	2.524431e+01	7.679776e+01
4.710000e-06	3.600777e-06	1.203980e-09	2.499681e+01	7.656717e+01
4.720000e-06	3.564964e-06	1.197155e-09	2.474820e+01	7.633507e+01
4.730000e-06	3.529028e-06	1.195520e-09	2.449872e+01	7.610163e+01
4.740000e-06	3.492967e-06	1.195741e-09	2.424839e+01	7.586696e+01
4.750000e-06	3.456751e-06	1.191715e-09	2.399697e+01	7.563118e+01
4.760000e-06	3.420321e-06	1.186241e-09	2.374408e+01	7.539437e+01
4.770000e-06	3.383634e-06	1.185525e-09	2.348939e+01	7.515657e+01
4.780000e-06	3.346684e-06	1.180319e-09	2.323288e+01	7.491780e+01
4.790000e-06	3.309375e-06	1.177416e-09	2.297388e+01	7.467803e+01
4.800000e-06	3.271617e-06	1.180269e-09	2.271176e+01	7.443721e+01
4.810000e-06	3.233468e-06	1.182395e-09	2.244693e+01	7.419526e+01
4.820000e-06	3.194903e-06	1.177009e-09	2.217921e+01	7.395205e+01
4.830000e-06	3.156000e-06	1.173128e-09	2.190915e+01	7.370742e+01
4.840000e-06	3.116821e-06	1.166577e-09	2.163716e+01	7.346120e+01
4.850000e-06	3.077332e-06	1.156936e-09	2.136303e+01	7.321317e+01
4.860000e-06	3.037611e-06	1.147146e-09	2.108728e+01	7.296308e+01
4.870000e-06	2.997709e-06	1.145176e-09	2.081028e+01	7.271066e+01
4.880000e-06	2.957686e-06	1.144207e-09	2.053243e+01	7.245564e+01
4.890000e-06	2.917553e-06	1.147043e-09	2.025383e+01	7.219768e+01
4.900000e-06	2.877281e-06	1.147632e-09	1.997426e+01	7.193646e+01
4.910000e-06	2.836936e-06	1.143796e-09	1.969418e+01	7.167164e+01
4.920000e-06	2.796478e-06	1.135234e-09	1.941332e+01	7.140286e+01
4.930000e-06	2.755769e-06	1.128246e-09	1.913071e+01	7.112975e+01
4.940000e-06	2.714849e-06	1.124498e-09	1.884665e+01	7.085195e+01
4.950000e-06	2.673747e-06	1.124013e-09	1.856132e+01	7.056907e+01
4.960000e-06	2.632435e-06	1.126187e-09	1.827452e+01	7.028076e+01
4.970000e-06	2.590945e-06	1.127539e-09	1.798650e+01	6.998665e+01
4.980000e-06	2.549251e-06	1.124168e-09	1.769705e+01	6.968637e+01
4.990000e-06	2.507363e-06	1.119514e-09	1.740626e+01	6.937957e+01
5.000000e-06	2.465321e-06	1.113675e-09	1.711440e+01	6.906592e+01
5.010000e-06	2.423160e-06	1.106310e-09	1.682173e+01	6.874508e+01
5.020000e-06	2.380929e-06	1.100057e-09	1.652855e+01	6.841676e+01
5.030000e-06	2.338524e-06	1.096391e-09	1.623417e+01	6.808065e+01
5.040000e-06	2.295862e-06	1.096662e-09	1.593801e+01	6.773648e+01
5.050000e-06	2.253043e-06	1.095663e-09	1.564076e+01	6.738399e+01
5.060000e-06	2.210096e-06	1.094850e-09	1.534262e+01	6.702294e+01
5.070000e-06	2.166925e-06	1.091682e-09	1.504293e+01	6.665309e+01
5.080000e-06	2.123512e-06	1.084373e-09	1.474155e+01	6.627424e+01
5.090000e-06	2.080018e-06	1.074769e-09	1.443961e+01	6.588620e+01
5.100000e-06	2.036455e-06	1.066354e-09	1.413719e+01	6.548877e+01
5.110000e-06	1.992722e-06	1.056928e-09	1.383359e+01	6.508179e+01
5.120000e-06	1.948878e-06	1.052165e-09	1.352923e+01	6.466508e+01
5.130000e-06	1.904994e-06	1.051400e-09	1.322459e+01	6.423849e+01
5.140000e-06	1.861012e-06	1.051728e-09	1.291926e+01	6.380186e+01
5.150000e-06	1.816928e-06	1.046683e-09	1.261322e+01	6.335501e+01
5.160000e-06	1.772857e-06	1.038937e-09	1.230728e+01	6.289779e+01
5.170000e-06	1.728774e-06	1.030444e-09	1.200125e+01	6.243001e+01
5.180000e-06	1.684631e-06	1.021831e-09	1.169481e+01	6.195147e+01
5.190000e-06	1.640376e-06	1.015528e-09	1.138759e+01	6.146197e+01
5.200000e-06	1.595973e-06	1.011688e-09	1.107934e+01	6.096126e+01
5.210000e-06	1.551440e-06	1.006242e-09	1.077019e+01	6.044909e+01
5.220000e-06	1.506763e-06	9.997913e-10	1.046004e+01	5.992516e+01
5.230000e-06	1.461984e-06	9.935530e-10	1.014918e+01	5.938913e+01
5.240000e-06	1.417189e-06	9.859084e-10	9.838214e+00	5.884065e+01
5.250000e-06	1.372259e-06	9.781346e-10	9.526308e+00	5.827930e+01
5.260000e-06	1.327252e-06	9.712399e-10	9.213862e+00	5.770464e+01
5.270000e-06	1.282171e-06	9.643866e-10	8.900911e+00	5.711615e+01
5.280000e-06	1.236949e-06	9.580326e-10	8.586971e+00	5.651330e+01
5.290000e-06	1.191604e-06	9.544727e-10	8.272188e+00	5.589548e+01
5.300000e-06	1.146151e-06	9.494461e-10	7.956653e+00	5.526204e+01
5.310000e-06	1.100571e-06	9.382368e-10	7.640230e+00	5.461229e+01
5.320000e-06	1.054851e-06	9.265270e-10	7.322839e+00	5.394547e+01
5.330000e-06	1.009131e-06	9.175356e-10	7.005446e+00	5.326079e+01
5.340000e-06	9.633148e-07	9.091311e-10	6.687390e+00	5.255740e+01
5.350000e-06	9.173203e-07	8.999314e-10	6.368093e+00	5.183440e+01
5.360000e-06	8.711958e-07	8.891772e-10	6.047894e+00	5.109086e+01
5.370000e-06	8.250591e-07	8.763383e-10	5.727610e+00	5.032582e+01
5.380000e-06	7.789126e-07	8.609313e-10	5.407259e+00	4.953827e+01
5.390000e-06	7.326720e-07	8.470911e-10	5.086253e+00	4.872719e+01
5.400000e-06	6.863622e-07	8.344987e-10	4.764768e+00	4.789152e+01
5.410000e-06	6.399799e-07	8.264868e-10	4.442779e+00	4.703021e+01
5.420000e-06	5.936067e-07	8.196177e-10	4.120853e+00	4.614217e+01
5.430000e-06	5.472551e-07	8.107119e-10	3.799078e+00	4.522636e+01
5.440000e-06	5.007746e-07	7.931358e-10	3.476407e+00	4.428170e+01
5.450000e-06	4.542988e-07	7.696707e-10	3.153769e+00	4.330716e+01
5.460000e-06	4.078870e-07	7.472450e-10	2.831577e+00	4.230173e+01
5.470000e-06	3.614167e-07	7.299213e-10	2.508977e+00	4.126443e+01
5.480000e-06	3.149387e-07	7.175450e-10	2.186323e+00	4.019434e+01
5.490000e-06	2.684731e-07	7.069385e-10	1.863757e+00	3.909059e+01
5.500000e-06	2.219776e-07	6.945963e-10	1.540982e+00	3.795236e+01
5.510000e-06	1.753990e-07	6.759728e-10	1.217630e+00	3.677893e+01
5.520000e-06	1.287853e-07	6.514432e-10	8.940354e-01	3.556965e+01
5.530000e-06	8.223460e-08	6.241728e-10	5.708776e-01	3.432396e+01
5.540000e-06	3.570114e-08	5.992418e-10	2.478395e-01	3.304142e+01
5.550000e-06	-1.078869e-08	5.806811e-10	-7.489575e-02	3.172169e+01
5.560000e-06	-5.725417e-08	5.651893e-10	-3.974619e-01	3.036454e+01
5.570000e-06	-1.037793e-07	5.451538e-10	-7.204420e-01	2.896988e+01
5.580000e-06	-1.503372e-07	5.187741e-10	-1.043650e+00	2.753773e+01
5.590000e-06	-1.969470e-07	4.908754e-10	-1.367218e+00	2.606827e+01
5.600000e-06	-2.435573e-07	4.650106e-10	-1.690790e+00	2.456180e+01
5.610000e-06	-2.900813e-07	4.405241e-10	-2.013762e+00	2.301879e+01
5.620000e-06	-3.365811e-07	4.160275e-10	-2.336566e+00	2.143984e+01
5.630000e-06	-3.830689e-07	3.886467e-10	-2.659288e+00	1.982570e+01
5.640000e-06	-4.294977e-07	3.589437e-10	-2.981599e+00	1.817728e+01
5.650000e-06	-4.758998e-07	3.270170e-10	-3.303725e+00	1.649563e+01
5.660000e-06	-5.222946e-07	2.947119e-10	-3.625801e+00	1.478196e+01
5.670000e-06	-5.686769e-07	2.636897e-10	-3.947789e+00	1.303760e+01
5.680000e-06	-6.150273e-07	2.340762e-10	-4.269557e+00	1.126407e+01
5.690000e-06	-6.613286e-07	2.045136e-10	-4.590983e+00	9.462989e+00
5.700000e-06	-7.075299e-07	1.749274e-10	-4.911716e+00	7.636120e+00
5.710000e-06	-7.536692e-07	1.428208e-10	-5.232017e+00	5.785354e+00
5.720000e-06	-7.998054e-07	1.095224e-10	-5.552298e+00	3.912700e+00
5.730000e-06	-8.459205e-07	7.494052e-11	-5.872432e+00	2.020278e+00
5.740000e-06	-8.919758e-07	4.188849e-11	-6.192150e+00	1.103061e-01
5.750000e-06	-9.379510e-07	1.193129e-11	-6.511313e+00	-1.814905e+00
5.760000e-06	-9.837823e-07	-1.856217e-11	-6.829476e+00	-3.752965e+00
5.770000e-06	-1.029499e-06	-5.262243e-11	-7.146843e+00	-5.701417e+00
5.780000e-06	-1.075177e-06	-8.675090e-11	-7.463942e+00	-7.657747e+00
5.790000e-06	-1.120705e-06	-1.201243e-10	-7.780002e+00	-9.619397e+00
5.800000e-06	-1.166128e-06	-1.531576e-10	-8.095333e+00	-1.158378e+01
5.810000e-06	-1.211494e-06	-1.866331e-10	-8.410266e+00	-1.354828e+01
5.820000e-06	-1.256729e-06	-2.187931e-10	-8.724292e+00	-1.551030e+01
5.830000e-06	-1.301858e-06	-2.509182e-10	-9.037576e+00	-1.746723e+01
5.840000e-06	-1.346861e-06	-2.842176e-10	-9.349988e+00	-1.941649e+01
5.850000e-06	-1.391734e-06	-3.176735e-10	-9.661499e+00	-2.135553e+01
5.860000e-06	-1.436439e-06	-3.529922e-10	-9.971843e+00	-2.328185e+01
5.870000e-06	-1.480998e-06	-3.878794e-10	-1.028118e+01	-2.519301e+01
5.880000e-06	-1.525495e-06	-4.205561e-10	-1.059008e+01	-2.708665e+01
5.890000e-06	-1.569921e-06	-4.510667e-10	-1.089849e+01	-2.896048e+01
5.900000e-06	-1.614218e-06	-4.807034e-10	-1.120600e+01	-3.081231e+01
5.910000e-06	-1.658440e-06	-5.098691e-10	-1.151299e+01	-3.264004e+01
5.920000e-06	-1.702681e-06	-5.389696e-10	-1.182011e+01	-3.444170e+01
5.930000e-06	-1.746838e-06	-5.688366e-10	-1.212665e+01	-3.621543e+01
5.940000e-06	-1.790901e-06	-5.989930e-10	-1.243255e+01	-3.795950e+01
5.950000e-06	-1.834902e-06	-6.272817e-10	-1.273800e+01	-3.967233e+01
5.960000e-06	-1.878847e-06	-6.559690e-10	-1.304307e+01	-4.135245e+01
5.970000e-06	-1.922724e-06	-6.857874e-10	-1.334767e+01	-4.299855e+01
5.980000e-06	-1.966473e-06	-7.146929e-10	-1.365138e+01	-4.460947e+01
5.990000e-06	-2.010104e-06	-7.396369e-10	-1.395426e+01	-4.618419e+01
6.000000e-06	-2.053712e-06	-7.626437e-10	-1.425699e+01	-4.772184e+01
6.010000e-06	-2.097322e-06	-7.847526e-10	-1.455973e+01	-4.922171e+01
6.020000e-06	-2.140745e-06	-8.060238e-10	-1.486118e+01	-5.068323e+01
6.030000e-06	-2.183906e-06	-8.282157e-10	-1.516080e+01	-5.210597e+01
6.040000e-06	-2.226871e-06	-8.529111e-10	-1.545907e+01	-5.348968e+01
6.050000e-06	-2.269631e-06	-8.798234e-10	-1.575592e+01	-5.483419e+01
6.060000e-06	-2.312213e-06	-9.036266e-10	-1.605153e+01	-5.613952e+01
6.070000e-06	-2.354590e-06	-9.235298e-10	-1.634570e+01	-5.740579e+01
6.080000e-06	-2.396814e-06	-9.416970e-10	-1.663883e+01	-5.863326e+01
6.090000e-06	-2.438903e-06	-9.576421e-10	-1.693101e+01	-5.982227e+01
6.100000e-06	-2.480763e-06	-9.738662e-10	-1.722161e+01	-6.097332e+01
6.110000e-06	-2.522505e-06	-9.926023e-10	-1.751138e+01	-6.208697e+01
6.120000e-06	-2.564130e-06	-1.014138e-09	-1.780035e+01	-6.316390e+01
6.130000e-06	-2.605538e-06	-1.036553e-09	-1.808780e+01	-6.420483e+01
6.140000e-06	-2.646736e-06	-1.058802e-09	-1.837380e+01	-6.521061e+01
6.150000e-06	-2.687719e-06	-1.078157e-09	-1.865831e+01	-6.618211e+01
6.160000e-06	-2.728535e-06	-1.092053e-09	-1.894166e+01	-6.712026e+01
6.170000e-06	-2.769237e-06	-1.103034e-09	-1.922421e+01	-6.802606e+01
6.180000e-06	-2.809708e-06	-1.114818e-09	-1.950516e+01	-6.890053e+01
6.190000e-06	-2.849952e-06	-1.128361e-09	-1.978454e+01	-6.974470e+01
6.200000e-06	-2.890083e-06	-1.145741e-09	-2.006313e+01	-7.055964e+01
6.210000e-06	-2.930109e-06	-1.166933e-09	-2.034099e+01	-7.134642e+01
6.220000e-06	-2.970052e-06	-1.185314e-09	-2.061828e+01	-7.210612e+01
6.230000e-06	-3.009828e-06	-1.199334e-09	-2.089441e+01	-7.283980e+01
6.240000e-06	-3.049446e-06	-1.211581e-09	-2.116944e+01	-7.354850e+01
6.250000e-06	-3.088898e-06	-1.221593e-09	-2.144332e+01	-7.423327e+01
6.260000e-06	-3.128091e-06	-1.230802e-09	-2.171540e+01	-7.489509e+01
6.270000e-06	-3.167068e-06	-1.242450e-09	-2.198598e+01	-7.553495e+01
6.280000e-06	-3.205761e-06	-1.255432e-09	-2.225459e+01	-7.615378e+01
6.290000e-06	-3.243996e-06	-1.266583e-09	-2.252001e+01	-7.675247e+01
6.300000e-06	-3.281745e-06	-1.276822e-09	-2.278207e+01	-7.733186e+01
6.310000e-06	-3.319108e-06	-1.288447e-09	-2.304145e+01	-7.789277e+01
6.320000e-06	-3.356103e-06	-1.299271e-09	-2.329827e+01	-7.843594e+01
6.330000e-06	-3.392709e-06	-1.306367e-09	-2.355239e+01	-7.896207e+01
6.340000e-06	-3.429048e-06	-1.311397e-09	-2.380466e+01	-7.947182e+01
6.350000e-06	-3.465224e-06	-1.316761e-09	-2.405580e+01	-7.996578e+01
6.360000e-06	-3.501297e-06	-1.323052e-09	-2.430621e+01	-8.044451e+01
6.370000e-06	-3.537246e-06	-1.330538e-09	-2.455578e+01	-8.090852e+01
6.380000e-06	-3.573026e-06	-1.337025e-09	-2.480416e+01	-8.135824e+01
6.390000e-06	-3.608626e-06	-1.344195e-09	-2.505130e+01	-8.179410e+01
6.400000e-06	-3.644026e-06	-1.353852e-09	-2.529705e+01	-8.221646e+01
6.410000e-06	-3.679188e-06	-1.362856e-09	-2.554114e+01	-8.262565e+01
6.420000e-06	-3.714017e-06	-1.371357e-09	-2.578293e+01	-8.302197e+01
6.430000e-06	-3.748525e-06	-1.382219e-09	-2.602249e+01	-8.340566e+01
6.440000e-06	-3.782789e-06	-1.392101e-09	-2.626035e+01	-8.377696e+01
6.450000e-06	-3.816848e-06	-1.397988e-09	-2.649679e+01	-8.413609e+01
6.460000e-06	-3.850671e-06	-1.403624e-09	-2.673159e+01	-8.448321e+01
6.470000e-06	-3.884195e-06	-1.410851e-09	-2.696432e+01	-8.481851e+01
6.480000e-06	-3.917423e-06	-1.418616e-09	-2.719499e+01	-8.514213e+01
6.490000e-06	-3.950359e-06	-1.424857e-09	-2.742363e+01	-8.545422e+01
6.500000e-06	-3.983003e-06	-1.430384e-09	-2.765024e+01	-8.575492e+01
6.510000e-06	-4.015440e-06	-1.440079e-09	-2.787543e+01	-8.604437e+01
6.520000e-06	-4.047695e-06	-1.447974e-09	-2.809934e+01	-8.632271e+01
6.530000e-06	-4.079723e-06	-1.453500e-09	-2.832168e+01	-8.659008e+01
6.540000e-06	-4.111531e-06	-1.456568e-09	-2.854249e+01	-8.684663e+01
6.550000e-06	-4.143165e-06	-1.457203e-09	-2.876210e+01	-8.709252e+01
6.560000e-06	-4.174487e-06	-1.458795e-09	-2.897954e+01	-8.732792e+01
6.570000e-06	-4.205352e-06	-1.459608e-09	-2.919381e+01	-8.755301e+01
6.580000e-06	-4.235742e-06	-1.463446e-09	-2.940478e+01	-8.776799e+01
6.590000e-06	-4.265627e-06	-1.467171e-09	-2.961224e+01	-8.797307e+01
6.600000e-06	-4.294995e-06	-1.470012e-09	-2.981612e+01	-8.816848e+01
6.610000e-06	-4.323921e-06	-1.473919e-09	-3.001692e+01	-8.835445e+01
6.620000e-06	-4.352517e-06	-1.475217e-09	-3.021544e+01	-8.853124e+01
6.630000e-06	-4.380858e-06	-1.475872e-09	-3.041218e+01	-8.869913e+01
6.640000e-06	-4.409027e-06	-1.474596e-09	-3.060773e+01	-8.885840e+01
6.650000e-06	-4.437018e-06	-1.472285e-09	-3.080205e+01	-8.900935e+01
6.660000e-06	-4.464741e-06	-1.473531e-09	-3.099450e+01	-8.915227e+01
6.670000e-06	-4.492160e-06	-1.477533e-09	-3.118484e+01	-8.928749e+01
6.680000e-06	-4.519231e-06	-1.481944e-09	-3.137277e+01	-8.941533e+01
6.690000e-06	-4.545994e-06	-1.482921e-09	-3.155856e+01	-8.953611e+01
6.700000e-06	-4.572511e-06	-1.480163e-09	-3.174265e+01	-8.965016e+01
6.710000e-06	-4.598736e-06	-1.476805e-09	-3.192471e+01	-8.975782e+01
6.720000e-06	-4.624626e-06	-1.475844e-09	-3.210443e+01	-8.985940e+01
6.730000e-06	-4.650185e-06	-1.474807e-09	-3.228187e+01	-8.995523e+01
6.740000e-06	-4.675397e-06	-1.475732e-09	-3.245689e+01	-9.004562e+01
6.750000e-06	-4.700229e-06	-1.479985e-09	-3.262927e+01	-9.013087e+01
6.760000e-06	-4.724693e-06	-1.486016e-09	-3.279911e+01	-9.021128e+01
6.770000e-06	-4.748917e-06	-1.489883e-09	-3.296727e+01	-9.028712e+01
6.780000e-06	-4.773013e-06	-1.490393e-09	-3.313454e+01	-9.035865e+01
6.790000e-06	-4.796883e-06	-1.489759e-09	-3.330025e+01	-9.042612e+01
6.800000e-06	-4.820440e-06	-1.487115e-09	-3.346379e+01	-9.048976e+01
6.810000e-06	-4.843605e-06	-1.483872e-09	-3.362460e+01	-9.054976e+01
6.820000e-06	-4.866283e-06	-1.482492e-09	-3.378203e+01	-9.060631e+01
6.830000e-06	-4.888340e-06	-1.483241e-09	-3.393515e+01	-9.065958e+01
6.840000e-06	-4.909920e-06	-1.486186e-09	-3.408496e+01	-9.070969e+01
6.850000e-06	-4.931087e-06	-1.490531e-09	-3.423190e+01	-9.075678e+01
6.860000e-06	-4.951802e-06	-1.494895e-09	-3.437571e+01	-9.080094e+01
6.870000e-06	-4.972198e-06	-1.497195e-09	-3.451730e+01	-9.084224e+01
6.880000e-06	-4.992304e-06	-1.495852e-09	-3.465688e+01	-9.088073e+01
6.890000e-06	-5.012172e-06	-1.493303e-09	-3.479480e+01	-9.091645e+01
6.900000e-06	-5.031793e-06	-1.491309e-09	-3.493101e+01	-9.094943e+01
6.910000e-06	-5.051133e-06	-1.489397e-09	-3.506527e+01	-9.097965e+01
6.920000e-06	-5.070077e-06	-1.487876e-09	-3.519678e+01	-9.100712e+01
6.930000e-06	-5.088580e-06	-1.487373e-09	-3.532523e+01	-9.103179e+01
6.940000e-06	-5.106768e-06	-1.487313e-09	-3.545149e+01	-9.105365e+01
6.950000e-06	-5.124730e-06	-1.487080e-09	-3.557619e+01	-9.107264e+01
6.960000e-06	-5.142352e-06	-1.483601e-09	-3.569852e+01	-9.108872e+01
6.970000e-06	-5.159593e-06	-1.478212e-09	-3.581820e+01	-9.110184e+01
6.980000e-06	-5.176483e-06	-1.475680e-09	-3.593546e+01	-9.111195e+01
6.990000e-06	-5.192996e-06	-1.477789e-09	-3.605009e+01	-9.111899e+01
7.000000e-06	-5.209222e-06	-1.481464e-09	-3.616273e+01	-9.112293e+01
7.010000e-06	-5.225223e-06	-1.483229e-09	-3.627382e+01	-9.112372e+01
7.020000e-06	-5.240945e-06	-1.482650e-09	-3.638295e+01	-9.112133e+01
7.030000e-06	-5.256255e-06	-1.477803e-09	-3.648924e+01	-9.111575e+01
7.040000e-06	-5.271054e-06	-1.470126e-09	-3.659197e+01	-9.110698e+01
7.050000e-06	-5.285256e-06	-1.464893e-09	-3.669057e+01	-9.109500e+01
7.060000e-06	-5.298738e-06	-1.463978e-09	-3.678416e+01	-9.107987e+01
7.070000e-06	-5.311613e-06	-1.467545e-09	-3.687354e+01	-9.106160e+01
7.080000e-06	-5.324083e-06	-1.471630e-09	-3.696010e+01	-9.104025e+01
7.090000e-06	-5.336197e-06	-1.470794e-09	-3.704420e+01	-9.101591e+01
7.100000e-06	-5.348036e-06	-1.467342e-09	-3.712639e+01	-9.098866e+01
7.110000e-06	-5.359530e-06	-1.463615e-09	-3.720618e+01	-9.095862e+01
7.120000e-06	-5.370571e-06	-1.457606e-09	-3.728283e+01	-9.092590e+01
7.130000e-06	-5.381212e-06	-1.452557e-09	-3.735670e+01	-9.089065e+01
7.140000e-06	-5.391517e-06	-1.449722e-09	-3.742824e+01	-9.085303e+01
7.150000e-06	-5.401487e-06	-1.449847e-09	-3.749745e+01	-9.081322e+01
7.160000e-06	-5.411162e-06	-1.453490e-09	-3.756462e+01	-9.077139e+01
7.170000e-06	-5.420455e-06	-1.454521e-09	-3.762913e+01	-9.072774e+01
7.180000e-06	-5.429212e-06	-1.452740e-09	-3.768991e+01	-9.068248e+01
7.190000e-06	-5.437654e-06	-1.448803e-09	-3.774852e+01	-9.063581e+01
7.200000e-06	-5.445938e-06	-1.444194e-09	-3.780603e+01	-9.058795e+01
7.210000e-06	-5.454006e-06	-1.440307e-09	-3.786204e+01	-9.053910e+01
7.220000e-06	-5.461727e-06	-1.437362e-09	-3.791564e+01	-9.048949e+01
7.230000e-06	-5.469029e-06	-1.436106e-09	-3.796633e+01	-9.043932e+01
7.240000e-06	-5.475860e-06	-1.435789e-09	-3.801375e+01	-9.038879e+01
7.250000e-06	-5.482039e-06	-1.435218e-09	-3.805665e+01	-9.033809e+01
7.260000e-06	-5.487547e-06	-1.433217e-09	-3.809488e+01	-9.028740e+01
7.270000e-06	-5.492497e-06	-1.430524e-09	-3.812924e+01	-9.023688e+01
7.280000e-06	-5.497021e-06	-1.426835e-09	-3.816065e+01	-9.018668e+01
7.290000e-06	-5.501231e-06	-1.423587e-09	-3.818988e+01	-9.013693e+01
7.300000e-06	-5.505189e-06	-1.420586e-09	-3.821735e+01	-9.008773e+01
7.310000e-06	-5.508910e-06	-1.415453e-09	-3.824319e+01	-9.003916e+01
7.320000e-06	-5.512345e-06	-1.409963e-09	-3.826703e+01	-8.999127e+01
7.330000e-06	-5.515383e-06	-1.406319e-09	-3.828812e+01	-8.994410e+01
7.340000e-06	-5.517999e-06	-1.404475e-09	-3.830628e+01	-8.989765e+01
7.350000e-06	-5.520263e-06	-1.403047e-09	-3.832200e+01	-8.985189e+01
7.360000e-06	-5.522217e-06	-1.399931e-09	-3.833557e+01	-8.980676e+01
7.370000e-06	-5.523825e-06	-1.396942e-09	-3.834673e+01	-8.976220e+01
7.380000e-06	-5.524997e-06	-1.395345e-09	-3.835486e+01	-8.971807e+01
7.390000e-06	-5.525763e-06	-1.393053e-09	-3.836018e+01	-8.967426e+01
7.400000e-06	-5.526172e-06	-1.389451e-09	-3.836302e+01	-8.963059e+01
