# Temperatura_=_-11.23
# Concentracion g/m^3_=_1620.0
# C_Vs_to_Am_M_A/Vsm_=_65563218390.804596
# pendiente_HvsI_1/m_=_3716.3
# ordenada_HvsI_A/m_=_1297.0
# frecuencia_Hz_=_135105.2338951881

Tiempo_(s)	Campo_(V.s)	Magnetizacion_(V.s)	Campo_(kA/m)	Magnetizacion_(A/m)
0.000000e+00	-5.523736e-06	-1.335804e-09	-3.837442e+01	-8.624277e+01
1.000000e-08	-5.523917e-06	-1.336460e-09	-3.837568e+01	-8.620002e+01
2.000000e-08	-5.523840e-06	-1.339853e-09	-3.837514e+01	-8.615792e+01
3.000000e-08	-5.523372e-06	-1.341497e-09	-3.837189e+01	-8.611645e+01
4.000000e-08	-5.522445e-06	-1.338961e-09	-3.836545e+01	-8.607555e+01
5.000000e-08	-5.520941e-06	-1.333223e-09	-3.835501e+01	-8.603517e+01
6.000000e-08	-5.518848e-06	-1.316440e-09	-3.834046e+01	-8.599521e+01
7.000000e-08	-5.516195e-06	-1.302007e-09	-3.832203e+01	-8.595555e+01
8.000000e-08	-5.513017e-06	-1.324105e-09	-3.829996e+01	-8.591606e+01
9.000000e-08	-5.509332e-06	-1.367972e-09	-3.827435e+01	-8.587657e+01
1.000000e-07	-5.505179e-06	-1.388935e-09	-3.824550e+01	-8.583693e+01
1.100000e-07	-5.500715e-06	-1.355146e-09	-3.821449e+01	-8.579693e+01
1.200000e-07	-5.496086e-06	-1.288731e-09	-3.818233e+01	-8.575640e+01
1.300000e-07	-5.491258e-06	-1.265950e-09	-3.814879e+01	-8.571512e+01
1.400000e-07	-5.486057e-06	-1.316846e-09	-3.811266e+01	-8.567289e+01
1.500000e-07	-5.480466e-06	-1.331576e-09	-3.807381e+01	-8.562949e+01
1.600000e-07	-5.474528e-06	-1.315285e-09	-3.803257e+01	-8.558474e+01
1.700000e-07	-5.468084e-06	-1.288226e-09	-3.798780e+01	-8.553841e+01
1.800000e-07	-5.461171e-06	-1.322712e-09	-3.793977e+01	-8.549032e+01
1.900000e-07	-5.453933e-06	-1.338595e-09	-3.788949e+01	-8.544028e+01
2.000000e-07	-5.446434e-06	-1.302155e-09	-3.783739e+01	-8.538814e+01
2.100000e-07	-5.438741e-06	-1.277000e-09	-3.778395e+01	-8.533372e+01
2.200000e-07	-5.430773e-06	-1.296077e-09	-3.772859e+01	-8.527691e+01
2.300000e-07	-5.422557e-06	-1.329100e-09	-3.767151e+01	-8.521758e+01
2.400000e-07	-5.414017e-06	-1.317974e-09	-3.761218e+01	-8.515565e+01
2.500000e-07	-5.404729e-06	-1.300591e-09	-3.754766e+01	-8.509105e+01
2.600000e-07	-5.394640e-06	-1.285683e-09	-3.747757e+01	-8.502374e+01
2.700000e-07	-5.383919e-06	-1.297774e-09	-3.740308e+01	-8.495369e+01
2.800000e-07	-5.372766e-06	-1.295392e-09	-3.732560e+01	-8.488091e+01
2.900000e-07	-5.361270e-06	-1.306599e-09	-3.724574e+01	-8.480545e+01
3.000000e-07	-5.349345e-06	-1.300913e-09	-3.716290e+01	-8.472735e+01
3.100000e-07	-5.337042e-06	-1.301505e-09	-3.707742e+01	-8.464670e+01
3.200000e-07	-5.324304e-06	-1.288728e-09	-3.698893e+01	-8.456361e+01
3.300000e-07	-5.311072e-06	-1.285057e-09	-3.689701e+01	-8.447821e+01
3.400000e-07	-5.297473e-06	-1.275353e-09	-3.680253e+01	-8.439063e+01
3.500000e-07	-5.283521e-06	-1.286812e-09	-3.670560e+01	-8.430105e+01
3.600000e-07	-5.269083e-06	-1.295294e-09	-3.660530e+01	-8.420964e+01
3.700000e-07	-5.254219e-06	-1.298893e-09	-3.650203e+01	-8.411661e+01
3.800000e-07	-5.238945e-06	-1.297360e-09	-3.639592e+01	-8.402213e+01
3.900000e-07	-5.223028e-06	-1.298080e-09	-3.628535e+01	-8.392644e+01
4.000000e-07	-5.206510e-06	-1.279449e-09	-3.617059e+01	-8.382973e+01
4.100000e-07	-5.189662e-06	-1.269937e-09	-3.605355e+01	-8.373223e+01
4.200000e-07	-5.172602e-06	-1.289551e-09	-3.593503e+01	-8.363413e+01
4.300000e-07	-5.155263e-06	-1.292620e-09	-3.581457e+01	-8.353564e+01
4.400000e-07	-5.137562e-06	-1.279202e-09	-3.569160e+01	-8.343695e+01
4.500000e-07	-5.119492e-06	-1.293656e-09	-3.556606e+01	-8.333825e+01
4.600000e-07	-5.100967e-06	-1.310769e-09	-3.543736e+01	-8.323969e+01
4.700000e-07	-5.082019e-06	-1.269268e-09	-3.530573e+01	-8.314143e+01
4.800000e-07	-5.062736e-06	-1.261256e-09	-3.517177e+01	-8.304359e+01
4.900000e-07	-5.043173e-06	-1.291244e-09	-3.503586e+01	-8.294627e+01
5.000000e-07	-5.023386e-06	-1.275237e-09	-3.489839e+01	-8.284955e+01
5.100000e-07	-5.003427e-06	-1.233002e-09	-3.475974e+01	-8.275348e+01
5.200000e-07	-4.983281e-06	-1.265260e-09	-3.461978e+01	-8.265809e+01
5.300000e-07	-4.962804e-06	-1.282372e-09	-3.447752e+01	-8.256336e+01
5.400000e-07	-4.941869e-06	-1.255715e-09	-3.433208e+01	-8.246927e+01
5.500000e-07	-4.920496e-06	-1.260920e-09	-3.418360e+01	-8.237576e+01
5.600000e-07	-4.898749e-06	-1.283854e-09	-3.403252e+01	-8.228272e+01
5.700000e-07	-4.876653e-06	-1.247869e-09	-3.387901e+01	-8.219004e+01
5.800000e-07	-4.854339e-06	-1.239019e-09	-3.372400e+01	-8.209757e+01
5.900000e-07	-4.831690e-06	-1.266575e-09	-3.356665e+01	-8.200513e+01
6.000000e-07	-4.808530e-06	-1.252438e-09	-3.340575e+01	-8.191254e+01
6.100000e-07	-4.785037e-06	-1.224790e-09	-3.324254e+01	-8.181957e+01
6.200000e-07	-4.761346e-06	-1.248930e-09	-3.307796e+01	-8.172597e+01
6.300000e-07	-4.737511e-06	-1.250187e-09	-3.291237e+01	-8.163150e+01
6.400000e-07	-4.713486e-06	-1.224669e-09	-3.274546e+01	-8.153590e+01
6.500000e-07	-4.689202e-06	-1.234860e-09	-3.257676e+01	-8.143886e+01
6.600000e-07	-4.664540e-06	-1.246310e-09	-3.240543e+01	-8.134013e+01
6.700000e-07	-4.639308e-06	-1.221339e-09	-3.223013e+01	-8.123940e+01
6.800000e-07	-4.613441e-06	-1.219007e-09	-3.205043e+01	-8.113638e+01
6.900000e-07	-4.586963e-06	-1.234337e-09	-3.186648e+01	-8.103080e+01
7.000000e-07	-4.559961e-06	-1.220951e-09	-3.167890e+01	-8.092238e+01
7.100000e-07	-4.532581e-06	-1.213515e-09	-3.148868e+01	-8.081084e+01
7.200000e-07	-4.504916e-06	-1.228480e-09	-3.129649e+01	-8.069595e+01
7.300000e-07	-4.477073e-06	-1.231047e-09	-3.110306e+01	-8.057746e+01
7.400000e-07	-4.449152e-06	-1.221579e-09	-3.090909e+01	-8.045517e+01
7.500000e-07	-4.421102e-06	-1.224042e-09	-3.071421e+01	-8.032888e+01
7.600000e-07	-4.392775e-06	-1.218461e-09	-3.051742e+01	-8.019843e+01
7.700000e-07	-4.364122e-06	-1.209301e-09	-3.031837e+01	-8.006369e+01
7.800000e-07	-4.335137e-06	-1.208735e-09	-3.011700e+01	-7.992456e+01
7.900000e-07	-4.305786e-06	-1.211729e-09	-2.991310e+01	-7.978095e+01
8.000000e-07	-4.276134e-06	-1.203808e-09	-2.970710e+01	-7.963284e+01
8.100000e-07	-4.246234e-06	-1.203038e-09	-2.949938e+01	-7.948020e+01
8.200000e-07	-4.216072e-06	-1.201920e-09	-2.928984e+01	-7.932307e+01
8.300000e-07	-4.185649e-06	-1.195681e-09	-2.907848e+01	-7.916151e+01
8.400000e-07	-4.154931e-06	-1.189985e-09	-2.886508e+01	-7.899560e+01
8.500000e-07	-4.123927e-06	-1.195819e-09	-2.864969e+01	-7.882546e+01
8.600000e-07	-4.092640e-06	-1.195447e-09	-2.843233e+01	-7.865125e+01
8.700000e-07	-4.061067e-06	-1.190932e-09	-2.821299e+01	-7.847314e+01
8.800000e-07	-4.029338e-06	-1.186957e-09	-2.799256e+01	-7.829132e+01
8.900000e-07	-3.997493e-06	-1.181787e-09	-2.777133e+01	-7.810603e+01
9.000000e-07	-3.965511e-06	-1.170672e-09	-2.754914e+01	-7.791751e+01
9.100000e-07	-3.933347e-06	-1.165802e-09	-2.732569e+01	-7.772600e+01
9.200000e-07	-3.900792e-06	-1.165473e-09	-2.709953e+01	-7.753178e+01
9.300000e-07	-3.867696e-06	-1.164038e-09	-2.686961e+01	-7.733511e+01
9.400000e-07	-3.834174e-06	-1.162485e-09	-2.663672e+01	-7.713628e+01
9.500000e-07	-3.800225e-06	-1.164120e-09	-2.640087e+01	-7.693556e+01
9.600000e-07	-3.765722e-06	-1.158024e-09	-2.616117e+01	-7.673323e+01
9.700000e-07	-3.730715e-06	-1.146126e-09	-2.591797e+01	-7.652953e+01
9.800000e-07	-3.695362e-06	-1.141091e-09	-2.567237e+01	-7.632473e+01
9.900000e-07	-3.659809e-06	-1.137334e-09	-2.542538e+01	-7.611905e+01
1.000000e-06	-3.624129e-06	-1.131294e-09	-2.517750e+01	-7.591269e+01
1.010000e-06	-3.588328e-06	-1.129132e-09	-2.492878e+01	-7.570585e+01
1.020000e-06	-3.552461e-06	-1.132309e-09	-2.467961e+01	-7.549867e+01
1.030000e-06	-3.516512e-06	-1.130411e-09	-2.442987e+01	-7.529127e+01
1.040000e-06	-3.480349e-06	-1.128504e-09	-2.417863e+01	-7.508375e+01
1.050000e-06	-3.443933e-06	-1.126476e-09	-2.392564e+01	-7.487615e+01
1.060000e-06	-3.407224e-06	-1.119443e-09	-2.367062e+01	-7.466849e+01
1.070000e-06	-3.370164e-06	-1.106917e-09	-2.341316e+01	-7.446073e+01
1.080000e-06	-3.332802e-06	-1.099427e-09	-2.315360e+01	-7.425281e+01
1.090000e-06	-3.295197e-06	-1.094692e-09	-2.289235e+01	-7.404461e+01
1.100000e-06	-3.257333e-06	-1.088637e-09	-2.262930e+01	-7.383598e+01
1.110000e-06	-3.219294e-06	-1.082901e-09	-2.236503e+01	-7.362672e+01
1.120000e-06	-3.181137e-06	-1.079177e-09	-2.209995e+01	-7.341661e+01
1.130000e-06	-3.142795e-06	-1.069391e-09	-2.183358e+01	-7.320536e+01
1.140000e-06	-3.104214e-06	-1.062560e-09	-2.156555e+01	-7.299266e+01
1.150000e-06	-3.065318e-06	-1.062920e-09	-2.129534e+01	-7.277817e+01
1.160000e-06	-3.026162e-06	-1.062592e-09	-2.102331e+01	-7.256151e+01
1.170000e-06	-2.986791e-06	-1.056090e-09	-2.074979e+01	-7.234228e+01
1.180000e-06	-2.947242e-06	-1.049790e-09	-2.047504e+01	-7.212004e+01
1.190000e-06	-2.907648e-06	-1.044493e-09	-2.019997e+01	-7.189435e+01
1.200000e-06	-2.867941e-06	-1.037197e-09	-1.992412e+01	-7.166475e+01
1.210000e-06	-2.828048e-06	-1.030571e-09	-1.964697e+01	-7.143074e+01
1.220000e-06	-2.788042e-06	-1.027426e-09	-1.936904e+01	-7.119184e+01
1.230000e-06	-2.747941e-06	-1.022012e-09	-1.909046e+01	-7.094758e+01
1.240000e-06	-2.707722e-06	-1.015263e-09	-1.881105e+01	-7.069744e+01
1.250000e-06	-2.667263e-06	-1.011075e-09	-1.852997e+01	-7.044096e+01
1.260000e-06	-2.626501e-06	-1.007925e-09	-1.824679e+01	-7.017766e+01
1.270000e-06	-2.585468e-06	-1.002781e-09	-1.796172e+01	-6.990709e+01
1.280000e-06	-2.544204e-06	-9.960320e-10	-1.767506e+01	-6.962880e+01
1.290000e-06	-2.502797e-06	-9.892979e-10	-1.738740e+01	-6.934237e+01
1.300000e-06	-2.461101e-06	-9.812214e-10	-1.709772e+01	-6.904742e+01
1.310000e-06	-2.419018e-06	-9.729033e-10	-1.680537e+01	-6.874359e+01
1.320000e-06	-2.376563e-06	-9.657168e-10	-1.651042e+01	-6.843053e+01
1.330000e-06	-2.333643e-06	-9.610549e-10	-1.621225e+01	-6.810795e+01
1.340000e-06	-2.290403e-06	-9.561050e-10	-1.591186e+01	-6.777559e+01
1.350000e-06	-2.246993e-06	-9.539369e-10	-1.561028e+01	-6.743321e+01
1.360000e-06	-2.203491e-06	-9.527575e-10	-1.530806e+01	-6.708061e+01
1.370000e-06	-2.159929e-06	-9.489110e-10	-1.500543e+01	-6.671765e+01
1.380000e-06	-2.116223e-06	-9.411816e-10	-1.470179e+01	-6.634418e+01
1.390000e-06	-2.072392e-06	-9.295918e-10	-1.439729e+01	-6.596012e+01
1.400000e-06	-2.028553e-06	-9.154898e-10	-1.409274e+01	-6.556540e+01
1.410000e-06	-1.984693e-06	-9.039761e-10	-1.378803e+01	-6.515999e+01
1.420000e-06	-1.940707e-06	-8.958803e-10	-1.348245e+01	-6.474386e+01
1.430000e-06	-1.896639e-06	-8.907821e-10	-1.317630e+01	-6.431703e+01
1.440000e-06	-1.852552e-06	-8.870391e-10	-1.287002e+01	-6.387952e+01
1.450000e-06	-1.808287e-06	-8.848387e-10	-1.256251e+01	-6.343137e+01
1.460000e-06	-1.763784e-06	-8.817561e-10	-1.225333e+01	-6.297260e+01
1.470000e-06	-1.719195e-06	-8.739490e-10	-1.194357e+01	-6.250327e+01
1.480000e-06	-1.674538e-06	-8.638831e-10	-1.163333e+01	-6.202339e+01
1.490000e-06	-1.629727e-06	-8.550661e-10	-1.132202e+01	-6.153300e+01
1.500000e-06	-1.584832e-06	-8.438551e-10	-1.101012e+01	-6.103210e+01
1.510000e-06	-1.539868e-06	-8.311669e-10	-1.069775e+01	-6.052067e+01
1.520000e-06	-1.494707e-06	-8.224021e-10	-1.038401e+01	-5.999865e+01
1.530000e-06	-1.449370e-06	-8.172778e-10	-1.006904e+01	-5.946597e+01
1.540000e-06	-1.403916e-06	-8.113907e-10	-9.753263e+00	-5.892248e+01
1.550000e-06	-1.358388e-06	-8.027496e-10	-9.436975e+00	-5.836802e+01
1.560000e-06	-1.312829e-06	-7.920289e-10	-9.120466e+00	-5.780236e+01
1.570000e-06	-1.267181e-06	-7.799533e-10	-8.803342e+00	-5.722522e+01
1.580000e-06	-1.221453e-06	-7.698064e-10	-8.485664e+00	-5.663625e+01
1.590000e-06	-1.175667e-06	-7.601583e-10	-8.167579e+00	-5.603503e+01
1.600000e-06	-1.129691e-06	-7.480794e-10	-7.848174e+00	-5.542110e+01
1.610000e-06	-1.083572e-06	-7.358490e-10	-7.527777e+00	-5.479391e+01
1.620000e-06	-1.037435e-06	-7.250875e-10	-7.207252e+00	-5.415284e+01
1.630000e-06	-9.912210e-07	-7.154514e-10	-6.886196e+00	-5.349721e+01
1.640000e-06	-9.449431e-07	-7.059138e-10	-6.564695e+00	-5.282626e+01
1.650000e-06	-8.986343e-07	-6.964918e-10	-6.242980e+00	-5.213917e+01
1.660000e-06	-8.523555e-07	-6.881924e-10	-5.921472e+00	-5.143504e+01
1.670000e-06	-8.060593e-07	-6.774499e-10	-5.599844e+00	-5.071293e+01
1.680000e-06	-7.596931e-07	-6.640947e-10	-5.277729e+00	-4.997182e+01
1.690000e-06	-7.132791e-07	-6.489551e-10	-4.955282e+00	-4.921065e+01
1.700000e-06	-6.666626e-07	-6.330030e-10	-4.631429e+00	-4.842830e+01
1.710000e-06	-6.199103e-07	-6.167599e-10	-4.306632e+00	-4.762362e+01
1.720000e-06	-5.732571e-07	-6.011538e-10	-3.982523e+00	-4.679543e+01
1.730000e-06	-5.266619e-07	-5.885051e-10	-3.658818e+00	-4.594251e+01
1.740000e-06	-4.800099e-07	-5.792406e-10	-3.334718e+00	-4.506364e+01
1.750000e-06	-4.332459e-07	-5.700062e-10	-3.009840e+00	-4.415759e+01
1.760000e-06	-3.864552e-07	-5.573714e-10	-2.684776e+00	-4.322314e+01
1.770000e-06	-3.396715e-07	-5.420165e-10	-2.359761e+00	-4.225908e+01
1.780000e-06	-2.927949e-07	-5.239866e-10	-2.034101e+00	-4.126423e+01
1.790000e-06	-2.458615e-07	-5.055646e-10	-1.708045e+00	-4.023745e+01
1.800000e-06	-1.990215e-07	-4.898759e-10	-1.382639e+00	-3.917764e+01
1.810000e-06	-1.522298e-07	-4.759429e-10	-1.057568e+00	-3.808379e+01
1.820000e-06	-1.054159e-07	-4.629658e-10	-7.323439e-01	-3.695494e+01
1.830000e-06	-5.866794e-08	-4.494543e-10	-4.075771e-01	-3.579022e+01
1.840000e-06	-1.192139e-08	-4.338978e-10	-8.282009e-02	-3.458887e+01
1.850000e-06	3.487143e-08	-4.171027e-10	2.422583e-01	-3.335022e+01
1.860000e-06	8.179310e-08	-4.014472e-10	5.682319e-01	-3.207374e+01
1.870000e-06	1.288277e-07	-3.855598e-10	8.949901e-01	-3.075900e+01
1.880000e-06	1.756983e-07	-3.675547e-10	1.220609e+00	-2.940575e+01
1.890000e-06	2.224582e-07	-3.478296e-10	1.545459e+00	-2.801384e+01
1.900000e-06	2.692674e-07	-3.263813e-10	1.870651e+00	-2.658330e+01
1.910000e-06	3.160466e-07	-3.035306e-10	2.195634e+00	-2.511432e+01
1.920000e-06	3.628326e-07	-2.805629e-10	2.520666e+00	-2.360724e+01
1.930000e-06	4.095740e-07	-2.595692e-10	2.845386e+00	-2.206257e+01
1.940000e-06	4.562495e-07	-2.399111e-10	3.169650e+00	-2.048101e+01
1.950000e-06	5.028804e-07	-2.201266e-10	3.493604e+00	-1.886342e+01
1.960000e-06	5.494000e-07	-1.993569e-10	3.816784e+00	-1.721083e+01
1.970000e-06	5.959108e-07	-1.765519e-10	4.139903e+00	-1.552445e+01
1.980000e-06	6.424839e-07	-1.526420e-10	4.463455e+00	-1.380566e+01
1.990000e-06	6.890096e-07	-1.276260e-10	4.786678e+00	-1.205599e+01
2.000000e-06	7.354869e-07	-1.004672e-10	5.109564e+00	-1.027716e+01
2.010000e-06	7.818539e-07	-7.321797e-11	5.431684e+00	-8.471024e+00
2.020000e-06	8.280910e-07	-4.619264e-11	5.752902e+00	-6.639590e+00
2.030000e-06	8.742967e-07	-1.910661e-11	6.073902e+00	-4.785005e+00
2.040000e-06	9.204377e-07	6.050028e-12	6.394452e+00	-2.909546e+00
2.050000e-06	9.665696e-07	2.898138e-11	6.714938e+00	-1.015606e+00
2.060000e-06	1.012665e-06	5.220200e-11	7.035174e+00	8.943138e-01
2.070000e-06	1.058639e-06	7.717286e-11	7.354563e+00	2.817619e+00
2.080000e-06	1.104541e-06	1.037652e-10	7.673450e+00	4.751636e+00
2.090000e-06	1.150372e-06	1.312037e-10	7.991849e+00	6.693625e+00
2.100000e-06	1.196064e-06	1.589807e-10	8.309276e+00	8.640795e+00
2.110000e-06	1.241664e-06	1.867059e-10	8.626072e+00	1.059032e+01
2.120000e-06	1.287239e-06	2.139154e-10	8.942692e+00	1.253935e+01
2.130000e-06	1.332761e-06	2.413910e-10	9.258936e+00	1.448504e+01
2.140000e-06	1.378205e-06	2.676668e-10	9.574646e+00	1.642454e+01
2.150000e-06	1.423528e-06	2.901395e-10	9.889516e+00	1.835505e+01
2.160000e-06	1.468760e-06	3.107288e-10	1.020375e+01	2.027379e+01
2.170000e-06	1.514022e-06	3.324707e-10	1.051819e+01	2.217806e+01
2.180000e-06	1.559181e-06	3.573955e-10	1.083192e+01	2.406520e+01
2.190000e-06	1.604124e-06	3.854474e-10	1.114415e+01	2.593267e+01
2.200000e-06	1.648911e-06	4.158753e-10	1.145529e+01	2.777800e+01
2.210000e-06	1.693564e-06	4.459263e-10	1.176551e+01	2.959887e+01
2.220000e-06	1.738088e-06	4.714950e-10	1.207482e+01	3.139305e+01
2.230000e-06	1.782435e-06	4.936728e-10	1.238291e+01	3.315846e+01
2.240000e-06	1.826659e-06	5.121174e-10	1.269014e+01	3.489316e+01
2.250000e-06	1.870807e-06	5.270831e-10	1.299685e+01	3.659536e+01
2.260000e-06	1.914835e-06	5.427510e-10	1.330271e+01	3.826344e+01
2.270000e-06	1.958752e-06	5.623098e-10	1.360781e+01	3.989593e+01
2.280000e-06	2.002648e-06	5.848511e-10	1.391277e+01	4.149155e+01
2.290000e-06	2.046495e-06	6.085732e-10	1.421738e+01	4.304918e+01
2.300000e-06	2.090234e-06	6.344323e-10	1.452124e+01	4.456788e+01
2.310000e-06	2.133866e-06	6.585434e-10	1.482436e+01	4.604688e+01
2.320000e-06	2.177425e-06	6.768655e-10	1.512697e+01	4.748559e+01
2.330000e-06	2.220861e-06	6.893738e-10	1.542873e+01	4.888360e+01
2.340000e-06	2.264110e-06	7.001727e-10	1.572919e+01	5.024066e+01
2.350000e-06	2.307189e-06	7.143935e-10	1.602847e+01	5.155670e+01
2.360000e-06	2.350101e-06	7.322832e-10	1.632659e+01	5.283178e+01
2.370000e-06	2.392772e-06	7.529338e-10	1.662303e+01	5.406615e+01
2.380000e-06	2.435026e-06	7.739562e-10	1.691658e+01	5.526019e+01
2.390000e-06	2.476958e-06	7.922340e-10	1.720789e+01	5.641440e+01
2.400000e-06	2.518696e-06	8.070715e-10	1.749785e+01	5.752943e+01
2.410000e-06	2.560127e-06	8.201100e-10	1.778568e+01	5.860604e+01
2.420000e-06	2.601259e-06	8.310642e-10	1.807143e+01	5.964511e+01
2.430000e-06	2.642226e-06	8.415474e-10	1.835603e+01	6.064758e+01
2.440000e-06	2.682952e-06	8.536860e-10	1.863897e+01	6.161450e+01
2.450000e-06	2.723364e-06	8.681037e-10	1.891971e+01	6.254699e+01
2.460000e-06	2.763546e-06	8.841884e-10	1.919887e+01	6.344623e+01
2.470000e-06	2.803524e-06	8.976459e-10	1.947660e+01	6.431343e+01
2.480000e-06	2.843417e-06	9.086769e-10	1.975374e+01	6.514986e+01
2.490000e-06	2.883239e-06	9.196980e-10	2.003039e+01	6.595680e+01
2.500000e-06	2.922897e-06	9.301093e-10	2.030591e+01	6.673553e+01
2.510000e-06	2.962383e-06	9.433265e-10	2.058023e+01	6.748735e+01
2.520000e-06	3.001659e-06	9.554323e-10	2.085308e+01	6.821355e+01
2.530000e-06	3.040713e-06	9.663271e-10	2.112439e+01	6.891538e+01
2.540000e-06	3.079578e-06	9.789017e-10	2.139440e+01	6.959408e+01
2.550000e-06	3.118225e-06	9.882200e-10	2.166289e+01	7.025084e+01
2.560000e-06	3.156664e-06	9.944824e-10	2.192993e+01	7.088681e+01
2.570000e-06	3.194916e-06	1.000074e-09	2.219567e+01	7.150309e+01
2.580000e-06	3.232944e-06	1.006568e-09	2.245987e+01	7.210071e+01
2.590000e-06	3.270737e-06	1.014631e-09	2.272242e+01	7.268065e+01
2.600000e-06	3.308309e-06	1.026450e-09	2.298344e+01	7.324380e+01
2.610000e-06	3.345657e-06	1.040208e-09	2.324290e+01	7.379100e+01
2.620000e-06	3.382804e-06	1.054302e-09	2.350097e+01	7.432301e+01
2.630000e-06	3.419759e-06	1.064785e-09	2.375770e+01	7.484050e+01
2.640000e-06	3.456335e-06	1.071048e-09	2.401180e+01	7.534409e+01
2.650000e-06	3.492593e-06	1.075278e-09	2.426370e+01	7.583431e+01
2.660000e-06	3.528743e-06	1.077375e-09	2.451484e+01	7.631162e+01
2.670000e-06	3.564807e-06	1.079916e-09	2.476538e+01	7.677639e+01
2.680000e-06	3.600755e-06	1.084859e-09	2.501512e+01	7.722895e+01
2.690000e-06	3.636529e-06	1.093398e-09	2.526364e+01	7.766956e+01
2.700000e-06	3.672103e-06	1.104467e-09	2.551078e+01	7.809841e+01
2.710000e-06	3.707446e-06	1.112691e-09	2.575632e+01	7.851564e+01
2.720000e-06	3.742549e-06	1.116411e-09	2.600018e+01	7.892133e+01
2.730000e-06	3.777351e-06	1.117260e-09	2.624196e+01	7.931554e+01
2.740000e-06	3.811786e-06	1.117090e-09	2.648119e+01	7.969826e+01
2.750000e-06	3.845732e-06	1.118397e-09	2.671701e+01	8.006949e+01
2.760000e-06	3.879115e-06	1.122839e-09	2.694893e+01	8.042916e+01
2.770000e-06	3.912045e-06	1.129927e-09	2.717771e+01	8.077722e+01
2.780000e-06	3.944597e-06	1.137065e-09	2.740385e+01	8.111358e+01
2.790000e-06	3.976851e-06	1.143479e-09	2.762792e+01	8.143816e+01
2.800000e-06	4.008901e-06	1.151103e-09	2.785058e+01	8.175088e+01
2.810000e-06	4.040755e-06	1.158485e-09	2.807188e+01	8.205166e+01
2.820000e-06	4.072425e-06	1.162800e-09	2.829190e+01	8.234045e+01
2.830000e-06	4.103904e-06	1.165369e-09	2.851058e+01	8.261719e+01
2.840000e-06	4.135172e-06	1.167242e-09	2.872781e+01	8.288187e+01
2.850000e-06	4.166201e-06	1.169422e-09	2.894338e+01	8.313450e+01
2.860000e-06	4.196879e-06	1.174738e-09	2.915650e+01	8.337509e+01
2.870000e-06	4.227226e-06	1.183484e-09	2.936732e+01	8.360374e+01
2.880000e-06	4.257274e-06	1.190628e-09	2.957607e+01	8.382053e+01
2.890000e-06	4.287085e-06	1.193790e-09	2.978317e+01	8.402563e+01
2.900000e-06	4.316635e-06	1.195457e-09	2.998846e+01	8.421920e+01
2.910000e-06	4.345791e-06	1.197070e-09	3.019102e+01	8.440147e+01
2.920000e-06	4.374599e-06	1.199808e-09	3.039116e+01	8.457271e+01
2.930000e-06	4.403129e-06	1.203655e-09	3.058935e+01	8.473322e+01
2.940000e-06	4.431405e-06	1.205600e-09	3.078580e+01	8.488333e+01
2.950000e-06	4.459439e-06	1.206493e-09	3.098055e+01	8.502343e+01
2.960000e-06	4.487267e-06	1.207552e-09	3.117388e+01	8.515392e+01
2.970000e-06	4.514975e-06	1.209441e-09	3.136637e+01	8.527525e+01
2.980000e-06	4.542514e-06	1.210332e-09	3.155769e+01	8.538789e+01
2.990000e-06	4.569720e-06	1.210477e-09	3.174669e+01	8.549231e+01
3.000000e-06	4.596509e-06	1.212842e-09	3.193281e+01	8.558905e+01
3.010000e-06	4.622796e-06	1.217501e-09	3.211542e+01	8.567861e+01
3.020000e-06	4.648529e-06	1.222252e-09	3.229420e+01	8.576155e+01
3.030000e-06	4.673731e-06	1.224916e-09	3.246928e+01	8.583840e+01
3.040000e-06	4.698395e-06	1.226871e-09	3.264062e+01	8.590971e+01
3.050000e-06	4.722648e-06	1.228785e-09	3.280911e+01	8.597601e+01
3.060000e-06	4.746609e-06	1.228994e-09	3.297558e+01	8.603785e+01
3.070000e-06	4.770304e-06	1.231291e-09	3.314019e+01	8.609573e+01
3.080000e-06	4.793814e-06	1.236043e-09	3.330351e+01	8.615017e+01
3.090000e-06	4.817074e-06	1.239574e-09	3.346511e+01	8.620164e+01
3.100000e-06	4.839956e-06	1.242483e-09	3.362407e+01	8.625059e+01
3.110000e-06	4.862458e-06	1.245942e-09	3.378040e+01	8.629745e+01
3.120000e-06	4.884618e-06	1.250274e-09	3.393435e+01	8.634262e+01
3.130000e-06	4.906464e-06	1.252906e-09	3.408612e+01	8.638644e+01
3.140000e-06	4.927944e-06	1.253339e-09	3.423534e+01	8.642924e+01
3.150000e-06	4.949057e-06	1.254254e-09	3.438202e+01	8.647129e+01
3.160000e-06	4.969848e-06	1.255838e-09	3.452646e+01	8.651283e+01
3.170000e-06	4.990313e-06	1.257049e-09	3.466863e+01	8.655406e+01
3.180000e-06	5.010503e-06	1.258672e-09	3.480890e+01	8.659513e+01
3.190000e-06	5.030442e-06	1.261684e-09	3.494741e+01	8.663615e+01
3.200000e-06	5.050149e-06	1.264131e-09	3.508432e+01	8.667719e+01
3.210000e-06	5.069654e-06	1.264657e-09	3.521983e+01	8.671826e+01
3.220000e-06	5.088853e-06	1.265775e-09	3.535321e+01	8.675937e+01
3.230000e-06	5.107609e-06	1.268589e-09	3.548351e+01	8.680046e+01
3.240000e-06	5.125979e-06	1.272090e-09	3.561113e+01	8.684144e+01
3.250000e-06	5.143945e-06	1.274704e-09	3.573594e+01	8.688221e+01
3.260000e-06	5.161420e-06	1.276156e-09	3.585735e+01	8.692260e+01
3.270000e-06	5.178536e-06	1.277911e-09	3.597625e+01	8.696246e+01
3.280000e-06	5.195412e-06	1.278230e-09	3.609349e+01	8.700159e+01
3.290000e-06	5.211979e-06	1.280333e-09	3.620859e+01	8.703978e+01
3.300000e-06	5.228151e-06	1.283473e-09	3.632094e+01	8.707681e+01
3.310000e-06	5.243905e-06	1.284431e-09	3.643038e+01	8.711243e+01
3.320000e-06	5.259149e-06	1.286784e-09	3.653629e+01	8.714642e+01
3.330000e-06	5.273813e-06	1.292052e-09	3.663816e+01	8.717852e+01
3.340000e-06	5.288099e-06	1.298950e-09	3.673741e+01	8.720851e+01
3.350000e-06	5.302125e-06	1.303647e-09	3.683485e+01	8.723614e+01
3.360000e-06	5.315771e-06	1.305350e-09	3.692965e+01	8.726120e+01
3.370000e-06	5.329047e-06	1.304080e-09	3.702188e+01	8.728348e+01
3.380000e-06	5.341938e-06	1.302183e-09	3.711143e+01	8.730279e+01
3.390000e-06	5.354355e-06	1.301147e-09	3.719770e+01	8.731895e+01
3.400000e-06	5.366392e-06	1.302300e-09	3.728132e+01	8.733182e+01
3.410000e-06	5.378117e-06	1.306911e-09	3.736278e+01	8.734127e+01
3.420000e-06	5.389451e-06	1.311624e-09	3.744152e+01	8.734720e+01
3.430000e-06	5.400363e-06	1.313686e-09	3.751732e+01	8.734956e+01
3.440000e-06	5.410719e-06	1.312310e-09	3.758927e+01	8.734828e+01
3.450000e-06	5.420379e-06	1.309762e-09	3.765638e+01	8.734337e+01
3.460000e-06	5.429427e-06	1.308877e-09	3.771924e+01	8.733485e+01
3.470000e-06	5.437997e-06	1.307020e-09	3.777878e+01	8.732275e+01
3.480000e-06	5.446161e-06	1.307033e-09	3.783549e+01	8.730717e+01
3.490000e-06	5.454021e-06	1.309160e-09	3.789010e+01	8.728819e+01
3.500000e-06	5.461624e-06	1.310575e-09	3.794291e+01	8.726596e+01
3.510000e-06	5.468991e-06	1.312469e-09	3.799410e+01	8.724063e+01
3.520000e-06	5.476060e-06	1.314848e-09	3.804321e+01	8.721238e+01
3.530000e-06	5.482647e-06	1.317507e-09	3.808897e+01	8.718139e+01
3.540000e-06	5.488708e-06	1.318527e-09	3.813108e+01	8.714789e+01
3.550000e-06	5.494446e-06	1.319203e-09	3.817094e+01	8.711210e+01
3.560000e-06	5.499957e-06	1.318583e-09	3.820922e+01	8.707426e+01
3.570000e-06	5.505068e-06	1.316550e-09	3.824473e+01	8.703461e+01
3.580000e-06	5.509732e-06	1.316393e-09	3.827713e+01	8.699339e+01
3.590000e-06	5.514020e-06	1.317104e-09	3.830692e+01	8.695087e+01
3.600000e-06	5.517967e-06	1.318190e-09	3.833434e+01	8.690728e+01
3.610000e-06	5.521712e-06	1.319710e-09	3.836036e+01	8.686286e+01
3.620000e-06	5.525321e-06	1.320666e-09	3.838543e+01	8.681784e+01
3.630000e-06	5.528538e-06	1.320250e-09	3.840778e+01	8.677245e+01
3.640000e-06	5.531172e-06	1.319818e-09	3.842608e+01	8.672688e+01
3.650000e-06	5.533217e-06	1.321337e-09	3.844029e+01	8.668132e+01
3.660000e-06	5.534676e-06	1.323432e-09	3.845042e+01	8.663593e+01
3.670000e-06	5.535565e-06	1.324399e-09	3.845660e+01	8.659085e+01
3.680000e-06	5.535970e-06	1.323879e-09	3.845941e+01	8.654621e+01
3.690000e-06	5.536055e-06	1.324123e-09	3.846000e+01	8.650209e+01
3.700000e-06	5.535902e-06	1.324285e-09	3.845894e+01	8.645857e+01
3.710000e-06	5.535540e-06	1.326013e-09	3.845643e+01	8.641567e+01
3.720000e-06	5.534870e-06	1.329220e-09	3.845177e+01	8.637342e+01
3.730000e-06	5.533730e-06	1.330470e-09	3.844385e+01	8.633180e+01
3.740000e-06	5.532153e-06	1.332113e-09	3.843290e+01	8.629076e+01
3.750000e-06	5.530237e-06	1.342496e-09	3.841958e+01	8.625025e+01
3.760000e-06	5.527994e-06	1.359098e-09	3.840400e+01	8.621016e+01
3.770000e-06	5.525428e-06	1.345379e-09	3.838617e+01	8.617038e+01
3.780000e-06	5.522485e-06	1.290170e-09	3.836573e+01	8.613078e+01
3.790000e-06	5.519064e-06	1.250163e-09	3.834196e+01	8.609120e+01
3.800000e-06	5.515141e-06	1.258427e-09	3.831471e+01	8.605148e+01
3.810000e-06	5.510906e-06	1.330741e-09	3.828529e+01	8.601143e+01
3.820000e-06	5.506623e-06	1.399678e-09	3.825554e+01	8.597085e+01
3.830000e-06	5.502185e-06	1.362556e-09	3.822470e+01	8.592954e+01
3.840000e-06	5.497137e-06	1.325106e-09	3.818963e+01	8.588730e+01
3.850000e-06	5.491309e-06	1.315164e-09	3.814915e+01	8.584392e+01
3.860000e-06	5.485037e-06	1.317946e-09	3.810557e+01	8.579918e+01
3.870000e-06	5.478509e-06	1.310971e-09	3.806022e+01	8.575289e+01
3.880000e-06	5.471519e-06	1.303038e-09	3.801166e+01	8.570486e+01
3.890000e-06	5.463954e-06	1.362382e-09	3.795911e+01	8.565490e+01
3.900000e-06	5.455954e-06	1.388488e-09	3.790353e+01	8.560284e+01
3.910000e-06	5.447683e-06	1.335649e-09	3.784607e+01	8.554852e+01
3.920000e-06	5.439107e-06	1.254035e-09	3.778649e+01	8.549181e+01
3.930000e-06	5.430131e-06	1.283368e-09	3.772413e+01	8.543260e+01
3.940000e-06	5.420831e-06	1.356741e-09	3.765952e+01	8.537080e+01
3.950000e-06	5.411294e-06	1.361115e-09	3.759327e+01	8.530632e+01
3.960000e-06	5.401326e-06	1.313262e-09	3.752402e+01	8.523914e+01
3.970000e-06	5.390844e-06	1.317643e-09	3.745120e+01	8.516922e+01
3.980000e-06	5.380009e-06	1.348758e-09	3.737592e+01	8.509657e+01
3.990000e-06	5.368776e-06	1.319378e-09	3.729789e+01	8.502123e+01
4.000000e-06	5.357128e-06	1.277306e-09	3.721696e+01	8.494326e+01
4.010000e-06	5.345145e-06	1.284656e-09	3.713371e+01	8.486272e+01
4.020000e-06	5.332791e-06	1.306890e-09	3.704789e+01	8.477973e+01
4.030000e-06	5.319853e-06	1.297963e-09	3.695801e+01	8.469442e+01
4.040000e-06	5.306369e-06	1.306061e-09	3.686433e+01	8.460692e+01
4.050000e-06	5.292475e-06	1.308004e-09	3.676780e+01	8.451740e+01
4.060000e-06	5.278006e-06	1.292318e-09	3.666729e+01	8.442604e+01
4.070000e-06	5.262936e-06	1.267363e-09	3.656259e+01	8.433304e+01
4.080000e-06	5.247340e-06	1.286368e-09	3.645424e+01	8.423858e+01
4.090000e-06	5.231336e-06	1.305852e-09	3.634306e+01	8.414288e+01
4.100000e-06	5.215068e-06	1.309490e-09	3.623005e+01	8.404615e+01
4.110000e-06	5.198595e-06	1.285169e-09	3.611561e+01	8.394861e+01
4.120000e-06	5.181861e-06	1.272978e-09	3.599935e+01	8.385045e+01
4.130000e-06	5.164821e-06	1.292741e-09	3.588097e+01	8.375189e+01
4.140000e-06	5.147395e-06	1.310724e-09	3.575991e+01	8.365312e+01
4.150000e-06	5.129533e-06	1.277761e-09	3.563582e+01	8.355431e+01
4.160000e-06	5.111363e-06	1.265204e-09	3.550959e+01	8.345564e+01
4.170000e-06	5.092865e-06	1.300846e-09	3.538108e+01	8.335725e+01
4.180000e-06	5.074003e-06	1.290982e-09	3.525004e+01	8.325928e+01
4.190000e-06	5.054751e-06	1.252621e-09	3.511630e+01	8.316181e+01
4.200000e-06	5.035140e-06	1.285794e-09	3.498005e+01	8.306494e+01
4.210000e-06	5.015248e-06	1.305704e-09	3.484186e+01	8.296872e+01
4.220000e-06	4.995123e-06	1.241527e-09	3.470205e+01	8.287317e+01
4.230000e-06	4.974810e-06	1.248391e-09	3.456093e+01	8.277830e+01
4.240000e-06	4.954203e-06	1.311445e-09	3.441777e+01	8.268406e+01
4.250000e-06	4.933211e-06	1.275234e-09	3.427194e+01	8.259040e+01
4.260000e-06	4.911654e-06	1.228702e-09	3.412217e+01	8.249723e+01
4.270000e-06	4.889446e-06	1.282408e-09	3.396789e+01	8.240443e+01
4.280000e-06	4.866669e-06	1.281411e-09	3.380965e+01	8.231185e+01
4.290000e-06	4.843406e-06	1.232278e-09	3.364804e+01	8.221932e+01
4.300000e-06	4.819760e-06	1.262399e-09	3.348377e+01	8.212665e+01
4.310000e-06	4.795832e-06	1.284533e-09	3.331753e+01	8.203362e+01
4.320000e-06	4.771730e-06	1.231510e-09	3.315010e+01	8.193999e+01
4.330000e-06	4.747436e-06	1.248361e-09	3.298132e+01	8.184551e+01
4.340000e-06	4.722836e-06	1.290918e-09	3.281042e+01	8.174991e+01
4.350000e-06	4.697874e-06	1.259705e-09	3.263700e+01	8.165291e+01
4.360000e-06	4.672539e-06	1.243006e-09	3.246100e+01	8.155423e+01
4.370000e-06	4.646812e-06	1.276229e-09	3.228226e+01	8.145358e+01
4.380000e-06	4.620804e-06	1.259706e-09	3.210158e+01	8.135067e+01
4.390000e-06	4.594587e-06	1.240757e-09	3.191945e+01	8.124522e+01
4.400000e-06	4.568062e-06	1.261354e-09	3.173517e+01	8.113694e+01
4.410000e-06	4.541161e-06	1.252523e-09	3.154829e+01	8.102558e+01
4.420000e-06	4.513967e-06	1.221059e-09	3.135937e+01	8.091088e+01
4.430000e-06	4.486448e-06	1.233846e-09	3.116819e+01	8.079260e+01
4.440000e-06	4.458613e-06	1.251774e-09	3.097481e+01	8.067054e+01
4.450000e-06	4.430612e-06	1.243017e-09	3.078028e+01	8.054449e+01
4.460000e-06	4.402429e-06	1.240813e-09	3.058449e+01	8.041430e+01
4.470000e-06	4.374062e-06	1.246057e-09	3.038742e+01	8.027982e+01
4.480000e-06	4.345502e-06	1.236627e-09	3.018901e+01	8.014096e+01
4.490000e-06	4.316553e-06	1.228147e-09	2.998790e+01	7.999763e+01
4.500000e-06	4.287071e-06	1.229648e-09	2.978308e+01	7.984980e+01
4.510000e-06	4.257123e-06	1.224765e-09	2.957502e+01	7.969744e+01
4.520000e-06	4.226619e-06	1.222128e-09	2.936311e+01	7.954059e+01
4.530000e-06	4.195497e-06	1.231409e-09	2.914689e+01	7.937929e+01
4.540000e-06	4.163920e-06	1.241009e-09	2.892753e+01	7.921364e+01
4.550000e-06	4.132081e-06	1.236639e-09	2.870634e+01	7.904376e+01
4.560000e-06	4.100072e-06	1.233394e-09	2.848396e+01	7.886978e+01
4.570000e-06	4.067926e-06	1.230406e-09	2.826064e+01	7.869189e+01
4.580000e-06	4.035688e-06	1.223491e-09	2.803667e+01	7.851028e+01
4.590000e-06	4.003290e-06	1.220406e-09	2.781160e+01	7.832517e+01
4.600000e-06	3.970543e-06	1.227460e-09	2.758410e+01	7.813681e+01
4.610000e-06	3.937465e-06	1.225468e-09	2.735430e+01	7.794544e+01
4.620000e-06	3.904120e-06	1.222458e-09	2.712265e+01	7.775134e+01
4.630000e-06	3.870495e-06	1.225711e-09	2.688905e+01	7.755477e+01
4.640000e-06	3.836593e-06	1.225217e-09	2.665353e+01	7.735601e+01
4.650000e-06	3.802436e-06	1.215536e-09	2.641623e+01	7.715534e+01
4.660000e-06	3.768135e-06	1.214619e-09	2.617793e+01	7.695303e+01
4.670000e-06	3.733581e-06	1.214603e-09	2.593788e+01	7.674935e+01
4.680000e-06	3.698689e-06	1.210612e-09	2.569548e+01	7.654453e+01
4.690000e-06	3.663566e-06	1.211471e-09	2.545147e+01	7.633882e+01
4.700000e-06	3.628184e-06	1.215714e-09	2.520567e+01	7.613241e+01
4.710000e-06	3.592516e-06	1.210053e-09	2.495788e+01	7.592551e+01
4.720000e-06	3.556645e-06	1.204424e-09	2.470867e+01	7.571825e+01
4.730000e-06	3.520623e-06	1.205798e-09	2.445842e+01	7.551077e+01
4.740000e-06	3.484529e-06	1.203444e-09	2.420767e+01	7.530316e+01
4.750000e-06	3.448311e-06	1.196293e-09	2.395605e+01	7.509547e+01
4.760000e-06	3.411862e-06	1.193473e-09	2.370284e+01	7.488772e+01
4.770000e-06	3.375198e-06	1.192867e-09	2.344813e+01	7.467987e+01
4.780000e-06	3.338381e-06	1.187928e-09	2.319235e+01	7.447187e+01
4.790000e-06	3.301250e-06	1.186726e-09	2.293440e+01	7.426360e+01
4.800000e-06	3.263615e-06	1.190301e-09	2.267294e+01	7.405492e+01
4.810000e-06	3.225577e-06	1.187541e-09	2.240868e+01	7.384563e+01
4.820000e-06	3.187090e-06	1.183292e-09	2.214130e+01	7.363549e+01
4.830000e-06	3.148163e-06	1.185361e-09	2.187087e+01	7.342425e+01
4.840000e-06	3.108954e-06	1.183491e-09	2.159848e+01	7.321159e+01
4.850000e-06	3.069448e-06	1.177543e-09	2.132403e+01	7.299717e+01
4.860000e-06	3.029728e-06	1.174507e-09	2.104809e+01	7.278061e+01
4.870000e-06	2.989869e-06	1.173772e-09	2.077117e+01	7.256151e+01
4.880000e-06	2.949837e-06	1.169204e-09	2.049306e+01	7.233944e+01
4.890000e-06	2.909684e-06	1.167421e-09	2.021411e+01	7.211396e+01
4.900000e-06	2.869470e-06	1.164777e-09	1.993474e+01	7.188460e+01
4.910000e-06	2.829120e-06	1.159658e-09	1.965442e+01	7.165088e+01
4.920000e-06	2.788662e-06	1.154767e-09	1.937335e+01	7.141232e+01
4.930000e-06	2.748060e-06	1.156006e-09	1.909128e+01	7.116842e+01
4.940000e-06	2.707226e-06	1.158671e-09	1.880760e+01	7.091869e+01
4.950000e-06	2.666122e-06	1.158095e-09	1.852204e+01	7.066266e+01
4.960000e-06	2.624761e-06	1.156382e-09	1.823470e+01	7.039985e+01
4.970000e-06	2.583239e-06	1.152610e-09	1.794624e+01	7.012981e+01
4.980000e-06	2.541577e-06	1.145752e-09	1.765681e+01	6.985208e+01
4.990000e-06	2.499737e-06	1.142276e-09	1.736614e+01	6.956625e+01
5.000000e-06	2.457700e-06	1.141154e-09	1.707410e+01	6.927193e+01
5.010000e-06	2.415506e-06	1.139230e-09	1.678097e+01	6.896875e+01
5.020000e-06	2.373207e-06	1.137188e-09	1.648711e+01	6.865637e+01
5.030000e-06	2.330821e-06	1.136411e-09	1.619264e+01	6.833450e+01
5.040000e-06	2.288235e-06	1.133523e-09	1.589680e+01	6.800286e+01
5.050000e-06	2.245402e-06	1.127302e-09	1.559922e+01	6.766123e+01
5.060000e-06	2.202355e-06	1.122169e-09	1.530017e+01	6.730940e+01
5.070000e-06	2.159149e-06	1.119391e-09	1.500001e+01	6.694720e+01
5.080000e-06	2.115816e-06	1.116626e-09	1.469897e+01	6.657452e+01
5.090000e-06	2.072290e-06	1.113306e-09	1.439659e+01	6.619125e+01
5.100000e-06	2.028602e-06	1.108309e-09	1.409308e+01	6.579732e+01
5.110000e-06	1.984844e-06	1.099019e-09	1.378908e+01	6.539270e+01
5.120000e-06	1.941029e-06	1.088820e-09	1.348469e+01	6.497737e+01
5.130000e-06	1.897143e-06	1.083494e-09	1.317980e+01	6.455134e+01
5.140000e-06	1.853153e-06	1.081126e-09	1.287420e+01	6.411462e+01
5.150000e-06	1.809136e-06	1.077815e-09	1.256840e+01	6.366725e+01
5.160000e-06	1.765080e-06	1.073556e-09	1.226234e+01	6.320927e+01
5.170000e-06	1.720932e-06	1.069297e-09	1.195563e+01	6.274072e+01
5.180000e-06	1.676714e-06	1.063562e-09	1.164844e+01	6.226163e+01
5.190000e-06	1.632436e-06	1.054546e-09	1.134084e+01	6.177202e+01
5.200000e-06	1.588089e-06	1.045511e-09	1.103275e+01	6.127190e+01
5.210000e-06	1.543642e-06	1.034120e-09	1.072396e+01	6.076124e+01
5.220000e-06	1.499090e-06	1.023038e-09	1.041446e+01	6.024001e+01
5.230000e-06	1.454437e-06	1.016146e-09	1.010425e+01	5.970812e+01
5.240000e-06	1.409669e-06	1.011600e-09	9.793232e+00	5.916545e+01
5.250000e-06	1.364766e-06	1.008288e-09	9.481285e+00	5.861182e+01
5.260000e-06	1.319783e-06	1.006924e-09	9.168776e+00	5.804700e+01
5.270000e-06	1.274740e-06	1.002464e-09	8.855855e+00	5.747073e+01
5.280000e-06	1.229592e-06	9.942031e-10	8.542204e+00	5.688266e+01
5.290000e-06	1.184293e-06	9.840860e-10	8.227507e+00	5.628238e+01
5.300000e-06	1.138850e-06	9.702096e-10	7.911804e+00	5.566944e+01
5.310000e-06	1.093306e-06	9.548242e-10	7.595401e+00	5.504327e+01
5.320000e-06	1.047641e-06	9.452276e-10	7.278160e+00	5.440329e+01
5.330000e-06	1.001925e-06	9.409979e-10	6.960558e+00	5.374880e+01
5.340000e-06	9.561688e-07	9.371432e-10	6.642682e+00	5.307906e+01
5.350000e-06	9.102576e-07	9.298966e-10	6.323729e+00	5.239325e+01
5.360000e-06	8.642421e-07	9.191359e-10	6.004051e+00	5.169049e+01
5.370000e-06	8.181411e-07	9.051283e-10	5.683779e+00	5.096981e+01
5.380000e-06	7.719895e-07	8.898413e-10	5.363154e+00	5.023023e+01
5.390000e-06	7.258075e-07	8.734186e-10	5.042320e+00	4.947067e+01
5.400000e-06	6.795725e-07	8.599908e-10	4.721117e+00	4.869004e+01
5.410000e-06	6.333240e-07	8.535978e-10	4.399819e+00	4.788717e+01
5.420000e-06	5.870540e-07	8.496461e-10	4.078373e+00	4.706088e+01
5.430000e-06	5.406821e-07	8.413679e-10	3.756219e+00	4.620997e+01
5.440000e-06	4.941902e-07	8.240072e-10	3.433231e+00	4.533322e+01
5.450000e-06	4.477403e-07	8.045704e-10	3.110535e+00	4.442938e+01
5.460000e-06	4.012684e-07	7.877511e-10	2.787686e+00	4.349725e+01
5.470000e-06	3.547716e-07	7.719596e-10	2.464665e+00	4.253561e+01
5.480000e-06	3.083409e-07	7.570418e-10	2.142101e+00	4.154327e+01
5.490000e-06	2.618767e-07	7.424296e-10	1.819306e+00	4.051909e+01
5.500000e-06	2.153899e-07	7.249232e-10	1.496354e+00	3.946198e+01
5.510000e-06	1.688537e-07	7.036507e-10	1.173058e+00	3.837091e+01
5.520000e-06	1.223331e-07	6.807026e-10	8.498708e-01	3.724491e+01
5.530000e-06	7.586667e-08	6.579631e-10	5.270599e-01	3.608311e+01
5.540000e-06	2.932371e-08	6.356409e-10	2.037173e-01	3.488474e+01
5.550000e-06	-1.724883e-08	6.179884e-10	-1.198308e-01	3.364913e+01
5.560000e-06	-6.374476e-08	6.022081e-10	-4.428467e-01	3.237572e+01
5.570000e-06	-1.102525e-07	5.797038e-10	-7.659448e-01	3.106409e+01
5.580000e-06	-1.567193e-07	5.511914e-10	-1.088758e+00	2.971395e+01
5.590000e-06	-2.031818e-07	5.214913e-10	-1.411542e+00	2.832517e+01
5.600000e-06	-2.497126e-07	4.936077e-10	-1.734800e+00	2.689775e+01
5.610000e-06	-2.961383e-07	4.704309e-10	-2.057328e+00	2.543186e+01
5.620000e-06	-3.425253e-07	4.491552e-10	-2.379587e+00	2.392784e+01
5.630000e-06	-3.889525e-07	4.270652e-10	-2.702126e+00	2.238619e+01
5.640000e-06	-4.353530e-07	4.014421e-10	-3.024478e+00	2.080757e+01
5.650000e-06	-4.817313e-07	3.691677e-10	-3.346677e+00	1.919285e+01
5.660000e-06	-5.280719e-07	3.336301e-10	-3.668614e+00	1.754304e+01
5.670000e-06	-5.743430e-07	2.999209e-10	-3.990068e+00	1.585933e+01
5.680000e-06	-6.206045e-07	2.723238e-10	-4.311455e+00	1.414308e+01
5.690000e-06	-6.668462e-07	2.460623e-10	-4.632705e+00	1.239582e+01
5.700000e-06	-7.130041e-07	2.165584e-10	-4.953372e+00	1.061926e+01
5.710000e-06	-7.591074e-07	1.849514e-10	-5.273660e+00	8.815226e+00
5.720000e-06	-8.052046e-07	1.536864e-10	-5.593906e+00	6.985722e+00
5.730000e-06	-8.511958e-07	1.208881e-10	-5.913415e+00	5.132885e+00
5.740000e-06	-8.971063e-07	8.833328e-11	-6.232364e+00	3.258978e+00
5.750000e-06	-9.429958e-07	5.632688e-11	-6.551167e+00	1.366387e+00
5.760000e-06	-9.887930e-07	2.480954e-11	-6.869329e+00	-5.423959e-01
5.770000e-06	-1.034477e-06	-6.143287e-12	-7.186706e+00	-2.464784e+00
5.780000e-06	-1.080123e-06	-3.783929e-11	-7.503815e+00	-4.398110e+00
5.790000e-06	-1.125731e-06	-6.867714e-11	-7.820663e+00	-6.339637e+00
5.800000e-06	-1.171251e-06	-9.833563e-11	-8.136901e+00	-8.286580e+00
5.810000e-06	-1.216575e-06	-1.317824e-10	-8.451770e+00	-1.023611e+01
5.820000e-06	-1.261707e-06	-1.679324e-10	-8.765315e+00	-1.218539e+01
5.830000e-06	-1.306799e-06	-2.035855e-10	-9.078576e+00	-1.413157e+01
5.840000e-06	-1.351799e-06	-2.382680e-10	-9.391199e+00	-1.607179e+01
5.850000e-06	-1.396652e-06	-2.719574e-10	-9.702802e+00	-1.800325e+01
5.860000e-06	-1.441342e-06	-3.038298e-10	-1.001327e+01	-1.992318e+01
5.870000e-06	-1.485884e-06	-3.335124e-10	-1.032271e+01	-2.182884e+01
5.880000e-06	-1.530386e-06	-3.618444e-10	-1.063187e+01	-2.371761e+01
5.890000e-06	-1.574871e-06	-3.899032e-10	-1.094092e+01	-2.558691e+01
5.900000e-06	-1.619252e-06	-4.205195e-10	-1.124924e+01	-2.743428e+01
5.910000e-06	-1.663523e-06	-4.521352e-10	-1.155680e+01	-2.925737e+01
5.920000e-06	-1.707729e-06	-4.839593e-10	-1.186391e+01	-3.105395e+01
5.930000e-06	-1.751909e-06	-5.158086e-10	-1.217083e+01	-3.282193e+01
5.940000e-06	-1.795999e-06	-5.460280e-10	-1.247714e+01	-3.455936e+01
5.950000e-06	-1.839975e-06	-5.715128e-10	-1.278265e+01	-3.626443e+01
5.960000e-06	-1.883882e-06	-5.967847e-10	-1.308768e+01	-3.793550e+01
5.970000e-06	-1.927748e-06	-6.245188e-10	-1.339242e+01	-3.957111e+01
5.980000e-06	-1.971552e-06	-6.545221e-10	-1.369674e+01	-4.116995e+01
5.990000e-06	-2.015278e-06	-6.844315e-10	-1.400051e+01	-4.273088e+01
6.000000e-06	-2.058911e-06	-7.114403e-10	-1.430364e+01	-4.425295e+01
6.010000e-06	-2.102342e-06	-7.374800e-10	-1.460536e+01	-4.573538e+01
6.020000e-06	-2.145590e-06	-7.629358e-10	-1.490581e+01	-4.717756e+01
6.030000e-06	-2.188693e-06	-7.858411e-10	-1.520525e+01	-4.857907e+01
6.040000e-06	-2.231672e-06	-8.068180e-10	-1.550384e+01	-4.993965e+01
6.050000e-06	-2.274490e-06	-8.295600e-10	-1.580130e+01	-5.125920e+01
6.060000e-06	-2.317033e-06	-8.497648e-10	-1.609686e+01	-5.253779e+01
6.070000e-06	-2.359388e-06	-8.678330e-10	-1.639110e+01	-5.377564e+01
6.080000e-06	-2.401607e-06	-8.887654e-10	-1.668441e+01	-5.497311e+01
6.090000e-06	-2.443615e-06	-9.102990e-10	-1.697625e+01	-5.613071e+01
6.100000e-06	-2.485429e-06	-9.322161e-10	-1.726674e+01	-5.724908e+01
6.110000e-06	-2.527088e-06	-9.547796e-10	-1.755615e+01	-5.832896e+01
6.120000e-06	-2.568570e-06	-9.791611e-10	-1.784433e+01	-5.937121e+01
6.130000e-06	-2.609889e-06	-1.001256e-09	-1.813138e+01	-6.037679e+01
6.140000e-06	-2.651020e-06	-1.017024e-09	-1.841713e+01	-6.134673e+01
6.150000e-06	-2.692051e-06	-1.028781e-09	-1.870218e+01	-6.228215e+01
6.160000e-06	-2.733008e-06	-1.039425e-09	-1.898672e+01	-6.318421e+01
6.170000e-06	-2.773670e-06	-1.052844e-09	-1.926920e+01	-6.405413e+01
6.180000e-06	-2.814092e-06	-1.068986e-09	-1.955002e+01	-6.489317e+01
6.190000e-06	-2.854449e-06	-1.084466e-09	-1.983039e+01	-6.570261e+01
6.200000e-06	-2.894684e-06	-1.102040e-09	-2.010991e+01	-6.648374e+01
6.210000e-06	-2.934750e-06	-1.119390e-09	-2.038825e+01	-6.723786e+01
6.220000e-06	-2.974643e-06	-1.135365e-09	-2.066540e+01	-6.796623e+01
6.230000e-06	-3.014357e-06	-1.148220e-09	-2.094130e+01	-6.867015e+01
6.240000e-06	-3.053940e-06	-1.158166e-09	-2.121629e+01	-6.935082e+01
6.250000e-06	-3.093368e-06	-1.167048e-09	-2.149020e+01	-7.000946e+01
6.260000e-06	-3.132502e-06	-1.175168e-09	-2.176207e+01	-7.064722e+01
6.270000e-06	-3.171287e-06	-1.185789e-09	-2.203152e+01	-7.126520e+01
6.280000e-06	-3.209835e-06	-1.195916e-09	-2.229932e+01	-7.186444e+01
6.290000e-06	-3.248012e-06	-1.206929e-09	-2.256455e+01	-7.244591e+01
6.300000e-06	-3.285652e-06	-1.217250e-09	-2.282603e+01	-7.301052e+01
6.310000e-06	-3.322954e-06	-1.228080e-09	-2.308518e+01	-7.355912e+01
6.320000e-06	-3.359918e-06	-1.238990e-09	-2.334198e+01	-7.409246e+01
6.330000e-06	-3.396572e-06	-1.247671e-09	-2.359662e+01	-7.461124e+01
6.340000e-06	-3.433014e-06	-1.252944e-09	-2.384979e+01	-7.511607e+01
6.350000e-06	-3.469269e-06	-1.255768e-09	-2.410165e+01	-7.560748e+01
6.360000e-06	-3.505398e-06	-1.257871e-09	-2.435265e+01	-7.608594e+01
6.370000e-06	-3.541403e-06	-1.262344e-09	-2.460278e+01	-7.655184e+01
6.380000e-06	-3.577175e-06	-1.272067e-09	-2.485130e+01	-7.700551e+01
6.390000e-06	-3.612599e-06	-1.282036e-09	-2.509740e+01	-7.744721e+01
6.400000e-06	-3.647862e-06	-1.291910e-09	-2.534237e+01	-7.787712e+01
6.410000e-06	-3.682936e-06	-1.303370e-09	-2.558604e+01	-7.829541e+01
6.420000e-06	-3.717629e-06	-1.311094e-09	-2.582706e+01	-7.870216e+01
6.430000e-06	-3.752040e-06	-1.315732e-09	-2.606612e+01	-7.909742e+01
6.440000e-06	-3.786240e-06	-1.320032e-09	-2.630371e+01	-7.948120e+01
6.450000e-06	-3.820265e-06	-1.324495e-09	-2.654009e+01	-7.985348e+01
6.460000e-06	-3.854082e-06	-1.328247e-09	-2.677503e+01	-8.021422e+01
6.470000e-06	-3.887597e-06	-1.332423e-09	-2.700786e+01	-8.056334e+01
6.480000e-06	-3.920802e-06	-1.338717e-09	-2.723854e+01	-8.090077e+01
6.490000e-06	-3.953699e-06	-1.343775e-09	-2.746708e+01	-8.122644e+01
6.500000e-06	-3.986288e-06	-1.350446e-09	-2.769348e+01	-8.154025e+01
6.510000e-06	-4.018598e-06	-1.356552e-09	-2.791795e+01	-8.184213e+01
6.520000e-06	-4.050710e-06	-1.359237e-09	-2.814103e+01	-8.213201e+01
6.530000e-06	-4.082680e-06	-1.360428e-09	-2.836313e+01	-8.240986e+01
6.540000e-06	-4.114417e-06	-1.363382e-09	-2.858362e+01	-8.267564e+01
6.550000e-06	-4.145952e-06	-1.366555e-09	-2.880270e+01	-8.292936e+01
6.560000e-06	-4.177248e-06	-1.368575e-09	-2.902012e+01	-8.317106e+01
6.570000e-06	-4.208008e-06	-1.370268e-09	-2.923381e+01	-8.340079e+01
6.580000e-06	-4.238229e-06	-1.372105e-09	-2.944377e+01	-8.361867e+01
6.590000e-06	-4.267976e-06	-1.372328e-09	-2.965042e+01	-8.382483e+01
6.600000e-06	-4.297236e-06	-1.372395e-09	-2.985370e+01	-8.401945e+01
6.610000e-06	-4.326108e-06	-1.373595e-09	-3.005428e+01	-8.420275e+01
6.620000e-06	-4.354655e-06	-1.375238e-09	-3.025260e+01	-8.437499e+01
6.630000e-06	-4.382941e-06	-1.380237e-09	-3.044910e+01	-8.453648e+01
6.640000e-06	-4.411054e-06	-1.385092e-09	-3.064441e+01	-8.468754e+01
6.650000e-06	-4.438994e-06	-1.386491e-09	-3.083852e+01	-8.482856e+01
6.660000e-06	-4.466688e-06	-1.386548e-09	-3.103092e+01	-8.495993e+01
6.670000e-06	-4.494071e-06	-1.385078e-09	-3.122115e+01	-8.508211e+01
6.680000e-06	-4.521122e-06	-1.382061e-09	-3.140907e+01	-8.519554e+01
6.690000e-06	-4.547830e-06	-1.380248e-09	-3.159462e+01	-8.530073e+01
6.700000e-06	-4.574156e-06	-1.381215e-09	-3.177751e+01	-8.539818e+01
6.710000e-06	-4.600146e-06	-1.384858e-09	-3.195807e+01	-8.548842e+01
6.720000e-06	-4.625887e-06	-1.390682e-09	-3.213690e+01	-8.557199e+01
6.730000e-06	-4.651303e-06	-1.395637e-09	-3.231346e+01	-8.564942e+01
6.740000e-06	-4.676342e-06	-1.396984e-09	-3.248742e+01	-8.572127e+01
6.750000e-06	-4.701108e-06	-1.395270e-09	-3.265947e+01	-8.578807e+01
6.760000e-06	-4.725640e-06	-1.392554e-09	-3.282990e+01	-8.585035e+01
6.770000e-06	-4.749942e-06	-1.390801e-09	-3.299873e+01	-8.590864e+01
6.780000e-06	-4.774048e-06	-1.391441e-09	-3.316620e+01	-8.596345e+01
6.790000e-06	-4.797903e-06	-1.393492e-09	-3.333192e+01	-8.601524e+01
6.800000e-06	-4.821436e-06	-1.394551e-09	-3.349542e+01	-8.606448e+01
6.810000e-06	-4.844606e-06	-1.394771e-09	-3.365638e+01	-8.611160e+01
6.820000e-06	-4.867376e-06	-1.394548e-09	-3.381457e+01	-8.615699e+01
6.830000e-06	-4.889632e-06	-1.395194e-09	-3.396918e+01	-8.620101e+01
6.840000e-06	-4.911233e-06	-1.395907e-09	-3.411925e+01	-8.624398e+01
6.850000e-06	-4.932182e-06	-1.395901e-09	-3.426479e+01	-8.628618e+01
6.860000e-06	-4.952741e-06	-1.396020e-09	-3.440761e+01	-8.632786e+01
6.870000e-06	-4.973103e-06	-1.395314e-09	-3.454907e+01	-8.636920e+01
6.880000e-06	-4.993211e-06	-1.395295e-09	-3.468877e+01	-8.641038e+01
6.890000e-06	-5.013053e-06	-1.396228e-09	-3.482661e+01	-8.645150e+01
6.900000e-06	-5.032549e-06	-1.396486e-09	-3.496205e+01	-8.649262e+01
6.910000e-06	-5.051635e-06	-1.396786e-09	-3.509465e+01	-8.653379e+01
6.920000e-06	-5.070402e-06	-1.398357e-09	-3.522503e+01	-8.657500e+01
6.930000e-06	-5.088880e-06	-1.400494e-09	-3.535340e+01	-8.661619e+01
6.940000e-06	-5.107074e-06	-1.401698e-09	-3.547979e+01	-8.665728e+01
6.950000e-06	-5.124980e-06	-1.400368e-09	-3.560419e+01	-8.669816e+01
6.960000e-06	-5.142492e-06	-1.395471e-09	-3.572585e+01	-8.673870e+01
6.970000e-06	-5.159558e-06	-1.390961e-09	-3.584441e+01	-8.677870e+01
6.980000e-06	-5.176284e-06	-1.389939e-09	-3.596061e+01	-8.681800e+01
6.990000e-06	-5.192759e-06	-1.393425e-09	-3.607506e+01	-8.685637e+01
7.000000e-06	-5.208963e-06	-1.399067e-09	-3.618764e+01	-8.689360e+01
7.010000e-06	-5.224945e-06	-1.401901e-09	-3.629867e+01	-8.692945e+01
7.020000e-06	-5.240649e-06	-1.401296e-09	-3.640776e+01	-8.696368e+01
7.030000e-06	-5.255945e-06	-1.396289e-09	-3.651403e+01	-8.699604e+01
7.040000e-06	-5.270605e-06	-1.390052e-09	-3.661588e+01	-8.702631e+01
7.050000e-06	-5.284602e-06	-1.387326e-09	-3.671312e+01	-8.705425e+01
7.060000e-06	-5.297951e-06	-1.387087e-09	-3.680585e+01	-8.707963e+01
7.070000e-06	-5.310704e-06	-1.387980e-09	-3.689445e+01	-8.710225e+01
7.080000e-06	-5.323119e-06	-1.388486e-09	-3.698070e+01	-8.712190e+01
7.090000e-06	-5.335278e-06	-1.386587e-09	-3.706517e+01	-8.713843e+01
7.100000e-06	-5.347083e-06	-1.382315e-09	-3.714718e+01	-8.715167e+01
7.110000e-06	-5.358378e-06	-1.377450e-09	-3.722565e+01	-8.716151e+01
7.120000e-06	-5.369238e-06	-1.373256e-09	-3.730109e+01	-8.716784e+01
7.130000e-06	-5.379768e-06	-1.370652e-09	-3.737425e+01	-8.717059e+01
7.140000e-06	-5.389984e-06	-1.370749e-09	-3.744522e+01	-8.716972e+01
7.150000e-06	-5.399867e-06	-1.374801e-09	-3.751388e+01	-8.716521e+01
7.160000e-06	-5.409407e-06	-1.378395e-09	-3.758015e+01	-8.715708e+01
7.170000e-06	-5.418572e-06	-1.374500e-09	-3.764383e+01	-8.714538e+01
7.180000e-06	-5.427313e-06	-1.367267e-09	-3.770455e+01	-8.713017e+01
7.190000e-06	-5.435709e-06	-1.361426e-09	-3.776288e+01	-8.711158e+01
7.200000e-06	-5.443884e-06	-1.358559e-09	-3.781967e+01	-8.708971e+01
7.210000e-06	-5.451866e-06	-1.359488e-09	-3.787513e+01	-8.706473e+01
7.220000e-06	-5.459549e-06	-1.361192e-09	-3.792850e+01	-8.703681e+01
7.230000e-06	-5.466808e-06	-1.362882e-09	-3.797893e+01	-8.700614e+01
7.240000e-06	-5.473523e-06	-1.365241e-09	-3.802558e+01	-8.697293e+01
7.250000e-06	-5.479582e-06	-1.365440e-09	-3.806767e+01	-8.693742e+01
7.260000e-06	-5.484996e-06	-1.362317e-09	-3.810529e+01	-8.689984e+01
7.270000e-06	-5.489866e-06	-1.357542e-09	-3.813912e+01	-8.686042e+01
7.280000e-06	-5.494378e-06	-1.351212e-09	-3.817046e+01	-8.681943e+01
7.290000e-06	-5.498692e-06	-1.346891e-09	-3.820044e+01	-8.677710e+01
7.300000e-06	-5.502779e-06	-1.345545e-09	-3.822883e+01	-8.673369e+01
7.310000e-06	-5.506491e-06	-1.347243e-09	-3.825462e+01	-8.668942e+01
7.320000e-06	-5.509817e-06	-1.349831e-09	-3.827772e+01	-8.664455e+01
7.330000e-06	-5.512804e-06	-1.351309e-09	-3.829847e+01	-8.659927e+01
7.340000e-06	-5.515369e-06	-1.350940e-09	-3.831629e+01	-8.655381e+01
7.350000e-06	-5.517558e-06	-1.348284e-09	-3.833150e+01	-8.650834e+01
7.360000e-06	-5.519510e-06	-1.342717e-09	-3.834506e+01	-8.646302e+01
7.370000e-06	-5.521108e-06	-1.337507e-09	-3.835616e+01	-8.641802e+01
7.380000e-06	-5.522210e-06	-1.335417e-09	-3.836382e+01	-8.637343e+01
7.390000e-06	-5.522970e-06	-1.334098e-09	-3.836910e+01	-8.632936e+01
7.400000e-06	-5.523458e-06	-1.335054e-09	-3.837249e+01	-8.628588e+01
