# Temperatura_=_11.1
# Concentracion g/m^3_=_1620.0
# C_Vs_to_Am_M_A/Vsm_=_65563218390.804596
# pendiente_HvsI_1/m_=_3716.3
# ordenada_HvsI_A/m_=_1297.0
# frecuencia_Hz_=_135107.19942333922

Tiempo_(s)	Campo_(V.s)	Magnetizacion_(V.s)	Campo_(kA/m)	Magnetizacion_(A/m)
0.000000e+00	-5.513468e-06	-1.211367e-09	-3.836523e+01	-7.893453e+01
1.000000e-08	-5.513801e-06	-1.210110e-09	-3.836755e+01	-7.889516e+01
2.000000e-08	-5.513862e-06	-1.207000e-09	-3.836797e+01	-7.885477e+01
3.000000e-08	-5.513507e-06	-1.204795e-09	-3.836551e+01	-7.881341e+01
4.000000e-08	-5.512607e-06	-1.204105e-09	-3.835924e+01	-7.877114e+01
5.000000e-08	-5.511128e-06	-1.204072e-09	-3.834895e+01	-7.872797e+01
6.000000e-08	-5.509055e-06	-1.204470e-09	-3.833452e+01	-7.868392e+01
7.000000e-08	-5.506413e-06	-1.207836e-09	-3.831614e+01	-7.863897e+01
8.000000e-08	-5.503319e-06	-1.207408e-09	-3.829461e+01	-7.859312e+01
9.000000e-08	-5.499801e-06	-1.199055e-09	-3.827013e+01	-7.854632e+01
1.000000e-07	-5.495871e-06	-1.197791e-09	-3.824278e+01	-7.849853e+01
1.100000e-07	-5.491534e-06	-1.196673e-09	-3.821261e+01	-7.844969e+01
1.200000e-07	-5.486897e-06	-1.194919e-09	-3.818034e+01	-7.839970e+01
1.300000e-07	-5.482077e-06	-1.217579e-09	-3.814680e+01	-7.834849e+01
1.400000e-07	-5.476980e-06	-1.213133e-09	-3.811133e+01	-7.829594e+01
1.500000e-07	-5.471463e-06	-1.205639e-09	-3.807294e+01	-7.824194e+01
1.600000e-07	-5.465573e-06	-1.188476e-09	-3.803196e+01	-7.818636e+01
1.700000e-07	-5.459366e-06	-1.190579e-09	-3.798876e+01	-7.812906e+01
1.800000e-07	-5.452654e-06	-1.201828e-09	-3.794206e+01	-7.806989e+01
1.900000e-07	-5.445448e-06	-1.172208e-09	-3.789192e+01	-7.800868e+01
2.000000e-07	-5.437988e-06	-1.170511e-09	-3.784001e+01	-7.794529e+01
2.100000e-07	-5.430371e-06	-1.196552e-09	-3.778700e+01	-7.787952e+01
2.200000e-07	-5.422440e-06	-1.240556e-09	-3.773181e+01	-7.781121e+01
2.300000e-07	-5.414148e-06	-1.212829e-09	-3.767412e+01	-7.774017e+01
2.400000e-07	-5.405445e-06	-1.181460e-09	-3.761356e+01	-7.766622e+01
2.500000e-07	-5.396051e-06	-1.187197e-09	-3.754819e+01	-7.758917e+01
2.600000e-07	-5.385874e-06	-1.215447e-09	-3.747737e+01	-7.750884e+01
2.700000e-07	-5.375094e-06	-1.205732e-09	-3.740236e+01	-7.742504e+01
2.800000e-07	-5.363958e-06	-1.184994e-09	-3.732487e+01	-7.733758e+01
2.900000e-07	-5.352489e-06	-1.186304e-09	-3.724506e+01	-7.724630e+01
3.000000e-07	-5.340630e-06	-1.202471e-09	-3.716254e+01	-7.715101e+01
3.100000e-07	-5.328367e-06	-1.194088e-09	-3.707722e+01	-7.705156e+01
3.200000e-07	-5.315747e-06	-1.176814e-09	-3.698940e+01	-7.694778e+01
3.300000e-07	-5.302749e-06	-1.186633e-09	-3.689895e+01	-7.683952e+01
3.400000e-07	-5.289311e-06	-1.200722e-09	-3.680544e+01	-7.672664e+01
3.500000e-07	-5.275421e-06	-1.191134e-09	-3.670879e+01	-7.660903e+01
3.600000e-07	-5.261079e-06	-1.167081e-09	-3.660900e+01	-7.648655e+01
3.700000e-07	-5.246267e-06	-1.177920e-09	-3.650592e+01	-7.635912e+01
3.800000e-07	-5.231121e-06	-1.188853e-09	-3.640053e+01	-7.622664e+01
3.900000e-07	-5.215393e-06	-1.174525e-09	-3.629109e+01	-7.608905e+01
4.000000e-07	-5.199016e-06	-1.156875e-09	-3.617713e+01	-7.594628e+01
4.100000e-07	-5.182406e-06	-1.172115e-09	-3.606155e+01	-7.579829e+01
4.200000e-07	-5.165520e-06	-1.168598e-09	-3.594405e+01	-7.564507e+01
4.300000e-07	-5.148179e-06	-1.150806e-09	-3.582338e+01	-7.548661e+01
4.400000e-07	-5.130489e-06	-1.154135e-09	-3.570029e+01	-7.532292e+01
4.500000e-07	-5.112503e-06	-1.168327e-09	-3.557513e+01	-7.515403e+01
4.600000e-07	-5.094072e-06	-1.136888e-09	-3.544688e+01	-7.497999e+01
4.700000e-07	-5.075182e-06	-1.127900e-09	-3.531544e+01	-7.480085e+01
4.800000e-07	-5.056012e-06	-1.150995e-09	-3.518204e+01	-7.461672e+01
4.900000e-07	-5.036683e-06	-1.145733e-09	-3.504755e+01	-7.442767e+01
5.000000e-07	-5.017128e-06	-1.119361e-09	-3.491147e+01	-7.423383e+01
5.100000e-07	-4.997315e-06	-1.138130e-09	-3.477360e+01	-7.403532e+01
5.200000e-07	-4.977216e-06	-1.139665e-09	-3.463374e+01	-7.383229e+01
5.300000e-07	-4.956761e-06	-1.109692e-09	-3.449141e+01	-7.362489e+01
5.400000e-07	-4.935962e-06	-1.115259e-09	-3.434668e+01	-7.341330e+01
5.500000e-07	-4.914864e-06	-1.133242e-09	-3.419987e+01	-7.319769e+01
5.600000e-07	-4.893375e-06	-1.102178e-09	-3.405034e+01	-7.297826e+01
5.700000e-07	-4.871494e-06	-1.094612e-09	-3.389809e+01	-7.275519e+01
5.800000e-07	-4.849258e-06	-1.124135e-09	-3.374335e+01	-7.252870e+01
5.900000e-07	-4.826590e-06	-1.111923e-09	-3.358562e+01	-7.229899e+01
6.000000e-07	-4.803505e-06	-1.089138e-09	-3.342499e+01	-7.206627e+01
6.100000e-07	-4.780210e-06	-1.107152e-09	-3.326289e+01	-7.183077e+01
6.200000e-07	-4.756765e-06	-1.106122e-09	-3.309975e+01	-7.159269e+01
6.300000e-07	-4.733150e-06	-1.082228e-09	-3.293542e+01	-7.135225e+01
6.400000e-07	-4.709343e-06	-1.095197e-09	-3.276976e+01	-7.110965e+01
6.500000e-07	-4.685178e-06	-1.100072e-09	-3.260161e+01	-7.086509e+01
6.600000e-07	-4.660487e-06	-1.077875e-09	-3.242980e+01	-7.061878e+01
6.700000e-07	-4.635234e-06	-1.075469e-09	-3.225408e+01	-7.037089e+01
6.800000e-07	-4.609490e-06	-1.082093e-09	-3.207494e+01	-7.012160e+01
6.900000e-07	-4.583203e-06	-1.063659e-09	-3.189203e+01	-6.987107e+01
7.000000e-07	-4.556401e-06	-1.062188e-09	-3.170552e+01	-6.961944e+01
7.100000e-07	-4.529278e-06	-1.069687e-09	-3.151679e+01	-6.936686e+01
7.200000e-07	-4.501937e-06	-1.055246e-09	-3.132654e+01	-6.911342e+01
7.300000e-07	-4.474388e-06	-1.045221e-09	-3.113484e+01	-6.885924e+01
7.400000e-07	-4.446640e-06	-1.054677e-09	-3.094176e+01	-6.860438e+01
7.500000e-07	-4.418678e-06	-1.043834e-09	-3.074719e+01	-6.834889e+01
7.600000e-07	-4.390452e-06	-1.036598e-09	-3.055077e+01	-6.809282e+01
7.700000e-07	-4.361929e-06	-1.046648e-09	-3.035229e+01	-6.783618e+01
7.800000e-07	-4.333079e-06	-1.044413e-09	-3.015155e+01	-6.757895e+01
7.900000e-07	-4.303896e-06	-1.029880e-09	-2.994847e+01	-6.732110e+01
8.000000e-07	-4.274396e-06	-1.029954e-09	-2.974320e+01	-6.706257e+01
8.100000e-07	-4.244567e-06	-1.018147e-09	-2.953564e+01	-6.680329e+01
8.200000e-07	-4.214441e-06	-9.963272e-10	-2.932601e+01	-6.654316e+01
8.300000e-07	-4.184085e-06	-9.954719e-10	-2.911478e+01	-6.628206e+01
8.400000e-07	-4.153422e-06	-1.002421e-09	-2.890141e+01	-6.601983e+01
8.500000e-07	-4.122428e-06	-9.932387e-10	-2.868574e+01	-6.575633e+01
8.600000e-07	-4.091299e-06	-9.902071e-10	-2.846913e+01	-6.549137e+01
8.700000e-07	-4.060025e-06	-9.939194e-10	-2.825151e+01	-6.522475e+01
8.800000e-07	-4.028520e-06	-9.831821e-10	-2.803229e+01	-6.495625e+01
8.900000e-07	-3.996834e-06	-9.708629e-10	-2.781180e+01	-6.468566e+01
9.000000e-07	-3.964998e-06	-9.672788e-10	-2.759027e+01	-6.441272e+01
9.100000e-07	-3.932807e-06	-9.566278e-10	-2.736627e+01	-6.413720e+01
9.200000e-07	-3.900027e-06	-9.433901e-10	-2.713817e+01	-6.385882e+01
9.300000e-07	-3.866772e-06	-9.455109e-10	-2.690677e+01	-6.357734e+01
9.400000e-07	-3.833149e-06	-9.461826e-10	-2.667280e+01	-6.329247e+01
9.500000e-07	-3.799136e-06	-9.357530e-10	-2.643613e+01	-6.300395e+01
9.600000e-07	-3.764709e-06	-9.302694e-10	-2.619657e+01	-6.271152e+01
9.700000e-07	-3.729975e-06	-9.253271e-10	-2.595487e+01	-6.241491e+01
9.800000e-07	-3.694986e-06	-9.107772e-10	-2.571140e+01	-6.211387e+01
9.900000e-07	-3.659700e-06	-9.028643e-10	-2.546587e+01	-6.180814e+01
1.000000e-06	-3.624239e-06	-9.049238e-10	-2.521911e+01	-6.149748e+01
1.010000e-06	-3.588667e-06	-9.051838e-10	-2.497159e+01	-6.118168e+01
1.020000e-06	-3.552940e-06	-9.007600e-10	-2.472298e+01	-6.086052e+01
1.030000e-06	-3.517032e-06	-9.000840e-10	-2.447312e+01	-6.053381e+01
1.040000e-06	-3.480937e-06	-8.924890e-10	-2.422195e+01	-6.020137e+01
1.050000e-06	-3.444491e-06	-8.814377e-10	-2.396834e+01	-5.986306e+01
1.060000e-06	-3.407681e-06	-8.731986e-10	-2.371220e+01	-5.951874e+01
1.070000e-06	-3.370678e-06	-8.678318e-10	-2.345472e+01	-5.916830e+01
1.080000e-06	-3.333440e-06	-8.603499e-10	-2.319560e+01	-5.881166e+01
1.090000e-06	-3.295966e-06	-8.588474e-10	-2.293484e+01	-5.844877e+01
1.100000e-06	-3.258323e-06	-8.596004e-10	-2.267290e+01	-5.807959e+01
1.110000e-06	-3.220449e-06	-8.535995e-10	-2.240936e+01	-5.770411e+01
1.120000e-06	-3.182326e-06	-8.440897e-10	-2.214408e+01	-5.732235e+01
1.130000e-06	-3.143981e-06	-8.362508e-10	-2.187726e+01	-5.693436e+01
1.140000e-06	-3.105420e-06	-8.257847e-10	-2.160894e+01	-5.654020e+01
1.150000e-06	-3.066638e-06	-8.149412e-10	-2.133907e+01	-5.613997e+01
1.160000e-06	-3.027646e-06	-8.095473e-10	-2.106775e+01	-5.573378e+01
1.170000e-06	-2.988520e-06	-8.063460e-10	-2.079549e+01	-5.532177e+01
1.180000e-06	-2.949241e-06	-7.998648e-10	-2.052217e+01	-5.490409e+01
1.190000e-06	-2.909795e-06	-7.940661e-10	-2.024768e+01	-5.448091e+01
1.200000e-06	-2.870230e-06	-7.869238e-10	-1.997237e+01	-5.405242e+01
1.210000e-06	-2.830557e-06	-7.755746e-10	-1.969631e+01	-5.361881e+01
1.220000e-06	-2.790742e-06	-7.658319e-10	-1.941926e+01	-5.318029e+01
1.230000e-06	-2.750671e-06	-7.595942e-10	-1.914043e+01	-5.273707e+01
1.240000e-06	-2.710351e-06	-7.524152e-10	-1.885986e+01	-5.228937e+01
1.250000e-06	-2.669869e-06	-7.444761e-10	-1.857817e+01	-5.183739e+01
1.260000e-06	-2.629195e-06	-7.408865e-10	-1.829514e+01	-5.138135e+01
1.270000e-06	-2.588268e-06	-7.379342e-10	-1.801035e+01	-5.092144e+01
1.280000e-06	-2.547026e-06	-7.329344e-10	-1.772337e+01	-5.045786e+01
1.290000e-06	-2.505557e-06	-7.261210e-10	-1.743482e+01	-4.999077e+01
1.300000e-06	-2.463814e-06	-7.182258e-10	-1.714434e+01	-4.952034e+01
1.310000e-06	-2.421666e-06	-7.059594e-10	-1.685106e+01	-4.904670e+01
1.320000e-06	-2.379273e-06	-6.962070e-10	-1.655607e+01	-4.856995e+01
1.330000e-06	-2.336633e-06	-6.891710e-10	-1.625936e+01	-4.809017e+01
1.340000e-06	-2.293710e-06	-6.831758e-10	-1.596068e+01	-4.760741e+01
1.350000e-06	-2.250584e-06	-6.779271e-10	-1.566059e+01	-4.712166e+01
1.360000e-06	-2.207299e-06	-6.730120e-10	-1.535939e+01	-4.663292e+01
1.370000e-06	-2.163870e-06	-6.666424e-10	-1.505720e+01	-4.614110e+01
1.380000e-06	-2.120339e-06	-6.572342e-10	-1.475429e+01	-4.564610e+01
1.390000e-06	-2.076788e-06	-6.457567e-10	-1.445124e+01	-4.514775e+01
1.400000e-06	-2.033201e-06	-6.353969e-10	-1.414794e+01	-4.464586e+01
1.410000e-06	-1.989534e-06	-6.258687e-10	-1.384408e+01	-4.414018e+01
1.420000e-06	-1.945747e-06	-6.181503e-10	-1.353940e+01	-4.363040e+01
1.430000e-06	-1.901859e-06	-6.127175e-10	-1.323400e+01	-4.311618e+01
1.440000e-06	-1.857896e-06	-6.043343e-10	-1.292809e+01	-4.259712e+01
1.450000e-06	-1.813776e-06	-5.954913e-10	-1.262108e+01	-4.207279e+01
1.460000e-06	-1.769418e-06	-5.889454e-10	-1.231242e+01	-4.154270e+01
1.470000e-06	-1.724908e-06	-5.821395e-10	-1.200270e+01	-4.100630e+01
1.480000e-06	-1.680329e-06	-5.720529e-10	-1.169249e+01	-4.046303e+01
1.490000e-06	-1.635622e-06	-5.598286e-10	-1.138141e+01	-3.991227e+01
1.500000e-06	-1.590828e-06	-5.488438e-10	-1.106971e+01	-3.935336e+01
1.510000e-06	-1.546034e-06	-5.379432e-10	-1.075801e+01	-3.878562e+01
1.520000e-06	-1.501089e-06	-5.269656e-10	-1.044527e+01	-3.820832e+01
1.530000e-06	-1.455893e-06	-5.183740e-10	-1.013077e+01	-3.762072e+01
1.540000e-06	-1.410598e-06	-5.110667e-10	-9.815583e+00	-3.702205e+01
1.550000e-06	-1.365305e-06	-5.040794e-10	-9.500417e+00	-3.641153e+01
1.560000e-06	-1.319913e-06	-4.944760e-10	-9.184561e+00	-3.578835e+01
1.570000e-06	-1.274381e-06	-4.833834e-10	-8.867725e+00	-3.515172e+01
1.580000e-06	-1.228725e-06	-4.698990e-10	-8.550031e+00	-3.450082e+01
1.590000e-06	-1.182979e-06	-4.546711e-10	-8.231708e+00	-3.383487e+01
1.600000e-06	-1.137206e-06	-4.427296e-10	-7.913202e+00	-3.315306e+01
1.610000e-06	-1.091366e-06	-4.316659e-10	-7.594226e+00	-3.245462e+01
1.620000e-06	-1.045433e-06	-4.216608e-10	-7.274602e+00	-3.173881e+01
1.630000e-06	-9.994059e-07	-4.114015e-10	-6.954323e+00	-3.100489e+01
1.640000e-06	-9.533051e-07	-4.000535e-10	-6.633533e+00	-3.025220e+01
1.650000e-06	-9.070558e-07	-3.864776e-10	-6.311709e+00	-2.948006e+01
1.660000e-06	-8.607622e-07	-3.705558e-10	-5.989577e+00	-2.868790e+01
1.670000e-06	-8.145391e-07	-3.557195e-10	-5.667936e+00	-2.787516e+01
1.680000e-06	-7.682108e-07	-3.435204e-10	-5.345562e+00	-2.704135e+01
1.690000e-06	-7.218358e-07	-3.331324e-10	-5.022863e+00	-2.618605e+01
1.700000e-06	-6.754949e-07	-3.221148e-10	-4.700402e+00	-2.530889e+01
1.710000e-06	-6.290834e-07	-3.098511e-10	-4.377450e+00	-2.440960e+01
1.720000e-06	-5.825659e-07	-2.943746e-10	-4.053760e+00	-2.348796e+01
1.730000e-06	-5.359743e-07	-2.758979e-10	-3.729554e+00	-2.254384e+01
1.740000e-06	-4.893508e-07	-2.578467e-10	-3.405127e+00	-2.157720e+01
1.750000e-06	-4.427445e-07	-2.409072e-10	-3.080819e+00	-2.058806e+01
1.760000e-06	-3.960961e-07	-2.287044e-10	-2.756218e+00	-1.957657e+01
1.770000e-06	-3.493339e-07	-2.191951e-10	-2.430825e+00	-1.854293e+01
1.780000e-06	-3.024868e-07	-2.072230e-10	-2.104842e+00	-1.748744e+01
1.790000e-06	-2.556249e-07	-1.920470e-10	-1.778755e+00	-1.641051e+01
1.800000e-06	-2.088050e-07	-1.761086e-10	-1.452961e+00	-1.531261e+01
1.810000e-06	-1.620427e-07	-1.583156e-10	-1.127567e+00	-1.419432e+01
1.820000e-06	-1.153020e-07	-1.395930e-10	-8.023243e-01	-1.305630e+01
1.830000e-06	-6.855563e-08	-1.233898e-10	-4.770414e-01	-1.189930e+01
1.840000e-06	-2.183779e-08	-1.091529e-10	-1.519574e-01	-1.072414e+01
1.850000e-06	2.486025e-08	-9.639600e-11	1.729890e-01	-9.531738e+00
1.860000e-06	7.160063e-08	-8.262885e-11	4.982299e-01	-8.323076e+00
1.870000e-06	1.184131e-07	-6.206752e-11	8.239727e-01	-7.099211e+00
1.880000e-06	1.651919e-07	-3.952695e-11	1.149480e+00	-5.861267e+00
1.890000e-06	2.120035e-07	-1.957696e-11	1.475218e+00	-4.610430e+00
1.900000e-06	2.588268e-07	-1.484815e-12	1.801035e+00	-3.347940e+00
1.910000e-06	3.055494e-07	1.403740e-11	2.126152e+00	-2.075092e+00
1.920000e-06	3.522679e-07	2.932467e-11	2.451241e+00	-7.932200e-01
1.930000e-06	3.989193e-07	4.560598e-11	2.775863e+00	4.963016e-01
1.940000e-06	4.454942e-07	6.475798e-11	3.099952e+00	1.792069e+00
1.950000e-06	4.921737e-07	8.386259e-11	3.424770e+00	3.092654e+00
1.960000e-06	5.387938e-07	1.012349e-10	3.749174e+00	4.396613e+00
1.970000e-06	5.852599e-07	1.202327e-10	4.072506e+00	5.702492e+00
1.980000e-06	6.316639e-07	1.409971e-10	4.395407e+00	7.008836e+00
1.990000e-06	6.780132e-07	1.587190e-10	4.717926e+00	8.314195e+00
2.000000e-06	7.243090e-07	1.740942e-10	5.040073e+00	9.617130e+00
2.010000e-06	7.705567e-07	1.914696e-10	5.361886e+00	1.091622e+01
2.020000e-06	8.167942e-07	2.090043e-10	5.683628e+00	1.221008e+01
2.030000e-06	8.629542e-07	2.272997e-10	6.004830e+00	1.349735e+01
2.040000e-06	9.090619e-07	2.494771e-10	6.325669e+00	1.477670e+01
2.050000e-06	9.550980e-07	2.712196e-10	6.646009e+00	1.604685e+01
2.060000e-06	1.001044e-06	2.911652e-10	6.965724e+00	1.730660e+01
2.070000e-06	1.046903e-06	3.084746e-10	7.284828e+00	1.855475e+01
2.080000e-06	1.092606e-06	3.233467e-10	7.602854e+00	1.979022e+01
2.090000e-06	1.138285e-06	3.372891e-10	7.920705e+00	2.101194e+01
2.100000e-06	1.183979e-06	3.536066e-10	8.238665e+00	2.221895e+01
2.110000e-06	1.229536e-06	3.702095e-10	8.555675e+00	2.341034e+01
2.120000e-06	1.275021e-06	3.863442e-10	8.872182e+00	2.458529e+01
2.130000e-06	1.320455e-06	4.036203e-10	9.188330e+00	2.574303e+01
2.140000e-06	1.365766e-06	4.216428e-10	9.503626e+00	2.688291e+01
2.150000e-06	1.411007e-06	4.376730e-10	9.818433e+00	2.800433e+01
2.160000e-06	1.456152e-06	4.512354e-10	1.013257e+01	2.910677e+01
2.170000e-06	1.501188e-06	4.653274e-10	1.044595e+01	3.018980e+01
2.180000e-06	1.546074e-06	4.797856e-10	1.075829e+01	3.125308e+01
2.190000e-06	1.590826e-06	4.957385e-10	1.106970e+01	3.229632e+01
2.200000e-06	1.635491e-06	5.129775e-10	1.138049e+01	3.331933e+01
2.210000e-06	1.680051e-06	5.283785e-10	1.169056e+01	3.432199e+01
2.220000e-06	1.724498e-06	5.403367e-10	1.199985e+01	3.530425e+01
2.230000e-06	1.768851e-06	5.510420e-10	1.230847e+01	3.626613e+01
2.240000e-06	1.813046e-06	5.643543e-10	1.261600e+01	3.720773e+01
2.250000e-06	1.857044e-06	5.793579e-10	1.292216e+01	3.812919e+01
2.260000e-06	1.900901e-06	5.941996e-10	1.322734e+01	3.903072e+01
2.270000e-06	1.944672e-06	6.087464e-10	1.353191e+01	3.991259e+01
2.280000e-06	1.988360e-06	6.211085e-10	1.383592e+01	4.077511e+01
2.290000e-06	2.031945e-06	6.330584e-10	1.413920e+01	4.161864e+01
2.300000e-06	2.075480e-06	6.439647e-10	1.444214e+01	4.244359e+01
2.310000e-06	2.118971e-06	6.533072e-10	1.474477e+01	4.325037e+01
2.320000e-06	2.162409e-06	6.648091e-10	1.504703e+01	4.403947e+01
2.330000e-06	2.205776e-06	6.804066e-10	1.534880e+01	4.481138e+01
2.340000e-06	2.249043e-06	6.953907e-10	1.564987e+01	4.556660e+01
2.350000e-06	2.292186e-06	7.071659e-10	1.595008e+01	4.630566e+01
2.360000e-06	2.335186e-06	7.174242e-10	1.624929e+01	4.702910e+01
2.370000e-06	2.377956e-06	7.270680e-10	1.654691e+01	4.773747e+01
2.380000e-06	2.420483e-06	7.353289e-10	1.684283e+01	4.843130e+01
2.390000e-06	2.462735e-06	7.447822e-10	1.713684e+01	4.911113e+01
2.400000e-06	2.504657e-06	7.547010e-10	1.742855e+01	4.977751e+01
2.410000e-06	2.546175e-06	7.645600e-10	1.771745e+01	5.043095e+01
2.420000e-06	2.587274e-06	7.766933e-10	1.800344e+01	5.107197e+01
2.430000e-06	2.628073e-06	7.892369e-10	1.828733e+01	5.170104e+01
2.440000e-06	2.668637e-06	7.982427e-10	1.856959e+01	5.231865e+01
2.450000e-06	2.709053e-06	8.039620e-10	1.885083e+01	5.292523e+01
2.460000e-06	2.749276e-06	8.103472e-10	1.913072e+01	5.352120e+01
2.470000e-06	2.789257e-06	8.177198e-10	1.940893e+01	5.410697e+01
2.480000e-06	2.829092e-06	8.248545e-10	1.968611e+01	5.468289e+01
2.490000e-06	2.868818e-06	8.328746e-10	1.996255e+01	5.524930e+01
2.500000e-06	2.908392e-06	8.416653e-10	2.023792e+01	5.580650e+01
2.510000e-06	2.947751e-06	8.501776e-10	2.051180e+01	5.635477e+01
2.520000e-06	2.986926e-06	8.589744e-10	2.078440e+01	5.689435e+01
2.530000e-06	3.025886e-06	8.680064e-10	2.105550e+01	5.742545e+01
2.540000e-06	3.064661e-06	8.773333e-10	2.132531e+01	5.794826e+01
2.550000e-06	3.103281e-06	8.854042e-10	2.159405e+01	5.846292e+01
2.560000e-06	3.141716e-06	8.909832e-10	2.186150e+01	5.896958e+01
2.570000e-06	3.179942e-06	8.960485e-10	2.212749e+01	5.946832e+01
2.580000e-06	3.217946e-06	9.024628e-10	2.239194e+01	5.995922e+01
2.590000e-06	3.255782e-06	9.107149e-10	2.265522e+01	6.044235e+01
2.600000e-06	3.293357e-06	9.197237e-10	2.291668e+01	6.091773e+01
2.610000e-06	3.330656e-06	9.264303e-10	2.317623e+01	6.138538e+01
2.620000e-06	3.367759e-06	9.302651e-10	2.343441e+01	6.184530e+01
2.630000e-06	3.404635e-06	9.335431e-10	2.369101e+01	6.229747e+01
2.640000e-06	3.441222e-06	9.375428e-10	2.394559e+01	6.274189e+01
2.650000e-06	3.477509e-06	9.430777e-10	2.419810e+01	6.317851e+01
2.660000e-06	3.513526e-06	9.523533e-10	2.444872e+01	6.360731e+01
2.670000e-06	3.549342e-06	9.622709e-10	2.469794e+01	6.402823e+01
2.680000e-06	3.585025e-06	9.682978e-10	2.494624e+01	6.444125e+01
2.690000e-06	3.620587e-06	9.692505e-10	2.519370e+01	6.484632e+01
2.700000e-06	3.656036e-06	9.687547e-10	2.544037e+01	6.524341e+01
2.710000e-06	3.691322e-06	9.718075e-10	2.568591e+01	6.563250e+01
2.720000e-06	3.726389e-06	9.763441e-10	2.592992e+01	6.601356e+01
2.730000e-06	3.761196e-06	9.809353e-10	2.617212e+01	6.638658e+01
2.740000e-06	3.795670e-06	9.869124e-10	2.641201e+01	6.675156e+01
2.750000e-06	3.829692e-06	9.928470e-10	2.664875e+01	6.710853e+01
2.760000e-06	3.863277e-06	9.969784e-10	2.688245e+01	6.745750e+01
2.770000e-06	3.896485e-06	9.997211e-10	2.711353e+01	6.779852e+01
2.780000e-06	3.929199e-06	1.001994e-09	2.734116e+01	6.813164e+01
2.790000e-06	3.961477e-06	1.005991e-09	2.756577e+01	6.845695e+01
2.800000e-06	3.993475e-06	1.010212e-09	2.778842e+01	6.877453e+01
2.810000e-06	4.025242e-06	1.014070e-09	2.800948e+01	6.908448e+01
2.820000e-06	4.056853e-06	1.019557e-09	2.822944e+01	6.938693e+01
2.830000e-06	4.088312e-06	1.025784e-09	2.844835e+01	6.968202e+01
2.840000e-06	4.119567e-06	1.031756e-09	2.866583e+01	6.996990e+01
2.850000e-06	4.150585e-06	1.035887e-09	2.888167e+01	7.025073e+01
2.860000e-06	4.181313e-06	1.039349e-09	2.909549e+01	7.052470e+01
2.870000e-06	4.211747e-06	1.042718e-09	2.930726e+01	7.079200e+01
2.880000e-06	4.241862e-06	1.044643e-09	2.951682e+01	7.105282e+01
2.890000e-06	4.271561e-06	1.045858e-09	2.972347e+01	7.130739e+01
2.900000e-06	4.301012e-06	1.046652e-09	2.992841e+01	7.155591e+01
2.910000e-06	4.330293e-06	1.048489e-09	3.013216e+01	7.179862e+01
2.920000e-06	4.359281e-06	1.053049e-09	3.033387e+01	7.203574e+01
2.930000e-06	4.387941e-06	1.060052e-09	3.053330e+01	7.226750e+01
2.940000e-06	4.416302e-06	1.067925e-09	3.073065e+01	7.249414e+01
2.950000e-06	4.444452e-06	1.072909e-09	3.092653e+01	7.271589e+01
2.960000e-06	4.472360e-06	1.074104e-09	3.112072e+01	7.293298e+01
2.970000e-06	4.500048e-06	1.074210e-09	3.131339e+01	7.314563e+01
2.980000e-06	4.527552e-06	1.074953e-09	3.150478e+01	7.335405e+01
2.990000e-06	4.554875e-06	1.076127e-09	3.169491e+01	7.355845e+01
3.000000e-06	4.581839e-06	1.078198e-09	3.188253e+01	7.375904e+01
3.010000e-06	4.608257e-06	1.081152e-09	3.206636e+01	7.395600e+01
3.020000e-06	4.634164e-06	1.085105e-09	3.224664e+01	7.414951e+01
3.030000e-06	4.659450e-06	1.092093e-09	3.242258e+01	7.433973e+01
3.040000e-06	4.684195e-06	1.098225e-09	3.259477e+01	7.452681e+01
3.050000e-06	4.708564e-06	1.100058e-09	3.276434e+01	7.471087e+01
3.060000e-06	4.732530e-06	1.100150e-09	3.293111e+01	7.489203e+01
3.070000e-06	4.756164e-06	1.099970e-09	3.309556e+01	7.507040e+01
3.080000e-06	4.779548e-06	1.100237e-09	3.325828e+01	7.524605e+01
3.090000e-06	4.802682e-06	1.102523e-09	3.341926e+01	7.541904e+01
3.100000e-06	4.825570e-06	1.106695e-09	3.357852e+01	7.558942e+01
3.110000e-06	4.848096e-06	1.109590e-09	3.373527e+01	7.575721e+01
3.120000e-06	4.870214e-06	1.111116e-09	3.388918e+01	7.592244e+01
3.130000e-06	4.892047e-06	1.111235e-09	3.404110e+01	7.608508e+01
3.140000e-06	4.913596e-06	1.110721e-09	3.419105e+01	7.624512e+01
3.150000e-06	4.934862e-06	1.111620e-09	3.433903e+01	7.640252e+01
3.160000e-06	4.955812e-06	1.113806e-09	3.448481e+01	7.655722e+01
3.170000e-06	4.976404e-06	1.116888e-09	3.462809e+01	7.670916e+01
3.180000e-06	4.996640e-06	1.119644e-09	3.476891e+01	7.685826e+01
3.190000e-06	5.016571e-06	1.120725e-09	3.490760e+01	7.700442e+01
3.200000e-06	5.036228e-06	1.120133e-09	3.504438e+01	7.714755e+01
3.210000e-06	5.055631e-06	1.118962e-09	3.517939e+01	7.728754e+01
3.220000e-06	5.074765e-06	1.119003e-09	3.531254e+01	7.742426e+01
3.230000e-06	5.093645e-06	1.121524e-09	3.544391e+01	7.755760e+01
3.240000e-06	5.112245e-06	1.124642e-09	3.557334e+01	7.768743e+01
3.250000e-06	5.130376e-06	1.127563e-09	3.569951e+01	7.781362e+01
3.260000e-06	5.148059e-06	1.129385e-09	3.582255e+01	7.793604e+01
3.270000e-06	5.165349e-06	1.130588e-09	3.594286e+01	7.805456e+01
3.280000e-06	5.182267e-06	1.131372e-09	3.606058e+01	7.816905e+01
3.290000e-06	5.198869e-06	1.131164e-09	3.617611e+01	7.827940e+01
3.300000e-06	5.215220e-06	1.131628e-09	3.628989e+01	7.838547e+01
3.310000e-06	5.231219e-06	1.133929e-09	3.640121e+01	7.848717e+01
3.320000e-06	5.246690e-06	1.138112e-09	3.650887e+01	7.858439e+01
3.330000e-06	5.261688e-06	1.142039e-09	3.661324e+01	7.867703e+01
3.340000e-06	5.276199e-06	1.145838e-09	3.671421e+01	7.876501e+01
3.350000e-06	5.290236e-06	1.149188e-09	3.681188e+01	7.884825e+01
3.360000e-06	5.303901e-06	1.149935e-09	3.690697e+01	7.892669e+01
3.370000e-06	5.317212e-06	1.151026e-09	3.699959e+01	7.900029e+01
3.380000e-06	5.330118e-06	1.153272e-09	3.708940e+01	7.906901e+01
3.390000e-06	5.342599e-06	1.153956e-09	3.717625e+01	7.913283e+01
3.400000e-06	5.354677e-06	1.153525e-09	3.726029e+01	7.919174e+01
3.410000e-06	5.366424e-06	1.153934e-09	3.734203e+01	7.924575e+01
3.420000e-06	5.377849e-06	1.157024e-09	3.742153e+01	7.929487e+01
3.430000e-06	5.388885e-06	1.161502e-09	3.749833e+01	7.933916e+01
3.440000e-06	5.399461e-06	1.165753e-09	3.757192e+01	7.937865e+01
3.450000e-06	5.409431e-06	1.168855e-09	3.764129e+01	7.941342e+01
3.460000e-06	5.418713e-06	1.169813e-09	3.770588e+01	7.944354e+01
3.470000e-06	5.427402e-06	1.169178e-09	3.776635e+01	7.946911e+01
3.480000e-06	5.435635e-06	1.167524e-09	3.782364e+01	7.949023e+01
3.490000e-06	5.443503e-06	1.167088e-09	3.787838e+01	7.950701e+01
3.500000e-06	5.451116e-06	1.168814e-09	3.793136e+01	7.951958e+01
3.510000e-06	5.458473e-06	1.170709e-09	3.798255e+01	7.952809e+01
3.520000e-06	5.465512e-06	1.173023e-09	3.803153e+01	7.953267e+01
3.530000e-06	5.472151e-06	1.176128e-09	3.807773e+01	7.953348e+01
3.540000e-06	5.478393e-06	1.178746e-09	3.812116e+01	7.953068e+01
3.550000e-06	5.484271e-06	1.180185e-09	3.816206e+01	7.952444e+01
3.560000e-06	5.489772e-06	1.181016e-09	3.820035e+01	7.951492e+01
3.570000e-06	5.494943e-06	1.183212e-09	3.823633e+01	7.950230e+01
3.580000e-06	5.499663e-06	1.185212e-09	3.826917e+01	7.948675e+01
3.590000e-06	5.503912e-06	1.186077e-09	3.829873e+01	7.946845e+01
3.600000e-06	5.507841e-06	1.187349e-09	3.832608e+01	7.944757e+01
3.610000e-06	5.511522e-06	1.188161e-09	3.835169e+01	7.942428e+01
3.620000e-06	5.515003e-06	1.189838e-09	3.837592e+01	7.939875e+01
3.630000e-06	5.518196e-06	1.192272e-09	3.839813e+01	7.937114e+01
3.640000e-06	5.521025e-06	1.194177e-09	3.841782e+01	7.934161e+01
3.650000e-06	5.523418e-06	1.196682e-09	3.843447e+01	7.931030e+01
3.660000e-06	5.525217e-06	1.199806e-09	3.844699e+01	7.927735e+01
3.670000e-06	5.526370e-06	1.202996e-09	3.845501e+01	7.924291e+01
3.680000e-06	5.526938e-06	1.205695e-09	3.845897e+01	7.920708e+01
3.690000e-06	5.527087e-06	1.207082e-09	3.846000e+01	7.916998e+01
3.700000e-06	5.526924e-06	1.206171e-09	3.845887e+01	7.913170e+01
3.710000e-06	5.526493e-06	1.203629e-09	3.845587e+01	7.909232e+01
3.720000e-06	5.525796e-06	1.198856e-09	3.845101e+01	7.905193e+01
3.730000e-06	5.524763e-06	1.192959e-09	3.844383e+01	7.901057e+01
3.740000e-06	5.523326e-06	1.189436e-09	3.843383e+01	7.896828e+01
3.750000e-06	5.521541e-06	1.190176e-09	3.842141e+01	7.892510e+01
3.760000e-06	5.519449e-06	1.189053e-09	3.840685e+01	7.888103e+01
3.770000e-06	5.516948e-06	1.183219e-09	3.838945e+01	7.883608e+01
3.780000e-06	5.514074e-06	1.187779e-09	3.836945e+01	7.879021e+01
3.790000e-06	5.510758e-06	1.189971e-09	3.834637e+01	7.874341e+01
3.800000e-06	5.506911e-06	1.187897e-09	3.831960e+01	7.869562e+01
3.810000e-06	5.502669e-06	1.193442e-09	3.829009e+01	7.864677e+01
3.820000e-06	5.498223e-06	1.164683e-09	3.825915e+01	7.859680e+01
3.830000e-06	5.493584e-06	1.151199e-09	3.822687e+01	7.854560e+01
3.840000e-06	5.488469e-06	1.168617e-09	3.819128e+01	7.849308e+01
3.850000e-06	5.482666e-06	1.187228e-09	3.815090e+01	7.843912e+01
3.860000e-06	5.476450e-06	1.207969e-09	3.810764e+01	7.838359e+01
3.870000e-06	5.470114e-06	1.178143e-09	3.806356e+01	7.832635e+01
3.880000e-06	5.463388e-06	1.167607e-09	3.801675e+01	7.826725e+01
3.890000e-06	5.455994e-06	1.179714e-09	3.796530e+01	7.820614e+01
3.900000e-06	5.448118e-06	1.174649e-09	3.791050e+01	7.814285e+01
3.910000e-06	5.439936e-06	1.133585e-09	3.785356e+01	7.807720e+01
3.920000e-06	5.431334e-06	1.140813e-09	3.779371e+01	7.800902e+01
3.930000e-06	5.422346e-06	1.208892e-09	3.773117e+01	7.793813e+01
3.940000e-06	5.413100e-06	1.217741e-09	3.766683e+01	7.786434e+01
3.950000e-06	5.403553e-06	1.159841e-09	3.760040e+01	7.778747e+01
3.960000e-06	5.393531e-06	1.131201e-09	3.753065e+01	7.770733e+01
3.970000e-06	5.383081e-06	1.180107e-09	3.745794e+01	7.762374e+01
3.980000e-06	5.372345e-06	1.180801e-09	3.738323e+01	7.753651e+01
3.990000e-06	5.361237e-06	1.135362e-09	3.730594e+01	7.744546e+01
4.000000e-06	5.349656e-06	1.137940e-09	3.722535e+01	7.735043e+01
4.010000e-06	5.337757e-06	1.189740e-09	3.714256e+01	7.725124e+01
4.020000e-06	5.325623e-06	1.184285e-09	3.705812e+01	7.714774e+01
4.030000e-06	5.313058e-06	1.140110e-09	3.697069e+01	7.703977e+01
4.040000e-06	5.299913e-06	1.138690e-09	3.687922e+01	7.692720e+01
4.050000e-06	5.286307e-06	1.178066e-09	3.678455e+01	7.680989e+01
4.060000e-06	5.272281e-06	1.162597e-09	3.668694e+01	7.668774e+01
4.070000e-06	5.257501e-06	1.123968e-09	3.658410e+01	7.656064e+01
4.080000e-06	5.242012e-06	1.139097e-09	3.647632e+01	7.642849e+01
4.090000e-06	5.226180e-06	1.179086e-09	3.636615e+01	7.629124e+01
4.100000e-06	5.209996e-06	1.154539e-09	3.625354e+01	7.614881e+01
4.110000e-06	5.193422e-06	1.115143e-09	3.613821e+01	7.600118e+01
4.120000e-06	5.176679e-06	1.144930e-09	3.602170e+01	7.584831e+01
4.130000e-06	5.159718e-06	1.169821e-09	3.590368e+01	7.569020e+01
4.140000e-06	5.142236e-06	1.128969e-09	3.578203e+01	7.552685e+01
4.150000e-06	5.124259e-06	1.113532e-09	3.565694e+01	7.535831e+01
4.160000e-06	5.106033e-06	1.162479e-09	3.553011e+01	7.518460e+01
4.170000e-06	5.087562e-06	1.155660e-09	3.540158e+01	7.500581e+01
4.180000e-06	5.068709e-06	1.116033e-09	3.527040e+01	7.482199e+01
4.190000e-06	5.049532e-06	1.144233e-09	3.513696e+01	7.463327e+01
4.200000e-06	5.030058e-06	1.165482e-09	3.500144e+01	7.443973e+01
4.210000e-06	5.010205e-06	1.109262e-09	3.486330e+01	7.424152e+01
4.220000e-06	4.990063e-06	1.114012e-09	3.472314e+01	7.403877e+01
4.230000e-06	4.969722e-06	1.156617e-09	3.458160e+01	7.383165e+01
4.240000e-06	4.949184e-06	1.122050e-09	3.443868e+01	7.362031e+01
4.250000e-06	4.928373e-06	1.104528e-09	3.429388e+01	7.340494e+01
4.260000e-06	4.907200e-06	1.159591e-09	3.414654e+01	7.318573e+01
4.270000e-06	4.885499e-06	1.135834e-09	3.399554e+01	7.296287e+01
4.280000e-06	4.863114e-06	1.085820e-09	3.383977e+01	7.273657e+01
4.290000e-06	4.840211e-06	1.127607e-09	3.368040e+01	7.250703e+01
4.300000e-06	4.816852e-06	1.138169e-09	3.351786e+01	7.227447e+01
4.310000e-06	4.793028e-06	1.078265e-09	3.335208e+01	7.203911e+01
4.320000e-06	4.768892e-06	1.100469e-09	3.318414e+01	7.180115e+01
4.330000e-06	4.744565e-06	1.137590e-09	3.301485e+01	7.156080e+01
4.340000e-06	4.720047e-06	1.095453e-09	3.284425e+01	7.131829e+01
4.350000e-06	4.695239e-06	1.088256e-09	3.267162e+01	7.107380e+01
4.360000e-06	4.670133e-06	1.121646e-09	3.249692e+01	7.082754e+01
4.370000e-06	4.644688e-06	1.092319e-09	3.231986e+01	7.057969e+01
4.380000e-06	4.618852e-06	1.076213e-09	3.214009e+01	7.033042e+01
4.390000e-06	4.592678e-06	1.103996e-09	3.195795e+01	7.007990e+01
4.400000e-06	4.566137e-06	1.084112e-09	3.177327e+01	6.982827e+01
4.410000e-06	4.539289e-06	1.061437e-09	3.158645e+01	6.957568e+01
4.420000e-06	4.512210e-06	1.082877e-09	3.139802e+01	6.932222e+01
4.430000e-06	4.484830e-06	1.078016e-09	3.120750e+01	6.906801e+01
4.440000e-06	4.457105e-06	1.060653e-09	3.101458e+01	6.881312e+01
4.450000e-06	4.429133e-06	1.080687e-09	3.081993e+01	6.855760e+01
4.460000e-06	4.400958e-06	1.078593e-09	3.062388e+01	6.830149e+01
4.470000e-06	4.372583e-06	1.052664e-09	3.042643e+01	6.804480e+01
4.480000e-06	4.344031e-06	1.058307e-09	3.022775e+01	6.778753e+01
4.490000e-06	4.315155e-06	1.061760e-09	3.002682e+01	6.752965e+01
4.500000e-06	4.285817e-06	1.037737e-09	2.982268e+01	6.727109e+01
4.510000e-06	4.256040e-06	1.040064e-09	2.961547e+01	6.701179e+01
4.520000e-06	4.225901e-06	1.050897e-09	2.940575e+01	6.675165e+01
4.530000e-06	4.195247e-06	1.034996e-09	2.919245e+01	6.649055e+01
4.540000e-06	4.164126e-06	1.026853e-09	2.897590e+01	6.622833e+01
4.550000e-06	4.132674e-06	1.039009e-09	2.875703e+01	6.596486e+01
4.560000e-06	4.100837e-06	1.027949e-09	2.853550e+01	6.569994e+01
4.570000e-06	4.068706e-06	1.012960e-09	2.831192e+01	6.543337e+01
4.580000e-06	4.036385e-06	1.021921e-09	2.808701e+01	6.516496e+01
4.590000e-06	4.003950e-06	1.022435e-09	2.786132e+01	6.489446e+01
4.600000e-06	3.971332e-06	1.002772e-09	2.763435e+01	6.462164e+01
4.610000e-06	3.938469e-06	1.001416e-09	2.740567e+01	6.434625e+01
4.620000e-06	3.905328e-06	1.006387e-09	2.717506e+01	6.406804e+01
4.630000e-06	3.871792e-06	9.931425e-10	2.694170e+01	6.378674e+01
4.640000e-06	3.837954e-06	9.869991e-10	2.670624e+01	6.350207e+01
4.650000e-06	3.803895e-06	9.964348e-10	2.646924e+01	6.321379e+01
4.660000e-06	3.769574e-06	9.898030e-10	2.623042e+01	6.292160e+01
4.670000e-06	3.735063e-06	9.783938e-10	2.599027e+01	6.262527e+01
4.680000e-06	3.700363e-06	9.840423e-10	2.574882e+01	6.232451e+01
4.690000e-06	3.665346e-06	9.811289e-10	2.550515e+01	6.201909e+01
4.700000e-06	3.629934e-06	9.674764e-10	2.525874e+01	6.170877e+01
4.710000e-06	3.594221e-06	9.667276e-10	2.501024e+01	6.139332e+01
4.720000e-06	3.558362e-06	9.671240e-10	2.476071e+01	6.107252e+01
4.730000e-06	3.522347e-06	9.555226e-10	2.451010e+01	6.074619e+01
4.740000e-06	3.486162e-06	9.510718e-10	2.425831e+01	6.041415e+01
4.750000e-06	3.449878e-06	9.527709e-10	2.400583e+01	6.007625e+01
4.760000e-06	3.413514e-06	9.430519e-10	2.375279e+01	5.973235e+01
4.770000e-06	3.376999e-06	9.332854e-10	2.349870e+01	5.938233e+01
4.780000e-06	3.340226e-06	9.336608e-10	2.324282e+01	5.902613e+01
4.790000e-06	3.303211e-06	9.270567e-10	2.298525e+01	5.866367e+01
4.800000e-06	3.265885e-06	9.148327e-10	2.272552e+01	5.829493e+01
4.810000e-06	3.228108e-06	9.096682e-10	2.246265e+01	5.791988e+01
4.820000e-06	3.189887e-06	9.032005e-10	2.219669e+01	5.753856e+01
4.830000e-06	3.151310e-06	8.907479e-10	2.192826e+01	5.715100e+01
4.840000e-06	3.112361e-06	8.875076e-10	2.165723e+01	5.675726e+01
4.850000e-06	3.073106e-06	8.884597e-10	2.138408e+01	5.635745e+01
4.860000e-06	3.033574e-06	8.840330e-10	2.110900e+01	5.595167e+01
4.870000e-06	2.993713e-06	8.779684e-10	2.083162e+01	5.554005e+01
4.880000e-06	2.953663e-06	8.736755e-10	2.055294e+01	5.512275e+01
4.890000e-06	2.913505e-06	8.636843e-10	2.027350e+01	5.469993e+01
4.900000e-06	2.873212e-06	8.531936e-10	1.999312e+01	5.427179e+01
4.910000e-06	2.832786e-06	8.481407e-10	1.971182e+01	5.383851e+01
4.920000e-06	2.792215e-06	8.419804e-10	1.942951e+01	5.340030e+01
4.930000e-06	2.751507e-06	8.358878e-10	1.914625e+01	5.295738e+01
4.940000e-06	2.710706e-06	8.371873e-10	1.886233e+01	5.250995e+01
4.950000e-06	2.669737e-06	8.379331e-10	1.857725e+01	5.205824e+01
4.960000e-06	2.628567e-06	8.297884e-10	1.829077e+01	5.160244e+01
4.970000e-06	2.587158e-06	8.203019e-10	1.800263e+01	5.114276e+01
4.980000e-06	2.545470e-06	8.131189e-10	1.771255e+01	5.067939e+01
4.990000e-06	2.503577e-06	8.041835e-10	1.742103e+01	5.021250e+01
5.000000e-06	2.461573e-06	7.979142e-10	1.712875e+01	4.974226e+01
5.010000e-06	2.419471e-06	7.955714e-10	1.683579e+01	4.926879e+01
5.020000e-06	2.377276e-06	7.893249e-10	1.654218e+01	4.879221e+01
5.030000e-06	2.334981e-06	7.805587e-10	1.624786e+01	4.831259e+01
5.040000e-06	2.292515e-06	7.756538e-10	1.595237e+01	4.782999e+01
5.050000e-06	2.249859e-06	7.686635e-10	1.565555e+01	4.734441e+01
5.060000e-06	2.206994e-06	7.585583e-10	1.535727e+01	4.685583e+01
5.070000e-06	2.163979e-06	7.523600e-10	1.505795e+01	4.636418e+01
5.080000e-06	2.120824e-06	7.471899e-10	1.475766e+01	4.586936e+01
5.090000e-06	2.077504e-06	7.409211e-10	1.445622e+01	4.537122e+01
5.100000e-06	2.033990e-06	7.361145e-10	1.415343e+01	4.486954e+01
5.110000e-06	1.990273e-06	7.318999e-10	1.384923e+01	4.436410e+01
5.120000e-06	1.946431e-06	7.233895e-10	1.354416e+01	4.385458e+01
5.130000e-06	1.902489e-06	7.142854e-10	1.323839e+01	4.334066e+01
5.140000e-06	1.858420e-06	7.071718e-10	1.293174e+01	4.282194e+01
5.150000e-06	1.814294e-06	6.997244e-10	1.262469e+01	4.229798e+01
5.160000e-06	1.770148e-06	6.915850e-10	1.231750e+01	4.176830e+01
5.170000e-06	1.725947e-06	6.847477e-10	1.200993e+01	4.123236e+01
5.180000e-06	1.681673e-06	6.750916e-10	1.170185e+01	4.068960e+01
5.190000e-06	1.637315e-06	6.636593e-10	1.139319e+01	4.013940e+01
5.200000e-06	1.592863e-06	6.523743e-10	1.108387e+01	3.958111e+01
5.210000e-06	1.548361e-06	6.411949e-10	1.077421e+01	3.901404e+01
5.220000e-06	1.503865e-06	6.322123e-10	1.046458e+01	3.843748e+01
5.230000e-06	1.459246e-06	6.242642e-10	1.015410e+01	3.785068e+01
5.240000e-06	1.414486e-06	6.142309e-10	9.842643e+00	3.725287e+01
5.250000e-06	1.369688e-06	6.028390e-10	9.530915e+00	3.664328e+01
5.260000e-06	1.324812e-06	5.911943e-10	9.218646e+00	3.602110e+01
5.270000e-06	1.279788e-06	5.809801e-10	8.905348e+00	3.538554e+01
5.280000e-06	1.234663e-06	5.733807e-10	8.591349e+00	3.473577e+01
5.290000e-06	1.189461e-06	5.654069e-10	8.276814e+00	3.407102e+01
5.300000e-06	1.144162e-06	5.579201e-10	7.961603e+00	3.339047e+01
5.310000e-06	1.098779e-06	5.484771e-10	7.645809e+00	3.269336e+01
5.320000e-06	1.053362e-06	5.377959e-10	7.329772e+00	3.197894e+01
5.330000e-06	1.007860e-06	5.262924e-10	7.013149e+00	3.124647e+01
5.340000e-06	9.622376e-07	5.122165e-10	6.695690e+00	3.049527e+01
5.350000e-06	9.165625e-07	4.970561e-10	6.377861e+00	2.972470e+01
5.360000e-06	8.708425e-07	4.827733e-10	6.059720e+00	2.893414e+01
5.370000e-06	8.250182e-07	4.736291e-10	5.740854e+00	2.812304e+01
5.380000e-06	7.790921e-07	4.664614e-10	5.421279e+00	2.729092e+01
5.390000e-06	7.331107e-07	4.576742e-10	5.101320e+00	2.643734e+01
5.400000e-06	6.870945e-07	4.459034e-10	4.781118e+00	2.556193e+01
5.410000e-06	6.410083e-07	4.304109e-10	4.460429e+00	2.466440e+01
5.420000e-06	5.948064e-07	4.110936e-10	4.138935e+00	2.374454e+01
5.430000e-06	5.485080e-07	3.914973e-10	3.816770e+00	2.280221e+01
5.440000e-06	5.022193e-07	3.729808e-10	3.494672e+00	2.183736e+01
5.450000e-06	4.559349e-07	3.572896e-10	3.172604e+00	2.085001e+01
5.460000e-06	4.095918e-07	3.468306e-10	2.850127e+00	1.984028e+01
5.470000e-06	3.632572e-07	3.378213e-10	2.527709e+00	1.880839e+01
5.480000e-06	3.168846e-07	3.279434e-10	2.205028e+00	1.775462e+01
5.490000e-06	2.704342e-07	3.131464e-10	1.881805e+00	1.667937e+01
5.500000e-06	2.238839e-07	2.927542e-10	1.557887e+00	1.558311e+01
5.510000e-06	1.772733e-07	2.684940e-10	1.233549e+00	1.446641e+01
5.520000e-06	1.307763e-07	2.437991e-10	9.100013e-01	1.332992e+01
5.530000e-06	8.440655e-08	2.219167e-10	5.873394e-01	1.217438e+01
5.540000e-06	3.798162e-08	2.049008e-10	2.642935e-01	1.100062e+01
5.550000e-06	-8.535663e-09	1.916459e-10	-5.939505e-02	9.809528e+00
5.560000e-06	-5.504987e-08	1.778210e-10	-3.830622e-01	8.602094e+00
5.570000e-06	-1.015220e-07	1.627979e-10	-7.064363e-01	7.379367e+00
5.580000e-06	-1.479418e-07	1.460460e-10	-1.029447e+00	6.142464e+00
5.590000e-06	-1.943936e-07	1.266642e-10	-1.352679e+00	4.892567e+00
5.600000e-06	-2.409491e-07	1.074795e-10	-1.676634e+00	3.630913e+00
5.610000e-06	-2.874835e-07	8.619008e-11	-2.000442e+00	2.358790e+00
5.620000e-06	-3.339392e-07	6.390289e-11	-2.323702e+00	1.077531e+00
5.630000e-06	-3.803537e-07	4.339150e-11	-2.646675e+00	-2.114938e-01
5.640000e-06	-4.266730e-07	2.415739e-11	-2.968986e+00	-1.506882e+00
5.650000e-06	-4.729642e-07	5.104011e-12	-3.291102e+00	-2.807208e+00
5.660000e-06	-5.193150e-07	-1.533872e-11	-3.613631e+00	-4.111028e+00
5.670000e-06	-5.655815e-07	-3.734614e-11	-3.935575e+00	-5.416890e+00
5.680000e-06	-6.116404e-07	-5.976519e-11	-4.256073e+00	-6.723338e+00
5.690000e-06	-6.576369e-07	-8.118956e-11	-4.576138e+00	-8.028922e+00
5.700000e-06	-7.036606e-07	-1.002442e-10	-4.896392e+00	-9.332201e+00
5.710000e-06	-7.495741e-07	-1.194123e-10	-5.215879e+00	-1.063176e+01
5.720000e-06	-7.953559e-07	-1.414748e-10	-5.534450e+00	-1.192619e+01
5.730000e-06	-8.411090e-07	-1.647353e-10	-5.852821e+00	-1.321414e+01
5.740000e-06	-8.868737e-07	-1.888525e-10	-6.171273e+00	-1.449429e+01
5.750000e-06	-9.326182e-07	-2.110546e-10	-6.489584e+00	-1.576535e+01
5.760000e-06	-9.782032e-07	-2.295218e-10	-6.806785e+00	-1.702609e+01
5.770000e-06	-1.023649e-06	-2.490501e-10	-7.123020e+00	-1.827534e+01
5.780000e-06	-1.069028e-06	-2.693768e-10	-7.438783e+00	-1.951199e+01
5.790000e-06	-1.114262e-06	-2.878718e-10	-7.753546e+00	-2.073498e+01
5.800000e-06	-1.159384e-06	-3.069814e-10	-8.067523e+00	-2.194334e+01
5.810000e-06	-1.204434e-06	-3.287190e-10	-8.381004e+00	-2.313616e+01
5.820000e-06	-1.249393e-06	-3.527627e-10	-8.693850e+00	-2.431259e+01
5.830000e-06	-1.294244e-06	-3.771353e-10	-9.005942e+00	-2.547188e+01
5.840000e-06	-1.339019e-06	-3.999931e-10	-9.317505e+00	-2.661336e+01
5.850000e-06	-1.383746e-06	-4.179006e-10	-9.628740e+00	-2.773643e+01
5.860000e-06	-1.428440e-06	-4.311042e-10	-9.939739e+00	-2.884055e+01
5.870000e-06	-1.473096e-06	-4.437091e-10	-1.025048e+01	-2.992531e+01
5.880000e-06	-1.517709e-06	-4.598451e-10	-1.056091e+01	-3.099032e+01
5.890000e-06	-1.562228e-06	-4.811217e-10	-1.087070e+01	-3.203533e+01
5.900000e-06	-1.606651e-06	-5.043746e-10	-1.117981e+01	-3.306012e+01
5.910000e-06	-1.651041e-06	-5.254298e-10	-1.148870e+01	-3.406457e+01
5.920000e-06	-1.695388e-06	-5.441588e-10	-1.179729e+01	-3.504861e+01
5.930000e-06	-1.739677e-06	-5.579131e-10	-1.210547e+01	-3.601228e+01
5.940000e-06	-1.783882e-06	-5.676571e-10	-1.241307e+01	-3.695565e+01
5.950000e-06	-1.828017e-06	-5.778263e-10	-1.272018e+01	-3.787887e+01
5.960000e-06	-1.872018e-06	-5.895892e-10	-1.302636e+01	-3.878214e+01
5.970000e-06	-1.915871e-06	-6.039585e-10	-1.333151e+01	-3.966572e+01
5.980000e-06	-1.959661e-06	-6.203235e-10	-1.363622e+01	-4.052993e+01
5.990000e-06	-2.003296e-06	-6.379898e-10	-1.393985e+01	-4.137512e+01
6.000000e-06	-2.046711e-06	-6.546907e-10	-1.424195e+01	-4.220168e+01
6.010000e-06	-2.090034e-06	-6.688688e-10	-1.454341e+01	-4.301005e+01
6.020000e-06	-2.133221e-06	-6.806715e-10	-1.484393e+01	-4.380069e+01
6.030000e-06	-2.176199e-06	-6.914411e-10	-1.514299e+01	-4.457410e+01
6.040000e-06	-2.219003e-06	-7.012699e-10	-1.544084e+01	-4.533078e+01
6.050000e-06	-2.261643e-06	-7.105287e-10	-1.573755e+01	-4.607125e+01
6.060000e-06	-2.304112e-06	-7.219206e-10	-1.603306e+01	-4.679606e+01
6.070000e-06	-2.346406e-06	-7.341952e-10	-1.632737e+01	-4.750575e+01
6.080000e-06	-2.388532e-06	-7.465409e-10	-1.662050e+01	-4.820086e+01
6.090000e-06	-2.430579e-06	-7.582273e-10	-1.691308e+01	-4.888193e+01
6.100000e-06	-2.472511e-06	-7.678401e-10	-1.720486e+01	-4.954949e+01
6.110000e-06	-2.514150e-06	-7.771511e-10	-1.749461e+01	-5.020408e+01
6.120000e-06	-2.555592e-06	-7.888662e-10	-1.778298e+01	-5.084620e+01
6.130000e-06	-2.596854e-06	-8.004958e-10	-1.807010e+01	-5.147634e+01
6.140000e-06	-2.637903e-06	-8.088640e-10	-1.835573e+01	-5.209497e+01
6.150000e-06	-2.678841e-06	-8.180534e-10	-1.864060e+01	-5.270254e+01
6.160000e-06	-2.719626e-06	-8.285973e-10	-1.892440e+01	-5.329947e+01
6.170000e-06	-2.760202e-06	-8.386753e-10	-1.920675e+01	-5.388616e+01
6.180000e-06	-2.800659e-06	-8.481902e-10	-1.948826e+01	-5.446297e+01
6.190000e-06	-2.841027e-06	-8.564228e-10	-1.976917e+01	-5.503025e+01
6.200000e-06	-2.881303e-06	-8.630801e-10	-2.004943e+01	-5.558830e+01
6.210000e-06	-2.921488e-06	-8.699434e-10	-2.032905e+01	-5.613739e+01
6.220000e-06	-2.961520e-06	-8.795049e-10	-2.060761e+01	-5.667777e+01
6.230000e-06	-3.001348e-06	-8.915834e-10	-2.088475e+01	-5.720966e+01
6.240000e-06	-3.040900e-06	-9.024964e-10	-2.115997e+01	-5.773324e+01
6.250000e-06	-3.080116e-06	-9.112766e-10	-2.143285e+01	-5.824866e+01
6.260000e-06	-3.119071e-06	-9.186742e-10	-2.170392e+01	-5.875607e+01
6.270000e-06	-3.157684e-06	-9.254846e-10	-2.197261e+01	-5.925555e+01
6.280000e-06	-3.195897e-06	-9.323664e-10	-2.223851e+01	-5.974720e+01
6.290000e-06	-3.233765e-06	-9.415964e-10	-2.250201e+01	-6.023106e+01
6.300000e-06	-3.271240e-06	-9.518299e-10	-2.276278e+01	-6.070717e+01
6.310000e-06	-3.308310e-06	-9.620156e-10	-2.302073e+01	-6.117555e+01
6.320000e-06	-3.345073e-06	-9.725014e-10	-2.327655e+01	-6.163620e+01
6.330000e-06	-3.381659e-06	-9.796565e-10	-2.353113e+01	-6.208911e+01
6.340000e-06	-3.418105e-06	-9.844574e-10	-2.378474e+01	-6.253426e+01
6.350000e-06	-3.454413e-06	-9.903907e-10	-2.403738e+01	-6.297162e+01
6.360000e-06	-3.490554e-06	-9.971867e-10	-2.428887e+01	-6.340116e+01
6.370000e-06	-3.526489e-06	-1.003413e-09	-2.453893e+01	-6.382282e+01
6.380000e-06	-3.562236e-06	-1.009716e-09	-2.478767e+01	-6.423659e+01
6.390000e-06	-3.597807e-06	-1.015595e-09	-2.503519e+01	-6.464241e+01
6.400000e-06	-3.633107e-06	-1.019621e-09	-2.528082e+01	-6.504026e+01
6.410000e-06	-3.668102e-06	-1.024755e-09	-2.552433e+01	-6.543010e+01
6.420000e-06	-3.702921e-06	-1.032689e-09	-2.576662e+01	-6.581191e+01
6.430000e-06	-3.737545e-06	-1.042292e-09	-2.600755e+01	-6.618569e+01
6.440000e-06	-3.771893e-06	-1.053053e-09	-2.624656e+01	-6.655143e+01
6.450000e-06	-3.805961e-06	-1.061554e-09	-2.648362e+01	-6.690915e+01
6.460000e-06	-3.839703e-06	-1.067125e-09	-2.671841e+01	-6.725888e+01
6.470000e-06	-3.873159e-06	-1.072058e-09	-2.695122e+01	-6.760064e+01
6.480000e-06	-3.906337e-06	-1.076765e-09	-2.718208e+01	-6.793451e+01
6.490000e-06	-3.939158e-06	-1.078824e-09	-2.741046e+01	-6.826055e+01
6.500000e-06	-3.971710e-06	-1.081804e-09	-2.763698e+01	-6.857886e+01
6.510000e-06	-4.004113e-06	-1.089118e-09	-2.786245e+01	-6.888953e+01
6.520000e-06	-4.036343e-06	-1.098768e-09	-2.808672e+01	-6.919269e+01
6.530000e-06	-4.068415e-06	-1.108622e-09	-2.830989e+01	-6.948848e+01
6.540000e-06	-4.100293e-06	-1.117664e-09	-2.853172e+01	-6.977704e+01
6.550000e-06	-4.131862e-06	-1.124593e-09	-2.875139e+01	-7.005854e+01
6.560000e-06	-4.163006e-06	-1.128619e-09	-2.896810e+01	-7.033316e+01
6.570000e-06	-4.193631e-06	-1.130473e-09	-2.918120e+01	-7.060109e+01
6.580000e-06	-4.223799e-06	-1.131611e-09	-2.939113e+01	-7.086253e+01
6.590000e-06	-4.253523e-06	-1.132651e-09	-2.959796e+01	-7.111769e+01
6.600000e-06	-4.282766e-06	-1.137008e-09	-2.980145e+01	-7.136680e+01
6.610000e-06	-4.311584e-06	-1.146084e-09	-3.000197e+01	-7.161007e+01
6.620000e-06	-4.340129e-06	-1.157001e-09	-3.020060e+01	-7.184774e+01
6.630000e-06	-4.368542e-06	-1.167514e-09	-3.039831e+01	-7.208003e+01
6.640000e-06	-4.396847e-06	-1.174728e-09	-3.059527e+01	-7.230717e+01
6.650000e-06	-4.424952e-06	-1.177362e-09	-3.079084e+01	-7.252941e+01
6.660000e-06	-4.452735e-06	-1.177405e-09	-3.098417e+01	-7.274696e+01
6.670000e-06	-4.480146e-06	-1.176659e-09	-3.117490e+01	-7.296006e+01
6.680000e-06	-4.507167e-06	-1.177294e-09	-3.136293e+01	-7.316891e+01
6.690000e-06	-4.533854e-06	-1.180651e-09	-3.154863e+01	-7.337373e+01
6.700000e-06	-4.560324e-06	-1.184597e-09	-3.173282e+01	-7.357472e+01
6.710000e-06	-4.586495e-06	-1.188456e-09	-3.191493e+01	-7.377206e+01
6.720000e-06	-4.612232e-06	-1.193661e-09	-3.209402e+01	-7.396594e+01
6.730000e-06	-4.637569e-06	-1.198108e-09	-3.227033e+01	-7.415651e+01
6.740000e-06	-4.662570e-06	-1.200343e-09	-3.244429e+01	-7.434393e+01
6.750000e-06	-4.687349e-06	-1.203008e-09	-3.261672e+01	-7.452833e+01
6.760000e-06	-4.711871e-06	-1.203644e-09	-3.278735e+01	-7.470982e+01
6.770000e-06	-4.736174e-06	-1.201567e-09	-3.295646e+01	-7.488850e+01
6.780000e-06	-4.760338e-06	-1.202174e-09	-3.312461e+01	-7.506446e+01
6.790000e-06	-4.784279e-06	-1.205382e-09	-3.329120e+01	-7.523775e+01
6.800000e-06	-4.807859e-06	-1.208092e-09	-3.345528e+01	-7.540844e+01
6.810000e-06	-4.831021e-06	-1.210360e-09	-3.361646e+01	-7.557654e+01
6.820000e-06	-4.853680e-06	-1.210891e-09	-3.377413e+01	-7.574206e+01
6.830000e-06	-4.875682e-06	-1.210158e-09	-3.392723e+01	-7.590501e+01
6.840000e-06	-4.897150e-06	-1.210207e-09	-3.407661e+01	-7.606536e+01
6.850000e-06	-4.918200e-06	-1.213391e-09	-3.422309e+01	-7.622306e+01
6.860000e-06	-4.938905e-06	-1.219064e-09	-3.436716e+01	-7.637808e+01
6.870000e-06	-4.959378e-06	-1.223539e-09	-3.450962e+01	-7.653034e+01
6.880000e-06	-4.979663e-06	-1.225464e-09	-3.465078e+01	-7.667977e+01
6.890000e-06	-4.999698e-06	-1.224767e-09	-3.479019e+01	-7.682627e+01
6.900000e-06	-5.019344e-06	-1.224268e-09	-3.492689e+01	-7.696974e+01
6.910000e-06	-5.038587e-06	-1.226037e-09	-3.506079e+01	-7.711008e+01
6.920000e-06	-5.057478e-06	-1.228389e-09	-3.519225e+01	-7.724716e+01
6.930000e-06	-5.076068e-06	-1.232343e-09	-3.532160e+01	-7.738088e+01
6.940000e-06	-5.094347e-06	-1.236152e-09	-3.544880e+01	-7.751109e+01
6.950000e-06	-5.112301e-06	-1.236950e-09	-3.557373e+01	-7.763767e+01
6.960000e-06	-5.129912e-06	-1.234137e-09	-3.569627e+01	-7.776050e+01
6.970000e-06	-5.147143e-06	-1.234685e-09	-3.581617e+01	-7.787944e+01
6.980000e-06	-5.164036e-06	-1.237654e-09	-3.593372e+01	-7.799436e+01
6.990000e-06	-5.180680e-06	-1.240041e-09	-3.604954e+01	-7.810514e+01
7.000000e-06	-5.197112e-06	-1.241796e-09	-3.616388e+01	-7.821167e+01
7.010000e-06	-5.213213e-06	-1.240682e-09	-3.627592e+01	-7.831382e+01
7.020000e-06	-5.228855e-06	-1.237977e-09	-3.638477e+01	-7.841150e+01
7.030000e-06	-5.243931e-06	-1.236584e-09	-3.648967e+01	-7.850462e+01
7.040000e-06	-5.258388e-06	-1.239360e-09	-3.659027e+01	-7.859307e+01
7.050000e-06	-5.272298e-06	-1.244294e-09	-3.668706e+01	-7.867680e+01
7.060000e-06	-5.285665e-06	-1.247775e-09	-3.678007e+01	-7.875573e+01
7.070000e-06	-5.298492e-06	-1.250279e-09	-3.686933e+01	-7.882982e+01
7.080000e-06	-5.310907e-06	-1.250917e-09	-3.695572e+01	-7.889904e+01
7.090000e-06	-5.323009e-06	-1.247671e-09	-3.703993e+01	-7.896335e+01
7.100000e-06	-5.334820e-06	-1.244178e-09	-3.712212e+01	-7.902276e+01
7.110000e-06	-5.346252e-06	-1.242507e-09	-3.720166e+01	-7.907726e+01
7.120000e-06	-5.357298e-06	-1.243601e-09	-3.727853e+01	-7.912688e+01
7.130000e-06	-5.367975e-06	-1.246834e-09	-3.735283e+01	-7.917165e+01
7.140000e-06	-5.378277e-06	-1.249786e-09	-3.742451e+01	-7.921163e+01
7.150000e-06	-5.388218e-06	-1.249104e-09	-3.749369e+01	-7.924688e+01
7.160000e-06	-5.397759e-06	-1.246729e-09	-3.756007e+01	-7.927747e+01
7.170000e-06	-5.406884e-06	-1.244174e-09	-3.762357e+01	-7.930350e+01
7.180000e-06	-5.415643e-06	-1.241389e-09	-3.768452e+01	-7.932507e+01
7.190000e-06	-5.424199e-06	-1.239285e-09	-3.774406e+01	-7.934230e+01
7.200000e-06	-5.432607e-06	-1.239268e-09	-3.780256e+01	-7.935531e+01
7.210000e-06	-5.440754e-06	-1.239416e-09	-3.785925e+01	-7.936423e+01
7.220000e-06	-5.448513e-06	-1.239383e-09	-3.791325e+01	-7.936922e+01
7.230000e-06	-5.455738e-06	-1.241242e-09	-3.796352e+01	-7.937043e+01
7.240000e-06	-5.462349e-06	-1.243867e-09	-3.800952e+01	-7.936801e+01
7.250000e-06	-5.468417e-06	-1.243631e-09	-3.805175e+01	-7.936214e+01
7.260000e-06	-5.473939e-06	-1.241747e-09	-3.809017e+01	-7.935297e+01
7.270000e-06	-5.478938e-06	-1.241023e-09	-3.812495e+01	-7.934069e+01
7.280000e-06	-5.483582e-06	-1.239952e-09	-3.815728e+01	-7.932547e+01
7.290000e-06	-5.487943e-06	-1.236230e-09	-3.818762e+01	-7.930748e+01
7.300000e-06	-5.492005e-06	-1.232083e-09	-3.821588e+01	-7.928689e+01
7.310000e-06	-5.495768e-06	-1.227642e-09	-3.824207e+01	-7.926388e+01
7.320000e-06	-5.499126e-06	-1.224783e-09	-3.826543e+01	-7.923862e+01
7.330000e-06	-5.502062e-06	-1.226963e-09	-3.828586e+01	-7.921126e+01
7.340000e-06	-5.504699e-06	-1.230335e-09	-3.830421e+01	-7.918197e+01
7.350000e-06	-5.507076e-06	-1.232854e-09	-3.832075e+01	-7.915089e+01
7.360000e-06	-5.509112e-06	-1.232645e-09	-3.833492e+01	-7.911817e+01
7.370000e-06	-5.510643e-06	-1.227181e-09	-3.834557e+01	-7.908393e+01
7.380000e-06	-5.511749e-06	-1.219107e-09	-3.835327e+01	-7.904830e+01
7.390000e-06	-5.512572e-06	-1.213412e-09	-3.835900e+01	-7.901138e+01
7.400000e-06	-5.513081e-06	-1.210689e-09	-3.836254e+01	-7.897329e+01
