# Temperatura_=_14.6
# Concentracion g/m^3_=_1620.0
# C_Vs_to_Am_M_A/Vsm_=_65563218390.804596
# pendiente_HvsI_1/m_=_3716.3
# ordenada_HvsI_A/m_=_1297.0
# frecuencia_Hz_=_135106.63856479668

Tiempo_(s)	Campo_(V.s)	Magnetizacion_(V.s)	Campo_(kA/m)	Magnetizacion_(A/m)
0.000000e+00	-5.524284e-06	-1.170559e-09	-3.836826e+01	-7.455286e+01
1.000000e-08	-5.524487e-06	-1.172303e-09	-3.836967e+01	-7.453277e+01
2.000000e-08	-5.524368e-06	-1.175445e-09	-3.836885e+01	-7.451166e+01
3.000000e-08	-5.523805e-06	-1.178780e-09	-3.836493e+01	-7.448936e+01
4.000000e-08	-5.522753e-06	-1.176400e-09	-3.835763e+01	-7.446570e+01
5.000000e-08	-5.521136e-06	-1.169642e-09	-3.834640e+01	-7.444049e+01
6.000000e-08	-5.519004e-06	-1.164191e-09	-3.833159e+01	-7.441356e+01
7.000000e-08	-5.516342e-06	-1.174854e-09	-3.831310e+01	-7.438469e+01
8.000000e-08	-5.513198e-06	-1.202553e-09	-3.829127e+01	-7.435372e+01
9.000000e-08	-5.509559e-06	-1.188213e-09	-3.826599e+01	-7.432045e+01
1.000000e-07	-5.505407e-06	-1.105528e-09	-3.823715e+01	-7.428470e+01
1.100000e-07	-5.500960e-06	-1.096415e-09	-3.820626e+01	-7.424629e+01
1.200000e-07	-5.496331e-06	-1.204006e-09	-3.817411e+01	-7.420505e+01
1.300000e-07	-5.491370e-06	-1.248795e-09	-3.813966e+01	-7.416082e+01
1.400000e-07	-5.485962e-06	-1.134585e-09	-3.810210e+01	-7.411345e+01
1.500000e-07	-5.480323e-06	-1.082463e-09	-3.806293e+01	-7.406279e+01
1.600000e-07	-5.474393e-06	-1.176835e-09	-3.802175e+01	-7.400872e+01
1.700000e-07	-5.467994e-06	-1.237653e-09	-3.797731e+01	-7.395112e+01
1.800000e-07	-5.461134e-06	-1.120815e-09	-3.792966e+01	-7.388988e+01
1.900000e-07	-5.453939e-06	-1.055803e-09	-3.787969e+01	-7.382491e+01
2.000000e-07	-5.446516e-06	-1.128667e-09	-3.782813e+01	-7.375615e+01
2.100000e-07	-5.438813e-06	-1.190370e-09	-3.777463e+01	-7.368353e+01
2.200000e-07	-5.430787e-06	-1.126925e-09	-3.771889e+01	-7.360701e+01
2.300000e-07	-5.422443e-06	-1.063527e-09	-3.766094e+01	-7.352655e+01
2.400000e-07	-5.413585e-06	-1.084598e-09	-3.759942e+01	-7.344214e+01
2.500000e-07	-5.403939e-06	-1.103120e-09	-3.753242e+01	-7.335378e+01
2.600000e-07	-5.393616e-06	-1.080191e-09	-3.746072e+01	-7.326148e+01
2.700000e-07	-5.382897e-06	-1.055777e-09	-3.738628e+01	-7.316527e+01
2.800000e-07	-5.371754e-06	-1.077307e-09	-3.730888e+01	-7.306518e+01
2.900000e-07	-5.360180e-06	-1.082912e-09	-3.722850e+01	-7.296126e+01
3.000000e-07	-5.348283e-06	-1.076054e-09	-3.714587e+01	-7.285357e+01
3.100000e-07	-5.335947e-06	-1.057953e-09	-3.706019e+01	-7.274217e+01
3.200000e-07	-5.323124e-06	-1.072397e-09	-3.697113e+01	-7.262715e+01
3.300000e-07	-5.309935e-06	-1.081951e-09	-3.687953e+01	-7.250859e+01
3.400000e-07	-5.296390e-06	-1.074350e-09	-3.678545e+01	-7.238657e+01
3.500000e-07	-5.282356e-06	-1.036642e-09	-3.668798e+01	-7.226119e+01
3.600000e-07	-5.267879e-06	-1.055875e-09	-3.658743e+01	-7.213254e+01
3.700000e-07	-5.253016e-06	-1.074371e-09	-3.648420e+01	-7.200074e+01
3.800000e-07	-5.237642e-06	-1.051296e-09	-3.637742e+01	-7.186586e+01
3.900000e-07	-5.221722e-06	-1.042729e-09	-3.626685e+01	-7.172803e+01
4.000000e-07	-5.205384e-06	-1.084055e-09	-3.615338e+01	-7.158733e+01
4.100000e-07	-5.188706e-06	-1.053605e-09	-3.603755e+01	-7.144387e+01
4.200000e-07	-5.171611e-06	-1.009259e-09	-3.591881e+01	-7.129773e+01
4.300000e-07	-5.154144e-06	-1.065368e-09	-3.579750e+01	-7.114902e+01
4.400000e-07	-5.136339e-06	-1.093916e-09	-3.567383e+01	-7.099781e+01
4.500000e-07	-5.118133e-06	-1.014806e-09	-3.554738e+01	-7.084419e+01
4.600000e-07	-5.099543e-06	-1.018103e-09	-3.541827e+01	-7.068822e+01
4.700000e-07	-5.080597e-06	-1.095366e-09	-3.528668e+01	-7.052998e+01
4.800000e-07	-5.061340e-06	-1.046912e-09	-3.515294e+01	-7.036953e+01
4.900000e-07	-5.041865e-06	-9.930036e-10	-3.501768e+01	-7.020691e+01
5.000000e-07	-5.022218e-06	-1.056593e-09	-3.488122e+01	-7.004218e+01
5.100000e-07	-5.002301e-06	-1.060091e-09	-3.474289e+01	-6.987537e+01
5.200000e-07	-4.981983e-06	-9.922179e-10	-3.460177e+01	-6.970651e+01
5.300000e-07	-4.961284e-06	-1.042369e-09	-3.445801e+01	-6.953562e+01
5.400000e-07	-4.940307e-06	-1.075007e-09	-3.431231e+01	-6.936270e+01
5.500000e-07	-4.918974e-06	-9.940417e-10	-3.416415e+01	-6.918778e+01
5.600000e-07	-4.897279e-06	-9.932250e-10	-3.401347e+01	-6.901083e+01
5.700000e-07	-4.875273e-06	-1.067133e-09	-3.386063e+01	-6.883185e+01
5.800000e-07	-4.852879e-06	-1.017743e-09	-3.370510e+01	-6.865082e+01
5.900000e-07	-4.830129e-06	-9.768638e-10	-3.354709e+01	-6.846772e+01
6.000000e-07	-4.807158e-06	-1.035451e-09	-3.338755e+01	-6.828251e+01
6.100000e-07	-4.783917e-06	-1.032242e-09	-3.322613e+01	-6.809515e+01
6.200000e-07	-4.760365e-06	-9.762857e-10	-3.306255e+01	-6.790560e+01
6.300000e-07	-4.736524e-06	-1.010408e-09	-3.289697e+01	-6.771380e+01
6.400000e-07	-4.712398e-06	-1.028512e-09	-3.272940e+01	-6.751971e+01
6.500000e-07	-4.687870e-06	-9.863467e-10	-3.255905e+01	-6.732325e+01
6.600000e-07	-4.662791e-06	-9.926276e-10	-3.238486e+01	-6.712437e+01
6.700000e-07	-4.637162e-06	-1.018946e-09	-3.220686e+01	-6.692300e+01
6.800000e-07	-4.610981e-06	-9.860286e-10	-3.202503e+01	-6.671905e+01
6.900000e-07	-4.584432e-06	-9.745988e-10	-3.184063e+01	-6.651247e+01
7.000000e-07	-4.557572e-06	-9.944826e-10	-3.165407e+01	-6.630315e+01
7.100000e-07	-4.530390e-06	-9.783047e-10	-3.146528e+01	-6.609103e+01
7.200000e-07	-4.502935e-06	-9.622484e-10	-3.127460e+01	-6.587602e+01
7.300000e-07	-4.475216e-06	-9.798457e-10	-3.108209e+01	-6.565803e+01
7.400000e-07	-4.447232e-06	-9.775764e-10	-3.088773e+01	-6.543697e+01
7.500000e-07	-4.419017e-06	-9.610683e-10	-3.069176e+01	-6.521275e+01
7.600000e-07	-4.390555e-06	-9.661565e-10	-3.049408e+01	-6.498528e+01
7.700000e-07	-4.361801e-06	-9.639276e-10	-3.029437e+01	-6.475446e+01
7.800000e-07	-4.332714e-06	-9.485282e-10	-3.009235e+01	-6.452020e+01
7.900000e-07	-4.303317e-06	-9.463969e-10	-2.988818e+01	-6.428240e+01
8.000000e-07	-4.273727e-06	-9.448648e-10	-2.968266e+01	-6.404096e+01
8.100000e-07	-4.243810e-06	-9.282894e-10	-2.947488e+01	-6.379578e+01
8.200000e-07	-4.213423e-06	-9.263657e-10	-2.926383e+01	-6.354676e+01
8.300000e-07	-4.182737e-06	-9.298049e-10	-2.905070e+01	-6.329381e+01
8.400000e-07	-4.151875e-06	-9.181966e-10	-2.883636e+01	-6.303683e+01
8.500000e-07	-4.120822e-06	-9.072811e-10	-2.862068e+01	-6.277570e+01
8.600000e-07	-4.089555e-06	-9.118795e-10	-2.840352e+01	-6.251035e+01
8.700000e-07	-4.058137e-06	-9.039842e-10	-2.818531e+01	-6.224066e+01
8.800000e-07	-4.026547e-06	-8.905580e-10	-2.796591e+01	-6.196654e+01
8.900000e-07	-3.994716e-06	-8.876055e-10	-2.774483e+01	-6.168790e+01
9.000000e-07	-3.962523e-06	-8.821071e-10	-2.752124e+01	-6.140464e+01
9.100000e-07	-3.929920e-06	-8.658581e-10	-2.729479e+01	-6.111667e+01
9.200000e-07	-3.896992e-06	-8.642532e-10	-2.706610e+01	-6.082391e+01
9.300000e-07	-3.863675e-06	-8.655953e-10	-2.683470e+01	-6.052626e+01
9.400000e-07	-3.829888e-06	-8.552363e-10	-2.660004e+01	-6.022366e+01
9.500000e-07	-3.795660e-06	-8.470822e-10	-2.636230e+01	-5.991603e+01
9.600000e-07	-3.761089e-06	-8.509691e-10	-2.612220e+01	-5.960331e+01
9.700000e-07	-3.726229e-06	-8.433909e-10	-2.588008e+01	-5.928542e+01
9.800000e-07	-3.691098e-06	-8.287701e-10	-2.563609e+01	-5.896232e+01
9.900000e-07	-3.655708e-06	-8.249493e-10	-2.539028e+01	-5.863396e+01
1.000000e-06	-3.620146e-06	-8.214578e-10	-2.514330e+01	-5.830031e+01
1.010000e-06	-3.584404e-06	-8.123157e-10	-2.489505e+01	-5.796134e+01
1.020000e-06	-3.548471e-06	-8.136151e-10	-2.464548e+01	-5.761702e+01
1.030000e-06	-3.512348e-06	-8.183958e-10	-2.439460e+01	-5.726736e+01
1.040000e-06	-3.476060e-06	-8.123063e-10	-2.414256e+01	-5.691237e+01
1.050000e-06	-3.439579e-06	-8.055700e-10	-2.388919e+01	-5.655205e+01
1.060000e-06	-3.402794e-06	-8.018601e-10	-2.363370e+01	-5.618643e+01
1.070000e-06	-3.365709e-06	-7.915486e-10	-2.337613e+01	-5.581557e+01
1.080000e-06	-3.328376e-06	-7.784760e-10	-2.311684e+01	-5.543950e+01
1.090000e-06	-3.290821e-06	-7.754441e-10	-2.285601e+01	-5.505831e+01
1.100000e-06	-3.252993e-06	-7.713312e-10	-2.259327e+01	-5.467207e+01
1.110000e-06	-3.214905e-06	-7.647095e-10	-2.232874e+01	-5.428088e+01
1.120000e-06	-3.176618e-06	-7.629295e-10	-2.206283e+01	-5.388483e+01
1.130000e-06	-3.138123e-06	-7.620987e-10	-2.179546e+01	-5.348405e+01
1.140000e-06	-3.099386e-06	-7.532987e-10	-2.152642e+01	-5.307866e+01
1.150000e-06	-3.060464e-06	-7.451267e-10	-2.125609e+01	-5.266880e+01
1.160000e-06	-3.021374e-06	-7.409515e-10	-2.098460e+01	-5.225462e+01
1.170000e-06	-2.982125e-06	-7.340389e-10	-2.071199e+01	-5.183627e+01
1.180000e-06	-2.942727e-06	-7.242957e-10	-2.043836e+01	-5.141392e+01
1.190000e-06	-2.903212e-06	-7.221623e-10	-2.016392e+01	-5.098772e+01
1.200000e-06	-2.863581e-06	-7.193871e-10	-1.988866e+01	-5.055785e+01
1.210000e-06	-2.823807e-06	-7.128405e-10	-1.961241e+01	-5.012447e+01
1.220000e-06	-2.783864e-06	-7.052257e-10	-1.933500e+01	-4.968775e+01
1.230000e-06	-2.743656e-06	-6.996148e-10	-1.905574e+01	-4.924787e+01
1.240000e-06	-2.703222e-06	-6.920907e-10	-1.877491e+01	-4.880496e+01
1.250000e-06	-2.662615e-06	-6.850551e-10	-1.849287e+01	-4.835920e+01
1.260000e-06	-2.621804e-06	-6.805856e-10	-1.820943e+01	-4.791071e+01
1.270000e-06	-2.580655e-06	-6.763305e-10	-1.792364e+01	-4.745963e+01
1.280000e-06	-2.539132e-06	-6.677280e-10	-1.763524e+01	-4.700606e+01
1.290000e-06	-2.497375e-06	-6.581724e-10	-1.734522e+01	-4.655009e+01
1.300000e-06	-2.455341e-06	-6.492336e-10	-1.705328e+01	-4.609180e+01
1.310000e-06	-2.412983e-06	-6.400369e-10	-1.675909e+01	-4.563123e+01
1.320000e-06	-2.370459e-06	-6.342314e-10	-1.646374e+01	-4.516840e+01
1.330000e-06	-2.327766e-06	-6.294446e-10	-1.616722e+01	-4.470329e+01
1.340000e-06	-2.284814e-06	-6.243592e-10	-1.586891e+01	-4.423588e+01
1.350000e-06	-2.241630e-06	-6.186838e-10	-1.556897e+01	-4.376607e+01
1.360000e-06	-2.198267e-06	-6.118679e-10	-1.526780e+01	-4.329377e+01
1.370000e-06	-2.154824e-06	-6.021074e-10	-1.496607e+01	-4.281881e+01
1.380000e-06	-2.111333e-06	-5.923806e-10	-1.466402e+01	-4.234102e+01
1.390000e-06	-2.067782e-06	-5.834169e-10	-1.436154e+01	-4.186016e+01
1.400000e-06	-2.024079e-06	-5.740104e-10	-1.405800e+01	-4.137595e+01
1.410000e-06	-1.980217e-06	-5.654099e-10	-1.375336e+01	-4.088810e+01
1.420000e-06	-1.936275e-06	-5.603671e-10	-1.344817e+01	-4.039624e+01
1.430000e-06	-1.892205e-06	-5.548112e-10	-1.314209e+01	-3.989997e+01
1.440000e-06	-1.848022e-06	-5.498503e-10	-1.283522e+01	-3.939885e+01
1.450000e-06	-1.803820e-06	-5.431248e-10	-1.252822e+01	-3.889239e+01
1.460000e-06	-1.759503e-06	-5.353354e-10	-1.222042e+01	-3.838009e+01
1.470000e-06	-1.714954e-06	-5.253777e-10	-1.191101e+01	-3.786136e+01
1.480000e-06	-1.670213e-06	-5.147260e-10	-1.160027e+01	-3.733562e+01
1.490000e-06	-1.625370e-06	-5.055334e-10	-1.128882e+01	-3.680223e+01
1.500000e-06	-1.580450e-06	-4.978075e-10	-1.097683e+01	-3.626052e+01
1.510000e-06	-1.535415e-06	-4.896307e-10	-1.066404e+01	-3.570980e+01
1.520000e-06	-1.490238e-06	-4.814683e-10	-1.035027e+01	-3.514935e+01
1.530000e-06	-1.444946e-06	-4.725414e-10	-1.003570e+01	-3.457842e+01
1.540000e-06	-1.399628e-06	-4.638454e-10	-9.720953e+00	-3.399627e+01
1.550000e-06	-1.354230e-06	-4.554333e-10	-9.405646e+00	-3.340213e+01
1.560000e-06	-1.308723e-06	-4.434271e-10	-9.089581e+00	-3.279520e+01
1.570000e-06	-1.263118e-06	-4.288640e-10	-8.772839e+00	-3.217472e+01
1.580000e-06	-1.217382e-06	-4.144487e-10	-8.455181e+00	-3.153991e+01
1.590000e-06	-1.171556e-06	-4.003743e-10	-8.136901e+00	-3.088999e+01
1.600000e-06	-1.125667e-06	-3.863342e-10	-7.818186e+00	-3.022422e+01
1.610000e-06	-1.079686e-06	-3.736505e-10	-7.498830e+00	-2.954186e+01
1.620000e-06	-1.033584e-06	-3.620328e-10	-7.178635e+00	-2.884219e+01
1.630000e-06	-9.874308e-07	-3.495961e-10	-6.858084e+00	-2.812455e+01
1.640000e-06	-9.412474e-07	-3.382579e-10	-6.537322e+00	-2.738828e+01
1.650000e-06	-8.949735e-07	-3.284443e-10	-6.215933e+00	-2.663280e+01
1.660000e-06	-8.486282e-07	-3.165451e-10	-5.894047e+00	-2.585756e+01
1.670000e-06	-8.022341e-07	-3.024390e-10	-5.571822e+00	-2.506205e+01
1.680000e-06	-7.558283e-07	-2.896702e-10	-5.249516e+00	-2.424584e+01
1.690000e-06	-7.094035e-07	-2.785209e-10	-4.927078e+00	-2.340857e+01
1.700000e-06	-6.629799e-07	-2.664601e-10	-4.604648e+00	-2.254991e+01
1.710000e-06	-6.165395e-07	-2.534977e-10	-4.282102e+00	-2.166965e+01
1.720000e-06	-5.700112e-07	-2.400901e-10	-3.958945e+00	-2.076763e+01
1.730000e-06	-5.233680e-07	-2.256520e-10	-3.634990e+00	-1.984377e+01
1.740000e-06	-4.766723e-07	-2.101418e-10	-3.310671e+00	-1.889808e+01
1.750000e-06	-4.300192e-07	-1.959635e-10	-2.986647e+00	-1.793065e+01
1.760000e-06	-3.832614e-07	-1.829363e-10	-2.661896e+00	-1.694166e+01
1.770000e-06	-3.363627e-07	-1.711233e-10	-2.336167e+00	-1.593138e+01
1.780000e-06	-2.894392e-07	-1.581848e-10	-2.010266e+00	-1.490016e+01
1.790000e-06	-2.425807e-07	-1.442035e-10	-1.684816e+00	-1.384844e+01
1.800000e-06	-1.957560e-07	-1.298567e-10	-1.359600e+00	-1.277676e+01
1.810000e-06	-1.488335e-07	-1.136585e-10	-1.033706e+00	-1.168573e+01
1.820000e-06	-1.018701e-07	-9.638778e-11	-7.075265e-01	-1.057607e+01
1.830000e-06	-5.496758e-08	-8.095508e-11	-3.817708e-01	-9.448550e+00
1.840000e-06	-8.068156e-09	-6.611297e-11	-5.603643e-02	-8.304046e+00
1.850000e-06	3.886537e-08	-5.316766e-11	2.699349e-01	-7.143500e+00
1.860000e-06	8.580601e-08	-4.112198e-11	5.959555e-01	-5.967928e+00
1.870000e-06	1.327016e-07	-2.577061e-11	9.216634e-01	-4.778415e+00
1.880000e-06	1.795852e-07	-8.742514e-12	1.247288e+00	-3.576109e+00
1.890000e-06	2.265445e-07	7.466605e-12	1.573438e+00	-2.362215e+00
1.900000e-06	2.734915e-07	2.305853e-11	1.899503e+00	-1.137990e+00
1.910000e-06	3.203949e-07	3.843172e-11	2.225265e+00	9.526271e-02
1.920000e-06	3.672328e-07	5.417621e-11	2.550572e+00	1.336201e+00
1.930000e-06	4.139492e-07	7.078934e-11	2.875035e+00	2.583452e+00
1.940000e-06	4.605971e-07	8.722649e-11	3.199023e+00	3.835614e+00
1.950000e-06	5.071821e-07	1.031637e-10	3.522573e+00	5.091272e+00
1.960000e-06	5.537250e-07	1.198981e-10	3.845832e+00	6.348996e+00
1.970000e-06	6.003389e-07	1.384239e-10	4.169582e+00	7.607355e+00
1.980000e-06	6.469827e-07	1.562210e-10	4.493542e+00	8.864919e+00
1.990000e-06	6.935208e-07	1.727637e-10	4.816767e+00	1.012027e+01
2.000000e-06	7.399861e-07	1.893546e-10	5.139486e+00	1.137202e+01
2.010000e-06	7.863713e-07	2.056944e-10	5.461649e+00	1.261878e+01
2.020000e-06	8.326489e-07	2.222982e-10	5.783064e+00	1.385921e+01
2.030000e-06	8.788676e-07	2.416855e-10	6.104071e+00	1.509202e+01
2.040000e-06	9.250067e-07	2.613770e-10	6.424524e+00	1.631594e+01
2.050000e-06	9.710749e-07	2.782159e-10	6.744486e+00	1.752976e+01
2.060000e-06	1.017060e-06	2.934487e-10	7.063871e+00	1.873232e+01
2.070000e-06	1.062968e-06	3.085535e-10	7.382716e+00	1.992254e+01
2.080000e-06	1.108822e-06	3.244145e-10	7.701195e+00	2.109939e+01
2.090000e-06	1.154525e-06	3.421324e-10	8.018618e+00	2.226189e+01
2.100000e-06	1.200125e-06	3.613854e-10	8.335329e+00	2.340918e+01
2.110000e-06	1.245731e-06	3.795094e-10	8.652078e+00	2.454042e+01
2.120000e-06	1.291278e-06	3.954142e-10	8.968416e+00	2.565489e+01
2.130000e-06	1.336683e-06	4.102495e-10	9.283771e+00	2.675192e+01
2.140000e-06	1.381966e-06	4.243583e-10	9.598281e+00	2.783094e+01
2.150000e-06	1.427213e-06	4.368996e-10	9.912536e+00	2.889144e+01
2.160000e-06	1.472397e-06	4.505404e-10	1.022636e+01	2.993300e+01
2.170000e-06	1.517495e-06	4.657435e-10	1.053958e+01	3.095528e+01
2.180000e-06	1.562478e-06	4.819757e-10	1.085200e+01	3.195802e+01
2.190000e-06	1.607302e-06	4.993694e-10	1.116332e+01	3.294103e+01
2.200000e-06	1.651963e-06	5.152777e-10	1.147351e+01	3.390420e+01
2.210000e-06	1.696528e-06	5.280352e-10	1.178303e+01	3.484748e+01
2.220000e-06	1.740958e-06	5.382969e-10	1.209162e+01	3.577089e+01
2.230000e-06	1.785252e-06	5.496419e-10	1.239926e+01	3.667452e+01
2.240000e-06	1.829397e-06	5.616409e-10	1.270586e+01	3.755853e+01
2.250000e-06	1.873345e-06	5.736068e-10	1.301110e+01	3.842311e+01
2.260000e-06	1.917218e-06	5.869344e-10	1.331581e+01	3.926853e+01
2.270000e-06	1.961036e-06	6.004397e-10	1.362015e+01	4.009507e+01
2.280000e-06	2.004787e-06	6.119595e-10	1.392401e+01	4.090309e+01
2.290000e-06	2.048454e-06	6.219000e-10	1.422729e+01	4.169296e+01
2.300000e-06	2.092088e-06	6.314766e-10	1.453035e+01	4.246510e+01
2.310000e-06	2.135704e-06	6.417501e-10	1.483328e+01	4.321995e+01
2.320000e-06	2.179223e-06	6.533187e-10	1.513553e+01	4.395796e+01
2.330000e-06	2.222676e-06	6.637096e-10	1.543733e+01	4.467960e+01
2.340000e-06	2.266096e-06	6.715832e-10	1.573890e+01	4.538538e+01
2.350000e-06	2.309373e-06	6.798436e-10	1.603947e+01	4.607577e+01
2.360000e-06	2.352380e-06	6.889792e-10	1.633818e+01	4.675127e+01
2.370000e-06	2.395168e-06	6.973130e-10	1.663535e+01	4.741238e+01
2.380000e-06	2.437700e-06	7.070372e-10	1.693075e+01	4.805958e+01
2.390000e-06	2.479839e-06	7.190494e-10	1.722343e+01	4.869334e+01
2.400000e-06	2.521632e-06	7.298428e-10	1.751369e+01	4.931414e+01
2.410000e-06	2.563199e-06	7.392129e-10	1.780240e+01	4.992241e+01
2.420000e-06	2.604470e-06	7.484511e-10	1.808904e+01	5.051858e+01
2.430000e-06	2.645285e-06	7.555554e-10	1.837251e+01	5.110306e+01
2.440000e-06	2.685805e-06	7.589844e-10	1.865394e+01	5.167623e+01
2.450000e-06	2.726161e-06	7.619873e-10	1.893423e+01	5.223844e+01
2.460000e-06	2.766275e-06	7.683951e-10	1.921284e+01	5.279002e+01
2.470000e-06	2.806217e-06	7.770633e-10	1.949025e+01	5.333128e+01
2.480000e-06	2.846056e-06	7.856203e-10	1.976694e+01	5.386249e+01
2.490000e-06	2.885740e-06	7.943442e-10	2.004257e+01	5.438390e+01
2.500000e-06	2.925291e-06	8.040323e-10	2.031726e+01	5.489573e+01
2.510000e-06	2.964702e-06	8.105830e-10	2.059099e+01	5.539818e+01
2.520000e-06	3.003987e-06	8.151561e-10	2.086384e+01	5.589142e+01
2.530000e-06	3.043142e-06	8.199468e-10	2.113578e+01	5.637560e+01
2.540000e-06	3.082046e-06	8.268452e-10	2.140598e+01	5.685083e+01
2.550000e-06	3.120720e-06	8.346492e-10	2.167459e+01	5.731724e+01
2.560000e-06	3.159227e-06	8.400657e-10	2.194204e+01	5.777491e+01
2.570000e-06	3.197448e-06	8.444468e-10	2.220749e+01	5.822390e+01
2.580000e-06	3.235383e-06	8.513129e-10	2.247097e+01	5.866428e+01
2.590000e-06	3.273140e-06	8.595372e-10	2.273321e+01	5.909609e+01
2.600000e-06	3.310726e-06	8.651038e-10	2.299426e+01	5.951939e+01
2.610000e-06	3.348119e-06	8.697149e-10	2.325397e+01	5.993419e+01
2.620000e-06	3.385241e-06	8.736757e-10	2.351179e+01	6.034053e+01
2.630000e-06	3.422172e-06	8.785829e-10	2.376829e+01	6.073844e+01
2.640000e-06	3.458844e-06	8.847338e-10	2.402299e+01	6.112796e+01
2.650000e-06	3.495206e-06	8.905483e-10	2.427554e+01	6.150911e+01
2.660000e-06	3.531390e-06	8.960893e-10	2.452685e+01	6.188194e+01
2.670000e-06	3.567363e-06	9.001345e-10	2.477670e+01	6.224650e+01
2.680000e-06	3.603154e-06	9.033788e-10	2.502528e+01	6.260285e+01
2.690000e-06	3.638827e-06	9.067362e-10	2.527304e+01	6.295106e+01
2.700000e-06	3.674322e-06	9.109123e-10	2.551957e+01	6.329122e+01
2.710000e-06	3.709652e-06	9.183469e-10	2.576495e+01	6.362341e+01
2.720000e-06	3.744828e-06	9.254798e-10	2.600926e+01	6.394776e+01
2.730000e-06	3.779731e-06	9.312524e-10	2.625168e+01	6.426439e+01
2.740000e-06	3.814251e-06	9.347686e-10	2.649143e+01	6.457343e+01
2.750000e-06	3.848255e-06	9.366846e-10	2.672760e+01	6.487506e+01
2.760000e-06	3.881713e-06	9.387151e-10	2.695998e+01	6.516944e+01
2.770000e-06	3.914730e-06	9.407992e-10	2.718929e+01	6.545675e+01
2.780000e-06	3.947356e-06	9.438715e-10	2.741590e+01	6.573720e+01
2.790000e-06	3.979606e-06	9.482672e-10	2.763988e+01	6.601101e+01
2.800000e-06	4.011557e-06	9.538470e-10	2.786179e+01	6.627838e+01
2.810000e-06	4.043316e-06	9.595168e-10	2.808237e+01	6.653957e+01
2.820000e-06	4.074948e-06	9.653248e-10	2.830207e+01	6.679481e+01
2.830000e-06	4.106445e-06	9.691345e-10	2.852082e+01	6.704435e+01
2.840000e-06	4.137734e-06	9.733516e-10	2.873814e+01	6.728845e+01
2.850000e-06	4.168757e-06	9.772599e-10	2.895361e+01	6.752735e+01
2.860000e-06	4.199489e-06	9.773587e-10	2.916705e+01	6.776132e+01
2.870000e-06	4.229909e-06	9.765793e-10	2.937833e+01	6.799061e+01
2.880000e-06	4.259976e-06	9.774084e-10	2.958716e+01	6.821546e+01
2.890000e-06	4.289684e-06	9.814140e-10	2.979349e+01	6.843613e+01
2.900000e-06	4.319109e-06	9.883939e-10	2.999786e+01	6.865284e+01
2.910000e-06	4.348271e-06	9.979861e-10	3.020040e+01	6.886581e+01
2.920000e-06	4.377152e-06	1.007660e-09	3.040099e+01	6.907527e+01
2.930000e-06	4.405733e-06	1.012632e-09	3.059950e+01	6.928140e+01
2.940000e-06	4.433973e-06	1.011704e-09	3.079564e+01	6.948439e+01
2.950000e-06	4.461955e-06	1.009636e-09	3.098998e+01	6.968439e+01
2.960000e-06	4.489776e-06	1.009356e-09	3.118321e+01	6.988156e+01
2.970000e-06	4.517449e-06	1.010447e-09	3.137541e+01	7.007600e+01
2.980000e-06	4.544967e-06	1.015171e-09	3.156653e+01	7.026782e+01
2.990000e-06	4.572261e-06	1.023537e-09	3.175610e+01	7.045710e+01
3.000000e-06	4.599158e-06	1.031810e-09	3.194291e+01	7.064389e+01
3.010000e-06	4.625569e-06	1.036381e-09	3.212634e+01	7.082823e+01
3.020000e-06	4.651412e-06	1.036949e-09	3.230583e+01	7.101012e+01
3.030000e-06	4.676593e-06	1.036304e-09	3.248072e+01	7.118955e+01
3.040000e-06	4.701234e-06	1.035461e-09	3.265187e+01	7.136649e+01
3.050000e-06	4.725488e-06	1.036380e-09	3.282032e+01	7.154087e+01
3.060000e-06	4.749391e-06	1.041538e-09	3.298633e+01	7.171262e+01
3.070000e-06	4.773019e-06	1.048878e-09	3.315044e+01	7.188165e+01
3.080000e-06	4.796435e-06	1.056126e-09	3.331307e+01	7.204783e+01
3.090000e-06	4.819565e-06	1.059186e-09	3.347372e+01	7.221105e+01
3.100000e-06	4.842391e-06	1.057510e-09	3.363225e+01	7.237115e+01
3.110000e-06	4.864980e-06	1.053731e-09	3.378914e+01	7.252799e+01
3.120000e-06	4.887191e-06	1.051465e-09	3.394341e+01	7.268139e+01
3.130000e-06	4.908949e-06	1.050073e-09	3.409452e+01	7.283118e+01
3.140000e-06	4.930339e-06	1.049311e-09	3.424309e+01	7.297719e+01
3.150000e-06	4.951430e-06	1.052581e-09	3.438957e+01	7.311923e+01
3.160000e-06	4.972249e-06	1.057867e-09	3.453416e+01	7.325712e+01
3.170000e-06	4.992676e-06	1.061968e-09	3.467604e+01	7.339069e+01
3.180000e-06	5.012750e-06	1.062932e-09	3.481546e+01	7.351976e+01
3.190000e-06	5.032587e-06	1.061969e-09	3.495324e+01	7.364417e+01
3.200000e-06	5.052230e-06	1.061375e-09	3.508966e+01	7.376374e+01
3.210000e-06	5.071726e-06	1.060671e-09	3.522507e+01	7.387835e+01
3.220000e-06	5.090916e-06	1.061767e-09	3.535835e+01	7.398785e+01
3.230000e-06	5.109686e-06	1.065314e-09	3.548872e+01	7.409213e+01
3.240000e-06	5.128004e-06	1.069889e-09	3.561594e+01	7.419108e+01
3.250000e-06	5.145858e-06	1.072457e-09	3.573995e+01	7.428463e+01
3.260000e-06	5.163259e-06	1.070033e-09	3.586080e+01	7.437271e+01
3.270000e-06	5.180376e-06	1.066845e-09	3.597969e+01	7.445528e+01
3.280000e-06	5.197226e-06	1.064950e-09	3.609672e+01	7.453232e+01
3.290000e-06	5.213678e-06	1.064868e-09	3.621098e+01	7.460384e+01
3.300000e-06	5.229705e-06	1.066217e-09	3.632230e+01	7.466985e+01
3.310000e-06	5.245346e-06	1.069432e-09	3.643093e+01	7.473042e+01
3.320000e-06	5.260599e-06	1.073944e-09	3.653686e+01	7.478560e+01
3.330000e-06	5.275350e-06	1.077916e-09	3.663932e+01	7.483551e+01
3.340000e-06	5.289604e-06	1.080712e-09	3.673832e+01	7.488024e+01
3.350000e-06	5.303464e-06	1.080485e-09	3.683458e+01	7.491994e+01
3.360000e-06	5.317120e-06	1.078531e-09	3.692943e+01	7.495477e+01
3.370000e-06	5.330427e-06	1.077513e-09	3.702185e+01	7.498490e+01
3.380000e-06	5.343290e-06	1.077778e-09	3.711119e+01	7.501053e+01
3.390000e-06	5.355785e-06	1.080948e-09	3.719797e+01	7.503185e+01
3.400000e-06	5.367903e-06	1.085984e-09	3.728213e+01	7.504910e+01
3.410000e-06	5.379637e-06	1.088808e-09	3.736363e+01	7.506250e+01
3.420000e-06	5.391012e-06	1.089045e-09	3.744264e+01	7.507230e+01
3.430000e-06	5.401951e-06	1.087794e-09	3.751861e+01	7.507874e+01
3.440000e-06	5.412270e-06	1.085948e-09	3.759028e+01	7.508208e+01
3.450000e-06	5.421972e-06	1.083818e-09	3.765766e+01	7.508258e+01
3.460000e-06	5.431060e-06	1.084364e-09	3.772078e+01	7.508049e+01
3.470000e-06	5.439556e-06	1.087728e-09	3.777979e+01	7.507606e+01
3.480000e-06	5.447646e-06	1.090897e-09	3.783598e+01	7.506955e+01
3.490000e-06	5.455474e-06	1.093565e-09	3.789035e+01	7.506120e+01
3.500000e-06	5.463051e-06	1.095001e-09	3.794298e+01	7.505123e+01
3.510000e-06	5.470285e-06	1.094197e-09	3.799322e+01	7.503989e+01
3.520000e-06	5.477244e-06	1.093826e-09	3.804155e+01	7.502736e+01
3.530000e-06	5.483879e-06	1.097007e-09	3.808763e+01	7.501386e+01
3.540000e-06	5.490060e-06	1.101123e-09	3.813056e+01	7.499956e+01
3.550000e-06	5.495896e-06	1.103806e-09	3.817110e+01	7.498462e+01
3.560000e-06	5.501358e-06	1.104416e-09	3.820903e+01	7.496918e+01
3.570000e-06	5.506364e-06	1.101902e-09	3.824380e+01	7.495337e+01
3.580000e-06	5.510949e-06	1.098542e-09	3.827564e+01	7.493729e+01
3.590000e-06	5.515211e-06	1.096193e-09	3.830524e+01	7.492101e+01
3.600000e-06	5.519218e-06	1.095844e-09	3.833308e+01	7.490460e+01
3.610000e-06	5.522973e-06	1.097905e-09	3.835915e+01	7.488809e+01
3.620000e-06	5.526462e-06	1.101607e-09	3.838339e+01	7.487150e+01
3.630000e-06	5.529650e-06	1.104762e-09	3.840553e+01	7.485482e+01
3.640000e-06	5.532322e-06	1.105657e-09	3.842409e+01	7.483801e+01
3.650000e-06	5.534388e-06	1.105113e-09	3.843844e+01	7.482103e+01
3.660000e-06	5.535953e-06	1.105069e-09	3.844931e+01	7.480382e+01
3.670000e-06	5.536964e-06	1.105746e-09	3.845633e+01	7.478628e+01
3.680000e-06	5.537429e-06	1.106061e-09	3.845956e+01	7.476830e+01
3.690000e-06	5.537493e-06	1.106197e-09	3.846000e+01	7.474977e+01
3.700000e-06	5.537267e-06	1.105560e-09	3.845843e+01	7.473054e+01
3.710000e-06	5.536751e-06	1.104846e-09	3.845485e+01	7.471048e+01
3.720000e-06	5.535873e-06	1.103183e-09	3.844875e+01	7.468942e+01
3.730000e-06	5.534649e-06	1.100865e-09	3.844025e+01	7.466718e+01
3.740000e-06	5.533108e-06	1.100355e-09	3.842955e+01	7.464360e+01
3.750000e-06	5.531210e-06	1.102987e-09	3.841636e+01	7.461848e+01
3.760000e-06	5.528961e-06	1.098872e-09	3.840074e+01	7.459165e+01
3.770000e-06	5.526361e-06	1.065369e-09	3.838269e+01	7.456291e+01
3.780000e-06	5.523247e-06	1.048320e-09	3.836106e+01	7.453208e+01
3.790000e-06	5.519598e-06	1.131301e-09	3.833572e+01	7.449896e+01
3.800000e-06	5.515588e-06	1.201375e-09	3.830786e+01	7.446338e+01
3.810000e-06	5.511370e-06	1.114304e-09	3.827857e+01	7.442516e+01
3.820000e-06	5.506999e-06	1.008737e-09	3.824821e+01	7.438412e+01
3.830000e-06	5.502314e-06	1.084269e-09	3.821567e+01	7.434010e+01
3.840000e-06	5.497037e-06	1.192969e-09	3.817902e+01	7.429295e+01
3.850000e-06	5.491262e-06	1.145468e-09	3.813891e+01	7.424253e+01
3.860000e-06	5.485262e-06	1.030871e-09	3.809724e+01	7.418870e+01
3.870000e-06	5.478874e-06	1.119695e-09	3.805287e+01	7.413135e+01
3.880000e-06	5.471742e-06	1.284522e-09	3.800334e+01	7.407037e+01
3.890000e-06	5.464076e-06	1.176068e-09	3.795010e+01	7.400568e+01
3.900000e-06	5.456215e-06	9.854825e-10	3.789549e+01	7.393719e+01
3.910000e-06	5.447930e-06	1.060011e-09	3.783795e+01	7.386485e+01
3.920000e-06	5.439105e-06	1.264344e-09	3.777666e+01	7.378861e+01
3.930000e-06	5.430012e-06	1.185017e-09	3.771350e+01	7.370844e+01
3.940000e-06	5.420783e-06	1.025772e-09	3.764941e+01	7.362432e+01
3.950000e-06	5.411150e-06	1.090417e-09	3.758250e+01	7.353624e+01
3.960000e-06	5.400970e-06	1.223321e-09	3.751180e+01	7.344423e+01
3.970000e-06	5.390506e-06	1.143567e-09	3.743912e+01	7.334829e+01
3.980000e-06	5.379788e-06	1.057624e-09	3.736468e+01	7.324848e+01
3.990000e-06	5.368495e-06	1.133274e-09	3.728625e+01	7.314483e+01
4.000000e-06	5.356699e-06	1.178547e-09	3.720432e+01	7.303741e+01
4.010000e-06	5.344656e-06	1.102712e-09	3.712068e+01	7.292628e+01
4.020000e-06	5.332183e-06	1.079723e-09	3.703404e+01	7.281151e+01
4.030000e-06	5.319117e-06	1.156128e-09	3.694330e+01	7.269319e+01
4.040000e-06	5.305761e-06	1.172772e-09	3.685053e+01	7.257141e+01
4.050000e-06	5.292150e-06	1.120044e-09	3.675600e+01	7.244627e+01
4.060000e-06	5.277826e-06	1.091441e-09	3.665651e+01	7.231785e+01
4.070000e-06	5.262782e-06	1.144546e-09	3.655203e+01	7.218625e+01
4.080000e-06	5.247340e-06	1.167671e-09	3.644478e+01	7.205159e+01
4.090000e-06	5.231486e-06	1.101817e-09	3.633466e+01	7.191395e+01
4.100000e-06	5.215113e-06	1.058240e-09	3.622095e+01	7.177345e+01
4.110000e-06	5.198474e-06	1.153242e-09	3.610539e+01	7.163017e+01
4.120000e-06	5.181702e-06	1.182921e-09	3.598890e+01	7.148421e+01
4.130000e-06	5.164521e-06	1.079058e-09	3.586957e+01	7.133566e+01
4.140000e-06	5.146887e-06	1.077364e-09	3.574709e+01	7.118461e+01
4.150000e-06	5.129012e-06	1.185490e-09	3.562295e+01	7.103114e+01
4.160000e-06	5.110775e-06	1.117660e-09	3.549628e+01	7.087532e+01
4.170000e-06	5.092035e-06	1.037698e-09	3.536613e+01	7.071723e+01
4.180000e-06	5.073006e-06	1.149268e-09	3.523397e+01	7.055691e+01
4.190000e-06	5.053710e-06	1.172367e-09	3.509994e+01	7.039443e+01
4.200000e-06	5.034016e-06	1.037044e-09	3.496316e+01	7.022983e+01
4.210000e-06	5.014034e-06	1.086897e-09	3.482438e+01	7.006315e+01
4.220000e-06	4.993911e-06	1.188358e-09	3.468462e+01	6.989441e+01
4.230000e-06	4.973560e-06	1.078686e-09	3.454327e+01	6.972365e+01
4.240000e-06	4.952902e-06	1.049237e-09	3.439979e+01	6.955086e+01
4.250000e-06	4.931896e-06	1.169044e-09	3.425390e+01	6.937605e+01
4.260000e-06	4.910363e-06	1.107555e-09	3.410435e+01	6.919923e+01
4.270000e-06	4.888189e-06	1.019618e-09	3.395034e+01	6.902038e+01
4.280000e-06	4.865528e-06	1.130253e-09	3.379295e+01	6.883948e+01
4.290000e-06	4.842445e-06	1.138961e-09	3.363263e+01	6.865651e+01
4.300000e-06	4.818918e-06	1.027418e-09	3.346922e+01	6.847143e+01
4.310000e-06	4.795070e-06	1.085980e-09	3.330359e+01	6.828421e+01
4.320000e-06	4.770946e-06	1.158395e-09	3.313604e+01	6.809479e+01
4.330000e-06	4.746483e-06	1.069736e-09	3.296614e+01	6.790314e+01
4.340000e-06	4.721740e-06	1.059971e-09	3.279429e+01	6.770920e+01
4.350000e-06	4.696762e-06	1.124259e-09	3.262080e+01	6.751290e+01
4.360000e-06	4.671431e-06	1.085020e-09	3.244487e+01	6.731418e+01
4.370000e-06	4.645696e-06	1.055520e-09	3.226613e+01	6.711297e+01
4.380000e-06	4.619587e-06	1.106579e-09	3.208480e+01	6.690920e+01
4.390000e-06	4.593228e-06	1.089705e-09	3.190172e+01	6.670279e+01
4.400000e-06	4.566554e-06	1.044596e-09	3.171646e+01	6.649366e+01
4.410000e-06	4.539553e-06	1.061562e-09	3.152893e+01	6.628174e+01
4.420000e-06	4.512317e-06	1.071166e-09	3.133976e+01	6.606693e+01
4.430000e-06	4.484743e-06	1.046037e-09	3.114825e+01	6.584915e+01
4.440000e-06	4.456925e-06	1.049660e-09	3.095505e+01	6.562830e+01
4.450000e-06	4.428949e-06	1.057257e-09	3.076074e+01	6.540431e+01
4.460000e-06	4.400758e-06	1.045274e-09	3.056494e+01	6.517706e+01
4.470000e-06	4.372308e-06	1.041366e-09	3.036735e+01	6.494648e+01
4.480000e-06	4.343499e-06	1.042947e-09	3.016725e+01	6.471247e+01
4.490000e-06	4.314298e-06	1.027306e-09	2.996445e+01	6.447492e+01
4.500000e-06	4.284723e-06	1.017914e-09	2.975903e+01	6.423374e+01
4.510000e-06	4.254754e-06	1.020281e-09	2.955089e+01	6.398883e+01
4.520000e-06	4.224367e-06	1.015158e-09	2.933984e+01	6.374010e+01
4.530000e-06	4.193533e-06	1.009955e-09	2.912569e+01	6.348744e+01
4.540000e-06	4.162265e-06	1.014218e-09	2.890852e+01	6.323074e+01
4.550000e-06	4.130701e-06	1.007102e-09	2.868929e+01	6.296993e+01
4.560000e-06	4.098859e-06	9.920498e-10	2.846814e+01	6.270488e+01
4.570000e-06	4.066739e-06	9.951821e-10	2.824505e+01	6.243552e+01
4.580000e-06	4.034422e-06	9.957110e-10	2.802060e+01	6.216173e+01
4.590000e-06	4.001891e-06	9.796854e-10	2.779466e+01	6.188342e+01
4.600000e-06	3.969142e-06	9.747133e-10	2.756721e+01	6.160050e+01
4.610000e-06	3.936094e-06	9.813209e-10	2.733768e+01	6.131289e+01
4.620000e-06	3.902672e-06	9.705614e-10	2.710555e+01	6.102048e+01
4.630000e-06	3.869007e-06	9.634472e-10	2.687173e+01	6.072321e+01
4.640000e-06	3.835152e-06	9.705154e-10	2.663659e+01	6.042098e+01
4.650000e-06	3.801068e-06	9.652113e-10	2.639987e+01	6.011373e+01
4.660000e-06	3.766746e-06	9.515330e-10	2.616149e+01	5.980138e+01
4.670000e-06	3.732110e-06	9.563220e-10	2.592093e+01	5.948388e+01
4.680000e-06	3.697137e-06	9.576925e-10	2.567803e+01	5.916117e+01
4.690000e-06	3.661914e-06	9.418628e-10	2.543339e+01	5.883321e+01
4.700000e-06	3.626500e-06	9.334567e-10	2.518743e+01	5.849996e+01
4.710000e-06	3.590836e-06	9.384202e-10	2.493972e+01	5.816138e+01
4.720000e-06	3.554944e-06	9.323933e-10	2.469044e+01	5.781747e+01
4.730000e-06	3.518884e-06	9.248075e-10	2.443999e+01	5.746822e+01
4.740000e-06	3.482666e-06	9.251323e-10	2.418844e+01	5.711362e+01
4.750000e-06	3.446278e-06	9.173267e-10	2.393572e+01	5.675370e+01
4.760000e-06	3.409634e-06	9.011876e-10	2.368121e+01	5.638848e+01
4.770000e-06	3.372757e-06	8.988130e-10	2.342509e+01	5.601800e+01
4.780000e-06	3.335664e-06	9.009899e-10	2.316746e+01	5.564233e+01
4.790000e-06	3.298241e-06	8.918417e-10	2.290754e+01	5.526152e+01
4.800000e-06	3.260470e-06	8.850617e-10	2.264521e+01	5.487565e+01
4.810000e-06	3.222372e-06	8.849876e-10	2.238060e+01	5.448482e+01
4.820000e-06	3.183947e-06	8.765114e-10	2.211373e+01	5.408913e+01
4.830000e-06	3.145183e-06	8.655706e-10	2.184449e+01	5.368869e+01
4.840000e-06	3.106095e-06	8.628441e-10	2.157302e+01	5.328364e+01
4.850000e-06	3.066744e-06	8.578908e-10	2.129970e+01	5.287411e+01
4.860000e-06	3.027166e-06	8.495136e-10	2.102482e+01	5.246024e+01
4.870000e-06	2.987349e-06	8.460824e-10	2.074828e+01	5.204218e+01
4.880000e-06	2.947333e-06	8.425752e-10	2.047035e+01	5.162011e+01
4.890000e-06	2.907191e-06	8.305177e-10	2.019155e+01	5.119418e+01
4.900000e-06	2.866860e-06	8.193552e-10	1.991144e+01	5.076457e+01
4.910000e-06	2.826370e-06	8.122550e-10	1.963022e+01	5.033143e+01
4.920000e-06	2.785731e-06	8.045977e-10	1.934796e+01	4.989494e+01
4.930000e-06	2.744889e-06	7.965369e-10	1.906430e+01	4.945527e+01
4.940000e-06	2.703859e-06	7.945718e-10	1.877933e+01	4.901257e+01
4.950000e-06	2.662661e-06	7.921861e-10	1.849320e+01	4.856699e+01
4.960000e-06	2.621332e-06	7.873458e-10	1.820615e+01	4.811868e+01
4.970000e-06	2.579845e-06	7.836761e-10	1.791801e+01	4.766777e+01
4.980000e-06	2.538127e-06	7.781455e-10	1.762826e+01	4.721436e+01
4.990000e-06	2.496215e-06	7.676816e-10	1.733717e+01	4.675854e+01
5.000000e-06	2.454198e-06	7.570636e-10	1.704534e+01	4.630040e+01
5.010000e-06	2.412098e-06	7.488827e-10	1.675294e+01	4.583997e+01
5.020000e-06	2.369815e-06	7.411730e-10	1.645927e+01	4.537728e+01
5.030000e-06	2.327306e-06	7.344707e-10	1.616403e+01	4.491233e+01
5.040000e-06	2.284574e-06	7.314861e-10	1.586724e+01	4.444506e+01
5.050000e-06	2.241745e-06	7.292906e-10	1.556977e+01	4.397542e+01
5.060000e-06	2.198817e-06	7.232460e-10	1.527163e+01	4.350328e+01
5.070000e-06	2.155724e-06	7.143469e-10	1.497233e+01	4.302851e+01
5.080000e-06	2.112477e-06	7.070212e-10	1.467196e+01	4.255092e+01
5.090000e-06	2.069039e-06	7.002567e-10	1.437026e+01	4.207028e+01
5.100000e-06	2.025443e-06	6.916484e-10	1.406748e+01	4.158632e+01
5.110000e-06	1.981700e-06	6.842451e-10	1.376366e+01	4.109874e+01
5.120000e-06	1.937876e-06	6.781732e-10	1.345929e+01	4.060718e+01
5.130000e-06	1.893954e-06	6.724997e-10	1.315423e+01	4.011125e+01
5.140000e-06	1.849904e-06	6.662224e-10	1.284829e+01	3.961051e+01
5.150000e-06	1.805779e-06	6.589612e-10	1.254183e+01	3.910447e+01
5.160000e-06	1.761596e-06	6.503105e-10	1.223496e+01	3.859263e+01
5.170000e-06	1.717324e-06	6.389626e-10	1.192747e+01	3.807442e+01
5.180000e-06	1.672954e-06	6.272958e-10	1.161931e+01	3.754924e+01
5.190000e-06	1.628508e-06	6.169818e-10	1.131061e+01	3.701647e+01
5.200000e-06	1.583946e-06	6.066638e-10	1.100111e+01	3.647543e+01
5.210000e-06	1.539317e-06	6.003173e-10	1.069114e+01	3.592545e+01
5.220000e-06	1.494606e-06	5.956167e-10	1.038061e+01	3.536579e+01
5.230000e-06	1.449751e-06	5.877340e-10	1.006908e+01	3.479573e+01
5.240000e-06	1.404844e-06	5.764738e-10	9.757181e+00	3.421450e+01
5.250000e-06	1.359940e-06	5.638786e-10	9.445301e+00	3.362133e+01
5.260000e-06	1.314956e-06	5.501714e-10	9.132870e+00	3.301546e+01
5.270000e-06	1.269789e-06	5.374347e-10	8.819169e+00	3.239610e+01
5.280000e-06	1.224521e-06	5.276919e-10	8.504766e+00	3.176246e+01
5.290000e-06	1.179147e-06	5.219806e-10	8.189628e+00	3.111379e+01
5.300000e-06	1.133671e-06	5.186454e-10	7.873775e+00	3.044932e+01
5.310000e-06	1.088201e-06	5.140423e-10	7.557974e+00	2.976833e+01
5.320000e-06	1.042659e-06	5.049825e-10	7.241664e+00	2.907008e+01
5.330000e-06	9.969766e-07	4.918749e-10	6.924383e+00	2.835392e+01
5.340000e-06	9.511644e-07	4.752114e-10	6.606200e+00	2.761919e+01
5.350000e-06	9.052053e-07	4.584385e-10	6.286996e+00	2.686529e+01
5.360000e-06	8.591563e-07	4.458916e-10	5.967169e+00	2.609166e+01
5.370000e-06	8.131406e-07	4.373173e-10	5.647572e+00	2.529782e+01
5.380000e-06	7.670786e-07	4.303347e-10	5.327653e+00	2.448331e+01
5.390000e-06	7.209111e-07	4.222606e-10	5.007003e+00	2.364775e+01
5.400000e-06	6.746976e-07	4.103327e-10	4.686032e+00	2.279085e+01
5.410000e-06	6.284191e-07	3.935122e-10	4.364611e+00	2.191235e+01
5.420000e-06	5.821473e-07	3.752098e-10	4.043235e+00	2.101210e+01
5.430000e-06	5.358569e-07	3.564827e-10	3.721731e+00	2.009002e+01
5.440000e-06	4.894149e-07	3.393256e-10	3.399173e+00	1.914610e+01
5.450000e-06	4.428991e-07	3.235674e-10	3.076103e+00	1.818044e+01
5.460000e-06	3.964071e-07	3.110189e-10	2.753198e+00	1.719319e+01
5.470000e-06	3.499156e-07	3.006954e-10	2.430297e+00	1.618462e+01
5.480000e-06	3.034218e-07	2.910280e-10	2.107380e+00	1.515509e+01
5.490000e-06	2.569202e-07	2.777555e-10	1.784409e+00	1.410502e+01
5.500000e-06	2.104148e-07	2.595034e-10	1.461411e+00	1.303493e+01
5.510000e-06	1.638573e-07	2.370478e-10	1.138052e+00	1.194545e+01
5.520000e-06	1.172732e-07	2.139085e-10	8.145071e-01	1.083726e+01
5.530000e-06	7.064071e-08	1.954321e-10	4.906267e-01	9.711157e+00
5.540000e-06	2.401444e-08	1.790227e-10	1.667894e-01	8.567989e+00
5.550000e-06	-2.256361e-08	1.632439e-10	-1.567129e-01	7.408698e+00
5.560000e-06	-6.919337e-08	1.501014e-10	-4.805744e-01	6.234294e+00
5.570000e-06	-1.158087e-07	1.361734e-10	-8.043359e-01	5.045855e+00
5.580000e-06	-1.624363e-07	1.183575e-10	-1.128182e+00	3.844526e+00
5.590000e-06	-2.090856e-07	1.002290e-10	-1.452180e+00	2.631506e+00
5.600000e-06	-2.556596e-07	8.143424e-11	-1.775653e+00	1.408049e+00
5.610000e-06	-3.021243e-07	5.990025e-11	-2.098369e+00	1.754543e-01
5.620000e-06	-3.485981e-07	3.703748e-11	-2.421147e+00	-1.064940e+00
5.630000e-06	-3.950688e-07	1.714888e-11	-2.743904e+00	-2.311761e+00
5.640000e-06	-4.415097e-07	-1.948701e-12	-3.066453e+00	-3.563613e+00
5.650000e-06	-4.879528e-07	-2.306058e-11	-3.389018e+00	-4.819078e+00
5.660000e-06	-5.342731e-07	-4.396474e-11	-3.710731e+00	-6.076728e+00
5.670000e-06	-5.804694e-07	-6.327271e-11	-4.031582e+00	-7.335133e+00
5.680000e-06	-6.266528e-07	-8.508265e-11	-4.352343e+00	-8.592862e+00
5.690000e-06	-6.728855e-07	-1.101579e-10	-4.673446e+00	-9.848498e+00
5.700000e-06	-7.190672e-07	-1.338164e-10	-4.994196e+00	-1.110064e+01
5.710000e-06	-7.652080e-07	-1.586887e-10	-5.314662e+00	-1.234791e+01
5.720000e-06	-8.113020e-07	-1.849239e-10	-5.634802e+00	-1.358897e+01
5.730000e-06	-8.571892e-07	-2.071817e-10	-5.953506e+00	-1.482250e+01
5.740000e-06	-9.030031e-07	-2.258747e-10	-6.271701e+00	-1.604725e+01
5.750000e-06	-9.488291e-07	-2.419465e-10	-6.589980e+00	-1.726200e+01
5.760000e-06	-9.945561e-07	-2.588264e-10	-6.907572e+00	-1.846559e+01
5.770000e-06	-1.040096e-06	-2.789716e-10	-7.223865e+00	-1.965692e+01
5.780000e-06	-1.085482e-06	-3.016849e-10	-7.539088e+00	-2.083497e+01
5.790000e-06	-1.130806e-06	-3.256653e-10	-7.853882e+00	-2.199875e+01
5.800000e-06	-1.176039e-06	-3.489815e-10	-8.168036e+00	-2.314738e+01
5.810000e-06	-1.221136e-06	-3.723253e-10	-8.481256e+00	-2.428003e+01
5.820000e-06	-1.266129e-06	-3.941574e-10	-8.793750e+00	-2.539597e+01
5.830000e-06	-1.311055e-06	-4.136641e-10	-9.105778e+00	-2.649452e+01
5.840000e-06	-1.355878e-06	-4.321576e-10	-9.417090e+00	-2.757510e+01
5.850000e-06	-1.400659e-06	-4.496674e-10	-9.728108e+00	-2.863720e+01
5.860000e-06	-1.445421e-06	-4.669180e-10	-1.003900e+01	-2.968040e+01
5.870000e-06	-1.490074e-06	-4.856934e-10	-1.034913e+01	-3.070435e+01
5.880000e-06	-1.534631e-06	-5.053458e-10	-1.065860e+01	-3.170877e+01
5.890000e-06	-1.579132e-06	-5.241304e-10	-1.096768e+01	-3.269347e+01
5.900000e-06	-1.623575e-06	-5.411549e-10	-1.127635e+01	-3.365834e+01
5.910000e-06	-1.667932e-06	-5.572168e-10	-1.158442e+01	-3.460332e+01
5.920000e-06	-1.712188e-06	-5.733132e-10	-1.189180e+01	-3.552843e+01
5.930000e-06	-1.756385e-06	-5.889593e-10	-1.219877e+01	-3.643375e+01
5.940000e-06	-1.800547e-06	-6.030579e-10	-1.250549e+01	-3.731943e+01
5.950000e-06	-1.844619e-06	-6.164018e-10	-1.281158e+01	-3.818566e+01
5.960000e-06	-1.888584e-06	-6.283967e-10	-1.311693e+01	-3.903271e+01
5.970000e-06	-1.932511e-06	-6.407351e-10	-1.342203e+01	-3.986085e+01
5.980000e-06	-1.976380e-06	-6.541755e-10	-1.372671e+01	-4.067045e+01
5.990000e-06	-2.020110e-06	-6.668984e-10	-1.403043e+01	-4.146186e+01
6.000000e-06	-2.063661e-06	-6.776183e-10	-1.433292e+01	-4.223551e+01
6.010000e-06	-2.107019e-06	-6.885674e-10	-1.463405e+01	-4.299182e+01
6.020000e-06	-2.150101e-06	-7.021084e-10	-1.493327e+01	-4.373126e+01
6.030000e-06	-2.192983e-06	-7.157124e-10	-1.523110e+01	-4.445430e+01
6.040000e-06	-2.235776e-06	-7.301162e-10	-1.552831e+01	-4.516142e+01
6.050000e-06	-2.278445e-06	-7.449353e-10	-1.582467e+01	-4.585311e+01
6.060000e-06	-2.321016e-06	-7.566582e-10	-1.612034e+01	-4.652988e+01
6.070000e-06	-2.363440e-06	-7.634383e-10	-1.641500e+01	-4.719221e+01
6.080000e-06	-2.405656e-06	-7.679675e-10	-1.670820e+01	-4.784060e+01
6.090000e-06	-2.447695e-06	-7.740640e-10	-1.700018e+01	-4.847551e+01
6.100000e-06	-2.489606e-06	-7.828408e-10	-1.729126e+01	-4.909741e+01
6.110000e-06	-2.531342e-06	-7.945056e-10	-1.758114e+01	-4.970676e+01
6.120000e-06	-2.572870e-06	-8.091450e-10	-1.786956e+01	-5.030397e+01
6.130000e-06	-2.614185e-06	-8.234759e-10	-1.815651e+01	-5.088945e+01
6.140000e-06	-2.655307e-06	-8.345630e-10	-1.844212e+01	-5.146359e+01
6.150000e-06	-2.696227e-06	-8.422990e-10	-1.872632e+01	-5.202674e+01
6.160000e-06	-2.736921e-06	-8.467154e-10	-1.900896e+01	-5.257924e+01
6.170000e-06	-2.777457e-06	-8.482371e-10	-1.929050e+01	-5.312139e+01
6.180000e-06	-2.817874e-06	-8.512443e-10	-1.957121e+01	-5.365347e+01
6.190000e-06	-2.858213e-06	-8.586267e-10	-1.985138e+01	-5.417574e+01
6.200000e-06	-2.898427e-06	-8.672846e-10	-2.013068e+01	-5.468840e+01
6.210000e-06	-2.938546e-06	-8.793364e-10	-2.040932e+01	-5.519167e+01
6.220000e-06	-2.978629e-06	-8.926276e-10	-2.068772e+01	-5.568572e+01
6.230000e-06	-3.018587e-06	-9.035202e-10	-2.096524e+01	-5.617069e+01
6.240000e-06	-3.058292e-06	-9.092943e-10	-2.124101e+01	-5.664671e+01
6.250000e-06	-3.097772e-06	-9.135904e-10	-2.151521e+01	-5.711389e+01
6.260000e-06	-3.136979e-06	-9.179615e-10	-2.178752e+01	-5.757233e+01
6.270000e-06	-3.175686e-06	-9.216778e-10	-2.205635e+01	-5.802209e+01
6.280000e-06	-3.213909e-06	-9.323317e-10	-2.232182e+01	-5.846323e+01
6.290000e-06	-3.251775e-06	-9.481382e-10	-2.258482e+01	-5.889580e+01
6.300000e-06	-3.289287e-06	-9.644072e-10	-2.284535e+01	-5.931984e+01
6.310000e-06	-3.326385e-06	-9.755605e-10	-2.310302e+01	-5.973539e+01
6.320000e-06	-3.363172e-06	-9.824358e-10	-2.335852e+01	-6.014248e+01
6.330000e-06	-3.399790e-06	-9.833734e-10	-2.361284e+01	-6.054114e+01
6.340000e-06	-3.436223e-06	-9.834118e-10	-2.386588e+01	-6.093140e+01
6.350000e-06	-3.472511e-06	-9.893159e-10	-2.411791e+01	-6.131329e+01
6.360000e-06	-3.508725e-06	-9.992477e-10	-2.436943e+01	-6.168686e+01
6.370000e-06	-3.544786e-06	-1.010250e-09	-2.461989e+01	-6.205215e+01
6.380000e-06	-3.580671e-06	-1.021355e-09	-2.486913e+01	-6.240923e+01
6.390000e-06	-3.616354e-06	-1.029328e-09	-2.511696e+01	-6.275816e+01
6.400000e-06	-3.651686e-06	-1.033503e-09	-2.536235e+01	-6.309902e+01
6.410000e-06	-3.686680e-06	-1.034264e-09	-2.560540e+01	-6.343192e+01
6.420000e-06	-3.721410e-06	-1.035698e-09	-2.584661e+01	-6.375696e+01
6.430000e-06	-3.755916e-06	-1.042363e-09	-2.608627e+01	-6.407427e+01
6.440000e-06	-3.790175e-06	-1.052331e-09	-2.632421e+01	-6.438399e+01
6.450000e-06	-3.824156e-06	-1.061902e-09	-2.656022e+01	-6.468627e+01
6.460000e-06	-3.857894e-06	-1.067710e-09	-2.679455e+01	-6.498129e+01
6.470000e-06	-3.891316e-06	-1.072992e-09	-2.702668e+01	-6.526923e+01
6.480000e-06	-3.924403e-06	-1.077094e-09	-2.725648e+01	-6.555029e+01
6.490000e-06	-3.957220e-06	-1.078521e-09	-2.748441e+01	-6.582468e+01
6.500000e-06	-3.989814e-06	-1.080171e-09	-2.771078e+01	-6.609263e+01
6.510000e-06	-4.022221e-06	-1.084328e-09	-2.793586e+01	-6.635437e+01
6.520000e-06	-4.054504e-06	-1.089407e-09	-2.816007e+01	-6.661014e+01
6.530000e-06	-4.086622e-06	-1.095231e-09	-2.838315e+01	-6.686019e+01
6.540000e-06	-4.118362e-06	-1.102616e-09	-2.860360e+01	-6.710477e+01
6.550000e-06	-4.149806e-06	-1.110515e-09	-2.882199e+01	-6.734414e+01
6.560000e-06	-4.180931e-06	-1.115772e-09	-2.903816e+01	-6.757855e+01
6.570000e-06	-4.211484e-06	-1.117462e-09	-2.925036e+01	-6.780827e+01
6.580000e-06	-4.241482e-06	-1.115995e-09	-2.945871e+01	-6.803352e+01
6.590000e-06	-4.270973e-06	-1.115507e-09	-2.966354e+01	-6.825457e+01
6.600000e-06	-4.300041e-06	-1.118984e-09	-2.986543e+01	-6.847165e+01
6.610000e-06	-4.328815e-06	-1.126997e-09	-3.006527e+01	-6.868497e+01
6.620000e-06	-4.357346e-06	-1.137554e-09	-3.026343e+01	-6.889476e+01
6.630000e-06	-4.385728e-06	-1.147961e-09	-3.046056e+01	-6.910121e+01
6.640000e-06	-4.413961e-06	-1.154786e-09	-3.065664e+01	-6.930449e+01
6.650000e-06	-4.441991e-06	-1.156610e-09	-3.085132e+01	-6.950478e+01
6.660000e-06	-4.469647e-06	-1.154517e-09	-3.104340e+01	-6.970222e+01
6.670000e-06	-4.496895e-06	-1.152155e-09	-3.123265e+01	-6.989693e+01
6.680000e-06	-4.523908e-06	-1.150887e-09	-3.142027e+01	-7.008901e+01
6.690000e-06	-4.550609e-06	-1.152451e-09	-3.160571e+01	-7.027854e+01
6.700000e-06	-4.576964e-06	-1.157163e-09	-3.178876e+01	-7.046559e+01
6.710000e-06	-4.603009e-06	-1.163606e-09	-3.196965e+01	-7.065017e+01
6.720000e-06	-4.628686e-06	-1.170342e-09	-3.214799e+01	-7.083231e+01
6.730000e-06	-4.654026e-06	-1.175170e-09	-3.232398e+01	-7.101199e+01
6.740000e-06	-4.679062e-06	-1.176272e-09	-3.249787e+01	-7.118918e+01
6.750000e-06	-4.703784e-06	-1.174602e-09	-3.266957e+01	-7.136382e+01
6.760000e-06	-4.728268e-06	-1.172595e-09	-3.283963e+01	-7.153584e+01
6.770000e-06	-4.752551e-06	-1.170341e-09	-3.300828e+01	-7.170514e+01
6.780000e-06	-4.776617e-06	-1.170800e-09	-3.317543e+01	-7.187161e+01
6.790000e-06	-4.800449e-06	-1.173006e-09	-3.334095e+01	-7.203513e+01
6.800000e-06	-4.823913e-06	-1.175462e-09	-3.350392e+01	-7.219554e+01
6.810000e-06	-4.846909e-06	-1.178227e-09	-3.366363e+01	-7.235270e+01
6.820000e-06	-4.869325e-06	-1.177876e-09	-3.381932e+01	-7.250643e+01
6.830000e-06	-4.891174e-06	-1.174702e-09	-3.397107e+01	-7.265658e+01
6.840000e-06	-4.912510e-06	-1.172607e-09	-3.411926e+01	-7.280295e+01
6.850000e-06	-4.933362e-06	-1.173059e-09	-3.426408e+01	-7.294537e+01
6.860000e-06	-4.953924e-06	-1.175056e-09	-3.440690e+01	-7.308367e+01
6.870000e-06	-4.974254e-06	-1.177830e-09	-3.454809e+01	-7.321765e+01
6.880000e-06	-4.994394e-06	-1.181033e-09	-3.468797e+01	-7.334714e+01
6.890000e-06	-5.014329e-06	-1.181648e-09	-3.482643e+01	-7.347198e+01
6.900000e-06	-5.033934e-06	-1.181211e-09	-3.496260e+01	-7.359201e+01
6.910000e-06	-5.053187e-06	-1.182685e-09	-3.509632e+01	-7.370708e+01
6.920000e-06	-5.072050e-06	-1.186899e-09	-3.522732e+01	-7.381706e+01
6.930000e-06	-5.090512e-06	-1.191492e-09	-3.535555e+01	-7.392182e+01
6.940000e-06	-5.108665e-06	-1.194524e-09	-3.548163e+01	-7.402126e+01
6.950000e-06	-5.126483e-06	-1.194931e-09	-3.560538e+01	-7.411531e+01
6.960000e-06	-5.143945e-06	-1.194762e-09	-3.572666e+01	-7.420389e+01
6.970000e-06	-5.161064e-06	-1.194922e-09	-3.584556e+01	-7.428696e+01
6.980000e-06	-5.177862e-06	-1.194480e-09	-3.596223e+01	-7.436451e+01
6.990000e-06	-5.194457e-06	-1.195229e-09	-3.607749e+01	-7.443653e+01
7.000000e-06	-5.210830e-06	-1.196203e-09	-3.619120e+01	-7.450305e+01
7.010000e-06	-5.226883e-06	-1.197292e-09	-3.630270e+01	-7.456411e+01
7.020000e-06	-5.242547e-06	-1.198668e-09	-3.641149e+01	-7.461978e+01
7.030000e-06	-5.257656e-06	-1.200019e-09	-3.651643e+01	-7.467017e+01
7.040000e-06	-5.272040e-06	-1.200959e-09	-3.661633e+01	-7.471537e+01
7.050000e-06	-5.285769e-06	-1.203104e-09	-3.671168e+01	-7.475553e+01
7.060000e-06	-5.299008e-06	-1.207383e-09	-3.680363e+01	-7.479081e+01
7.070000e-06	-5.311797e-06	-1.209659e-09	-3.689246e+01	-7.482136e+01
7.080000e-06	-5.324198e-06	-1.208171e-09	-3.697859e+01	-7.484740e+01
7.090000e-06	-5.336303e-06	-1.205409e-09	-3.706266e+01	-7.486912e+01
7.100000e-06	-5.348073e-06	-1.203414e-09	-3.714441e+01	-7.488674e+01
7.110000e-06	-5.359366e-06	-1.204832e-09	-3.722284e+01	-7.490050e+01
7.120000e-06	-5.370255e-06	-1.209022e-09	-3.729847e+01	-7.491063e+01
7.130000e-06	-5.380843e-06	-1.211469e-09	-3.737201e+01	-7.491739e+01
7.140000e-06	-5.391143e-06	-1.210154e-09	-3.744354e+01	-7.492102e+01
7.150000e-06	-5.401085e-06	-1.207210e-09	-3.751260e+01	-7.492179e+01
7.160000e-06	-5.410567e-06	-1.206119e-09	-3.757845e+01	-7.491995e+01
7.170000e-06	-5.419613e-06	-1.205893e-09	-3.764128e+01	-7.491575e+01
7.180000e-06	-5.428327e-06	-1.206707e-09	-3.770181e+01	-7.490945e+01
7.190000e-06	-5.436811e-06	-1.209115e-09	-3.776073e+01	-7.490128e+01
7.200000e-06	-5.445109e-06	-1.210634e-09	-3.781836e+01	-7.489149e+01
7.210000e-06	-5.453071e-06	-1.209450e-09	-3.787366e+01	-7.488029e+01
7.220000e-06	-5.460577e-06	-1.206529e-09	-3.792579e+01	-7.486790e+01
7.230000e-06	-5.467644e-06	-1.204887e-09	-3.797487e+01	-7.485452e+01
7.240000e-06	-5.474196e-06	-1.203957e-09	-3.802038e+01	-7.484032e+01
7.250000e-06	-5.480114e-06	-1.202826e-09	-3.806148e+01	-7.482547e+01
7.260000e-06	-5.485407e-06	-1.203405e-09	-3.809824e+01	-7.481012e+01
7.270000e-06	-5.490333e-06	-1.205369e-09	-3.813246e+01	-7.479438e+01
7.280000e-06	-5.494987e-06	-1.204346e-09	-3.816479e+01	-7.477836e+01
7.290000e-06	-5.499319e-06	-1.199928e-09	-3.819487e+01	-7.476214e+01
7.300000e-06	-5.503362e-06	-1.194142e-09	-3.822295e+01	-7.474578e+01
7.310000e-06	-5.507070e-06	-1.187577e-09	-3.824870e+01	-7.472932e+01
7.320000e-06	-5.510408e-06	-1.183764e-09	-3.827189e+01	-7.471278e+01
7.330000e-06	-5.513378e-06	-1.184618e-09	-3.829251e+01	-7.469615e+01
7.340000e-06	-5.515995e-06	-1.188094e-09	-3.831069e+01	-7.467940e+01
7.350000e-06	-5.518280e-06	-1.192615e-09	-3.832656e+01	-7.466249e+01
7.360000e-06	-5.520138e-06	-1.194881e-09	-3.833946e+01	-7.464534e+01
7.370000e-06	-5.521555e-06	-1.191840e-09	-3.834931e+01	-7.462787e+01
7.380000e-06	-5.522653e-06	-1.185156e-09	-3.835693e+01	-7.460998e+01
7.390000e-06	-5.523465e-06	-1.177277e-09	-3.836257e+01	-7.459154e+01
7.400000e-06	-5.523957e-06	-1.171331e-09	-3.836599e+01	-7.457243e+01
