# Temperatura_=_-4.8
# Concentracion g/m^3_=_1620.0
# C_Vs_to_Am_M_A/Vsm_=_65563218390.804596
# pendiente_HvsI_1/m_=_3716.3
# ordenada_HvsI_A/m_=_1297.0
# frecuencia_Hz_=_135101.50536496416

Tiempo_(s)	Campo_(V.s)	Magnetizacion_(V.s)	Campo_(kA/m)	Magnetizacion_(A/m)
0.000000e+00	-5.526199e-06	-9.747912e-10	-3.837532e+01	-6.307420e+01
1.000000e-08	-5.526510e-06	-9.729171e-10	-3.837748e+01	-6.307941e+01
2.000000e-08	-5.526656e-06	-9.706544e-10	-3.837849e+01	-6.308350e+01
3.000000e-08	-5.526579e-06	-9.709233e-10	-3.837796e+01	-6.308617e+01
4.000000e-08	-5.525964e-06	-9.730682e-10	-3.837369e+01	-6.308711e+01
5.000000e-08	-5.524663e-06	-9.749309e-10	-3.836465e+01	-6.308601e+01
6.000000e-08	-5.522708e-06	-9.747650e-10	-3.835108e+01	-6.308257e+01
7.000000e-08	-5.520166e-06	-9.699065e-10	-3.833343e+01	-6.307647e+01
8.000000e-08	-5.517168e-06	-9.756128e-10	-3.831261e+01	-6.306743e+01
9.000000e-08	-5.513711e-06	-9.964189e-10	-3.828860e+01	-6.305515e+01
1.000000e-07	-5.509807e-06	-9.843697e-10	-3.826149e+01	-6.303935e+01
1.100000e-07	-5.505514e-06	-9.428718e-10	-3.823168e+01	-6.301978e+01
1.200000e-07	-5.501053e-06	-9.742405e-10	-3.820070e+01	-6.299619e+01
1.300000e-07	-5.496391e-06	-9.764358e-10	-3.816832e+01	-6.296834e+01
1.400000e-07	-5.491343e-06	-9.907590e-10	-3.813327e+01	-6.293604e+01
1.500000e-07	-5.485908e-06	-9.418228e-10	-3.809553e+01	-6.289910e+01
1.600000e-07	-5.480136e-06	-9.682779e-10	-3.805545e+01	-6.285736e+01
1.700000e-07	-5.474012e-06	-1.007024e-09	-3.801292e+01	-6.281069e+01
1.800000e-07	-5.467396e-06	-9.957314e-10	-3.796697e+01	-6.275898e+01
1.900000e-07	-5.460350e-06	-9.750538e-10	-3.791805e+01	-6.270214e+01
2.000000e-07	-5.452987e-06	-9.403068e-10	-3.786692e+01	-6.264014e+01
2.100000e-07	-5.445346e-06	-9.676388e-10	-3.781386e+01	-6.257294e+01
2.200000e-07	-5.437371e-06	-9.735200e-10	-3.775848e+01	-6.250056e+01
2.300000e-07	-5.429126e-06	-9.963891e-10	-3.770122e+01	-6.242304e+01
2.400000e-07	-5.420599e-06	-9.705151e-10	-3.764201e+01	-6.234043e+01
2.500000e-07	-5.411430e-06	-9.792226e-10	-3.757833e+01	-6.225284e+01
2.600000e-07	-5.401465e-06	-9.507464e-10	-3.750914e+01	-6.216040e+01
2.700000e-07	-5.390902e-06	-9.435971e-10	-3.743578e+01	-6.206324e+01
2.800000e-07	-5.379810e-06	-9.078260e-10	-3.735876e+01	-6.196155e+01
2.900000e-07	-5.368299e-06	-9.221025e-10	-3.727882e+01	-6.185553e+01
3.000000e-07	-5.356429e-06	-9.200313e-10	-3.719639e+01	-6.174540e+01
3.100000e-07	-5.344264e-06	-9.140633e-10	-3.711192e+01	-6.163141e+01
3.200000e-07	-5.331746e-06	-8.951415e-10	-3.702499e+01	-6.151381e+01
3.300000e-07	-5.318705e-06	-9.200306e-10	-3.693443e+01	-6.139289e+01
3.400000e-07	-5.305248e-06	-9.278680e-10	-3.684098e+01	-6.126893e+01
3.500000e-07	-5.291405e-06	-8.916548e-10	-3.674485e+01	-6.114224e+01
3.600000e-07	-5.277063e-06	-8.816687e-10	-3.664526e+01	-6.101314e+01
3.700000e-07	-5.262332e-06	-9.144053e-10	-3.654296e+01	-6.088195e+01
3.800000e-07	-5.247146e-06	-9.057341e-10	-3.643751e+01	-6.074897e+01
3.900000e-07	-5.231286e-06	-8.824877e-10	-3.632737e+01	-6.061455e+01
4.000000e-07	-5.214992e-06	-9.157280e-10	-3.621422e+01	-6.047899e+01
4.100000e-07	-5.198268e-06	-9.106898e-10	-3.609808e+01	-6.034262e+01
4.200000e-07	-5.181161e-06	-8.673559e-10	-3.597929e+01	-6.020574e+01
4.300000e-07	-5.163839e-06	-8.804497e-10	-3.585900e+01	-6.006865e+01
4.400000e-07	-5.146224e-06	-9.273188e-10	-3.573668e+01	-5.993164e+01
4.500000e-07	-5.128273e-06	-8.746235e-10	-3.561202e+01	-5.979497e+01
4.600000e-07	-5.109882e-06	-8.675380e-10	-3.548431e+01	-5.965889e+01
4.700000e-07	-5.091006e-06	-9.150319e-10	-3.535323e+01	-5.952364e+01
4.800000e-07	-5.071732e-06	-9.051908e-10	-3.521939e+01	-5.938942e+01
4.900000e-07	-5.052240e-06	-8.525347e-10	-3.508403e+01	-5.925643e+01
5.000000e-07	-5.032621e-06	-9.072333e-10	-3.494779e+01	-5.912481e+01
5.100000e-07	-5.012817e-06	-9.039608e-10	-3.481027e+01	-5.899472e+01
5.200000e-07	-4.992720e-06	-8.447859e-10	-3.467071e+01	-5.886624e+01
5.300000e-07	-4.972206e-06	-8.637959e-10	-3.452825e+01	-5.873946e+01
5.400000e-07	-4.951397e-06	-9.203177e-10	-3.438375e+01	-5.861442e+01
5.500000e-07	-4.930306e-06	-8.626831e-10	-3.423729e+01	-5.849115e+01
5.600000e-07	-4.908794e-06	-8.528643e-10	-3.408790e+01	-5.836962e+01
5.700000e-07	-4.886868e-06	-9.029075e-10	-3.393565e+01	-5.824981e+01
5.800000e-07	-4.864644e-06	-8.850983e-10	-3.378132e+01	-5.813162e+01
5.900000e-07	-4.842079e-06	-8.479446e-10	-3.362462e+01	-5.801497e+01
6.000000e-07	-4.819178e-06	-8.939512e-10	-3.346559e+01	-5.789972e+01
6.100000e-07	-4.796001e-06	-8.919071e-10	-3.330464e+01	-5.778572e+01
6.200000e-07	-4.772501e-06	-8.516621e-10	-3.314145e+01	-5.767279e+01
6.300000e-07	-4.748793e-06	-8.743862e-10	-3.297682e+01	-5.756071e+01
6.400000e-07	-4.724888e-06	-8.927705e-10	-3.281081e+01	-5.744926e+01
6.500000e-07	-4.700620e-06	-8.585562e-10	-3.264229e+01	-5.733819e+01
6.600000e-07	-4.675907e-06	-8.653582e-10	-3.247068e+01	-5.722723e+01
6.700000e-07	-4.650745e-06	-8.882957e-10	-3.229594e+01	-5.711610e+01
6.800000e-07	-4.625050e-06	-8.598396e-10	-3.211752e+01	-5.700450e+01
6.900000e-07	-4.598753e-06	-8.542723e-10	-3.193490e+01	-5.689211e+01
7.000000e-07	-4.571989e-06	-8.735382e-10	-3.174904e+01	-5.677863e+01
7.100000e-07	-4.544854e-06	-8.580051e-10	-3.156061e+01	-5.666372e+01
7.200000e-07	-4.517413e-06	-8.342772e-10	-3.137005e+01	-5.654706e+01
7.300000e-07	-4.489804e-06	-8.554010e-10	-3.117833e+01	-5.642831e+01
7.400000e-07	-4.462015e-06	-8.557927e-10	-3.098535e+01	-5.630716e+01
7.500000e-07	-4.434013e-06	-8.439099e-10	-3.079090e+01	-5.618327e+01
7.600000e-07	-4.405818e-06	-8.492386e-10	-3.059511e+01	-5.605633e+01
7.700000e-07	-4.377314e-06	-8.569707e-10	-3.039717e+01	-5.592602e+01
7.800000e-07	-4.348424e-06	-8.333774e-10	-3.019655e+01	-5.579207e+01
7.900000e-07	-4.319276e-06	-8.314354e-10	-2.999414e+01	-5.565417e+01
8.000000e-07	-4.289854e-06	-8.333744e-10	-2.978983e+01	-5.551206e+01
8.100000e-07	-4.260141e-06	-8.199143e-10	-2.958349e+01	-5.536551e+01
8.200000e-07	-4.230068e-06	-8.064474e-10	-2.937466e+01	-5.521427e+01
8.300000e-07	-4.199592e-06	-8.194400e-10	-2.916302e+01	-5.505813e+01
8.400000e-07	-4.168871e-06	-8.141333e-10	-2.894969e+01	-5.489693e+01
8.500000e-07	-4.137914e-06	-8.054476e-10	-2.873472e+01	-5.473048e+01
8.600000e-07	-4.106693e-06	-8.101872e-10	-2.851791e+01	-5.455866e+01
8.700000e-07	-4.075239e-06	-8.119995e-10	-2.829949e+01	-5.438135e+01
8.800000e-07	-4.043580e-06	-7.973266e-10	-2.807964e+01	-5.419848e+01
8.900000e-07	-4.011746e-06	-8.010786e-10	-2.785858e+01	-5.400997e+01
9.000000e-07	-3.979720e-06	-8.046570e-10	-2.763618e+01	-5.381580e+01
9.100000e-07	-3.947439e-06	-7.884563e-10	-2.741202e+01	-5.361597e+01
9.200000e-07	-3.914788e-06	-7.765785e-10	-2.718528e+01	-5.341048e+01
9.300000e-07	-3.881646e-06	-7.786114e-10	-2.695513e+01	-5.319939e+01
9.400000e-07	-3.848125e-06	-7.723299e-10	-2.672235e+01	-5.298277e+01
9.500000e-07	-3.814187e-06	-7.648910e-10	-2.648668e+01	-5.276070e+01
9.600000e-07	-3.779756e-06	-7.723633e-10	-2.624758e+01	-5.253329e+01
9.700000e-07	-3.744966e-06	-7.695925e-10	-2.600599e+01	-5.230069e+01
9.800000e-07	-3.709852e-06	-7.571940e-10	-2.576215e+01	-5.206304e+01
9.900000e-07	-3.674467e-06	-7.537090e-10	-2.551643e+01	-5.182052e+01
1.000000e-06	-3.638964e-06	-7.553982e-10	-2.526988e+01	-5.157329e+01
1.010000e-06	-3.603381e-06	-7.463772e-10	-2.502278e+01	-5.132157e+01
1.020000e-06	-3.567576e-06	-7.464468e-10	-2.477415e+01	-5.106555e+01
1.030000e-06	-3.531498e-06	-7.495437e-10	-2.452361e+01	-5.080545e+01
1.040000e-06	-3.495213e-06	-7.430157e-10	-2.427164e+01	-5.054149e+01
1.050000e-06	-3.458766e-06	-7.343427e-10	-2.401854e+01	-5.027389e+01
1.060000e-06	-3.422059e-06	-7.363298e-10	-2.376364e+01	-5.000288e+01
1.070000e-06	-3.385073e-06	-7.303738e-10	-2.350680e+01	-4.972868e+01
1.080000e-06	-3.347850e-06	-7.235259e-10	-2.324832e+01	-4.945150e+01
1.090000e-06	-3.310345e-06	-7.235984e-10	-2.298787e+01	-4.917156e+01
1.100000e-06	-3.272649e-06	-7.252992e-10	-2.272610e+01	-4.888907e+01
1.110000e-06	-3.234702e-06	-7.132846e-10	-2.246258e+01	-4.860420e+01
1.120000e-06	-3.196513e-06	-7.053784e-10	-2.219740e+01	-4.831715e+01
1.130000e-06	-3.158182e-06	-7.006665e-10	-2.193121e+01	-4.802807e+01
1.140000e-06	-3.119616e-06	-6.937310e-10	-2.166340e+01	-4.773711e+01
1.150000e-06	-3.080763e-06	-6.879084e-10	-2.139359e+01	-4.744439e+01
1.160000e-06	-3.041713e-06	-6.917338e-10	-2.112242e+01	-4.715002e+01
1.170000e-06	-3.002577e-06	-6.913136e-10	-2.085065e+01	-4.685408e+01
1.180000e-06	-2.963230e-06	-6.849106e-10	-2.057742e+01	-4.655663e+01
1.190000e-06	-2.923713e-06	-6.796754e-10	-2.030300e+01	-4.625769e+01
1.200000e-06	-2.884098e-06	-6.731975e-10	-2.002790e+01	-4.595728e+01
1.210000e-06	-2.844316e-06	-6.630884e-10	-1.975165e+01	-4.565537e+01
1.220000e-06	-2.804392e-06	-6.568207e-10	-1.947440e+01	-4.535190e+01
1.230000e-06	-2.764327e-06	-6.529074e-10	-1.919618e+01	-4.504681e+01
1.240000e-06	-2.724106e-06	-6.443441e-10	-1.891688e+01	-4.473998e+01
1.250000e-06	-2.683614e-06	-6.401248e-10	-1.863569e+01	-4.443128e+01
1.260000e-06	-2.642800e-06	-6.412626e-10	-1.835227e+01	-4.412054e+01
1.270000e-06	-2.601801e-06	-6.394507e-10	-1.806756e+01	-4.380757e+01
1.280000e-06	-2.560554e-06	-6.331266e-10	-1.778113e+01	-4.349214e+01
1.290000e-06	-2.518999e-06	-6.289934e-10	-1.749256e+01	-4.317401e+01
1.300000e-06	-2.477308e-06	-6.226017e-10	-1.720305e+01	-4.285290e+01
1.310000e-06	-2.435358e-06	-6.115673e-10	-1.691174e+01	-4.252850e+01
1.320000e-06	-2.392981e-06	-6.017628e-10	-1.661746e+01	-4.220051e+01
1.330000e-06	-2.350251e-06	-5.973310e-10	-1.632074e+01	-4.186856e+01
1.340000e-06	-2.307267e-06	-5.917937e-10	-1.602225e+01	-4.153228e+01
1.350000e-06	-2.264094e-06	-5.884167e-10	-1.572244e+01	-4.119130e+01
1.360000e-06	-2.220728e-06	-5.858171e-10	-1.542130e+01	-4.084521e+01
1.370000e-06	-2.177251e-06	-5.805911e-10	-1.511938e+01	-4.049357e+01
1.380000e-06	-2.133668e-06	-5.710764e-10	-1.481673e+01	-4.013596e+01
1.390000e-06	-2.089949e-06	-5.629022e-10	-1.451313e+01	-3.977193e+01
1.400000e-06	-2.046195e-06	-5.534451e-10	-1.420929e+01	-3.940102e+01
1.410000e-06	-2.002429e-06	-5.445840e-10	-1.390537e+01	-3.902277e+01
1.420000e-06	-1.958557e-06	-5.372559e-10	-1.360071e+01	-3.863671e+01
1.430000e-06	-1.914548e-06	-5.325006e-10	-1.329510e+01	-3.824236e+01
1.440000e-06	-1.870424e-06	-5.269451e-10	-1.298869e+01	-3.783925e+01
1.450000e-06	-1.826194e-06	-5.211838e-10	-1.268155e+01	-3.742690e+01
1.460000e-06	-1.781920e-06	-5.151609e-10	-1.237410e+01	-3.700486e+01
1.470000e-06	-1.737562e-06	-5.075409e-10	-1.206607e+01	-3.657265e+01
1.480000e-06	-1.693045e-06	-4.978678e-10	-1.175693e+01	-3.612982e+01
1.490000e-06	-1.648401e-06	-4.900253e-10	-1.144691e+01	-3.567593e+01
1.500000e-06	-1.603553e-06	-4.830808e-10	-1.113548e+01	-3.521054e+01
1.510000e-06	-1.558517e-06	-4.745668e-10	-1.082273e+01	-3.473324e+01
1.520000e-06	-1.513355e-06	-4.651919e-10	-1.050912e+01	-3.424363e+01
1.530000e-06	-1.468106e-06	-4.563477e-10	-1.019490e+01	-3.374133e+01
1.540000e-06	-1.422838e-06	-4.492396e-10	-9.880549e+00	-3.322597e+01
1.550000e-06	-1.377519e-06	-4.431087e-10	-9.565843e+00	-3.269720e+01
1.560000e-06	-1.332100e-06	-4.353404e-10	-9.250441e+00	-3.215472e+01
1.570000e-06	-1.286482e-06	-4.277542e-10	-8.933658e+00	-3.159823e+01
1.580000e-06	-1.240736e-06	-4.211301e-10	-8.615982e+00	-3.102747e+01
1.590000e-06	-1.194968e-06	-4.115428e-10	-8.298157e+00	-3.044219e+01
1.600000e-06	-1.149155e-06	-3.999568e-10	-7.980022e+00	-2.984218e+01
1.610000e-06	-1.103258e-06	-3.878295e-10	-7.661301e+00	-2.922726e+01
1.620000e-06	-1.057249e-06	-3.755658e-10	-7.341805e+00	-2.859729e+01
1.630000e-06	-1.011093e-06	-3.627559e-10	-7.021286e+00	-2.795213e+01
1.640000e-06	-9.648606e-07	-3.527408e-10	-6.700236e+00	-2.729170e+01
1.650000e-06	-9.185073e-07	-3.453083e-10	-6.378346e+00	-2.661594e+01
1.660000e-06	-8.720290e-07	-3.384731e-10	-6.055590e+00	-2.592484e+01
1.670000e-06	-8.256964e-07	-3.290756e-10	-5.733844e+00	-2.521839e+01
1.680000e-06	-7.794690e-07	-3.192219e-10	-5.412829e+00	-2.449663e+01
1.690000e-06	-7.330868e-07	-3.073758e-10	-5.090739e+00	-2.375965e+01
1.700000e-06	-6.865454e-07	-2.942526e-10	-4.767544e+00	-2.300754e+01
1.710000e-06	-6.399508e-07	-2.795995e-10	-4.443980e+00	-2.224045e+01
1.720000e-06	-5.933521e-07	-2.659135e-10	-4.120386e+00	-2.145854e+01
1.730000e-06	-5.466745e-07	-2.540876e-10	-3.796246e+00	-2.066202e+01
1.740000e-06	-4.999854e-07	-2.438418e-10	-3.472025e+00	-1.985111e+01
1.750000e-06	-4.533637e-07	-2.345462e-10	-3.148272e+00	-1.902609e+01
1.760000e-06	-4.066096e-07	-2.249848e-10	-2.823600e+00	-1.818723e+01
1.770000e-06	-3.598421e-07	-2.138868e-10	-2.498834e+00	-1.733487e+01
1.780000e-06	-3.130779e-07	-2.007035e-10	-2.174092e+00	-1.646935e+01
1.790000e-06	-2.661683e-07	-1.864666e-10	-1.848340e+00	-1.559105e+01
1.800000e-06	-2.191884e-07	-1.744166e-10	-1.522099e+00	-1.470037e+01
1.810000e-06	-1.722338e-07	-1.624025e-10	-1.196035e+00	-1.379772e+01
1.820000e-06	-1.253051e-07	-1.485812e-10	-8.701506e-01	-1.288358e+01
1.830000e-06	-7.835312e-08	-1.354412e-10	-5.441038e-01	-1.195839e+01
1.840000e-06	-3.134526e-08	-1.226559e-10	-2.176694e-01	-1.102266e+01
1.850000e-06	1.557870e-08	-1.092814e-10	1.081824e-01	-1.007689e+01
1.860000e-06	6.235507e-08	-9.617109e-11	4.330094e-01	-9.121621e+00
1.870000e-06	1.090922e-07	-8.234634e-11	7.575637e-01	-8.157393e+00
1.880000e-06	1.558768e-07	-6.826112e-11	1.082448e+00	-7.184770e+00
1.890000e-06	2.027713e-07	-5.619342e-11	1.408095e+00	-6.204326e+00
1.900000e-06	2.497147e-07	-4.425513e-11	1.734082e+00	-5.216652e+00
1.910000e-06	2.966070e-07	-3.161852e-11	2.059714e+00	-4.222345e+00
1.920000e-06	3.434207e-07	-1.693825e-11	2.384800e+00	-3.222016e+00
1.930000e-06	3.901856e-07	-3.476676e-13	2.709547e+00	-2.216281e+00
1.940000e-06	4.369468e-07	1.605253e-11	3.034269e+00	-1.205765e+00
1.950000e-06	4.837147e-07	3.021836e-11	3.359037e+00	-1.910973e-01
1.960000e-06	5.304281e-07	4.168335e-11	3.683426e+00	8.270888e-01
1.970000e-06	5.770676e-07	5.115503e-11	4.007303e+00	1.848157e+00
1.980000e-06	6.236425e-07	6.255422e-11	4.330731e+00	2.871471e+00
1.990000e-06	6.701304e-07	7.491345e-11	4.653554e+00	3.896394e+00
2.000000e-06	7.166209e-07	8.774734e-11	4.976397e+00	4.922290e+00
2.010000e-06	7.631524e-07	1.053183e-10	5.299523e+00	5.948528e+00
2.020000e-06	8.095850e-07	1.243907e-10	5.621962e+00	6.974477e+00
2.030000e-06	8.559386e-07	1.434350e-10	5.943854e+00	7.999516e+00
2.040000e-06	9.021970e-07	1.629026e-10	6.265083e+00	9.023026e+00
2.050000e-06	9.483728e-07	1.783442e-10	6.585740e+00	1.004440e+01
2.060000e-06	9.945117e-07	1.900686e-10	6.906140e+00	1.106304e+01
2.070000e-06	1.040573e-06	1.992982e-10	7.226000e+00	1.207834e+01
2.080000e-06	1.086527e-06	2.101132e-10	7.545115e+00	1.308974e+01
2.090000e-06	1.132413e-06	2.242170e-10	7.863764e+00	1.409665e+01
2.100000e-06	1.178243e-06	2.435407e-10	8.182020e+00	1.509853e+01
2.110000e-06	1.223987e-06	2.648357e-10	8.499676e+00	1.609482e+01
2.120000e-06	1.269679e-06	2.843626e-10	8.816974e+00	1.708501e+01
2.130000e-06	1.315265e-06	2.998842e-10	9.133533e+00	1.806856e+01
2.140000e-06	1.360654e-06	3.117747e-10	9.448726e+00	1.904498e+01
2.150000e-06	1.405872e-06	3.211862e-10	9.762727e+00	2.001379e+01
2.160000e-06	1.451042e-06	3.278491e-10	1.007640e+01	2.097451e+01
2.170000e-06	1.496175e-06	3.372501e-10	1.038982e+01	2.192669e+01
2.180000e-06	1.541175e-06	3.496205e-10	1.070231e+01	2.286989e+01
2.190000e-06	1.586046e-06	3.651329e-10	1.101390e+01	2.380370e+01
2.200000e-06	1.630849e-06	3.833194e-10	1.132503e+01	2.472771e+01
2.210000e-06	1.675490e-06	4.003177e-10	1.163503e+01	2.564153e+01
2.220000e-06	1.719968e-06	4.143884e-10	1.194389e+01	2.654481e+01
2.230000e-06	1.764321e-06	4.237981e-10	1.225189e+01	2.743720e+01
2.240000e-06	1.808516e-06	4.309327e-10	1.255879e+01	2.831836e+01
2.250000e-06	1.852609e-06	4.349224e-10	1.286499e+01	2.918798e+01
2.260000e-06	1.896614e-06	4.419188e-10	1.317056e+01	3.004577e+01
2.270000e-06	1.940523e-06	4.545977e-10	1.347548e+01	3.089146e+01
2.280000e-06	1.984391e-06	4.716130e-10	1.378011e+01	3.172479e+01
2.290000e-06	2.028192e-06	4.890285e-10	1.408428e+01	3.254552e+01
2.300000e-06	2.071908e-06	5.021894e-10	1.438785e+01	3.335343e+01
2.310000e-06	2.115559e-06	5.085557e-10	1.469098e+01	3.414832e+01
2.320000e-06	2.159116e-06	5.117743e-10	1.499345e+01	3.493001e+01
2.330000e-06	2.202593e-06	5.198859e-10	1.529536e+01	3.569833e+01
2.340000e-06	2.245968e-06	5.317562e-10	1.559657e+01	3.645313e+01
2.350000e-06	2.289254e-06	5.460460e-10	1.589716e+01	3.719429e+01
2.360000e-06	2.332352e-06	5.600242e-10	1.619644e+01	3.792169e+01
2.370000e-06	2.375099e-06	5.711980e-10	1.649328e+01	3.863525e+01
2.380000e-06	2.417577e-06	5.779414e-10	1.678827e+01	3.933487e+01
2.390000e-06	2.459857e-06	5.836424e-10	1.708187e+01	4.002051e+01
2.400000e-06	2.501788e-06	5.889347e-10	1.737305e+01	4.069211e+01
2.410000e-06	2.543305e-06	5.952052e-10	1.766135e+01	4.134966e+01
2.420000e-06	2.584624e-06	6.054738e-10	1.794828e+01	4.199314e+01
2.430000e-06	2.625732e-06	6.213531e-10	1.823375e+01	4.262256e+01
2.440000e-06	2.666488e-06	6.346060e-10	1.851676e+01	4.323795e+01
2.450000e-06	2.707001e-06	6.420424e-10	1.879810e+01	4.383934e+01
2.460000e-06	2.747286e-06	6.458620e-10	1.907785e+01	4.442678e+01
2.470000e-06	2.787308e-06	6.479506e-10	1.935577e+01	4.500035e+01
2.480000e-06	2.827186e-06	6.518346e-10	1.963269e+01	4.556013e+01
2.490000e-06	2.866941e-06	6.592890e-10	1.990876e+01	4.610623e+01
2.500000e-06	2.906571e-06	6.697548e-10	2.018396e+01	4.663876e+01
2.510000e-06	2.946112e-06	6.818133e-10	2.045855e+01	4.715785e+01
2.520000e-06	2.985562e-06	6.930565e-10	2.073250e+01	4.766364e+01
2.530000e-06	3.024835e-06	7.025206e-10	2.100522e+01	4.815629e+01
2.540000e-06	3.063883e-06	7.095001e-10	2.127638e+01	4.863598e+01
2.550000e-06	3.102723e-06	7.159370e-10	2.154609e+01	4.910288e+01
2.560000e-06	3.141307e-06	7.210652e-10	2.181403e+01	4.955720e+01
2.570000e-06	3.179634e-06	7.247425e-10	2.208018e+01	4.999914e+01
2.580000e-06	3.217757e-06	7.312196e-10	2.234492e+01	5.042893e+01
2.590000e-06	3.255649e-06	7.410694e-10	2.260805e+01	5.084680e+01
2.600000e-06	3.293293e-06	7.498700e-10	2.286946e+01	5.125298e+01
2.610000e-06	3.330735e-06	7.564130e-10	2.312946e+01	5.164773e+01
2.620000e-06	3.367949e-06	7.633976e-10	2.338789e+01	5.203132e+01
2.630000e-06	3.404928e-06	7.698649e-10	2.364468e+01	5.240401e+01
2.640000e-06	3.441589e-06	7.742102e-10	2.389926e+01	5.276607e+01
2.650000e-06	3.477974e-06	7.792366e-10	2.415193e+01	5.311779e+01
2.660000e-06	3.514169e-06	7.881701e-10	2.440327e+01	5.345947e+01
2.670000e-06	3.550113e-06	7.931249e-10	2.465288e+01	5.379139e+01
2.680000e-06	3.585909e-06	7.945801e-10	2.490146e+01	5.411385e+01
2.690000e-06	3.621659e-06	7.967263e-10	2.514971e+01	5.442715e+01
2.700000e-06	3.657325e-06	7.979720e-10	2.539739e+01	5.473161e+01
2.710000e-06	3.692798e-06	8.007496e-10	2.564372e+01	5.502751e+01
2.720000e-06	3.728063e-06	8.077512e-10	2.588861e+01	5.531516e+01
2.730000e-06	3.763168e-06	8.146045e-10	2.613239e+01	5.559487e+01
2.740000e-06	3.797989e-06	8.202862e-10	2.637420e+01	5.586693e+01
2.750000e-06	3.832313e-06	8.255450e-10	2.661255e+01	5.613164e+01
2.760000e-06	3.866086e-06	8.289694e-10	2.684708e+01	5.638930e+01
2.770000e-06	3.899314e-06	8.292698e-10	2.707782e+01	5.664018e+01
2.780000e-06	3.932137e-06	8.299153e-10	2.730575e+01	5.688456e+01
2.790000e-06	3.964630e-06	8.339104e-10	2.753139e+01	5.712272e+01
2.800000e-06	3.996773e-06	8.375838e-10	2.775460e+01	5.735492e+01
2.810000e-06	4.028685e-06	8.417307e-10	2.797621e+01	5.758139e+01
2.820000e-06	4.060423e-06	8.477123e-10	2.819660e+01	5.780240e+01
2.830000e-06	4.091985e-06	8.535749e-10	2.841577e+01	5.801815e+01
2.840000e-06	4.123365e-06	8.587147e-10	2.863368e+01	5.822888e+01
2.850000e-06	4.154536e-06	8.606280e-10	2.885015e+01	5.843476e+01
2.860000e-06	4.185324e-06	8.592670e-10	2.906395e+01	5.863600e+01
2.870000e-06	4.215751e-06	8.580077e-10	2.927524e+01	5.883277e+01
2.880000e-06	4.245950e-06	8.584900e-10	2.948495e+01	5.902521e+01
2.890000e-06	4.275864e-06	8.593008e-10	2.969268e+01	5.921347e+01
2.900000e-06	4.305481e-06	8.605989e-10	2.989834e+01	5.939768e+01
2.910000e-06	4.334785e-06	8.652762e-10	3.010184e+01	5.957793e+01
2.920000e-06	4.363847e-06	8.710839e-10	3.030366e+01	5.975432e+01
2.930000e-06	4.392664e-06	8.759819e-10	3.050377e+01	5.992691e+01
2.940000e-06	4.421112e-06	8.804733e-10	3.070132e+01	6.009578e+01
2.950000e-06	4.449217e-06	8.830287e-10	3.089649e+01	6.026096e+01
2.960000e-06	4.477084e-06	8.827329e-10	3.109000e+01	6.042247e+01
2.970000e-06	4.504776e-06	8.817636e-10	3.128230e+01	6.058033e+01
2.980000e-06	4.532355e-06	8.833158e-10	3.147381e+01	6.073453e+01
2.990000e-06	4.559797e-06	8.870874e-10	3.166438e+01	6.088505e+01
3.000000e-06	4.586939e-06	8.893020e-10	3.185286e+01	6.103186e+01
3.010000e-06	4.613706e-06	8.905695e-10	3.203874e+01	6.117492e+01
3.020000e-06	4.639975e-06	8.921818e-10	3.222115e+01	6.131418e+01
3.030000e-06	4.665488e-06	8.946110e-10	3.239833e+01	6.144958e+01
3.040000e-06	4.690319e-06	8.973702e-10	3.257076e+01	6.158104e+01
3.050000e-06	4.714673e-06	8.979205e-10	3.273988e+01	6.170848e+01
3.060000e-06	4.738671e-06	8.967877e-10	3.290653e+01	6.183183e+01
3.070000e-06	4.762473e-06	8.972581e-10	3.307181e+01	6.195100e+01
3.080000e-06	4.786076e-06	8.993944e-10	3.323572e+01	6.206590e+01
3.090000e-06	4.809308e-06	9.005261e-10	3.339705e+01	6.217645e+01
3.100000e-06	4.832190e-06	9.015214e-10	3.355594e+01	6.228255e+01
3.110000e-06	4.854802e-06	9.023668e-10	3.371297e+01	6.238412e+01
3.120000e-06	4.877156e-06	9.012214e-10	3.386820e+01	6.248107e+01
3.130000e-06	4.899199e-06	9.004984e-10	3.402128e+01	6.257335e+01
3.140000e-06	4.920848e-06	9.027355e-10	3.417161e+01	6.266087e+01
3.150000e-06	4.942202e-06	9.060505e-10	3.431990e+01	6.274359e+01
3.160000e-06	4.963207e-06	9.084914e-10	3.446576e+01	6.282145e+01
3.170000e-06	4.983780e-06	9.091551e-10	3.460863e+01	6.289441e+01
3.180000e-06	5.004007e-06	9.088553e-10	3.474909e+01	6.296246e+01
3.190000e-06	5.023985e-06	9.070608e-10	3.488782e+01	6.302558e+01
3.200000e-06	5.043755e-06	9.045146e-10	3.502511e+01	6.308379e+01
3.210000e-06	5.063389e-06	9.045974e-10	3.516145e+01	6.313710e+01
3.220000e-06	5.082706e-06	9.074513e-10	3.529560e+01	6.318556e+01
3.230000e-06	5.101593e-06	9.107877e-10	3.542675e+01	6.322921e+01
3.240000e-06	5.120102e-06	9.124819e-10	3.555528e+01	6.326814e+01
3.250000e-06	5.138120e-06	9.116262e-10	3.568040e+01	6.330244e+01
3.260000e-06	5.155707e-06	9.092299e-10	3.580253e+01	6.333221e+01
3.270000e-06	5.172954e-06	9.068885e-10	3.592230e+01	6.335759e+01
3.280000e-06	5.189884e-06	9.072708e-10	3.603986e+01	6.337872e+01
3.290000e-06	5.206551e-06	9.094420e-10	3.615561e+01	6.339576e+01
3.300000e-06	5.222914e-06	9.108058e-10	3.626924e+01	6.340890e+01
3.310000e-06	5.238890e-06	9.133186e-10	3.638017e+01	6.341833e+01
3.320000e-06	5.254445e-06	9.161592e-10	3.648819e+01	6.342426e+01
3.330000e-06	5.269614e-06	9.196952e-10	3.659353e+01	6.342691e+01
3.340000e-06	5.284299e-06	9.219583e-10	3.669551e+01	6.342652e+01
3.350000e-06	5.298465e-06	9.233619e-10	3.679388e+01	6.342335e+01
3.360000e-06	5.312261e-06	9.226331e-10	3.688968e+01	6.341763e+01
3.370000e-06	5.325713e-06	9.212049e-10	3.698310e+01	6.340965e+01
3.380000e-06	5.338734e-06	9.205117e-10	3.707351e+01	6.339966e+01
3.390000e-06	5.351316e-06	9.191247e-10	3.716089e+01	6.338795e+01
3.400000e-06	5.363479e-06	9.194598e-10	3.724535e+01	6.337479e+01
3.410000e-06	5.375236e-06	9.213341e-10	3.732700e+01	6.336044e+01
3.420000e-06	5.386694e-06	9.240179e-10	3.740656e+01	6.334520e+01
3.430000e-06	5.397863e-06	9.255407e-10	3.748412e+01	6.332932e+01
3.440000e-06	5.408601e-06	9.279936e-10	3.755869e+01	6.331306e+01
3.450000e-06	5.418655e-06	9.305437e-10	3.762851e+01	6.329669e+01
3.460000e-06	5.427988e-06	9.309509e-10	3.769332e+01	6.328044e+01
3.470000e-06	5.436745e-06	9.316956e-10	3.775413e+01	6.326453e+01
3.480000e-06	5.444972e-06	9.318146e-10	3.781126e+01	6.324920e+01
3.490000e-06	5.452861e-06	9.305777e-10	3.786605e+01	6.323462e+01
3.500000e-06	5.460563e-06	9.303568e-10	3.791953e+01	6.322099e+01
3.510000e-06	5.468032e-06	9.306275e-10	3.797139e+01	6.320846e+01
3.520000e-06	5.475276e-06	9.322541e-10	3.802170e+01	6.319717e+01
3.530000e-06	5.482141e-06	9.341795e-10	3.806937e+01	6.318723e+01
3.540000e-06	5.488537e-06	9.350612e-10	3.811379e+01	6.317873e+01
3.550000e-06	5.494469e-06	9.343312e-10	3.815498e+01	6.317175e+01
3.560000e-06	5.499948e-06	9.341459e-10	3.819302e+01	6.316631e+01
3.570000e-06	5.505094e-06	9.334975e-10	3.822876e+01	6.316244e+01
3.580000e-06	5.509932e-06	9.328715e-10	3.826236e+01	6.316012e+01
3.590000e-06	5.514440e-06	9.335933e-10	3.829366e+01	6.315931e+01
3.600000e-06	5.518595e-06	9.348828e-10	3.832251e+01	6.315994e+01
3.610000e-06	5.522436e-06	9.355463e-10	3.834919e+01	6.316192e+01
3.620000e-06	5.526041e-06	9.352576e-10	3.837422e+01	6.316514e+01
3.630000e-06	5.529384e-06	9.354870e-10	3.839744e+01	6.316944e+01
3.640000e-06	5.532300e-06	9.363921e-10	3.841769e+01	6.317467e+01
3.650000e-06	5.534678e-06	9.378072e-10	3.843420e+01	6.318063e+01
3.660000e-06	5.536491e-06	9.379468e-10	3.844679e+01	6.318710e+01
3.670000e-06	5.537658e-06	9.386448e-10	3.845489e+01	6.319387e+01
3.680000e-06	5.538250e-06	9.391084e-10	3.845901e+01	6.320068e+01
3.690000e-06	5.538393e-06	9.386654e-10	3.846000e+01	6.320727e+01
3.700000e-06	5.538230e-06	9.375540e-10	3.845887e+01	6.321335e+01
3.710000e-06	5.537915e-06	9.350654e-10	3.845668e+01	6.321865e+01
3.720000e-06	5.537383e-06	9.308850e-10	3.845298e+01	6.322285e+01
3.730000e-06	5.536492e-06	9.254488e-10	3.844680e+01	6.322567e+01
3.740000e-06	5.535156e-06	9.232802e-10	3.843752e+01	6.322678e+01
3.750000e-06	5.533387e-06	9.262936e-10	3.842523e+01	6.322588e+01
3.760000e-06	5.531282e-06	9.344636e-10	3.841061e+01	6.322265e+01
3.770000e-06	5.528848e-06	9.424439e-10	3.839371e+01	6.321680e+01
3.780000e-06	5.526023e-06	9.146307e-10	3.837410e+01	6.320803e+01
3.790000e-06	5.522698e-06	9.027986e-10	3.835101e+01	6.319604e+01
3.800000e-06	5.518829e-06	9.497454e-10	3.832414e+01	6.318056e+01
3.810000e-06	5.514602e-06	9.315984e-10	3.829478e+01	6.316133e+01
3.820000e-06	5.510215e-06	9.156842e-10	3.826432e+01	6.313809e+01
3.830000e-06	5.505754e-06	9.087338e-10	3.823335e+01	6.311062e+01
3.840000e-06	5.500941e-06	9.347794e-10	3.819992e+01	6.307871e+01
3.850000e-06	5.495442e-06	9.784655e-10	3.816173e+01	6.304218e+01
3.860000e-06	5.489504e-06	9.212343e-10	3.812050e+01	6.300086e+01
3.870000e-06	5.483366e-06	9.147738e-10	3.807788e+01	6.295461e+01
3.880000e-06	5.476789e-06	9.505704e-10	3.803220e+01	6.290334e+01
3.890000e-06	5.469515e-06	1.009257e-09	3.798169e+01	6.284694e+01
3.900000e-06	5.461670e-06	9.537337e-10	3.792721e+01	6.278538e+01
3.910000e-06	5.453554e-06	9.138411e-10	3.787086e+01	6.271863e+01
3.920000e-06	5.445117e-06	9.461822e-10	3.781226e+01	6.264670e+01
3.930000e-06	5.436241e-06	9.751248e-10	3.775063e+01	6.256961e+01
3.940000e-06	5.427133e-06	9.535879e-10	3.768738e+01	6.248744e+01
3.950000e-06	5.417764e-06	9.278809e-10	3.762232e+01	6.240028e+01
3.960000e-06	5.407891e-06	9.677136e-10	3.755376e+01	6.230824e+01
3.970000e-06	5.397546e-06	9.738193e-10	3.748192e+01	6.221149e+01
3.980000e-06	5.386891e-06	9.571223e-10	3.740793e+01	6.211018e+01
3.990000e-06	5.375915e-06	9.280681e-10	3.733171e+01	6.200453e+01
4.000000e-06	5.364429e-06	9.364332e-10	3.725195e+01	6.189474e+01
4.010000e-06	5.352515e-06	9.301830e-10	3.716922e+01	6.178107e+01
4.020000e-06	5.340336e-06	9.228292e-10	3.708464e+01	6.166378e+01
4.030000e-06	5.327632e-06	8.980842e-10	3.699642e+01	6.154313e+01
4.040000e-06	5.314391e-06	9.366392e-10	3.690447e+01	6.141943e+01
4.050000e-06	5.300882e-06	9.650442e-10	3.681066e+01	6.129297e+01
4.060000e-06	5.286927e-06	9.402443e-10	3.671375e+01	6.116408e+01
4.070000e-06	5.272185e-06	8.902267e-10	3.661138e+01	6.103305e+01
4.080000e-06	5.256757e-06	9.426154e-10	3.650424e+01	6.090023e+01
4.090000e-06	5.240937e-06	9.588605e-10	3.639439e+01	6.076593e+01
4.100000e-06	5.224769e-06	8.997510e-10	3.628211e+01	6.063047e+01
4.110000e-06	5.208297e-06	9.067966e-10	3.616773e+01	6.049416e+01
4.120000e-06	5.191627e-06	9.712165e-10	3.605197e+01	6.035733e+01
4.130000e-06	5.174673e-06	9.282731e-10	3.593423e+01	6.022026e+01
4.140000e-06	5.157322e-06	8.871020e-10	3.581375e+01	6.008324e+01
4.150000e-06	5.139570e-06	9.643922e-10	3.569047e+01	5.994654e+01
4.160000e-06	5.121452e-06	9.534920e-10	3.556466e+01	5.981042e+01
4.170000e-06	5.102971e-06	8.699095e-10	3.543632e+01	5.967510e+01
4.180000e-06	5.084119e-06	9.237373e-10	3.530541e+01	5.954081e+01
4.190000e-06	5.064992e-06	9.811197e-10	3.517258e+01	5.940772e+01
4.200000e-06	5.045554e-06	8.815392e-10	3.503760e+01	5.927600e+01
4.210000e-06	5.025765e-06	8.909081e-10	3.490018e+01	5.914578e+01
4.220000e-06	5.005674e-06	9.760247e-10	3.476067e+01	5.901718e+01
4.230000e-06	4.985384e-06	9.094826e-10	3.461976e+01	5.889027e+01
4.240000e-06	4.964826e-06	8.548277e-10	3.447700e+01	5.876510e+01
4.250000e-06	4.943965e-06	9.640856e-10	3.433214e+01	5.864169e+01
4.260000e-06	4.922753e-06	9.441294e-10	3.418484e+01	5.852003e+01
4.270000e-06	4.900908e-06	8.553985e-10	3.403314e+01	5.840009e+01
4.280000e-06	4.878480e-06	9.146816e-10	3.387740e+01	5.828179e+01
4.290000e-06	4.855569e-06	9.555743e-10	3.371829e+01	5.816502e+01
4.300000e-06	4.832135e-06	8.656414e-10	3.355556e+01	5.804968e+01
4.310000e-06	4.808311e-06	8.835090e-10	3.339012e+01	5.793559e+01
4.320000e-06	4.784212e-06	9.331382e-10	3.322278e+01	5.782259e+01
4.330000e-06	4.759930e-06	8.869211e-10	3.305415e+01	5.771046e+01
4.340000e-06	4.735425e-06	8.767204e-10	3.288399e+01	5.759898e+01
4.350000e-06	4.710612e-06	9.291865e-10	3.271168e+01	5.748790e+01
4.360000e-06	4.685439e-06	8.999509e-10	3.253687e+01	5.737696e+01
4.370000e-06	4.659912e-06	8.781712e-10	3.235960e+01	5.726586e+01
4.380000e-06	4.634078e-06	9.089206e-10	3.218020e+01	5.715433e+01
4.390000e-06	4.607917e-06	9.003735e-10	3.199854e+01	5.704203e+01
4.400000e-06	4.581470e-06	8.691528e-10	3.181488e+01	5.692866e+01
4.410000e-06	4.554702e-06	8.834766e-10	3.162900e+01	5.681390e+01
4.420000e-06	4.527579e-06	8.845116e-10	3.144065e+01	5.669741e+01
4.430000e-06	4.500085e-06	8.626060e-10	3.124973e+01	5.657887e+01
4.440000e-06	4.472281e-06	8.727227e-10	3.105665e+01	5.645794e+01
4.450000e-06	4.444252e-06	8.862665e-10	3.086201e+01	5.633430e+01
4.460000e-06	4.416018e-06	8.720794e-10	3.066594e+01	5.620764e+01
4.470000e-06	4.387659e-06	8.609872e-10	3.046901e+01	5.607764e+01
4.480000e-06	4.359147e-06	8.701918e-10	3.027102e+01	5.594401e+01
4.490000e-06	4.330276e-06	8.620932e-10	3.007053e+01	5.580646e+01
4.500000e-06	4.300975e-06	8.528980e-10	2.986705e+01	5.566473e+01
4.510000e-06	4.271249e-06	8.584940e-10	2.966063e+01	5.551857e+01
4.520000e-06	4.240964e-06	8.591981e-10	2.945033e+01	5.536774e+01
4.530000e-06	4.210174e-06	8.417301e-10	2.923651e+01	5.521203e+01
4.540000e-06	4.179057e-06	8.507781e-10	2.902043e+01	5.505127e+01
4.550000e-06	4.147515e-06	8.583458e-10	2.880139e+01	5.488528e+01
4.560000e-06	4.115582e-06	8.439092e-10	2.857964e+01	5.471392e+01
4.570000e-06	4.083437e-06	8.374921e-10	2.835641e+01	5.453709e+01
4.580000e-06	4.051148e-06	8.505220e-10	2.813220e+01	5.435469e+01
4.590000e-06	4.018676e-06	8.392883e-10	2.790670e+01	5.416667e+01
4.600000e-06	3.986003e-06	8.329794e-10	2.767981e+01	5.397299e+01
4.610000e-06	3.953076e-06	8.406407e-10	2.745115e+01	5.377364e+01
4.620000e-06	3.919927e-06	8.369347e-10	2.722096e+01	5.356864e+01
4.630000e-06	3.886454e-06	8.233794e-10	2.698852e+01	5.335802e+01
4.640000e-06	3.852604e-06	8.327168e-10	2.675346e+01	5.314187e+01
4.650000e-06	3.818575e-06	8.376186e-10	2.651715e+01	5.292026e+01
4.660000e-06	3.784297e-06	8.255790e-10	2.627911e+01	5.269331e+01
4.670000e-06	3.749732e-06	8.225493e-10	2.603908e+01	5.246115e+01
4.680000e-06	3.714954e-06	8.293814e-10	2.579758e+01	5.222393e+01
4.690000e-06	3.679900e-06	8.206039e-10	2.555415e+01	5.198181e+01
4.700000e-06	3.644557e-06	8.126526e-10	2.530872e+01	5.173499e+01
4.710000e-06	3.608916e-06	8.180463e-10	2.506122e+01	5.148364e+01
4.720000e-06	3.573035e-06	8.154093e-10	2.481206e+01	5.122799e+01
4.730000e-06	3.537033e-06	8.079168e-10	2.456205e+01	5.096823e+01
4.740000e-06	3.500881e-06	8.125388e-10	2.431100e+01	5.070460e+01
4.750000e-06	3.464588e-06	8.138455e-10	2.405898e+01	5.043731e+01
4.760000e-06	3.428143e-06	8.001913e-10	2.380589e+01	5.016658e+01
4.770000e-06	3.391450e-06	7.958139e-10	2.355109e+01	4.989265e+01
4.780000e-06	3.354496e-06	7.955126e-10	2.329447e+01	4.961573e+01
4.790000e-06	3.317240e-06	7.897187e-10	2.303575e+01	4.933603e+01
4.800000e-06	3.279676e-06	7.858011e-10	2.277490e+01	4.905375e+01
4.810000e-06	3.241793e-06	7.887117e-10	2.251183e+01	4.876909e+01
4.820000e-06	3.203532e-06	7.813915e-10	2.224613e+01	4.848223e+01
4.830000e-06	3.164929e-06	7.725876e-10	2.197807e+01	4.819332e+01
4.840000e-06	3.125937e-06	7.712111e-10	2.170730e+01	4.790253e+01
4.850000e-06	3.086568e-06	7.698957e-10	2.143391e+01	4.760996e+01
4.860000e-06	3.046939e-06	7.602942e-10	2.115871e+01	4.731574e+01
4.870000e-06	3.007127e-06	7.553704e-10	2.088225e+01	4.701994e+01
4.880000e-06	2.967081e-06	7.520768e-10	2.060416e+01	4.672263e+01
4.890000e-06	2.926880e-06	7.475594e-10	2.032499e+01	4.642383e+01
4.900000e-06	2.886650e-06	7.440740e-10	2.004563e+01	4.612355e+01
4.910000e-06	2.846331e-06	7.451909e-10	1.976564e+01	4.582178e+01
4.920000e-06	2.805836e-06	7.403814e-10	1.948443e+01	4.551846e+01
4.930000e-06	2.765149e-06	7.342384e-10	1.920189e+01	4.521352e+01
4.940000e-06	2.724307e-06	7.335189e-10	1.891828e+01	4.490685e+01
4.950000e-06	2.683272e-06	7.317513e-10	1.863332e+01	4.459833e+01
4.960000e-06	2.642003e-06	7.237636e-10	1.834674e+01	4.428778e+01
4.970000e-06	2.600568e-06	7.189378e-10	1.805900e+01	4.397501e+01
4.980000e-06	2.558974e-06	7.162267e-10	1.777016e+01	4.365981e+01
4.990000e-06	2.517251e-06	7.101171e-10	1.748042e+01	4.334192e+01
5.000000e-06	2.475359e-06	7.045141e-10	1.718952e+01	4.302108e+01
5.010000e-06	2.433238e-06	6.994167e-10	1.689702e+01	4.269699e+01
5.020000e-06	2.390900e-06	6.909140e-10	1.660302e+01	4.236932e+01
5.030000e-06	2.348421e-06	6.810962e-10	1.630803e+01	4.203772e+01
5.040000e-06	2.305862e-06	6.770781e-10	1.601249e+01	4.170184e+01
5.050000e-06	2.263165e-06	6.742458e-10	1.571599e+01	4.136128e+01
5.060000e-06	2.220194e-06	6.683563e-10	1.541759e+01	4.101564e+01
5.070000e-06	2.177010e-06	6.627848e-10	1.511771e+01	4.066449e+01
5.080000e-06	2.133745e-06	6.590372e-10	1.481726e+01	4.030741e+01
5.090000e-06	2.090331e-06	6.523880e-10	1.451579e+01	3.994395e+01
5.100000e-06	2.046774e-06	6.457996e-10	1.421331e+01	3.957364e+01
5.110000e-06	2.003100e-06	6.386623e-10	1.391003e+01	3.919604e+01
5.120000e-06	1.959268e-06	6.308113e-10	1.360565e+01	3.881065e+01
5.130000e-06	1.915261e-06	6.226642e-10	1.330005e+01	3.841702e+01
5.140000e-06	1.871163e-06	6.195680e-10	1.299383e+01	3.801467e+01
5.150000e-06	1.827040e-06	6.154188e-10	1.268743e+01	3.760313e+01
5.160000e-06	1.782852e-06	6.085563e-10	1.238057e+01	3.718192e+01
5.170000e-06	1.738576e-06	6.010999e-10	1.207311e+01	3.675059e+01
5.180000e-06	1.694231e-06	5.938580e-10	1.176516e+01	3.630868e+01
5.190000e-06	1.649816e-06	5.859772e-10	1.145674e+01	3.585574e+01
5.200000e-06	1.605338e-06	5.777207e-10	1.114787e+01	3.539134e+01
5.210000e-06	1.560722e-06	5.713501e-10	1.083805e+01	3.491506e+01
5.220000e-06	1.516050e-06	5.680158e-10	1.052784e+01	3.442651e+01
5.230000e-06	1.471366e-06	5.625604e-10	1.021753e+01	3.392529e+01
5.240000e-06	1.426556e-06	5.537256e-10	9.906366e+00	3.341104e+01
5.250000e-06	1.381620e-06	5.442534e-10	9.594321e+00	3.288342e+01
5.260000e-06	1.336625e-06	5.351219e-10	9.281861e+00	3.234211e+01
5.270000e-06	1.291595e-06	5.250661e-10	8.969164e+00	3.178681e+01
5.280000e-06	1.246546e-06	5.167010e-10	8.656331e+00	3.121725e+01
5.290000e-06	1.201373e-06	5.121648e-10	8.342636e+00	3.063320e+01
5.300000e-06	1.156020e-06	5.096076e-10	8.027697e+00	3.003444e+01
5.310000e-06	1.110564e-06	5.053477e-10	7.712034e+00	2.942079e+01
5.320000e-06	1.065099e-06	5.005207e-10	7.396319e+00	2.879208e+01
5.330000e-06	1.019441e-06	4.932966e-10	7.079256e+00	2.814821e+01
5.340000e-06	9.736257e-07	4.776768e-10	6.761102e+00	2.748907e+01
5.350000e-06	9.276829e-07	4.611430e-10	6.442064e+00	2.681460e+01
5.360000e-06	8.815950e-07	4.472601e-10	6.122018e+00	2.612479e+01
5.370000e-06	8.355340e-07	4.410486e-10	5.802159e+00	2.541963e+01
5.380000e-06	7.894381e-07	4.344703e-10	5.482057e+00	2.469916e+01
5.390000e-06	7.434003e-07	4.280182e-10	5.162359e+00	2.396346e+01
5.400000e-06	6.972832e-07	4.201685e-10	4.842110e+00	2.321262e+01
5.410000e-06	6.510580e-07	4.097751e-10	4.521111e+00	2.244678e+01
5.420000e-06	6.048490e-07	3.935091e-10	4.200224e+00	2.166611e+01
5.430000e-06	5.586209e-07	3.751882e-10	3.879205e+00	2.087081e+01
5.440000e-06	5.122685e-07	3.557922e-10	3.557322e+00	2.006111e+01
5.450000e-06	4.657861e-07	3.384814e-10	3.234536e+00	1.923726e+01
5.460000e-06	4.193130e-07	3.287990e-10	2.911815e+00	1.839956e+01
5.470000e-06	3.728378e-07	3.226486e-10	2.589080e+00	1.754833e+01
5.480000e-06	3.263305e-07	3.184421e-10	2.266121e+00	1.668390e+01
5.490000e-06	2.797683e-07	3.074585e-10	1.942782e+00	1.580666e+01
5.500000e-06	2.331628e-07	2.897706e-10	1.619142e+00	1.491701e+01
5.510000e-06	1.865613e-07	2.698570e-10	1.295528e+00	1.401536e+01
5.520000e-06	1.399787e-07	2.481767e-10	9.720473e-01	1.310216e+01
5.530000e-06	9.341500e-08	2.277348e-10	6.486973e-01	1.217789e+01
5.540000e-06	4.689373e-08	2.126783e-10	3.256419e-01	1.124303e+01
5.550000e-06	4.041395e-10	2.020823e-10	2.806446e-03	1.029809e+01
5.560000e-06	-4.611608e-08	1.921253e-10	-3.202417e-01	9.343609e+00
5.570000e-06	-9.263366e-08	1.819912e-10	-6.432715e-01	8.380120e+00
5.580000e-06	-1.391565e-07	1.700318e-10	-9.663376e-01	7.408187e+00
5.590000e-06	-1.856304e-07	1.523592e-10	-1.289064e+00	6.428386e+00
5.600000e-06	-2.320316e-07	1.335984e-10	-1.611286e+00	5.441304e+00
5.610000e-06	-2.784493e-07	1.126433e-10	-1.933622e+00	4.447540e+00
5.620000e-06	-3.248463e-07	9.506637e-11	-2.255814e+00	3.447702e+00
5.630000e-06	-3.712388e-07	7.968611e-11	-2.577976e+00	2.442407e+00
5.640000e-06	-4.176996e-07	6.382833e-11	-2.900611e+00	1.432279e+00
5.650000e-06	-4.640729e-07	4.824846e-11	-3.222639e+00	4.179457e-01
5.660000e-06	-5.103461e-07	3.261247e-11	-3.543972e+00	-5.999585e-01
5.670000e-06	-5.565841e-07	1.672051e-11	-3.865061e+00	-1.620798e+00
5.680000e-06	-6.027875e-07	-1.313897e-12	-4.185909e+00	-2.643937e+00
5.690000e-06	-6.489984e-07	-2.126942e-11	-4.506809e+00	-3.668737e+00
5.700000e-06	-6.952525e-07	-4.156578e-11	-4.828009e+00	-4.694563e+00
5.710000e-06	-7.414658e-07	-6.273407e-11	-5.148926e+00	-5.720783e+00
5.720000e-06	-7.875751e-07	-8.335507e-11	-5.469120e+00	-6.746767e+00
5.730000e-06	-8.335976e-07	-9.844311e-11	-5.788712e+00	-7.771892e+00
5.740000e-06	-8.795597e-07	-1.104782e-10	-6.107885e+00	-8.795541e+00
5.750000e-06	-9.254757e-07	-1.255840e-10	-6.426737e+00	-9.817103e+00
5.760000e-06	-9.712777e-07	-1.424819e-10	-6.744798e+00	-1.083598e+01
5.770000e-06	-1.016906e-06	-1.636938e-10	-7.061652e+00	-1.185157e+01
5.780000e-06	-1.062389e-06	-1.869149e-10	-7.377497e+00	-1.286330e+01
5.790000e-06	-1.107817e-06	-2.063504e-10	-7.692962e+00	-1.387060e+01
5.800000e-06	-1.153131e-06	-2.209244e-10	-8.007631e+00	-1.487290e+01
5.810000e-06	-1.198301e-06	-2.334445e-10	-8.321306e+00	-1.586967e+01
5.820000e-06	-1.243398e-06	-2.481900e-10	-8.634469e+00	-1.686037e+01
5.830000e-06	-1.288423e-06	-2.675683e-10	-8.947134e+00	-1.784448e+01
5.840000e-06	-1.333360e-06	-2.887589e-10	-9.259191e+00	-1.882150e+01
5.850000e-06	-1.378176e-06	-3.078105e-10	-9.570399e+00	-1.979095e+01
5.860000e-06	-1.422845e-06	-3.254837e-10	-9.880593e+00	-2.075235e+01
5.870000e-06	-1.467469e-06	-3.406514e-10	-1.019047e+01	-2.170524e+01
5.880000e-06	-1.512063e-06	-3.546840e-10	-1.050015e+01	-2.264919e+01
5.890000e-06	-1.556572e-06	-3.697230e-10	-1.080923e+01	-2.358379e+01
5.900000e-06	-1.601040e-06	-3.831150e-10	-1.111802e+01	-2.450862e+01
5.910000e-06	-1.645452e-06	-3.959189e-10	-1.142644e+01	-2.542329e+01
5.920000e-06	-1.689773e-06	-4.121501e-10	-1.173421e+01	-2.632745e+01
5.930000e-06	-1.734034e-06	-4.281627e-10	-1.204157e+01	-2.722075e+01
5.940000e-06	-1.778227e-06	-4.437374e-10	-1.234846e+01	-2.810284e+01
5.950000e-06	-1.822381e-06	-4.586669e-10	-1.265507e+01	-2.897342e+01
5.960000e-06	-1.866468e-06	-4.723201e-10	-1.296122e+01	-2.983220e+01
5.970000e-06	-1.910411e-06	-4.836883e-10	-1.326637e+01	-3.067889e+01
5.980000e-06	-1.954249e-06	-4.971872e-10	-1.357080e+01	-3.151324e+01
5.990000e-06	-1.998005e-06	-5.118198e-10	-1.387465e+01	-3.233502e+01
6.000000e-06	-2.041642e-06	-5.234248e-10	-1.417767e+01	-3.314399e+01
6.010000e-06	-2.085097e-06	-5.343443e-10	-1.447944e+01	-3.393996e+01
6.020000e-06	-2.128407e-06	-5.454323e-10	-1.478019e+01	-3.472274e+01
6.030000e-06	-2.171556e-06	-5.575700e-10	-1.507983e+01	-3.549217e+01
6.040000e-06	-2.214532e-06	-5.679708e-10	-1.537827e+01	-3.624809e+01
6.050000e-06	-2.257336e-06	-5.791036e-10	-1.567551e+01	-3.699038e+01
6.060000e-06	-2.299940e-06	-5.919644e-10	-1.597136e+01	-3.771892e+01
6.070000e-06	-2.342397e-06	-6.044098e-10	-1.626619e+01	-3.843362e+01
6.080000e-06	-2.384717e-06	-6.153845e-10	-1.656007e+01	-3.913440e+01
6.090000e-06	-2.426801e-06	-6.267303e-10	-1.685232e+01	-3.982119e+01
6.100000e-06	-2.468696e-06	-6.363186e-10	-1.714325e+01	-4.049395e+01
6.110000e-06	-2.510452e-06	-6.433656e-10	-1.743321e+01	-4.115266e+01
6.120000e-06	-2.552067e-06	-6.523958e-10	-1.772220e+01	-4.179730e+01
6.130000e-06	-2.593644e-06	-6.630012e-10	-1.801092e+01	-4.242788e+01
6.140000e-06	-2.635024e-06	-6.745260e-10	-1.829827e+01	-4.304442e+01
6.150000e-06	-2.676057e-06	-6.875792e-10	-1.858322e+01	-4.364696e+01
6.160000e-06	-2.716888e-06	-6.979253e-10	-1.886675e+01	-4.423555e+01
6.170000e-06	-2.757575e-06	-7.056809e-10	-1.914929e+01	-4.481026e+01
6.180000e-06	-2.798074e-06	-7.143783e-10	-1.943053e+01	-4.537117e+01
6.190000e-06	-2.838457e-06	-7.216948e-10	-1.971096e+01	-4.591840e+01
6.200000e-06	-2.878732e-06	-7.257483e-10	-1.999064e+01	-4.645204e+01
6.210000e-06	-2.918890e-06	-7.314646e-10	-2.026951e+01	-4.697223e+01
6.220000e-06	-2.958932e-06	-7.416711e-10	-2.054757e+01	-4.747911e+01
6.230000e-06	-2.998823e-06	-7.544931e-10	-2.082458e+01	-4.797283e+01
6.240000e-06	-3.038451e-06	-7.676301e-10	-2.109977e+01	-4.845358e+01
6.250000e-06	-3.077917e-06	-7.786408e-10	-2.137383e+01	-4.892153e+01
6.260000e-06	-3.117150e-06	-7.875132e-10	-2.164627e+01	-4.937688e+01
6.270000e-06	-3.155974e-06	-7.939177e-10	-2.191588e+01	-4.981983e+01
6.280000e-06	-3.194390e-06	-7.985923e-10	-2.218265e+01	-5.025061e+01
6.290000e-06	-3.232508e-06	-8.037371e-10	-2.244735e+01	-5.066945e+01
6.300000e-06	-3.270394e-06	-8.117853e-10	-2.271044e+01	-5.107658e+01
6.310000e-06	-3.307836e-06	-8.211119e-10	-2.297045e+01	-5.147226e+01
6.320000e-06	-3.344895e-06	-8.320765e-10	-2.322780e+01	-5.185676e+01
6.330000e-06	-3.381654e-06	-8.399897e-10	-2.348306e+01	-5.223033e+01
6.340000e-06	-3.418103e-06	-8.428467e-10	-2.373617e+01	-5.259325e+01
6.350000e-06	-3.454356e-06	-8.454432e-10	-2.398792e+01	-5.294582e+01
6.360000e-06	-3.490552e-06	-8.503946e-10	-2.423928e+01	-5.328830e+01
6.370000e-06	-3.526716e-06	-8.561950e-10	-2.449041e+01	-5.362101e+01
6.380000e-06	-3.562672e-06	-8.616052e-10	-2.474010e+01	-5.394424e+01
6.390000e-06	-3.598328e-06	-8.664484e-10	-2.498770e+01	-5.425828e+01
6.400000e-06	-3.633794e-06	-8.700288e-10	-2.523398e+01	-5.456344e+01
6.410000e-06	-3.669021e-06	-8.742548e-10	-2.547861e+01	-5.486003e+01
6.420000e-06	-3.703929e-06	-8.798434e-10	-2.572102e+01	-5.514835e+01
6.430000e-06	-3.738544e-06	-8.868915e-10	-2.596139e+01	-5.542870e+01
6.440000e-06	-3.772892e-06	-8.943301e-10	-2.619991e+01	-5.570137e+01
6.450000e-06	-3.807002e-06	-8.994677e-10	-2.643678e+01	-5.596667e+01
6.460000e-06	-3.840832e-06	-9.027471e-10	-2.667171e+01	-5.622489e+01
6.470000e-06	-3.874451e-06	-9.061792e-10	-2.690517e+01	-5.647631e+01
6.480000e-06	-3.907792e-06	-9.104259e-10	-2.713670e+01	-5.672121e+01
6.490000e-06	-3.940729e-06	-9.132202e-10	-2.736542e+01	-5.695987e+01
6.500000e-06	-3.973401e-06	-9.152828e-10	-2.759230e+01	-5.719254e+01
6.510000e-06	-4.005834e-06	-9.188793e-10	-2.781752e+01	-5.741947e+01
6.520000e-06	-4.038115e-06	-9.223871e-10	-2.804169e+01	-5.764091e+01
6.530000e-06	-4.070319e-06	-9.266388e-10	-2.826532e+01	-5.785708e+01
6.540000e-06	-4.102291e-06	-9.312948e-10	-2.848735e+01	-5.806820e+01
6.550000e-06	-4.133938e-06	-9.369000e-10	-2.870711e+01	-5.827447e+01
6.560000e-06	-4.165269e-06	-9.434286e-10	-2.892468e+01	-5.847608e+01
6.570000e-06	-4.196215e-06	-9.486482e-10	-2.913957e+01	-5.867320e+01
6.580000e-06	-4.226626e-06	-9.490889e-10	-2.935076e+01	-5.886598e+01
6.590000e-06	-4.256480e-06	-9.462724e-10	-2.955807e+01	-5.905457e+01
6.600000e-06	-4.285820e-06	-9.476630e-10	-2.976181e+01	-5.923910e+01
6.610000e-06	-4.314752e-06	-9.541227e-10	-2.996273e+01	-5.941966e+01
6.620000e-06	-4.343423e-06	-9.615715e-10	-3.016183e+01	-5.959636e+01
6.630000e-06	-4.371863e-06	-9.682507e-10	-3.035932e+01	-5.976926e+01
6.640000e-06	-4.400095e-06	-9.727084e-10	-3.055537e+01	-5.993842e+01
6.650000e-06	-4.428197e-06	-9.740455e-10	-3.075052e+01	-6.010389e+01
6.660000e-06	-4.456123e-06	-9.733763e-10	-3.094445e+01	-6.026570e+01
6.670000e-06	-4.483758e-06	-9.720807e-10	-3.113634e+01	-6.042384e+01
6.680000e-06	-4.511019e-06	-9.707248e-10	-3.132565e+01	-6.057833e+01
6.690000e-06	-4.537970e-06	-9.701619e-10	-3.151281e+01	-6.072915e+01
6.700000e-06	-4.564586e-06	-9.703377e-10	-3.169763e+01	-6.087626e+01
6.710000e-06	-4.590814e-06	-9.701768e-10	-3.187977e+01	-6.101962e+01
6.720000e-06	-4.616692e-06	-9.725250e-10	-3.205947e+01	-6.115919e+01
6.730000e-06	-4.642128e-06	-9.743268e-10	-3.223611e+01	-6.129490e+01
6.740000e-06	-4.667209e-06	-9.761404e-10	-3.241027e+01	-6.142667e+01
6.750000e-06	-4.692084e-06	-9.783354e-10	-3.258301e+01	-6.155444e+01
6.760000e-06	-4.716683e-06	-9.810745e-10	-3.275384e+01	-6.167812e+01
6.770000e-06	-4.741034e-06	-9.808184e-10	-3.292294e+01	-6.179763e+01
6.780000e-06	-4.765251e-06	-9.773187e-10	-3.309111e+01	-6.191288e+01
6.790000e-06	-4.789293e-06	-9.761832e-10	-3.325806e+01	-6.202378e+01
6.800000e-06	-4.813003e-06	-9.776297e-10	-3.342271e+01	-6.213024e+01
6.810000e-06	-4.836329e-06	-9.799787e-10	-3.358469e+01	-6.223217e+01
6.820000e-06	-4.859249e-06	-9.821121e-10	-3.374385e+01	-6.232951e+01
6.830000e-06	-4.881550e-06	-9.815228e-10	-3.389872e+01	-6.242216e+01
6.840000e-06	-4.903093e-06	-9.781420e-10	-3.404832e+01	-6.251007e+01
6.850000e-06	-4.924085e-06	-9.754754e-10	-3.419409e+01	-6.259318e+01
6.860000e-06	-4.944764e-06	-9.764217e-10	-3.433769e+01	-6.267143e+01
6.870000e-06	-4.965190e-06	-9.817194e-10	-3.447953e+01	-6.274479e+01
6.880000e-06	-4.985445e-06	-9.892609e-10	-3.462019e+01	-6.281323e+01
6.890000e-06	-5.005521e-06	-9.944804e-10	-3.475960e+01	-6.287676e+01
6.900000e-06	-5.025347e-06	-9.970040e-10	-3.489728e+01	-6.293536e+01
6.910000e-06	-5.044794e-06	-9.982865e-10	-3.503232e+01	-6.298906e+01
6.920000e-06	-5.063792e-06	-9.955112e-10	-3.516425e+01	-6.303791e+01
6.930000e-06	-5.082472e-06	-9.944734e-10	-3.529396e+01	-6.308195e+01
6.940000e-06	-5.100923e-06	-9.944622e-10	-3.542209e+01	-6.312126e+01
6.950000e-06	-5.119083e-06	-9.982209e-10	-3.554820e+01	-6.315592e+01
6.960000e-06	-5.136856e-06	-1.001710e-09	-3.567162e+01	-6.318605e+01
6.970000e-06	-5.154243e-06	-1.007220e-09	-3.579236e+01	-6.321178e+01
6.980000e-06	-5.171244e-06	-1.012912e-09	-3.591042e+01	-6.323324e+01
6.990000e-06	-5.187882e-06	-1.014499e-09	-3.602596e+01	-6.325061e+01
7.000000e-06	-5.204280e-06	-1.013109e-09	-3.613983e+01	-6.326405e+01
7.010000e-06	-5.220491e-06	-1.008465e-09	-3.625241e+01	-6.327377e+01
7.020000e-06	-5.236389e-06	-1.003073e-09	-3.636281e+01	-6.327997e+01
7.030000e-06	-5.251824e-06	-1.000325e-09	-3.646999e+01	-6.328287e+01
7.040000e-06	-5.266690e-06	-1.002130e-09	-3.657322e+01	-6.328272e+01
7.050000e-06	-5.280911e-06	-1.008329e-09	-3.667198e+01	-6.327975e+01
7.060000e-06	-5.294518e-06	-1.015571e-09	-3.676647e+01	-6.327422e+01
7.070000e-06	-5.307572e-06	-1.022493e-09	-3.685712e+01	-6.326640e+01
7.080000e-06	-5.320188e-06	-1.026836e-09	-3.694473e+01	-6.325656e+01
7.090000e-06	-5.332525e-06	-1.024186e-09	-3.703040e+01	-6.324497e+01
7.100000e-06	-5.344530e-06	-1.018390e-09	-3.711376e+01	-6.323190e+01
7.110000e-06	-5.356149e-06	-1.012542e-09	-3.719445e+01	-6.321764e+01
7.120000e-06	-5.367351e-06	-1.011593e-09	-3.727224e+01	-6.320244e+01
7.130000e-06	-5.378075e-06	-1.013964e-09	-3.734671e+01	-6.318659e+01
7.140000e-06	-5.388435e-06	-1.017460e-09	-3.741865e+01	-6.317035e+01
7.150000e-06	-5.398498e-06	-1.019584e-09	-3.748854e+01	-6.315396e+01
7.160000e-06	-5.408124e-06	-1.020861e-09	-3.755537e+01	-6.313767e+01
7.170000e-06	-5.417316e-06	-1.020993e-09	-3.761921e+01	-6.312172e+01
7.180000e-06	-5.426187e-06	-1.019373e-09	-3.768081e+01	-6.310632e+01
7.190000e-06	-5.434781e-06	-1.016106e-09	-3.774049e+01	-6.309166e+01
7.200000e-06	-5.443188e-06	-1.012958e-09	-3.779887e+01	-6.307793e+01
7.210000e-06	-5.451353e-06	-1.008819e-09	-3.785557e+01	-6.306529e+01
7.220000e-06	-5.459181e-06	-1.005326e-09	-3.790993e+01	-6.305387e+01
7.230000e-06	-5.466531e-06	-1.004213e-09	-3.796097e+01	-6.304381e+01
7.240000e-06	-5.473319e-06	-1.004829e-09	-3.800811e+01	-6.303518e+01
7.250000e-06	-5.479488e-06	-1.003715e-09	-3.805095e+01	-6.302805e+01
7.260000e-06	-5.484990e-06	-1.000955e-09	-3.808915e+01	-6.302247e+01
7.270000e-06	-5.490035e-06	-9.994112e-10	-3.812419e+01	-6.301846e+01
7.280000e-06	-5.494725e-06	-9.978797e-10	-3.815675e+01	-6.301599e+01
7.290000e-06	-5.499123e-06	-9.957102e-10	-3.818730e+01	-6.301505e+01
7.300000e-06	-5.503296e-06	-9.928815e-10	-3.821628e+01	-6.301555e+01
7.310000e-06	-5.507162e-06	-9.898090e-10	-3.824312e+01	-6.301741e+01
7.320000e-06	-5.510655e-06	-9.871937e-10	-3.826738e+01	-6.302051e+01
7.330000e-06	-5.513793e-06	-9.858324e-10	-3.828917e+01	-6.302472e+01
7.340000e-06	-5.516640e-06	-9.848021e-10	-3.830894e+01	-6.302986e+01
7.350000e-06	-5.519152e-06	-9.834463e-10	-3.832638e+01	-6.303575e+01
7.360000e-06	-5.521280e-06	-9.812852e-10	-3.834116e+01	-6.304218e+01
7.370000e-06	-5.523002e-06	-9.774017e-10	-3.835312e+01	-6.304892e+01
7.380000e-06	-5.524278e-06	-9.749336e-10	-3.836198e+01	-6.305573e+01
7.390000e-06	-5.525168e-06	-9.755878e-10	-3.836816e+01	-6.306233e+01
7.400000e-06	-5.525766e-06	-9.750979e-10	-3.837231e+01	-6.306845e+01
