# Temperatura_=_11.38
# Concentracion g/m^3_=_1620.0
# C_Vs_to_Am_M_A/Vsm_=_65563218390.804596
# pendiente_HvsI_1/m_=_3716.3
# ordenada_HvsI_A/m_=_1297.0
# frecuencia_Hz_=_135108.76199654627

Tiempo_(s)	Campo_(V.s)	Magnetizacion_(V.s)	Campo_(kA/m)	Magnetizacion_(A/m)
0.000000e+00	-5.519484e-06	-1.210555e-09	-3.836769e+01	-7.966804e+01
1.000000e-08	-5.519727e-06	-1.206666e-09	-3.836938e+01	-7.961537e+01
2.000000e-08	-5.519664e-06	-1.205578e-09	-3.836894e+01	-7.956087e+01
3.000000e-08	-5.519266e-06	-1.208334e-09	-3.836618e+01	-7.950457e+01
4.000000e-08	-5.518389e-06	-1.211314e-09	-3.836008e+01	-7.944650e+01
5.000000e-08	-5.516843e-06	-1.209653e-09	-3.834933e+01	-7.938665e+01
6.000000e-08	-5.514610e-06	-1.199471e-09	-3.833381e+01	-7.932505e+01
7.000000e-08	-5.511824e-06	-1.193354e-09	-3.831444e+01	-7.926167e+01
8.000000e-08	-5.508613e-06	-1.215737e-09	-3.829212e+01	-7.919650e+01
9.000000e-08	-5.505034e-06	-1.238353e-09	-3.826725e+01	-7.912952e+01
1.000000e-07	-5.500999e-06	-1.216239e-09	-3.823919e+01	-7.906070e+01
1.100000e-07	-5.496539e-06	-1.189212e-09	-3.820820e+01	-7.898999e+01
1.200000e-07	-5.491825e-06	-1.185299e-09	-3.817542e+01	-7.891736e+01
1.300000e-07	-5.486850e-06	-1.200141e-09	-3.814084e+01	-7.884275e+01
1.400000e-07	-5.481561e-06	-1.195160e-09	-3.810408e+01	-7.876611e+01
1.500000e-07	-5.475913e-06	-1.180690e-09	-3.806481e+01	-7.868736e+01
1.600000e-07	-5.469877e-06	-1.207415e-09	-3.802286e+01	-7.860646e+01
1.700000e-07	-5.463423e-06	-1.207972e-09	-3.797799e+01	-7.852333e+01
1.800000e-07	-5.456522e-06	-1.182853e-09	-3.793002e+01	-7.843790e+01
1.900000e-07	-5.449331e-06	-1.148325e-09	-3.788004e+01	-7.835010e+01
2.000000e-07	-5.441987e-06	-1.188222e-09	-3.782898e+01	-7.825985e+01
2.100000e-07	-5.434312e-06	-1.221875e-09	-3.777563e+01	-7.816709e+01
2.200000e-07	-5.426264e-06	-1.224430e-09	-3.771969e+01	-7.807175e+01
2.300000e-07	-5.417923e-06	-1.191969e-09	-3.766171e+01	-7.797375e+01
2.400000e-07	-5.409053e-06	-1.186019e-09	-3.760005e+01	-7.787301e+01
2.500000e-07	-5.399497e-06	-1.184869e-09	-3.753362e+01	-7.776949e+01
2.600000e-07	-5.389291e-06	-1.173779e-09	-3.746268e+01	-7.766310e+01
2.700000e-07	-5.378545e-06	-1.164029e-09	-3.738798e+01	-7.755379e+01
2.800000e-07	-5.367382e-06	-1.176400e-09	-3.731038e+01	-7.744150e+01
2.900000e-07	-5.355831e-06	-1.179020e-09	-3.723008e+01	-7.732617e+01
3.000000e-07	-5.343880e-06	-1.154664e-09	-3.714701e+01	-7.720774e+01
3.100000e-07	-5.331514e-06	-1.138776e-09	-3.706105e+01	-7.708618e+01
3.200000e-07	-5.318757e-06	-1.136122e-09	-3.697237e+01	-7.696143e+01
3.300000e-07	-5.305620e-06	-1.149106e-09	-3.688106e+01	-7.683346e+01
3.400000e-07	-5.292042e-06	-1.126061e-09	-3.678667e+01	-7.670222e+01
3.500000e-07	-5.277834e-06	-1.125401e-09	-3.668790e+01	-7.656768e+01
3.600000e-07	-5.263130e-06	-1.148030e-09	-3.658569e+01	-7.642980e+01
3.700000e-07	-5.248176e-06	-1.165528e-09	-3.648174e+01	-7.628857e+01
3.800000e-07	-5.232769e-06	-1.123100e-09	-3.637465e+01	-7.614396e+01
3.900000e-07	-5.216805e-06	-1.117112e-09	-3.626367e+01	-7.599593e+01
4.000000e-07	-5.200353e-06	-1.137448e-09	-3.614931e+01	-7.584448e+01
4.100000e-07	-5.183593e-06	-1.132356e-09	-3.603280e+01	-7.568959e+01
4.200000e-07	-5.166596e-06	-1.110648e-09	-3.591465e+01	-7.553123e+01
4.300000e-07	-5.149248e-06	-1.139939e-09	-3.579406e+01	-7.536940e+01
4.400000e-07	-5.131558e-06	-1.141727e-09	-3.567109e+01	-7.520408e+01
4.500000e-07	-5.113473e-06	-1.107755e-09	-3.554538e+01	-7.503526e+01
4.600000e-07	-5.094955e-06	-1.104283e-09	-3.541665e+01	-7.486293e+01
4.700000e-07	-5.076065e-06	-1.124087e-09	-3.528534e+01	-7.468708e+01
4.800000e-07	-5.056842e-06	-1.105293e-09	-3.515172e+01	-7.450769e+01
4.900000e-07	-5.037376e-06	-1.104912e-09	-3.501641e+01	-7.432475e+01
5.000000e-07	-5.017720e-06	-1.123744e-09	-3.487977e+01	-7.413827e+01
5.100000e-07	-4.997835e-06	-1.104215e-09	-3.474154e+01	-7.394821e+01
5.200000e-07	-4.977624e-06	-1.085457e-09	-3.460105e+01	-7.375458e+01
5.300000e-07	-4.956984e-06	-1.103651e-09	-3.445757e+01	-7.355735e+01
5.400000e-07	-4.936012e-06	-1.091949e-09	-3.431179e+01	-7.335652e+01
5.500000e-07	-4.914797e-06	-1.061583e-09	-3.416432e+01	-7.315208e+01
5.600000e-07	-4.893215e-06	-1.084648e-09	-3.401429e+01	-7.294400e+01
5.700000e-07	-4.871246e-06	-1.103088e-09	-3.386158e+01	-7.273227e+01
5.800000e-07	-4.848861e-06	-1.080788e-09	-3.370597e+01	-7.251689e+01
5.900000e-07	-4.826121e-06	-1.075959e-09	-3.354791e+01	-7.229783e+01
6.000000e-07	-4.803171e-06	-1.082565e-09	-3.338837e+01	-7.207507e+01
6.100000e-07	-4.779925e-06	-1.058344e-09	-3.322678e+01	-7.184861e+01
6.200000e-07	-4.756391e-06	-1.051119e-09	-3.306319e+01	-7.161842e+01
6.300000e-07	-4.732661e-06	-1.063431e-09	-3.289823e+01	-7.138450e+01
6.400000e-07	-4.708677e-06	-1.059749e-09	-3.273151e+01	-7.114682e+01
6.500000e-07	-4.684267e-06	-1.050734e-09	-3.256183e+01	-7.090537e+01
6.600000e-07	-4.659446e-06	-1.058300e-09	-3.238929e+01	-7.066014e+01
6.700000e-07	-4.634112e-06	-1.047839e-09	-3.221319e+01	-7.041112e+01
6.800000e-07	-4.608042e-06	-1.039816e-09	-3.203196e+01	-7.015829e+01
6.900000e-07	-4.581426e-06	-1.041774e-09	-3.184695e+01	-6.990165e+01
7.000000e-07	-4.554466e-06	-1.034033e-09	-3.165954e+01	-6.964119e+01
7.100000e-07	-4.527235e-06	-1.017795e-09	-3.147025e+01	-6.937690e+01
7.200000e-07	-4.499829e-06	-1.022617e-09	-3.127974e+01	-6.910878e+01
7.300000e-07	-4.472257e-06	-1.023298e-09	-3.108808e+01	-6.883683e+01
7.400000e-07	-4.444492e-06	-1.012505e-09	-3.089508e+01	-6.856105e+01
7.500000e-07	-4.416480e-06	-1.008514e-09	-3.070036e+01	-6.828145e+01
7.600000e-07	-4.388059e-06	-1.010494e-09	-3.050279e+01	-6.799802e+01
7.700000e-07	-4.359277e-06	-1.004083e-09	-3.030272e+01	-6.771078e+01
7.800000e-07	-4.330267e-06	-1.000630e-09	-3.010106e+01	-6.741974e+01
7.900000e-07	-4.300965e-06	-9.970449e-10	-2.989738e+01	-6.712492e+01
8.000000e-07	-4.271387e-06	-9.873625e-10	-2.969177e+01	-6.682632e+01
8.100000e-07	-4.241550e-06	-9.746092e-10	-2.948436e+01	-6.652396e+01
8.200000e-07	-4.211404e-06	-9.715871e-10	-2.927481e+01	-6.621786e+01
8.300000e-07	-4.180901e-06	-9.701071e-10	-2.906277e+01	-6.590806e+01
8.400000e-07	-4.150066e-06	-9.659101e-10	-2.884843e+01	-6.559455e+01
8.500000e-07	-4.119040e-06	-9.656604e-10	-2.863276e+01	-6.527738e+01
8.600000e-07	-4.087862e-06	-9.626216e-10	-2.841603e+01	-6.495657e+01
8.700000e-07	-4.056464e-06	-9.522728e-10	-2.819777e+01	-6.463215e+01
8.800000e-07	-4.024848e-06	-9.424460e-10	-2.797800e+01	-6.430413e+01
8.900000e-07	-3.992989e-06	-9.376655e-10	-2.775654e+01	-6.397256e+01
9.000000e-07	-3.960867e-06	-9.256161e-10	-2.753325e+01	-6.363745e+01
9.100000e-07	-3.928458e-06	-9.158325e-10	-2.730796e+01	-6.329884e+01
9.200000e-07	-3.895590e-06	-9.146815e-10	-2.707949e+01	-6.295675e+01
9.300000e-07	-3.862172e-06	-9.142264e-10	-2.684719e+01	-6.261122e+01
9.400000e-07	-3.828344e-06	-9.065970e-10	-2.661204e+01	-6.226227e+01
9.500000e-07	-3.794178e-06	-9.028861e-10	-2.637454e+01	-6.190993e+01
9.600000e-07	-3.759616e-06	-8.961622e-10	-2.613429e+01	-6.155421e+01
9.700000e-07	-3.724695e-06	-8.850649e-10	-2.589154e+01	-6.119516e+01
9.800000e-07	-3.689564e-06	-8.785509e-10	-2.564733e+01	-6.083278e+01
9.900000e-07	-3.654235e-06	-8.786298e-10	-2.540175e+01	-6.046710e+01
1.000000e-06	-3.618736e-06	-8.728971e-10	-2.515498e+01	-6.009815e+01
1.010000e-06	-3.583089e-06	-8.676726e-10	-2.490719e+01	-5.972593e+01
1.020000e-06	-3.547248e-06	-8.656108e-10	-2.465805e+01	-5.935048e+01
1.030000e-06	-3.511169e-06	-8.598990e-10	-2.440725e+01	-5.897179e+01
1.040000e-06	-3.474830e-06	-8.506420e-10	-2.415465e+01	-5.858989e+01
1.050000e-06	-3.438271e-06	-8.483342e-10	-2.390052e+01	-5.820478e+01
1.060000e-06	-3.401431e-06	-8.445470e-10	-2.364443e+01	-5.781648e+01
1.070000e-06	-3.364341e-06	-8.376893e-10	-2.338660e+01	-5.742500e+01
1.080000e-06	-3.327052e-06	-8.328155e-10	-2.312740e+01	-5.703034e+01
1.090000e-06	-3.289533e-06	-8.273749e-10	-2.286659e+01	-5.663250e+01
1.100000e-06	-3.251779e-06	-8.166256e-10	-2.260415e+01	-5.623149e+01
1.110000e-06	-3.213762e-06	-8.056244e-10	-2.233988e+01	-5.582731e+01
1.120000e-06	-3.175494e-06	-7.986772e-10	-2.207387e+01	-5.541996e+01
1.130000e-06	-3.137042e-06	-7.916243e-10	-2.180657e+01	-5.500944e+01
1.140000e-06	-3.098373e-06	-7.850190e-10	-2.153777e+01	-5.459573e+01
1.150000e-06	-3.059537e-06	-7.818724e-10	-2.126782e+01	-5.417884e+01
1.160000e-06	-3.020574e-06	-7.785079e-10	-2.099697e+01	-5.375875e+01
1.170000e-06	-2.981387e-06	-7.713477e-10	-2.072457e+01	-5.333546e+01
1.180000e-06	-2.942082e-06	-7.641729e-10	-2.045135e+01	-5.290893e+01
1.190000e-06	-2.902667e-06	-7.571003e-10	-2.017736e+01	-5.247916e+01
1.200000e-06	-2.863088e-06	-7.480504e-10	-1.990224e+01	-5.204612e+01
1.210000e-06	-2.823391e-06	-7.399519e-10	-1.962629e+01	-5.160979e+01
1.220000e-06	-2.783521e-06	-7.345458e-10	-1.934914e+01	-5.117013e+01
1.230000e-06	-2.743502e-06	-7.258396e-10	-1.907095e+01	-5.072710e+01
1.240000e-06	-2.703241e-06	-7.181157e-10	-1.879109e+01	-5.028066e+01
1.250000e-06	-2.662680e-06	-7.127389e-10	-1.850914e+01	-4.983076e+01
1.260000e-06	-2.621879e-06	-7.081225e-10	-1.822552e+01	-4.937734e+01
1.270000e-06	-2.580830e-06	-7.021540e-10	-1.794017e+01	-4.892033e+01
1.280000e-06	-2.539485e-06	-6.974249e-10	-1.765277e+01	-4.845965e+01
1.290000e-06	-2.497861e-06	-6.901426e-10	-1.736342e+01	-4.799522e+01
1.300000e-06	-2.455957e-06	-6.789989e-10	-1.707214e+01	-4.752693e+01
1.310000e-06	-2.413706e-06	-6.671330e-10	-1.677844e+01	-4.705467e+01
1.320000e-06	-2.371230e-06	-6.581935e-10	-1.648317e+01	-4.657832e+01
1.330000e-06	-2.328529e-06	-6.510006e-10	-1.618634e+01	-4.609773e+01
1.340000e-06	-2.285548e-06	-6.458846e-10	-1.588757e+01	-4.561276e+01
1.350000e-06	-2.242344e-06	-6.419184e-10	-1.558724e+01	-4.512321e+01
1.360000e-06	-2.198964e-06	-6.371340e-10	-1.528570e+01	-4.462891e+01
1.370000e-06	-2.155527e-06	-6.304372e-10	-1.498375e+01	-4.412965e+01
1.380000e-06	-2.112056e-06	-6.207465e-10	-1.468157e+01	-4.362519e+01
1.390000e-06	-2.068473e-06	-6.089587e-10	-1.437862e+01	-4.311528e+01
1.400000e-06	-2.024766e-06	-5.976206e-10	-1.407479e+01	-4.259966e+01
1.410000e-06	-1.980999e-06	-5.872061e-10	-1.377055e+01	-4.207803e+01
1.420000e-06	-1.937074e-06	-5.782052e-10	-1.346522e+01	-4.155009e+01
1.430000e-06	-1.892978e-06	-5.706421e-10	-1.315869e+01	-4.101549e+01
1.440000e-06	-1.848854e-06	-5.641548e-10	-1.285197e+01	-4.047387e+01
1.450000e-06	-1.804581e-06	-5.571064e-10	-1.254422e+01	-3.992487e+01
1.460000e-06	-1.760149e-06	-5.482890e-10	-1.223536e+01	-3.936807e+01
1.470000e-06	-1.715618e-06	-5.420013e-10	-1.192581e+01	-3.880305e+01
1.480000e-06	-1.670950e-06	-5.348315e-10	-1.161530e+01	-3.822938e+01
1.490000e-06	-1.626121e-06	-5.244225e-10	-1.130368e+01	-3.764658e+01
1.500000e-06	-1.581123e-06	-5.125364e-10	-1.099089e+01	-3.705417e+01
1.510000e-06	-1.536043e-06	-5.003351e-10	-1.067752e+01	-3.645167e+01
1.520000e-06	-1.490861e-06	-4.892283e-10	-1.036345e+01	-3.583854e+01
1.530000e-06	-1.445591e-06	-4.795049e-10	-1.004876e+01	-3.521427e+01
1.540000e-06	-1.400255e-06	-4.711406e-10	-9.733617e+00	-3.457831e+01
1.550000e-06	-1.354810e-06	-4.633357e-10	-9.417717e+00	-3.393011e+01
1.560000e-06	-1.309257e-06	-4.543248e-10	-9.101065e+00	-3.326913e+01
1.570000e-06	-1.263635e-06	-4.450111e-10	-8.783927e+00	-3.259479e+01
1.580000e-06	-1.217943e-06	-4.337598e-10	-8.466310e+00	-3.190654e+01
1.590000e-06	-1.172168e-06	-4.194821e-10	-8.148110e+00	-3.120381e+01
1.600000e-06	-1.126316e-06	-4.043885e-10	-7.829378e+00	-3.048607e+01
1.610000e-06	-1.080345e-06	-3.903932e-10	-7.509823e+00	-2.975275e+01
1.620000e-06	-1.034326e-06	-3.767530e-10	-7.189926e+00	-2.900334e+01
1.630000e-06	-9.882385e-07	-3.637026e-10	-6.869560e+00	-2.823730e+01
1.640000e-06	-9.421084e-07	-3.517707e-10	-6.548895e+00	-2.745416e+01
1.650000e-06	-8.959162e-07	-3.415859e-10	-6.227798e+00	-2.665344e+01
1.660000e-06	-8.495838e-07	-3.320999e-10	-5.905728e+00	-2.583470e+01
1.670000e-06	-8.032534e-07	-3.218524e-10	-5.583670e+00	-2.499753e+01
1.680000e-06	-7.568241e-07	-3.105231e-10	-5.260925e+00	-2.414156e+01
1.690000e-06	-7.103171e-07	-2.975833e-10	-4.937640e+00	-2.326645e+01
1.700000e-06	-6.637747e-07	-2.818183e-10	-4.614109e+00	-2.237192e+01
1.710000e-06	-6.171743e-07	-2.644790e-10	-4.290175e+00	-2.145773e+01
1.720000e-06	-5.705744e-07	-2.484796e-10	-3.966244e+00	-2.052368e+01
1.730000e-06	-5.239697e-07	-2.342600e-10	-3.642280e+00	-1.956965e+01
1.740000e-06	-4.773145e-07	-2.217634e-10	-3.317965e+00	-1.859555e+01
1.750000e-06	-4.304599e-07	-2.106426e-10	-2.992264e+00	-1.760138e+01
1.760000e-06	-3.835372e-07	-1.991112e-10	-2.666089e+00	-1.658718e+01
1.770000e-06	-3.367346e-07	-1.859947e-10	-2.340749e+00	-1.555307e+01
1.780000e-06	-2.899335e-07	-1.703323e-10	-2.015420e+00	-1.449923e+01
1.790000e-06	-2.430791e-07	-1.523083e-10	-1.689720e+00	-1.342592e+01
1.800000e-06	-1.962109e-07	-1.338732e-10	-1.363925e+00	-1.233345e+01
1.810000e-06	-1.493186e-07	-1.140870e-10	-1.037961e+00	-1.122223e+01
1.820000e-06	-1.024417e-07	-9.452671e-11	-7.121047e-01	-1.009273e+01
1.830000e-06	-5.555531e-08	-7.735444e-11	-3.861827e-01	-8.945487e+00
1.840000e-06	-8.667406e-09	-6.282056e-11	-6.024989e-02	-7.781112e+00
1.850000e-06	3.820783e-08	-5.158411e-11	2.655948e-01	-6.600295e+00
1.860000e-06	8.506791e-08	-3.906388e-11	5.913341e-01	-5.403790e+00
1.870000e-06	1.318820e-07	-2.157395e-11	9.167538e-01	-4.192422e+00
1.880000e-06	1.787137e-07	-8.051375e-13	1.242296e+00	-2.967081e+00
1.890000e-06	2.255733e-07	2.023999e-11	1.568032e+00	-1.728720e+00
1.900000e-06	2.724192e-07	3.859523e-11	1.893672e+00	-4.783536e-01
1.910000e-06	3.192779e-07	5.547842e-11	2.219402e+00	7.829468e-01
1.920000e-06	3.661291e-07	7.161531e-11	2.545080e+00	2.054057e+00
1.930000e-06	4.129092e-07	8.790329e-11	2.870263e+00	3.333804e+00
1.940000e-06	4.595870e-07	1.035972e-10	3.194736e+00	4.620971e+00
1.950000e-06	5.062186e-07	1.200444e-10	3.518887e+00	5.914301e+00
1.960000e-06	5.527767e-07	1.380678e-10	3.842527e+00	7.212504e+00
1.970000e-06	5.993007e-07	1.577160e-10	4.165930e+00	8.514261e+00
1.980000e-06	6.458708e-07	1.774329e-10	4.489653e+00	9.818232e+00
1.990000e-06	6.923864e-07	1.963143e-10	4.812998e+00	1.112306e+01
2.000000e-06	7.387746e-07	2.128990e-10	5.135457e+00	1.242737e+01
2.010000e-06	7.850902e-07	2.273694e-10	5.457412e+00	1.372980e+01
2.020000e-06	8.313392e-07	2.437430e-10	5.778903e+00	1.502897e+01
2.030000e-06	8.774516e-07	2.628183e-10	6.099446e+00	1.632352e+01
2.040000e-06	9.234952e-07	2.834635e-10	6.419509e+00	1.761210e+01
2.050000e-06	9.695366e-07	3.029825e-10	6.739557e+00	1.889339e+01
2.060000e-06	1.015498e-06	3.223948e-10	7.059049e+00	2.016609e+01
2.070000e-06	1.061361e-06	3.386635e-10	7.377858e+00	2.142892e+01
2.080000e-06	1.107206e-06	3.539224e-10	7.696541e+00	2.268065e+01
2.090000e-06	1.152991e-06	3.709242e-10	8.014805e+00	2.392011e+01
2.100000e-06	1.198679e-06	3.887500e-10	8.332401e+00	2.514616e+01
2.110000e-06	1.244291e-06	4.054184e-10	8.649460e+00	2.635770e+01
2.120000e-06	1.289800e-06	4.225202e-10	8.965809e+00	2.755373e+01
2.130000e-06	1.335228e-06	4.398669e-10	9.281592e+00	2.873328e+01
2.140000e-06	1.380594e-06	4.557386e-10	9.596949e+00	2.989544e+01
2.150000e-06	1.425849e-06	4.705019e-10	9.911531e+00	3.103941e+01
2.160000e-06	1.470975e-06	4.845179e-10	1.022522e+01	3.216443e+01
2.170000e-06	1.516028e-06	4.974580e-10	1.053839e+01	3.326981e+01
2.180000e-06	1.560995e-06	5.115628e-10	1.085097e+01	3.435497e+01
2.190000e-06	1.605792e-06	5.270552e-10	1.116237e+01	3.541937e+01
2.200000e-06	1.650451e-06	5.414165e-10	1.147281e+01	3.646258e+01
2.210000e-06	1.695053e-06	5.536295e-10	1.178286e+01	3.748423e+01
2.220000e-06	1.739514e-06	5.651633e-10	1.209192e+01	3.848404e+01
2.230000e-06	1.783846e-06	5.781956e-10	1.240008e+01	3.946180e+01
2.240000e-06	1.828018e-06	5.934922e-10	1.270714e+01	4.041739e+01
2.250000e-06	1.871932e-06	6.102105e-10	1.301240e+01	4.135075e+01
2.260000e-06	1.915759e-06	6.245724e-10	1.331705e+01	4.226190e+01
2.270000e-06	1.959573e-06	6.361143e-10	1.362162e+01	4.315094e+01
2.280000e-06	2.003277e-06	6.458355e-10	1.392542e+01	4.401803e+01
2.290000e-06	2.046876e-06	6.570378e-10	1.422849e+01	4.486339e+01
2.300000e-06	2.090426e-06	6.697146e-10	1.453122e+01	4.568731e+01
2.310000e-06	2.133941e-06	6.819192e-10	1.483370e+01	4.649013e+01
2.320000e-06	2.177407e-06	6.942266e-10	1.513585e+01	4.727226e+01
2.330000e-06	2.220780e-06	7.072031e-10	1.543735e+01	4.803413e+01
2.340000e-06	2.264047e-06	7.186488e-10	1.573811e+01	4.877624e+01
2.350000e-06	2.307153e-06	7.279477e-10	1.603775e+01	4.949912e+01
2.360000e-06	2.350087e-06	7.352290e-10	1.633620e+01	5.020332e+01
2.370000e-06	2.392828e-06	7.414774e-10	1.663331e+01	5.088943e+01
2.380000e-06	2.435204e-06	7.475298e-10	1.692788e+01	5.155808e+01
2.390000e-06	2.477165e-06	7.561369e-10	1.721956e+01	5.220989e+01
2.400000e-06	2.518830e-06	7.668998e-10	1.750919e+01	5.284551e+01
2.410000e-06	2.560188e-06	7.790635e-10	1.779668e+01	5.346559e+01
2.420000e-06	2.601190e-06	7.912507e-10	1.808170e+01	5.407078e+01
2.430000e-06	2.641886e-06	8.021591e-10	1.836459e+01	5.466176e+01
2.440000e-06	2.682337e-06	8.109361e-10	1.864578e+01	5.523915e+01
2.450000e-06	2.722554e-06	8.159568e-10	1.892534e+01	5.580361e+01
2.460000e-06	2.762566e-06	8.209745e-10	1.920348e+01	5.635576e+01
2.470000e-06	2.802439e-06	8.260849e-10	1.948065e+01	5.689621e+01
2.480000e-06	2.842157e-06	8.308400e-10	1.975674e+01	5.742555e+01
2.490000e-06	2.881752e-06	8.389332e-10	2.003197e+01	5.794433e+01
2.500000e-06	2.921265e-06	8.506162e-10	2.030664e+01	5.845310e+01
2.510000e-06	2.960685e-06	8.640764e-10	2.058066e+01	5.895236e+01
2.520000e-06	2.999984e-06	8.737492e-10	2.085385e+01	5.944258e+01
2.530000e-06	3.039134e-06	8.793595e-10	2.112599e+01	5.992421e+01
2.540000e-06	3.078074e-06	8.825532e-10	2.139667e+01	6.039766e+01
2.550000e-06	3.116760e-06	8.856817e-10	2.166559e+01	6.086330e+01
2.560000e-06	3.155192e-06	8.901067e-10	2.193274e+01	6.132146e+01
2.570000e-06	3.193373e-06	8.975105e-10	2.219815e+01	6.177245e+01
2.580000e-06	3.231345e-06	9.082759e-10	2.246211e+01	6.221653e+01
2.590000e-06	3.269123e-06	9.199306e-10	2.272471e+01	6.265394e+01
2.600000e-06	3.306708e-06	9.290350e-10	2.298598e+01	6.308487e+01
2.610000e-06	3.344049e-06	9.337915e-10	2.324555e+01	6.350948e+01
2.620000e-06	3.381107e-06	9.369132e-10	2.350315e+01	6.392792e+01
2.630000e-06	3.417949e-06	9.384329e-10	2.375925e+01	6.434028e+01
2.640000e-06	3.454574e-06	9.410967e-10	2.401385e+01	6.474664e+01
2.650000e-06	3.490940e-06	9.485651e-10	2.426663e+01	6.514705e+01
2.660000e-06	3.526994e-06	9.585437e-10	2.451726e+01	6.554154e+01
2.670000e-06	3.562750e-06	9.655068e-10	2.476581e+01	6.593012e+01
2.680000e-06	3.598358e-06	9.677396e-10	2.501333e+01	6.631277e+01
2.690000e-06	3.633892e-06	9.673076e-10	2.526034e+01	6.668947e+01
2.700000e-06	3.669346e-06	9.680766e-10	2.550679e+01	6.706018e+01
2.710000e-06	3.704679e-06	9.724966e-10	2.575240e+01	6.742485e+01
2.720000e-06	3.739837e-06	9.809754e-10	2.599679e+01	6.778342e+01
2.730000e-06	3.774763e-06	9.903776e-10	2.623958e+01	6.813583e+01
2.740000e-06	3.809348e-06	9.987479e-10	2.647999e+01	6.848202e+01
2.750000e-06	3.843431e-06	1.003079e-09	2.671691e+01	6.882193e+01
2.760000e-06	3.876931e-06	1.004008e-09	2.694978e+01	6.915549e+01
2.770000e-06	3.909978e-06	1.003378e-09	2.717950e+01	6.948265e+01
2.780000e-06	3.942647e-06	1.003837e-09	2.740660e+01	6.980336e+01
2.790000e-06	3.974822e-06	1.008506e-09	2.763026e+01	7.011757e+01
2.800000e-06	4.006683e-06	1.015320e-09	2.785173e+01	7.042526e+01
2.810000e-06	4.038427e-06	1.022390e-09	2.807239e+01	7.072641e+01
2.820000e-06	4.069998e-06	1.028743e-09	2.829185e+01	7.102102e+01
2.830000e-06	4.101410e-06	1.032838e-09	2.851021e+01	7.130908e+01
2.840000e-06	4.132603e-06	1.035370e-09	2.872704e+01	7.159062e+01
2.850000e-06	4.163577e-06	1.036400e-09	2.894235e+01	7.186568e+01
2.860000e-06	4.194334e-06	1.037413e-09	2.915615e+01	7.213430e+01
2.870000e-06	4.224697e-06	1.039778e-09	2.936721e+01	7.239657e+01
2.880000e-06	4.254639e-06	1.041960e-09	2.957535e+01	7.265255e+01
2.890000e-06	4.284354e-06	1.043526e-09	2.978191e+01	7.290234e+01
2.900000e-06	4.313807e-06	1.046315e-09	2.998665e+01	7.314606e+01
2.910000e-06	4.342916e-06	1.049915e-09	3.018899e+01	7.338382e+01
2.920000e-06	4.371756e-06	1.054709e-09	3.038947e+01	7.361576e+01
2.930000e-06	4.400275e-06	1.061121e-09	3.058771e+01	7.384203e+01
2.940000e-06	4.428519e-06	1.065979e-09	3.078405e+01	7.406278e+01
2.950000e-06	4.456527e-06	1.068068e-09	3.097874e+01	7.427817e+01
2.960000e-06	4.484300e-06	1.067480e-09	3.117180e+01	7.448837e+01
2.970000e-06	4.511875e-06	1.066492e-09	3.136348e+01	7.469356e+01
2.980000e-06	4.539265e-06	1.067329e-09	3.155387e+01	7.489391e+01
2.990000e-06	4.566455e-06	1.069170e-09	3.174288e+01	7.508960e+01
3.000000e-06	4.593386e-06	1.072809e-09	3.193009e+01	7.528081e+01
3.010000e-06	4.619939e-06	1.078677e-09	3.211467e+01	7.546772e+01
3.020000e-06	4.645911e-06	1.084309e-09	3.229520e+01	7.565049e+01
3.030000e-06	4.671227e-06	1.088550e-09	3.247118e+01	7.582930e+01
3.040000e-06	4.695965e-06	1.091801e-09	3.264315e+01	7.600430e+01
3.050000e-06	4.720223e-06	1.095300e-09	3.281177e+01	7.617565e+01
3.060000e-06	4.744119e-06	1.098588e-09	3.297788e+01	7.634349e+01
3.070000e-06	4.767761e-06	1.101567e-09	3.314223e+01	7.650795e+01
3.080000e-06	4.791134e-06	1.104598e-09	3.330469e+01	7.666916e+01
3.090000e-06	4.814235e-06	1.107877e-09	3.346528e+01	7.682721e+01
3.100000e-06	4.837041e-06	1.110505e-09	3.362381e+01	7.698220e+01
3.110000e-06	4.859494e-06	1.113665e-09	3.377989e+01	7.713422e+01
3.120000e-06	4.881591e-06	1.117308e-09	3.393350e+01	7.728332e+01
3.130000e-06	4.903384e-06	1.119349e-09	3.408498e+01	7.742956e+01
3.140000e-06	4.924856e-06	1.120387e-09	3.423424e+01	7.757297e+01
3.150000e-06	4.946005e-06	1.123248e-09	3.438126e+01	7.771357e+01
3.160000e-06	4.966827e-06	1.126442e-09	3.452600e+01	7.785136e+01
3.170000e-06	4.987244e-06	1.127683e-09	3.466792e+01	7.798634e+01
3.180000e-06	5.007299e-06	1.127950e-09	3.480733e+01	7.811848e+01
3.190000e-06	5.027115e-06	1.127948e-09	3.494507e+01	7.824775e+01
3.200000e-06	5.046746e-06	1.129585e-09	3.508154e+01	7.837410e+01
3.210000e-06	5.066169e-06	1.132817e-09	3.521655e+01	7.849746e+01
3.220000e-06	5.085358e-06	1.137118e-09	3.534994e+01	7.861777e+01
3.230000e-06	5.104189e-06	1.142025e-09	3.548084e+01	7.873496e+01
3.240000e-06	5.122575e-06	1.145031e-09	3.560865e+01	7.884893e+01
3.250000e-06	5.140556e-06	1.145780e-09	3.573364e+01	7.895959e+01
3.260000e-06	5.158098e-06	1.144526e-09	3.585558e+01	7.906686e+01
3.270000e-06	5.175191e-06	1.143406e-09	3.597440e+01	7.917061e+01
3.280000e-06	5.191970e-06	1.144629e-09	3.609104e+01	7.927077e+01
3.290000e-06	5.208455e-06	1.147802e-09	3.620563e+01	7.936722e+01
3.300000e-06	5.224625e-06	1.152951e-09	3.631803e+01	7.945986e+01
3.310000e-06	5.240472e-06	1.157146e-09	3.642819e+01	7.954860e+01
3.320000e-06	5.255903e-06	1.159145e-09	3.653546e+01	7.963334e+01
3.330000e-06	5.270801e-06	1.160523e-09	3.663901e+01	7.971400e+01
3.340000e-06	5.285117e-06	1.162569e-09	3.673853e+01	7.979048e+01
3.350000e-06	5.298974e-06	1.164575e-09	3.683485e+01	7.986271e+01
3.360000e-06	5.312542e-06	1.165542e-09	3.692917e+01	7.993063e+01
3.370000e-06	5.325849e-06	1.166220e-09	3.702167e+01	7.999419e+01
3.380000e-06	5.338773e-06	1.166165e-09	3.711151e+01	8.005332e+01
3.390000e-06	5.351208e-06	1.165702e-09	3.719795e+01	8.010801e+01
3.400000e-06	5.363204e-06	1.165867e-09	3.728134e+01	8.015821e+01
3.410000e-06	5.374854e-06	1.166867e-09	3.736232e+01	8.020393e+01
3.420000e-06	5.386208e-06	1.168724e-09	3.744125e+01	8.024516e+01
3.430000e-06	5.397195e-06	1.170419e-09	3.751762e+01	8.028191e+01
3.440000e-06	5.407692e-06	1.171702e-09	3.759059e+01	8.031421e+01
3.450000e-06	5.417586e-06	1.172266e-09	3.765937e+01	8.034209e+01
3.460000e-06	5.426768e-06	1.173140e-09	3.772319e+01	8.036560e+01
3.470000e-06	5.435341e-06	1.173976e-09	3.778279e+01	8.038480e+01
3.480000e-06	5.443504e-06	1.174630e-09	3.783953e+01	8.039976e+01
3.490000e-06	5.451328e-06	1.175723e-09	3.789391e+01	8.041056e+01
3.500000e-06	5.458888e-06	1.176688e-09	3.794647e+01	8.041729e+01
3.510000e-06	5.466212e-06	1.177881e-09	3.799738e+01	8.042004e+01
3.520000e-06	5.473176e-06	1.179757e-09	3.804579e+01	8.041893e+01
3.530000e-06	5.479747e-06	1.182346e-09	3.809146e+01	8.041406e+01
3.540000e-06	5.485917e-06	1.184009e-09	3.813435e+01	8.040554e+01
3.550000e-06	5.491682e-06	1.184110e-09	3.817443e+01	8.039352e+01
3.560000e-06	5.497083e-06	1.184218e-09	3.821197e+01	8.037809e+01
3.570000e-06	5.502062e-06	1.185295e-09	3.824658e+01	8.035940e+01
3.580000e-06	5.506618e-06	1.185409e-09	3.827825e+01	8.033757e+01
3.590000e-06	5.510785e-06	1.185917e-09	3.830722e+01	8.031272e+01
3.600000e-06	5.514654e-06	1.187356e-09	3.833411e+01	8.028499e+01
3.610000e-06	5.518307e-06	1.188409e-09	3.835951e+01	8.025449e+01
3.620000e-06	5.521720e-06	1.190604e-09	3.838324e+01	8.022134e+01
3.630000e-06	5.524843e-06	1.193638e-09	3.840494e+01	8.018567e+01
3.640000e-06	5.527602e-06	1.195106e-09	3.842412e+01	8.014756e+01
3.650000e-06	5.529902e-06	1.195139e-09	3.844011e+01	8.010714e+01
3.660000e-06	5.531515e-06	1.195003e-09	3.845132e+01	8.006450e+01
3.670000e-06	5.532412e-06	1.192947e-09	3.845756e+01	8.001972e+01
3.680000e-06	5.532763e-06	1.190956e-09	3.846000e+01	7.997287e+01
3.690000e-06	5.532716e-06	1.190284e-09	3.845967e+01	7.992405e+01
3.700000e-06	5.532427e-06	1.188549e-09	3.845766e+01	7.987329e+01
3.710000e-06	5.531930e-06	1.185501e-09	3.845421e+01	7.982066e+01
3.720000e-06	5.531160e-06	1.182703e-09	3.844886e+01	7.976620e+01
3.730000e-06	5.530063e-06	1.181023e-09	3.844123e+01	7.970993e+01
3.740000e-06	5.528586e-06	1.181320e-09	3.843096e+01	7.965189e+01
3.750000e-06	5.526704e-06	1.187620e-09	3.841788e+01	7.959207e+01
3.760000e-06	5.524432e-06	1.197506e-09	3.840209e+01	7.953050e+01
3.770000e-06	5.521793e-06	1.178174e-09	3.838374e+01	7.946715e+01
3.780000e-06	5.518757e-06	1.134318e-09	3.836264e+01	7.940201e+01
3.790000e-06	5.515255e-06	1.139764e-09	3.833829e+01	7.933507e+01
3.800000e-06	5.511249e-06	1.168942e-09	3.831044e+01	7.926629e+01
3.810000e-06	5.506855e-06	1.179501e-09	3.827990e+01	7.919563e+01
3.820000e-06	5.502353e-06	1.173059e-09	3.824861e+01	7.912304e+01
3.830000e-06	5.497743e-06	1.161442e-09	3.821656e+01	7.904848e+01
3.840000e-06	5.492617e-06	1.195853e-09	3.818093e+01	7.897189e+01
3.850000e-06	5.486866e-06	1.188892e-09	3.814095e+01	7.889321e+01
3.860000e-06	5.480808e-06	1.176398e-09	3.809884e+01	7.881237e+01
3.870000e-06	5.474424e-06	1.209808e-09	3.805446e+01	7.872931e+01
3.880000e-06	5.467458e-06	1.270063e-09	3.800604e+01	7.864396e+01
3.890000e-06	5.459875e-06	1.237329e-09	3.795333e+01	7.855624e+01
3.900000e-06	5.451851e-06	1.139483e-09	3.789755e+01	7.846609e+01
3.910000e-06	5.443501e-06	1.149370e-09	3.783951e+01	7.837343e+01
3.920000e-06	5.434761e-06	1.219381e-09	3.777875e+01	7.827818e+01
3.930000e-06	5.425729e-06	1.240583e-09	3.771597e+01	7.818029e+01
3.940000e-06	5.416551e-06	1.194865e-09	3.765217e+01	7.807967e+01
3.950000e-06	5.407047e-06	1.218556e-09	3.758610e+01	7.797626e+01
3.960000e-06	5.397000e-06	1.232734e-09	3.751626e+01	7.787000e+01
3.970000e-06	5.386564e-06	1.195663e-09	3.744372e+01	7.776082e+01
3.980000e-06	5.375832e-06	1.150004e-09	3.736912e+01	7.764866e+01
3.990000e-06	5.364589e-06	1.181285e-09	3.729097e+01	7.753347e+01
4.000000e-06	5.352869e-06	1.204821e-09	3.720949e+01	7.741519e+01
4.010000e-06	5.340844e-06	1.187424e-09	3.712591e+01	7.729378e+01
4.020000e-06	5.328453e-06	1.172814e-09	3.703977e+01	7.716918e+01
4.030000e-06	5.315595e-06	1.199285e-09	3.695039e+01	7.704136e+01
4.040000e-06	5.302310e-06	1.208081e-09	3.685805e+01	7.691028e+01
4.050000e-06	5.288610e-06	1.159539e-09	3.676281e+01	7.677589e+01
4.060000e-06	5.274291e-06	1.129785e-09	3.666328e+01	7.663819e+01
4.070000e-06	5.259255e-06	1.176365e-09	3.655875e+01	7.649712e+01
4.080000e-06	5.243665e-06	1.221453e-09	3.645038e+01	7.635267e+01
4.090000e-06	5.227679e-06	1.167216e-09	3.633926e+01	7.620482e+01
4.100000e-06	5.211360e-06	1.128284e-09	3.622582e+01	7.605354e+01
4.110000e-06	5.194748e-06	1.177871e-09	3.611035e+01	7.589881e+01
4.120000e-06	5.177893e-06	1.196663e-09	3.599318e+01	7.574063e+01
4.130000e-06	5.160691e-06	1.128655e-09	3.587361e+01	7.557897e+01
4.140000e-06	5.143096e-06	1.139439e-09	3.575130e+01	7.541383e+01
4.150000e-06	5.125211e-06	1.189075e-09	3.562697e+01	7.524518e+01
4.160000e-06	5.106993e-06	1.155331e-09	3.550034e+01	7.507303e+01
4.170000e-06	5.088419e-06	1.117233e-09	3.537122e+01	7.489735e+01
4.180000e-06	5.069535e-06	1.168563e-09	3.523995e+01	7.471814e+01
4.190000e-06	5.050281e-06	1.162061e-09	3.510611e+01	7.453539e+01
4.200000e-06	5.030639e-06	1.116159e-09	3.496957e+01	7.434908e+01
4.210000e-06	5.010642e-06	1.138113e-09	3.483057e+01	7.415921e+01
4.220000e-06	4.990390e-06	1.158688e-09	3.468979e+01	7.396575e+01
4.230000e-06	4.969974e-06	1.124117e-09	3.454787e+01	7.376871e+01
4.240000e-06	4.949331e-06	1.140956e-09	3.440437e+01	7.356807e+01
4.250000e-06	4.928426e-06	1.152484e-09	3.425906e+01	7.336381e+01
4.260000e-06	4.907141e-06	1.107774e-09	3.411110e+01	7.315592e+01
4.270000e-06	4.885183e-06	1.114172e-09	3.395846e+01	7.294438e+01
4.280000e-06	4.862517e-06	1.150995e-09	3.380090e+01	7.272919e+01
4.290000e-06	4.839353e-06	1.110853e-09	3.363988e+01	7.251032e+01
4.300000e-06	4.815855e-06	1.090621e-09	3.347654e+01	7.228775e+01
4.310000e-06	4.792042e-06	1.128592e-09	3.331101e+01	7.206148e+01
4.320000e-06	4.767888e-06	1.119337e-09	3.314311e+01	7.183149e+01
4.330000e-06	4.743447e-06	1.092479e-09	3.297321e+01	7.159776e+01
4.340000e-06	4.718740e-06	1.109425e-09	3.280146e+01	7.136028e+01
4.350000e-06	4.693815e-06	1.106093e-09	3.262820e+01	7.111903e+01
4.360000e-06	4.668590e-06	1.085239e-09	3.245286e+01	7.087400e+01
4.370000e-06	4.642972e-06	1.099883e-09	3.227477e+01	7.062518e+01
4.380000e-06	4.616973e-06	1.101967e-09	3.209405e+01	7.037255e+01
4.390000e-06	4.590647e-06	1.083294e-09	3.191105e+01	7.011611e+01
4.400000e-06	4.564060e-06	1.082084e-09	3.172624e+01	6.985585e+01
4.410000e-06	4.537126e-06	1.079452e-09	3.153901e+01	6.959177e+01
4.420000e-06	4.509826e-06	1.065382e-09	3.134924e+01	6.932385e+01
4.430000e-06	4.482265e-06	1.077015e-09	3.115765e+01	6.905210e+01
4.440000e-06	4.454439e-06	1.086233e-09	3.096422e+01	6.877653e+01
4.450000e-06	4.426368e-06	1.073623e-09	3.076909e+01	6.849713e+01
4.460000e-06	4.398087e-06	1.065690e-09	3.057250e+01	6.821390e+01
4.470000e-06	4.369649e-06	1.069430e-09	3.037482e+01	6.792687e+01
4.480000e-06	4.341019e-06	1.056057e-09	3.017580e+01	6.763603e+01
4.490000e-06	4.312014e-06	1.042027e-09	2.997418e+01	6.734140e+01
4.500000e-06	4.282644e-06	1.040462e-09	2.977002e+01	6.704300e+01
4.510000e-06	4.252935e-06	1.042723e-09	2.956350e+01	6.674083e+01
4.520000e-06	4.222684e-06	1.037151e-09	2.935322e+01	6.643493e+01
4.530000e-06	4.191834e-06	1.038167e-09	2.913877e+01	6.612532e+01
4.540000e-06	4.160530e-06	1.037215e-09	2.892117e+01	6.581201e+01
4.550000e-06	4.128912e-06	1.022562e-09	2.870138e+01	6.549503e+01
4.560000e-06	4.096998e-06	1.009739e-09	2.847953e+01	6.517440e+01
4.570000e-06	4.064801e-06	1.012556e-09	2.825572e+01	6.485016e+01
4.580000e-06	4.032419e-06	1.009902e-09	2.803063e+01	6.452232e+01
4.590000e-06	3.999854e-06	1.001971e-09	2.780426e+01	6.419093e+01
4.600000e-06	3.967097e-06	1.000962e-09	2.757655e+01	6.385600e+01
4.610000e-06	3.934105e-06	9.958936e-10	2.734722e+01	6.351756e+01
4.620000e-06	3.900843e-06	9.845267e-10	2.711600e+01	6.317565e+01
4.630000e-06	3.867270e-06	9.843752e-10	2.688263e+01	6.283029e+01
4.640000e-06	3.833437e-06	9.855305e-10	2.664744e+01	6.248151e+01
4.650000e-06	3.799371e-06	9.759818e-10	2.641064e+01	6.212933e+01
4.660000e-06	3.765011e-06	9.736169e-10	2.617179e+01	6.177378e+01
4.670000e-06	3.730394e-06	9.754213e-10	2.593116e+01	6.141488e+01
4.680000e-06	3.695507e-06	9.685608e-10	2.568864e+01	6.105266e+01
4.690000e-06	3.660349e-06	9.580428e-10	2.544425e+01	6.068715e+01
4.700000e-06	3.624934e-06	9.526752e-10	2.519807e+01	6.031835e+01
4.710000e-06	3.589272e-06	9.460441e-10	2.495017e+01	5.994629e+01
4.720000e-06	3.553329e-06	9.430370e-10	2.470032e+01	5.957098e+01
4.730000e-06	3.517174e-06	9.464193e-10	2.444900e+01	5.919245e+01
4.740000e-06	3.480970e-06	9.445322e-10	2.419733e+01	5.881070e+01
4.750000e-06	3.444594e-06	9.301389e-10	2.394447e+01	5.842574e+01
4.760000e-06	3.408011e-06	9.188395e-10	2.369017e+01	5.803760e+01
4.770000e-06	3.371341e-06	9.130455e-10	2.343526e+01	5.764626e+01
4.780000e-06	3.334549e-06	9.073763e-10	2.317951e+01	5.725175e+01
4.790000e-06	3.297536e-06	9.010153e-10	2.292222e+01	5.685406e+01
4.800000e-06	3.260112e-06	8.971831e-10	2.266207e+01	5.645320e+01
4.810000e-06	3.222178e-06	8.908337e-10	2.239838e+01	5.604917e+01
4.820000e-06	3.183843e-06	8.828929e-10	2.213190e+01	5.564197e+01
4.830000e-06	3.145135e-06	8.789129e-10	2.186283e+01	5.523159e+01
4.840000e-06	3.106044e-06	8.733286e-10	2.159110e+01	5.481803e+01
4.850000e-06	3.066594e-06	8.637027e-10	2.131687e+01	5.440129e+01
4.860000e-06	3.026915e-06	8.556549e-10	2.104105e+01	5.398135e+01
4.870000e-06	2.987049e-06	8.504217e-10	2.076393e+01	5.355821e+01
4.880000e-06	2.946929e-06	8.453251e-10	2.048504e+01	5.313184e+01
4.890000e-06	2.906678e-06	8.384896e-10	2.020524e+01	5.270222e+01
4.900000e-06	2.866308e-06	8.309250e-10	1.992462e+01	5.226934e+01
4.910000e-06	2.825803e-06	8.212872e-10	1.964306e+01	5.183317e+01
4.920000e-06	2.785215e-06	8.138886e-10	1.936092e+01	5.139367e+01
4.930000e-06	2.744484e-06	8.100037e-10	1.907778e+01	5.095081e+01
4.940000e-06	2.703582e-06	8.072122e-10	1.879346e+01	5.050454e+01
4.950000e-06	2.662463e-06	8.025231e-10	1.850763e+01	5.005481e+01
4.960000e-06	2.621149e-06	7.954512e-10	1.822044e+01	4.960157e+01
4.970000e-06	2.579685e-06	7.870172e-10	1.793221e+01	4.914475e+01
4.980000e-06	2.538025e-06	7.764322e-10	1.764262e+01	4.868426e+01
4.990000e-06	2.496226e-06	7.684014e-10	1.735206e+01	4.822003e+01
5.000000e-06	2.454274e-06	7.627041e-10	1.706044e+01	4.775195e+01
5.010000e-06	2.412128e-06	7.569752e-10	1.676747e+01	4.727991e+01
5.020000e-06	2.369871e-06	7.509065e-10	1.647373e+01	4.680379e+01
5.030000e-06	2.327447e-06	7.444353e-10	1.617883e+01	4.632344e+01
5.040000e-06	2.284796e-06	7.380354e-10	1.588234e+01	4.583872e+01
5.050000e-06	2.241998e-06	7.306571e-10	1.558484e+01	4.534945e+01
5.060000e-06	2.199066e-06	7.229602e-10	1.528641e+01	4.485544e+01
5.070000e-06	2.155896e-06	7.161631e-10	1.498632e+01	4.435648e+01
5.080000e-06	2.112528e-06	7.090773e-10	1.468485e+01	4.385234e+01
5.090000e-06	2.069082e-06	7.036020e-10	1.438285e+01	4.334278e+01
5.100000e-06	2.025526e-06	6.969828e-10	1.408008e+01	4.282754e+01
5.110000e-06	1.981803e-06	6.899428e-10	1.377615e+01	4.230631e+01
5.120000e-06	1.937909e-06	6.826435e-10	1.347103e+01	4.177878e+01
5.130000e-06	1.893884e-06	6.760349e-10	1.316499e+01	4.124463e+01
5.140000e-06	1.849782e-06	6.693041e-10	1.285842e+01	4.070350e+01
5.150000e-06	1.805649e-06	6.617119e-10	1.255164e+01	4.015501e+01
5.160000e-06	1.761427e-06	6.542185e-10	1.224424e+01	3.959876e+01
5.170000e-06	1.717102e-06	6.452754e-10	1.193612e+01	3.903433e+01
5.180000e-06	1.672700e-06	6.371283e-10	1.162747e+01	3.846128e+01
5.190000e-06	1.628226e-06	6.282067e-10	1.131831e+01	3.787914e+01
5.200000e-06	1.583698e-06	6.194555e-10	1.100879e+01	3.728744e+01
5.210000e-06	1.539112e-06	6.137971e-10	1.069885e+01	3.668568e+01
5.220000e-06	1.494492e-06	6.089585e-10	1.038869e+01	3.607334e+01
5.230000e-06	1.449838e-06	6.015053e-10	1.007828e+01	3.544990e+01
5.240000e-06	1.405106e-06	5.922677e-10	9.767337e+00	3.481482e+01
5.250000e-06	1.360291e-06	5.819691e-10	9.455815e+00	3.416755e+01
5.260000e-06	1.315394e-06	5.699496e-10	9.143725e+00	3.350754e+01
5.270000e-06	1.270371e-06	5.574960e-10	8.830750e+00	3.283421e+01
5.280000e-06	1.225241e-06	5.473013e-10	8.517037e+00	3.214703e+01
5.290000e-06	1.180053e-06	5.412769e-10	8.202926e+00	3.144542e+01
5.300000e-06	1.134642e-06	5.363257e-10	7.887256e+00	3.072883e+01
5.310000e-06	1.089124e-06	5.299067e-10	7.570850e+00	2.999671e+01
5.320000e-06	1.043567e-06	5.216376e-10	7.254164e+00	2.924854e+01
5.330000e-06	9.978479e-07	5.094725e-10	6.936359e+00	2.848380e+01
5.340000e-06	9.520165e-07	4.933555e-10	6.617770e+00	2.770199e+01
5.350000e-06	9.061057e-07	4.758183e-10	6.298629e+00	2.690263e+01
5.360000e-06	8.602368e-07	4.609717e-10	5.979780e+00	2.608529e+01
5.370000e-06	8.144071e-07	4.502593e-10	5.661203e+00	2.524956e+01
5.380000e-06	7.684499e-07	4.409311e-10	5.341740e+00	2.439505e+01
5.390000e-06	7.223627e-07	4.322433e-10	5.021373e+00	2.352143e+01
5.400000e-06	6.762102e-07	4.203569e-10	4.700552e+00	2.262841e+01
5.410000e-06	6.300168e-07	4.034565e-10	4.379447e+00	2.171575e+01
5.420000e-06	5.837746e-07	3.846028e-10	4.058003e+00	2.078324e+01
5.430000e-06	5.373779e-07	3.647752e-10	3.735485e+00	1.983076e+01
5.440000e-06	4.909732e-07	3.443784e-10	3.412911e+00	1.885823e+01
5.450000e-06	4.446551e-07	3.282432e-10	3.090939e+00	1.786561e+01
5.460000e-06	3.982728e-07	3.161666e-10	2.768521e+00	1.685296e+01
5.470000e-06	3.517986e-07	3.058809e-10	2.445464e+00	1.582039e+01
5.480000e-06	3.052980e-07	2.929059e-10	2.122224e+00	1.476807e+01
5.490000e-06	2.588057e-07	2.745193e-10	1.799041e+00	1.369625e+01
5.500000e-06	2.121987e-07	2.532171e-10	1.475061e+00	1.260525e+01
5.510000e-06	1.655207e-07	2.320181e-10	1.150587e+00	1.149546e+01
5.520000e-06	1.188962e-07	2.108616e-10	8.264854e-01	1.036735e+01
5.530000e-06	7.233861e-08	1.904203e-10	5.028487e-01	9.221441e+00
5.540000e-06	2.584396e-08	1.741563e-10	1.796496e-01	8.058353e+00
5.550000e-06	-2.066333e-08	1.610498e-10	-1.436374e-01	6.878762e+00
5.560000e-06	-6.723476e-08	1.472134e-10	-4.673702e-01	5.683418e+00
5.570000e-06	-1.138093e-07	1.303557e-10	-7.911248e-01	4.473139e+00
5.580000e-06	-1.603533e-07	1.100361e-10	-1.114667e+00	3.248810e+00
5.590000e-06	-2.068939e-07	8.725471e-11	-1.438185e+00	2.011380e+00
5.600000e-06	-2.533991e-07	6.446150e-11	-1.761458e+00	7.618578e-01
5.610000e-06	-2.998882e-07	4.213821e-11	-2.084618e+00	-4.986898e-01
5.620000e-06	-3.463494e-07	2.324118e-11	-2.407585e+00	-1.769143e+00
5.630000e-06	-3.928043e-07	7.283494e-12	-2.730508e+00	-3.048332e+00
5.640000e-06	-4.392394e-07	-1.049504e-11	-3.053293e+00	-4.335044e+00
5.650000e-06	-4.856677e-07	-3.169552e-11	-3.376031e+00	-5.628026e+00
5.660000e-06	-5.320858e-07	-5.497302e-11	-3.698698e+00	-6.925989e+00
5.670000e-06	-5.784327e-07	-7.903885e-11	-4.020870e+00	-8.227617e+00
5.680000e-06	-6.246218e-07	-1.026052e-10	-4.341945e+00	-9.531571e+00
5.690000e-06	-6.707273e-07	-1.259242e-10	-4.662439e+00	-1.083649e+01
5.700000e-06	-7.168106e-07	-1.485171e-10	-4.982779e+00	-1.214102e+01
5.710000e-06	-7.628402e-07	-1.713954e-10	-5.302745e+00	-1.344377e+01
5.720000e-06	-8.088678e-07	-1.934595e-10	-5.622697e+00	-1.474338e+01
5.730000e-06	-8.548938e-07	-2.144925e-10	-5.942639e+00	-1.603849e+01
5.740000e-06	-9.007571e-07	-2.369255e-10	-6.261450e+00	-1.732773e+01
5.750000e-06	-9.463544e-07	-2.589293e-10	-6.578410e+00	-1.860980e+01
5.760000e-06	-9.918542e-07	-2.797341e-10	-6.894695e+00	-1.988337e+01
5.770000e-06	-1.037345e-06	-3.007503e-10	-7.210918e+00	-2.114719e+01
5.780000e-06	-1.082770e-06	-3.223888e-10	-7.526680e+00	-2.240001e+01
5.790000e-06	-1.128088e-06	-3.434498e-10	-7.841700e+00	-2.364065e+01
5.800000e-06	-1.173320e-06	-3.651686e-10	-8.156122e+00	-2.486797e+01
5.810000e-06	-1.218506e-06	-3.884253e-10	-8.470220e+00	-2.608089e+01
5.820000e-06	-1.263540e-06	-4.086396e-10	-8.783267e+00	-2.727836e+01
5.830000e-06	-1.308399e-06	-4.250277e-10	-9.095097e+00	-2.845943e+01
5.840000e-06	-1.353216e-06	-4.407098e-10	-9.406635e+00	-2.962319e+01
5.850000e-06	-1.397958e-06	-4.574592e-10	-9.717653e+00	-3.076883e+01
5.860000e-06	-1.442631e-06	-4.764446e-10	-1.002818e+01	-3.189556e+01
5.870000e-06	-1.487304e-06	-4.958395e-10	-1.033872e+01	-3.300272e+01
5.880000e-06	-1.531954e-06	-5.146096e-10	-1.064910e+01	-3.408970e+01
5.890000e-06	-1.576532e-06	-5.324894e-10	-1.095897e+01	-3.515597e+01
5.900000e-06	-1.620989e-06	-5.488097e-10	-1.126801e+01	-3.620108e+01
5.910000e-06	-1.665348e-06	-5.646074e-10	-1.157637e+01	-3.722465e+01
5.920000e-06	-1.709689e-06	-5.809182e-10	-1.188459e+01	-3.822641e+01
5.930000e-06	-1.753995e-06	-5.965916e-10	-1.219258e+01	-3.920613e+01
5.940000e-06	-1.798213e-06	-6.129609e-10	-1.249995e+01	-4.016368e+01
5.950000e-06	-1.842334e-06	-6.301294e-10	-1.280665e+01	-4.109901e+01
5.960000e-06	-1.886404e-06	-6.453033e-10	-1.311300e+01	-4.201213e+01
5.970000e-06	-1.930389e-06	-6.574971e-10	-1.341875e+01	-4.290312e+01
5.980000e-06	-1.974172e-06	-6.697354e-10	-1.372310e+01	-4.377214e+01
5.990000e-06	-2.017815e-06	-6.833733e-10	-1.402647e+01	-4.461942e+01
6.000000e-06	-2.061341e-06	-6.951956e-10	-1.432904e+01	-4.544523e+01
6.010000e-06	-2.104656e-06	-7.073586e-10	-1.463013e+01	-4.624991e+01
6.020000e-06	-2.147804e-06	-7.225528e-10	-1.493007e+01	-4.703386e+01
6.030000e-06	-2.190778e-06	-7.377483e-10	-1.522880e+01	-4.779752e+01
6.040000e-06	-2.233581e-06	-7.504811e-10	-1.552633e+01	-4.854138e+01
6.050000e-06	-2.276262e-06	-7.622357e-10	-1.582302e+01	-4.926595e+01
6.060000e-06	-2.318821e-06	-7.739224e-10	-1.611886e+01	-4.997180e+01
6.070000e-06	-2.361163e-06	-7.859781e-10	-1.641319e+01	-5.065952e+01
6.080000e-06	-2.403257e-06	-8.007280e-10	-1.670580e+01	-5.132971e+01
6.090000e-06	-2.445254e-06	-8.157181e-10	-1.699774e+01	-5.198302e+01
6.100000e-06	-2.487209e-06	-8.277420e-10	-1.728938e+01	-5.262008e+01
6.110000e-06	-2.528975e-06	-8.394015e-10	-1.757971e+01	-5.324154e+01
6.120000e-06	-2.570461e-06	-8.507626e-10	-1.786809e+01	-5.384807e+01
6.130000e-06	-2.611731e-06	-8.608863e-10	-1.815498e+01	-5.444032e+01
6.140000e-06	-2.652832e-06	-8.706661e-10	-1.844068e+01	-5.501894e+01
6.150000e-06	-2.693728e-06	-8.811394e-10	-1.872496e+01	-5.558457e+01
6.160000e-06	-2.734384e-06	-8.920103e-10	-1.900758e+01	-5.613784e+01
6.170000e-06	-2.774888e-06	-9.014118e-10	-1.928913e+01	-5.667935e+01
6.180000e-06	-2.815320e-06	-9.096213e-10	-1.957019e+01	-5.720971e+01
6.190000e-06	-2.855640e-06	-9.175143e-10	-1.985046e+01	-5.772947e+01
6.200000e-06	-2.895840e-06	-9.259432e-10	-2.012991e+01	-5.823917e+01
6.210000e-06	-2.935960e-06	-9.353286e-10	-2.040879e+01	-5.873932e+01
6.220000e-06	-2.975950e-06	-9.456077e-10	-2.068677e+01	-5.923039e+01
6.230000e-06	-3.015706e-06	-9.570484e-10	-2.096314e+01	-5.971284e+01
6.240000e-06	-3.055260e-06	-9.665082e-10	-2.123808e+01	-6.018707e+01
6.250000e-06	-3.094558e-06	-9.734023e-10	-2.151126e+01	-6.065346e+01
6.260000e-06	-3.133503e-06	-9.798983e-10	-2.178198e+01	-6.111235e+01
6.270000e-06	-3.172085e-06	-9.848113e-10	-2.205017e+01	-6.156404e+01
6.280000e-06	-3.210286e-06	-9.909052e-10	-2.231572e+01	-6.200880e+01
6.290000e-06	-3.248140e-06	-1.001668e-09	-2.257885e+01	-6.244688e+01
6.300000e-06	-3.285564e-06	-1.013555e-09	-2.283900e+01	-6.287845e+01
6.310000e-06	-3.322543e-06	-1.023232e-09	-2.309606e+01	-6.330371e+01
6.320000e-06	-3.359305e-06	-1.030999e-09	-2.335160e+01	-6.372277e+01
6.330000e-06	-3.395906e-06	-1.035230e-09	-2.360602e+01	-6.413575e+01
6.340000e-06	-3.432339e-06	-1.037264e-09	-2.385928e+01	-6.454272e+01
6.350000e-06	-3.468679e-06	-1.041366e-09	-2.411189e+01	-6.494375e+01
6.360000e-06	-3.504869e-06	-1.048119e-09	-2.436346e+01	-6.533885e+01
6.370000e-06	-3.540902e-06	-1.054945e-09	-2.461394e+01	-6.572803e+01
6.380000e-06	-3.576686e-06	-1.061164e-09	-2.486268e+01	-6.611129e+01
6.390000e-06	-3.612163e-06	-1.068148e-09	-2.510929e+01	-6.648861e+01
6.400000e-06	-3.647434e-06	-1.075127e-09	-2.535447e+01	-6.685993e+01
6.410000e-06	-3.682459e-06	-1.079763e-09	-2.559795e+01	-6.722522e+01
6.420000e-06	-3.717243e-06	-1.083524e-09	-2.583974e+01	-6.758442e+01
6.430000e-06	-3.751808e-06	-1.089677e-09	-2.608001e+01	-6.793747e+01
6.440000e-06	-3.786093e-06	-1.097862e-09	-2.631833e+01	-6.828430e+01
6.450000e-06	-3.820101e-06	-1.104628e-09	-2.655474e+01	-6.862485e+01
6.460000e-06	-3.853837e-06	-1.107464e-09	-2.678925e+01	-6.895905e+01
6.470000e-06	-3.887199e-06	-1.108577e-09	-2.702116e+01	-6.928686e+01
6.480000e-06	-3.920181e-06	-1.109712e-09	-2.725042e+01	-6.960823e+01
6.490000e-06	-3.952932e-06	-1.111243e-09	-2.747809e+01	-6.992310e+01
6.500000e-06	-3.985527e-06	-1.115922e-09	-2.770466e+01	-7.023145e+01
6.510000e-06	-4.017975e-06	-1.122673e-09	-2.793022e+01	-7.053327e+01
6.520000e-06	-4.050256e-06	-1.130629e-09	-2.815462e+01	-7.082853e+01
6.530000e-06	-4.082369e-06	-1.140177e-09	-2.837785e+01	-7.111725e+01
6.540000e-06	-4.114186e-06	-1.148138e-09	-2.859902e+01	-7.139945e+01
6.550000e-06	-4.145578e-06	-1.152742e-09	-2.881723e+01	-7.167516e+01
6.560000e-06	-4.176626e-06	-1.156427e-09	-2.903305e+01	-7.194444e+01
6.570000e-06	-4.207229e-06	-1.160208e-09	-2.924579e+01	-7.220735e+01
6.580000e-06	-4.237291e-06	-1.161820e-09	-2.945476e+01	-7.246396e+01
6.590000e-06	-4.266907e-06	-1.163668e-09	-2.966063e+01	-7.271439e+01
6.600000e-06	-4.296083e-06	-1.169469e-09	-2.986344e+01	-7.295872e+01
6.610000e-06	-4.324878e-06	-1.179685e-09	-3.006360e+01	-7.319709e+01
6.620000e-06	-4.353447e-06	-1.190541e-09	-3.026219e+01	-7.342963e+01
6.630000e-06	-4.381857e-06	-1.198354e-09	-3.045968e+01	-7.365648e+01
6.640000e-06	-4.410089e-06	-1.200940e-09	-3.065593e+01	-7.387780e+01
6.650000e-06	-4.438097e-06	-1.199929e-09	-3.085062e+01	-7.409375e+01
6.660000e-06	-4.465767e-06	-1.198911e-09	-3.104296e+01	-7.430449e+01
6.670000e-06	-4.493097e-06	-1.198595e-09	-3.123295e+01	-7.451020e+01
6.680000e-06	-4.520082e-06	-1.201377e-09	-3.142053e+01	-7.471107e+01
6.690000e-06	-4.546756e-06	-1.209316e-09	-3.160595e+01	-7.490726e+01
6.700000e-06	-4.573136e-06	-1.216410e-09	-3.178932e+01	-7.509895e+01
6.710000e-06	-4.599132e-06	-1.219514e-09	-3.197003e+01	-7.528632e+01
6.720000e-06	-4.624777e-06	-1.220721e-09	-3.214829e+01	-7.546955e+01
6.730000e-06	-4.650094e-06	-1.220941e-09	-3.232428e+01	-7.564880e+01
6.740000e-06	-4.675025e-06	-1.221801e-09	-3.249759e+01	-7.582422e+01
6.750000e-06	-4.699677e-06	-1.223660e-09	-3.266895e+01	-7.599599e+01
6.760000e-06	-4.724220e-06	-1.228294e-09	-3.283956e+01	-7.616423e+01
6.770000e-06	-4.748609e-06	-1.230759e-09	-3.300910e+01	-7.632909e+01
6.780000e-06	-4.772779e-06	-1.233813e-09	-3.317711e+01	-7.649068e+01
6.790000e-06	-4.796617e-06	-1.237880e-09	-3.334281e+01	-7.664910e+01
6.800000e-06	-4.820031e-06	-1.239672e-09	-3.350557e+01	-7.680447e+01
6.810000e-06	-4.842958e-06	-1.239648e-09	-3.366494e+01	-7.695685e+01
6.820000e-06	-4.865377e-06	-1.235955e-09	-3.382078e+01	-7.710631e+01
6.830000e-06	-4.887321e-06	-1.230740e-09	-3.397332e+01	-7.725290e+01
6.840000e-06	-4.908699e-06	-1.227506e-09	-3.412193e+01	-7.739666e+01
6.850000e-06	-4.929567e-06	-1.231375e-09	-3.426699e+01	-7.753761e+01
6.860000e-06	-4.950118e-06	-1.237695e-09	-3.440984e+01	-7.767575e+01
6.870000e-06	-4.970490e-06	-1.244218e-09	-3.455146e+01	-7.781108e+01
6.880000e-06	-4.990687e-06	-1.246684e-09	-3.469186e+01	-7.794358e+01
6.890000e-06	-5.010602e-06	-1.245778e-09	-3.483029e+01	-7.807320e+01
6.900000e-06	-5.030178e-06	-1.243018e-09	-3.496637e+01	-7.819991e+01
6.910000e-06	-5.049352e-06	-1.241681e-09	-3.509966e+01	-7.832364e+01
6.920000e-06	-5.068156e-06	-1.244386e-09	-3.523036e+01	-7.844433e+01
6.930000e-06	-5.086618e-06	-1.250066e-09	-3.535870e+01	-7.856189e+01
6.940000e-06	-5.104679e-06	-1.256761e-09	-3.548425e+01	-7.867625e+01
6.950000e-06	-5.122388e-06	-1.260071e-09	-3.560735e+01	-7.878731e+01
6.960000e-06	-5.139789e-06	-1.259417e-09	-3.572831e+01	-7.889497e+01
6.970000e-06	-5.156865e-06	-1.258530e-09	-3.584701e+01	-7.899914e+01
6.980000e-06	-5.173646e-06	-1.258226e-09	-3.596366e+01	-7.909972e+01
6.990000e-06	-5.190192e-06	-1.259481e-09	-3.607867e+01	-7.919660e+01
7.000000e-06	-5.206534e-06	-1.259372e-09	-3.619228e+01	-7.928968e+01
7.010000e-06	-5.222476e-06	-1.258727e-09	-3.630310e+01	-7.937887e+01
7.020000e-06	-5.237969e-06	-1.259226e-09	-3.641079e+01	-7.946406e+01
7.030000e-06	-5.253049e-06	-1.258580e-09	-3.651561e+01	-7.954517e+01
7.040000e-06	-5.267473e-06	-1.260221e-09	-3.661588e+01	-7.962212e+01
7.050000e-06	-5.281248e-06	-1.261597e-09	-3.671164e+01	-7.969483e+01
7.060000e-06	-5.294485e-06	-1.262415e-09	-3.680365e+01	-7.976323e+01
7.070000e-06	-5.307272e-06	-1.261536e-09	-3.689253e+01	-7.982726e+01
7.080000e-06	-5.319793e-06	-1.260399e-09	-3.697957e+01	-7.988688e+01
7.090000e-06	-5.332026e-06	-1.258469e-09	-3.706461e+01	-7.994205e+01
7.100000e-06	-5.343854e-06	-1.256076e-09	-3.714683e+01	-7.999275e+01
7.110000e-06	-5.355240e-06	-1.255668e-09	-3.722598e+01	-8.003896e+01
7.120000e-06	-5.366192e-06	-1.257937e-09	-3.730211e+01	-8.008068e+01
7.130000e-06	-5.376786e-06	-1.259232e-09	-3.737575e+01	-8.011792e+01
7.140000e-06	-5.386999e-06	-1.257721e-09	-3.744675e+01	-8.015070e+01
7.150000e-06	-5.396820e-06	-1.254215e-09	-3.751502e+01	-8.017906e+01
7.160000e-06	-5.406301e-06	-1.250721e-09	-3.758092e+01	-8.020305e+01
7.170000e-06	-5.415387e-06	-1.248081e-09	-3.764408e+01	-8.022272e+01
7.180000e-06	-5.424145e-06	-1.248569e-09	-3.770496e+01	-8.023815e+01
7.190000e-06	-5.432652e-06	-1.250628e-09	-3.776409e+01	-8.024941e+01
7.200000e-06	-5.440897e-06	-1.251760e-09	-3.782141e+01	-8.025659e+01
7.210000e-06	-5.448847e-06	-1.250605e-09	-3.787667e+01	-8.025979e+01
7.220000e-06	-5.456378e-06	-1.247982e-09	-3.792902e+01	-8.025911e+01
7.230000e-06	-5.463344e-06	-1.247341e-09	-3.797744e+01	-8.025466e+01
7.240000e-06	-5.469723e-06	-1.247831e-09	-3.802179e+01	-8.024657e+01
7.250000e-06	-5.475502e-06	-1.247070e-09	-3.806196e+01	-8.023494e+01
7.260000e-06	-5.480745e-06	-1.245900e-09	-3.809841e+01	-8.021991e+01
7.270000e-06	-5.485575e-06	-1.245511e-09	-3.813198e+01	-8.020161e+01
7.280000e-06	-5.490144e-06	-1.244491e-09	-3.816374e+01	-8.018015e+01
7.290000e-06	-5.494551e-06	-1.242054e-09	-3.819438e+01	-8.015566e+01
7.300000e-06	-5.498635e-06	-1.238406e-09	-3.822276e+01	-8.012828e+01
7.310000e-06	-5.502286e-06	-1.234224e-09	-3.824814e+01	-8.009812e+01
7.320000e-06	-5.505471e-06	-1.231652e-09	-3.827028e+01	-8.006531e+01
7.330000e-06	-5.508301e-06	-1.231271e-09	-3.828996e+01	-8.002995e+01
7.340000e-06	-5.510921e-06	-1.232090e-09	-3.830817e+01	-7.999217e+01
7.350000e-06	-5.513273e-06	-1.232713e-09	-3.832451e+01	-7.995205e+01
7.360000e-06	-5.515180e-06	-1.230352e-09	-3.833777e+01	-7.990971e+01
7.370000e-06	-5.516586e-06	-1.226076e-09	-3.834754e+01	-7.986521e+01
7.380000e-06	-5.517626e-06	-1.221519e-09	-3.835477e+01	-7.981866e+01
7.390000e-06	-5.518443e-06	-1.217819e-09	-3.836045e+01	-7.977011e+01
7.400000e-06	-5.519047e-06	-1.214939e-09	-3.836465e+01	-7.971963e+01
