# Temperatura_=_5.22
# Concentracion g/m^3_=_1620.0
# C_Vs_to_Am_M_A/Vsm_=_65563218390.804596
# pendiente_HvsI_1/m_=_3716.3
# ordenada_HvsI_A/m_=_1297.0
# frecuencia_Hz_=_135104.9961085083

Tiempo_(s)	Campo_(V.s)	Magnetizacion_(V.s)	Campo_(kA/m)	Magnetizacion_(A/m)
0.000000e+00	-5.510506e-06	-1.294891e-09	-3.838086e+01	-8.603158e+01
1.000000e-08	-5.510524e-06	-1.291115e-09	-3.838098e+01	-8.601090e+01
2.000000e-08	-5.510248e-06	-1.289203e-09	-3.837906e+01	-8.599033e+01
3.000000e-08	-5.509545e-06	-1.290002e-09	-3.837416e+01	-8.596982e+01
4.000000e-08	-5.508355e-06	-1.292558e-09	-3.836587e+01	-8.594932e+01
5.000000e-08	-5.506643e-06	-1.304959e-09	-3.835395e+01	-8.592872e+01
6.000000e-08	-5.504407e-06	-1.326029e-09	-3.833837e+01	-8.590794e+01
7.000000e-08	-5.501597e-06	-1.319945e-09	-3.831880e+01	-8.588684e+01
8.000000e-08	-5.498190e-06	-1.248143e-09	-3.829508e+01	-8.586526e+01
9.000000e-08	-5.494369e-06	-1.213588e-09	-3.826846e+01	-8.584306e+01
1.000000e-07	-5.490234e-06	-1.280121e-09	-3.823966e+01	-8.582004e+01
1.100000e-07	-5.485843e-06	-1.345262e-09	-3.820908e+01	-8.579600e+01
1.200000e-07	-5.481209e-06	-1.300778e-09	-3.817680e+01	-8.577074e+01
1.300000e-07	-5.476315e-06	-1.272470e-09	-3.814272e+01	-8.574403e+01
1.400000e-07	-5.471026e-06	-1.304181e-09	-3.810588e+01	-8.571563e+01
1.500000e-07	-5.465254e-06	-1.353996e-09	-3.806567e+01	-8.568531e+01
1.600000e-07	-5.459084e-06	-1.290401e-09	-3.802270e+01	-8.565282e+01
1.700000e-07	-5.452521e-06	-1.237436e-09	-3.797699e+01	-8.561789e+01
1.800000e-07	-5.445537e-06	-1.252727e-09	-3.792834e+01	-8.558028e+01
1.900000e-07	-5.438176e-06	-1.299242e-09	-3.787707e+01	-8.553973e+01
2.000000e-07	-5.430592e-06	-1.302765e-09	-3.782425e+01	-8.549598e+01
2.100000e-07	-5.422802e-06	-1.289506e-09	-3.776999e+01	-8.544879e+01
2.200000e-07	-5.414682e-06	-1.310475e-09	-3.771344e+01	-8.539789e+01
2.300000e-07	-5.406164e-06	-1.322863e-09	-3.765411e+01	-8.534306e+01
2.400000e-07	-5.397273e-06	-1.311389e-09	-3.759218e+01	-8.528404e+01
2.500000e-07	-5.387790e-06	-1.283557e-09	-3.752614e+01	-8.522063e+01
2.600000e-07	-5.377494e-06	-1.304280e-09	-3.745442e+01	-8.515260e+01
2.700000e-07	-5.366597e-06	-1.304851e-09	-3.737852e+01	-8.507975e+01
2.800000e-07	-5.355289e-06	-1.296045e-09	-3.729976e+01	-8.500189e+01
2.900000e-07	-5.343516e-06	-1.276174e-09	-3.721777e+01	-8.491884e+01
3.000000e-07	-5.331375e-06	-1.304152e-09	-3.713320e+01	-8.483043e+01
3.100000e-07	-5.318999e-06	-1.308104e-09	-3.704700e+01	-8.473653e+01
3.200000e-07	-5.306221e-06	-1.299641e-09	-3.695801e+01	-8.463699e+01
3.300000e-07	-5.292952e-06	-1.276628e-09	-3.686558e+01	-8.453170e+01
3.400000e-07	-5.279330e-06	-1.294835e-09	-3.677071e+01	-8.442056e+01
3.500000e-07	-5.265371e-06	-1.289936e-09	-3.667348e+01	-8.430348e+01
3.600000e-07	-5.250896e-06	-1.272997e-09	-3.657266e+01	-8.418039e+01
3.700000e-07	-5.235881e-06	-1.275135e-09	-3.646808e+01	-8.405124e+01
3.800000e-07	-5.220377e-06	-1.301388e-09	-3.636009e+01	-8.391599e+01
3.900000e-07	-5.204302e-06	-1.264880e-09	-3.624813e+01	-8.377462e+01
4.000000e-07	-5.187770e-06	-1.232468e-09	-3.613299e+01	-8.362712e+01
4.100000e-07	-5.170959e-06	-1.273003e-09	-3.601590e+01	-8.347350e+01
4.200000e-07	-5.153820e-06	-1.287774e-09	-3.589653e+01	-8.331376e+01
4.300000e-07	-5.136311e-06	-1.235258e-09	-3.577457e+01	-8.314795e+01
4.400000e-07	-5.118491e-06	-1.237237e-09	-3.565045e+01	-8.297611e+01
4.500000e-07	-5.100312e-06	-1.283927e-09	-3.552384e+01	-8.279828e+01
4.600000e-07	-5.081733e-06	-1.243213e-09	-3.539444e+01	-8.261453e+01
4.700000e-07	-5.062806e-06	-1.212177e-09	-3.526261e+01	-8.242494e+01
4.800000e-07	-5.043545e-06	-1.253623e-09	-3.512845e+01	-8.222958e+01
4.900000e-07	-5.023982e-06	-1.250851e-09	-3.499220e+01	-8.202854e+01
5.000000e-07	-5.004171e-06	-1.199765e-09	-3.485422e+01	-8.182191e+01
5.100000e-07	-4.984152e-06	-1.237005e-09	-3.471478e+01	-8.160978e+01
5.200000e-07	-4.963874e-06	-1.256511e-09	-3.457354e+01	-8.139226e+01
5.300000e-07	-4.943204e-06	-1.202727e-09	-3.442958e+01	-8.116946e+01
5.400000e-07	-4.922191e-06	-1.198769e-09	-3.428322e+01	-8.094147e+01
5.500000e-07	-4.900833e-06	-1.244847e-09	-3.413446e+01	-8.070840e+01
5.600000e-07	-4.879056e-06	-1.208618e-09	-3.398278e+01	-8.047037e+01
5.700000e-07	-4.856965e-06	-1.185280e-09	-3.382892e+01	-8.022748e+01
5.800000e-07	-4.834525e-06	-1.221360e-09	-3.367262e+01	-7.997983e+01
5.900000e-07	-4.811731e-06	-1.214839e-09	-3.351386e+01	-7.972753e+01
6.000000e-07	-4.788658e-06	-1.175322e-09	-3.335316e+01	-7.947068e+01
6.100000e-07	-4.765253e-06	-1.200239e-09	-3.319015e+01	-7.920939e+01
6.200000e-07	-4.741585e-06	-1.207947e-09	-3.302530e+01	-7.894374e+01
6.300000e-07	-4.717711e-06	-1.180440e-09	-3.285901e+01	-7.867383e+01
6.400000e-07	-4.693551e-06	-1.187697e-09	-3.269073e+01	-7.839975e+01
6.500000e-07	-4.669052e-06	-1.200079e-09	-3.252010e+01	-7.812158e+01
6.600000e-07	-4.644163e-06	-1.166998e-09	-3.234675e+01	-7.783940e+01
6.700000e-07	-4.618779e-06	-1.158446e-09	-3.216995e+01	-7.755328e+01
6.800000e-07	-4.592848e-06	-1.171832e-09	-3.198934e+01	-7.726330e+01
6.900000e-07	-4.566352e-06	-1.156993e-09	-3.180479e+01	-7.696952e+01
7.000000e-07	-4.539398e-06	-1.146783e-09	-3.161706e+01	-7.667200e+01
7.100000e-07	-4.512120e-06	-1.157727e-09	-3.142707e+01	-7.637078e+01
7.200000e-07	-4.484568e-06	-1.149593e-09	-3.123516e+01	-7.606593e+01
7.300000e-07	-4.456804e-06	-1.137281e-09	-3.104178e+01	-7.575748e+01
7.400000e-07	-4.428856e-06	-1.141647e-09	-3.084713e+01	-7.544548e+01
7.500000e-07	-4.400699e-06	-1.133426e-09	-3.065101e+01	-7.512995e+01
7.600000e-07	-4.372283e-06	-1.122947e-09	-3.045309e+01	-7.481093e+01
7.700000e-07	-4.343580e-06	-1.124465e-09	-3.025318e+01	-7.448843e+01
7.800000e-07	-4.314576e-06	-1.118974e-09	-3.005117e+01	-7.416249e+01
7.900000e-07	-4.285272e-06	-1.102198e-09	-2.984706e+01	-7.383311e+01
8.000000e-07	-4.255701e-06	-1.100412e-09	-2.964110e+01	-7.350031e+01
8.100000e-07	-4.225796e-06	-1.093113e-09	-2.943281e+01	-7.316409e+01
8.200000e-07	-4.195613e-06	-1.077074e-09	-2.922258e+01	-7.282445e+01
8.300000e-07	-4.165153e-06	-1.070181e-09	-2.901043e+01	-7.248140e+01
8.400000e-07	-4.134269e-06	-1.073134e-09	-2.879532e+01	-7.213493e+01
8.500000e-07	-4.103078e-06	-1.062470e-09	-2.857807e+01	-7.178503e+01
8.600000e-07	-4.071741e-06	-1.055554e-09	-2.835981e+01	-7.143169e+01
8.700000e-07	-4.040223e-06	-1.054362e-09	-2.814029e+01	-7.107490e+01
8.800000e-07	-4.008471e-06	-1.047276e-09	-2.791913e+01	-7.071464e+01
8.900000e-07	-3.976493e-06	-1.032807e-09	-2.769640e+01	-7.035089e+01
9.000000e-07	-3.944306e-06	-1.028428e-09	-2.747222e+01	-6.998363e+01
9.100000e-07	-3.911801e-06	-1.022484e-09	-2.724582e+01	-6.961284e+01
9.200000e-07	-3.878940e-06	-1.012777e-09	-2.701694e+01	-6.923849e+01
9.300000e-07	-3.845772e-06	-1.007910e-09	-2.678593e+01	-6.886054e+01
9.400000e-07	-3.812149e-06	-1.007535e-09	-2.655174e+01	-6.847898e+01
9.500000e-07	-3.778094e-06	-9.990923e-10	-2.631455e+01	-6.809377e+01
9.600000e-07	-3.743707e-06	-9.914362e-10	-2.607504e+01	-6.770487e+01
9.700000e-07	-3.708909e-06	-9.893297e-10	-2.583267e+01	-6.731226e+01
9.800000e-07	-3.673791e-06	-9.826684e-10	-2.558808e+01	-6.691590e+01
9.900000e-07	-3.638458e-06	-9.722948e-10	-2.534198e+01	-6.651575e+01
1.000000e-06	-3.602888e-06	-9.676317e-10	-2.509423e+01	-6.611179e+01
1.010000e-06	-3.567104e-06	-9.646054e-10	-2.484499e+01	-6.570396e+01
1.020000e-06	-3.531173e-06	-9.562450e-10	-2.459473e+01	-6.529225e+01
1.030000e-06	-3.495123e-06	-9.486343e-10	-2.434364e+01	-6.487662e+01
1.040000e-06	-3.458868e-06	-9.432598e-10	-2.409113e+01	-6.445702e+01
1.050000e-06	-3.422390e-06	-9.362041e-10	-2.383705e+01	-6.403343e+01
1.060000e-06	-3.385605e-06	-9.276404e-10	-2.358085e+01	-6.360581e+01
1.070000e-06	-3.348457e-06	-9.211446e-10	-2.332211e+01	-6.317414e+01
1.080000e-06	-3.311034e-06	-9.118912e-10	-2.306146e+01	-6.273838e+01
1.090000e-06	-3.273510e-06	-9.018889e-10	-2.280010e+01	-6.229851e+01
1.100000e-06	-3.235862e-06	-8.916818e-10	-2.253788e+01	-6.185449e+01
1.110000e-06	-3.197937e-06	-8.836778e-10	-2.227373e+01	-6.140630e+01
1.120000e-06	-3.159694e-06	-8.758855e-10	-2.200737e+01	-6.095391e+01
1.130000e-06	-3.121286e-06	-8.709408e-10	-2.173986e+01	-6.049731e+01
1.140000e-06	-3.082728e-06	-8.652447e-10	-2.147130e+01	-6.003647e+01
1.150000e-06	-3.043933e-06	-8.601124e-10	-2.120109e+01	-5.957137e+01
1.160000e-06	-3.004929e-06	-8.542394e-10	-2.092943e+01	-5.910198e+01
1.170000e-06	-2.965680e-06	-8.467961e-10	-2.065606e+01	-5.862830e+01
1.180000e-06	-2.926263e-06	-8.358420e-10	-2.038152e+01	-5.815029e+01
1.190000e-06	-2.886693e-06	-8.259101e-10	-2.010591e+01	-5.766795e+01
1.200000e-06	-2.847014e-06	-8.184263e-10	-1.982954e+01	-5.718125e+01
1.210000e-06	-2.807223e-06	-8.124376e-10	-1.955240e+01	-5.669017e+01
1.220000e-06	-2.767246e-06	-8.065183e-10	-1.927396e+01	-5.619468e+01
1.230000e-06	-2.727093e-06	-8.009309e-10	-1.899429e+01	-5.569476e+01
1.240000e-06	-2.686747e-06	-7.940615e-10	-1.871328e+01	-5.519038e+01
1.250000e-06	-2.646222e-06	-7.868454e-10	-1.843102e+01	-5.468150e+01
1.260000e-06	-2.605456e-06	-7.797874e-10	-1.814708e+01	-5.416810e+01
1.270000e-06	-2.564352e-06	-7.724445e-10	-1.786079e+01	-5.365011e+01
1.280000e-06	-2.523056e-06	-7.651123e-10	-1.757317e+01	-5.312748e+01
1.290000e-06	-2.481593e-06	-7.573473e-10	-1.728438e+01	-5.260017e+01
1.300000e-06	-2.439856e-06	-7.476685e-10	-1.699368e+01	-5.206808e+01
1.310000e-06	-2.397895e-06	-7.366267e-10	-1.670142e+01	-5.153115e+01
1.320000e-06	-2.355741e-06	-7.264123e-10	-1.640781e+01	-5.098927e+01
1.330000e-06	-2.313299e-06	-7.178633e-10	-1.611220e+01	-5.044235e+01
1.340000e-06	-2.270512e-06	-7.124618e-10	-1.581419e+01	-4.989026e+01
1.350000e-06	-2.227421e-06	-7.090034e-10	-1.551406e+01	-4.933285e+01
1.360000e-06	-2.184121e-06	-7.045542e-10	-1.521248e+01	-4.876999e+01
1.370000e-06	-2.140722e-06	-6.947212e-10	-1.491020e+01	-4.820150e+01
1.380000e-06	-2.097209e-06	-6.810998e-10	-1.460713e+01	-4.762720e+01
1.390000e-06	-2.053552e-06	-6.671990e-10	-1.430306e+01	-4.704686e+01
1.400000e-06	-2.009762e-06	-6.551606e-10	-1.399806e+01	-4.646027e+01
1.410000e-06	-1.965867e-06	-6.462099e-10	-1.369233e+01	-4.586719e+01
1.420000e-06	-1.921896e-06	-6.401376e-10	-1.338607e+01	-4.526733e+01
1.430000e-06	-1.877863e-06	-6.322389e-10	-1.307937e+01	-4.466041e+01
1.440000e-06	-1.833720e-06	-6.226275e-10	-1.277192e+01	-4.404611e+01
1.450000e-06	-1.789482e-06	-6.112511e-10	-1.246380e+01	-4.342411e+01
1.460000e-06	-1.745198e-06	-5.984194e-10	-1.215536e+01	-4.279405e+01
1.470000e-06	-1.700829e-06	-5.844029e-10	-1.184633e+01	-4.215554e+01
1.480000e-06	-1.656270e-06	-5.713606e-10	-1.153597e+01	-4.150820e+01
1.490000e-06	-1.611519e-06	-5.604675e-10	-1.122428e+01	-4.085162e+01
1.500000e-06	-1.566596e-06	-5.509493e-10	-1.091140e+01	-4.018534e+01
1.510000e-06	-1.521589e-06	-5.415285e-10	-1.059792e+01	-3.950894e+01
1.520000e-06	-1.476535e-06	-5.318048e-10	-1.028412e+01	-3.882192e+01
1.530000e-06	-1.431338e-06	-5.201485e-10	-9.969317e+00	-3.812383e+01
1.540000e-06	-1.386001e-06	-5.081138e-10	-9.653542e+00	-3.741416e+01
1.550000e-06	-1.340608e-06	-4.962684e-10	-9.337378e+00	-3.669242e+01
1.560000e-06	-1.295147e-06	-4.846339e-10	-9.020741e+00	-3.595809e+01
1.570000e-06	-1.249587e-06	-4.724082e-10	-8.703412e+00	-3.521067e+01
1.580000e-06	-1.203998e-06	-4.604016e-10	-8.385887e+00	-3.444963e+01
1.590000e-06	-1.158321e-06	-4.484741e-10	-8.067742e+00	-3.367448e+01
1.600000e-06	-1.112557e-06	-4.340375e-10	-7.748998e+00	-3.288470e+01
1.610000e-06	-1.066730e-06	-4.193472e-10	-7.429812e+00	-3.207979e+01
1.620000e-06	-1.020782e-06	-4.056633e-10	-7.109777e+00	-3.125927e+01
1.630000e-06	-9.747515e-07	-3.928224e-10	-6.789176e+00	-3.042268e+01
1.640000e-06	-9.287005e-07	-3.805747e-10	-6.468430e+00	-2.956955e+01
1.650000e-06	-8.825815e-07	-3.687207e-10	-6.147209e+00	-2.869947e+01
1.660000e-06	-8.363349e-07	-3.550006e-10	-5.825100e+00	-2.781203e+01
1.670000e-06	-7.900476e-07	-3.399645e-10	-5.502707e+00	-2.690687e+01
1.680000e-06	-7.437299e-07	-3.251332e-10	-5.180103e+00	-2.598366e+01
1.690000e-06	-6.973252e-07	-3.103037e-10	-4.856893e+00	-2.504210e+01
1.700000e-06	-6.508728e-07	-2.940693e-10	-4.533350e+00	-2.408195e+01
1.710000e-06	-6.043508e-07	-2.776553e-10	-4.209323e+00	-2.310299e+01
1.720000e-06	-5.578197e-07	-2.628381e-10	-3.885232e+00	-2.210508e+01
1.730000e-06	-5.112980e-07	-2.485117e-10	-3.561207e+00	-2.108811e+01
1.740000e-06	-4.647171e-07	-2.337785e-10	-3.236770e+00	-2.005204e+01
1.750000e-06	-4.180801e-07	-2.195849e-10	-2.911941e+00	-1.899689e+01
1.760000e-06	-3.714000e-07	-2.040120e-10	-2.586813e+00	-1.792272e+01
1.770000e-06	-3.247139e-07	-1.865560e-10	-2.261643e+00	-1.682967e+01
1.780000e-06	-2.780295e-07	-1.694796e-10	-1.936484e+00	-1.571796e+01
1.790000e-06	-2.312379e-07	-1.545626e-10	-1.610580e+00	-1.458785e+01
1.800000e-06	-1.844192e-07	-1.394387e-10	-1.284486e+00	-1.343967e+01
1.810000e-06	-1.376421e-07	-1.224572e-10	-9.586817e-01	-1.227384e+01
1.820000e-06	-9.078790e-08	-1.052482e-10	-6.323407e-01	-1.109084e+01
1.830000e-06	-4.401865e-08	-8.811076e-11	-3.065914e-01	-9.891194e+00
1.840000e-06	2.654620e-09	-7.108226e-11	1.848951e-02	-8.675534e+00
1.850000e-06	4.930853e-08	-5.552198e-11	3.434355e-01	-7.444533e+00
1.860000e-06	9.596460e-08	-3.962380e-11	6.683966e-01	-6.198939e+00
1.870000e-06	1.426640e-07	-2.144569e-11	9.936594e-01	-4.939562e+00
1.880000e-06	1.893544e-07	-3.223628e-12	1.318859e+00	-3.667274e+00
1.890000e-06	2.360250e-07	1.294677e-11	1.643922e+00	-2.383005e+00
1.900000e-06	2.827227e-07	2.938618e-11	1.969173e+00	-1.087742e+00
1.910000e-06	3.294215e-07	4.823756e-11	2.294432e+00	2.174777e-01
1.920000e-06	3.760770e-07	6.878062e-11	2.619389e+00	1.531567e+00
1.930000e-06	4.226324e-07	8.983273e-11	2.943649e+00	2.853395e+00
1.940000e-06	4.691353e-07	1.100122e-10	3.267543e+00	4.181792e+00
1.950000e-06	5.156962e-07	1.283487e-10	3.591841e+00	5.515556e+00
1.960000e-06	5.622530e-07	1.450705e-10	3.916110e+00	6.853452e+00
1.970000e-06	6.087771e-07	1.625486e-10	4.240152e+00	8.194224e+00
1.980000e-06	6.552291e-07	1.800626e-10	4.563692e+00	9.536599e+00
1.990000e-06	7.015700e-07	1.972631e-10	4.886458e+00	1.087929e+01
2.000000e-06	7.478705e-07	2.165860e-10	5.208943e+00	1.222100e+01
2.010000e-06	7.941900e-07	2.364343e-10	5.531560e+00	1.356044e+01
2.020000e-06	8.404441e-07	2.563729e-10	5.853720e+00	1.489633e+01
2.030000e-06	8.865663e-07	2.765117e-10	6.174963e+00	1.622738e+01
2.040000e-06	9.325824e-07	2.942271e-10	6.495467e+00	1.755234e+01
2.050000e-06	9.785569e-07	3.098804e-10	6.815681e+00	1.886997e+01
2.060000e-06	1.024555e-06	3.255040e-10	7.136058e+00	2.017907e+01
2.070000e-06	1.070524e-06	3.427829e-10	7.456234e+00	2.147847e+01
2.080000e-06	1.116392e-06	3.604167e-10	7.775704e+00	2.276705e+01
2.090000e-06	1.162148e-06	3.802004e-10	8.094398e+00	2.404370e+01
2.100000e-06	1.207817e-06	4.008336e-10	8.412486e+00	2.530740e+01
2.110000e-06	1.253372e-06	4.200773e-10	8.729775e+00	2.655717e+01
2.120000e-06	1.298759e-06	4.371387e-10	9.045902e+00	2.779208e+01
2.130000e-06	1.344104e-06	4.531306e-10	9.361726e+00	2.901127e+01
2.140000e-06	1.389381e-06	4.677482e-10	9.677081e+00	3.021395e+01
2.150000e-06	1.434522e-06	4.807040e-10	9.991493e+00	3.139939e+01
2.160000e-06	1.479583e-06	4.950316e-10	1.030534e+01	3.256692e+01
2.170000e-06	1.524473e-06	5.102744e-10	1.061800e+01	3.371596e+01
2.180000e-06	1.569233e-06	5.257985e-10	1.092976e+01	3.484599e+01
2.190000e-06	1.613969e-06	5.434116e-10	1.124135e+01	3.595658e+01
2.200000e-06	1.658559e-06	5.611077e-10	1.155192e+01	3.704735e+01
2.210000e-06	1.702954e-06	5.755122e-10	1.186113e+01	3.811801e+01
2.220000e-06	1.747212e-06	5.870035e-10	1.216939e+01	3.916834e+01
2.230000e-06	1.791335e-06	5.985617e-10	1.247671e+01	4.019820e+01
2.240000e-06	1.835382e-06	6.118087e-10	1.278350e+01	4.120749e+01
2.250000e-06	1.879372e-06	6.255219e-10	1.308989e+01	4.219623e+01
2.260000e-06	1.923225e-06	6.389647e-10	1.339532e+01	4.316444e+01
2.270000e-06	1.966984e-06	6.520142e-10	1.370011e+01	4.411227e+01
2.280000e-06	2.010717e-06	6.654863e-10	1.400471e+01	4.503987e+01
2.290000e-06	2.054393e-06	6.796259e-10	1.430891e+01	4.594749e+01
2.300000e-06	2.098026e-06	6.925634e-10	1.461282e+01	4.683541e+01
2.310000e-06	2.141567e-06	7.041127e-10	1.491608e+01	4.770395e+01
2.320000e-06	2.184980e-06	7.173607e-10	1.521846e+01	4.855351e+01
2.330000e-06	2.228280e-06	7.308516e-10	1.552004e+01	4.938448e+01
2.340000e-06	2.271453e-06	7.434511e-10	1.582075e+01	5.019733e+01
2.350000e-06	2.314427e-06	7.559415e-10	1.612006e+01	5.099251e+01
2.360000e-06	2.357200e-06	7.674818e-10	1.641797e+01	5.177055e+01
2.370000e-06	2.399702e-06	7.776912e-10	1.671400e+01	5.253195e+01
2.380000e-06	2.441870e-06	7.886798e-10	1.700770e+01	5.327726e+01
2.390000e-06	2.483724e-06	8.004856e-10	1.729922e+01	5.400701e+01
2.400000e-06	2.525219e-06	8.123660e-10	1.758824e+01	5.472176e+01
2.410000e-06	2.566339e-06	8.243969e-10	1.787463e+01	5.542206e+01
2.420000e-06	2.607212e-06	8.359899e-10	1.815931e+01	5.610846e+01
2.430000e-06	2.647871e-06	8.468158e-10	1.844251e+01	5.678149e+01
2.440000e-06	2.688248e-06	8.552763e-10	1.872373e+01	5.744168e+01
2.450000e-06	2.728389e-06	8.612116e-10	1.900332e+01	5.808955e+01
2.460000e-06	2.768382e-06	8.675360e-10	1.928187e+01	5.872558e+01
2.470000e-06	2.808287e-06	8.754071e-10	1.955981e+01	5.935026e+01
2.480000e-06	2.848032e-06	8.846245e-10	1.983663e+01	5.996402e+01
2.490000e-06	2.887640e-06	8.946631e-10	2.011251e+01	6.056729e+01
2.500000e-06	2.927070e-06	9.048409e-10	2.038714e+01	6.116047e+01
2.510000e-06	2.966327e-06	9.140827e-10	2.066057e+01	6.174391e+01
2.520000e-06	3.005484e-06	9.220838e-10	2.093329e+01	6.231794e+01
2.530000e-06	3.044440e-06	9.292058e-10	2.120462e+01	6.288288e+01
2.540000e-06	3.083205e-06	9.351889e-10	2.147462e+01	6.343899e+01
2.550000e-06	3.121758e-06	9.401467e-10	2.174314e+01	6.398650e+01
2.560000e-06	3.160001e-06	9.445280e-10	2.200951e+01	6.452562e+01
2.570000e-06	3.197991e-06	9.520514e-10	2.227411e+01	6.505652e+01
2.580000e-06	3.235833e-06	9.632144e-10	2.253768e+01	6.557936e+01
2.590000e-06	3.273532e-06	9.740758e-10	2.280025e+01	6.609425e+01
2.600000e-06	3.311006e-06	9.814151e-10	2.306126e+01	6.660127e+01
2.610000e-06	3.348258e-06	9.845042e-10	2.332073e+01	6.710050e+01
2.620000e-06	3.385246e-06	9.864769e-10	2.357835e+01	6.759197e+01
2.630000e-06	3.421906e-06	9.895526e-10	2.383368e+01	6.807571e+01
2.640000e-06	3.458254e-06	9.947797e-10	2.408685e+01	6.855172e+01
2.650000e-06	3.494410e-06	1.004564e-09	2.433868e+01	6.901999e+01
2.660000e-06	3.530417e-06	1.014694e-09	2.458947e+01	6.948049e+01
2.670000e-06	3.566270e-06	1.020894e-09	2.483919e+01	6.993319e+01
2.680000e-06	3.602032e-06	1.023850e-09	2.508827e+01	7.037805e+01
2.690000e-06	3.637700e-06	1.023783e-09	2.533670e+01	7.081502e+01
2.700000e-06	3.673186e-06	1.024583e-09	2.558386e+01	7.124405e+01
2.710000e-06	3.708421e-06	1.029863e-09	2.582928e+01	7.166509e+01
2.720000e-06	3.743433e-06	1.037973e-09	2.607314e+01	7.207810e+01
2.730000e-06	3.778017e-06	1.045210e-09	2.631401e+01	7.248303e+01
2.740000e-06	3.812131e-06	1.050364e-09	2.655162e+01	7.287986e+01
2.750000e-06	3.845797e-06	1.052759e-09	2.678610e+01	7.326856e+01
2.760000e-06	3.878927e-06	1.052890e-09	2.701686e+01	7.364913e+01
2.770000e-06	3.911592e-06	1.053642e-09	2.724436e+01	7.402156e+01
2.780000e-06	3.943876e-06	1.057821e-09	2.746923e+01	7.438587e+01
2.790000e-06	3.975931e-06	1.064283e-09	2.769249e+01	7.474210e+01
2.800000e-06	4.007795e-06	1.072116e-09	2.791442e+01	7.509029e+01
2.810000e-06	4.039525e-06	1.080721e-09	2.813542e+01	7.543051e+01
2.820000e-06	4.071124e-06	1.086664e-09	2.835551e+01	7.576286e+01
2.830000e-06	4.102455e-06	1.089681e-09	2.857373e+01	7.608742e+01
2.840000e-06	4.133523e-06	1.091888e-09	2.879012e+01	7.640432e+01
2.850000e-06	4.164381e-06	1.094121e-09	2.900505e+01	7.671369e+01
2.860000e-06	4.194889e-06	1.097668e-09	2.921754e+01	7.701569e+01
2.870000e-06	4.224961e-06	1.103134e-09	2.942699e+01	7.731049e+01
2.880000e-06	4.254721e-06	1.108427e-09	2.963427e+01	7.759827e+01
2.890000e-06	4.284246e-06	1.111985e-09	2.983992e+01	7.787922e+01
2.900000e-06	4.313550e-06	1.114921e-09	3.004402e+01	7.815354e+01
2.910000e-06	4.342585e-06	1.117923e-09	3.024625e+01	7.842147e+01
2.920000e-06	4.371257e-06	1.122763e-09	3.044595e+01	7.868320e+01
2.930000e-06	4.399636e-06	1.129583e-09	3.064361e+01	7.893899e+01
2.940000e-06	4.427781e-06	1.134493e-09	3.083964e+01	7.918905e+01
2.950000e-06	4.455704e-06	1.136591e-09	3.103412e+01	7.943363e+01
2.960000e-06	4.483471e-06	1.137960e-09	3.122752e+01	7.967295e+01
2.970000e-06	4.511094e-06	1.140576e-09	3.141992e+01	7.990724e+01
2.980000e-06	4.538528e-06	1.144993e-09	3.161099e+01	8.013673e+01
2.990000e-06	4.565640e-06	1.150005e-09	3.179983e+01	8.036165e+01
3.000000e-06	4.592322e-06	1.154754e-09	3.198567e+01	8.058218e+01
3.010000e-06	4.618470e-06	1.160060e-09	3.216780e+01	8.079854e+01
3.020000e-06	4.644065e-06	1.165656e-09	3.234607e+01	8.101091e+01
3.030000e-06	4.669077e-06	1.170805e-09	3.252027e+01	8.121946e+01
3.040000e-06	4.693510e-06	1.175072e-09	3.269045e+01	8.142434e+01
3.050000e-06	4.717537e-06	1.177077e-09	3.285780e+01	8.162569e+01
3.060000e-06	4.741338e-06	1.178475e-09	3.302357e+01	8.182363e+01
3.070000e-06	4.764935e-06	1.181942e-09	3.318792e+01	8.201825e+01
3.080000e-06	4.788251e-06	1.185950e-09	3.335032e+01	8.220964e+01
3.090000e-06	4.811205e-06	1.189724e-09	3.351020e+01	8.239785e+01
3.100000e-06	4.833780e-06	1.192832e-09	3.366744e+01	8.258292e+01
3.110000e-06	4.856051e-06	1.195426e-09	3.382256e+01	8.276487e+01
3.120000e-06	4.878012e-06	1.198926e-09	3.397552e+01	8.294370e+01
3.130000e-06	4.899725e-06	1.202348e-09	3.412675e+01	8.311937e+01
3.140000e-06	4.921079e-06	1.204939e-09	3.427548e+01	8.329186e+01
3.150000e-06	4.942002e-06	1.207237e-09	3.442120e+01	8.346110e+01
3.160000e-06	4.962613e-06	1.208107e-09	3.456476e+01	8.362701e+01
3.170000e-06	4.982961e-06	1.212330e-09	3.470648e+01	8.378951e+01
3.180000e-06	5.003029e-06	1.216134e-09	3.484626e+01	8.394847e+01
3.190000e-06	5.022868e-06	1.216977e-09	3.498444e+01	8.410379e+01
3.200000e-06	5.042553e-06	1.218873e-09	3.512154e+01	8.425534e+01
3.210000e-06	5.062022e-06	1.221368e-09	3.525715e+01	8.440298e+01
3.220000e-06	5.081121e-06	1.224557e-09	3.539017e+01	8.454656e+01
3.230000e-06	5.099675e-06	1.227058e-09	3.551940e+01	8.468593e+01
3.240000e-06	5.117751e-06	1.229327e-09	3.564531e+01	8.482095e+01
3.250000e-06	5.135518e-06	1.230058e-09	3.576905e+01	8.495146e+01
3.260000e-06	5.152905e-06	1.231386e-09	3.589015e+01	8.507733e+01
3.270000e-06	5.169925e-06	1.232074e-09	3.600870e+01	8.519839e+01
3.280000e-06	5.186664e-06	1.232563e-09	3.612528e+01	8.531453e+01
3.290000e-06	5.203111e-06	1.234387e-09	3.623984e+01	8.542560e+01
3.300000e-06	5.219266e-06	1.237289e-09	3.635236e+01	8.553150e+01
3.310000e-06	5.235068e-06	1.240743e-09	3.646242e+01	8.563212e+01
3.320000e-06	5.250313e-06	1.245070e-09	3.656860e+01	8.572737e+01
3.330000e-06	5.264934e-06	1.249388e-09	3.667044e+01	8.581718e+01
3.340000e-06	5.279174e-06	1.249771e-09	3.676962e+01	8.590149e+01
3.350000e-06	5.293034e-06	1.246572e-09	3.686616e+01	8.598027e+01
3.360000e-06	5.306507e-06	1.245253e-09	3.695999e+01	8.605350e+01
3.370000e-06	5.319653e-06	1.246666e-09	3.705156e+01	8.612118e+01
3.380000e-06	5.332352e-06	1.250608e-09	3.714001e+01	8.618334e+01
3.390000e-06	5.344613e-06	1.254246e-09	3.722540e+01	8.624002e+01
3.400000e-06	5.356530e-06	1.256747e-09	3.730841e+01	8.629129e+01
3.410000e-06	5.368138e-06	1.259669e-09	3.738926e+01	8.633724e+01
3.420000e-06	5.379354e-06	1.261834e-09	3.746737e+01	8.637797e+01
3.430000e-06	5.389994e-06	1.264516e-09	3.754148e+01	8.641363e+01
3.440000e-06	5.400069e-06	1.266247e-09	3.761166e+01	8.644435e+01
3.450000e-06	5.409613e-06	1.267040e-09	3.767813e+01	8.647030e+01
3.460000e-06	5.418516e-06	1.269012e-09	3.774014e+01	8.649168e+01
3.470000e-06	5.426889e-06	1.271109e-09	3.779846e+01	8.650868e+01
3.480000e-06	5.434918e-06	1.271484e-09	3.785438e+01	8.652152e+01
3.490000e-06	5.442599e-06	1.273505e-09	3.790788e+01	8.653043e+01
3.500000e-06	5.450030e-06	1.277596e-09	3.795964e+01	8.653563e+01
3.510000e-06	5.457287e-06	1.280363e-09	3.801018e+01	8.653740e+01
3.520000e-06	5.464204e-06	1.281560e-09	3.805836e+01	8.653596e+01
3.530000e-06	5.470619e-06	1.282152e-09	3.810304e+01	8.653159e+01
3.540000e-06	5.476596e-06	1.281570e-09	3.814467e+01	8.652455e+01
3.550000e-06	5.482241e-06	1.281747e-09	3.818398e+01	8.651510e+01
3.560000e-06	5.487518e-06	1.283411e-09	3.822074e+01	8.650348e+01
3.570000e-06	5.492378e-06	1.285874e-09	3.825459e+01	8.648997e+01
3.580000e-06	5.496847e-06	1.287686e-09	3.828572e+01	8.647480e+01
3.590000e-06	5.500995e-06	1.288613e-09	3.831461e+01	8.645821e+01
3.600000e-06	5.504882e-06	1.288825e-09	3.834168e+01	8.644044e+01
3.610000e-06	5.508549e-06	1.289664e-09	3.836723e+01	8.642168e+01
3.620000e-06	5.511952e-06	1.291699e-09	3.839093e+01	8.640215e+01
3.630000e-06	5.514906e-06	1.293740e-09	3.841150e+01	8.638202e+01
3.640000e-06	5.517368e-06	1.294921e-09	3.842865e+01	8.636147e+01
3.650000e-06	5.519301e-06	1.294790e-09	3.844211e+01	8.634062e+01
3.660000e-06	5.520639e-06	1.294756e-09	3.845143e+01	8.631962e+01
3.670000e-06	5.521468e-06	1.295771e-09	3.845721e+01	8.629856e+01
3.680000e-06	5.521857e-06	1.295311e-09	3.845992e+01	8.627752e+01
3.690000e-06	5.521869e-06	1.293338e-09	3.846000e+01	8.625655e+01
3.700000e-06	5.521596e-06	1.292518e-09	3.845810e+01	8.623570e+01
3.710000e-06	5.521072e-06	1.291675e-09	3.845444e+01	8.621497e+01
3.720000e-06	5.520201e-06	1.290051e-09	3.844838e+01	8.619434e+01
3.730000e-06	5.518917e-06	1.290586e-09	3.843944e+01	8.617378e+01
3.740000e-06	5.517314e-06	1.287219e-09	3.842827e+01	8.615323e+01
3.750000e-06	5.515384e-06	1.264716e-09	3.841483e+01	8.613260e+01
3.760000e-06	5.513088e-06	1.247327e-09	3.839884e+01	8.611179e+01
3.770000e-06	5.510406e-06	1.299868e-09	3.838016e+01	8.609067e+01
3.780000e-06	5.507222e-06	1.372687e-09	3.835798e+01	8.606910e+01
3.790000e-06	5.503607e-06	1.332996e-09	3.833281e+01	8.604691e+01
3.800000e-06	5.499592e-06	1.239597e-09	3.830484e+01	8.602391e+01
3.810000e-06	5.495256e-06	1.243047e-09	3.827464e+01	8.599992e+01
3.820000e-06	5.490744e-06	1.278590e-09	3.824321e+01	8.597473e+01
3.830000e-06	5.485997e-06	1.279077e-09	3.821015e+01	8.594810e+01
3.840000e-06	5.480845e-06	1.220346e-09	3.817426e+01	8.591981e+01
3.850000e-06	5.475041e-06	1.261607e-09	3.813384e+01	8.588961e+01
3.860000e-06	5.468660e-06	1.375789e-09	3.808939e+01	8.585726e+01
3.870000e-06	5.462014e-06	1.331778e-09	3.804310e+01	8.582250e+01
3.880000e-06	5.454990e-06	1.209265e-09	3.799418e+01	8.578507e+01
3.890000e-06	5.447326e-06	1.197174e-09	3.794080e+01	8.574473e+01
3.900000e-06	5.439241e-06	1.322149e-09	3.788449e+01	8.570121e+01
3.910000e-06	5.430928e-06	1.311858e-09	3.782659e+01	8.565427e+01
3.920000e-06	5.422270e-06	1.244039e-09	3.776628e+01	8.560364e+01
3.930000e-06	5.413199e-06	1.267807e-09	3.770311e+01	8.554910e+01
3.940000e-06	5.403832e-06	1.336651e-09	3.763787e+01	8.549039e+01
3.950000e-06	5.394232e-06	1.279455e-09	3.757100e+01	8.542731e+01
3.960000e-06	5.384175e-06	1.222902e-09	3.750095e+01	8.535962e+01
3.970000e-06	5.373606e-06	1.265988e-09	3.742734e+01	8.528714e+01
3.980000e-06	5.362739e-06	1.299527e-09	3.735165e+01	8.520965e+01
3.990000e-06	5.351542e-06	1.253239e-09	3.727366e+01	8.512699e+01
4.000000e-06	5.339850e-06	1.229336e-09	3.719223e+01	8.503899e+01
4.010000e-06	5.327770e-06	1.288845e-09	3.710809e+01	8.494551e+01
4.020000e-06	5.315347e-06	1.304256e-09	3.702156e+01	8.484640e+01
4.030000e-06	5.302415e-06	1.260319e-09	3.693149e+01	8.474154e+01
4.040000e-06	5.288977e-06	1.229374e-09	3.683790e+01	8.463085e+01
4.050000e-06	5.275111e-06	1.283371e-09	3.674132e+01	8.451422e+01
4.060000e-06	5.260717e-06	1.294130e-09	3.664106e+01	8.439159e+01
4.070000e-06	5.245702e-06	1.239079e-09	3.653649e+01	8.426290e+01
4.080000e-06	5.230110e-06	1.206427e-09	3.642789e+01	8.412811e+01
4.090000e-06	5.214169e-06	1.270981e-09	3.631686e+01	8.398721e+01
4.100000e-06	5.197949e-06	1.275762e-09	3.620389e+01	8.384017e+01
4.110000e-06	5.181397e-06	1.210355e-09	3.608860e+01	8.368701e+01
4.120000e-06	5.164543e-06	1.225527e-09	3.597121e+01	8.352773e+01
4.130000e-06	5.147359e-06	1.296537e-09	3.585152e+01	8.336238e+01
4.140000e-06	5.129758e-06	1.237655e-09	3.572893e+01	8.319099e+01
4.150000e-06	5.111761e-06	1.190246e-09	3.560358e+01	8.301361e+01
4.160000e-06	5.093479e-06	1.265707e-09	3.547625e+01	8.283031e+01
4.170000e-06	5.074857e-06	1.273146e-09	3.534654e+01	8.264116e+01
4.180000e-06	5.055873e-06	1.182996e-09	3.521432e+01	8.244623e+01
4.190000e-06	5.036635e-06	1.221260e-09	3.508033e+01	8.224561e+01
4.200000e-06	5.017025e-06	1.286574e-09	3.494374e+01	8.203939e+01
4.210000e-06	4.997033e-06	1.212926e-09	3.480450e+01	8.182767e+01
4.220000e-06	4.976871e-06	1.199698e-09	3.466407e+01	8.161055e+01
4.230000e-06	4.956510e-06	1.275508e-09	3.452226e+01	8.138813e+01
4.240000e-06	4.935800e-06	1.229051e-09	3.437801e+01	8.116053e+01
4.250000e-06	4.914625e-06	1.171134e-09	3.423052e+01	8.092783e+01
4.260000e-06	4.893004e-06	1.245847e-09	3.407993e+01	8.069016e+01
4.270000e-06	4.870887e-06	1.243901e-09	3.392589e+01	8.044763e+01
4.280000e-06	4.848189e-06	1.171424e-09	3.376779e+01	8.020032e+01
4.290000e-06	4.825044e-06	1.215049e-09	3.360659e+01	7.994836e+01
4.300000e-06	4.801478e-06	1.257921e-09	3.344245e+01	7.969184e+01
4.310000e-06	4.777512e-06	1.192340e-09	3.327553e+01	7.943087e+01
4.320000e-06	4.753315e-06	1.196009e-09	3.310699e+01	7.916553e+01
4.330000e-06	4.728883e-06	1.233484e-09	3.293683e+01	7.889593e+01
4.340000e-06	4.704179e-06	1.189876e-09	3.276476e+01	7.862214e+01
4.350000e-06	4.679194e-06	1.172836e-09	3.259074e+01	7.834426e+01
4.360000e-06	4.653920e-06	1.219324e-09	3.241471e+01	7.806237e+01
4.370000e-06	4.628311e-06	1.198983e-09	3.223634e+01	7.777653e+01
4.380000e-06	4.602273e-06	1.171160e-09	3.205498e+01	7.748683e+01
4.390000e-06	4.575909e-06	1.191021e-09	3.187136e+01	7.719331e+01
4.400000e-06	4.549328e-06	1.185302e-09	3.168622e+01	7.689605e+01
4.410000e-06	4.522411e-06	1.160900e-09	3.149874e+01	7.659510e+01
4.420000e-06	4.495118e-06	1.173604e-09	3.130864e+01	7.629050e+01
4.430000e-06	4.467520e-06	1.169620e-09	3.111642e+01	7.598230e+01
4.440000e-06	4.439708e-06	1.150764e-09	3.092271e+01	7.567055e+01
4.450000e-06	4.411701e-06	1.156753e-09	3.072764e+01	7.535526e+01
4.460000e-06	4.383469e-06	1.157325e-09	3.053101e+01	7.503648e+01
4.470000e-06	4.354970e-06	1.138218e-09	3.033251e+01	7.471423e+01
4.480000e-06	4.326150e-06	1.137380e-09	3.013178e+01	7.438853e+01
4.490000e-06	4.296982e-06	1.135415e-09	2.992862e+01	7.405939e+01
4.500000e-06	4.267339e-06	1.118269e-09	2.972216e+01	7.372682e+01
4.510000e-06	4.237257e-06	1.118526e-09	2.951263e+01	7.339084e+01
4.520000e-06	4.206759e-06	1.123291e-09	2.930021e+01	7.305144e+01
4.530000e-06	4.175825e-06	1.108003e-09	2.908476e+01	7.270863e+01
4.540000e-06	4.144535e-06	1.095994e-09	2.886682e+01	7.236240e+01
4.550000e-06	4.112864e-06	1.102406e-09	2.864623e+01	7.201274e+01
4.560000e-06	4.080874e-06	1.097247e-09	2.842342e+01	7.165964e+01
4.570000e-06	4.048739e-06	1.083084e-09	2.819960e+01	7.130309e+01
4.580000e-06	4.016458e-06	1.080989e-09	2.797476e+01	7.094307e+01
4.590000e-06	3.983925e-06	1.080006e-09	2.774817e+01	7.057957e+01
4.600000e-06	3.951086e-06	1.064654e-09	2.751944e+01	7.021256e+01
4.610000e-06	3.918057e-06	1.060977e-09	2.728940e+01	6.984201e+01
4.620000e-06	3.884866e-06	1.063676e-09	2.705822e+01	6.946791e+01
4.630000e-06	3.851367e-06	1.054303e-09	2.682490e+01	6.909022e+01
4.640000e-06	3.817576e-06	1.044940e-09	2.658954e+01	6.870891e+01
4.650000e-06	3.783550e-06	1.049409e-09	2.635255e+01	6.832396e+01
4.660000e-06	3.749252e-06	1.045208e-09	2.611366e+01	6.793533e+01
4.670000e-06	3.714581e-06	1.034954e-09	2.587218e+01	6.754298e+01
4.680000e-06	3.679619e-06	1.031416e-09	2.562867e+01	6.714688e+01
4.690000e-06	3.644505e-06	1.027551e-09	2.538410e+01	6.674701e+01
4.700000e-06	3.609124e-06	1.015153e-09	2.513767e+01	6.634331e+01
4.710000e-06	3.573417e-06	1.013594e-09	2.488897e+01	6.593577e+01
4.720000e-06	3.537524e-06	1.018662e-09	2.463897e+01	6.552434e+01
4.730000e-06	3.501489e-06	1.013888e-09	2.438799e+01	6.510898e+01
4.740000e-06	3.465339e-06	1.004962e-09	2.413620e+01	6.468967e+01
4.750000e-06	3.429071e-06	9.961401e-10	2.388359e+01	6.426636e+01
4.760000e-06	3.392500e-06	9.827364e-10	2.362887e+01	6.383904e+01
4.770000e-06	3.355677e-06	9.712018e-10	2.337240e+01	6.340766e+01
4.780000e-06	3.318741e-06	9.685900e-10	2.311514e+01	6.297220e+01
4.790000e-06	3.281513e-06	9.665943e-10	2.285585e+01	6.253262e+01
4.800000e-06	3.243885e-06	9.630677e-10	2.259377e+01	6.208890e+01
4.810000e-06	3.205879e-06	9.618078e-10	2.232905e+01	6.164101e+01
4.820000e-06	3.167466e-06	9.560423e-10	2.206150e+01	6.118893e+01
4.830000e-06	3.128672e-06	9.431949e-10	2.179131e+01	6.073263e+01
4.840000e-06	3.089550e-06	9.320180e-10	2.151881e+01	6.027210e+01
4.850000e-06	3.050191e-06	9.235783e-10	2.124468e+01	5.980730e+01
4.860000e-06	3.010586e-06	9.159884e-10	2.096883e+01	5.933823e+01
4.870000e-06	2.970721e-06	9.109378e-10	2.069117e+01	5.886486e+01
4.880000e-06	2.930730e-06	9.088681e-10	2.041263e+01	5.838717e+01
4.890000e-06	2.890581e-06	9.033928e-10	2.013299e+01	5.790514e+01
4.900000e-06	2.850259e-06	8.965424e-10	1.985214e+01	5.741876e+01
4.910000e-06	2.809776e-06	8.899448e-10	1.957018e+01	5.692799e+01
4.920000e-06	2.769121e-06	8.815370e-10	1.928702e+01	5.643283e+01
4.930000e-06	2.728398e-06	8.747125e-10	1.900338e+01	5.593323e+01
4.940000e-06	2.687589e-06	8.720397e-10	1.871914e+01	5.542918e+01
4.950000e-06	2.646491e-06	8.688038e-10	1.843290e+01	5.492063e+01
4.960000e-06	2.605142e-06	8.648267e-10	1.814490e+01	5.440756e+01
4.970000e-06	2.563603e-06	8.600327e-10	1.785558e+01	5.388990e+01
4.980000e-06	2.521948e-06	8.542210e-10	1.756545e+01	5.336762e+01
4.990000e-06	2.480179e-06	8.460371e-10	1.727453e+01	5.284065e+01
5.000000e-06	2.438223e-06	8.374952e-10	1.698230e+01	5.230892e+01
5.010000e-06	2.396207e-06	8.277820e-10	1.668966e+01	5.177235e+01
5.020000e-06	2.354022e-06	8.187669e-10	1.639584e+01	5.123084e+01
5.030000e-06	2.311654e-06	8.127541e-10	1.610075e+01	5.068430e+01
5.040000e-06	2.269095e-06	8.070692e-10	1.580432e+01	5.013259e+01
5.050000e-06	2.226289e-06	8.006736e-10	1.550618e+01	4.957559e+01
5.060000e-06	2.183381e-06	7.936859e-10	1.520732e+01	4.901315e+01
5.070000e-06	2.140329e-06	7.850854e-10	1.490746e+01	4.844509e+01
5.080000e-06	2.097117e-06	7.756629e-10	1.460649e+01	4.787122e+01
5.090000e-06	2.053774e-06	7.672949e-10	1.430460e+01	4.729135e+01
5.100000e-06	2.010268e-06	7.591877e-10	1.400158e+01	4.670525e+01
5.110000e-06	1.966590e-06	7.505396e-10	1.369736e+01	4.611267e+01
5.120000e-06	1.922843e-06	7.439421e-10	1.339266e+01	4.551334e+01
5.130000e-06	1.879070e-06	7.388131e-10	1.308779e+01	4.490697e+01
5.140000e-06	1.835128e-06	7.324988e-10	1.278173e+01	4.429325e+01
5.150000e-06	1.791036e-06	7.237128e-10	1.247463e+01	4.367186e+01
5.160000e-06	1.746895e-06	7.122084e-10	1.216718e+01	4.304244e+01
5.170000e-06	1.702694e-06	6.988538e-10	1.185932e+01	4.240460e+01
5.180000e-06	1.658418e-06	6.839447e-10	1.155094e+01	4.175797e+01
5.190000e-06	1.614062e-06	6.701947e-10	1.124200e+01	4.110212e+01
5.200000e-06	1.569613e-06	6.597319e-10	1.093241e+01	4.043663e+01
5.210000e-06	1.525109e-06	6.545012e-10	1.062243e+01	3.976104e+01
5.220000e-06	1.480608e-06	6.481110e-10	1.031248e+01	3.907488e+01
5.230000e-06	1.436035e-06	6.385444e-10	1.000203e+01	3.837768e+01
5.240000e-06	1.391333e-06	6.261902e-10	9.690682e+00	3.766895e+01
5.250000e-06	1.346528e-06	6.111218e-10	9.378612e+00	3.694819e+01
5.260000e-06	1.301622e-06	5.955211e-10	9.065841e+00	3.621488e+01
5.270000e-06	1.256670e-06	5.838364e-10	8.752749e+00	3.546852e+01
5.280000e-06	1.211557e-06	5.770640e-10	8.438533e+00	3.470859e+01
5.290000e-06	1.166261e-06	5.721994e-10	8.123045e+00	3.393459e+01
5.300000e-06	1.120914e-06	5.672954e-10	7.807203e+00	3.314600e+01
5.310000e-06	1.075492e-06	5.606739e-10	7.490833e+00	3.234232e+01
5.320000e-06	1.029924e-06	5.504200e-10	7.173452e+00	3.152308e+01
5.330000e-06	9.842123e-07	5.337831e-10	6.855071e+00	3.068779e+01
5.340000e-06	9.384706e-07	5.139216e-10	6.536478e+00	2.983601e+01
5.350000e-06	8.927357e-07	4.953586e-10	6.217934e+00	2.896731e+01
5.360000e-06	8.469021e-07	4.821052e-10	5.898701e+00	2.808129e+01
5.370000e-06	8.009635e-07	4.732063e-10	5.578737e+00	2.717758e+01
5.380000e-06	7.550146e-07	4.664295e-10	5.258701e+00	2.625583e+01
5.390000e-06	7.090406e-07	4.583966e-10	4.938491e+00	2.531577e+01
5.400000e-06	6.630017e-07	4.467316e-10	4.617829e+00	2.435712e+01
5.410000e-06	6.168816e-07	4.298756e-10	4.296601e+00	2.337969e+01
5.420000e-06	5.705945e-07	4.102115e-10	3.974209e+00	2.238332e+01
5.430000e-06	5.242857e-07	3.885415e-10	3.651667e+00	2.136790e+01
5.440000e-06	4.779871e-07	3.676530e-10	3.329196e+00	2.033337e+01
5.450000e-06	4.316547e-07	3.520443e-10	3.006489e+00	1.927976e+01
5.460000e-06	3.853627e-07	3.411422e-10	2.684064e+00	1.820712e+01
5.470000e-06	3.390259e-07	3.316098e-10	2.361327e+00	1.711560e+01
5.480000e-06	2.926624e-07	3.189087e-10	2.038403e+00	1.600538e+01
5.490000e-06	2.463335e-07	3.008664e-10	1.715721e+00	1.487675e+01
5.500000e-06	1.999781e-07	2.799133e-10	1.392854e+00	1.373001e+01
5.510000e-06	1.535744e-07	2.574353e-10	1.069651e+00	1.256559e+01
5.520000e-06	1.071784e-07	2.345250e-10	7.465009e-01	1.138395e+01
5.530000e-06	6.077843e-08	2.149589e-10	4.233237e-01	1.018563e+01
5.540000e-06	1.431263e-08	1.994581e-10	9.968791e-02	8.971227e+00
5.550000e-06	-3.221681e-08	1.853668e-10	-2.243911e-01	7.741431e+00
5.560000e-06	-7.867894e-08	1.706113e-10	-5.480014e-01	6.496977e+00
5.570000e-06	-1.250870e-07	1.545128e-10	-8.712351e-01	5.238669e+00
5.580000e-06	-1.714813e-07	1.350150e-10	-1.194373e+00	3.967375e+00
5.590000e-06	-2.178608e-07	1.129211e-10	-1.517408e+00	2.684021e+00
5.600000e-06	-2.642327e-07	8.888026e-11	-1.840390e+00	1.389588e+00
5.610000e-06	-3.106136e-07	6.590953e-11	-2.163434e+00	8.511089e-02
5.620000e-06	-3.569588e-07	4.462517e-11	-2.486230e+00	-1.228328e+00
5.630000e-06	-4.032544e-07	2.581596e-11	-2.808680e+00	-2.549602e+00
5.640000e-06	-4.495406e-07	8.391281e-12	-3.131065e+00	-3.877545e+00
5.650000e-06	-4.957894e-07	-1.223832e-11	-3.453190e+00	-5.210954e+00
5.660000e-06	-5.419856e-07	-3.608225e-11	-3.774947e+00	-6.548601e+00
5.670000e-06	-5.880727e-07	-5.964614e-11	-4.095945e+00	-7.889229e+00
5.680000e-06	-6.341539e-07	-8.270654e-11	-4.416902e+00	-9.231565e+00
5.690000e-06	-6.803117e-07	-1.054135e-10	-4.738394e+00	-1.057433e+01
5.700000e-06	-7.264196e-07	-1.268563e-10	-5.059536e+00	-1.191622e+01
5.710000e-06	-7.723771e-07	-1.477964e-10	-5.379631e+00	-1.325594e+01
5.720000e-06	-8.182105e-07	-1.689068e-10	-5.698863e+00	-1.459222e+01
5.730000e-06	-8.640644e-07	-1.907738e-10	-6.018237e+00	-1.592377e+01
5.740000e-06	-9.098824e-07	-2.131209e-10	-6.337361e+00	-1.724933e+01
5.750000e-06	-9.555460e-07	-2.352929e-10	-6.655409e+00	-1.856766e+01
5.760000e-06	-1.001083e-06	-2.594270e-10	-6.972572e+00	-1.987757e+01
5.770000e-06	-1.046487e-06	-2.838065e-10	-7.288816e+00	-2.117787e+01
5.780000e-06	-1.091808e-06	-3.061408e-10	-7.604476e+00	-2.246743e+01
5.790000e-06	-1.137112e-06	-3.268144e-10	-7.920025e+00	-2.374517e+01
5.800000e-06	-1.182323e-06	-3.460445e-10	-8.234919e+00	-2.501003e+01
5.810000e-06	-1.227265e-06	-3.661579e-10	-8.547940e+00	-2.626105e+01
5.820000e-06	-1.272023e-06	-3.881468e-10	-8.859679e+00	-2.749728e+01
5.830000e-06	-1.316749e-06	-4.112019e-10	-9.171197e+00	-2.871786e+01
5.840000e-06	-1.361444e-06	-4.337595e-10	-9.482503e+00	-2.992199e+01
5.850000e-06	-1.406073e-06	-4.540886e-10	-9.793346e+00	-3.110893e+01
5.860000e-06	-1.450686e-06	-4.718379e-10	-1.010408e+01	-3.227802e+01
5.870000e-06	-1.495267e-06	-4.893898e-10	-1.041458e+01	-3.342867e+01
5.880000e-06	-1.539707e-06	-5.086045e-10	-1.072411e+01	-3.456035e+01
5.890000e-06	-1.584047e-06	-5.284459e-10	-1.103294e+01	-3.567262e+01
5.900000e-06	-1.628375e-06	-5.483069e-10	-1.134168e+01	-3.676510e+01
5.910000e-06	-1.672676e-06	-5.676775e-10	-1.165024e+01	-3.783750e+01
5.920000e-06	-1.716902e-06	-5.854946e-10	-1.195828e+01	-3.888958e+01
5.930000e-06	-1.761060e-06	-6.032970e-10	-1.226584e+01	-3.992119e+01
5.940000e-06	-1.805166e-06	-6.223271e-10	-1.257304e+01	-4.093225e+01
5.950000e-06	-1.849163e-06	-6.390715e-10	-1.287948e+01	-4.192274e+01
5.960000e-06	-1.893058e-06	-6.526917e-10	-1.318521e+01	-4.289271e+01
5.970000e-06	-1.936906e-06	-6.663818e-10	-1.349061e+01	-4.384227e+01
5.980000e-06	-1.980591e-06	-6.824532e-10	-1.379488e+01	-4.477160e+01
5.990000e-06	-2.024162e-06	-7.005309e-10	-1.409835e+01	-4.568092e+01
6.000000e-06	-2.067627e-06	-7.171828e-10	-1.440109e+01	-4.657051e+01
6.010000e-06	-2.110866e-06	-7.309558e-10	-1.470225e+01	-4.744071e+01
6.020000e-06	-2.153924e-06	-7.430134e-10	-1.500215e+01	-4.829188e+01
6.030000e-06	-2.196799e-06	-7.554319e-10	-1.530078e+01	-4.912443e+01
6.040000e-06	-2.239523e-06	-7.682244e-10	-1.559835e+01	-4.993881e+01
6.050000e-06	-2.282121e-06	-7.814208e-10	-1.589505e+01	-5.073550e+01
6.060000e-06	-2.324532e-06	-7.949047e-10	-1.619044e+01	-5.151499e+01
6.070000e-06	-2.366807e-06	-8.090166e-10	-1.648489e+01	-5.227781e+01
6.080000e-06	-2.408933e-06	-8.222140e-10	-1.677830e+01	-5.302448e+01
6.090000e-06	-2.450836e-06	-8.341075e-10	-1.707015e+01	-5.375555e+01
6.100000e-06	-2.492558e-06	-8.457329e-10	-1.736075e+01	-5.447158e+01
6.110000e-06	-2.534156e-06	-8.561719e-10	-1.765048e+01	-5.517311e+01
6.120000e-06	-2.575587e-06	-8.642783e-10	-1.793905e+01	-5.586069e+01
6.130000e-06	-2.616760e-06	-8.729846e-10	-1.822582e+01	-5.653486e+01
6.140000e-06	-2.657774e-06	-8.828929e-10	-1.851149e+01	-5.719615e+01
6.150000e-06	-2.698630e-06	-8.956690e-10	-1.879605e+01	-5.784507e+01
6.160000e-06	-2.739232e-06	-9.097293e-10	-1.907884e+01	-5.848212e+01
6.170000e-06	-2.779660e-06	-9.230468e-10	-1.936042e+01	-5.910777e+01
6.180000e-06	-2.819956e-06	-9.339741e-10	-1.964109e+01	-5.972248e+01
6.190000e-06	-2.860126e-06	-9.399418e-10	-1.992087e+01	-6.032665e+01
6.200000e-06	-2.900224e-06	-9.460856e-10	-2.020015e+01	-6.092070e+01
6.210000e-06	-2.940265e-06	-9.550074e-10	-2.047905e+01	-6.150499e+01
6.220000e-06	-2.980142e-06	-9.686966e-10	-2.075679e+01	-6.207984e+01
6.230000e-06	-3.019791e-06	-9.797976e-10	-2.103294e+01	-6.264557e+01
6.240000e-06	-3.059257e-06	-9.891636e-10	-2.130783e+01	-6.320245e+01
6.250000e-06	-3.098504e-06	-9.999639e-10	-2.158118e+01	-6.375072e+01
6.260000e-06	-3.137323e-06	-1.009273e-09	-2.185156e+01	-6.429058e+01
6.270000e-06	-3.175673e-06	-1.014881e-09	-2.211867e+01	-6.482221e+01
6.280000e-06	-3.213808e-06	-1.020167e-09	-2.238428e+01	-6.534576e+01
6.290000e-06	-3.251580e-06	-1.031130e-09	-2.264736e+01	-6.586135e+01
6.300000e-06	-3.288821e-06	-1.042848e-09	-2.290675e+01	-6.636908e+01
6.310000e-06	-3.325779e-06	-1.056713e-09	-2.316416e+01	-6.686900e+01
6.320000e-06	-3.362512e-06	-1.069062e-09	-2.342000e+01	-6.736116e+01
6.330000e-06	-3.398992e-06	-1.074014e-09	-2.367409e+01	-6.784559e+01
6.340000e-06	-3.435289e-06	-1.077588e-09	-2.392690e+01	-6.832229e+01
6.350000e-06	-3.471441e-06	-1.083221e-09	-2.417870e+01	-6.879125e+01
6.360000e-06	-3.507453e-06	-1.091164e-09	-2.442953e+01	-6.925245e+01
6.370000e-06	-3.543282e-06	-1.101620e-09	-2.467908e+01	-6.970585e+01
6.380000e-06	-3.578898e-06	-1.112270e-09	-2.492714e+01	-7.015141e+01
6.390000e-06	-3.614321e-06	-1.120167e-09	-2.517387e+01	-7.058909e+01
6.400000e-06	-3.649483e-06	-1.125909e-09	-2.541877e+01	-7.101882e+01
6.410000e-06	-3.684342e-06	-1.130547e-09	-2.566156e+01	-7.144058e+01
6.420000e-06	-3.718911e-06	-1.133320e-09	-2.590233e+01	-7.185430e+01
6.430000e-06	-3.753236e-06	-1.138572e-09	-2.614141e+01	-7.225996e+01
6.440000e-06	-3.787339e-06	-1.146965e-09	-2.637894e+01	-7.265751e+01
6.450000e-06	-3.821163e-06	-1.157254e-09	-2.661452e+01	-7.304694e+01
6.460000e-06	-3.854699e-06	-1.166458e-09	-2.684810e+01	-7.342823e+01
6.470000e-06	-3.887993e-06	-1.173587e-09	-2.708000e+01	-7.380138e+01
6.480000e-06	-3.921019e-06	-1.177442e-09	-2.731002e+01	-7.416642e+01
6.490000e-06	-3.953703e-06	-1.176605e-09	-2.753767e+01	-7.452336e+01
6.500000e-06	-3.986118e-06	-1.176466e-09	-2.776344e+01	-7.487227e+01
6.510000e-06	-4.018388e-06	-1.181105e-09	-2.798820e+01	-7.521320e+01
6.520000e-06	-4.050523e-06	-1.191051e-09	-2.821203e+01	-7.554624e+01
6.530000e-06	-4.082295e-06	-1.202974e-09	-2.843332e+01	-7.587150e+01
6.540000e-06	-4.113751e-06	-1.214394e-09	-2.865241e+01	-7.618908e+01
6.550000e-06	-4.144952e-06	-1.224227e-09	-2.886973e+01	-7.649912e+01
6.560000e-06	-4.175751e-06	-1.231472e-09	-2.908424e+01	-7.680178e+01
6.570000e-06	-4.206125e-06	-1.234593e-09	-2.929580e+01	-7.709722e+01
6.580000e-06	-4.236063e-06	-1.233728e-09	-2.950432e+01	-7.738562e+01
6.590000e-06	-4.265612e-06	-1.234179e-09	-2.971013e+01	-7.766717e+01
6.600000e-06	-4.294713e-06	-1.238040e-09	-2.991281e+01	-7.794209e+01
6.610000e-06	-4.323416e-06	-1.246135e-09	-3.011273e+01	-7.821058e+01
6.620000e-06	-4.351844e-06	-1.255634e-09	-3.031074e+01	-7.847288e+01
6.630000e-06	-4.380063e-06	-1.265222e-09	-3.050728e+01	-7.872919e+01
6.640000e-06	-4.408121e-06	-1.274562e-09	-3.070271e+01	-7.897977e+01
6.650000e-06	-4.436001e-06	-1.279994e-09	-3.089689e+01	-7.922484e+01
6.660000e-06	-4.463645e-06	-1.281643e-09	-3.108943e+01	-7.946464e+01
6.670000e-06	-4.490969e-06	-1.278779e-09	-3.127974e+01	-7.969939e+01
6.680000e-06	-4.517865e-06	-1.277327e-09	-3.146708e+01	-7.992932e+01
6.690000e-06	-4.544427e-06	-1.279967e-09	-3.165208e+01	-8.015465e+01
6.700000e-06	-4.570701e-06	-1.285032e-09	-3.183508e+01	-8.037559e+01
6.710000e-06	-4.596579e-06	-1.291019e-09	-3.201532e+01	-8.059234e+01
6.720000e-06	-4.622107e-06	-1.296576e-09	-3.219312e+01	-8.080508e+01
6.730000e-06	-4.647359e-06	-1.299330e-09	-3.236901e+01	-8.101399e+01
6.740000e-06	-4.672299e-06	-1.299972e-09	-3.254272e+01	-8.121922e+01
6.750000e-06	-4.696916e-06	-1.300492e-09	-3.271417e+01	-8.142090e+01
6.760000e-06	-4.721303e-06	-1.300347e-09	-3.288403e+01	-8.161917e+01
6.770000e-06	-4.745495e-06	-1.301728e-09	-3.305253e+01	-8.181411e+01
6.780000e-06	-4.769447e-06	-1.304259e-09	-3.321936e+01	-8.200581e+01
6.790000e-06	-4.793131e-06	-1.306582e-09	-3.338431e+01	-8.219433e+01
6.800000e-06	-4.816468e-06	-1.309622e-09	-3.354686e+01	-8.237971e+01
6.810000e-06	-4.839321e-06	-1.309694e-09	-3.370603e+01	-8.256197e+01
6.820000e-06	-4.861724e-06	-1.305245e-09	-3.386207e+01	-8.274110e+01
6.830000e-06	-4.883656e-06	-1.299527e-09	-3.401482e+01	-8.291709e+01
6.840000e-06	-4.905050e-06	-1.299482e-09	-3.416384e+01	-8.308989e+01
6.850000e-06	-4.925998e-06	-1.304409e-09	-3.430974e+01	-8.325945e+01
6.860000e-06	-4.946529e-06	-1.309153e-09	-3.445274e+01	-8.342569e+01
6.870000e-06	-4.966686e-06	-1.312965e-09	-3.459313e+01	-8.358852e+01
6.880000e-06	-4.986629e-06	-1.313524e-09	-3.473204e+01	-8.374783e+01
6.890000e-06	-5.006378e-06	-1.311442e-09	-3.486958e+01	-8.390351e+01
6.900000e-06	-5.025863e-06	-1.308939e-09	-3.500530e+01	-8.405542e+01
6.910000e-06	-5.044977e-06	-1.308334e-09	-3.513843e+01	-8.420343e+01
6.920000e-06	-5.063719e-06	-1.309303e-09	-3.526897e+01	-8.434740e+01
6.930000e-06	-5.082128e-06	-1.311692e-09	-3.539719e+01	-8.448718e+01
6.940000e-06	-5.100247e-06	-1.317315e-09	-3.552339e+01	-8.462262e+01
6.950000e-06	-5.118051e-06	-1.321625e-09	-3.564739e+01	-8.475356e+01
6.960000e-06	-5.135401e-06	-1.324915e-09	-3.576824e+01	-8.487986e+01
6.970000e-06	-5.152419e-06	-1.326321e-09	-3.588676e+01	-8.500138e+01
6.980000e-06	-5.169185e-06	-1.324718e-09	-3.600354e+01	-8.511797e+01
6.990000e-06	-5.185619e-06	-1.324662e-09	-3.611800e+01	-8.522952e+01
7.000000e-06	-5.201715e-06	-1.324871e-09	-3.623012e+01	-8.533590e+01
7.010000e-06	-5.217532e-06	-1.323384e-09	-3.634028e+01	-8.543701e+01
7.020000e-06	-5.232963e-06	-1.321117e-09	-3.644776e+01	-8.553276e+01
7.030000e-06	-5.247875e-06	-1.321800e-09	-3.655162e+01	-8.562307e+01
7.040000e-06	-5.262189e-06	-1.324182e-09	-3.665132e+01	-8.570789e+01
7.050000e-06	-5.275873e-06	-1.326638e-09	-3.674662e+01	-8.578718e+01
7.060000e-06	-5.289010e-06	-1.329373e-09	-3.683813e+01	-8.586092e+01
7.070000e-06	-5.301652e-06	-1.333930e-09	-3.692618e+01	-8.592910e+01
7.080000e-06	-5.313937e-06	-1.334496e-09	-3.701175e+01	-8.599177e+01
7.090000e-06	-5.325937e-06	-1.332073e-09	-3.709533e+01	-8.604895e+01
7.100000e-06	-5.337623e-06	-1.327474e-09	-3.717672e+01	-8.610071e+01
7.110000e-06	-5.348973e-06	-1.324584e-09	-3.725577e+01	-8.614715e+01
7.120000e-06	-5.359909e-06	-1.327969e-09	-3.733194e+01	-8.618836e+01
7.130000e-06	-5.370459e-06	-1.332214e-09	-3.740542e+01	-8.622448e+01
7.140000e-06	-5.380582e-06	-1.335557e-09	-3.747593e+01	-8.625565e+01
7.150000e-06	-5.390272e-06	-1.335404e-09	-3.754342e+01	-8.628205e+01
7.160000e-06	-5.399636e-06	-1.333515e-09	-3.760864e+01	-8.630385e+01
7.170000e-06	-5.408612e-06	-1.328236e-09	-3.767116e+01	-8.632125e+01
7.180000e-06	-5.417232e-06	-1.323411e-09	-3.773120e+01	-8.633447e+01
7.190000e-06	-5.425540e-06	-1.322966e-09	-3.778907e+01	-8.634374e+01
7.200000e-06	-5.433564e-06	-1.324964e-09	-3.784495e+01	-8.634930e+01
7.210000e-06	-5.441358e-06	-1.325044e-09	-3.789924e+01	-8.635138e+01
7.220000e-06	-5.448794e-06	-1.325023e-09	-3.795103e+01	-8.635025e+01
7.230000e-06	-5.455747e-06	-1.325796e-09	-3.799946e+01	-8.634617e+01
7.240000e-06	-5.462112e-06	-1.323155e-09	-3.804379e+01	-8.633938e+01
7.250000e-06	-5.467887e-06	-1.316625e-09	-3.808401e+01	-8.633016e+01
7.260000e-06	-5.473157e-06	-1.312942e-09	-3.812072e+01	-8.631877e+01
7.270000e-06	-5.477937e-06	-1.315520e-09	-3.815401e+01	-8.630545e+01
7.280000e-06	-5.482351e-06	-1.320912e-09	-3.818475e+01	-8.629046e+01
7.290000e-06	-5.486549e-06	-1.323116e-09	-3.821400e+01	-8.627403e+01
7.300000e-06	-5.490547e-06	-1.319982e-09	-3.824184e+01	-8.625639e+01
7.310000e-06	-5.494248e-06	-1.314275e-09	-3.826762e+01	-8.623775e+01
7.320000e-06	-5.497582e-06	-1.309351e-09	-3.829084e+01	-8.621833e+01
7.330000e-06	-5.500478e-06	-1.305736e-09	-3.831101e+01	-8.619829e+01
7.340000e-06	-5.502970e-06	-1.304302e-09	-3.832837e+01	-8.617781e+01
7.350000e-06	-5.505092e-06	-1.306563e-09	-3.834314e+01	-8.615703e+01
7.360000e-06	-5.506847e-06	-1.307913e-09	-3.835537e+01	-8.613608e+01
7.370000e-06	-5.508199e-06	-1.307393e-09	-3.836479e+01	-8.611507e+01
7.380000e-06	-5.509188e-06	-1.305744e-09	-3.837167e+01	-8.609407e+01
7.390000e-06	-5.509934e-06	-1.304178e-09	-3.837687e+01	-8.607314e+01
7.400000e-06	-5.510337e-06	-1.300077e-09	-3.837968e+01	-8.605233e+01
