# Temperatura_=_12.04
# Concentracion g/m^3_=_1620.0
# C_Vs_to_Am_M_A/Vsm_=_65563218390.804596
# pendiente_HvsI_1/m_=_3716.3
# ordenada_HvsI_A/m_=_1297.0
# frecuencia_Hz_=_135108.35772243535

Tiempo_(s)	Campo_(V.s)	Magnetizacion_(V.s)	Campo_(kA/m)	Magnetizacion_(A/m)
0.000000e+00	-5.510937e-06	-1.201418e-09	-3.837231e+01	-7.915108e+01
1.000000e-08	-5.511275e-06	-1.199367e-09	-3.837467e+01	-7.912747e+01
2.000000e-08	-5.511312e-06	-1.196272e-09	-3.837493e+01	-7.910323e+01
3.000000e-08	-5.510932e-06	-1.196760e-09	-3.837228e+01	-7.907841e+01
4.000000e-08	-5.509991e-06	-1.197753e-09	-3.836573e+01	-7.905301e+01
5.000000e-08	-5.508460e-06	-1.197619e-09	-3.835507e+01	-7.902703e+01
6.000000e-08	-5.506408e-06	-1.198281e-09	-3.834078e+01	-7.900047e+01
7.000000e-08	-5.503791e-06	-1.202099e-09	-3.832256e+01	-7.897330e+01
8.000000e-08	-5.500643e-06	-1.204218e-09	-3.830064e+01	-7.894549e+01
9.000000e-08	-5.497078e-06	-1.180896e-09	-3.827582e+01	-7.891698e+01
1.000000e-07	-5.493085e-06	-1.164795e-09	-3.824802e+01	-7.888772e+01
1.100000e-07	-5.488748e-06	-1.190574e-09	-3.821782e+01	-7.885764e+01
1.200000e-07	-5.484193e-06	-1.220202e-09	-3.818610e+01	-7.882665e+01
1.300000e-07	-5.479398e-06	-1.176533e-09	-3.815272e+01	-7.879465e+01
1.400000e-07	-5.474316e-06	-1.169627e-09	-3.811732e+01	-7.876154e+01
1.500000e-07	-5.468887e-06	-1.172684e-09	-3.807953e+01	-7.872720e+01
1.600000e-07	-5.463102e-06	-1.226499e-09	-3.803924e+01	-7.869150e+01
1.700000e-07	-5.456925e-06	-1.172713e-09	-3.799623e+01	-7.865430e+01
1.800000e-07	-5.450262e-06	-1.146522e-09	-3.794984e+01	-7.861547e+01
1.900000e-07	-5.443173e-06	-1.159512e-09	-3.790048e+01	-7.857484e+01
2.000000e-07	-5.435795e-06	-1.199320e-09	-3.784911e+01	-7.853226e+01
2.100000e-07	-5.428127e-06	-1.187022e-09	-3.779572e+01	-7.848756e+01
2.200000e-07	-5.420212e-06	-1.162427e-09	-3.774060e+01	-7.844056e+01
2.300000e-07	-5.412039e-06	-1.173289e-09	-3.768369e+01	-7.839109e+01
2.400000e-07	-5.403395e-06	-1.179568e-09	-3.762351e+01	-7.833897e+01
2.500000e-07	-5.394071e-06	-1.171609e-09	-3.755858e+01	-7.828401e+01
2.600000e-07	-5.384124e-06	-1.138155e-09	-3.748933e+01	-7.822603e+01
2.700000e-07	-5.373631e-06	-1.161155e-09	-3.741626e+01	-7.816485e+01
2.800000e-07	-5.362603e-06	-1.149685e-09	-3.733947e+01	-7.810027e+01
2.900000e-07	-5.351165e-06	-1.153608e-09	-3.725983e+01	-7.803212e+01
3.000000e-07	-5.339351e-06	-1.136397e-09	-3.717757e+01	-7.796020e+01
3.100000e-07	-5.327153e-06	-1.163129e-09	-3.709264e+01	-7.788436e+01
3.200000e-07	-5.314497e-06	-1.154306e-09	-3.700452e+01	-7.780440e+01
3.300000e-07	-5.301377e-06	-1.167447e-09	-3.691316e+01	-7.772016e+01
3.400000e-07	-5.287919e-06	-1.145725e-09	-3.681946e+01	-7.763148e+01
3.500000e-07	-5.274159e-06	-1.153799e-09	-3.672364e+01	-7.753822e+01
3.600000e-07	-5.259856e-06	-1.144088e-09	-3.662405e+01	-7.744022e+01
3.700000e-07	-5.244941e-06	-1.151875e-09	-3.652021e+01	-7.733734e+01
3.800000e-07	-5.229576e-06	-1.135157e-09	-3.641322e+01	-7.722948e+01
3.900000e-07	-5.213794e-06	-1.160281e-09	-3.630333e+01	-7.711651e+01
4.000000e-07	-5.197521e-06	-1.155697e-09	-3.619002e+01	-7.699833e+01
4.100000e-07	-5.180902e-06	-1.140035e-09	-3.607430e+01	-7.687487e+01
4.200000e-07	-5.164023e-06	-1.143467e-09	-3.595677e+01	-7.674603e+01
4.300000e-07	-5.146803e-06	-1.163264e-09	-3.583688e+01	-7.661178e+01
4.400000e-07	-5.129196e-06	-1.132418e-09	-3.571428e+01	-7.647206e+01
4.500000e-07	-5.111200e-06	-1.107855e-09	-3.558897e+01	-7.632685e+01
4.600000e-07	-5.092806e-06	-1.143592e-09	-3.546090e+01	-7.617613e+01
4.700000e-07	-5.074000e-06	-1.140067e-09	-3.532995e+01	-7.601991e+01
4.800000e-07	-5.054918e-06	-1.110721e-09	-3.519709e+01	-7.585821e+01
4.900000e-07	-5.035557e-06	-1.124512e-09	-3.506228e+01	-7.569105e+01
5.000000e-07	-5.015926e-06	-1.150355e-09	-3.492559e+01	-7.551850e+01
5.100000e-07	-4.996083e-06	-1.107571e-09	-3.478742e+01	-7.534061e+01
5.200000e-07	-4.975961e-06	-1.108572e-09	-3.464731e+01	-7.515747e+01
5.300000e-07	-4.955500e-06	-1.131734e-09	-3.450484e+01	-7.496918e+01
5.400000e-07	-4.934721e-06	-1.113901e-09	-3.436016e+01	-7.477583e+01
5.500000e-07	-4.913582e-06	-1.087171e-09	-3.421297e+01	-7.457756e+01
5.600000e-07	-4.892030e-06	-1.127305e-09	-3.406291e+01	-7.437449e+01
5.700000e-07	-4.870206e-06	-1.117554e-09	-3.391095e+01	-7.416678e+01
5.800000e-07	-4.848088e-06	-1.087795e-09	-3.375694e+01	-7.395457e+01
5.900000e-07	-4.825517e-06	-1.097618e-09	-3.359978e+01	-7.373802e+01
6.000000e-07	-4.802609e-06	-1.114987e-09	-3.344027e+01	-7.351732e+01
6.100000e-07	-4.779500e-06	-1.082259e-09	-3.327936e+01	-7.329262e+01
6.200000e-07	-4.756179e-06	-1.091840e-09	-3.311699e+01	-7.306412e+01
6.300000e-07	-4.732550e-06	-1.105123e-09	-3.295245e+01	-7.283200e+01
6.400000e-07	-4.708602e-06	-1.089379e-09	-3.278571e+01	-7.259643e+01
6.500000e-07	-4.684387e-06	-1.075304e-09	-3.261710e+01	-7.235761e+01
6.600000e-07	-4.659737e-06	-1.088790e-09	-3.244547e+01	-7.211572e+01
6.700000e-07	-4.634422e-06	-1.073393e-09	-3.226920e+01	-7.187092e+01
6.800000e-07	-4.608550e-06	-1.065508e-09	-3.208905e+01	-7.162341e+01
6.900000e-07	-4.582225e-06	-1.077122e-09	-3.190575e+01	-7.137333e+01
7.000000e-07	-4.555381e-06	-1.076439e-09	-3.171884e+01	-7.112085e+01
7.100000e-07	-4.528159e-06	-1.061644e-09	-3.152929e+01	-7.086610e+01
7.200000e-07	-4.500789e-06	-1.062530e-09	-3.133872e+01	-7.060924e+01
7.300000e-07	-4.473287e-06	-1.059951e-09	-3.114722e+01	-7.035037e+01
7.400000e-07	-4.445580e-06	-1.048000e-09	-3.095430e+01	-7.008960e+01
7.500000e-07	-4.417601e-06	-1.046105e-09	-3.075948e+01	-6.982703e+01
7.600000e-07	-4.389325e-06	-1.044881e-09	-3.056260e+01	-6.956272e+01
7.700000e-07	-4.360832e-06	-1.039705e-09	-3.036421e+01	-6.929674e+01
7.800000e-07	-4.332052e-06	-1.033166e-09	-3.016381e+01	-6.902911e+01
7.900000e-07	-4.302877e-06	-1.029376e-09	-2.996067e+01	-6.875986e+01
8.000000e-07	-4.273350e-06	-1.016088e-09	-2.975508e+01	-6.848899e+01
8.100000e-07	-4.243505e-06	-1.008430e-09	-2.954726e+01	-6.821648e+01
8.200000e-07	-4.213437e-06	-1.000185e-09	-2.933790e+01	-6.794228e+01
8.300000e-07	-4.183118e-06	-9.967736e-10	-2.912680e+01	-6.766633e+01
8.400000e-07	-4.152392e-06	-9.903859e-10	-2.891285e+01	-6.738856e+01
8.500000e-07	-4.121413e-06	-9.931063e-10	-2.869715e+01	-6.710886e+01
8.600000e-07	-4.090211e-06	-9.877246e-10	-2.847989e+01	-6.682712e+01
8.700000e-07	-4.058746e-06	-9.846120e-10	-2.826080e+01	-6.654320e+01
8.800000e-07	-4.027153e-06	-9.790086e-10	-2.804082e+01	-6.625696e+01
8.900000e-07	-3.995421e-06	-9.772761e-10	-2.781987e+01	-6.596823e+01
9.000000e-07	-3.963465e-06	-9.644917e-10	-2.759736e+01	-6.567682e+01
9.100000e-07	-3.931202e-06	-9.573971e-10	-2.737272e+01	-6.538256e+01
9.200000e-07	-3.898596e-06	-9.511151e-10	-2.714568e+01	-6.508524e+01
9.300000e-07	-3.865590e-06	-9.448234e-10	-2.691587e+01	-6.478465e+01
9.400000e-07	-3.832122e-06	-9.369062e-10	-2.668283e+01	-6.448058e+01
9.500000e-07	-3.798207e-06	-9.363533e-10	-2.644669e+01	-6.417282e+01
9.600000e-07	-3.763852e-06	-9.328106e-10	-2.620747e+01	-6.386113e+01
9.700000e-07	-3.729095e-06	-9.270509e-10	-2.596546e+01	-6.354530e+01
9.800000e-07	-3.694016e-06	-9.211730e-10	-2.572120e+01	-6.322512e+01
9.900000e-07	-3.658681e-06	-9.167480e-10	-2.547517e+01	-6.290037e+01
1.000000e-06	-3.623169e-06	-9.083318e-10	-2.522790e+01	-6.257084e+01
1.010000e-06	-3.587534e-06	-9.010925e-10	-2.497978e+01	-6.223635e+01
1.020000e-06	-3.551823e-06	-8.982662e-10	-2.473113e+01	-6.189670e+01
1.030000e-06	-3.515934e-06	-8.965916e-10	-2.448123e+01	-6.155173e+01
1.040000e-06	-3.479702e-06	-8.938919e-10	-2.422895e+01	-6.120127e+01
1.050000e-06	-3.443209e-06	-8.910603e-10	-2.397485e+01	-6.084520e+01
1.060000e-06	-3.406527e-06	-8.865450e-10	-2.371944e+01	-6.048337e+01
1.070000e-06	-3.369575e-06	-8.744030e-10	-2.346215e+01	-6.011571e+01
1.080000e-06	-3.332389e-06	-8.638040e-10	-2.320322e+01	-5.974212e+01
1.090000e-06	-3.294975e-06	-8.563777e-10	-2.294271e+01	-5.936255e+01
1.100000e-06	-3.257284e-06	-8.515242e-10	-2.268027e+01	-5.897696e+01
1.110000e-06	-3.219352e-06	-8.448610e-10	-2.241615e+01	-5.858533e+01
1.120000e-06	-3.181247e-06	-8.436072e-10	-2.215083e+01	-5.818769e+01
1.130000e-06	-3.142947e-06	-8.403397e-10	-2.188415e+01	-5.778406e+01
1.140000e-06	-3.104538e-06	-8.344782e-10	-2.161671e+01	-5.737449e+01
1.150000e-06	-3.065996e-06	-8.265212e-10	-2.134834e+01	-5.695907e+01
1.160000e-06	-3.027149e-06	-8.213695e-10	-2.107786e+01	-5.653789e+01
1.170000e-06	-2.988011e-06	-8.105316e-10	-2.080534e+01	-5.611108e+01
1.180000e-06	-2.948700e-06	-8.003794e-10	-2.053162e+01	-5.567877e+01
1.190000e-06	-2.909291e-06	-7.925202e-10	-2.025722e+01	-5.524111e+01
1.200000e-06	-2.869746e-06	-7.902664e-10	-1.998187e+01	-5.479826e+01
1.210000e-06	-2.830012e-06	-7.875960e-10	-1.970520e+01	-5.435042e+01
1.220000e-06	-2.790098e-06	-7.852372e-10	-1.942728e+01	-5.389775e+01
1.230000e-06	-2.750084e-06	-7.782860e-10	-1.914867e+01	-5.344047e+01
1.240000e-06	-2.709925e-06	-7.679253e-10	-1.886904e+01	-5.297877e+01
1.250000e-06	-2.669487e-06	-7.562116e-10	-1.858748e+01	-5.251284e+01
1.260000e-06	-2.628837e-06	-7.454700e-10	-1.830443e+01	-5.204288e+01
1.270000e-06	-2.587984e-06	-7.356101e-10	-1.801997e+01	-5.156907e+01
1.280000e-06	-2.546813e-06	-7.305062e-10	-1.773330e+01	-5.109160e+01
1.290000e-06	-2.505381e-06	-7.298640e-10	-1.744482e+01	-5.061063e+01
1.300000e-06	-2.463786e-06	-7.276211e-10	-1.715519e+01	-5.012631e+01
1.310000e-06	-2.421903e-06	-7.187323e-10	-1.686356e+01	-4.963876e+01
1.320000e-06	-2.379609e-06	-7.072867e-10	-1.656907e+01	-4.914809e+01
1.330000e-06	-2.336959e-06	-6.963425e-10	-1.627210e+01	-4.865436e+01
1.340000e-06	-2.294044e-06	-6.850063e-10	-1.597329e+01	-4.815764e+01
1.350000e-06	-2.250976e-06	-6.776353e-10	-1.567341e+01	-4.765792e+01
1.360000e-06	-2.207755e-06	-6.742091e-10	-1.537247e+01	-4.715519e+01
1.370000e-06	-2.164367e-06	-6.709157e-10	-1.507036e+01	-4.664937e+01
1.380000e-06	-2.120870e-06	-6.632085e-10	-1.476749e+01	-4.614037e+01
1.390000e-06	-2.077284e-06	-6.529412e-10	-1.446400e+01	-4.562803e+01
1.400000e-06	-2.033630e-06	-6.407594e-10	-1.416004e+01	-4.511217e+01
1.410000e-06	-1.989920e-06	-6.301204e-10	-1.385569e+01	-4.459254e+01
1.420000e-06	-1.946108e-06	-6.205790e-10	-1.355063e+01	-4.406885e+01
1.430000e-06	-1.902176e-06	-6.143720e-10	-1.324474e+01	-4.354078e+01
1.440000e-06	-1.858145e-06	-6.073551e-10	-1.293815e+01	-4.300794e+01
1.450000e-06	-1.814026e-06	-6.004274e-10	-1.263095e+01	-4.246990e+01
1.460000e-06	-1.769746e-06	-5.934104e-10	-1.232263e+01	-4.192619e+01
1.470000e-06	-1.725288e-06	-5.851440e-10	-1.201307e+01	-4.137629e+01
1.480000e-06	-1.680782e-06	-5.740408e-10	-1.170318e+01	-4.081964e+01
1.490000e-06	-1.636210e-06	-5.650247e-10	-1.139283e+01	-4.025564e+01
1.500000e-06	-1.591488e-06	-5.582959e-10	-1.108144e+01	-3.968363e+01
1.510000e-06	-1.546551e-06	-5.518728e-10	-1.076854e+01	-3.910295e+01
1.520000e-06	-1.501462e-06	-5.411885e-10	-1.045459e+01	-3.851289e+01
1.530000e-06	-1.456300e-06	-5.285596e-10	-1.014013e+01	-3.791271e+01
1.540000e-06	-1.411121e-06	-5.172459e-10	-9.825549e+00	-3.730165e+01
1.550000e-06	-1.365906e-06	-5.086969e-10	-9.510718e+00	-3.667893e+01
1.560000e-06	-1.320544e-06	-4.982202e-10	-9.194866e+00	-3.604376e+01
1.570000e-06	-1.275060e-06	-4.862373e-10	-8.878164e+00	-3.539534e+01
1.580000e-06	-1.229478e-06	-4.746840e-10	-8.560779e+00	-3.473287e+01
1.590000e-06	-1.183837e-06	-4.626583e-10	-8.242985e+00	-3.405553e+01
1.600000e-06	-1.138051e-06	-4.521757e-10	-7.924181e+00	-3.336255e+01
1.610000e-06	-1.092157e-06	-4.420275e-10	-7.604622e+00	-3.265314e+01
1.620000e-06	-1.046338e-06	-4.299557e-10	-7.285585e+00	-3.192654e+01
1.630000e-06	-1.000452e-06	-4.167620e-10	-6.966087e+00	-3.118202e+01
1.640000e-06	-9.544197e-07	-4.049786e-10	-6.645566e+00	-3.041889e+01
1.650000e-06	-9.083196e-07	-3.935108e-10	-6.324574e+00	-2.963647e+01
1.660000e-06	-8.621290e-07	-3.795809e-10	-6.002952e+00	-2.883417e+01
1.670000e-06	-8.158940e-07	-3.649872e-10	-5.681020e+00	-2.801140e+01
1.680000e-06	-7.695811e-07	-3.530808e-10	-5.358546e+00	-2.716767e+01
1.690000e-06	-7.231652e-07	-3.401901e-10	-5.035355e+00	-2.630252e+01
1.700000e-06	-6.767582e-07	-3.279204e-10	-4.712226e+00	-2.541558e+01
1.710000e-06	-6.303832e-07	-3.152078e-10	-4.389320e+00	-2.450652e+01
1.720000e-06	-5.839433e-07	-2.999312e-10	-4.065961e+00	-2.357511e+01
1.730000e-06	-5.373864e-07	-2.828585e-10	-3.741788e+00	-2.262120e+01
1.740000e-06	-4.907861e-07	-2.657987e-10	-3.417314e+00	-2.164470e+01
1.750000e-06	-4.441648e-07	-2.500338e-10	-3.092692e+00	-2.064562e+01
1.760000e-06	-3.975092e-07	-2.362005e-10	-2.767832e+00	-1.962406e+01
1.770000e-06	-3.508150e-07	-2.233229e-10	-2.442704e+00	-1.858020e+01
1.780000e-06	-3.041170e-07	-2.114815e-10	-2.117548e+00	-1.751430e+01
1.790000e-06	-2.574210e-07	-1.985722e-10	-1.792407e+00	-1.642673e+01
1.800000e-06	-2.106205e-07	-1.837303e-10	-1.466537e+00	-1.531795e+01
1.810000e-06	-1.637415e-07	-1.667384e-10	-1.140122e+00	-1.418849e+01
1.820000e-06	-1.169529e-07	-1.489013e-10	-8.143357e-01	-1.303897e+01
1.830000e-06	-7.022196e-08	-1.300466e-10	-4.889512e-01	-1.187013e+01
1.840000e-06	-2.342707e-08	-1.128629e-10	-1.631213e-01	-1.068275e+01
1.850000e-06	2.335967e-08	-9.896552e-11	1.626520e-01	-9.477711e+00
1.860000e-06	7.008898e-08	-8.591190e-11	4.880252e-01	-8.255976e+00
1.870000e-06	1.167876e-07	-6.888017e-11	8.131848e-01	-7.018575e+00
1.880000e-06	1.634885e-07	-5.015574e-11	1.138360e+00	-5.766605e+00
1.890000e-06	2.102056e-07	-3.138802e-11	1.463649e+00	-4.501233e+00
1.900000e-06	2.569873e-07	-1.277506e-11	1.789387e+00	-3.223679e+00
1.910000e-06	3.038019e-07	3.973535e-12	2.115354e+00	-1.935219e+00
1.920000e-06	3.505070e-07	1.973874e-11	2.440559e+00	-6.371751e-01
1.930000e-06	3.971532e-07	3.385336e-11	2.765353e+00	6.690907e-01
1.940000e-06	4.437585e-07	4.947117e-11	3.089863e+00	1.982182e+00
1.950000e-06	4.902873e-07	6.752648e-11	3.413841e+00	3.300677e+00
1.960000e-06	5.367948e-07	8.779771e-11	3.737670e+00	4.623133e+00
1.970000e-06	5.832254e-07	1.072113e-10	4.060963e+00	5.948093e+00
1.980000e-06	6.297116e-07	1.264314e-10	4.384643e+00	7.274097e+00
1.990000e-06	6.761809e-07	1.438593e-10	4.708206e+00	8.599686e+00
2.000000e-06	7.224469e-07	1.582285e-10	5.030353e+00	9.923408e+00
2.010000e-06	7.686554e-07	1.741023e-10	5.352100e+00	1.124383e+01
2.020000e-06	8.149157e-07	1.921276e-10	5.674208e+00	1.255953e+01
2.030000e-06	8.611612e-07	2.120134e-10	5.996213e+00	1.386913e+01
2.040000e-06	9.072779e-07	2.346227e-10	6.317321e+00	1.517129e+01
2.050000e-06	9.532689e-07	2.570221e-10	6.637553e+00	1.646468e+01
2.060000e-06	9.992023e-07	2.780733e-10	6.957384e+00	1.774806e+01
2.070000e-06	1.045119e-06	2.953898e-10	7.277097e+00	1.902020e+01
2.080000e-06	1.091075e-06	3.097066e-10	7.597090e+00	2.027997e+01
2.090000e-06	1.136939e-06	3.236015e-10	7.916439e+00	2.152626e+01
2.100000e-06	1.182635e-06	3.400472e-10	8.234613e+00	2.275804e+01
2.110000e-06	1.228284e-06	3.591903e-10	8.552469e+00	2.397437e+01
2.120000e-06	1.273786e-06	3.785174e-10	8.869292e+00	2.517436e+01
2.130000e-06	1.319140e-06	3.965220e-10	9.185091e+00	2.635719e+01
2.140000e-06	1.364394e-06	4.136114e-10	9.500190e+00	2.752213e+01
2.150000e-06	1.409546e-06	4.282455e-10	9.814581e+00	2.866852e+01
2.160000e-06	1.454694e-06	4.401289e-10	1.012895e+01	2.979579e+01
2.170000e-06	1.499741e-06	4.536058e-10	1.044260e+01	3.090341e+01
2.180000e-06	1.544626e-06	4.688469e-10	1.075514e+01	3.199099e+01
2.190000e-06	1.589420e-06	4.849995e-10	1.106704e+01	3.305816e+01
2.200000e-06	1.634098e-06	5.012836e-10	1.137812e+01	3.410466e+01
2.210000e-06	1.678587e-06	5.162706e-10	1.168790e+01	3.513030e+01
2.220000e-06	1.722893e-06	5.278463e-10	1.199640e+01	3.613494e+01
2.230000e-06	1.767124e-06	5.372928e-10	1.230437e+01	3.711854e+01
2.240000e-06	1.811266e-06	5.486129e-10	1.261173e+01	3.808111e+01
2.250000e-06	1.855264e-06	5.615937e-10	1.291809e+01	3.902273e+01
2.260000e-06	1.899165e-06	5.762993e-10	1.322377e+01	3.994354e+01
2.270000e-06	1.942965e-06	5.937531e-10	1.352874e+01	4.084372e+01
2.280000e-06	1.986665e-06	6.093261e-10	1.383303e+01	4.172353e+01
2.290000e-06	2.030354e-06	6.223158e-10	1.413723e+01	4.258325e+01
2.300000e-06	2.073962e-06	6.342952e-10	1.444087e+01	4.342323e+01
2.310000e-06	2.117493e-06	6.439726e-10	1.474397e+01	4.424384e+01
2.320000e-06	2.160994e-06	6.528889e-10	1.504687e+01	4.504549e+01
2.330000e-06	2.204418e-06	6.639458e-10	1.534923e+01	4.582861e+01
2.340000e-06	2.247699e-06	6.762154e-10	1.565059e+01	4.659368e+01
2.350000e-06	2.290732e-06	6.895866e-10	1.595023e+01	4.734116e+01
2.360000e-06	2.333572e-06	7.014830e-10	1.624852e+01	4.807156e+01
2.370000e-06	2.376237e-06	7.116372e-10	1.654559e+01	4.878540e+01
2.380000e-06	2.418617e-06	7.208901e-10	1.684068e+01	4.948318e+01
2.390000e-06	2.460622e-06	7.293724e-10	1.713316e+01	5.016542e+01
2.400000e-06	2.502280e-06	7.376902e-10	1.742322e+01	5.083264e+01
2.410000e-06	2.543631e-06	7.471525e-10	1.771115e+01	5.148536e+01
2.420000e-06	2.584666e-06	7.571714e-10	1.799687e+01	5.212408e+01
2.430000e-06	2.625465e-06	7.665037e-10	1.828095e+01	5.274928e+01
2.440000e-06	2.666034e-06	7.759692e-10	1.856343e+01	5.336146e+01
2.450000e-06	2.706376e-06	7.833230e-10	1.884433e+01	5.396106e+01
2.460000e-06	2.746530e-06	7.888367e-10	1.912392e+01	5.454855e+01
2.470000e-06	2.786498e-06	7.948346e-10	1.940221e+01	5.512433e+01
2.480000e-06	2.826340e-06	8.012767e-10	1.967963e+01	5.568881e+01
2.490000e-06	2.866067e-06	8.083735e-10	1.995625e+01	5.624237e+01
2.500000e-06	2.905668e-06	8.179086e-10	2.023199e+01	5.678536e+01
2.510000e-06	2.945161e-06	8.272171e-10	2.050697e+01	5.731812e+01
2.520000e-06	2.984485e-06	8.337292e-10	2.078079e+01	5.784094e+01
2.530000e-06	3.023538e-06	8.381902e-10	2.105271e+01	5.835411e+01
2.540000e-06	3.062361e-06	8.430953e-10	2.132303e+01	5.885788e+01
2.550000e-06	3.100981e-06	8.495668e-10	2.159194e+01	5.935249e+01
2.560000e-06	3.139311e-06	8.546673e-10	2.185883e+01	5.983814e+01
2.570000e-06	3.177452e-06	8.591278e-10	2.212440e+01	6.031503e+01
2.580000e-06	3.215484e-06	8.670629e-10	2.238922e+01	6.078331e+01
2.590000e-06	3.253268e-06	8.783128e-10	2.265230e+01	6.124315e+01
2.600000e-06	3.290812e-06	8.891393e-10	2.291372e+01	6.169467e+01
2.610000e-06	3.328208e-06	8.956596e-10	2.317411e+01	6.213798e+01
2.620000e-06	3.365377e-06	8.988910e-10	2.343292e+01	6.257319e+01
2.630000e-06	3.402223e-06	9.026143e-10	2.368947e+01	6.300039e+01
2.640000e-06	3.438761e-06	9.074068e-10	2.394388e+01	6.341965e+01
2.650000e-06	3.475052e-06	9.137979e-10	2.419657e+01	6.383106e+01
2.660000e-06	3.511079e-06	9.232993e-10	2.444743e+01	6.423466e+01
2.670000e-06	3.546917e-06	9.313240e-10	2.469697e+01	6.463053e+01
2.680000e-06	3.582703e-06	9.362492e-10	2.494614e+01	6.501872e+01
2.690000e-06	3.618374e-06	9.407270e-10	2.519452e+01	6.539929e+01
2.700000e-06	3.653888e-06	9.423517e-10	2.544180e+01	6.577229e+01
2.710000e-06	3.689240e-06	9.437944e-10	2.568795e+01	6.613780e+01
2.720000e-06	3.724330e-06	9.480895e-10	2.593228e+01	6.649586e+01
2.730000e-06	3.759086e-06	9.528284e-10	2.617428e+01	6.684655e+01
2.740000e-06	3.793517e-06	9.578343e-10	2.641403e+01	6.718994e+01
2.750000e-06	3.827532e-06	9.639745e-10	2.665087e+01	6.752612e+01
2.760000e-06	3.861049e-06	9.705275e-10	2.688425e+01	6.785517e+01
2.770000e-06	3.894081e-06	9.764737e-10	2.711424e+01	6.817720e+01
2.780000e-06	3.926657e-06	9.806392e-10	2.734107e+01	6.849230e+01
2.790000e-06	3.958876e-06	9.843098e-10	2.756541e+01	6.880059e+01
2.800000e-06	3.990868e-06	9.879739e-10	2.778817e+01	6.910220e+01
2.810000e-06	4.022681e-06	9.923113e-10	2.800968e+01	6.939726e+01
2.820000e-06	4.054357e-06	9.973156e-10	2.823024e+01	6.968590e+01
2.830000e-06	4.085906e-06	1.002815e-09	2.844991e+01	6.996828e+01
2.840000e-06	4.117207e-06	1.008025e-09	2.866786e+01	7.024456e+01
2.850000e-06	4.148215e-06	1.011221e-09	2.888377e+01	7.051488e+01
2.860000e-06	4.178847e-06	1.014564e-09	2.909706e+01	7.077943e+01
2.870000e-06	4.209117e-06	1.018772e-09	2.930782e+01	7.103837e+01
2.880000e-06	4.239196e-06	1.023421e-09	2.951726e+01	7.129188e+01
2.890000e-06	4.269049e-06	1.026999e-09	2.972513e+01	7.154014e+01
2.900000e-06	4.298606e-06	1.029238e-09	2.993093e+01	7.178332e+01
2.910000e-06	4.327866e-06	1.033031e-09	3.013467e+01	7.202161e+01
2.920000e-06	4.356859e-06	1.038523e-09	3.033654e+01	7.225519e+01
2.930000e-06	4.385615e-06	1.045171e-09	3.053677e+01	7.248422e+01
2.940000e-06	4.414043e-06	1.051790e-09	3.073471e+01	7.270888e+01
2.950000e-06	4.442114e-06	1.055792e-09	3.093017e+01	7.292934e+01
2.960000e-06	4.469937e-06	1.056959e-09	3.112390e+01	7.314575e+01
2.970000e-06	4.497599e-06	1.056162e-09	3.131651e+01	7.335827e+01
2.980000e-06	4.525099e-06	1.057744e-09	3.150798e+01	7.356704e+01
2.990000e-06	4.552378e-06	1.061732e-09	3.169793e+01	7.377219e+01
3.000000e-06	4.579396e-06	1.065721e-09	3.188605e+01	7.397385e+01
3.010000e-06	4.605906e-06	1.070680e-09	3.207064e+01	7.417212e+01
3.020000e-06	4.631773e-06	1.074725e-09	3.225075e+01	7.436711e+01
3.030000e-06	4.657172e-06	1.077789e-09	3.242760e+01	7.455890e+01
3.040000e-06	4.682124e-06	1.081264e-09	3.260134e+01	7.474757e+01
3.050000e-06	4.706526e-06	1.083738e-09	3.277125e+01	7.493317e+01
3.060000e-06	4.730437e-06	1.085815e-09	3.293775e+01	7.511576e+01
3.070000e-06	4.754084e-06	1.090147e-09	3.310239e+01	7.529536e+01
3.080000e-06	4.777541e-06	1.096500e-09	3.326572e+01	7.547199e+01
3.090000e-06	4.800736e-06	1.102120e-09	3.342723e+01	7.564566e+01
3.100000e-06	4.823659e-06	1.105976e-09	3.358684e+01	7.581637e+01
3.110000e-06	4.846248e-06	1.106200e-09	3.374413e+01	7.598409e+01
3.120000e-06	4.868439e-06	1.103113e-09	3.389864e+01	7.614879e+01
3.130000e-06	4.890317e-06	1.100425e-09	3.405098e+01	7.631043e+01
3.140000e-06	4.911870e-06	1.101296e-09	3.420105e+01	7.646896e+01
3.150000e-06	4.933132e-06	1.105970e-09	3.434910e+01	7.662432e+01
3.160000e-06	4.954047e-06	1.110802e-09	3.449472e+01	7.677643e+01
3.170000e-06	4.974519e-06	1.116057e-09	3.463727e+01	7.692523e+01
3.180000e-06	4.994625e-06	1.120238e-09	3.477727e+01	7.707062e+01
3.190000e-06	5.014432e-06	1.121806e-09	3.491519e+01	7.721252e+01
3.200000e-06	5.034075e-06	1.122105e-09	3.505195e+01	7.735084e+01
3.210000e-06	5.053585e-06	1.122236e-09	3.518780e+01	7.748548e+01
3.220000e-06	5.072889e-06	1.122385e-09	3.532222e+01	7.761636e+01
3.230000e-06	5.091814e-06	1.123188e-09	3.545399e+01	7.774337e+01
3.240000e-06	5.110219e-06	1.125945e-09	3.558214e+01	7.786643e+01
3.250000e-06	5.128158e-06	1.128802e-09	3.570705e+01	7.798544e+01
3.260000e-06	5.145728e-06	1.129861e-09	3.582939e+01	7.810032e+01
3.270000e-06	5.162887e-06	1.130110e-09	3.594887e+01	7.821098e+01
3.280000e-06	5.179711e-06	1.130161e-09	3.606601e+01	7.831736e+01
3.290000e-06	5.196277e-06	1.130154e-09	3.618136e+01	7.841939e+01
3.300000e-06	5.212533e-06	1.130619e-09	3.629455e+01	7.851700e+01
3.310000e-06	5.228495e-06	1.130849e-09	3.640569e+01	7.861015e+01
3.320000e-06	5.243962e-06	1.132640e-09	3.651339e+01	7.869880e+01
3.330000e-06	5.258904e-06	1.137473e-09	3.661743e+01	7.878290e+01
3.340000e-06	5.273430e-06	1.144155e-09	3.671857e+01	7.886246e+01
3.350000e-06	5.287522e-06	1.149154e-09	3.681669e+01	7.893745e+01
3.360000e-06	5.301184e-06	1.150273e-09	3.691182e+01	7.900788e+01
3.370000e-06	5.314468e-06	1.150040e-09	3.700432e+01	7.907377e+01
3.380000e-06	5.327297e-06	1.150068e-09	3.709364e+01	7.913515e+01
3.390000e-06	5.339676e-06	1.151356e-09	3.717984e+01	7.919204e+01
3.400000e-06	5.351732e-06	1.154783e-09	3.726378e+01	7.924451e+01
3.410000e-06	5.363459e-06	1.158442e-09	3.734544e+01	7.929261e+01
3.420000e-06	5.374836e-06	1.161049e-09	3.742466e+01	7.933643e+01
3.430000e-06	5.385761e-06	1.163547e-09	3.750073e+01	7.937604e+01
3.440000e-06	5.396206e-06	1.164315e-09	3.757346e+01	7.941155e+01
3.450000e-06	5.406110e-06	1.161960e-09	3.764241e+01	7.944305e+01
3.460000e-06	5.415397e-06	1.159938e-09	3.770708e+01	7.947066e+01
3.470000e-06	5.424193e-06	1.161079e-09	3.776832e+01	7.949451e+01
3.480000e-06	5.432511e-06	1.164283e-09	3.782624e+01	7.951473e+01
3.490000e-06	5.440329e-06	1.167333e-09	3.788068e+01	7.953145e+01
3.500000e-06	5.447897e-06	1.170384e-09	3.793337e+01	7.954482e+01
3.510000e-06	5.455297e-06	1.172706e-09	3.798490e+01	7.955498e+01
3.520000e-06	5.462386e-06	1.173770e-09	3.803426e+01	7.956210e+01
3.530000e-06	5.469083e-06	1.174754e-09	3.808089e+01	7.956632e+01
3.540000e-06	5.475411e-06	1.175794e-09	3.812495e+01	7.956781e+01
3.550000e-06	5.481337e-06	1.176146e-09	3.816622e+01	7.956672e+01
3.560000e-06	5.486800e-06	1.176612e-09	3.820425e+01	7.956321e+01
3.570000e-06	5.491821e-06	1.180171e-09	3.823922e+01	7.955745e+01
3.580000e-06	5.496421e-06	1.184544e-09	3.827124e+01	7.954958e+01
3.590000e-06	5.500653e-06	1.187385e-09	3.830071e+01	7.953975e+01
3.600000e-06	5.504597e-06	1.188796e-09	3.832817e+01	7.952813e+01
3.610000e-06	5.508282e-06	1.188572e-09	3.835383e+01	7.951485e+01
3.620000e-06	5.511736e-06	1.188529e-09	3.837788e+01	7.950005e+01
3.630000e-06	5.515004e-06	1.188719e-09	3.840064e+01	7.948386e+01
3.640000e-06	5.517962e-06	1.187862e-09	3.842123e+01	7.946641e+01
3.650000e-06	5.520359e-06	1.187556e-09	3.843793e+01	7.944781e+01
3.660000e-06	5.522085e-06	1.190092e-09	3.844994e+01	7.942816e+01
3.670000e-06	5.523123e-06	1.193701e-09	3.845717e+01	7.940757e+01
3.680000e-06	5.523524e-06	1.196550e-09	3.845996e+01	7.938613e+01
3.690000e-06	5.523530e-06	1.199081e-09	3.846000e+01	7.936390e+01
3.700000e-06	5.523305e-06	1.200023e-09	3.845844e+01	7.934095e+01
3.710000e-06	5.522867e-06	1.198198e-09	3.845538e+01	7.931734e+01
3.720000e-06	5.522158e-06	1.195155e-09	3.845045e+01	7.929311e+01
3.730000e-06	5.521168e-06	1.193104e-09	3.844356e+01	7.926828e+01
3.740000e-06	5.519797e-06	1.192057e-09	3.843401e+01	7.924287e+01
3.750000e-06	5.517979e-06	1.191227e-09	3.842135e+01	7.921689e+01
3.760000e-06	5.515904e-06	1.184883e-09	3.840690e+01	7.919033e+01
3.770000e-06	5.513529e-06	1.173398e-09	3.839036e+01	7.916316e+01
3.780000e-06	5.510701e-06	1.183447e-09	3.837068e+01	7.913535e+01
3.790000e-06	5.507370e-06	1.219584e-09	3.834748e+01	7.910685e+01
3.800000e-06	5.503541e-06	1.208605e-09	3.832082e+01	7.907760e+01
3.810000e-06	5.499351e-06	1.167587e-09	3.829165e+01	7.904754e+01
3.820000e-06	5.494933e-06	1.198870e-09	3.826088e+01	7.901658e+01
3.830000e-06	5.490299e-06	1.213275e-09	3.822862e+01	7.898461e+01
3.840000e-06	5.485323e-06	1.225567e-09	3.819397e+01	7.895155e+01
3.850000e-06	5.479787e-06	1.183797e-09	3.815542e+01	7.891726e+01
3.860000e-06	5.473707e-06	1.203139e-09	3.811309e+01	7.888163e+01
3.870000e-06	5.467356e-06	1.277311e-09	3.806886e+01	7.884451e+01
3.880000e-06	5.460651e-06	1.252696e-09	3.802218e+01	7.880577e+01
3.890000e-06	5.453361e-06	1.183362e-09	3.797142e+01	7.876524e+01
3.900000e-06	5.445505e-06	1.152437e-09	3.791672e+01	7.872278e+01
3.910000e-06	5.437313e-06	1.248224e-09	3.785968e+01	7.867820e+01
3.920000e-06	5.428806e-06	1.237783e-09	3.780045e+01	7.863135e+01
3.930000e-06	5.419888e-06	1.194880e-09	3.773835e+01	7.858204e+01
3.940000e-06	5.410622e-06	1.189298e-09	3.767383e+01	7.853010e+01
3.950000e-06	5.401061e-06	1.250521e-09	3.760726e+01	7.847533e+01
3.960000e-06	5.391139e-06	1.213959e-09	3.753817e+01	7.841756e+01
3.970000e-06	5.380796e-06	1.172951e-09	3.746615e+01	7.835660e+01
3.980000e-06	5.370117e-06	1.194395e-09	3.739180e+01	7.829226e+01
3.990000e-06	5.359092e-06	1.227648e-09	3.731503e+01	7.822436e+01
4.000000e-06	5.347680e-06	1.193892e-09	3.723557e+01	7.815271e+01
4.010000e-06	5.335858e-06	1.176397e-09	3.715325e+01	7.807715e+01
4.020000e-06	5.323598e-06	1.218754e-09	3.706789e+01	7.799748e+01
4.030000e-06	5.310877e-06	1.219025e-09	3.697931e+01	7.791356e+01
4.040000e-06	5.297683e-06	1.195995e-09	3.688744e+01	7.782520e+01
4.050000e-06	5.284077e-06	1.175981e-09	3.679271e+01	7.773227e+01
4.060000e-06	5.270001e-06	1.209994e-09	3.669469e+01	7.763462e+01
4.070000e-06	5.255246e-06	1.206191e-09	3.659196e+01	7.753211e+01
4.080000e-06	5.239848e-06	1.197630e-09	3.648474e+01	7.742461e+01
4.090000e-06	5.224025e-06	1.162699e-09	3.637456e+01	7.731202e+01
4.100000e-06	5.207930e-06	1.191333e-09	3.626250e+01	7.719423e+01
4.110000e-06	5.191543e-06	1.206117e-09	3.614840e+01	7.707115e+01
4.120000e-06	5.174818e-06	1.186656e-09	3.603194e+01	7.694272e+01
4.130000e-06	5.157732e-06	1.159929e-09	3.591297e+01	7.680886e+01
4.140000e-06	5.140234e-06	1.204643e-09	3.579114e+01	7.666955e+01
4.150000e-06	5.122337e-06	1.193599e-09	3.566652e+01	7.652474e+01
4.160000e-06	5.104137e-06	1.145866e-09	3.553980e+01	7.637443e+01
4.170000e-06	5.085683e-06	1.166323e-09	3.541130e+01	7.621862e+01
4.180000e-06	5.066889e-06	1.213899e-09	3.528043e+01	7.605731e+01
4.190000e-06	5.047703e-06	1.161321e-09	3.514685e+01	7.589056e+01
4.200000e-06	5.028196e-06	1.148092e-09	3.501102e+01	7.571840e+01
4.210000e-06	5.008395e-06	1.208029e-09	3.487315e+01	7.554091e+01
4.220000e-06	4.988282e-06	1.180670e-09	3.473311e+01	7.535815e+01
4.230000e-06	4.967941e-06	1.125704e-09	3.459147e+01	7.517023e+01
4.240000e-06	4.947396e-06	1.169415e-09	3.444841e+01	7.497725e+01
4.250000e-06	4.926597e-06	1.180897e-09	3.430359e+01	7.477933e+01
4.260000e-06	4.905402e-06	1.120455e-09	3.415601e+01	7.457660e+01
4.270000e-06	4.883664e-06	1.150222e-09	3.400465e+01	7.436922e+01
4.280000e-06	4.861297e-06	1.186253e-09	3.384891e+01	7.415732e+01
4.290000e-06	4.838363e-06	1.140038e-09	3.368922e+01	7.394108e+01
4.300000e-06	4.815007e-06	1.134325e-09	3.352660e+01	7.372066e+01
4.310000e-06	4.791218e-06	1.185117e-09	3.336096e+01	7.349624e+01
4.320000e-06	4.767082e-06	1.150475e-09	3.319290e+01	7.326800e+01
4.330000e-06	4.742705e-06	1.128428e-09	3.302316e+01	7.303612e+01
4.340000e-06	4.718112e-06	1.157488e-09	3.285193e+01	7.280078e+01
4.350000e-06	4.693255e-06	1.155716e-09	3.267885e+01	7.256217e+01
4.360000e-06	4.668080e-06	1.129373e-09	3.250356e+01	7.232047e+01
4.370000e-06	4.642550e-06	1.152798e-09	3.232579e+01	7.207586e+01
4.380000e-06	4.616631e-06	1.146503e-09	3.214532e+01	7.182851e+01
4.390000e-06	4.590443e-06	1.120226e-09	3.196297e+01	7.157859e+01
4.400000e-06	4.563963e-06	1.118137e-09	3.177859e+01	7.132625e+01
4.410000e-06	4.537152e-06	1.124150e-09	3.159191e+01	7.107164e+01
4.420000e-06	4.509992e-06	1.109963e-09	3.140280e+01	7.081489e+01
4.430000e-06	4.482485e-06	1.113116e-09	3.121127e+01	7.055613e+01
4.440000e-06	4.454727e-06	1.113397e-09	3.101799e+01	7.029547e+01
4.450000e-06	4.426730e-06	1.108450e-09	3.082305e+01	7.003299e+01
4.460000e-06	4.398493e-06	1.104979e-09	3.062644e+01	6.976877e+01
4.470000e-06	4.370103e-06	1.103289e-09	3.042876e+01	6.950287e+01
4.480000e-06	4.341569e-06	1.094005e-09	3.023008e+01	6.923533e+01
4.490000e-06	4.312786e-06	1.088217e-09	3.002966e+01	6.896617e+01
4.500000e-06	4.283541e-06	1.084547e-09	2.982603e+01	6.869538e+01
4.510000e-06	4.253756e-06	1.080031e-09	2.961864e+01	6.842295e+01
4.520000e-06	4.223543e-06	1.075790e-09	2.940827e+01	6.814884e+01
4.530000e-06	4.192905e-06	1.070849e-09	2.919494e+01	6.787299e+01
4.540000e-06	4.161828e-06	1.065093e-09	2.897855e+01	6.759532e+01
4.550000e-06	4.130348e-06	1.056529e-09	2.875936e+01	6.731573e+01
4.560000e-06	4.098503e-06	1.053443e-09	2.853763e+01	6.703411e+01
4.570000e-06	4.066425e-06	1.049557e-09	2.831427e+01	6.675033e+01
4.580000e-06	4.034194e-06	1.043072e-09	2.808984e+01	6.646424e+01
4.590000e-06	4.001782e-06	1.035036e-09	2.786416e+01	6.617567e+01
4.600000e-06	3.969194e-06	1.034161e-09	2.763725e+01	6.588444e+01
4.610000e-06	3.936367e-06	1.027367e-09	2.740868e+01	6.559037e+01
4.620000e-06	3.903245e-06	1.024023e-09	2.717806e+01	6.529326e+01
4.630000e-06	3.869813e-06	1.021003e-09	2.694527e+01	6.499290e+01
4.640000e-06	3.836049e-06	1.018860e-09	2.671017e+01	6.468908e+01
4.650000e-06	3.801980e-06	1.010571e-09	2.647296e+01	6.438158e+01
4.660000e-06	3.767711e-06	1.010283e-09	2.623434e+01	6.407017e+01
4.670000e-06	3.733257e-06	1.009691e-09	2.599444e+01	6.375465e+01
4.680000e-06	3.698536e-06	1.005395e-09	2.575268e+01	6.343478e+01
4.690000e-06	3.663497e-06	9.964897e-10	2.550870e+01	6.311037e+01
4.700000e-06	3.628202e-06	9.910782e-10	2.526295e+01	6.278120e+01
4.710000e-06	3.592721e-06	9.846896e-10	2.501590e+01	6.244707e+01
4.720000e-06	3.557026e-06	9.801683e-10	2.476736e+01	6.210781e+01
4.730000e-06	3.521096e-06	9.767835e-10	2.451718e+01	6.176323e+01
4.740000e-06	3.485013e-06	9.732757e-10	2.426593e+01	6.141319e+01
4.750000e-06	3.448790e-06	9.639056e-10	2.401372e+01	6.105753e+01
4.760000e-06	3.412421e-06	9.554781e-10	2.376048e+01	6.069614e+01
4.770000e-06	3.375912e-06	9.500442e-10	2.350627e+01	6.032891e+01
4.780000e-06	3.339196e-06	9.460185e-10	2.325062e+01	5.995577e+01
4.790000e-06	3.302186e-06	9.415859e-10	2.299292e+01	5.957664e+01
4.800000e-06	3.264855e-06	9.387458e-10	2.273298e+01	5.919150e+01
4.810000e-06	3.227167e-06	9.367462e-10	2.247057e+01	5.880033e+01
4.820000e-06	3.189082e-06	9.297689e-10	2.220538e+01	5.840313e+01
4.830000e-06	3.150654e-06	9.222446e-10	2.193781e+01	5.799994e+01
4.840000e-06	3.111833e-06	9.145335e-10	2.166751e+01	5.759082e+01
4.850000e-06	3.072590e-06	9.080991e-10	2.139426e+01	5.717583e+01
4.860000e-06	3.033098e-06	9.025120e-10	2.111928e+01	5.675508e+01
4.870000e-06	2.993342e-06	8.989187e-10	2.084246e+01	5.632868e+01
4.880000e-06	2.953316e-06	8.939010e-10	2.056376e+01	5.589676e+01
4.890000e-06	2.913127e-06	8.861892e-10	2.028392e+01	5.545949e+01
4.900000e-06	2.872857e-06	8.763876e-10	2.000353e+01	5.501702e+01
4.910000e-06	2.832501e-06	8.704992e-10	1.972253e+01	5.456953e+01
4.920000e-06	2.792001e-06	8.641128e-10	1.944053e+01	5.411721e+01
4.930000e-06	2.751406e-06	8.593209e-10	1.915787e+01	5.366025e+01
4.940000e-06	2.710619e-06	8.576138e-10	1.887388e+01	5.319886e+01
4.950000e-06	2.669651e-06	8.562114e-10	1.858862e+01	5.273322e+01
4.960000e-06	2.628549e-06	8.488048e-10	1.830243e+01	5.226353e+01
4.970000e-06	2.587228e-06	8.408068e-10	1.801471e+01	5.178999e+01
4.980000e-06	2.545760e-06	8.320209e-10	1.772597e+01	5.131277e+01
4.990000e-06	2.504132e-06	8.257879e-10	1.743611e+01	5.083203e+01
5.000000e-06	2.462229e-06	8.206754e-10	1.714435e+01	5.034793e+01
5.010000e-06	2.420123e-06	8.154673e-10	1.685117e+01	4.986059e+01
5.020000e-06	2.377893e-06	8.063917e-10	1.655712e+01	4.937012e+01
5.030000e-06	2.335533e-06	7.967168e-10	1.626217e+01	4.887660e+01
5.040000e-06	2.292964e-06	7.904689e-10	1.596577e+01	4.838007e+01
5.050000e-06	2.250223e-06	7.839724e-10	1.566816e+01	4.788055e+01
5.060000e-06	2.207390e-06	7.748737e-10	1.536992e+01	4.737802e+01
5.070000e-06	2.164436e-06	7.665094e-10	1.507083e+01	4.687241e+01
5.080000e-06	2.121294e-06	7.594119e-10	1.477044e+01	4.636363e+01
5.090000e-06	2.077913e-06	7.514761e-10	1.446838e+01	4.585152e+01
5.100000e-06	2.034387e-06	7.438239e-10	1.416531e+01	4.533591e+01
5.110000e-06	1.990749e-06	7.376050e-10	1.386147e+01	4.481655e+01
5.120000e-06	1.946952e-06	7.315572e-10	1.355650e+01	4.429316e+01
5.130000e-06	1.903016e-06	7.243753e-10	1.325059e+01	4.376541e+01
5.140000e-06	1.858978e-06	7.176838e-10	1.294395e+01	4.323293e+01
5.150000e-06	1.814886e-06	7.076476e-10	1.263694e+01	4.269530e+01
5.160000e-06	1.770753e-06	6.953955e-10	1.232965e+01	4.215203e+01
5.170000e-06	1.726504e-06	6.835047e-10	1.202154e+01	4.160261e+01
5.180000e-06	1.682178e-06	6.731282e-10	1.171291e+01	4.104650e+01
5.190000e-06	1.637807e-06	6.638940e-10	1.140395e+01	4.048307e+01
5.200000e-06	1.593323e-06	6.565361e-10	1.109421e+01	3.991171e+01
5.210000e-06	1.548815e-06	6.500522e-10	1.078431e+01	3.933173e+01
5.220000e-06	1.504360e-06	6.455612e-10	1.047476e+01	3.874242e+01
5.230000e-06	1.459832e-06	6.381253e-10	1.016472e+01	3.814306e+01
5.240000e-06	1.415165e-06	6.254031e-10	9.853706e+00	3.753289e+01
5.250000e-06	1.370384e-06	6.113081e-10	9.541899e+00	3.691112e+01
5.260000e-06	1.325505e-06	5.983360e-10	9.229412e+00	3.627696e+01
5.270000e-06	1.280573e-06	5.856183e-10	8.916552e+00	3.562963e+01
5.280000e-06	1.235580e-06	5.765655e-10	8.603267e+00	3.496830e+01
5.290000e-06	1.190533e-06	5.725827e-10	8.289608e+00	3.429218e+01
5.300000e-06	1.145379e-06	5.676595e-10	7.975205e+00	3.360048e+01
5.310000e-06	1.099994e-06	5.580300e-10	7.659189e+00	3.289242e+01
5.320000e-06	1.054488e-06	5.459193e-10	7.342338e+00	3.216722e+01
5.330000e-06	1.008932e-06	5.301806e-10	7.025132e+00	3.142417e+01
5.340000e-06	9.632802e-07	5.130188e-10	6.707261e+00	3.066256e+01
5.350000e-06	9.176263e-07	4.991815e-10	6.389376e+00	2.988173e+01
5.360000e-06	8.719474e-07	4.871558e-10	6.071316e+00	2.908105e+01
5.370000e-06	8.261584e-07	4.792815e-10	5.752491e+00	2.825996e+01
5.380000e-06	7.802655e-07	4.714134e-10	5.432941e+00	2.741794e+01
5.390000e-06	7.342256e-07	4.610508e-10	5.112368e+00	2.655454e+01
5.400000e-06	6.880164e-07	4.480058e-10	4.790616e+00	2.566937e+01
5.410000e-06	6.418385e-07	4.312325e-10	4.469082e+00	2.476211e+01
5.420000e-06	5.957119e-07	4.117848e-10	4.147905e+00	2.383252e+01
5.430000e-06	5.495238e-07	3.924344e-10	3.826301e+00	2.288044e+01
5.440000e-06	5.033369e-07	3.743165e-10	3.504704e+00	2.190577e+01
5.450000e-06	4.571281e-07	3.581239e-10	3.182955e+00	2.090852e+01
5.460000e-06	4.109372e-07	3.461133e-10	2.861330e+00	1.988877e+01
5.470000e-06	3.646594e-07	3.337061e-10	2.539101e+00	1.884670e+01
5.480000e-06	3.181913e-07	3.199818e-10	2.215547e+00	1.778258e+01
5.490000e-06	2.717067e-07	3.044121e-10	1.891877e+00	1.669675e+01
5.500000e-06	2.252936e-07	2.861222e-10	1.568706e+00	1.558966e+01
5.510000e-06	1.788816e-07	2.677916e-10	1.245541e+00	1.446185e+01
5.520000e-06	1.324131e-07	2.504387e-10	9.219845e-01	1.331393e+01
5.530000e-06	8.592340e-08	2.326309e-10	5.982794e-01	1.214661e+01
5.540000e-06	3.951277e-08	2.147792e-10	2.751250e-01	1.096069e+01
5.550000e-06	-6.799338e-09	1.983242e-10	-4.734338e-02	9.757038e+00
5.560000e-06	-5.319050e-08	1.801794e-10	-3.703622e-01	8.536605e+00
5.570000e-06	-9.966405e-08	1.608723e-10	-6.939547e-01	7.300415e+00
5.580000e-06	-1.461502e-07	1.415687e-10	-1.017635e+00	6.049564e+00
5.590000e-06	-1.926199e-07	1.222370e-10	-1.341200e+00	4.785210e+00
5.600000e-06	-2.390416e-07	1.041914e-10	-1.664432e+00	3.508571e+00
5.610000e-06	-2.854889e-07	8.669924e-11	-1.987841e+00	2.220918e+00
5.620000e-06	-3.319674e-07	6.718833e-11	-2.311469e+00	9.235686e-01
5.630000e-06	-3.783951e-07	4.504708e-11	-2.634742e+00	-3.821173e-01
5.640000e-06	-4.247793e-07	2.258024e-11	-2.957713e+00	-1.694747e+00
5.650000e-06	-4.711014e-07	1.595916e-12	-3.280250e+00	-3.012898e+00
5.660000e-06	-5.173061e-07	-2.049075e-11	-3.601971e+00	-4.335131e+00
5.670000e-06	-5.634218e-07	-4.242718e-11	-3.923072e+00	-5.659991e+00
5.680000e-06	-6.095081e-07	-6.365915e-11	-4.243967e+00	-6.986016e+00
5.690000e-06	-6.555789e-07	-8.635668e-11	-4.564756e+00	-8.311748e+00
5.700000e-06	-7.015958e-07	-1.090295e-10	-4.885169e+00	-9.635733e+00
5.710000e-06	-7.475634e-07	-1.316052e-10	-5.205238e+00	-1.095653e+01
5.720000e-06	-7.935255e-07	-1.553809e-10	-5.525270e+00	-1.227274e+01
5.730000e-06	-8.394758e-07	-1.792745e-10	-5.845219e+00	-1.358295e+01
5.740000e-06	-8.852640e-07	-2.024275e-10	-6.164039e+00	-1.488583e+01
5.750000e-06	-9.309576e-07	-2.250251e-10	-6.482201e+00	-1.618006e+01
5.760000e-06	-9.765899e-07	-2.447976e-10	-6.799936e+00	-1.746437e+01
5.770000e-06	-1.022070e-06	-2.658797e-10	-7.116611e+00	-1.873754e+01
5.780000e-06	-1.067448e-06	-2.907999e-10	-7.432575e+00	-1.999843e+01
5.790000e-06	-1.112788e-06	-3.161100e-10	-7.748272e+00	-2.124594e+01
5.800000e-06	-1.158054e-06	-3.379025e-10	-8.063458e+00	-2.247902e+01
5.810000e-06	-1.203128e-06	-3.577171e-10	-8.377306e+00	-2.369673e+01
5.820000e-06	-1.248009e-06	-3.772929e-10	-8.689810e+00	-2.489816e+01
5.830000e-06	-1.292804e-06	-3.973957e-10	-9.001713e+00	-2.608251e+01
5.840000e-06	-1.337569e-06	-4.188993e-10	-9.313414e+00	-2.724902e+01
5.850000e-06	-1.382231e-06	-4.403835e-10	-9.624388e+00	-2.839703e+01
5.860000e-06	-1.426797e-06	-4.600372e-10	-9.934698e+00	-2.952596e+01
5.870000e-06	-1.471317e-06	-4.796049e-10	-1.024469e+01	-3.063529e+01
5.880000e-06	-1.515751e-06	-5.001964e-10	-1.055408e+01	-3.172460e+01
5.890000e-06	-1.560144e-06	-5.207270e-10	-1.086319e+01	-3.279354e+01
5.900000e-06	-1.604536e-06	-5.390960e-10	-1.117228e+01	-3.384182e+01
5.910000e-06	-1.648869e-06	-5.568528e-10	-1.148097e+01	-3.486925e+01
5.920000e-06	-1.693189e-06	-5.741403e-10	-1.178957e+01	-3.587570e+01
5.930000e-06	-1.737512e-06	-5.923840e-10	-1.209819e+01	-3.686111e+01
5.940000e-06	-1.781724e-06	-6.109933e-10	-1.240604e+01	-3.782548e+01
5.950000e-06	-1.825822e-06	-6.300636e-10	-1.271309e+01	-3.876890e+01
5.960000e-06	-1.869854e-06	-6.440737e-10	-1.301968e+01	-3.969148e+01
5.970000e-06	-1.913775e-06	-6.552708e-10	-1.332550e+01	-4.059343e+01
5.980000e-06	-1.957558e-06	-6.681150e-10	-1.363035e+01	-4.147498e+01
5.990000e-06	-2.001127e-06	-6.802080e-10	-1.393372e+01	-4.233641e+01
6.000000e-06	-2.044551e-06	-6.917850e-10	-1.423609e+01	-4.317808e+01
6.010000e-06	-2.087849e-06	-7.033146e-10	-1.453756e+01	-4.400034e+01
6.020000e-06	-2.130934e-06	-7.163435e-10	-1.483757e+01	-4.480360e+01
6.030000e-06	-2.173876e-06	-7.299537e-10	-1.513657e+01	-4.558830e+01
6.040000e-06	-2.216688e-06	-7.442850e-10	-1.543466e+01	-4.635491e+01
6.050000e-06	-2.259369e-06	-7.583876e-10	-1.573185e+01	-4.710389e+01
6.060000e-06	-2.301912e-06	-7.721560e-10	-1.602807e+01	-4.783575e+01
6.070000e-06	-2.344321e-06	-7.843055e-10	-1.632336e+01	-4.855100e+01
6.080000e-06	-2.386563e-06	-7.966784e-10	-1.661749e+01	-4.925015e+01
6.090000e-06	-2.428629e-06	-8.090169e-10	-1.691039e+01	-4.993372e+01
6.100000e-06	-2.470556e-06	-8.197020e-10	-1.720233e+01	-5.060222e+01
6.110000e-06	-2.512310e-06	-8.270219e-10	-1.749306e+01	-5.125618e+01
6.120000e-06	-2.553794e-06	-8.374017e-10	-1.778191e+01	-5.189610e+01
6.130000e-06	-2.595009e-06	-8.500020e-10	-1.806889e+01	-5.252246e+01
6.140000e-06	-2.636007e-06	-8.618492e-10	-1.835435e+01	-5.313576e+01
6.150000e-06	-2.676840e-06	-8.727368e-10	-1.863867e+01	-5.373645e+01
6.160000e-06	-2.717556e-06	-8.825979e-10	-1.892218e+01	-5.432498e+01
6.170000e-06	-2.758141e-06	-8.918643e-10	-1.920477e+01	-5.490177e+01
6.180000e-06	-2.798608e-06	-9.001411e-10	-1.948654e+01	-5.546723e+01
6.190000e-06	-2.838972e-06	-9.062917e-10	-1.976759e+01	-5.602174e+01
6.200000e-06	-2.879213e-06	-9.104364e-10	-2.004778e+01	-5.656565e+01
6.210000e-06	-2.919329e-06	-9.171487e-10	-2.032711e+01	-5.709930e+01
6.220000e-06	-2.959268e-06	-9.288912e-10	-2.060520e+01	-5.762299e+01
6.230000e-06	-2.999027e-06	-9.412087e-10	-2.088204e+01	-5.813701e+01
6.240000e-06	-3.038568e-06	-9.505097e-10	-2.115736e+01	-5.864161e+01
6.250000e-06	-3.077825e-06	-9.594166e-10	-2.143070e+01	-5.913702e+01
6.260000e-06	-3.116710e-06	-9.691803e-10	-2.170146e+01	-5.962347e+01
6.270000e-06	-3.155160e-06	-9.767808e-10	-2.196919e+01	-6.010113e+01
6.280000e-06	-3.193320e-06	-9.812560e-10	-2.223489e+01	-6.057018e+01
6.290000e-06	-3.231140e-06	-9.872727e-10	-2.249823e+01	-6.103077e+01
6.300000e-06	-3.268532e-06	-9.952641e-10	-2.275859e+01	-6.148302e+01
6.310000e-06	-3.305662e-06	-1.003352e-09	-2.301712e+01	-6.192707e+01
6.320000e-06	-3.342603e-06	-1.010636e-09	-2.327434e+01	-6.236300e+01
6.330000e-06	-3.379294e-06	-1.016512e-09	-2.352982e+01	-6.279092e+01
6.340000e-06	-3.415752e-06	-1.020646e-09	-2.378367e+01	-6.321089e+01
6.350000e-06	-3.452084e-06	-1.027042e-09	-2.403665e+01	-6.362300e+01
6.360000e-06	-3.488320e-06	-1.036941e-09	-2.428896e+01	-6.402731e+01
6.370000e-06	-3.524369e-06	-1.047601e-09	-2.453997e+01	-6.442387e+01
6.380000e-06	-3.560180e-06	-1.055887e-09	-2.478931e+01	-6.481275e+01
6.390000e-06	-3.595810e-06	-1.062498e-09	-2.503740e+01	-6.519400e+01
6.400000e-06	-3.631121e-06	-1.067421e-09	-2.528327e+01	-6.556769e+01
6.410000e-06	-3.665990e-06	-1.068789e-09	-2.552606e+01	-6.593387e+01
6.420000e-06	-3.700636e-06	-1.070115e-09	-2.576730e+01	-6.629260e+01
6.430000e-06	-3.735166e-06	-1.075636e-09	-2.600773e+01	-6.664395e+01
6.440000e-06	-3.769475e-06	-1.083020e-09	-2.624662e+01	-6.698800e+01
6.450000e-06	-3.803527e-06	-1.089269e-09	-2.648373e+01	-6.732483e+01
6.460000e-06	-3.837312e-06	-1.093679e-09	-2.671897e+01	-6.765453e+01
6.470000e-06	-3.870694e-06	-1.097620e-09	-2.695140e+01	-6.797719e+01
6.480000e-06	-3.903711e-06	-1.102876e-09	-2.718130e+01	-6.829291e+01
6.490000e-06	-3.936504e-06	-1.106859e-09	-2.740964e+01	-6.860182e+01
6.500000e-06	-3.969075e-06	-1.110218e-09	-2.763643e+01	-6.890403e+01
6.510000e-06	-4.001468e-06	-1.114184e-09	-2.786198e+01	-6.919968e+01
6.520000e-06	-4.033702e-06	-1.118743e-09	-2.808642e+01	-6.948891e+01
6.530000e-06	-4.065778e-06	-1.125455e-09	-2.830976e+01	-6.977186e+01
6.540000e-06	-4.097656e-06	-1.133960e-09	-2.853173e+01	-7.004869e+01
6.550000e-06	-4.129202e-06	-1.142477e-09	-2.875138e+01	-7.031955e+01
6.560000e-06	-4.160242e-06	-1.150295e-09	-2.896751e+01	-7.058463e+01
6.570000e-06	-4.190712e-06	-1.156014e-09	-2.917967e+01	-7.084408e+01
6.580000e-06	-4.220767e-06	-1.157989e-09	-2.938894e+01	-7.109809e+01
6.590000e-06	-4.250410e-06	-1.157158e-09	-2.959534e+01	-7.134683e+01
6.600000e-06	-4.279581e-06	-1.158736e-09	-2.979846e+01	-7.159049e+01
6.610000e-06	-4.308365e-06	-1.164027e-09	-2.999888e+01	-7.182923e+01
6.620000e-06	-4.336910e-06	-1.170288e-09	-3.019764e+01	-7.206324e+01
6.630000e-06	-4.365318e-06	-1.175836e-09	-3.039544e+01	-7.229270e+01
6.640000e-06	-4.393525e-06	-1.179951e-09	-3.059185e+01	-7.251777e+01
6.650000e-06	-4.421501e-06	-1.182059e-09	-3.078664e+01	-7.273862e+01
6.660000e-06	-4.449219e-06	-1.183189e-09	-3.097964e+01	-7.295542e+01
6.670000e-06	-4.476644e-06	-1.185639e-09	-3.117060e+01	-7.316831e+01
6.680000e-06	-4.503739e-06	-1.188551e-09	-3.135926e+01	-7.337744e+01
6.690000e-06	-4.530472e-06	-1.191896e-09	-3.154540e+01	-7.358294e+01
6.700000e-06	-4.556892e-06	-1.196005e-09	-3.172936e+01	-7.378493e+01
6.710000e-06	-4.583011e-06	-1.197604e-09	-3.191122e+01	-7.398354e+01
6.720000e-06	-4.608771e-06	-1.197144e-09	-3.209059e+01	-7.417885e+01
6.730000e-06	-4.634227e-06	-1.198258e-09	-3.226784e+01	-7.437096e+01
6.740000e-06	-4.659400e-06	-1.201759e-09	-3.244312e+01	-7.455993e+01
6.750000e-06	-4.684212e-06	-1.205865e-09	-3.261588e+01	-7.474584e+01
6.760000e-06	-4.708769e-06	-1.209375e-09	-3.278687e+01	-7.492873e+01
6.770000e-06	-4.733111e-06	-1.211273e-09	-3.295636e+01	-7.510863e+01
6.780000e-06	-4.757264e-06	-1.210009e-09	-3.312454e+01	-7.528556e+01
6.790000e-06	-4.781139e-06	-1.207045e-09	-3.329078e+01	-7.545954e+01
6.800000e-06	-4.804667e-06	-1.204144e-09	-3.345460e+01	-7.563054e+01
6.810000e-06	-4.827783e-06	-1.202766e-09	-3.361556e+01	-7.579856e+01
6.820000e-06	-4.850366e-06	-1.202543e-09	-3.377280e+01	-7.596357e+01
6.830000e-06	-4.872337e-06	-1.202318e-09	-3.392578e+01	-7.612552e+01
6.840000e-06	-4.893712e-06	-1.203031e-09	-3.407461e+01	-7.628437e+01
6.850000e-06	-4.914644e-06	-1.204922e-09	-3.422037e+01	-7.644004e+01
6.860000e-06	-4.935322e-06	-1.207596e-09	-3.436434e+01	-7.659248e+01
6.870000e-06	-4.955824e-06	-1.210658e-09	-3.450710e+01	-7.674161e+01
6.880000e-06	-4.976078e-06	-1.212777e-09	-3.464812e+01	-7.688734e+01
6.890000e-06	-4.996019e-06	-1.211864e-09	-3.478698e+01	-7.702959e+01
6.900000e-06	-5.015623e-06	-1.210054e-09	-3.492348e+01	-7.716826e+01
6.910000e-06	-5.034912e-06	-1.210095e-09	-3.505779e+01	-7.730327e+01
6.920000e-06	-5.053880e-06	-1.211415e-09	-3.518986e+01	-7.743451e+01
6.930000e-06	-5.072495e-06	-1.213793e-09	-3.531947e+01	-7.756190e+01
6.940000e-06	-5.090734e-06	-1.215880e-09	-3.544647e+01	-7.768534e+01
6.950000e-06	-5.108665e-06	-1.217259e-09	-3.557132e+01	-7.780475e+01
6.960000e-06	-5.126184e-06	-1.214638e-09	-3.569330e+01	-7.792002e+01
6.970000e-06	-5.143267e-06	-1.214797e-09	-3.581226e+01	-7.803110e+01
6.980000e-06	-5.160074e-06	-1.218005e-09	-3.592928e+01	-7.813789e+01
6.990000e-06	-5.176646e-06	-1.220964e-09	-3.604467e+01	-7.824033e+01
7.000000e-06	-5.193015e-06	-1.223408e-09	-3.615864e+01	-7.833837e+01
7.010000e-06	-5.209156e-06	-1.222312e-09	-3.627104e+01	-7.843194e+01
7.020000e-06	-5.224893e-06	-1.218482e-09	-3.638061e+01	-7.852102e+01
7.030000e-06	-5.240057e-06	-1.214107e-09	-3.648620e+01	-7.860556e+01
7.040000e-06	-5.254663e-06	-1.213399e-09	-3.658789e+01	-7.868554e+01
7.050000e-06	-5.268674e-06	-1.217509e-09	-3.668546e+01	-7.876097e+01
7.060000e-06	-5.282024e-06	-1.223164e-09	-3.677841e+01	-7.883183e+01
7.070000e-06	-5.294888e-06	-1.228490e-09	-3.686798e+01	-7.889815e+01
7.080000e-06	-5.307434e-06	-1.231506e-09	-3.695534e+01	-7.895995e+01
7.090000e-06	-5.319669e-06	-1.229261e-09	-3.704053e+01	-7.901727e+01
7.100000e-06	-5.331473e-06	-1.225395e-09	-3.712272e+01	-7.907016e+01
7.110000e-06	-5.342824e-06	-1.222204e-09	-3.720176e+01	-7.911868e+01
7.120000e-06	-5.353777e-06	-1.220576e-09	-3.727802e+01	-7.916290e+01
7.130000e-06	-5.364367e-06	-1.221931e-09	-3.735176e+01	-7.920291e+01
7.140000e-06	-5.374695e-06	-1.225880e-09	-3.742367e+01	-7.923881e+01
7.150000e-06	-5.384686e-06	-1.227656e-09	-3.749324e+01	-7.927069e+01
7.160000e-06	-5.394235e-06	-1.227599e-09	-3.755973e+01	-7.929868e+01
7.170000e-06	-5.403407e-06	-1.228615e-09	-3.762359e+01	-7.932289e+01
7.180000e-06	-5.412273e-06	-1.228525e-09	-3.768532e+01	-7.934345e+01
7.190000e-06	-5.420855e-06	-1.227884e-09	-3.774508e+01	-7.936051e+01
7.200000e-06	-5.429169e-06	-1.227515e-09	-3.780297e+01	-7.937421e+01
7.210000e-06	-5.437188e-06	-1.225646e-09	-3.785881e+01	-7.938469e+01
7.220000e-06	-5.444825e-06	-1.222110e-09	-3.791198e+01	-7.939210e+01
7.230000e-06	-5.452020e-06	-1.220790e-09	-3.796208e+01	-7.939661e+01
7.240000e-06	-5.458710e-06	-1.222139e-09	-3.800866e+01	-7.939837e+01
7.250000e-06	-5.464804e-06	-1.221776e-09	-3.805110e+01	-7.939754e+01
7.260000e-06	-5.470309e-06	-1.222055e-09	-3.808943e+01	-7.939429e+01
7.270000e-06	-5.475372e-06	-1.223417e-09	-3.812468e+01	-7.938875e+01
7.280000e-06	-5.480121e-06	-1.224089e-09	-3.815775e+01	-7.938110e+01
7.290000e-06	-5.484543e-06	-1.222952e-09	-3.818853e+01	-7.937149e+01
7.300000e-06	-5.488649e-06	-1.221697e-09	-3.821712e+01	-7.936007e+01
7.310000e-06	-5.492477e-06	-1.219797e-09	-3.824378e+01	-7.934697e+01
7.320000e-06	-5.495990e-06	-1.216000e-09	-3.826824e+01	-7.933234e+01
7.330000e-06	-5.499080e-06	-1.213241e-09	-3.828976e+01	-7.931632e+01
7.340000e-06	-5.501792e-06	-1.212157e-09	-3.830864e+01	-7.929902e+01
7.350000e-06	-5.504217e-06	-1.212365e-09	-3.832552e+01	-7.928056e+01
7.360000e-06	-5.506284e-06	-1.212221e-09	-3.833992e+01	-7.926105e+01
7.370000e-06	-5.507858e-06	-1.208577e-09	-3.835088e+01	-7.924059e+01
7.380000e-06	-5.509051e-06	-1.204582e-09	-3.835918e+01	-7.921927e+01
7.390000e-06	-5.509923e-06	-1.202963e-09	-3.836526e+01	-7.919715e+01
7.400000e-06	-5.510477e-06	-1.201295e-09	-3.836911e+01	-7.917432e+01
