# Temperatura_=_-0.4
# Concentracion g/m^3_=_1620.0
# C_Vs_to_Am_M_A/Vsm_=_65563218390.804596
# pendiente_HvsI_1/m_=_3716.3
# ordenada_HvsI_A/m_=_1297.0
# frecuencia_Hz_=_135090.28595563388

Tiempo_(s)	Campo_(V.s)	Magnetizacion_(V.s)	Campo_(kA/m)	Magnetizacion_(A/m)
0.000000e+00	-5.528094e-06	-1.725642e-09	-3.837988e+01	-1.100877e+02
1.000000e-08	-5.528448e-06	-1.725207e-09	-3.838233e+01	-1.100599e+02
2.000000e-08	-5.528655e-06	-1.723008e-09	-3.838377e+01	-1.100264e+02
3.000000e-08	-5.528525e-06	-1.720162e-09	-3.838287e+01	-1.099873e+02
4.000000e-08	-5.527817e-06	-1.718000e-09	-3.837795e+01	-1.099426e+02
5.000000e-08	-5.526544e-06	-1.713629e-09	-3.836912e+01	-1.098923e+02
6.000000e-08	-5.524751e-06	-1.706646e-09	-3.835667e+01	-1.098365e+02
7.000000e-08	-5.522394e-06	-1.694198e-09	-3.834030e+01	-1.097752e+02
8.000000e-08	-5.519485e-06	-1.714808e-09	-3.832010e+01	-1.097085e+02
9.000000e-08	-5.516057e-06	-1.776472e-09	-3.829630e+01	-1.096367e+02
1.000000e-07	-5.512190e-06	-1.776435e-09	-3.826946e+01	-1.095597e+02
1.100000e-07	-5.507969e-06	-1.651137e-09	-3.824015e+01	-1.094778e+02
1.200000e-07	-5.503596e-06	-1.601773e-09	-3.820979e+01	-1.093911e+02
1.300000e-07	-5.499054e-06	-1.744996e-09	-3.817826e+01	-1.092999e+02
1.400000e-07	-5.493943e-06	-1.814817e-09	-3.814278e+01	-1.092042e+02
1.500000e-07	-5.488309e-06	-1.693276e-09	-3.810366e+01	-1.091044e+02
1.600000e-07	-5.482492e-06	-1.622202e-09	-3.806327e+01	-1.090007e+02
1.700000e-07	-5.476445e-06	-1.744559e-09	-3.802129e+01	-1.088931e+02
1.800000e-07	-5.469768e-06	-1.811906e-09	-3.797494e+01	-1.087821e+02
1.900000e-07	-5.462525e-06	-1.660962e-09	-3.792465e+01	-1.086678e+02
2.000000e-07	-5.455111e-06	-1.584365e-09	-3.787318e+01	-1.085504e+02
2.100000e-07	-5.447505e-06	-1.662667e-09	-3.782037e+01	-1.084301e+02
2.200000e-07	-5.439655e-06	-1.747644e-09	-3.776587e+01	-1.083072e+02
2.300000e-07	-5.431500e-06	-1.679112e-09	-3.770925e+01	-1.081819e+02
2.400000e-07	-5.423018e-06	-1.624148e-09	-3.765037e+01	-1.080543e+02
2.500000e-07	-5.413950e-06	-1.629668e-09	-3.758741e+01	-1.079247e+02
2.600000e-07	-5.404039e-06	-1.645137e-09	-3.751860e+01	-1.077931e+02
2.700000e-07	-5.393439e-06	-1.625775e-09	-3.744501e+01	-1.076599e+02
2.800000e-07	-5.382366e-06	-1.610497e-09	-3.736813e+01	-1.075250e+02
2.900000e-07	-5.370829e-06	-1.609104e-09	-3.728803e+01	-1.073886e+02
3.000000e-07	-5.358933e-06	-1.609741e-09	-3.720544e+01	-1.072507e+02
3.100000e-07	-5.346782e-06	-1.619913e-09	-3.712108e+01	-1.071116e+02
3.200000e-07	-5.334170e-06	-1.599427e-09	-3.703352e+01	-1.069711e+02
3.300000e-07	-5.321069e-06	-1.585833e-09	-3.694257e+01	-1.068293e+02
3.400000e-07	-5.307677e-06	-1.604793e-09	-3.684959e+01	-1.066861e+02
3.500000e-07	-5.293976e-06	-1.616420e-09	-3.675446e+01	-1.065416e+02
3.600000e-07	-5.279708e-06	-1.567221e-09	-3.665541e+01	-1.063957e+02
3.700000e-07	-5.264926e-06	-1.576599e-09	-3.655278e+01	-1.062482e+02
3.800000e-07	-5.249746e-06	-1.598695e-09	-3.644739e+01	-1.060991e+02
3.900000e-07	-5.233957e-06	-1.564372e-09	-3.633777e+01	-1.059481e+02
4.000000e-07	-5.217696e-06	-1.550664e-09	-3.622488e+01	-1.057953e+02
4.100000e-07	-5.201285e-06	-1.616874e-09	-3.611094e+01	-1.056402e+02
4.200000e-07	-5.184502e-06	-1.585959e-09	-3.599442e+01	-1.054828e+02
4.300000e-07	-5.167267e-06	-1.528091e-09	-3.587476e+01	-1.053228e+02
4.400000e-07	-5.149802e-06	-1.588554e-09	-3.575351e+01	-1.051600e+02
4.500000e-07	-5.132060e-06	-1.619226e-09	-3.563033e+01	-1.049940e+02
4.600000e-07	-5.113809e-06	-1.510538e-09	-3.550362e+01	-1.048247e+02
4.700000e-07	-5.095064e-06	-1.521571e-09	-3.537348e+01	-1.046516e+02
4.800000e-07	-5.076013e-06	-1.610985e-09	-3.524121e+01	-1.044746e+02
4.900000e-07	-5.056703e-06	-1.559081e-09	-3.510715e+01	-1.042934e+02
5.000000e-07	-5.037162e-06	-1.505668e-09	-3.497149e+01	-1.041075e+02
5.100000e-07	-5.017420e-06	-1.587874e-09	-3.483442e+01	-1.039167e+02
5.200000e-07	-4.997448e-06	-1.569643e-09	-3.469576e+01	-1.037208e+02
5.300000e-07	-4.977033e-06	-1.494048e-09	-3.455403e+01	-1.035194e+02
5.400000e-07	-4.956149e-06	-1.553270e-09	-3.440904e+01	-1.033122e+02
5.500000e-07	-4.935013e-06	-1.579331e-09	-3.426230e+01	-1.030989e+02
5.600000e-07	-4.913557e-06	-1.485483e-09	-3.411333e+01	-1.028794e+02
5.700000e-07	-4.891710e-06	-1.509919e-09	-3.396165e+01	-1.026533e+02
5.800000e-07	-4.869644e-06	-1.584523e-09	-3.380846e+01	-1.024204e+02
5.900000e-07	-4.847119e-06	-1.519275e-09	-3.365207e+01	-1.021805e+02
6.000000e-07	-4.824112e-06	-1.482137e-09	-3.349234e+01	-1.019334e+02
6.100000e-07	-4.800881e-06	-1.543355e-09	-3.333105e+01	-1.016790e+02
6.200000e-07	-4.777370e-06	-1.523856e-09	-3.316782e+01	-1.014171e+02
6.300000e-07	-4.753657e-06	-1.468848e-09	-3.300320e+01	-1.011476e+02
6.400000e-07	-4.729820e-06	-1.513070e-09	-3.283770e+01	-1.008705e+02
6.500000e-07	-4.705617e-06	-1.518305e-09	-3.266967e+01	-1.005856e+02
6.600000e-07	-4.680869e-06	-1.468740e-09	-3.249785e+01	-1.002930e+02
6.700000e-07	-4.655684e-06	-1.478520e-09	-3.232300e+01	-9.999261e+01
6.800000e-07	-4.630048e-06	-1.497583e-09	-3.214501e+01	-9.968452e+01
6.900000e-07	-4.603807e-06	-1.453014e-09	-3.196283e+01	-9.936878e+01
7.000000e-07	-4.577007e-06	-1.449911e-09	-3.177677e+01	-9.904546e+01
7.100000e-07	-4.549799e-06	-1.470733e-09	-3.158787e+01	-9.871467e+01
7.200000e-07	-4.522352e-06	-1.451859e-09	-3.139731e+01	-9.837656e+01
7.300000e-07	-4.494803e-06	-1.435842e-09	-3.120605e+01	-9.803127e+01
7.400000e-07	-4.467163e-06	-1.456511e-09	-3.101415e+01	-9.767899e+01
7.500000e-07	-4.439305e-06	-1.444331e-09	-3.082074e+01	-9.731991e+01
7.600000e-07	-4.411046e-06	-1.419396e-09	-3.062455e+01	-9.695425e+01
7.700000e-07	-4.382414e-06	-1.417844e-09	-3.042576e+01	-9.658223e+01
7.800000e-07	-4.353523e-06	-1.411700e-09	-3.022518e+01	-9.620410e+01
7.900000e-07	-4.324344e-06	-1.391615e-09	-3.002261e+01	-9.582010e+01
8.000000e-07	-4.294911e-06	-1.398239e-09	-2.981826e+01	-9.543049e+01
8.100000e-07	-4.265161e-06	-1.401260e-09	-2.961172e+01	-9.503552e+01
8.200000e-07	-4.235037e-06	-1.382900e-09	-2.940258e+01	-9.463547e+01
8.300000e-07	-4.204679e-06	-1.374957e-09	-2.919181e+01	-9.423058e+01
8.400000e-07	-4.174021e-06	-1.372048e-09	-2.897896e+01	-9.382111e+01
8.500000e-07	-4.143012e-06	-1.351930e-09	-2.876367e+01	-9.340731e+01
8.600000e-07	-4.111742e-06	-1.339721e-09	-2.854657e+01	-9.298940e+01
8.700000e-07	-4.080359e-06	-1.350007e-09	-2.832869e+01	-9.256763e+01
8.800000e-07	-4.048874e-06	-1.348124e-09	-2.811010e+01	-9.214218e+01
8.900000e-07	-4.017179e-06	-1.338066e-09	-2.789005e+01	-9.171326e+01
9.000000e-07	-3.985240e-06	-1.337989e-09	-2.766831e+01	-9.128105e+01
9.100000e-07	-3.953076e-06	-1.330106e-09	-2.744500e+01	-9.084568e+01
9.200000e-07	-3.920556e-06	-1.307545e-09	-2.721923e+01	-9.040729e+01
9.300000e-07	-3.887517e-06	-1.301117e-09	-2.698985e+01	-8.996599e+01
9.400000e-07	-3.854006e-06	-1.301734e-09	-2.675719e+01	-8.952187e+01
9.500000e-07	-3.820022e-06	-1.291244e-09	-2.652125e+01	-8.907497e+01
9.600000e-07	-3.785463e-06	-1.282473e-09	-2.628132e+01	-8.862533e+01
9.700000e-07	-3.750524e-06	-1.284684e-09	-2.603875e+01	-8.817296e+01
9.800000e-07	-3.715400e-06	-1.272613e-09	-2.579489e+01	-8.771783e+01
9.900000e-07	-3.680115e-06	-1.256418e-09	-2.554992e+01	-8.725990e+01
1.000000e-06	-3.644664e-06	-1.252752e-09	-2.530379e+01	-8.679909e+01
1.010000e-06	-3.609058e-06	-1.254143e-09	-2.505659e+01	-8.633532e+01
1.020000e-06	-3.573336e-06	-1.245639e-09	-2.480859e+01	-8.586846e+01
1.030000e-06	-3.537485e-06	-1.241218e-09	-2.455968e+01	-8.539838e+01
1.040000e-06	-3.501392e-06	-1.237127e-09	-2.430910e+01	-8.492491e+01
1.050000e-06	-3.464993e-06	-1.224318e-09	-2.405639e+01	-8.444787e+01
1.060000e-06	-3.428295e-06	-1.211138e-09	-2.380161e+01	-8.396707e+01
1.070000e-06	-3.391283e-06	-1.207071e-09	-2.354465e+01	-8.348229e+01
1.080000e-06	-3.353968e-06	-1.197140e-09	-2.328558e+01	-8.299332e+01
1.090000e-06	-3.316489e-06	-1.185425e-09	-2.302538e+01	-8.249991e+01
1.100000e-06	-3.278883e-06	-1.180100e-09	-2.276429e+01	-8.200183e+01
1.110000e-06	-3.241043e-06	-1.173393e-09	-2.250157e+01	-8.149882e+01
1.120000e-06	-3.203011e-06	-1.160073e-09	-2.223753e+01	-8.099064e+01
1.130000e-06	-3.164747e-06	-1.154175e-09	-2.197187e+01	-8.047702e+01
1.140000e-06	-3.126212e-06	-1.151213e-09	-2.170434e+01	-7.995772e+01
1.150000e-06	-3.087366e-06	-1.139578e-09	-2.143465e+01	-7.943247e+01
1.160000e-06	-3.048316e-06	-1.127676e-09	-2.116353e+01	-7.890104e+01
1.170000e-06	-3.009064e-06	-1.120852e-09	-2.089102e+01	-7.836317e+01
1.180000e-06	-2.969678e-06	-1.111873e-09	-2.061757e+01	-7.781864e+01
1.190000e-06	-2.930285e-06	-1.099191e-09	-2.034408e+01	-7.726722e+01
1.200000e-06	-2.890700e-06	-1.091808e-09	-2.006925e+01	-7.670869e+01
1.210000e-06	-2.850920e-06	-1.086034e-09	-1.979307e+01	-7.614285e+01
1.220000e-06	-2.810969e-06	-1.079297e-09	-1.951570e+01	-7.556951e+01
1.230000e-06	-2.770880e-06	-1.071841e-09	-1.923738e+01	-7.498849e+01
1.240000e-06	-2.730565e-06	-1.061378e-09	-1.895748e+01	-7.439962e+01
1.250000e-06	-2.690061e-06	-1.046380e-09	-1.867628e+01	-7.380275e+01
1.260000e-06	-2.649389e-06	-1.035207e-09	-1.839390e+01	-7.319774e+01
1.270000e-06	-2.608387e-06	-1.024543e-09	-1.810924e+01	-7.258445e+01
1.280000e-06	-2.567031e-06	-1.013527e-09	-1.782212e+01	-7.196276e+01
1.290000e-06	-2.525336e-06	-1.003406e-09	-1.753264e+01	-7.133258e+01
1.300000e-06	-2.483430e-06	-9.939570e-10	-1.724170e+01	-7.069379e+01
1.310000e-06	-2.441278e-06	-9.826500e-10	-1.694905e+01	-7.004631e+01
1.320000e-06	-2.398808e-06	-9.711713e-10	-1.665420e+01	-6.939004e+01
1.330000e-06	-2.356090e-06	-9.604410e-10	-1.635762e+01	-6.872490e+01
1.340000e-06	-2.313157e-06	-9.498611e-10	-1.605955e+01	-6.805082e+01
1.350000e-06	-2.270022e-06	-9.380573e-10	-1.576007e+01	-6.736770e+01
1.360000e-06	-2.226732e-06	-9.266549e-10	-1.545952e+01	-6.667546e+01
1.370000e-06	-2.183314e-06	-9.152014e-10	-1.515809e+01	-6.597401e+01
1.380000e-06	-2.139791e-06	-9.018435e-10	-1.485592e+01	-6.526325e+01
1.390000e-06	-2.096157e-06	-8.894818e-10	-1.455298e+01	-6.454307e+01
1.400000e-06	-2.052429e-06	-8.793341e-10	-1.424939e+01	-6.381335e+01
1.410000e-06	-2.008633e-06	-8.686979e-10	-1.394533e+01	-6.307395e+01
1.420000e-06	-1.964689e-06	-8.583176e-10	-1.364024e+01	-6.232472e+01
1.430000e-06	-1.920690e-06	-8.461137e-10	-1.333476e+01	-6.156549e+01
1.440000e-06	-1.876694e-06	-8.320247e-10	-1.302932e+01	-6.079606e+01
1.450000e-06	-1.832645e-06	-8.167164e-10	-1.272350e+01	-6.001623e+01
1.460000e-06	-1.788479e-06	-8.037779e-10	-1.241686e+01	-5.922574e+01
1.470000e-06	-1.744121e-06	-7.923292e-10	-1.210890e+01	-5.842434e+01
1.480000e-06	-1.699570e-06	-7.798428e-10	-1.179960e+01	-5.761174e+01
1.490000e-06	-1.654734e-06	-7.666265e-10	-1.148832e+01	-5.678762e+01
1.500000e-06	-1.609748e-06	-7.534933e-10	-1.117599e+01	-5.595164e+01
1.510000e-06	-1.564747e-06	-7.397761e-10	-1.086356e+01	-5.510342e+01
1.520000e-06	-1.519664e-06	-7.272543e-10	-1.055056e+01	-5.424256e+01
1.530000e-06	-1.474475e-06	-7.141382e-10	-1.023683e+01	-5.336865e+01
1.540000e-06	-1.429078e-06	-7.002495e-10	-9.921655e+00	-5.248123e+01
1.550000e-06	-1.383593e-06	-6.894815e-10	-9.605866e+00	-5.157983e+01
1.560000e-06	-1.338096e-06	-6.767182e-10	-9.289992e+00	-5.066396e+01
1.570000e-06	-1.292462e-06	-6.609723e-10	-8.973172e+00	-4.973310e+01
1.580000e-06	-1.246704e-06	-6.431774e-10	-8.655486e+00	-4.878673e+01
1.590000e-06	-1.200840e-06	-6.251087e-10	-8.337069e+00	-4.782430e+01
1.600000e-06	-1.154912e-06	-6.089192e-10	-8.018201e+00	-4.684526e+01
1.610000e-06	-1.108982e-06	-5.954266e-10	-7.699326e+00	-4.584904e+01
1.620000e-06	-1.062989e-06	-5.821503e-10	-7.380006e+00	-4.483508e+01
1.630000e-06	-1.016888e-06	-5.673219e-10	-7.059943e+00	-4.380282e+01
1.640000e-06	-9.707074e-07	-5.530431e-10	-6.739326e+00	-4.275170e+01
1.650000e-06	-9.244623e-07	-5.386919e-10	-6.418261e+00	-4.168117e+01
1.660000e-06	-8.780772e-07	-5.212694e-10	-6.096223e+00	-4.059070e+01
1.670000e-06	-8.316264e-07	-5.031006e-10	-5.773729e+00	-3.947977e+01
1.680000e-06	-7.852317e-07	-4.862767e-10	-5.451625e+00	-3.834790e+01
1.690000e-06	-7.387632e-07	-4.723145e-10	-5.129008e+00	-3.719462e+01
1.700000e-06	-6.921692e-07	-4.579616e-10	-4.805520e+00	-3.601950e+01
1.710000e-06	-6.455315e-07	-4.416553e-10	-4.481729e+00	-3.482216e+01
1.720000e-06	-5.988988e-07	-4.236014e-10	-4.157972e+00	-3.360226e+01
1.730000e-06	-5.522453e-07	-4.051204e-10	-3.834071e+00	-3.235949e+01
1.740000e-06	-5.054996e-07	-3.861781e-10	-3.509530e+00	-3.109361e+01
1.750000e-06	-4.586930e-07	-3.680083e-10	-3.184566e+00	-2.980445e+01
1.760000e-06	-4.119048e-07	-3.491269e-10	-2.859730e+00	-2.849187e+01
1.770000e-06	-3.651627e-07	-3.292752e-10	-2.535214e+00	-2.715582e+01
1.780000e-06	-3.184080e-07	-3.092225e-10	-2.210610e+00	-2.579631e+01
1.790000e-06	-2.714696e-07	-2.892773e-10	-1.884731e+00	-2.441341e+01
1.800000e-06	-2.243772e-07	-2.704198e-10	-1.557783e+00	-2.300729e+01
1.810000e-06	-1.774304e-07	-2.505117e-10	-1.231846e+00	-2.157817e+01
1.820000e-06	-1.306295e-07	-2.295564e-10	-9.069211e-01	-2.012636e+01
1.830000e-06	-8.379131e-08	-2.082868e-10	-5.817376e-01	-1.865226e+01
1.840000e-06	-3.693005e-08	-1.858180e-10	-2.563941e-01	-1.715633e+01
1.850000e-06	9.973406e-09	-1.630789e-10	6.924232e-02	-1.563912e+01
1.860000e-06	5.684637e-08	-1.429149e-10	3.946671e-01	-1.410127e+01
1.870000e-06	1.036425e-07	-1.208679e-10	7.195586e-01	-1.254348e+01
1.880000e-06	1.504303e-07	-9.610887e-11	1.044392e+00	-1.096655e+01
1.890000e-06	1.972753e-07	-7.427863e-11	1.369622e+00	-9.371332e+00
1.900000e-06	2.441882e-07	-5.498728e-11	1.695324e+00	-7.758778e+00
1.910000e-06	2.910606e-07	-3.403010e-11	2.020745e+00	-6.129897e+00
1.920000e-06	3.378454e-07	-1.101253e-11	2.345558e+00	-4.485772e+00
1.930000e-06	3.845641e-07	1.259364e-11	2.669912e+00	-2.827550e+00
1.940000e-06	4.312394e-07	3.496099e-11	2.993964e+00	-1.156438e+00
1.950000e-06	4.779018e-07	5.748001e-11	3.317927e+00	5.262985e-01
1.960000e-06	5.246028e-07	7.903538e-11	3.642158e+00	2.219342e+00
1.970000e-06	5.712481e-07	1.015018e-10	3.966002e+00	3.921330e+00
1.980000e-06	6.178019e-07	1.286449e-10	4.289211e+00	5.630857e+00
1.990000e-06	6.643241e-07	1.533449e-10	4.612201e+00	7.346482e+00
2.000000e-06	7.107660e-07	1.756020e-10	4.934633e+00	9.066735e+00
2.010000e-06	7.571107e-07	1.966994e-10	5.256390e+00	1.079012e+01
2.020000e-06	8.034794e-07	2.157127e-10	5.578313e+00	1.251513e+01
2.030000e-06	8.498511e-07	2.373463e-10	5.900258e+00	1.424025e+01
2.040000e-06	8.961026e-07	2.643179e-10	6.221368e+00	1.596393e+01
2.050000e-06	9.423600e-07	2.937328e-10	6.542519e+00	1.768467e+01
2.060000e-06	9.885563e-07	3.219177e-10	6.863246e+00	1.940094e+01
2.070000e-06	1.034616e-06	3.480549e-10	7.183026e+00	2.111125e+01
2.080000e-06	1.080592e-06	3.697251e-10	7.502219e+00	2.281410e+01
2.090000e-06	1.126436e-06	3.886870e-10	7.820501e+00	2.450806e+01
2.100000e-06	1.172198e-06	4.094751e-10	8.138212e+00	2.619169e+01
2.110000e-06	1.217883e-06	4.322425e-10	8.455389e+00	2.786361e+01
2.120000e-06	1.263483e-06	4.564501e-10	8.771981e+00	2.952249e+01
2.130000e-06	1.309051e-06	4.819277e-10	9.088340e+00	3.116703e+01
2.140000e-06	1.354455e-06	5.080309e-10	9.403567e+00	3.279599e+01
2.150000e-06	1.399800e-06	5.312863e-10	9.718385e+00	3.440819e+01
2.160000e-06	1.445080e-06	5.496222e-10	1.003275e+01	3.600251e+01
2.170000e-06	1.490186e-06	5.670476e-10	1.034591e+01	3.757790e+01
2.180000e-06	1.535187e-06	5.837467e-10	1.065834e+01	3.913336e+01
2.190000e-06	1.580122e-06	6.031778e-10	1.097031e+01	4.066799e+01
2.200000e-06	1.624979e-06	6.266314e-10	1.128173e+01	4.218093e+01
2.210000e-06	1.669720e-06	6.502822e-10	1.159236e+01	4.367142e+01
2.220000e-06	1.714392e-06	6.694592e-10	1.190250e+01	4.513875e+01
2.230000e-06	1.758876e-06	6.868190e-10	1.221134e+01	4.658232e+01
2.240000e-06	1.803067e-06	7.042366e-10	1.251814e+01	4.800158e+01
2.250000e-06	1.847076e-06	7.207893e-10	1.282369e+01	4.939606e+01
2.260000e-06	1.891065e-06	7.380463e-10	1.312909e+01	5.076539e+01
2.270000e-06	1.935035e-06	7.555234e-10	1.343436e+01	5.210923e+01
2.280000e-06	1.978921e-06	7.727655e-10	1.373905e+01	5.342736e+01
2.290000e-06	2.022738e-06	7.896716e-10	1.404326e+01	5.471962e+01
2.300000e-06	2.066509e-06	8.075969e-10	1.434714e+01	5.598589e+01
2.310000e-06	2.110198e-06	8.235588e-10	1.465046e+01	5.722617e+01
2.320000e-06	2.153801e-06	8.380970e-10	1.495319e+01	5.844047e+01
2.330000e-06	2.197308e-06	8.545786e-10	1.525524e+01	5.962892e+01
2.340000e-06	2.240711e-06	8.706525e-10	1.555657e+01	6.079167e+01
2.350000e-06	2.283972e-06	8.839795e-10	1.585693e+01	6.192893e+01
2.360000e-06	2.327120e-06	8.964259e-10	1.615648e+01	6.304098e+01
2.370000e-06	2.369994e-06	9.101775e-10	1.645415e+01	6.412814e+01
2.380000e-06	2.412640e-06	9.245332e-10	1.675023e+01	6.519077e+01
2.390000e-06	2.455057e-06	9.403428e-10	1.704471e+01	6.622928e+01
2.400000e-06	2.497092e-06	9.573541e-10	1.733655e+01	6.724412e+01
2.410000e-06	2.538890e-06	9.703350e-10	1.762674e+01	6.823576e+01
2.420000e-06	2.580288e-06	9.807321e-10	1.791415e+01	6.920471e+01
2.430000e-06	2.621376e-06	9.910846e-10	1.819942e+01	7.015150e+01
2.440000e-06	2.662318e-06	1.001367e-09	1.848366e+01	7.107669e+01
2.450000e-06	2.702924e-06	1.012481e-09	1.876558e+01	7.198085e+01
2.460000e-06	2.743179e-06	1.026084e-09	1.904506e+01	7.286456e+01
2.470000e-06	2.783218e-06	1.041444e-09	1.932304e+01	7.372843e+01
2.480000e-06	2.823095e-06	1.055913e-09	1.959989e+01	7.457306e+01
2.490000e-06	2.862845e-06	1.067498e-09	1.987586e+01	7.539906e+01
2.500000e-06	2.902570e-06	1.078948e-09	2.015166e+01	7.620702e+01
2.510000e-06	2.942203e-06	1.089681e-09	2.042682e+01	7.699756e+01
2.520000e-06	2.981521e-06	1.098090e-09	2.069980e+01	7.777127e+01
2.530000e-06	3.020620e-06	1.107647e-09	2.097125e+01	7.852874e+01
2.540000e-06	3.059635e-06	1.119567e-09	2.124212e+01	7.927056e+01
2.550000e-06	3.098478e-06	1.133493e-09	2.151179e+01	7.999728e+01
2.560000e-06	3.137120e-06	1.147296e-09	2.178007e+01	8.070946e+01
2.570000e-06	3.175524e-06	1.157748e-09	2.204670e+01	8.140763e+01
2.580000e-06	3.213724e-06	1.166531e-09	2.231191e+01	8.209231e+01
2.590000e-06	3.251672e-06	1.176783e-09	2.257537e+01	8.276398e+01
2.600000e-06	3.289366e-06	1.187163e-09	2.283707e+01	8.342312e+01
2.610000e-06	3.326878e-06	1.195830e-09	2.309750e+01	8.407018e+01
2.620000e-06	3.364189e-06	1.204392e-09	2.335654e+01	8.470558e+01
2.630000e-06	3.401301e-06	1.213831e-09	2.361420e+01	8.532973e+01
2.640000e-06	3.438152e-06	1.221372e-09	2.387005e+01	8.594301e+01
2.650000e-06	3.474707e-06	1.229154e-09	2.412383e+01	8.654577e+01
2.660000e-06	3.510971e-06	1.239286e-09	2.437560e+01	8.713833e+01
2.670000e-06	3.547022e-06	1.248951e-09	2.462590e+01	8.772101e+01
2.680000e-06	3.582866e-06	1.257875e-09	2.487475e+01	8.829408e+01
2.690000e-06	3.618516e-06	1.266464e-09	2.512225e+01	8.885779e+01
2.700000e-06	3.654076e-06	1.271970e-09	2.536914e+01	8.941238e+01
2.710000e-06	3.689544e-06	1.277978e-09	2.561538e+01	8.995805e+01
2.720000e-06	3.724799e-06	1.286029e-09	2.586015e+01	9.049500e+01
2.730000e-06	3.759787e-06	1.292887e-09	2.610305e+01	9.102338e+01
2.740000e-06	3.794474e-06	1.298285e-09	2.634388e+01	9.154333e+01
2.750000e-06	3.828737e-06	1.304214e-09	2.658176e+01	9.205499e+01
2.760000e-06	3.862604e-06	1.310636e-09	2.681689e+01	9.255844e+01
2.770000e-06	3.896022e-06	1.316779e-09	2.704890e+01	9.305379e+01
2.780000e-06	3.928897e-06	1.324781e-09	2.727714e+01	9.354109e+01
2.790000e-06	3.961282e-06	1.336270e-09	2.750198e+01	9.402041e+01
2.800000e-06	3.993410e-06	1.345876e-09	2.772503e+01	9.449177e+01
2.810000e-06	4.025467e-06	1.352259e-09	2.794759e+01	9.495521e+01
2.820000e-06	4.057338e-06	1.358388e-09	2.816887e+01	9.541074e+01
2.830000e-06	4.088953e-06	1.361983e-09	2.838836e+01	9.585835e+01
2.840000e-06	4.120378e-06	1.366407e-09	2.860653e+01	9.629805e+01
2.850000e-06	4.151562e-06	1.370879e-09	2.882303e+01	9.672982e+01
2.860000e-06	4.182460e-06	1.375755e-09	2.903754e+01	9.715364e+01
2.870000e-06	4.213030e-06	1.381473e-09	2.924978e+01	9.756947e+01
2.880000e-06	4.243275e-06	1.386987e-09	2.945977e+01	9.797728e+01
2.890000e-06	4.273202e-06	1.392352e-09	2.966754e+01	9.837705e+01
2.900000e-06	4.302789e-06	1.394952e-09	2.987295e+01	9.876873e+01
2.910000e-06	4.332160e-06	1.396840e-09	3.007687e+01	9.915228e+01
2.920000e-06	4.361289e-06	1.402084e-09	3.027911e+01	9.952766e+01
2.930000e-06	4.390108e-06	1.409830e-09	3.047918e+01	9.989485e+01
2.940000e-06	4.418623e-06	1.417640e-09	3.067716e+01	1.002538e+02
2.950000e-06	4.446784e-06	1.423232e-09	3.087267e+01	1.006045e+02
2.960000e-06	4.474698e-06	1.427033e-09	3.106647e+01	1.009469e+02
2.970000e-06	4.502450e-06	1.429331e-09	3.125914e+01	1.012809e+02
2.980000e-06	4.530026e-06	1.433018e-09	3.145059e+01	1.016067e+02
2.990000e-06	4.557456e-06	1.439816e-09	3.164103e+01	1.019241e+02
3.000000e-06	4.584648e-06	1.446394e-09	3.182982e+01	1.022332e+02
3.010000e-06	4.611417e-06	1.451875e-09	3.201567e+01	1.025340e+02
3.020000e-06	4.637602e-06	1.457409e-09	3.219746e+01	1.028265e+02
3.030000e-06	4.663262e-06	1.463550e-09	3.237561e+01	1.031107e+02
3.040000e-06	4.688308e-06	1.468456e-09	3.254949e+01	1.033867e+02
3.050000e-06	4.712847e-06	1.471548e-09	3.271986e+01	1.036545e+02
3.060000e-06	4.737053e-06	1.473077e-09	3.288792e+01	1.039143e+02
3.070000e-06	4.760903e-06	1.476323e-09	3.305350e+01	1.041660e+02
3.080000e-06	4.784553e-06	1.482081e-09	3.321770e+01	1.044099e+02
3.090000e-06	4.807991e-06	1.487571e-09	3.338042e+01	1.046459e+02
3.100000e-06	4.831089e-06	1.493035e-09	3.354078e+01	1.048742e+02
3.110000e-06	4.853761e-06	1.499559e-09	3.369819e+01	1.050949e+02
3.120000e-06	4.876073e-06	1.503996e-09	3.385309e+01	1.053082e+02
3.130000e-06	4.898044e-06	1.504870e-09	3.400563e+01	1.055143e+02
3.140000e-06	4.919705e-06	1.505276e-09	3.415601e+01	1.057132e+02
3.150000e-06	4.941122e-06	1.508886e-09	3.430471e+01	1.059052e+02
3.160000e-06	4.962155e-06	1.513077e-09	3.445073e+01	1.060904e+02
3.170000e-06	4.982698e-06	1.516628e-09	3.459336e+01	1.062691e+02
3.180000e-06	5.002855e-06	1.521892e-09	3.473330e+01	1.064415e+02
3.190000e-06	5.022776e-06	1.527216e-09	3.487161e+01	1.066077e+02
3.200000e-06	5.042545e-06	1.530832e-09	3.500886e+01	1.067680e+02
3.210000e-06	5.062105e-06	1.534305e-09	3.514465e+01	1.069226e+02
3.220000e-06	5.081388e-06	1.537426e-09	3.527853e+01	1.070717e+02
3.230000e-06	5.100410e-06	1.539555e-09	3.541060e+01	1.072156e+02
3.240000e-06	5.118990e-06	1.541727e-09	3.553959e+01	1.073545e+02
3.250000e-06	5.137094e-06	1.543885e-09	3.566528e+01	1.074886e+02
3.260000e-06	5.154754e-06	1.545614e-09	3.578789e+01	1.076182e+02
3.270000e-06	5.172064e-06	1.547545e-09	3.590807e+01	1.077435e+02
3.280000e-06	5.189144e-06	1.551224e-09	3.602665e+01	1.078647e+02
3.290000e-06	5.205901e-06	1.556202e-09	3.614299e+01	1.079820e+02
3.300000e-06	5.222277e-06	1.560842e-09	3.625668e+01	1.080957e+02
3.310000e-06	5.238245e-06	1.564217e-09	3.636755e+01	1.082059e+02
3.320000e-06	5.253761e-06	1.566079e-09	3.647527e+01	1.083128e+02
3.330000e-06	5.268785e-06	1.567655e-09	3.657957e+01	1.084167e+02
3.340000e-06	5.283295e-06	1.570574e-09	3.668031e+01	1.085177e+02
3.350000e-06	5.297421e-06	1.573595e-09	3.677838e+01	1.086159e+02
3.360000e-06	5.311195e-06	1.575466e-09	3.687401e+01	1.087114e+02
3.370000e-06	5.324629e-06	1.578074e-09	3.696728e+01	1.088045e+02
3.380000e-06	5.337753e-06	1.581248e-09	3.705840e+01	1.088952e+02
3.390000e-06	5.350428e-06	1.582329e-09	3.714640e+01	1.089837e+02
3.400000e-06	5.362689e-06	1.583400e-09	3.723152e+01	1.090698e+02
3.410000e-06	5.374633e-06	1.585097e-09	3.731444e+01	1.091538e+02
3.420000e-06	5.386270e-06	1.585914e-09	3.739524e+01	1.092357e+02
3.430000e-06	5.397573e-06	1.588394e-09	3.747371e+01	1.093154e+02
3.440000e-06	5.408412e-06	1.590926e-09	3.754896e+01	1.093930e+02
3.450000e-06	5.418606e-06	1.591860e-09	3.761974e+01	1.094684e+02
3.460000e-06	5.428101e-06	1.592645e-09	3.768565e+01	1.095417e+02
3.470000e-06	5.436891e-06	1.594375e-09	3.774668e+01	1.096126e+02
3.480000e-06	5.445180e-06	1.596348e-09	3.780423e+01	1.096812e+02
3.490000e-06	5.453138e-06	1.599167e-09	3.785948e+01	1.097473e+02
3.500000e-06	5.460872e-06	1.603191e-09	3.791317e+01	1.098109e+02
3.510000e-06	5.468398e-06	1.606527e-09	3.796542e+01	1.098718e+02
3.520000e-06	5.475564e-06	1.608859e-09	3.801517e+01	1.099299e+02
3.530000e-06	5.482311e-06	1.610873e-09	3.806202e+01	1.099849e+02
3.540000e-06	5.488581e-06	1.612817e-09	3.810555e+01	1.100369e+02
3.550000e-06	5.494504e-06	1.612275e-09	3.814667e+01	1.100855e+02
3.560000e-06	5.500172e-06	1.611971e-09	3.818602e+01	1.101306e+02
3.570000e-06	5.505499e-06	1.612742e-09	3.822301e+01	1.101721e+02
3.580000e-06	5.510343e-06	1.613336e-09	3.825664e+01	1.102097e+02
3.590000e-06	5.514751e-06	1.615396e-09	3.828724e+01	1.102432e+02
3.600000e-06	5.518895e-06	1.619346e-09	3.831601e+01	1.102726e+02
3.610000e-06	5.522785e-06	1.624078e-09	3.834301e+01	1.102975e+02
3.620000e-06	5.526444e-06	1.628955e-09	3.836842e+01	1.103179e+02
3.630000e-06	5.529825e-06	1.631141e-09	3.839189e+01	1.103335e+02
3.640000e-06	5.532892e-06	1.630147e-09	3.841318e+01	1.103441e+02
3.650000e-06	5.535411e-06	1.630051e-09	3.843067e+01	1.103498e+02
3.660000e-06	5.537265e-06	1.630840e-09	3.844355e+01	1.103503e+02
3.670000e-06	5.538559e-06	1.630928e-09	3.845253e+01	1.103454e+02
3.680000e-06	5.539337e-06	1.632701e-09	3.845794e+01	1.103352e+02
3.690000e-06	5.539635e-06	1.634580e-09	3.846000e+01	1.103194e+02
3.700000e-06	5.539610e-06	1.635383e-09	3.845982e+01	1.102981e+02
3.710000e-06	5.539279e-06	1.634928e-09	3.845753e+01	1.102712e+02
3.720000e-06	5.538710e-06	1.630797e-09	3.845358e+01	1.102386e+02
3.730000e-06	5.537947e-06	1.624751e-09	3.844828e+01	1.102004e+02
3.740000e-06	5.536697e-06	1.619213e-09	3.843960e+01	1.101566e+02
3.750000e-06	5.534969e-06	1.618861e-09	3.842761e+01	1.101072e+02
3.760000e-06	5.532942e-06	1.631266e-09	3.841353e+01	1.100522e+02
3.770000e-06	5.530587e-06	1.637199e-09	3.839719e+01	1.099918e+02
3.780000e-06	5.527910e-06	1.579397e-09	3.837860e+01	1.099260e+02
3.790000e-06	5.524649e-06	1.513267e-09	3.835596e+01	1.098549e+02
3.800000e-06	5.520732e-06	1.610104e-09	3.832876e+01	1.097787e+02
3.810000e-06	5.516493e-06	1.744927e-09	3.829933e+01	1.096976e+02
3.820000e-06	5.512158e-06	1.665201e-09	3.826924e+01	1.096117e+02
3.830000e-06	5.507833e-06	1.517055e-09	3.823921e+01	1.095211e+02
3.840000e-06	5.503066e-06	1.574202e-09	3.820612e+01	1.094262e+02
3.850000e-06	5.497434e-06	1.715355e-09	3.816701e+01	1.093270e+02
3.860000e-06	5.491401e-06	1.665160e-09	3.812513e+01	1.092238e+02
3.870000e-06	5.485484e-06	1.514312e-09	3.808405e+01	1.091169e+02
3.880000e-06	5.479160e-06	1.632957e-09	3.804014e+01	1.090064e+02
3.890000e-06	5.471785e-06	1.848201e-09	3.798894e+01	1.088925e+02
3.900000e-06	5.463852e-06	1.730709e-09	3.793386e+01	1.087756e+02
3.910000e-06	5.455936e-06	1.478901e-09	3.787890e+01	1.086557e+02
3.920000e-06	5.447648e-06	1.550824e-09	3.782137e+01	1.085332e+02
3.930000e-06	5.438718e-06	1.793938e-09	3.775936e+01	1.084082e+02
3.940000e-06	5.429583e-06	1.727306e-09	3.769595e+01	1.082810e+02
3.950000e-06	5.420405e-06	1.564860e-09	3.763222e+01	1.081516e+02
3.960000e-06	5.410638e-06	1.633007e-09	3.756442e+01	1.080204e+02
3.970000e-06	5.400115e-06	1.749560e-09	3.749136e+01	1.078873e+02
3.980000e-06	5.389448e-06	1.641174e-09	3.741730e+01	1.077526e+02
3.990000e-06	5.378656e-06	1.576246e-09	3.734237e+01	1.076165e+02
4.000000e-06	5.367189e-06	1.682342e-09	3.726276e+01	1.074788e+02
4.010000e-06	5.355272e-06	1.733104e-09	3.718002e+01	1.073398e+02
4.020000e-06	5.343245e-06	1.672545e-09	3.709653e+01	1.071995e+02
4.030000e-06	5.330749e-06	1.671936e-09	3.700977e+01	1.070579e+02
4.040000e-06	5.317492e-06	1.720728e-09	3.691773e+01	1.069149e+02
4.050000e-06	5.303937e-06	1.718402e-09	3.682362e+01	1.067706e+02
4.060000e-06	5.290164e-06	1.683659e-09	3.672800e+01	1.066248e+02
4.070000e-06	5.275479e-06	1.661227e-09	3.662605e+01	1.064776e+02
4.080000e-06	5.259981e-06	1.690769e-09	3.651845e+01	1.063287e+02
4.090000e-06	5.244304e-06	1.738474e-09	3.640961e+01	1.061780e+02
4.100000e-06	5.228352e-06	1.683925e-09	3.629886e+01	1.060255e+02
4.110000e-06	5.211943e-06	1.606861e-09	3.618493e+01	1.058708e+02
4.120000e-06	5.195226e-06	1.700984e-09	3.606887e+01	1.057137e+02
4.130000e-06	5.178336e-06	1.763949e-09	3.595161e+01	1.055541e+02
4.140000e-06	5.160955e-06	1.638204e-09	3.583094e+01	1.053917e+02
4.150000e-06	5.143060e-06	1.609514e-09	3.570670e+01	1.052263e+02
4.160000e-06	5.124972e-06	1.743668e-09	3.558112e+01	1.050575e+02
4.170000e-06	5.106538e-06	1.674015e-09	3.545314e+01	1.048850e+02
4.180000e-06	5.087731e-06	1.562316e-09	3.532257e+01	1.047087e+02
4.190000e-06	5.068652e-06	1.688555e-09	3.519011e+01	1.045281e+02
4.200000e-06	5.049256e-06	1.731325e-09	3.505545e+01	1.043429e+02
4.210000e-06	5.029425e-06	1.572765e-09	3.491777e+01	1.041530e+02
4.220000e-06	5.009316e-06	1.623224e-09	3.477816e+01	1.039579e+02
4.230000e-06	4.989060e-06	1.729468e-09	3.463752e+01	1.037573e+02
4.240000e-06	4.968576e-06	1.606654e-09	3.449531e+01	1.035511e+02
4.250000e-06	4.947895e-06	1.578063e-09	3.435173e+01	1.033388e+02
4.260000e-06	4.926837e-06	1.711828e-09	3.420553e+01	1.031203e+02
4.270000e-06	4.905082e-06	1.639077e-09	3.405449e+01	1.028952e+02
4.280000e-06	4.882636e-06	1.553458e-09	3.389866e+01	1.026634e+02
4.290000e-06	4.859730e-06	1.671656e-09	3.373963e+01	1.024247e+02
4.300000e-06	4.836345e-06	1.668956e-09	3.357727e+01	1.021788e+02
4.310000e-06	4.812520e-06	1.545807e-09	3.341186e+01	1.019256e+02
4.320000e-06	4.788500e-06	1.612209e-09	3.324510e+01	1.016649e+02
4.330000e-06	4.764263e-06	1.679097e-09	3.307683e+01	1.013966e+02
4.340000e-06	4.739720e-06	1.589716e-09	3.290644e+01	1.011207e+02
4.350000e-06	4.714953e-06	1.586815e-09	3.273448e+01	1.008371e+02
4.360000e-06	4.689935e-06	1.649486e-09	3.256079e+01	1.005457e+02
4.370000e-06	4.664457e-06	1.598639e-09	3.238391e+01	1.002466e+02
4.380000e-06	4.638567e-06	1.568670e-09	3.220416e+01	9.993976e+01
4.390000e-06	4.612462e-06	1.619780e-09	3.202292e+01	9.962525e+01
4.400000e-06	4.585981e-06	1.602545e-09	3.183907e+01	9.930314e+01
4.410000e-06	4.559142e-06	1.561614e-09	3.165274e+01	9.897355e+01
4.420000e-06	4.532136e-06	1.585080e-09	3.146524e+01	9.863660e+01
4.430000e-06	4.504761e-06	1.593286e-09	3.127519e+01	9.829246e+01
4.440000e-06	4.477038e-06	1.558044e-09	3.108272e+01	9.794128e+01
4.450000e-06	4.449119e-06	1.557406e-09	3.088888e+01	9.758328e+01
4.460000e-06	4.421005e-06	1.564484e-09	3.069369e+01	9.721866e+01
4.470000e-06	4.392703e-06	1.545760e-09	3.049720e+01	9.684764e+01
4.480000e-06	4.364230e-06	1.540459e-09	3.029952e+01	9.647046e+01
4.490000e-06	4.335460e-06	1.551615e-09	3.009978e+01	9.608738e+01
4.500000e-06	4.306085e-06	1.533862e-09	2.989584e+01	9.569864e+01
4.510000e-06	4.276163e-06	1.519220e-09	2.968810e+01	9.530451e+01
4.520000e-06	4.245917e-06	1.525000e-09	2.947811e+01	9.490524e+01
4.530000e-06	4.215305e-06	1.518437e-09	2.926558e+01	9.450110e+01
4.540000e-06	4.184162e-06	1.503954e-09	2.904936e+01	9.409233e+01
4.550000e-06	4.152559e-06	1.511996e-09	2.882996e+01	9.367919e+01
4.560000e-06	4.120698e-06	1.506779e-09	2.860875e+01	9.326191e+01
4.570000e-06	4.088610e-06	1.487796e-09	2.838597e+01	9.284072e+01
4.580000e-06	4.056345e-06	1.489798e-09	2.816197e+01	9.241583e+01
4.590000e-06	4.023939e-06	1.492829e-09	2.793698e+01	9.198744e+01
4.600000e-06	3.991322e-06	1.469910e-09	2.771053e+01	9.155571e+01
4.610000e-06	3.958348e-06	1.461230e-09	2.748161e+01	9.112082e+01
4.620000e-06	3.924968e-06	1.471121e-09	2.724986e+01	9.068288e+01
4.630000e-06	3.891356e-06	1.461996e-09	2.701650e+01	9.024202e+01
4.640000e-06	3.857569e-06	1.450964e-09	2.678193e+01	8.979832e+01
4.650000e-06	3.823557e-06	1.458365e-09	2.654579e+01	8.935184e+01
4.660000e-06	3.789316e-06	1.450593e-09	2.630807e+01	8.890261e+01
4.670000e-06	3.754824e-06	1.426728e-09	2.606860e+01	8.845065e+01
4.680000e-06	3.720099e-06	1.425498e-09	2.582751e+01	8.799594e+01
4.690000e-06	3.685076e-06	1.428057e-09	2.558437e+01	8.753844e+01
4.700000e-06	3.649684e-06	1.408665e-09	2.533865e+01	8.707807e+01
4.710000e-06	3.614076e-06	1.399367e-09	2.509143e+01	8.661476e+01
4.720000e-06	3.578331e-06	1.409762e-09	2.484326e+01	8.614838e+01
4.730000e-06	3.542374e-06	1.403644e-09	2.459362e+01	8.567880e+01
4.740000e-06	3.506262e-06	1.389772e-09	2.434291e+01	8.520586e+01
4.750000e-06	3.470044e-06	1.386342e-09	2.409146e+01	8.472939e+01
4.760000e-06	3.433674e-06	1.376219e-09	2.383895e+01	8.424919e+01
4.770000e-06	3.397071e-06	1.355857e-09	2.358483e+01	8.376505e+01
4.780000e-06	3.360282e-06	1.352813e-09	2.332942e+01	8.327674e+01
4.790000e-06	3.323221e-06	1.356715e-09	2.307212e+01	8.278405e+01
4.800000e-06	3.285793e-06	1.347833e-09	2.281226e+01	8.228672e+01
4.810000e-06	3.248070e-06	1.339460e-09	2.255036e+01	8.178451e+01
4.820000e-06	3.209908e-06	1.341015e-09	2.228541e+01	8.127716e+01
4.830000e-06	3.171238e-06	1.331192e-09	2.201694e+01	8.076443e+01
4.840000e-06	3.132178e-06	1.316194e-09	2.174576e+01	8.024604e+01
4.850000e-06	3.092801e-06	1.310119e-09	2.147238e+01	7.972176e+01
4.860000e-06	3.053226e-06	1.303543e-09	2.119762e+01	7.919133e+01
4.870000e-06	3.013479e-06	1.289458e-09	2.092167e+01	7.865451e+01
4.880000e-06	2.973547e-06	1.281882e-09	2.064443e+01	7.811106e+01
4.890000e-06	2.933424e-06	1.277762e-09	2.036587e+01	7.756076e+01
4.900000e-06	2.893090e-06	1.264411e-09	2.008584e+01	7.700339e+01
4.910000e-06	2.852626e-06	1.253277e-09	1.980491e+01	7.643874e+01
4.920000e-06	2.812083e-06	1.249637e-09	1.952344e+01	7.586662e+01
4.930000e-06	2.771388e-06	1.242579e-09	1.924090e+01	7.528685e+01
4.940000e-06	2.730564e-06	1.234366e-09	1.895748e+01	7.469926e+01
4.950000e-06	2.689525e-06	1.228850e-09	1.867256e+01	7.410369e+01
4.960000e-06	2.648236e-06	1.218078e-09	1.838590e+01	7.349999e+01
4.970000e-06	2.606820e-06	1.202948e-09	1.809836e+01	7.288805e+01
4.980000e-06	2.565264e-06	1.193497e-09	1.780985e+01	7.226773e+01
4.990000e-06	2.523553e-06	1.187438e-09	1.752026e+01	7.163892e+01
5.000000e-06	2.481614e-06	1.176117e-09	1.722909e+01	7.100153e+01
5.010000e-06	2.439539e-06	1.165933e-09	1.693698e+01	7.035546e+01
5.020000e-06	2.397366e-06	1.156908e-09	1.664418e+01	6.970062e+01
5.030000e-06	2.354964e-06	1.144265e-09	1.634980e+01	6.903693e+01
5.040000e-06	2.312418e-06	1.131533e-09	1.605442e+01	6.836429e+01
5.050000e-06	2.269722e-06	1.122368e-09	1.575799e+01	6.768264e+01
5.060000e-06	2.226769e-06	1.112201e-09	1.545978e+01	6.699189e+01
5.070000e-06	2.183698e-06	1.099797e-09	1.516075e+01	6.629194e+01
5.080000e-06	2.140505e-06	1.089057e-09	1.486087e+01	6.558269e+01
5.090000e-06	2.097131e-06	1.083053e-09	1.455974e+01	6.486404e+01
5.100000e-06	2.053649e-06	1.076504e-09	1.425786e+01	6.413588e+01
5.110000e-06	2.010009e-06	1.067515e-09	1.395488e+01	6.339806e+01
5.120000e-06	1.966197e-06	1.058375e-09	1.365071e+01	6.265044e+01
5.130000e-06	1.922271e-06	1.048962e-09	1.334575e+01	6.189284e+01
5.140000e-06	1.878270e-06	1.039064e-09	1.304025e+01	6.112508e+01
5.150000e-06	1.834203e-06	1.027399e-09	1.273431e+01	6.034696e+01
5.160000e-06	1.790044e-06	1.014960e-09	1.242773e+01	5.955822e+01
5.170000e-06	1.745839e-06	1.002508e-09	1.212083e+01	5.875862e+01
5.180000e-06	1.701588e-06	9.891236e-10	1.181360e+01	5.794786e+01
5.190000e-06	1.657201e-06	9.758702e-10	1.150544e+01	5.712564e+01
5.200000e-06	1.612702e-06	9.626213e-10	1.119650e+01	5.629162e+01
5.210000e-06	1.568102e-06	9.509097e-10	1.088685e+01	5.544542e+01
5.220000e-06	1.523487e-06	9.418723e-10	1.057711e+01	5.458665e+01
5.230000e-06	1.478822e-06	9.323977e-10	1.026701e+01	5.371491e+01
5.240000e-06	1.434098e-06	9.187067e-10	9.956507e+00	5.282973e+01
5.250000e-06	1.389380e-06	9.040913e-10	9.646046e+00	5.193065e+01
5.260000e-06	1.344489e-06	8.874538e-10	9.334376e+00	5.101718e+01
5.270000e-06	1.299352e-06	8.708789e-10	9.021006e+00	5.008882e+01
5.280000e-06	1.254099e-06	8.573445e-10	8.706831e+00	4.914502e+01
5.290000e-06	1.208800e-06	8.448725e-10	8.392332e+00	4.818526e+01
5.300000e-06	1.163367e-06	8.339204e-10	8.076904e+00	4.720898e+01
5.310000e-06	1.117848e-06	8.243963e-10	7.760881e+00	4.621562e+01
5.320000e-06	1.072251e-06	8.127627e-10	7.444312e+00	4.520462e+01
5.330000e-06	1.026568e-06	7.989789e-10	7.127148e+00	4.417541e+01
5.340000e-06	9.809100e-07	7.841936e-10	6.810160e+00	4.312742e+01
5.350000e-06	9.351499e-07	7.651737e-10	6.492462e+00	4.206012e+01
5.360000e-06	8.892809e-07	7.424618e-10	6.174007e+00	4.097297e+01
5.370000e-06	8.434001e-07	7.237410e-10	5.855471e+00	3.986544e+01
5.380000e-06	7.973397e-07	7.089511e-10	5.535687e+00	3.873705e+01
5.390000e-06	7.511286e-07	6.940067e-10	5.214858e+00	3.758732e+01
5.400000e-06	7.048761e-07	6.773394e-10	4.893740e+00	3.641583e+01
5.410000e-06	6.586149e-07	6.601505e-10	4.572563e+00	3.522218e+01
5.420000e-06	6.124033e-07	6.422346e-10	4.251730e+00	3.400601e+01
5.430000e-06	5.661527e-07	6.226163e-10	3.930626e+00	3.276703e+01
5.440000e-06	5.197663e-07	6.004547e-10	3.608579e+00	3.150498e+01
5.450000e-06	4.733016e-07	5.739527e-10	3.285989e+00	3.021966e+01
5.460000e-06	4.268841e-07	5.483440e-10	2.963727e+00	2.891095e+01
5.470000e-06	3.804298e-07	5.258881e-10	2.641209e+00	2.757877e+01
5.480000e-06	3.339227e-07	5.085986e-10	2.318324e+00	2.622312e+01
5.490000e-06	2.873863e-07	4.911634e-10	1.995236e+00	2.484407e+01
5.500000e-06	2.408436e-07	4.686556e-10	1.672104e+00	2.344176e+01
5.510000e-06	1.943631e-07	4.427637e-10	1.349404e+00	2.201641e+01
5.520000e-06	1.478285e-07	4.140626e-10	1.026328e+00	2.056831e+01
5.530000e-06	1.012057e-07	3.870634e-10	7.026404e-01	1.909785e+01
5.540000e-06	5.460620e-08	3.623338e-10	3.791142e-01	1.760548e+01
5.550000e-06	8.058602e-09	3.395052e-10	5.594842e-02	1.609173e+01
5.560000e-06	-3.855596e-08	3.165990e-10	-2.676823e-01	1.455723e+01
5.570000e-06	-8.517730e-08	2.920034e-10	-5.913601e-01	1.300267e+01
5.580000e-06	-1.317398e-07	2.677200e-10	-9.146293e-01	1.142883e+01
5.590000e-06	-1.783659e-07	2.413854e-10	-1.238340e+00	9.836550e+00
5.600000e-06	-2.249424e-07	2.156270e-10	-1.561707e+00	8.226774e+00
5.610000e-06	-2.714408e-07	1.894175e-10	-1.884531e+00	6.600498e+00
5.620000e-06	-3.179896e-07	1.615150e-10	-2.207705e+00	4.958793e+00
5.630000e-06	-3.645075e-07	1.336177e-10	-2.530665e+00	3.302794e+00
5.640000e-06	-4.109205e-07	1.066451e-10	-2.852896e+00	1.633701e+00
5.650000e-06	-4.573020e-07	7.930319e-11	-3.174909e+00	-4.723123e-02
5.660000e-06	-5.036891e-07	5.131645e-11	-3.496961e+00	-1.738694e+00
5.670000e-06	-5.500178e-07	2.188039e-11	-3.818606e+00	-3.439331e+00
5.680000e-06	-5.963363e-07	-6.999574e-12	-4.140182e+00	-5.147743e+00
5.690000e-06	-6.425822e-07	-3.861430e-11	-4.461253e+00	-6.862497e+00
5.700000e-06	-6.887784e-07	-7.104432e-11	-4.781979e+00	-8.582125e+00
5.710000e-06	-7.349007e-07	-1.004336e-10	-5.102192e+00	-1.030514e+01
5.720000e-06	-7.809717e-07	-1.299250e-10	-5.422049e+00	-1.203003e+01
5.730000e-06	-8.271053e-07	-1.592651e-10	-5.742341e+00	-1.375527e+01
5.740000e-06	-8.731998e-07	-1.877916e-10	-6.062361e+00	-1.547935e+01
5.750000e-06	-9.190863e-07	-2.160182e-10	-6.380936e+00	-1.720072e+01
5.760000e-06	-9.648687e-07	-2.454640e-10	-6.698790e+00	-1.891789e+01
5.770000e-06	-1.010646e-06	-2.789820e-10	-7.016607e+00	-2.062933e+01
5.780000e-06	-1.056308e-06	-3.131043e-10	-7.333624e+00	-2.233358e+01
5.790000e-06	-1.101824e-06	-3.430301e-10	-7.649632e+00	-2.402916e+01
5.800000e-06	-1.147145e-06	-3.697738e-10	-7.964280e+00	-2.571465e+01
5.810000e-06	-1.192401e-06	-3.955239e-10	-8.278478e+00	-2.738866e+01
5.820000e-06	-1.237487e-06	-4.246230e-10	-8.591497e+00	-2.904985e+01
5.830000e-06	-1.282403e-06	-4.546043e-10	-8.903333e+00	-3.069691e+01
5.840000e-06	-1.327395e-06	-4.818959e-10	-9.215698e+00	-3.232859e+01
5.850000e-06	-1.372341e-06	-5.083074e-10	-9.527747e+00	-3.394371e+01
5.860000e-06	-1.417183e-06	-5.352741e-10	-9.839070e+00	-3.554113e+01
5.870000e-06	-1.461915e-06	-5.639839e-10	-1.014963e+01	-3.711978e+01
5.880000e-06	-1.506557e-06	-5.940619e-10	-1.045957e+01	-3.867868e+01
5.890000e-06	-1.551138e-06	-6.232103e-10	-1.076908e+01	-4.021688e+01
5.900000e-06	-1.595611e-06	-6.498593e-10	-1.107784e+01	-4.173354e+01
5.910000e-06	-1.640011e-06	-6.736203e-10	-1.138610e+01	-4.322786e+01
5.920000e-06	-1.684386e-06	-6.964316e-10	-1.169418e+01	-4.469914e+01
5.930000e-06	-1.728723e-06	-7.177245e-10	-1.200200e+01	-4.614675e+01
5.940000e-06	-1.772951e-06	-7.400278e-10	-1.230906e+01	-4.757014e+01
5.950000e-06	-1.817130e-06	-7.655106e-10	-1.261578e+01	-4.896883e+01
5.960000e-06	-1.861294e-06	-7.903629e-10	-1.292240e+01	-5.034241e+01
5.970000e-06	-1.905343e-06	-8.139025e-10	-1.322821e+01	-5.169057e+01
5.980000e-06	-1.949252e-06	-8.382304e-10	-1.353307e+01	-5.301304e+01
5.990000e-06	-1.993104e-06	-8.609636e-10	-1.383751e+01	-5.430966e+01
6.000000e-06	-2.036848e-06	-8.800703e-10	-1.414122e+01	-5.558031e+01
6.010000e-06	-2.080438e-06	-8.980542e-10	-1.444385e+01	-5.682496e+01
6.020000e-06	-2.123819e-06	-9.173136e-10	-1.474503e+01	-5.804363e+01
6.030000e-06	-2.166893e-06	-9.372267e-10	-1.504408e+01	-5.923642e+01
6.040000e-06	-2.209827e-06	-9.579581e-10	-1.534215e+01	-6.040348e+01
6.050000e-06	-2.252710e-06	-9.779961e-10	-1.563988e+01	-6.154502e+01
6.060000e-06	-2.295496e-06	-9.970186e-10	-1.593693e+01	-6.266130e+01
6.070000e-06	-2.338093e-06	-1.017402e-09	-1.623267e+01	-6.375262e+01
6.080000e-06	-2.380417e-06	-1.037362e-09	-1.652651e+01	-6.481936e+01
6.090000e-06	-2.422617e-06	-1.056423e-09	-1.681949e+01	-6.586190e+01
6.100000e-06	-2.464701e-06	-1.075999e-09	-1.711167e+01	-6.688069e+01
6.110000e-06	-2.506607e-06	-1.093440e-09	-1.740261e+01	-6.787621e+01
6.120000e-06	-2.548330e-06	-1.108702e-09	-1.769228e+01	-6.884894e+01
6.130000e-06	-2.589798e-06	-1.123094e-09	-1.798018e+01	-6.979943e+01
6.140000e-06	-2.631070e-06	-1.137627e-09	-1.826672e+01	-7.072823e+01
6.150000e-06	-2.672194e-06	-1.154013e-09	-1.855223e+01	-7.163590e+01
6.160000e-06	-2.713102e-06	-1.171286e-09	-1.883624e+01	-7.252302e+01
6.170000e-06	-2.753812e-06	-1.188714e-09	-1.911888e+01	-7.339020e+01
6.180000e-06	-2.794311e-06	-1.205999e-09	-1.940005e+01	-7.423804e+01
6.190000e-06	-2.834720e-06	-1.221316e-09	-1.968060e+01	-7.506714e+01
6.200000e-06	-2.875113e-06	-1.233895e-09	-1.996103e+01	-7.587811e+01
6.210000e-06	-2.915392e-06	-1.245844e-09	-2.024068e+01	-7.667155e+01
6.220000e-06	-2.955552e-06	-1.258652e-09	-2.051950e+01	-7.744807e+01
6.230000e-06	-2.995586e-06	-1.272574e-09	-2.079744e+01	-7.820826e+01
6.240000e-06	-3.035391e-06	-1.285828e-09	-2.107379e+01	-7.895269e+01
6.250000e-06	-3.074889e-06	-1.298866e-09	-2.134802e+01	-7.968193e+01
6.260000e-06	-3.114109e-06	-1.311353e-09	-2.162031e+01	-8.039654e+01
6.270000e-06	-3.153105e-06	-1.323130e-09	-2.189105e+01	-8.109705e+01
6.280000e-06	-3.191553e-06	-1.335978e-09	-2.215798e+01	-8.178398e+01
6.290000e-06	-3.229472e-06	-1.348267e-09	-2.242124e+01	-8.245783e+01
6.300000e-06	-3.267023e-06	-1.365905e-09	-2.268195e+01	-8.311907e+01
6.310000e-06	-3.304225e-06	-1.382703e-09	-2.294023e+01	-8.376815e+01
6.320000e-06	-3.341220e-06	-1.397323e-09	-2.319707e+01	-8.440552e+01
6.330000e-06	-3.377948e-06	-1.407958e-09	-2.345207e+01	-8.503156e+01
6.340000e-06	-3.414543e-06	-1.413131e-09	-2.370614e+01	-8.564667e+01
6.350000e-06	-3.450991e-06	-1.416386e-09	-2.395918e+01	-8.625120e+01
6.360000e-06	-3.487250e-06	-1.424072e-09	-2.421091e+01	-8.684548e+01
6.370000e-06	-3.523353e-06	-1.437307e-09	-2.446157e+01	-8.742983e+01
6.380000e-06	-3.559324e-06	-1.450549e-09	-2.471130e+01	-8.800453e+01
6.390000e-06	-3.595067e-06	-1.464725e-09	-2.495946e+01	-8.856982e+01
6.400000e-06	-3.630517e-06	-1.476261e-09	-2.520558e+01	-8.912596e+01
6.410000e-06	-3.665705e-06	-1.485299e-09	-2.544988e+01	-8.967315e+01
6.420000e-06	-3.700531e-06	-1.490602e-09	-2.569166e+01	-9.021158e+01
6.430000e-06	-3.735107e-06	-1.493174e-09	-2.593171e+01	-9.074142e+01
6.440000e-06	-3.769506e-06	-1.497442e-09	-2.617053e+01	-9.126282e+01
6.450000e-06	-3.803724e-06	-1.507806e-09	-2.640810e+01	-9.177589e+01
6.460000e-06	-3.837690e-06	-1.519521e-09	-2.664391e+01	-9.228075e+01
6.470000e-06	-3.871295e-06	-1.530326e-09	-2.687722e+01	-9.277749e+01
6.480000e-06	-3.904523e-06	-1.539811e-09	-2.710792e+01	-9.326617e+01
6.490000e-06	-3.937419e-06	-1.546754e-09	-2.733630e+01	-9.374685e+01
6.500000e-06	-3.970124e-06	-1.550421e-09	-2.756337e+01	-9.421958e+01
6.510000e-06	-4.002685e-06	-1.551894e-09	-2.778943e+01	-9.468439e+01
6.520000e-06	-4.035073e-06	-1.555377e-09	-2.801429e+01	-9.514127e+01
6.530000e-06	-4.067247e-06	-1.562384e-09	-2.823766e+01	-9.559025e+01
6.540000e-06	-4.099256e-06	-1.571356e-09	-2.845989e+01	-9.603132e+01
6.550000e-06	-4.130995e-06	-1.583073e-09	-2.868024e+01	-9.646445e+01
6.560000e-06	-4.162345e-06	-1.594512e-09	-2.889790e+01	-9.688964e+01
6.570000e-06	-4.193181e-06	-1.603846e-09	-2.911198e+01	-9.730685e+01
6.580000e-06	-4.223506e-06	-1.609131e-09	-2.932251e+01	-9.771604e+01
6.590000e-06	-4.253390e-06	-1.610934e-09	-2.952999e+01	-9.811720e+01
6.600000e-06	-4.282914e-06	-1.612905e-09	-2.973497e+01	-9.851027e+01
6.610000e-06	-4.312052e-06	-1.616720e-09	-2.993727e+01	-9.889522e+01
6.620000e-06	-4.340715e-06	-1.624066e-09	-3.013626e+01	-9.927201e+01
6.630000e-06	-4.369175e-06	-1.633025e-09	-3.033385e+01	-9.964061e+01
6.640000e-06	-4.397554e-06	-1.639494e-09	-3.053088e+01	-1.000010e+02
6.650000e-06	-4.425764e-06	-1.644773e-09	-3.072673e+01	-1.003531e+02
6.660000e-06	-4.453716e-06	-1.650053e-09	-3.092080e+01	-1.006969e+02
6.670000e-06	-4.481297e-06	-1.653987e-09	-3.111228e+01	-1.010324e+02
6.680000e-06	-4.508584e-06	-1.657187e-09	-3.130173e+01	-1.013596e+02
6.690000e-06	-4.535601e-06	-1.660742e-09	-3.148930e+01	-1.016784e+02
6.700000e-06	-4.562286e-06	-1.664290e-09	-3.167456e+01	-1.019889e+02
6.710000e-06	-4.588666e-06	-1.666540e-09	-3.185771e+01	-1.022912e+02
6.720000e-06	-4.614710e-06	-1.669982e-09	-3.203853e+01	-1.025851e+02
6.730000e-06	-4.640345e-06	-1.674650e-09	-3.221650e+01	-1.028707e+02
6.740000e-06	-4.665666e-06	-1.678534e-09	-3.239230e+01	-1.031481e+02
6.750000e-06	-4.690678e-06	-1.683151e-09	-3.256595e+01	-1.034174e+02
6.760000e-06	-4.715315e-06	-1.686888e-09	-3.273700e+01	-1.036785e+02
6.770000e-06	-4.739766e-06	-1.689881e-09	-3.290676e+01	-1.039316e+02
6.780000e-06	-4.763995e-06	-1.694013e-09	-3.307497e+01	-1.041768e+02
6.790000e-06	-4.787945e-06	-1.700265e-09	-3.324124e+01	-1.044142e+02
6.800000e-06	-4.811639e-06	-1.706479e-09	-3.340575e+01	-1.046438e+02
6.810000e-06	-4.835013e-06	-1.707880e-09	-3.356802e+01	-1.048658e+02
6.820000e-06	-4.857953e-06	-1.706605e-09	-3.372729e+01	-1.050804e+02
6.830000e-06	-4.880285e-06	-1.704291e-09	-3.388233e+01	-1.052877e+02
6.840000e-06	-4.902074e-06	-1.702098e-09	-3.403361e+01	-1.054878e+02
6.850000e-06	-4.923297e-06	-1.702121e-09	-3.418096e+01	-1.056810e+02
6.860000e-06	-4.944037e-06	-1.708028e-09	-3.432494e+01	-1.058674e+02
6.870000e-06	-4.964530e-06	-1.715562e-09	-3.446722e+01	-1.060472e+02
6.880000e-06	-4.984855e-06	-1.720502e-09	-3.460833e+01	-1.062206e+02
6.890000e-06	-5.005052e-06	-1.722040e-09	-3.474856e+01	-1.063879e+02
6.900000e-06	-5.024968e-06	-1.724101e-09	-3.488683e+01	-1.065492e+02
6.910000e-06	-5.044346e-06	-1.727513e-09	-3.502136e+01	-1.067048e+02
6.920000e-06	-5.063259e-06	-1.728844e-09	-3.515267e+01	-1.068549e+02
6.930000e-06	-5.081938e-06	-1.730179e-09	-3.528235e+01	-1.069997e+02
6.940000e-06	-5.100401e-06	-1.731091e-09	-3.541054e+01	-1.071394e+02
6.950000e-06	-5.118613e-06	-1.732811e-09	-3.553697e+01	-1.072744e+02
6.960000e-06	-5.136438e-06	-1.735184e-09	-3.566073e+01	-1.074047e+02
6.970000e-06	-5.153831e-06	-1.740126e-09	-3.578148e+01	-1.075308e+02
6.980000e-06	-5.170842e-06	-1.744034e-09	-3.589958e+01	-1.076527e+02
6.990000e-06	-5.187589e-06	-1.748108e-09	-3.601586e+01	-1.077706e+02
7.000000e-06	-5.204121e-06	-1.752471e-09	-3.613063e+01	-1.078849e+02
7.010000e-06	-5.220363e-06	-1.751389e-09	-3.624339e+01	-1.079958e+02
7.020000e-06	-5.236312e-06	-1.747260e-09	-3.635412e+01	-1.081033e+02
7.030000e-06	-5.251836e-06	-1.744429e-09	-3.646190e+01	-1.082077e+02
7.040000e-06	-5.266667e-06	-1.744819e-09	-3.656487e+01	-1.083092e+02
7.050000e-06	-5.280731e-06	-1.747989e-09	-3.666251e+01	-1.084079e+02
7.060000e-06	-5.294197e-06	-1.753154e-09	-3.675600e+01	-1.085039e+02
7.070000e-06	-5.307287e-06	-1.757845e-09	-3.684688e+01	-1.085975e+02
7.080000e-06	-5.320130e-06	-1.759236e-09	-3.693605e+01	-1.086886e+02
7.090000e-06	-5.332658e-06	-1.757445e-09	-3.702303e+01	-1.087775e+02
7.100000e-06	-5.344719e-06	-1.755501e-09	-3.710676e+01	-1.088640e+02
7.110000e-06	-5.356281e-06	-1.753451e-09	-3.718703e+01	-1.089485e+02
7.120000e-06	-5.367410e-06	-1.754248e-09	-3.726430e+01	-1.090307e+02
7.130000e-06	-5.378212e-06	-1.756627e-09	-3.733929e+01	-1.091108e+02
7.140000e-06	-5.388670e-06	-1.756211e-09	-3.741190e+01	-1.091888e+02
7.150000e-06	-5.398747e-06	-1.753403e-09	-3.748186e+01	-1.092647e+02
7.160000e-06	-5.408462e-06	-1.751744e-09	-3.754931e+01	-1.093383e+02
7.170000e-06	-5.417747e-06	-1.751122e-09	-3.761377e+01	-1.094097e+02
7.180000e-06	-5.426684e-06	-1.750959e-09	-3.767581e+01	-1.094787e+02
7.190000e-06	-5.435357e-06	-1.752181e-09	-3.773603e+01	-1.095453e+02
7.200000e-06	-5.443804e-06	-1.754675e-09	-3.779467e+01	-1.096094e+02
7.210000e-06	-5.452075e-06	-1.756157e-09	-3.785210e+01	-1.096707e+02
7.220000e-06	-5.459997e-06	-1.754475e-09	-3.790710e+01	-1.097293e+02
7.230000e-06	-5.467482e-06	-1.753160e-09	-3.795906e+01	-1.097850e+02
7.240000e-06	-5.474337e-06	-1.753890e-09	-3.800666e+01	-1.098375e+02
7.250000e-06	-5.480513e-06	-1.752760e-09	-3.804954e+01	-1.098867e+02
7.260000e-06	-5.486126e-06	-1.751209e-09	-3.808851e+01	-1.099325e+02
7.270000e-06	-5.491260e-06	-1.752641e-09	-3.812415e+01	-1.099746e+02
7.280000e-06	-5.496024e-06	-1.754319e-09	-3.815722e+01	-1.100129e+02
7.290000e-06	-5.500481e-06	-1.753567e-09	-3.818817e+01	-1.100472e+02
7.300000e-06	-5.504669e-06	-1.751102e-09	-3.821724e+01	-1.100773e+02
7.310000e-06	-5.508561e-06	-1.747306e-09	-3.824427e+01	-1.101030e+02
7.320000e-06	-5.512178e-06	-1.743179e-09	-3.826937e+01	-1.101242e+02
7.330000e-06	-5.515378e-06	-1.740153e-09	-3.829159e+01	-1.101406e+02
7.340000e-06	-5.518136e-06	-1.737025e-09	-3.831074e+01	-1.101522e+02
7.350000e-06	-5.520560e-06	-1.736585e-09	-3.832757e+01	-1.101587e+02
7.360000e-06	-5.522775e-06	-1.737255e-09	-3.834295e+01	-1.101601e+02
7.370000e-06	-5.524699e-06	-1.733778e-09	-3.835630e+01	-1.101562e+02
7.380000e-06	-5.526099e-06	-1.729470e-09	-3.836603e+01	-1.101469e+02
7.390000e-06	-5.527045e-06	-1.727034e-09	-3.837259e+01	-1.101321e+02
7.400000e-06	-5.527663e-06	-1.725739e-09	-3.837689e+01	-1.101118e+02
