# Temperatura_=_0.8
# Concentracion g/m^3_=_1620.0
# C_Vs_to_Am_M_A/Vsm_=_65563218390.804596
# pendiente_HvsI_1/m_=_3716.3
# ordenada_HvsI_A/m_=_1297.0
# frecuencia_Hz_=_135104.2804101318

Tiempo_(s)	Campo_(V.s)	Magnetizacion_(V.s)	Campo_(kA/m)	Magnetizacion_(A/m)
0.000000e+00	-5.508647e-06	-1.388967e-09	-3.837107e+01	-9.066162e+01
1.000000e-08	-5.508880e-06	-1.386891e-09	-3.837270e+01	-9.062194e+01
2.000000e-08	-5.508854e-06	-1.385772e-09	-3.837252e+01	-9.057855e+01
3.000000e-08	-5.508513e-06	-1.385846e-09	-3.837014e+01	-9.053143e+01
4.000000e-08	-5.507718e-06	-1.386957e-09	-3.836461e+01	-9.048059e+01
5.000000e-08	-5.506324e-06	-1.387970e-09	-3.835490e+01	-9.042602e+01
6.000000e-08	-5.504343e-06	-1.385008e-09	-3.834109e+01	-9.036770e+01
7.000000e-08	-5.501802e-06	-1.381776e-09	-3.832339e+01	-9.030563e+01
8.000000e-08	-5.498720e-06	-1.396679e-09	-3.830192e+01	-9.023980e+01
9.000000e-08	-5.495165e-06	-1.407563e-09	-3.827716e+01	-9.017018e+01
1.000000e-07	-5.491175e-06	-1.397098e-09	-3.824937e+01	-9.009675e+01
1.100000e-07	-5.486795e-06	-1.378302e-09	-3.821886e+01	-9.001952e+01
1.200000e-07	-5.482196e-06	-1.367457e-09	-3.818683e+01	-8.993845e+01
1.300000e-07	-5.477472e-06	-1.398700e-09	-3.815392e+01	-8.985353e+01
1.400000e-07	-5.472416e-06	-1.411913e-09	-3.811870e+01	-8.976475e+01
1.500000e-07	-5.466905e-06	-1.375907e-09	-3.808032e+01	-8.967209e+01
1.600000e-07	-5.461038e-06	-1.379344e-09	-3.803945e+01	-8.957555e+01
1.700000e-07	-5.454781e-06	-1.379470e-09	-3.799586e+01	-8.947512e+01
1.800000e-07	-5.448073e-06	-1.416770e-09	-3.794914e+01	-8.937078e+01
1.900000e-07	-5.440937e-06	-1.354517e-09	-3.789943e+01	-8.926253e+01
2.000000e-07	-5.433489e-06	-1.362398e-09	-3.784755e+01	-8.915038e+01
2.100000e-07	-5.425866e-06	-1.381495e-09	-3.779445e+01	-8.903432e+01
2.200000e-07	-5.418008e-06	-1.432141e-09	-3.773972e+01	-8.891436e+01
2.300000e-07	-5.409799e-06	-1.391184e-09	-3.768253e+01	-8.879051e+01
2.400000e-07	-5.401133e-06	-1.371955e-09	-3.762217e+01	-8.866278e+01
2.500000e-07	-5.391803e-06	-1.381622e-09	-3.755718e+01	-8.853118e+01
2.600000e-07	-5.381728e-06	-1.392726e-09	-3.748700e+01	-8.839574e+01
2.700000e-07	-5.371050e-06	-1.364947e-09	-3.741263e+01	-8.825647e+01
2.800000e-07	-5.359941e-06	-1.339186e-09	-3.733524e+01	-8.811339e+01
2.900000e-07	-5.348458e-06	-1.359451e-09	-3.725526e+01	-8.796654e+01
3.000000e-07	-5.336655e-06	-1.359506e-09	-3.717304e+01	-8.781594e+01
3.100000e-07	-5.324500e-06	-1.357457e-09	-3.708838e+01	-8.766161e+01
3.200000e-07	-5.311836e-06	-1.330899e-09	-3.700016e+01	-8.750360e+01
3.300000e-07	-5.298675e-06	-1.361514e-09	-3.690849e+01	-8.734193e+01
3.400000e-07	-5.285214e-06	-1.340525e-09	-3.681472e+01	-8.717663e+01
3.500000e-07	-5.271423e-06	-1.335227e-09	-3.671867e+01	-8.700774e+01
3.600000e-07	-5.257164e-06	-1.307415e-09	-3.661934e+01	-8.683529e+01
3.700000e-07	-5.242292e-06	-1.335236e-09	-3.651575e+01	-8.665931e+01
3.800000e-07	-5.226921e-06	-1.316775e-09	-3.640868e+01	-8.647982e+01
3.900000e-07	-5.211096e-06	-1.317595e-09	-3.629845e+01	-8.629687e+01
4.000000e-07	-5.194707e-06	-1.306427e-09	-3.618429e+01	-8.611048e+01
4.100000e-07	-5.178048e-06	-1.327875e-09	-3.606825e+01	-8.592067e+01
4.200000e-07	-5.161062e-06	-1.308839e-09	-3.594993e+01	-8.572746e+01
4.300000e-07	-5.143656e-06	-1.305161e-09	-3.582869e+01	-8.553088e+01
4.400000e-07	-5.125967e-06	-1.301621e-09	-3.570547e+01	-8.533093e+01
4.500000e-07	-5.108007e-06	-1.311492e-09	-3.558037e+01	-8.512765e+01
4.600000e-07	-5.089668e-06	-1.285097e-09	-3.545263e+01	-8.492103e+01
4.700000e-07	-5.070829e-06	-1.283313e-09	-3.532141e+01	-8.471108e+01
4.800000e-07	-5.051622e-06	-1.300587e-09	-3.518762e+01	-8.449781e+01
4.900000e-07	-5.032177e-06	-1.307061e-09	-3.505217e+01	-8.428122e+01
5.000000e-07	-5.012532e-06	-1.282748e-09	-3.491533e+01	-8.406130e+01
5.100000e-07	-4.992713e-06	-1.273807e-09	-3.477728e+01	-8.383805e+01
5.200000e-07	-4.972628e-06	-1.274273e-09	-3.463738e+01	-8.361146e+01
5.300000e-07	-4.952107e-06	-1.262684e-09	-3.449444e+01	-8.338151e+01
5.400000e-07	-4.931173e-06	-1.258141e-09	-3.434862e+01	-8.314820e+01
5.500000e-07	-4.909970e-06	-1.260827e-09	-3.420092e+01	-8.291149e+01
5.600000e-07	-4.888469e-06	-1.252892e-09	-3.405116e+01	-8.267139e+01
5.700000e-07	-4.866624e-06	-1.237872e-09	-3.389899e+01	-8.242785e+01
5.800000e-07	-4.844354e-06	-1.248323e-09	-3.374387e+01	-8.218086e+01
5.900000e-07	-4.821672e-06	-1.245617e-09	-3.358587e+01	-8.193040e+01
6.000000e-07	-4.798720e-06	-1.235357e-09	-3.342600e+01	-8.167644e+01
6.100000e-07	-4.775562e-06	-1.232619e-09	-3.326469e+01	-8.141896e+01
6.200000e-07	-4.752129e-06	-1.246503e-09	-3.310147e+01	-8.115793e+01
6.300000e-07	-4.728457e-06	-1.232556e-09	-3.293658e+01	-8.089332e+01
6.400000e-07	-4.704548e-06	-1.228995e-09	-3.277004e+01	-8.062512e+01
6.500000e-07	-4.680231e-06	-1.224209e-09	-3.260065e+01	-8.035330e+01
6.600000e-07	-4.655534e-06	-1.219562e-09	-3.242862e+01	-8.007784e+01
6.700000e-07	-4.630302e-06	-1.200419e-09	-3.225287e+01	-7.979871e+01
6.800000e-07	-4.604312e-06	-1.204438e-09	-3.207183e+01	-7.951591e+01
6.900000e-07	-4.577848e-06	-1.201869e-09	-3.188749e+01	-7.922941e+01
7.000000e-07	-4.551041e-06	-1.201959e-09	-3.170077e+01	-7.893921e+01
7.100000e-07	-4.523857e-06	-1.190569e-09	-3.151141e+01	-7.864528e+01
7.200000e-07	-4.496450e-06	-1.190024e-09	-3.132050e+01	-7.834762e+01
7.300000e-07	-4.468866e-06	-1.182298e-09	-3.112837e+01	-7.804623e+01
7.400000e-07	-4.441107e-06	-1.177884e-09	-3.093501e+01	-7.774109e+01
7.500000e-07	-4.413173e-06	-1.168647e-09	-3.074043e+01	-7.743222e+01
7.600000e-07	-4.384986e-06	-1.168478e-09	-3.054409e+01	-7.711959e+01
7.700000e-07	-4.356488e-06	-1.160786e-09	-3.034559e+01	-7.680323e+01
7.800000e-07	-4.327630e-06	-1.153249e-09	-3.014457e+01	-7.648312e+01
7.900000e-07	-4.298396e-06	-1.150022e-09	-2.994094e+01	-7.615928e+01
8.000000e-07	-4.268901e-06	-1.147473e-09	-2.973549e+01	-7.583171e+01
8.100000e-07	-4.239148e-06	-1.131952e-09	-2.952824e+01	-7.550041e+01
8.200000e-07	-4.209064e-06	-1.119400e-09	-2.931869e+01	-7.516540e+01
8.300000e-07	-4.178681e-06	-1.117836e-09	-2.910705e+01	-7.482668e+01
8.400000e-07	-4.148017e-06	-1.111569e-09	-2.889346e+01	-7.448425e+01
8.500000e-07	-4.117020e-06	-1.104250e-09	-2.867754e+01	-7.413813e+01
8.600000e-07	-4.085809e-06	-1.101912e-09	-2.846014e+01	-7.378831e+01
8.700000e-07	-4.054384e-06	-1.101520e-09	-2.824125e+01	-7.343481e+01
8.800000e-07	-4.022761e-06	-1.091335e-09	-2.802097e+01	-7.307761e+01
8.900000e-07	-3.991029e-06	-1.087442e-09	-2.779994e+01	-7.271673e+01
9.000000e-07	-3.959033e-06	-1.079004e-09	-2.757707e+01	-7.235215e+01
9.100000e-07	-3.926705e-06	-1.069534e-09	-2.735189e+01	-7.198388e+01
9.200000e-07	-3.894067e-06	-1.057601e-09	-2.712454e+01	-7.161190e+01
9.300000e-07	-3.861052e-06	-1.054675e-09	-2.689457e+01	-7.123621e+01
9.400000e-07	-3.827635e-06	-1.047962e-09	-2.666181e+01	-7.085679e+01
9.500000e-07	-3.793744e-06	-1.045231e-09	-2.642573e+01	-7.047361e+01
9.600000e-07	-3.759388e-06	-1.041210e-09	-2.618642e+01	-7.008667e+01
9.700000e-07	-3.724590e-06	-1.037697e-09	-2.594403e+01	-6.969593e+01
9.800000e-07	-3.689393e-06	-1.025566e-09	-2.569886e+01	-6.930137e+01
9.900000e-07	-3.654001e-06	-1.019786e-09	-2.545234e+01	-6.890295e+01
1.000000e-06	-3.618484e-06	-1.011632e-09	-2.520494e+01	-6.850065e+01
1.010000e-06	-3.582850e-06	-1.005884e-09	-2.495672e+01	-6.809442e+01
1.020000e-06	-3.547111e-06	-1.000087e-09	-2.470778e+01	-6.768423e+01
1.030000e-06	-3.511208e-06	-9.977761e-10	-2.445770e+01	-6.727004e+01
1.040000e-06	-3.475116e-06	-9.900165e-10	-2.420629e+01	-6.685179e+01
1.050000e-06	-3.438852e-06	-9.840132e-10	-2.395369e+01	-6.642945e+01
1.060000e-06	-3.402304e-06	-9.771372e-10	-2.369912e+01	-6.600297e+01
1.070000e-06	-3.365416e-06	-9.680453e-10	-2.344217e+01	-6.557231e+01
1.080000e-06	-3.328290e-06	-9.568913e-10	-2.318357e+01	-6.513741e+01
1.090000e-06	-3.290950e-06	-9.507892e-10	-2.292347e+01	-6.469823e+01
1.100000e-06	-3.253313e-06	-9.459925e-10	-2.266130e+01	-6.425472e+01
1.110000e-06	-3.215428e-06	-9.398149e-10	-2.239741e+01	-6.380683e+01
1.120000e-06	-3.177309e-06	-9.350776e-10	-2.213189e+01	-6.335452e+01
1.130000e-06	-3.139024e-06	-9.285446e-10	-2.186521e+01	-6.289774e+01
1.140000e-06	-3.100552e-06	-9.195375e-10	-2.159723e+01	-6.243646e+01
1.150000e-06	-3.061805e-06	-9.075690e-10	-2.132733e+01	-6.197062e+01
1.160000e-06	-3.022852e-06	-8.984870e-10	-2.105600e+01	-6.150019e+01
1.170000e-06	-2.983674e-06	-8.892166e-10	-2.078310e+01	-6.102514e+01
1.180000e-06	-2.944306e-06	-8.826285e-10	-2.050888e+01	-6.054541e+01
1.190000e-06	-2.904843e-06	-8.766744e-10	-2.023399e+01	-6.006098e+01
1.200000e-06	-2.865261e-06	-8.711309e-10	-1.995829e+01	-5.957181e+01
1.210000e-06	-2.825537e-06	-8.621510e-10	-1.968158e+01	-5.907787e+01
1.220000e-06	-2.785661e-06	-8.541112e-10	-1.940382e+01	-5.857912e+01
1.230000e-06	-2.745648e-06	-8.428971e-10	-1.912510e+01	-5.807553e+01
1.240000e-06	-2.705493e-06	-8.328075e-10	-1.884540e+01	-5.756707e+01
1.250000e-06	-2.665110e-06	-8.240610e-10	-1.856411e+01	-5.705368e+01
1.260000e-06	-2.624463e-06	-8.203617e-10	-1.828098e+01	-5.653534e+01
1.270000e-06	-2.583551e-06	-8.137140e-10	-1.799600e+01	-5.601199e+01
1.280000e-06	-2.542437e-06	-8.075355e-10	-1.770962e+01	-5.548359e+01
1.290000e-06	-2.501128e-06	-8.010245e-10	-1.742187e+01	-5.495008e+01
1.300000e-06	-2.459513e-06	-7.927526e-10	-1.713200e+01	-5.441141e+01
1.310000e-06	-2.417623e-06	-7.807957e-10	-1.684021e+01	-5.386748e+01
1.320000e-06	-2.375498e-06	-7.704020e-10	-1.654679e+01	-5.331823e+01
1.330000e-06	-2.333010e-06	-7.611216e-10	-1.625083e+01	-5.276356e+01
1.340000e-06	-2.290188e-06	-7.521667e-10	-1.595255e+01	-5.220337e+01
1.350000e-06	-2.247085e-06	-7.435542e-10	-1.565231e+01	-5.163753e+01
1.360000e-06	-2.203746e-06	-7.348673e-10	-1.535043e+01	-5.106591e+01
1.370000e-06	-2.160284e-06	-7.234454e-10	-1.504769e+01	-5.048835e+01
1.380000e-06	-2.116708e-06	-7.107536e-10	-1.474416e+01	-4.990470e+01
1.390000e-06	-2.073050e-06	-6.972300e-10	-1.444005e+01	-4.931476e+01
1.400000e-06	-2.029344e-06	-6.823779e-10	-1.413561e+01	-4.871831e+01
1.410000e-06	-1.985576e-06	-6.703526e-10	-1.383074e+01	-4.811515e+01
1.420000e-06	-1.941735e-06	-6.618731e-10	-1.352537e+01	-4.750500e+01
1.430000e-06	-1.897818e-06	-6.526643e-10	-1.321946e+01	-4.688760e+01
1.440000e-06	-1.853751e-06	-6.426630e-10	-1.291250e+01	-4.626266e+01
1.450000e-06	-1.809572e-06	-6.330868e-10	-1.260477e+01	-4.562985e+01
1.460000e-06	-1.765311e-06	-6.208005e-10	-1.229646e+01	-4.498883e+01
1.470000e-06	-1.721008e-06	-6.079283e-10	-1.198787e+01	-4.433924e+01
1.480000e-06	-1.676615e-06	-5.963718e-10	-1.167864e+01	-4.368070e+01
1.490000e-06	-1.631981e-06	-5.860069e-10	-1.136774e+01	-4.301279e+01
1.500000e-06	-1.587140e-06	-5.746955e-10	-1.105540e+01	-4.233509e+01
1.510000e-06	-1.542130e-06	-5.657131e-10	-1.074187e+01	-4.164714e+01
1.520000e-06	-1.496995e-06	-5.572662e-10	-1.042748e+01	-4.094849e+01
1.530000e-06	-1.451837e-06	-5.481868e-10	-1.011293e+01	-4.023864e+01
1.540000e-06	-1.406610e-06	-5.381302e-10	-9.797891e+00	-3.951710e+01
1.550000e-06	-1.361300e-06	-5.283087e-10	-9.482282e+00	-3.878337e+01
1.560000e-06	-1.315917e-06	-5.166184e-10	-9.166159e+00	-3.803692e+01
1.570000e-06	-1.270451e-06	-5.034236e-10	-8.849464e+00	-3.727722e+01
1.580000e-06	-1.224945e-06	-4.910429e-10	-8.532485e+00	-3.650375e+01
1.590000e-06	-1.179318e-06	-4.798669e-10	-8.214668e+00	-3.571598e+01
1.600000e-06	-1.133621e-06	-4.673793e-10	-7.896356e+00	-3.491337e+01
1.610000e-06	-1.087810e-06	-4.566962e-10	-7.577257e+00	-3.409540e+01
1.620000e-06	-1.041855e-06	-4.438654e-10	-7.257150e+00	-3.326157e+01
1.630000e-06	-9.958498e-07	-4.284183e-10	-6.936699e+00	-3.241138e+01
1.640000e-06	-9.497811e-07	-4.140177e-10	-6.615803e+00	-3.154433e+01
1.650000e-06	-9.035403e-07	-4.009769e-10	-6.293707e+00	-3.065998e+01
1.660000e-06	-8.572845e-07	-3.872930e-10	-5.971507e+00	-2.975790e+01
1.670000e-06	-8.111167e-07	-3.723819e-10	-5.649921e+00	-2.883767e+01
1.680000e-06	-7.648589e-07	-3.575931e-10	-5.327707e+00	-2.789893e+01
1.690000e-06	-7.185829e-07	-3.436118e-10	-5.005367e+00	-2.694135e+01
1.700000e-06	-6.722172e-07	-3.292706e-10	-4.682401e+00	-2.596463e+01
1.710000e-06	-6.257615e-07	-3.135785e-10	-4.358809e+00	-2.496855e+01
1.720000e-06	-5.793180e-07	-2.965779e-10	-4.035302e+00	-2.395289e+01
1.730000e-06	-5.328234e-07	-2.799492e-10	-3.711439e+00	-2.291752e+01
1.740000e-06	-4.862790e-07	-2.640283e-10	-3.387229e+00	-2.186236e+01
1.750000e-06	-4.396284e-07	-2.489645e-10	-3.062279e+00	-2.078737e+01
1.760000e-06	-3.929223e-07	-2.347088e-10	-2.736942e+00	-1.969260e+01
1.770000e-06	-3.462559e-07	-2.199460e-10	-2.411883e+00	-1.857815e+01
1.780000e-06	-2.995622e-07	-2.034797e-10	-2.086632e+00	-1.744417e+01
1.790000e-06	-2.528201e-07	-1.843864e-10	-1.761046e+00	-1.629091e+01
1.800000e-06	-2.060632e-07	-1.658126e-10	-1.435356e+00	-1.511867e+01
1.810000e-06	-1.592968e-07	-1.475877e-10	-1.109599e+00	-1.392782e+01
1.820000e-06	-1.125484e-07	-1.317207e-10	-7.839683e-01	-1.271880e+01
1.830000e-06	-6.580411e-08	-1.164465e-10	-4.583656e-01	-1.149213e+01
1.840000e-06	-1.910980e-08	-9.892488e-11	-1.331114e-01	-1.024839e+01
1.850000e-06	2.753251e-08	-7.972069e-11	1.917807e-01	-8.988233e+00
1.860000e-06	7.426100e-08	-6.085452e-11	5.172730e-01	-7.712384e+00
1.870000e-06	1.210691e-07	-4.193944e-11	8.433200e-01	-6.421627e+00
1.880000e-06	1.678112e-07	-2.326539e-11	1.168907e+00	-5.116811e+00
1.890000e-06	2.145512e-07	-7.557223e-12	1.494480e+00	-3.798850e+00
1.900000e-06	2.613134e-07	7.883769e-12	1.820206e+00	-2.468710e+00
1.910000e-06	3.080375e-07	2.362712e-11	2.145668e+00	-1.127415e+00
1.920000e-06	3.547008e-07	4.201744e-11	2.470706e+00	2.239601e-01
1.930000e-06	4.012832e-07	6.511579e-11	2.795181e+00	1.584297e+00
1.940000e-06	4.478553e-07	8.660383e-11	3.119584e+00	2.952434e+00
1.950000e-06	4.943882e-07	1.069020e-10	3.443714e+00	4.327173e+00
1.960000e-06	5.408879e-07	1.270238e-10	3.767612e+00	5.707286e+00
1.970000e-06	5.873809e-07	1.436894e-10	4.091465e+00	7.091516e+00
1.980000e-06	6.338239e-07	1.588348e-10	4.414969e+00	8.478590e+00
1.990000e-06	6.801324e-07	1.769920e-10	4.737536e+00	9.867217e+00
2.000000e-06	7.264200e-07	1.983071e-10	5.059957e+00	1.125610e+01
2.010000e-06	7.727632e-07	2.211203e-10	5.382765e+00	1.264393e+01
2.020000e-06	8.190030e-07	2.416594e-10	5.704854e+00	1.402942e+01
2.030000e-06	8.651682e-07	2.615124e-10	6.026422e+00	1.541128e+01
2.040000e-06	9.113036e-07	2.814782e-10	6.347783e+00	1.678823e+01
2.050000e-06	9.573044e-07	3.011918e-10	6.668207e+00	1.815902e+01
2.060000e-06	1.003261e-06	3.216444e-10	6.988323e+00	1.952242e+01
2.070000e-06	1.049203e-06	3.408072e-10	7.308339e+00	2.087725e+01
2.080000e-06	1.095004e-06	3.599591e-10	7.627366e+00	2.222235e+01
2.090000e-06	1.140685e-06	3.811463e-10	7.945566e+00	2.355660e+01
2.100000e-06	1.186323e-06	4.029923e-10	8.263458e+00	2.487893e+01
2.110000e-06	1.231876e-06	4.223170e-10	8.580767e+00	2.618834e+01
2.120000e-06	1.277323e-06	4.407833e-10	8.897331e+00	2.748386e+01
2.130000e-06	1.322671e-06	4.587419e-10	9.213209e+00	2.876460e+01
2.140000e-06	1.367891e-06	4.755787e-10	9.528191e+00	3.002971e+01
2.150000e-06	1.413021e-06	4.925262e-10	9.842548e+00	3.127843e+01
2.160000e-06	1.458113e-06	5.100312e-10	1.015664e+01	3.251005e+01
2.170000e-06	1.503154e-06	5.286900e-10	1.047038e+01	3.372393e+01
2.180000e-06	1.548082e-06	5.473472e-10	1.078333e+01	3.491950e+01
2.190000e-06	1.592873e-06	5.649032e-10	1.109533e+01	3.609628e+01
2.200000e-06	1.637550e-06	5.815376e-10	1.140653e+01	3.725385e+01
2.210000e-06	1.682158e-06	5.953554e-10	1.171725e+01	3.839184e+01
2.220000e-06	1.726576e-06	6.063399e-10	1.202665e+01	3.950999e+01
2.230000e-06	1.770790e-06	6.176468e-10	1.233463e+01	4.060808e+01
2.240000e-06	1.814902e-06	6.329527e-10	1.264189e+01	4.168596e+01
2.250000e-06	1.858900e-06	6.502072e-10	1.294837e+01	4.274358e+01
2.260000e-06	1.902803e-06	6.674791e-10	1.325418e+01	4.378091e+01
2.270000e-06	1.946621e-06	6.846492e-10	1.355940e+01	4.479800e+01
2.280000e-06	1.990371e-06	7.006075e-10	1.386414e+01	4.579498e+01
2.290000e-06	2.034082e-06	7.146960e-10	1.416862e+01	4.677199e+01
2.300000e-06	2.077757e-06	7.264102e-10	1.447284e+01	4.772926e+01
2.310000e-06	2.121344e-06	7.362333e-10	1.477645e+01	4.866704e+01
2.320000e-06	2.164832e-06	7.470880e-10	1.507937e+01	4.958566e+01
2.330000e-06	2.208182e-06	7.599480e-10	1.538133e+01	5.048544e+01
2.340000e-06	2.251330e-06	7.732791e-10	1.568188e+01	5.136678e+01
2.350000e-06	2.294263e-06	7.869698e-10	1.598093e+01	5.223007e+01
2.360000e-06	2.336958e-06	7.993852e-10	1.627833e+01	5.307577e+01
2.370000e-06	2.379381e-06	8.092579e-10	1.657383e+01	5.390431e+01
2.380000e-06	2.421554e-06	8.177679e-10	1.686759e+01	5.471618e+01
2.390000e-06	2.463600e-06	8.265139e-10	1.716047e+01	5.551185e+01
2.400000e-06	2.505333e-06	8.365222e-10	1.745117e+01	5.629182e+01
2.410000e-06	2.546591e-06	8.486109e-10	1.773855e+01	5.705659e+01
2.420000e-06	2.587539e-06	8.619153e-10	1.802378e+01	5.780664e+01
2.430000e-06	2.628271e-06	8.750483e-10	1.830750e+01	5.854246e+01
2.440000e-06	2.668773e-06	8.853731e-10	1.858963e+01	5.926453e+01
2.450000e-06	2.709043e-06	8.929698e-10	1.887013e+01	5.997332e+01
2.460000e-06	2.749086e-06	8.992712e-10	1.914905e+01	6.066927e+01
2.470000e-06	2.788961e-06	9.068149e-10	1.942680e+01	6.135283e+01
2.480000e-06	2.828745e-06	9.160153e-10	1.970393e+01	6.202440e+01
2.490000e-06	2.868435e-06	9.247323e-10	1.998040e+01	6.268437e+01
2.500000e-06	2.907983e-06	9.338425e-10	2.025587e+01	6.333310e+01
2.510000e-06	2.947414e-06	9.459105e-10	2.053053e+01	6.397095e+01
2.520000e-06	2.986735e-06	9.580277e-10	2.080442e+01	6.459820e+01
2.530000e-06	3.025837e-06	9.678391e-10	2.107679e+01	6.521516e+01
2.540000e-06	3.064720e-06	9.762265e-10	2.134764e+01	6.582206e+01
2.550000e-06	3.103361e-06	9.853571e-10	2.161680e+01	6.641915e+01
2.560000e-06	3.141682e-06	9.921849e-10	2.188373e+01	6.700661e+01
2.570000e-06	3.179795e-06	9.962239e-10	2.214920e+01	6.758462e+01
2.580000e-06	3.217744e-06	1.005855e-09	2.241354e+01	6.815332e+01
2.590000e-06	3.255485e-06	1.018563e-09	2.267643e+01	6.871282e+01
2.600000e-06	3.293005e-06	1.030684e-09	2.293778e+01	6.926322e+01
2.610000e-06	3.330318e-06	1.038256e-09	2.319769e+01	6.980459e+01
2.620000e-06	3.367397e-06	1.043163e-09	2.345596e+01	7.033698e+01
2.630000e-06	3.404239e-06	1.047978e-09	2.371260e+01	7.086042e+01
2.640000e-06	3.440868e-06	1.052186e-09	2.396774e+01	7.137492e+01
2.650000e-06	3.477153e-06	1.059124e-09	2.422048e+01	7.188047e+01
2.660000e-06	3.513132e-06	1.069184e-09	2.447110e+01	7.237708e+01
2.670000e-06	3.548955e-06	1.079016e-09	2.472063e+01	7.286470e+01
2.680000e-06	3.584672e-06	1.088308e-09	2.496942e+01	7.334333e+01
2.690000e-06	3.620289e-06	1.093429e-09	2.521751e+01	7.381291e+01
2.700000e-06	3.655754e-06	1.095230e-09	2.546454e+01	7.427342e+01
2.710000e-06	3.691091e-06	1.098512e-09	2.571069e+01	7.472482e+01
2.720000e-06	3.726228e-06	1.103920e-09	2.595544e+01	7.516707e+01
2.730000e-06	3.761036e-06	1.111710e-09	2.619790e+01	7.560016e+01
2.740000e-06	3.795422e-06	1.120870e-09	2.643742e+01	7.602404e+01
2.750000e-06	3.829297e-06	1.128300e-09	2.667338e+01	7.643872e+01
2.760000e-06	3.862661e-06	1.130343e-09	2.690578e+01	7.684420e+01
2.770000e-06	3.895515e-06	1.130646e-09	2.713463e+01	7.724047e+01
2.780000e-06	3.927968e-06	1.131347e-09	2.736068e+01	7.762758e+01
2.790000e-06	3.960073e-06	1.135325e-09	2.758432e+01	7.800555e+01
2.800000e-06	3.991951e-06	1.142602e-09	2.780636e+01	7.837444e+01
2.810000e-06	4.023696e-06	1.149211e-09	2.802749e+01	7.873433e+01
2.820000e-06	4.055281e-06	1.154096e-09	2.824750e+01	7.908530e+01
2.830000e-06	4.086686e-06	1.158271e-09	2.846625e+01	7.942746e+01
2.840000e-06	4.117918e-06	1.161289e-09	2.868380e+01	7.976093e+01
2.850000e-06	4.148938e-06	1.164983e-09	2.889988e+01	8.008586e+01
2.860000e-06	4.179666e-06	1.170436e-09	2.911392e+01	8.040240e+01
2.870000e-06	4.210002e-06	1.174019e-09	2.932522e+01	8.071072e+01
2.880000e-06	4.239957e-06	1.173719e-09	2.953388e+01	8.101101e+01
2.890000e-06	4.269697e-06	1.172317e-09	2.974103e+01	8.130349e+01
2.900000e-06	4.299162e-06	1.174225e-09	2.994627e+01	8.158835e+01
2.910000e-06	4.328310e-06	1.180299e-09	3.014931e+01	8.186584e+01
2.920000e-06	4.357188e-06	1.188042e-09	3.035046e+01	8.213619e+01
2.930000e-06	4.385735e-06	1.196186e-09	3.054931e+01	8.239965e+01
2.940000e-06	4.414026e-06	1.202440e-09	3.074638e+01	8.265646e+01
2.950000e-06	4.442111e-06	1.204766e-09	3.094200e+01	8.290690e+01
2.960000e-06	4.469951e-06	1.203677e-09	3.113593e+01	8.315122e+01
2.970000e-06	4.497580e-06	1.202828e-09	3.132837e+01	8.338968e+01
2.980000e-06	4.525062e-06	1.205285e-09	3.151980e+01	8.362255e+01
2.990000e-06	4.552339e-06	1.210031e-09	3.170981e+01	8.385010e+01
3.000000e-06	4.579216e-06	1.215268e-09	3.189702e+01	8.407257e+01
3.010000e-06	4.605590e-06	1.220936e-09	3.208073e+01	8.429022e+01
3.020000e-06	4.631408e-06	1.225486e-09	3.226057e+01	8.450329e+01
3.030000e-06	4.656622e-06	1.226691e-09	3.243620e+01	8.471202e+01
3.040000e-06	4.681227e-06	1.227110e-09	3.260759e+01	8.491664e+01
3.050000e-06	4.705389e-06	1.229846e-09	3.277589e+01	8.511734e+01
3.060000e-06	4.729305e-06	1.234619e-09	3.294248e+01	8.531434e+01
3.070000e-06	4.752997e-06	1.240155e-09	3.310751e+01	8.550782e+01
3.080000e-06	4.776444e-06	1.244348e-09	3.327084e+01	8.569794e+01
3.090000e-06	4.799609e-06	1.246577e-09	3.343220e+01	8.588486e+01
3.100000e-06	4.822468e-06	1.248367e-09	3.359142e+01	8.606872e+01
3.110000e-06	4.844987e-06	1.248831e-09	3.374828e+01	8.624962e+01
3.120000e-06	4.867145e-06	1.249195e-09	3.390262e+01	8.642769e+01
3.130000e-06	4.888971e-06	1.252775e-09	3.405465e+01	8.660299e+01
3.140000e-06	4.910488e-06	1.259162e-09	3.420453e+01	8.677560e+01
3.150000e-06	4.931645e-06	1.264824e-09	3.435190e+01	8.694557e+01
3.160000e-06	4.952453e-06	1.268179e-09	3.449685e+01	8.711292e+01
3.170000e-06	4.972957e-06	1.269452e-09	3.463967e+01	8.727768e+01
3.180000e-06	4.993163e-06	1.270648e-09	3.478041e+01	8.743984e+01
3.190000e-06	5.013091e-06	1.272971e-09	3.491922e+01	8.759940e+01
3.200000e-06	5.032785e-06	1.276794e-09	3.505640e+01	8.775631e+01
3.210000e-06	5.052277e-06	1.281960e-09	3.519218e+01	8.791055e+01
3.220000e-06	5.071510e-06	1.285911e-09	3.532615e+01	8.806205e+01
3.230000e-06	5.090394e-06	1.288303e-09	3.545769e+01	8.821077e+01
3.240000e-06	5.108912e-06	1.289232e-09	3.558668e+01	8.835661e+01
3.250000e-06	5.127023e-06	1.289442e-09	3.571283e+01	8.849952e+01
3.260000e-06	5.144613e-06	1.290855e-09	3.583535e+01	8.863938e+01
3.270000e-06	5.161746e-06	1.292788e-09	3.595470e+01	8.877613e+01
3.280000e-06	5.178502e-06	1.294993e-09	3.607141e+01	8.890965e+01
3.290000e-06	5.194921e-06	1.298091e-09	3.618578e+01	8.903986e+01
3.300000e-06	5.211147e-06	1.301334e-09	3.629880e+01	8.916665e+01
3.310000e-06	5.227062e-06	1.302994e-09	3.640966e+01	8.928992e+01
3.320000e-06	5.242415e-06	1.304175e-09	3.651661e+01	8.940958e+01
3.330000e-06	5.257182e-06	1.306133e-09	3.661947e+01	8.952553e+01
3.340000e-06	5.271512e-06	1.309180e-09	3.671928e+01	8.963768e+01
3.350000e-06	5.285511e-06	1.312012e-09	3.681680e+01	8.974593e+01
3.360000e-06	5.299149e-06	1.312813e-09	3.691179e+01	8.985022e+01
3.370000e-06	5.312406e-06	1.315948e-09	3.700414e+01	8.995046e+01
3.380000e-06	5.325198e-06	1.321124e-09	3.709324e+01	9.004658e+01
3.390000e-06	5.337552e-06	1.325266e-09	3.717929e+01	9.013852e+01
3.400000e-06	5.349591e-06	1.328335e-09	3.726315e+01	9.022622e+01
3.410000e-06	5.361345e-06	1.329296e-09	3.734503e+01	9.030965e+01
3.420000e-06	5.372774e-06	1.328596e-09	3.742463e+01	9.038875e+01
3.430000e-06	5.383764e-06	1.327853e-09	3.750118e+01	9.046350e+01
3.440000e-06	5.394158e-06	1.329020e-09	3.757359e+01	9.053387e+01
3.450000e-06	5.403976e-06	1.331677e-09	3.764198e+01	9.059986e+01
3.460000e-06	5.413182e-06	1.336403e-09	3.770610e+01	9.066145e+01
3.470000e-06	5.421757e-06	1.342645e-09	3.776583e+01	9.071864e+01
3.480000e-06	5.429925e-06	1.344969e-09	3.782273e+01	9.077144e+01
3.490000e-06	5.437861e-06	1.345862e-09	3.787800e+01	9.081987e+01
3.500000e-06	5.445588e-06	1.345826e-09	3.793183e+01	9.086395e+01
3.510000e-06	5.453002e-06	1.343866e-09	3.798347e+01	9.090369e+01
3.520000e-06	5.459996e-06	1.342537e-09	3.803219e+01	9.093913e+01
3.530000e-06	5.466567e-06	1.344529e-09	3.807796e+01	9.097030e+01
3.540000e-06	5.472755e-06	1.348759e-09	3.812106e+01	9.099724e+01
3.550000e-06	5.478601e-06	1.352633e-09	3.816178e+01	9.101999e+01
3.560000e-06	5.484161e-06	1.355031e-09	3.820051e+01	9.103859e+01
3.570000e-06	5.489370e-06	1.355842e-09	3.823680e+01	9.105307e+01
3.580000e-06	5.494062e-06	1.356582e-09	3.826948e+01	9.106349e+01
3.590000e-06	5.498285e-06	1.356181e-09	3.829889e+01	9.106989e+01
3.600000e-06	5.502277e-06	1.355997e-09	3.832671e+01	9.107230e+01
3.610000e-06	5.506075e-06	1.357471e-09	3.835316e+01	9.107076e+01
3.620000e-06	5.509641e-06	1.359491e-09	3.837800e+01	9.106532e+01
3.630000e-06	5.512903e-06	1.361290e-09	3.840072e+01	9.105600e+01
3.640000e-06	5.515712e-06	1.363449e-09	3.842029e+01	9.104284e+01
3.650000e-06	5.518024e-06	1.365560e-09	3.843639e+01	9.102587e+01
3.660000e-06	5.519715e-06	1.366609e-09	3.844817e+01	9.100512e+01
3.670000e-06	5.520734e-06	1.366108e-09	3.845527e+01	9.098059e+01
3.680000e-06	5.521256e-06	1.367129e-09	3.845890e+01	9.095232e+01
3.690000e-06	5.521414e-06	1.367380e-09	3.846000e+01	9.092031e+01
3.700000e-06	5.521272e-06	1.366488e-09	3.845902e+01	9.088458e+01
3.710000e-06	5.520916e-06	1.366045e-09	3.845654e+01	9.084513e+01
3.720000e-06	5.520262e-06	1.364565e-09	3.845198e+01	9.080195e+01
3.730000e-06	5.519156e-06	1.362197e-09	3.844427e+01	9.075506e+01
3.740000e-06	5.517672e-06	1.362032e-09	3.843394e+01	9.070445e+01
3.750000e-06	5.515834e-06	1.365686e-09	3.842113e+01	9.065010e+01
3.760000e-06	5.513644e-06	1.372050e-09	3.840588e+01	9.059202e+01
3.770000e-06	5.511207e-06	1.357597e-09	3.838891e+01	9.053018e+01
3.780000e-06	5.508353e-06	1.326916e-09	3.836903e+01	9.046457e+01
3.790000e-06	5.504891e-06	1.328904e-09	3.834491e+01	9.039518e+01
3.800000e-06	5.500895e-06	1.349199e-09	3.831707e+01	9.032199e+01
3.810000e-06	5.496618e-06	1.373863e-09	3.828728e+01	9.024499e+01
3.820000e-06	5.492310e-06	1.359350e-09	3.825728e+01	9.016415e+01
3.830000e-06	5.487866e-06	1.302624e-09	3.822632e+01	9.007947e+01
3.840000e-06	5.482905e-06	1.337918e-09	3.819177e+01	8.999093e+01
3.850000e-06	5.477369e-06	1.333084e-09	3.815320e+01	8.989852e+01
3.860000e-06	5.471421e-06	1.334533e-09	3.811177e+01	8.980221e+01
3.870000e-06	5.465172e-06	1.310979e-09	3.806825e+01	8.970202e+01
3.880000e-06	5.458398e-06	1.346590e-09	3.802106e+01	8.959792e+01
3.890000e-06	5.450902e-06	1.395020e-09	3.796884e+01	8.948991e+01
3.900000e-06	5.442987e-06	1.334976e-09	3.791371e+01	8.937800e+01
3.910000e-06	5.434799e-06	1.287518e-09	3.785668e+01	8.926218e+01
3.920000e-06	5.426245e-06	1.287656e-09	3.779709e+01	8.914246e+01
3.930000e-06	5.417350e-06	1.383645e-09	3.773513e+01	8.901885e+01
3.940000e-06	5.408140e-06	1.348454e-09	3.767098e+01	8.889136e+01
3.950000e-06	5.398587e-06	1.314562e-09	3.760444e+01	8.876000e+01
3.960000e-06	5.388551e-06	1.297659e-09	3.753453e+01	8.862479e+01
3.970000e-06	5.378088e-06	1.360332e-09	3.746165e+01	8.848575e+01
3.980000e-06	5.367363e-06	1.330231e-09	3.738695e+01	8.834291e+01
3.990000e-06	5.356325e-06	1.301718e-09	3.731006e+01	8.819629e+01
4.000000e-06	5.344802e-06	1.317116e-09	3.722980e+01	8.804591e+01
4.010000e-06	5.332817e-06	1.353351e-09	3.714631e+01	8.789182e+01
4.020000e-06	5.320527e-06	1.326886e-09	3.706070e+01	8.773402e+01
4.030000e-06	5.307784e-06	1.299992e-09	3.697194e+01	8.757257e+01
4.040000e-06	5.294538e-06	1.333423e-09	3.687968e+01	8.740749e+01
4.050000e-06	5.280940e-06	1.347003e-09	3.678496e+01	8.723881e+01
4.060000e-06	5.266831e-06	1.313040e-09	3.668668e+01	8.706657e+01
4.070000e-06	5.251882e-06	1.288864e-09	3.658255e+01	8.689080e+01
4.080000e-06	5.236310e-06	1.337328e-09	3.647408e+01	8.671152e+01
4.090000e-06	5.220426e-06	1.334763e-09	3.636344e+01	8.652877e+01
4.100000e-06	5.204254e-06	1.293294e-09	3.625079e+01	8.634258e+01
4.110000e-06	5.187844e-06	1.273041e-09	3.613649e+01	8.615297e+01
4.120000e-06	5.171190e-06	1.324935e-09	3.602048e+01	8.595996e+01
4.130000e-06	5.154155e-06	1.317805e-09	3.590182e+01	8.576357e+01
4.140000e-06	5.136687e-06	1.295296e-09	3.578015e+01	8.556383e+01
4.150000e-06	5.118817e-06	1.287019e-09	3.565567e+01	8.536073e+01
4.160000e-06	5.100671e-06	1.321100e-09	3.552928e+01	8.515431e+01
4.170000e-06	5.082235e-06	1.293974e-09	3.540085e+01	8.494455e+01
4.180000e-06	5.063419e-06	1.279263e-09	3.526979e+01	8.473148e+01
4.190000e-06	5.044260e-06	1.292194e-09	3.513634e+01	8.451508e+01
4.200000e-06	5.024740e-06	1.312988e-09	3.500037e+01	8.429535e+01
4.210000e-06	5.004862e-06	1.276802e-09	3.486191e+01	8.407229e+01
4.220000e-06	4.984757e-06	1.273716e-09	3.472186e+01	8.384590e+01
4.230000e-06	4.964443e-06	1.293718e-09	3.458036e+01	8.361615e+01
4.240000e-06	4.943843e-06	1.290422e-09	3.443687e+01	8.338303e+01
4.250000e-06	4.923060e-06	1.266633e-09	3.429210e+01	8.314652e+01
4.260000e-06	4.901935e-06	1.282380e-09	3.414495e+01	8.290661e+01
4.270000e-06	4.880156e-06	1.282290e-09	3.399325e+01	8.266328e+01
4.280000e-06	4.857704e-06	1.260890e-09	3.383686e+01	8.241650e+01
4.290000e-06	4.834713e-06	1.266363e-09	3.367672e+01	8.216624e+01
4.300000e-06	4.811280e-06	1.273939e-09	3.351349e+01	8.191249e+01
4.310000e-06	4.787488e-06	1.247990e-09	3.334776e+01	8.165522e+01
4.320000e-06	4.763460e-06	1.245817e-09	3.318039e+01	8.139440e+01
4.330000e-06	4.739214e-06	1.268868e-09	3.301151e+01	8.113001e+01
4.340000e-06	4.714701e-06	1.257602e-09	3.284075e+01	8.086202e+01
4.350000e-06	4.689887e-06	1.247537e-09	3.266791e+01	8.059042e+01
4.360000e-06	4.664782e-06	1.255989e-09	3.249304e+01	8.031518e+01
4.370000e-06	4.639304e-06	1.252794e-09	3.231557e+01	8.003627e+01
4.380000e-06	4.613423e-06	1.236590e-09	3.213529e+01	7.975369e+01
4.390000e-06	4.587212e-06	1.242096e-09	3.195272e+01	7.946742e+01
4.400000e-06	4.560701e-06	1.234512e-09	3.176805e+01	7.917744e+01
4.410000e-06	4.533848e-06	1.227273e-09	3.158101e+01	7.888374e+01
4.420000e-06	4.506662e-06	1.223479e-09	3.139164e+01	7.858631e+01
4.430000e-06	4.479187e-06	1.223297e-09	3.120026e+01	7.828514e+01
4.440000e-06	4.451436e-06	1.217550e-09	3.100696e+01	7.798023e+01
4.450000e-06	4.423461e-06	1.219995e-09	3.081209e+01	7.767158e+01
4.460000e-06	4.395299e-06	1.205091e-09	3.061593e+01	7.735919e+01
4.470000e-06	4.366995e-06	1.200035e-09	3.041877e+01	7.704305e+01
4.480000e-06	4.338525e-06	1.199257e-09	3.022046e+01	7.672317e+01
4.490000e-06	4.309772e-06	1.192803e-09	3.002018e+01	7.639955e+01
4.500000e-06	4.280560e-06	1.179868e-09	2.981670e+01	7.607221e+01
4.510000e-06	4.250694e-06	1.185557e-09	2.960866e+01	7.574114e+01
4.520000e-06	4.220230e-06	1.179592e-09	2.939646e+01	7.540635e+01
4.530000e-06	4.189382e-06	1.168510e-09	2.918159e+01	7.506786e+01
4.540000e-06	4.158117e-06	1.164592e-09	2.896381e+01	7.472565e+01
4.550000e-06	4.126456e-06	1.164081e-09	2.874327e+01	7.437975e+01
4.560000e-06	4.094501e-06	1.151545e-09	2.852069e+01	7.403016e+01
4.570000e-06	4.062364e-06	1.148596e-09	2.829683e+01	7.367688e+01
4.580000e-06	4.030122e-06	1.152007e-09	2.807225e+01	7.331990e+01
4.590000e-06	3.997754e-06	1.146202e-09	2.784678e+01	7.295924e+01
4.600000e-06	3.965177e-06	1.134747e-09	2.761986e+01	7.259489e+01
4.610000e-06	3.932300e-06	1.128431e-09	2.739086e+01	7.222684e+01
4.620000e-06	3.899076e-06	1.122921e-09	2.715943e+01	7.185509e+01
4.630000e-06	3.865480e-06	1.115540e-09	2.692542e+01	7.147962e+01
4.640000e-06	3.831613e-06	1.118470e-09	2.668951e+01	7.110043e+01
4.650000e-06	3.797603e-06	1.120294e-09	2.645261e+01	7.071748e+01
4.660000e-06	3.763390e-06	1.114825e-09	2.621430e+01	7.033077e+01
4.670000e-06	3.728890e-06	1.107131e-09	2.597399e+01	6.994026e+01
4.680000e-06	3.694091e-06	1.105245e-09	2.573159e+01	6.954594e+01
4.690000e-06	3.658979e-06	1.094763e-09	2.548701e+01	6.914776e+01
4.700000e-06	3.623626e-06	1.086200e-09	2.524076e+01	6.874570e+01
4.710000e-06	3.588129e-06	1.081529e-09	2.499350e+01	6.833971e+01
4.720000e-06	3.552425e-06	1.079198e-09	2.474480e+01	6.792977e+01
4.730000e-06	3.516481e-06	1.072132e-09	2.449443e+01	6.751582e+01
4.740000e-06	3.480394e-06	1.067985e-09	2.424306e+01	6.709783e+01
4.750000e-06	3.444170e-06	1.058551e-09	2.399074e+01	6.667575e+01
4.760000e-06	3.407787e-06	1.047649e-09	2.373731e+01	6.624954e+01
4.770000e-06	3.371274e-06	1.039741e-09	2.348297e+01	6.581914e+01
4.780000e-06	3.334626e-06	1.038150e-09	2.322769e+01	6.538451e+01
4.790000e-06	3.297672e-06	1.032983e-09	2.297029e+01	6.494560e+01
4.800000e-06	3.260293e-06	1.027693e-09	2.270992e+01	6.450237e+01
4.810000e-06	3.222521e-06	1.019649e-09	2.244681e+01	6.405476e+01
4.820000e-06	3.184306e-06	1.007985e-09	2.218063e+01	6.360274e+01
4.830000e-06	3.145671e-06	9.954710e-10	2.191151e+01	6.314625e+01
4.840000e-06	3.106804e-06	9.916172e-10	2.164078e+01	6.268526e+01
4.850000e-06	3.067656e-06	9.881717e-10	2.136808e+01	6.221972e+01
4.860000e-06	3.028189e-06	9.809762e-10	2.109318e+01	6.174959e+01
4.870000e-06	2.988424e-06	9.733900e-10	2.081619e+01	6.127484e+01
4.880000e-06	2.948402e-06	9.649030e-10	2.053741e+01	6.079542e+01
4.890000e-06	2.908218e-06	9.547498e-10	2.025750e+01	6.031130e+01
4.900000e-06	2.867953e-06	9.462209e-10	1.997704e+01	5.982244e+01
4.910000e-06	2.827611e-06	9.395250e-10	1.969603e+01	5.932882e+01
4.920000e-06	2.787100e-06	9.313533e-10	1.941384e+01	5.883039e+01
4.930000e-06	2.746461e-06	9.247120e-10	1.913077e+01	5.832712e+01
4.940000e-06	2.705703e-06	9.216631e-10	1.884686e+01	5.781897e+01
4.950000e-06	2.664728e-06	9.180302e-10	1.856145e+01	5.730591e+01
4.960000e-06	2.623572e-06	9.096509e-10	1.827477e+01	5.678790e+01
4.970000e-06	2.582268e-06	9.036924e-10	1.798707e+01	5.626489e+01
4.980000e-06	2.540727e-06	8.969161e-10	1.769771e+01	5.573683e+01
4.990000e-06	2.498965e-06	8.885739e-10	1.740681e+01	5.520366e+01
5.000000e-06	2.457021e-06	8.805880e-10	1.711464e+01	5.466533e+01
5.010000e-06	2.414993e-06	8.723819e-10	1.682190e+01	5.412176e+01
5.020000e-06	2.372896e-06	8.627454e-10	1.652866e+01	5.357288e+01
5.030000e-06	2.330643e-06	8.531781e-10	1.623434e+01	5.301858e+01
5.040000e-06	2.288219e-06	8.436885e-10	1.593883e+01	5.245876e+01
5.050000e-06	2.245602e-06	8.354818e-10	1.564198e+01	5.189332e+01
5.060000e-06	2.202819e-06	8.261282e-10	1.534397e+01	5.132210e+01
5.070000e-06	2.159878e-06	8.212442e-10	1.504486e+01	5.074496e+01
5.080000e-06	2.116739e-06	8.166638e-10	1.474437e+01	5.016174e+01
5.090000e-06	2.073426e-06	8.120614e-10	1.444268e+01	4.957224e+01
5.100000e-06	2.029961e-06	8.041683e-10	1.413991e+01	4.897627e+01
5.110000e-06	1.986325e-06	7.934670e-10	1.383596e+01	4.837358e+01
5.120000e-06	1.942547e-06	7.817477e-10	1.353102e+01	4.776394e+01
5.130000e-06	1.898674e-06	7.739603e-10	1.322541e+01	4.714707e+01
5.140000e-06	1.854679e-06	7.691662e-10	1.291897e+01	4.652269e+01
5.150000e-06	1.810598e-06	7.628775e-10	1.261191e+01	4.589046e+01
5.160000e-06	1.766515e-06	7.557155e-10	1.230485e+01	4.525006e+01
5.170000e-06	1.722354e-06	7.474314e-10	1.199724e+01	4.460111e+01
5.180000e-06	1.678083e-06	7.361016e-10	1.168887e+01	4.394325e+01
5.190000e-06	1.633744e-06	7.233958e-10	1.138002e+01	4.327605e+01
5.200000e-06	1.589345e-06	7.111569e-10	1.107075e+01	4.259910e+01
5.210000e-06	1.544935e-06	6.996232e-10	1.076141e+01	4.191194e+01
5.220000e-06	1.500502e-06	6.907747e-10	1.045191e+01	4.121411e+01
5.230000e-06	1.455981e-06	6.842540e-10	1.014179e+01	4.050513e+01
5.240000e-06	1.411363e-06	6.768237e-10	9.830998e+00	3.978450e+01
5.250000e-06	1.366718e-06	6.668770e-10	9.520024e+00	3.905172e+01
5.260000e-06	1.322030e-06	6.555290e-10	9.208739e+00	3.830626e+01
5.270000e-06	1.277184e-06	6.417798e-10	8.896365e+00	3.754761e+01
5.280000e-06	1.232233e-06	6.291132e-10	8.583253e+00	3.677522e+01
5.290000e-06	1.187276e-06	6.191314e-10	8.270102e+00	3.598857e+01
5.300000e-06	1.142184e-06	6.101314e-10	7.956006e+00	3.518713e+01
5.310000e-06	1.096708e-06	6.025723e-10	7.639240e+00	3.437039e+01
5.320000e-06	1.051012e-06	5.961245e-10	7.320937e+00	3.353781e+01
5.330000e-06	1.005375e-06	5.873435e-10	7.003046e+00	3.268891e+01
5.340000e-06	9.597408e-07	5.733130e-10	6.685178e+00	3.182321e+01
5.350000e-06	9.140378e-07	5.552345e-10	6.366829e+00	3.094023e+01
5.360000e-06	8.682467e-07	5.370193e-10	6.047866e+00	3.003956e+01
5.370000e-06	8.223357e-07	5.211886e-10	5.728067e+00	2.912077e+01
5.380000e-06	7.763494e-07	5.098036e-10	5.407745e+00	2.818350e+01
5.390000e-06	7.303370e-07	5.007363e-10	5.087241e+00	2.722742e+01
5.400000e-06	6.842381e-07	4.904578e-10	4.766134e+00	2.625222e+01
5.410000e-06	6.381173e-07	4.774038e-10	4.444874e+00	2.525767e+01
5.420000e-06	5.920553e-07	4.594319e-10	4.124025e+00	2.424357e+01
5.430000e-06	5.459320e-07	4.356900e-10	3.802748e+00	2.320976e+01
5.440000e-06	4.997111e-07	4.103961e-10	3.480792e+00	2.215617e+01
5.450000e-06	4.533743e-07	3.889990e-10	3.158027e+00	2.108275e+01
5.460000e-06	4.068694e-07	3.741230e-10	2.834093e+00	1.998954e+01
5.470000e-06	3.603509e-07	3.620551e-10	2.510063e+00	1.887664e+01
5.480000e-06	3.139209e-07	3.500777e-10	2.186650e+00	1.774419e+01
5.490000e-06	2.674803e-07	3.333444e-10	1.863163e+00	1.659245e+01
5.500000e-06	2.210421e-07	3.117649e-10	1.539692e+00	1.542169e+01
5.510000e-06	1.746189e-07	2.901534e-10	1.216327e+00	1.423228e+01
5.520000e-06	1.280989e-07	2.644799e-10	8.922869e-01	1.302468e+01
5.530000e-06	8.153175e-08	2.372079e-10	5.679182e-01	1.179937e+01
5.540000e-06	3.503494e-08	2.170253e-10	2.440397e-01	1.055695e+01
5.550000e-06	-1.137734e-08	2.007370e-10	-7.925011e-02	9.298048e+00
5.560000e-06	-5.786162e-08	1.854571e-10	-4.030414e-01	8.023393e+00
5.570000e-06	-1.044357e-07	1.695637e-10	-7.274580e-01	6.733763e+00
5.580000e-06	-1.508921e-07	1.524516e-10	-1.051055e+00	5.430001e+00
5.590000e-06	-1.972765e-07	1.315276e-10	-1.374151e+00	4.113013e+00
5.600000e-06	-2.437036e-07	1.095426e-10	-1.697544e+00	2.783766e+00
5.610000e-06	-2.901259e-07	8.562070e-11	-2.020903e+00	1.443276e+00
5.620000e-06	-3.365167e-07	6.042370e-11	-2.344043e+00	9.261408e-02
5.630000e-06	-3.829105e-07	3.730599e-11	-2.667204e+00	-1.267104e+00
5.640000e-06	-4.292798e-07	1.754973e-11	-2.990195e+00	-2.634721e+00
5.650000e-06	-4.754850e-07	-1.178593e-12	-3.312042e+00	-4.009041e+00
5.660000e-06	-5.215776e-07	-2.126798e-11	-3.633105e+00	-5.388838e+00
5.670000e-06	-5.677166e-07	-4.079184e-11	-3.954491e+00	-6.772858e+00
5.680000e-06	-6.138545e-07	-6.170356e-11	-4.275870e+00	-8.159829e+00
5.690000e-06	-6.599093e-07	-8.502420e-11	-4.596669e+00	-9.548460e+00
5.700000e-06	-7.058881e-07	-1.103179e-10	-4.916940e+00	-1.093745e+01
5.710000e-06	-7.518184e-07	-1.377935e-10	-5.236872e+00	-1.232551e+01
5.720000e-06	-7.976985e-07	-1.664660e-10	-5.556455e+00	-1.371133e+01
5.730000e-06	-8.434735e-07	-1.909452e-10	-5.875305e+00	-1.509362e+01
5.740000e-06	-8.891338e-07	-2.111743e-10	-6.193357e+00	-1.647111e+01
5.750000e-06	-9.346896e-07	-2.296944e-10	-6.510681e+00	-1.784255e+01
5.760000e-06	-9.802325e-07	-2.471896e-10	-6.827915e+00	-1.920670e+01
5.770000e-06	-1.025772e-06	-2.680501e-10	-7.145126e+00	-2.056237e+01
5.780000e-06	-1.071178e-06	-2.936882e-10	-7.461403e+00	-2.190841e+01
5.790000e-06	-1.116356e-06	-3.179725e-10	-7.776098e+00	-2.324368e+01
5.800000e-06	-1.161401e-06	-3.422935e-10	-8.089860e+00	-2.456714e+01
5.810000e-06	-1.206408e-06	-3.675050e-10	-8.403364e+00	-2.587775e+01
5.820000e-06	-1.251313e-06	-3.890704e-10	-8.716158e+00	-2.717454e+01
5.830000e-06	-1.296180e-06	-4.061138e-10	-9.028679e+00	-2.845663e+01
5.840000e-06	-1.340994e-06	-4.239767e-10	-9.340837e+00	-2.972316e+01
5.850000e-06	-1.385646e-06	-4.432310e-10	-9.651864e+00	-3.097336e+01
5.860000e-06	-1.430192e-06	-4.635364e-10	-9.962160e+00	-3.220651e+01
5.870000e-06	-1.474708e-06	-4.862138e-10	-1.027223e+01	-3.342197e+01
5.880000e-06	-1.519181e-06	-5.112943e-10	-1.058202e+01	-3.461918e+01
5.890000e-06	-1.563620e-06	-5.348366e-10	-1.089156e+01	-3.579763e+01
5.900000e-06	-1.607982e-06	-5.544327e-10	-1.120057e+01	-3.695689e+01
5.910000e-06	-1.652270e-06	-5.729216e-10	-1.150906e+01	-3.809661e+01
5.920000e-06	-1.696498e-06	-5.905030e-10	-1.181714e+01	-3.921651e+01
5.930000e-06	-1.740622e-06	-6.067125e-10	-1.212449e+01	-4.031636e+01
5.940000e-06	-1.784677e-06	-6.236200e-10	-1.243136e+01	-4.139602e+01
5.950000e-06	-1.828638e-06	-6.409417e-10	-1.273758e+01	-4.245540e+01
5.960000e-06	-1.872511e-06	-6.556776e-10	-1.304318e+01	-4.349451e+01
5.970000e-06	-1.916327e-06	-6.668890e-10	-1.334838e+01	-4.451337e+01
5.980000e-06	-1.960080e-06	-6.817682e-10	-1.365315e+01	-4.551210e+01
5.990000e-06	-2.003713e-06	-6.989870e-10	-1.395708e+01	-4.649085e+01
6.000000e-06	-2.047180e-06	-7.146925e-10	-1.425985e+01	-4.744984e+01
6.010000e-06	-2.090499e-06	-7.293662e-10	-1.456160e+01	-4.838933e+01
6.020000e-06	-2.133601e-06	-7.434042e-10	-1.486183e+01	-4.930961e+01
6.030000e-06	-2.176453e-06	-7.583316e-10	-1.516032e+01	-5.021103e+01
6.040000e-06	-2.219144e-06	-7.732149e-10	-1.545768e+01	-5.109397e+01
6.050000e-06	-2.261731e-06	-7.904223e-10	-1.575433e+01	-5.195884e+01
6.060000e-06	-2.304182e-06	-8.071889e-10	-1.605003e+01	-5.280607e+01
6.070000e-06	-2.346467e-06	-8.237998e-10	-1.634457e+01	-5.363611e+01
6.080000e-06	-2.388629e-06	-8.384996e-10	-1.663825e+01	-5.444943e+01
6.090000e-06	-2.430669e-06	-8.496087e-10	-1.693108e+01	-5.524652e+01
6.100000e-06	-2.472581e-06	-8.610147e-10	-1.722303e+01	-5.602787e+01
6.110000e-06	-2.514297e-06	-8.727776e-10	-1.751360e+01	-5.679396e+01
6.120000e-06	-2.555758e-06	-8.892294e-10	-1.780241e+01	-5.754531e+01
6.130000e-06	-2.597017e-06	-9.082491e-10	-1.808980e+01	-5.828238e+01
6.140000e-06	-2.638069e-06	-9.248729e-10	-1.837575e+01	-5.900566e+01
6.150000e-06	-2.678981e-06	-9.382933e-10	-1.866073e+01	-5.971562e+01
6.160000e-06	-2.719657e-06	-9.458686e-10	-1.894406e+01	-6.041272e+01
6.170000e-06	-2.760128e-06	-9.509532e-10	-1.922597e+01	-6.109737e+01
6.180000e-06	-2.800503e-06	-9.555702e-10	-1.950720e+01	-6.177001e+01
6.190000e-06	-2.840784e-06	-9.648434e-10	-1.978779e+01	-6.243102e+01
6.200000e-06	-2.881012e-06	-9.770932e-10	-2.006800e+01	-6.308076e+01
6.210000e-06	-2.921117e-06	-9.940638e-10	-2.034735e+01	-6.371958e+01
6.220000e-06	-2.961081e-06	-1.012497e-09	-2.062573e+01	-6.434779e+01
6.230000e-06	-3.000863e-06	-1.026671e-09	-2.090283e+01	-6.496568e+01
6.240000e-06	-3.040385e-06	-1.035343e-09	-2.117813e+01	-6.557350e+01
6.250000e-06	-3.079631e-06	-1.040419e-09	-2.145150e+01	-6.617148e+01
6.260000e-06	-3.118548e-06	-1.046072e-09	-2.172258e+01	-6.675982e+01
6.270000e-06	-3.157157e-06	-1.054026e-09	-2.199151e+01	-6.733870e+01
6.280000e-06	-3.195413e-06	-1.064737e-09	-2.225799e+01	-6.790825e+01
6.290000e-06	-3.233158e-06	-1.079263e-09	-2.252091e+01	-6.846860e+01
6.300000e-06	-3.270495e-06	-1.095134e-09	-2.278098e+01	-6.901984e+01
6.310000e-06	-3.307597e-06	-1.108626e-09	-2.303942e+01	-6.956205e+01
6.320000e-06	-3.344397e-06	-1.117313e-09	-2.329575e+01	-7.009527e+01
6.330000e-06	-3.380902e-06	-1.120654e-09	-2.355004e+01	-7.061954e+01
6.340000e-06	-3.417238e-06	-1.122734e-09	-2.380314e+01	-7.113486e+01
6.350000e-06	-3.453445e-06	-1.128880e-09	-2.405534e+01	-7.164125e+01
6.360000e-06	-3.489598e-06	-1.140412e-09	-2.430717e+01	-7.213868e+01
6.370000e-06	-3.525669e-06	-1.152258e-09	-2.455843e+01	-7.262715e+01
6.380000e-06	-3.561482e-06	-1.163284e-09	-2.480789e+01	-7.310661e+01
6.390000e-06	-3.597001e-06	-1.171332e-09	-2.505530e+01	-7.357703e+01
6.400000e-06	-3.632229e-06	-1.176662e-09	-2.530068e+01	-7.403838e+01
6.410000e-06	-3.667184e-06	-1.180757e-09	-2.554416e+01	-7.449062e+01
6.420000e-06	-3.701933e-06	-1.186366e-09	-2.578621e+01	-7.493373e+01
6.430000e-06	-3.736435e-06	-1.193895e-09	-2.602654e+01	-7.536766e+01
6.440000e-06	-3.770688e-06	-1.205015e-09	-2.626513e+01	-7.579239e+01
6.450000e-06	-3.804683e-06	-1.219060e-09	-2.650193e+01	-7.620793e+01
6.460000e-06	-3.838474e-06	-1.229742e-09	-2.673731e+01	-7.661425e+01
6.470000e-06	-3.872023e-06	-1.234954e-09	-2.697099e+01	-7.701138e+01
6.480000e-06	-3.905209e-06	-1.238869e-09	-2.720215e+01	-7.739933e+01
6.490000e-06	-3.938019e-06	-1.240847e-09	-2.743070e+01	-7.777815e+01
6.500000e-06	-3.970584e-06	-1.243556e-09	-2.765753e+01	-7.814788e+01
6.510000e-06	-4.002947e-06	-1.250393e-09	-2.788295e+01	-7.850860e+01
6.520000e-06	-4.035139e-06	-1.259537e-09	-2.810719e+01	-7.886039e+01
6.530000e-06	-4.067180e-06	-1.269576e-09	-2.833038e+01	-7.920336e+01
6.540000e-06	-4.098952e-06	-1.281345e-09	-2.855169e+01	-7.953764e+01
6.550000e-06	-4.130331e-06	-1.291993e-09	-2.877026e+01	-7.986336e+01
6.560000e-06	-4.161317e-06	-1.299496e-09	-2.898610e+01	-8.018067e+01
6.570000e-06	-4.191850e-06	-1.303241e-09	-2.919878e+01	-8.048976e+01
6.580000e-06	-4.221824e-06	-1.300396e-09	-2.940757e+01	-8.079080e+01
6.590000e-06	-4.251426e-06	-1.296308e-09	-2.961376e+01	-8.108400e+01
6.600000e-06	-4.280547e-06	-1.298972e-09	-2.981661e+01	-8.136958e+01
6.610000e-06	-4.309167e-06	-1.307758e-09	-3.001596e+01	-8.164776e+01
6.620000e-06	-4.337586e-06	-1.319628e-09	-3.021392e+01	-8.191877e+01
6.630000e-06	-4.365904e-06	-1.331606e-09	-3.041117e+01	-8.218288e+01
6.640000e-06	-4.394093e-06	-1.340273e-09	-3.060753e+01	-8.244032e+01
6.650000e-06	-4.422082e-06	-1.344163e-09	-3.080249e+01	-8.269136e+01
6.660000e-06	-4.449838e-06	-1.342037e-09	-3.099582e+01	-8.293627e+01
6.670000e-06	-4.477300e-06	-1.338228e-09	-3.118711e+01	-8.317529e+01
6.680000e-06	-4.504328e-06	-1.336055e-09	-3.137538e+01	-8.340871e+01
6.690000e-06	-4.530968e-06	-1.337081e-09	-3.156095e+01	-8.363677e+01
6.700000e-06	-4.557337e-06	-1.342069e-09	-3.174462e+01	-8.385974e+01
6.710000e-06	-4.583380e-06	-1.349485e-09	-3.192602e+01	-8.407786e+01
6.720000e-06	-4.609084e-06	-1.357347e-09	-3.210507e+01	-8.429140e+01
6.730000e-06	-4.634485e-06	-1.362354e-09	-3.228200e+01	-8.450056e+01
6.740000e-06	-4.659579e-06	-1.364974e-09	-3.245680e+01	-8.470560e+01
6.750000e-06	-4.684374e-06	-1.366824e-09	-3.262951e+01	-8.490671e+01
6.760000e-06	-4.708918e-06	-1.367765e-09	-3.280047e+01	-8.510409e+01
6.770000e-06	-4.733264e-06	-1.367972e-09	-3.297006e+01	-8.529794e+01
6.780000e-06	-4.757374e-06	-1.368054e-09	-3.313800e+01	-8.548842e+01
6.790000e-06	-4.781206e-06	-1.369424e-09	-3.330401e+01	-8.567568e+01
6.800000e-06	-4.804628e-06	-1.372242e-09	-3.346715e+01	-8.585987e+01
6.810000e-06	-4.827555e-06	-1.375820e-09	-3.362685e+01	-8.604111e+01
6.820000e-06	-4.849983e-06	-1.379749e-09	-3.378308e+01	-8.621949e+01
6.830000e-06	-4.871858e-06	-1.382490e-09	-3.393545e+01	-8.639511e+01
6.840000e-06	-4.893205e-06	-1.383544e-09	-3.408415e+01	-8.656802e+01
6.850000e-06	-4.914146e-06	-1.385449e-09	-3.423001e+01	-8.673829e+01
6.860000e-06	-4.934757e-06	-1.388880e-09	-3.437358e+01	-8.690595e+01
6.870000e-06	-4.955061e-06	-1.391921e-09	-3.451501e+01	-8.707101e+01
6.880000e-06	-4.975169e-06	-1.393019e-09	-3.465507e+01	-8.723347e+01
6.890000e-06	-4.995036e-06	-1.393356e-09	-3.479346e+01	-8.739332e+01
6.900000e-06	-5.014628e-06	-1.394464e-09	-3.492993e+01	-8.755055e+01
6.910000e-06	-5.033914e-06	-1.396908e-09	-3.506427e+01	-8.770509e+01
6.920000e-06	-5.052844e-06	-1.401029e-09	-3.519613e+01	-8.785691e+01
6.930000e-06	-5.071458e-06	-1.404973e-09	-3.532579e+01	-8.800595e+01
6.940000e-06	-5.089711e-06	-1.407508e-09	-3.545293e+01	-8.815212e+01
6.950000e-06	-5.107583e-06	-1.410367e-09	-3.557742e+01	-8.829535e+01
6.960000e-06	-5.125045e-06	-1.410912e-09	-3.569905e+01	-8.843556e+01
6.970000e-06	-5.142127e-06	-1.410860e-09	-3.581804e+01	-8.857265e+01
6.980000e-06	-5.158944e-06	-1.409746e-09	-3.593518e+01	-8.870654e+01
6.990000e-06	-5.175473e-06	-1.410486e-09	-3.605031e+01	-8.883711e+01
7.000000e-06	-5.191754e-06	-1.413541e-09	-3.616372e+01	-8.896427e+01
7.010000e-06	-5.207802e-06	-1.414377e-09	-3.627551e+01	-8.908792e+01
7.020000e-06	-5.223431e-06	-1.415301e-09	-3.638437e+01	-8.920797e+01
7.030000e-06	-5.238535e-06	-1.418140e-09	-3.648958e+01	-8.932432e+01
7.040000e-06	-5.253116e-06	-1.422955e-09	-3.659114e+01	-8.943687e+01
7.050000e-06	-5.267178e-06	-1.427235e-09	-3.668910e+01	-8.954554e+01
7.060000e-06	-5.280606e-06	-1.429336e-09	-3.678263e+01	-8.965024e+01
7.070000e-06	-5.293496e-06	-1.429761e-09	-3.687242e+01	-8.975091e+01
7.080000e-06	-5.306053e-06	-1.428122e-09	-3.695988e+01	-8.984746e+01
7.090000e-06	-5.318273e-06	-1.423982e-09	-3.704500e+01	-8.993983e+01
7.100000e-06	-5.330172e-06	-1.420940e-09	-3.712788e+01	-9.002798e+01
7.110000e-06	-5.341671e-06	-1.420280e-09	-3.720798e+01	-9.011184e+01
7.120000e-06	-5.352696e-06	-1.423611e-09	-3.728478e+01	-9.019139e+01
7.130000e-06	-5.363294e-06	-1.427982e-09	-3.735860e+01	-9.026659e+01
7.140000e-06	-5.373556e-06	-1.430772e-09	-3.743008e+01	-9.033741e+01
7.150000e-06	-5.383526e-06	-1.429864e-09	-3.749953e+01	-9.040385e+01
7.160000e-06	-5.393100e-06	-1.426979e-09	-3.756622e+01	-9.046589e+01
7.170000e-06	-5.402196e-06	-1.425209e-09	-3.762958e+01	-9.052353e+01
7.180000e-06	-5.410939e-06	-1.423546e-09	-3.769048e+01	-9.057679e+01
7.190000e-06	-5.419472e-06	-1.423183e-09	-3.774992e+01	-9.062566e+01
7.200000e-06	-5.427796e-06	-1.425503e-09	-3.780790e+01	-9.067018e+01
7.210000e-06	-5.435862e-06	-1.426552e-09	-3.786408e+01	-9.071037e+01
7.220000e-06	-5.443533e-06	-1.424913e-09	-3.791751e+01	-9.074625e+01
7.230000e-06	-5.450699e-06	-1.424664e-09	-3.796743e+01	-9.077786e+01
7.240000e-06	-5.457330e-06	-1.426929e-09	-3.801362e+01	-9.080524e+01
7.250000e-06	-5.463410e-06	-1.426504e-09	-3.805597e+01	-9.082842e+01
7.260000e-06	-5.468908e-06	-1.423884e-09	-3.809427e+01	-9.084744e+01
7.270000e-06	-5.473849e-06	-1.422068e-09	-3.812868e+01	-9.086236e+01
7.280000e-06	-5.478430e-06	-1.419499e-09	-3.816059e+01	-9.087320e+01
7.290000e-06	-5.482790e-06	-1.416462e-09	-3.819096e+01	-9.088001e+01
7.300000e-06	-5.486832e-06	-1.413862e-09	-3.821911e+01	-9.088284e+01
7.310000e-06	-5.490479e-06	-1.411614e-09	-3.824452e+01	-9.088171e+01
7.320000e-06	-5.493810e-06	-1.410114e-09	-3.826772e+01	-9.087668e+01
7.330000e-06	-5.496873e-06	-1.411311e-09	-3.828906e+01	-9.086777e+01
7.340000e-06	-5.499566e-06	-1.413354e-09	-3.830782e+01	-9.085501e+01
7.350000e-06	-5.501904e-06	-1.414930e-09	-3.832410e+01	-9.083844e+01
7.360000e-06	-5.504046e-06	-1.413533e-09	-3.833902e+01	-9.081808e+01
7.370000e-06	-5.505790e-06	-1.407749e-09	-3.835117e+01	-9.079396e+01
7.380000e-06	-5.506977e-06	-1.400124e-09	-3.835944e+01	-9.076608e+01
7.390000e-06	-5.507778e-06	-1.393964e-09	-3.836502e+01	-9.073447e+01
7.400000e-06	-5.508293e-06	-1.390816e-09	-3.836861e+01	-9.069913e+01
