# Temperatura_=_13.3
# Concentracion g/m^3_=_1620.0
# C_Vs_to_Am_M_A/Vsm_=_65563218390.804596
# pendiente_HvsI_1/m_=_3716.3
# ordenada_HvsI_A/m_=_1297.0
# frecuencia_Hz_=_135103.29116175076

Tiempo_(s)	Campo_(V.s)	Magnetizacion_(V.s)	Campo_(kA/m)	Magnetizacion_(A/m)
0.000000e+00	-5.538694e-06	-1.166024e-09	-3.836889e+01	-7.557623e+01
1.000000e-08	-5.538833e-06	-1.162598e-09	-3.836986e+01	-7.552122e+01
2.000000e-08	-5.538690e-06	-1.159145e-09	-3.836887e+01	-7.546246e+01
3.000000e-08	-5.538132e-06	-1.156829e-09	-3.836500e+01	-7.539999e+01
4.000000e-08	-5.537031e-06	-1.155527e-09	-3.835737e+01	-7.533386e+01
5.000000e-08	-5.535284e-06	-1.154641e-09	-3.834527e+01	-7.526412e+01
6.000000e-08	-5.532899e-06	-1.151408e-09	-3.832875e+01	-7.519083e+01
7.000000e-08	-5.530001e-06	-1.151533e-09	-3.830868e+01	-7.511409e+01
8.000000e-08	-5.526621e-06	-1.161132e-09	-3.828526e+01	-7.503397e+01
9.000000e-08	-5.522824e-06	-1.178227e-09	-3.825896e+01	-7.495058e+01
1.000000e-07	-5.518579e-06	-1.179026e-09	-3.822955e+01	-7.486403e+01
1.100000e-07	-5.513992e-06	-1.135853e-09	-3.819778e+01	-7.477445e+01
1.200000e-07	-5.509323e-06	-1.132847e-09	-3.816543e+01	-7.468198e+01
1.300000e-07	-5.504429e-06	-1.157831e-09	-3.813153e+01	-7.458676e+01
1.400000e-07	-5.499107e-06	-1.158439e-09	-3.809466e+01	-7.448895e+01
1.500000e-07	-5.493383e-06	-1.123091e-09	-3.805501e+01	-7.438870e+01
1.600000e-07	-5.487275e-06	-1.104337e-09	-3.801270e+01	-7.428619e+01
1.700000e-07	-5.480866e-06	-1.165692e-09	-3.796830e+01	-7.418160e+01
1.800000e-07	-5.474072e-06	-1.169722e-09	-3.792123e+01	-7.407510e+01
1.900000e-07	-5.466845e-06	-1.134465e-09	-3.787117e+01	-7.396689e+01
2.000000e-07	-5.459373e-06	-1.088637e-09	-3.781941e+01	-7.385714e+01
2.100000e-07	-5.451668e-06	-1.117011e-09	-3.776603e+01	-7.374605e+01
2.200000e-07	-5.443574e-06	-1.122658e-09	-3.770996e+01	-7.363380e+01
2.300000e-07	-5.435084e-06	-1.120087e-09	-3.765115e+01	-7.352058e+01
2.400000e-07	-5.426125e-06	-1.103813e-09	-3.758908e+01	-7.340655e+01
2.500000e-07	-5.416505e-06	-1.110570e-09	-3.752244e+01	-7.329190e+01
2.600000e-07	-5.406134e-06	-1.107507e-09	-3.745059e+01	-7.317678e+01
2.700000e-07	-5.395210e-06	-1.093899e-09	-3.737492e+01	-7.306135e+01
2.800000e-07	-5.383856e-06	-1.081246e-09	-3.729627e+01	-7.294575e+01
2.900000e-07	-5.372056e-06	-1.086875e-09	-3.721453e+01	-7.283010e+01
3.000000e-07	-5.359940e-06	-1.100922e-09	-3.713059e+01	-7.271452e+01
3.100000e-07	-5.347461e-06	-1.082193e-09	-3.704414e+01	-7.259909e+01
3.200000e-07	-5.334534e-06	-1.075728e-09	-3.695459e+01	-7.248391e+01
3.300000e-07	-5.321219e-06	-1.078664e-09	-3.686235e+01	-7.236903e+01
3.400000e-07	-5.307630e-06	-1.093596e-09	-3.676822e+01	-7.225449e+01
3.500000e-07	-5.293656e-06	-1.059647e-09	-3.667141e+01	-7.214030e+01
3.600000e-07	-5.278989e-06	-1.051882e-09	-3.656981e+01	-7.202646e+01
3.700000e-07	-5.263761e-06	-1.071448e-09	-3.646432e+01	-7.191295e+01
3.800000e-07	-5.248154e-06	-1.086890e-09	-3.635620e+01	-7.179972e+01
3.900000e-07	-5.232058e-06	-1.062309e-09	-3.624470e+01	-7.168670e+01
4.000000e-07	-5.215619e-06	-1.076199e-09	-3.613082e+01	-7.157380e+01
4.100000e-07	-5.198908e-06	-1.083819e-09	-3.601506e+01	-7.146090e+01
4.200000e-07	-5.181750e-06	-1.057877e-09	-3.589619e+01	-7.134786e+01
4.300000e-07	-5.164193e-06	-1.042945e-09	-3.577457e+01	-7.123454e+01
4.400000e-07	-5.146380e-06	-1.081819e-09	-3.565117e+01	-7.112076e+01
4.500000e-07	-5.128196e-06	-1.066035e-09	-3.552520e+01	-7.100633e+01
4.600000e-07	-5.109488e-06	-1.040056e-09	-3.539560e+01	-7.089104e+01
4.700000e-07	-5.090363e-06	-1.066602e-09	-3.526312e+01	-7.077465e+01
4.800000e-07	-5.071079e-06	-1.085104e-09	-3.512953e+01	-7.065694e+01
4.900000e-07	-5.051619e-06	-1.042867e-09	-3.499472e+01	-7.053766e+01
5.000000e-07	-5.031894e-06	-1.048139e-09	-3.485808e+01	-7.041655e+01
5.100000e-07	-5.011884e-06	-1.068578e-09	-3.471946e+01	-7.029335e+01
5.200000e-07	-4.991484e-06	-1.035704e-09	-3.457814e+01	-7.016777e+01
5.300000e-07	-4.970680e-06	-1.026378e-09	-3.443402e+01	-7.003956e+01
5.400000e-07	-4.949554e-06	-1.067045e-09	-3.428767e+01	-6.990844e+01
5.500000e-07	-4.928068e-06	-1.050287e-09	-3.413883e+01	-6.977415e+01
5.600000e-07	-4.906195e-06	-1.017178e-09	-3.398731e+01	-6.963640e+01
5.700000e-07	-4.884000e-06	-1.047797e-09	-3.383355e+01	-6.949495e+01
5.800000e-07	-4.861503e-06	-1.056385e-09	-3.367770e+01	-6.934955e+01
5.900000e-07	-4.838643e-06	-1.025411e-09	-3.351935e+01	-6.919996e+01
6.000000e-07	-4.815455e-06	-1.036132e-09	-3.335871e+01	-6.904595e+01
6.100000e-07	-4.792067e-06	-1.055071e-09	-3.319669e+01	-6.888732e+01
6.200000e-07	-4.768464e-06	-1.023285e-09	-3.303318e+01	-6.872387e+01
6.300000e-07	-4.744591e-06	-1.015269e-09	-3.286781e+01	-6.855544e+01
6.400000e-07	-4.720375e-06	-1.028399e-09	-3.270005e+01	-6.838186e+01
6.500000e-07	-4.695774e-06	-1.018063e-09	-3.252963e+01	-6.820301e+01
6.600000e-07	-4.670737e-06	-1.007011e-09	-3.235619e+01	-6.801878e+01
6.700000e-07	-4.645126e-06	-1.024657e-09	-3.217877e+01	-6.782908e+01
6.800000e-07	-4.618926e-06	-1.016729e-09	-3.199727e+01	-6.763385e+01
6.900000e-07	-4.592265e-06	-1.004344e-09	-3.181258e+01	-6.743306e+01
7.000000e-07	-4.565267e-06	-1.006050e-09	-3.162555e+01	-6.722668e+01
7.100000e-07	-4.537977e-06	-1.005749e-09	-3.143650e+01	-6.701472e+01
7.200000e-07	-4.510432e-06	-9.890422e-10	-3.124569e+01	-6.679723e+01
7.300000e-07	-4.482709e-06	-9.894817e-10	-3.105364e+01	-6.657424e+01
7.400000e-07	-4.454775e-06	-9.895107e-10	-3.086013e+01	-6.634585e+01
7.500000e-07	-4.426582e-06	-9.833840e-10	-3.066482e+01	-6.611213e+01
7.600000e-07	-4.398072e-06	-9.801435e-10	-3.046732e+01	-6.587321e+01
7.700000e-07	-4.369228e-06	-9.815194e-10	-3.026751e+01	-6.562922e+01
7.800000e-07	-4.340096e-06	-9.713334e-10	-3.006569e+01	-6.538029e+01
7.900000e-07	-4.310724e-06	-9.663617e-10	-2.986222e+01	-6.512660e+01
8.000000e-07	-4.281049e-06	-9.632632e-10	-2.965665e+01	-6.486830e+01
8.100000e-07	-4.250913e-06	-9.527713e-10	-2.944789e+01	-6.460558e+01
8.200000e-07	-4.220430e-06	-9.424828e-10	-2.923672e+01	-6.433861e+01
8.300000e-07	-4.189712e-06	-9.446990e-10	-2.902392e+01	-6.406759e+01
8.400000e-07	-4.158737e-06	-9.430346e-10	-2.880935e+01	-6.379270e+01
8.500000e-07	-4.127563e-06	-9.370758e-10	-2.859339e+01	-6.351413e+01
8.600000e-07	-4.096150e-06	-9.403691e-10	-2.837578e+01	-6.323207e+01
8.700000e-07	-4.064549e-06	-9.407758e-10	-2.815687e+01	-6.294669e+01
8.800000e-07	-4.032821e-06	-9.325085e-10	-2.793707e+01	-6.265815e+01
8.900000e-07	-4.000907e-06	-9.253621e-10	-2.771599e+01	-6.236664e+01
9.000000e-07	-3.968681e-06	-9.221205e-10	-2.749275e+01	-6.207227e+01
9.100000e-07	-3.936107e-06	-9.082184e-10	-2.726709e+01	-6.177520e+01
9.200000e-07	-3.903039e-06	-8.997861e-10	-2.703801e+01	-6.147554e+01
9.300000e-07	-3.869291e-06	-9.007084e-10	-2.680423e+01	-6.117338e+01
9.400000e-07	-3.835096e-06	-8.971019e-10	-2.656735e+01	-6.086881e+01
9.500000e-07	-3.800615e-06	-8.893953e-10	-2.632848e+01	-6.056189e+01
9.600000e-07	-3.765788e-06	-8.910441e-10	-2.608722e+01	-6.025265e+01
9.700000e-07	-3.730678e-06	-8.887594e-10	-2.584400e+01	-5.994112e+01
9.800000e-07	-3.695365e-06	-8.826134e-10	-2.559937e+01	-5.962729e+01
9.900000e-07	-3.659858e-06	-8.790053e-10	-2.535340e+01	-5.931115e+01
1.000000e-06	-3.624234e-06	-8.793291e-10	-2.510662e+01	-5.899263e+01
1.010000e-06	-3.588495e-06	-8.722647e-10	-2.485904e+01	-5.867168e+01
1.020000e-06	-3.552523e-06	-8.679509e-10	-2.460984e+01	-5.834822e+01
1.030000e-06	-3.516300e-06	-8.648252e-10	-2.435891e+01	-5.802212e+01
1.040000e-06	-3.479843e-06	-8.597556e-10	-2.410636e+01	-5.769328e+01
1.050000e-06	-3.443106e-06	-8.514535e-10	-2.385186e+01	-5.736155e+01
1.060000e-06	-3.406110e-06	-8.481047e-10	-2.359558e+01	-5.702676e+01
1.070000e-06	-3.368875e-06	-8.440897e-10	-2.333764e+01	-5.668877e+01
1.080000e-06	-3.331380e-06	-8.384949e-10	-2.307789e+01	-5.634737e+01
1.090000e-06	-3.293703e-06	-8.348755e-10	-2.281688e+01	-5.600238e+01
1.100000e-06	-3.255798e-06	-8.305031e-10	-2.255430e+01	-5.565361e+01
1.110000e-06	-3.217583e-06	-8.203313e-10	-2.228957e+01	-5.530084e+01
1.120000e-06	-3.179081e-06	-8.108978e-10	-2.202285e+01	-5.494388e+01
1.130000e-06	-3.140378e-06	-8.044608e-10	-2.175474e+01	-5.458251e+01
1.140000e-06	-3.101536e-06	-7.981371e-10	-2.148567e+01	-5.421652e+01
1.150000e-06	-3.062527e-06	-7.942721e-10	-2.121543e+01	-5.384572e+01
1.160000e-06	-3.023338e-06	-7.932876e-10	-2.094395e+01	-5.346990e+01
1.170000e-06	-2.984005e-06	-7.889945e-10	-2.067148e+01	-5.308886e+01
1.180000e-06	-2.944586e-06	-7.795310e-10	-2.039840e+01	-5.270243e+01
1.190000e-06	-2.905045e-06	-7.713417e-10	-2.012448e+01	-5.231043e+01
1.200000e-06	-2.865319e-06	-7.619218e-10	-1.984929e+01	-5.191270e+01
1.210000e-06	-2.825354e-06	-7.522435e-10	-1.957243e+01	-5.150909e+01
1.220000e-06	-2.785238e-06	-7.455701e-10	-1.929453e+01	-5.109946e+01
1.230000e-06	-2.744942e-06	-7.400808e-10	-1.901539e+01	-5.068369e+01
1.240000e-06	-2.704390e-06	-7.290251e-10	-1.873446e+01	-5.026167e+01
1.250000e-06	-2.663611e-06	-7.177285e-10	-1.845197e+01	-4.983330e+01
1.260000e-06	-2.622633e-06	-7.092329e-10	-1.816810e+01	-4.939852e+01
1.270000e-06	-2.581339e-06	-7.031054e-10	-1.788204e+01	-4.895724e+01
1.280000e-06	-2.539584e-06	-6.956266e-10	-1.759278e+01	-4.850943e+01
1.290000e-06	-2.497448e-06	-6.910900e-10	-1.730089e+01	-4.805503e+01
1.300000e-06	-2.455083e-06	-6.860897e-10	-1.700741e+01	-4.759403e+01
1.310000e-06	-2.412514e-06	-6.771239e-10	-1.671251e+01	-4.712639e+01
1.320000e-06	-2.369664e-06	-6.653776e-10	-1.641567e+01	-4.665211e+01
1.330000e-06	-2.326575e-06	-6.543188e-10	-1.611718e+01	-4.617118e+01
1.340000e-06	-2.283394e-06	-6.431710e-10	-1.581805e+01	-4.568359e+01
1.350000e-06	-2.240148e-06	-6.356240e-10	-1.551846e+01	-4.518934e+01
1.360000e-06	-2.196751e-06	-6.303281e-10	-1.521783e+01	-4.468843e+01
1.370000e-06	-2.153178e-06	-6.263392e-10	-1.491598e+01	-4.418085e+01
1.380000e-06	-2.109457e-06	-6.210644e-10	-1.461311e+01	-4.366658e+01
1.390000e-06	-2.065679e-06	-6.131235e-10	-1.430984e+01	-4.314559e+01
1.400000e-06	-2.021895e-06	-6.014010e-10	-1.400653e+01	-4.261784e+01
1.410000e-06	-1.978026e-06	-5.880186e-10	-1.370263e+01	-4.208330e+01
1.420000e-06	-1.934010e-06	-5.773245e-10	-1.339771e+01	-4.154188e+01
1.430000e-06	-1.889849e-06	-5.687862e-10	-1.309179e+01	-4.099349e+01
1.440000e-06	-1.845578e-06	-5.613584e-10	-1.278511e+01	-4.043802e+01
1.450000e-06	-1.801261e-06	-5.551549e-10	-1.247810e+01	-3.987534e+01
1.460000e-06	-1.756756e-06	-5.494734e-10	-1.216980e+01	-3.930528e+01
1.470000e-06	-1.712070e-06	-5.411954e-10	-1.186024e+01	-3.872766e+01
1.480000e-06	-1.667330e-06	-5.324112e-10	-1.155030e+01	-3.814224e+01
1.490000e-06	-1.622416e-06	-5.232449e-10	-1.123917e+01	-3.754879e+01
1.500000e-06	-1.577274e-06	-5.141386e-10	-1.092645e+01	-3.694702e+01
1.510000e-06	-1.531991e-06	-5.052584e-10	-1.061275e+01	-3.633662e+01
1.520000e-06	-1.486604e-06	-4.957968e-10	-1.029834e+01	-3.571724e+01
1.530000e-06	-1.441112e-06	-4.849510e-10	-9.983195e+00	-3.508852e+01
1.540000e-06	-1.395591e-06	-4.748131e-10	-9.667855e+00	-3.445004e+01
1.550000e-06	-1.350042e-06	-4.642348e-10	-9.352315e+00	-3.380138e+01
1.560000e-06	-1.304373e-06	-4.540673e-10	-9.035946e+00	-3.314209e+01
1.570000e-06	-1.258590e-06	-4.431374e-10	-8.718791e+00	-3.247167e+01
1.580000e-06	-1.212748e-06	-4.310527e-10	-8.401224e+00	-3.178962e+01
1.590000e-06	-1.166826e-06	-4.191515e-10	-8.083103e+00	-3.109543e+01
1.600000e-06	-1.120772e-06	-4.083681e-10	-7.764067e+00	-3.038856e+01
1.610000e-06	-1.074577e-06	-3.970230e-10	-7.444052e+00	-2.966845e+01
1.620000e-06	-1.028352e-06	-3.843278e-10	-7.123833e+00	-2.893456e+01
1.630000e-06	-9.821009e-07	-3.693905e-10	-6.803432e+00	-2.818633e+01
1.640000e-06	-9.356890e-07	-3.548254e-10	-6.481917e+00	-2.742319e+01
1.650000e-06	-8.892561e-07	-3.424445e-10	-6.160256e+00	-2.664460e+01
1.660000e-06	-8.428113e-07	-3.315584e-10	-5.838514e+00	-2.585003e+01
1.670000e-06	-7.962286e-07	-3.215940e-10	-5.515815e+00	-2.503896e+01
1.680000e-06	-7.497138e-07	-3.123600e-10	-5.193587e+00	-2.421089e+01
1.690000e-06	-7.032632e-07	-3.018693e-10	-4.871804e+00	-2.336536e+01
1.700000e-06	-6.566664e-07	-2.879539e-10	-4.549008e+00	-2.250192e+01
1.710000e-06	-6.099475e-07	-2.718013e-10	-4.225366e+00	-2.162020e+01
1.720000e-06	-5.632579e-07	-2.555035e-10	-3.901928e+00	-2.071983e+01
1.730000e-06	-5.165795e-07	-2.396495e-10	-3.578567e+00	-1.980053e+01
1.740000e-06	-4.697905e-07	-2.246117e-10	-3.254439e+00	-1.886204e+01
1.750000e-06	-4.228616e-07	-2.112714e-10	-2.929343e+00	-1.790420e+01
1.760000e-06	-3.758075e-07	-1.986018e-10	-2.603379e+00	-1.692687e+01
1.770000e-06	-3.287485e-07	-1.845630e-10	-2.277381e+00	-1.593001e+01
1.780000e-06	-2.817173e-07	-1.689811e-10	-1.951576e+00	-1.491364e+01
1.790000e-06	-2.346959e-07	-1.535922e-10	-1.625839e+00	-1.387785e+01
1.800000e-06	-1.876994e-07	-1.379909e-10	-1.300274e+00	-1.282283e+01
1.810000e-06	-1.407025e-07	-1.223170e-10	-9.747065e-01	-1.174883e+01
1.820000e-06	-9.378006e-08	-1.060809e-10	-6.496545e-01	-1.065619e+01
1.830000e-06	-4.685711e-08	-8.801495e-11	-3.245992e-01	-9.545334e+00
1.840000e-06	1.426825e-10	-6.901553e-11	9.884226e-04	-8.416764e+00
1.850000e-06	4.715092e-08	-5.297276e-11	3.266345e-01	-7.271074e+00
1.860000e-06	9.423911e-08	-3.736072e-11	6.528345e-01	-6.108938e+00
1.870000e-06	1.413628e-07	-2.127654e-11	9.792807e-01	-4.931112e+00
1.880000e-06	1.884004e-07	-4.947994e-12	1.305130e+00	-3.738434e+00
1.890000e-06	2.354147e-07	1.096149e-11	1.630818e+00	-2.531818e+00
1.900000e-06	2.823848e-07	2.680628e-11	1.956200e+00	-1.312254e+00
1.910000e-06	3.293684e-07	4.453682e-11	2.281676e+00	-8.080233e-02
1.920000e-06	3.763758e-07	6.410873e-11	2.607316e+00	1.161409e+00
1.930000e-06	4.233253e-07	8.514454e-11	2.932555e+00	2.413189e+00
1.940000e-06	4.703230e-07	1.054316e-10	3.258128e+00	3.673293e+00
1.950000e-06	5.172811e-07	1.248476e-10	3.583427e+00	4.940422e+00
1.960000e-06	5.640728e-07	1.424386e-10	3.907573e+00	6.213232e+00
1.970000e-06	6.107791e-07	1.581978e-10	4.231127e+00	7.490344e+00
1.980000e-06	6.574148e-07	1.731135e-10	4.554193e+00	8.770343e+00
1.990000e-06	7.039758e-07	1.867101e-10	4.876741e+00	1.005179e+01
2.000000e-06	7.505151e-07	2.026523e-10	5.199138e+00	1.133323e+01
2.010000e-06	7.970525e-07	2.219256e-10	5.521523e+00	1.261321e+01
2.020000e-06	8.435357e-07	2.437517e-10	5.843532e+00	1.389025e+01
2.030000e-06	8.898960e-07	2.666673e-10	6.164689e+00	1.516288e+01
2.040000e-06	9.361178e-07	2.862956e-10	6.484888e+00	1.642968e+01
2.050000e-06	9.822360e-07	3.042519e-10	6.804368e+00	1.768919e+01
2.060000e-06	1.028316e-06	3.206179e-10	7.123584e+00	1.894004e+01
2.070000e-06	1.074353e-06	3.338041e-10	7.442501e+00	2.018084e+01
2.080000e-06	1.120384e-06	3.459322e-10	7.761379e+00	2.141028e+01
2.090000e-06	1.166321e-06	3.617636e-10	8.079602e+00	2.262708e+01
2.100000e-06	1.212109e-06	3.812730e-10	8.396796e+00	2.383003e+01
2.110000e-06	1.257795e-06	4.012066e-10	8.713285e+00	2.501796e+01
2.120000e-06	1.303461e-06	4.193104e-10	9.029629e+00	2.618978e+01
2.130000e-06	1.349083e-06	4.339815e-10	9.345676e+00	2.734447e+01
2.140000e-06	1.394513e-06	4.470013e-10	9.660385e+00	2.848107e+01
2.150000e-06	1.439796e-06	4.599773e-10	9.974079e+00	2.959873e+01
2.160000e-06	1.485039e-06	4.728149e-10	1.028750e+01	3.069666e+01
2.170000e-06	1.530228e-06	4.860139e-10	1.060054e+01	3.177415e+01
2.180000e-06	1.575312e-06	5.003843e-10	1.091286e+01	3.283059e+01
2.190000e-06	1.620288e-06	5.156385e-10	1.122443e+01	3.386545e+01
2.200000e-06	1.665157e-06	5.292945e-10	1.153525e+01	3.487830e+01
2.210000e-06	1.709878e-06	5.408230e-10	1.184506e+01	3.586879e+01
2.220000e-06	1.754462e-06	5.507006e-10	1.215391e+01	3.683665e+01
2.230000e-06	1.798943e-06	5.609061e-10	1.246204e+01	3.778171e+01
2.240000e-06	1.843242e-06	5.729874e-10	1.276893e+01	3.870389e+01
2.250000e-06	1.887340e-06	5.864670e-10	1.307441e+01	3.960318e+01
2.260000e-06	1.931263e-06	6.007520e-10	1.337868e+01	4.047965e+01
2.270000e-06	1.975131e-06	6.131149e-10	1.368258e+01	4.133347e+01
2.280000e-06	2.018977e-06	6.221870e-10	1.398631e+01	4.216485e+01
2.290000e-06	2.062737e-06	6.298197e-10	1.428946e+01	4.297408e+01
2.300000e-06	2.106397e-06	6.371386e-10	1.459191e+01	4.376155e+01
2.310000e-06	2.149957e-06	6.464164e-10	1.489367e+01	4.452765e+01
2.320000e-06	2.193460e-06	6.582461e-10	1.519503e+01	4.527286e+01
2.330000e-06	2.236930e-06	6.736941e-10	1.549617e+01	4.599771e+01
2.340000e-06	2.280316e-06	6.883301e-10	1.579672e+01	4.670277e+01
2.350000e-06	2.323579e-06	6.981490e-10	1.609642e+01	4.738863e+01
2.360000e-06	2.366699e-06	7.073607e-10	1.639513e+01	4.805594e+01
2.370000e-06	2.409518e-06	7.150819e-10	1.669176e+01	4.870535e+01
2.380000e-06	2.451954e-06	7.225708e-10	1.698573e+01	4.933755e+01
2.390000e-06	2.494098e-06	7.295820e-10	1.727768e+01	4.995323e+01
2.400000e-06	2.536075e-06	7.382036e-10	1.756848e+01	5.055309e+01
2.410000e-06	2.577823e-06	7.475814e-10	1.785768e+01	5.113785e+01
2.420000e-06	2.619255e-06	7.577758e-10	1.814470e+01	5.170820e+01
2.430000e-06	2.660280e-06	7.673546e-10	1.842889e+01	5.226485e+01
2.440000e-06	2.700902e-06	7.754434e-10	1.871030e+01	5.280848e+01
2.450000e-06	2.741303e-06	7.830779e-10	1.899018e+01	5.333976e+01
2.460000e-06	2.781491e-06	7.894034e-10	1.926858e+01	5.385933e+01
2.470000e-06	2.821476e-06	7.944898e-10	1.954557e+01	5.436783e+01
2.480000e-06	2.861305e-06	7.980138e-10	1.982148e+01	5.486585e+01
2.490000e-06	2.901005e-06	8.019304e-10	2.009650e+01	5.535395e+01
2.500000e-06	2.940540e-06	8.082213e-10	2.037038e+01	5.583267e+01
2.510000e-06	2.979935e-06	8.170717e-10	2.064328e+01	5.630251e+01
2.520000e-06	3.019276e-06	8.267439e-10	2.091581e+01	5.676393e+01
2.530000e-06	3.058533e-06	8.360572e-10	2.118776e+01	5.721734e+01
2.540000e-06	3.097549e-06	8.437587e-10	2.145805e+01	5.766315e+01
2.550000e-06	3.136229e-06	8.471962e-10	2.172599e+01	5.810169e+01
2.560000e-06	3.174704e-06	8.482332e-10	2.199253e+01	5.853328e+01
2.570000e-06	3.212979e-06	8.520450e-10	2.225768e+01	5.895817e+01
2.580000e-06	3.251034e-06	8.593164e-10	2.252130e+01	5.937661e+01
2.590000e-06	3.288909e-06	8.681098e-10	2.278368e+01	5.978879e+01
2.600000e-06	3.326533e-06	8.757729e-10	2.304431e+01	6.019488e+01
2.610000e-06	3.363930e-06	8.810302e-10	2.330338e+01	6.059499e+01
2.620000e-06	3.401080e-06	8.840486e-10	2.356073e+01	6.098923e+01
2.630000e-06	3.438021e-06	8.884860e-10	2.381664e+01	6.137766e+01
2.640000e-06	3.474701e-06	8.958346e-10	2.407074e+01	6.176032e+01
2.650000e-06	3.511021e-06	9.056491e-10	2.432234e+01	6.213725e+01
2.660000e-06	3.547096e-06	9.167956e-10	2.457224e+01	6.250842e+01
2.670000e-06	3.582994e-06	9.250091e-10	2.482092e+01	6.287382e+01
2.680000e-06	3.618758e-06	9.291428e-10	2.506868e+01	6.323342e+01
2.690000e-06	3.654412e-06	9.294877e-10	2.531567e+01	6.358716e+01
2.700000e-06	3.689918e-06	9.287905e-10	2.556164e+01	6.393499e+01
2.710000e-06	3.725260e-06	9.325935e-10	2.580647e+01	6.427684e+01
2.720000e-06	3.760452e-06	9.408595e-10	2.605025e+01	6.461263e+01
2.730000e-06	3.795375e-06	9.520064e-10	2.629218e+01	6.494231e+01
2.740000e-06	3.829892e-06	9.616092e-10	2.653129e+01	6.526579e+01
2.750000e-06	3.863986e-06	9.677636e-10	2.676748e+01	6.558302e+01
2.760000e-06	3.897573e-06	9.699372e-10	2.700015e+01	6.589392e+01
2.770000e-06	3.930541e-06	9.691438e-10	2.722854e+01	6.619844e+01
2.780000e-06	3.963105e-06	9.685485e-10	2.745412e+01	6.649654e+01
2.790000e-06	3.995356e-06	9.694981e-10	2.767754e+01	6.678819e+01
2.800000e-06	4.027338e-06	9.719973e-10	2.789909e+01	6.707335e+01
2.810000e-06	4.059147e-06	9.747950e-10	2.811944e+01	6.735201e+01
2.820000e-06	4.090725e-06	9.784554e-10	2.833820e+01	6.762419e+01
2.830000e-06	4.122148e-06	9.827518e-10	2.855588e+01	6.788989e+01
2.840000e-06	4.153426e-06	9.875524e-10	2.877255e+01	6.814914e+01
2.850000e-06	4.184505e-06	9.924286e-10	2.898785e+01	6.840200e+01
2.860000e-06	4.215300e-06	9.948464e-10	2.920118e+01	6.864852e+01
2.870000e-06	4.245718e-06	9.959425e-10	2.941190e+01	6.888878e+01
2.880000e-06	4.275801e-06	9.957845e-10	2.962030e+01	6.912286e+01
2.890000e-06	4.305617e-06	9.937799e-10	2.982684e+01	6.935086e+01
2.900000e-06	4.335156e-06	9.928602e-10	3.003147e+01	6.957291e+01
2.910000e-06	4.364365e-06	9.955820e-10	3.023382e+01	6.978912e+01
2.920000e-06	4.393225e-06	1.000331e-09	3.043374e+01	6.999962e+01
2.930000e-06	4.421752e-06	1.005851e-09	3.063136e+01	7.020457e+01
2.940000e-06	4.449991e-06	1.012862e-09	3.082698e+01	7.040411e+01
2.950000e-06	4.478009e-06	1.017663e-09	3.102108e+01	7.059839e+01
2.960000e-06	4.505809e-06	1.019516e-09	3.121366e+01	7.078758e+01
2.970000e-06	4.533417e-06	1.021648e-09	3.140491e+01	7.097185e+01
2.980000e-06	4.560836e-06	1.025434e-09	3.159486e+01	7.115135e+01
2.990000e-06	4.588038e-06	1.027574e-09	3.178330e+01	7.132626e+01
3.000000e-06	4.615001e-06	1.028405e-09	3.197008e+01	7.149675e+01
3.010000e-06	4.641591e-06	1.029391e-09	3.215428e+01	7.166297e+01
3.020000e-06	4.667482e-06	1.029777e-09	3.233364e+01	7.182508e+01
3.030000e-06	4.692545e-06	1.033460e-09	3.250726e+01	7.198325e+01
3.040000e-06	4.717164e-06	1.040607e-09	3.267781e+01	7.213761e+01
3.050000e-06	4.741468e-06	1.046006e-09	3.284617e+01	7.228832e+01
3.060000e-06	4.765401e-06	1.049911e-09	3.301196e+01	7.243551e+01
3.070000e-06	4.789091e-06	1.052220e-09	3.317608e+01	7.257931e+01
3.080000e-06	4.812454e-06	1.052456e-09	3.333793e+01	7.271983e+01
3.090000e-06	4.835477e-06	1.051868e-09	3.349741e+01	7.285719e+01
3.100000e-06	4.858184e-06	1.051002e-09	3.365471e+01	7.299147e+01
3.110000e-06	4.880547e-06	1.050825e-09	3.380963e+01	7.312278e+01
3.120000e-06	4.902678e-06	1.051625e-09	3.396294e+01	7.325119e+01
3.130000e-06	4.924552e-06	1.054685e-09	3.411447e+01	7.337676e+01
3.140000e-06	4.946139e-06	1.060916e-09	3.426401e+01	7.349957e+01
3.150000e-06	4.967388e-06	1.067171e-09	3.441121e+01	7.361966e+01
3.160000e-06	4.988195e-06	1.070098e-09	3.455536e+01	7.373706e+01
3.170000e-06	5.008578e-06	1.071974e-09	3.469656e+01	7.385182e+01
3.180000e-06	5.028578e-06	1.073662e-09	3.483511e+01	7.396394e+01
3.190000e-06	5.048385e-06	1.073021e-09	3.497232e+01	7.407346e+01
3.200000e-06	5.068060e-06	1.071891e-09	3.510862e+01	7.418038e+01
3.210000e-06	5.087513e-06	1.071835e-09	3.524337e+01	7.428470e+01
3.220000e-06	5.106723e-06	1.073390e-09	3.537645e+01	7.438642e+01
3.230000e-06	5.125549e-06	1.077359e-09	3.550686e+01	7.448552e+01
3.240000e-06	5.143919e-06	1.082188e-09	3.563412e+01	7.458200e+01
3.250000e-06	5.161885e-06	1.086091e-09	3.575858e+01	7.467584e+01
3.260000e-06	5.179366e-06	1.088726e-09	3.587968e+01	7.476702e+01
3.270000e-06	5.196430e-06	1.090946e-09	3.599789e+01	7.485551e+01
3.280000e-06	5.213176e-06	1.091559e-09	3.611390e+01	7.494130e+01
3.290000e-06	5.229681e-06	1.091095e-09	3.622823e+01	7.502435e+01
3.300000e-06	5.245883e-06	1.091082e-09	3.634047e+01	7.510465e+01
3.310000e-06	5.261714e-06	1.091971e-09	3.645014e+01	7.518217e+01
3.320000e-06	5.277149e-06	1.093527e-09	3.655706e+01	7.525687e+01
3.330000e-06	5.291975e-06	1.097333e-09	3.665977e+01	7.532874e+01
3.340000e-06	5.306200e-06	1.103426e-09	3.675831e+01	7.539775e+01
3.350000e-06	5.320045e-06	1.108338e-09	3.685422e+01	7.546388e+01
3.360000e-06	5.333584e-06	1.110847e-09	3.694801e+01	7.552710e+01
3.370000e-06	5.346754e-06	1.112534e-09	3.703925e+01	7.558739e+01
3.380000e-06	5.359523e-06	1.112945e-09	3.712770e+01	7.564473e+01
3.390000e-06	5.371903e-06	1.112772e-09	3.721346e+01	7.569910e+01
3.400000e-06	5.383932e-06	1.113242e-09	3.729679e+01	7.575048e+01
3.410000e-06	5.395605e-06	1.113797e-09	3.737766e+01	7.579884e+01
3.420000e-06	5.406891e-06	1.115821e-09	3.745584e+01	7.584417e+01
3.430000e-06	5.417789e-06	1.118300e-09	3.753134e+01	7.588645e+01
3.440000e-06	5.428169e-06	1.119339e-09	3.760324e+01	7.592565e+01
3.450000e-06	5.437890e-06	1.119997e-09	3.767058e+01	7.596177e+01
3.460000e-06	5.446959e-06	1.120833e-09	3.773341e+01	7.599476e+01
3.470000e-06	5.455490e-06	1.121311e-09	3.779251e+01	7.602462e+01
3.480000e-06	5.463588e-06	1.121125e-09	3.784861e+01	7.605132e+01
3.490000e-06	5.471360e-06	1.120475e-09	3.790244e+01	7.607482e+01
3.500000e-06	5.478887e-06	1.119524e-09	3.795459e+01	7.609511e+01
3.510000e-06	5.486047e-06	1.118458e-09	3.800419e+01	7.611216e+01
3.520000e-06	5.492887e-06	1.119776e-09	3.805157e+01	7.612593e+01
3.530000e-06	5.499410e-06	1.122765e-09	3.809676e+01	7.613639e+01
3.540000e-06	5.505553e-06	1.124654e-09	3.813932e+01	7.614350e+01
3.550000e-06	5.511325e-06	1.124442e-09	3.817930e+01	7.614724e+01
3.560000e-06	5.516734e-06	1.123190e-09	3.821677e+01	7.614755e+01
3.570000e-06	5.521744e-06	1.122159e-09	3.825147e+01	7.614441e+01
3.580000e-06	5.526321e-06	1.121762e-09	3.828318e+01	7.613777e+01
3.590000e-06	5.530560e-06	1.122106e-09	3.831255e+01	7.612760e+01
3.600000e-06	5.534508e-06	1.122373e-09	3.833990e+01	7.611385e+01
3.610000e-06	5.538199e-06	1.121034e-09	3.836547e+01	7.609649e+01
3.620000e-06	5.541681e-06	1.119016e-09	3.838959e+01	7.607549e+01
3.630000e-06	5.544788e-06	1.118945e-09	3.841111e+01	7.605080e+01
3.640000e-06	5.547325e-06	1.120830e-09	3.842868e+01	7.602239e+01
3.650000e-06	5.549301e-06	1.124602e-09	3.844238e+01	7.599025e+01
3.660000e-06	5.550722e-06	1.129206e-09	3.845222e+01	7.595435e+01
3.670000e-06	5.551549e-06	1.133411e-09	3.845795e+01	7.591467e+01
3.680000e-06	5.551845e-06	1.134240e-09	3.846000e+01	7.587120e+01
3.690000e-06	5.551816e-06	1.131495e-09	3.845980e+01	7.582394e+01
3.700000e-06	5.551531e-06	1.128293e-09	3.845782e+01	7.577289e+01
3.710000e-06	5.551024e-06	1.123273e-09	3.845431e+01	7.571807e+01
3.720000e-06	5.550232e-06	1.118102e-09	3.844883e+01	7.565951e+01
3.730000e-06	5.549034e-06	1.116582e-09	3.844053e+01	7.559723e+01
3.740000e-06	5.547418e-06	1.118701e-09	3.842933e+01	7.553128e+01
3.750000e-06	5.545481e-06	1.126705e-09	3.841591e+01	7.546172e+01
3.760000e-06	5.543300e-06	1.132262e-09	3.840080e+01	7.538861e+01
3.770000e-06	5.540723e-06	1.126223e-09	3.838295e+01	7.531202e+01
3.780000e-06	5.537651e-06	1.107547e-09	3.836167e+01	7.523206e+01
3.790000e-06	5.534059e-06	1.089617e-09	3.833679e+01	7.514882e+01
3.800000e-06	5.529931e-06	1.120606e-09	3.830819e+01	7.506242e+01
3.810000e-06	5.525521e-06	1.136852e-09	3.827764e+01	7.497297e+01
3.820000e-06	5.521015e-06	1.094805e-09	3.824642e+01	7.488061e+01
3.830000e-06	5.516238e-06	1.091215e-09	3.821333e+01	7.478550e+01
3.840000e-06	5.510901e-06	1.116093e-09	3.817636e+01	7.468777e+01
3.850000e-06	5.504993e-06	1.169129e-09	3.813543e+01	7.458760e+01
3.860000e-06	5.498811e-06	1.136715e-09	3.809261e+01	7.448516e+01
3.870000e-06	5.492310e-06	1.101376e-09	3.804757e+01	7.438061e+01
3.880000e-06	5.485139e-06	1.156877e-09	3.799790e+01	7.427415e+01
3.890000e-06	5.477321e-06	1.206931e-09	3.794374e+01	7.416595e+01
3.900000e-06	5.469229e-06	1.160569e-09	3.788768e+01	7.405621e+01
3.910000e-06	5.460917e-06	1.081791e-09	3.783010e+01	7.394510e+01
3.920000e-06	5.452157e-06	1.134219e-09	3.776942e+01	7.383283e+01
3.930000e-06	5.443005e-06	1.183155e-09	3.770602e+01	7.371956e+01
3.940000e-06	5.433674e-06	1.153905e-09	3.764138e+01	7.360547e+01
3.950000e-06	5.423933e-06	1.094327e-09	3.757390e+01	7.349075e+01
3.960000e-06	5.413653e-06	1.148371e-09	3.750268e+01	7.337554e+01
3.970000e-06	5.403035e-06	1.186259e-09	3.742913e+01	7.326001e+01
3.980000e-06	5.392099e-06	1.147242e-09	3.735337e+01	7.314430e+01
3.990000e-06	5.380727e-06	1.104278e-09	3.727459e+01	7.302853e+01
4.000000e-06	5.368911e-06	1.132769e-09	3.719274e+01	7.291282e+01
4.010000e-06	5.356830e-06	1.150871e-09	3.710905e+01	7.279726e+01
4.020000e-06	5.344301e-06	1.117164e-09	3.702225e+01	7.268194e+01
4.030000e-06	5.331039e-06	1.097554e-09	3.693038e+01	7.256691e+01
4.040000e-06	5.317342e-06	1.136679e-09	3.683549e+01	7.245222e+01
4.050000e-06	5.303383e-06	1.161469e-09	3.673880e+01	7.233788e+01
4.060000e-06	5.288835e-06	1.122548e-09	3.663802e+01	7.222390e+01
4.070000e-06	5.273578e-06	1.097069e-09	3.653232e+01	7.211024e+01
4.080000e-06	5.257879e-06	1.137295e-09	3.642357e+01	7.199687e+01
4.090000e-06	5.241912e-06	1.156613e-09	3.631296e+01	7.188372e+01
4.100000e-06	5.225578e-06	1.101819e-09	3.619981e+01	7.177069e+01
4.110000e-06	5.208862e-06	1.099509e-09	3.608401e+01	7.165768e+01
4.120000e-06	5.191972e-06	1.149285e-09	3.596701e+01	7.154454e+01
4.130000e-06	5.174756e-06	1.137660e-09	3.584774e+01	7.143113e+01
4.140000e-06	5.157043e-06	1.080523e-09	3.572504e+01	7.131728e+01
4.150000e-06	5.139015e-06	1.121275e-09	3.560015e+01	7.120279e+01
4.160000e-06	5.120653e-06	1.143027e-09	3.547295e+01	7.108746e+01
4.170000e-06	5.101908e-06	1.089727e-09	3.534309e+01	7.097105e+01
4.180000e-06	5.082870e-06	1.092962e-09	3.521121e+01	7.085335e+01
4.190000e-06	5.063508e-06	1.151898e-09	3.507708e+01	7.073409e+01
4.200000e-06	5.043745e-06	1.105591e-09	3.494017e+01	7.061302e+01
4.210000e-06	5.023653e-06	1.073014e-09	3.480099e+01	7.048988e+01
4.220000e-06	5.003322e-06	1.121544e-09	3.466015e+01	7.036440e+01
4.230000e-06	4.982789e-06	1.106035e-09	3.451791e+01	7.023630e+01
4.240000e-06	4.961977e-06	1.050570e-09	3.437373e+01	7.010531e+01
4.250000e-06	4.940832e-06	1.105770e-09	3.422725e+01	6.997117e+01
4.260000e-06	4.919245e-06	1.124403e-09	3.407771e+01	6.983360e+01
4.270000e-06	4.897010e-06	1.057097e-09	3.392368e+01	6.969235e+01
4.280000e-06	4.874160e-06	1.070563e-09	3.376538e+01	6.954717e+01
4.290000e-06	4.850796e-06	1.115881e-09	3.360353e+01	6.939782e+01
4.300000e-06	4.827002e-06	1.062187e-09	3.343871e+01	6.924407e+01
4.310000e-06	4.802940e-06	1.043893e-09	3.327202e+01	6.908571e+01
4.320000e-06	4.778693e-06	1.089881e-09	3.310405e+01	6.892255e+01
4.330000e-06	4.754246e-06	1.073205e-09	3.293469e+01	6.875442e+01
4.340000e-06	4.729540e-06	1.047017e-09	3.276354e+01	6.858116e+01
4.350000e-06	4.704486e-06	1.077308e-09	3.258998e+01	6.840263e+01
4.360000e-06	4.679041e-06	1.077655e-09	3.241371e+01	6.821874e+01
4.370000e-06	4.653242e-06	1.053269e-09	3.223499e+01	6.802938e+01
4.380000e-06	4.627097e-06	1.068374e-09	3.205387e+01	6.783449e+01
4.390000e-06	4.600592e-06	1.071250e-09	3.187027e+01	6.763404e+01
4.400000e-06	4.573731e-06	1.052632e-09	3.168419e+01	6.742801e+01
4.410000e-06	4.546602e-06	1.051667e-09	3.149625e+01	6.721640e+01
4.420000e-06	4.519236e-06	1.051811e-09	3.130668e+01	6.699925e+01
4.430000e-06	4.491495e-06	1.036472e-09	3.111450e+01	6.677660e+01
4.440000e-06	4.463449e-06	1.039973e-09	3.092022e+01	6.654853e+01
4.450000e-06	4.435265e-06	1.044949e-09	3.072497e+01	6.631513e+01
4.460000e-06	4.406874e-06	1.039173e-09	3.052829e+01	6.607652e+01
4.470000e-06	4.378253e-06	1.034132e-09	3.033003e+01	6.583283e+01
4.480000e-06	4.349366e-06	1.036671e-09	3.012991e+01	6.558419e+01
4.490000e-06	4.320154e-06	1.028387e-09	2.992755e+01	6.533077e+01
4.500000e-06	4.290537e-06	1.022334e-09	2.972238e+01	6.507273e+01
4.510000e-06	4.260408e-06	1.017879e-09	2.951366e+01	6.481025e+01
4.520000e-06	4.229769e-06	1.011761e-09	2.930142e+01	6.454351e+01
4.530000e-06	4.198675e-06	1.003358e-09	2.908601e+01	6.427270e+01
4.540000e-06	4.167164e-06	1.008585e-09	2.886772e+01	6.399800e+01
4.550000e-06	4.135297e-06	1.010864e-09	2.864697e+01	6.371962e+01
4.560000e-06	4.103164e-06	1.002240e-09	2.842437e+01	6.343772e+01
4.570000e-06	4.070867e-06	9.978522e-10	2.820063e+01	6.315249e+01
4.580000e-06	4.038413e-06	1.001036e-09	2.797581e+01	6.286409e+01
4.590000e-06	4.005760e-06	9.911456e-10	2.774961e+01	6.257270e+01
4.600000e-06	3.972881e-06	9.814748e-10	2.752184e+01	6.227845e+01
4.610000e-06	3.939669e-06	9.825737e-10	2.729177e+01	6.198148e+01
4.620000e-06	3.906149e-06	9.763561e-10	2.705956e+01	6.168191e+01
4.630000e-06	3.872372e-06	9.661968e-10	2.682557e+01	6.137984e+01
4.640000e-06	3.838326e-06	9.686429e-10	2.658972e+01	6.107535e+01
4.650000e-06	3.803970e-06	9.695981e-10	2.635172e+01	6.076850e+01
4.660000e-06	3.769394e-06	9.601119e-10	2.611220e+01	6.045933e+01
4.670000e-06	3.734600e-06	9.589950e-10	2.587117e+01	6.014788e+01
4.680000e-06	3.699465e-06	9.606977e-10	2.562777e+01	5.983412e+01
4.690000e-06	3.664038e-06	9.530541e-10	2.538236e+01	5.951805e+01
4.700000e-06	3.628366e-06	9.440873e-10	2.513524e+01	5.919962e+01
4.710000e-06	3.592493e-06	9.426856e-10	2.488673e+01	5.887876e+01
4.720000e-06	3.556486e-06	9.361100e-10	2.463729e+01	5.855539e+01
4.730000e-06	3.520351e-06	9.266689e-10	2.438697e+01	5.822940e+01
4.740000e-06	3.484145e-06	9.221573e-10	2.413616e+01	5.790067e+01
4.750000e-06	3.447770e-06	9.183267e-10	2.388418e+01	5.756906e+01
4.760000e-06	3.411124e-06	9.062343e-10	2.363031e+01	5.723442e+01
4.770000e-06	3.374246e-06	9.015357e-10	2.337484e+01	5.689658e+01
4.780000e-06	3.337072e-06	9.038627e-10	2.311732e+01	5.655535e+01
4.790000e-06	3.299649e-06	8.989504e-10	2.285808e+01	5.621056e+01
4.800000e-06	3.261952e-06	8.904463e-10	2.259693e+01	5.586199e+01
4.810000e-06	3.223760e-06	8.848979e-10	2.233236e+01	5.550944e+01
4.820000e-06	3.185098e-06	8.719829e-10	2.206453e+01	5.515272e+01
4.830000e-06	3.146099e-06	8.586300e-10	2.179437e+01	5.479160e+01
4.840000e-06	3.106795e-06	8.540235e-10	2.152209e+01	5.442589e+01
4.850000e-06	3.067235e-06	8.529146e-10	2.124804e+01	5.405538e+01
4.860000e-06	3.027411e-06	8.488131e-10	2.097217e+01	5.367986e+01
4.870000e-06	2.987366e-06	8.486346e-10	2.069476e+01	5.329915e+01
4.880000e-06	2.947210e-06	8.456803e-10	2.041658e+01	5.291306e+01
4.890000e-06	2.906962e-06	8.352099e-10	2.013776e+01	5.252141e+01
4.900000e-06	2.866552e-06	8.235310e-10	1.985783e+01	5.212404e+01
4.910000e-06	2.825964e-06	8.141127e-10	1.957666e+01	5.172081e+01
4.920000e-06	2.785154e-06	8.045818e-10	1.929395e+01	5.131157e+01
4.930000e-06	2.744143e-06	7.987635e-10	1.900985e+01	5.089619e+01
4.940000e-06	2.703080e-06	7.998313e-10	1.872539e+01	5.047458e+01
4.950000e-06	2.661891e-06	7.991395e-10	1.844006e+01	5.004662e+01
4.960000e-06	2.620468e-06	7.931903e-10	1.815310e+01	4.961226e+01
4.970000e-06	2.578856e-06	7.857437e-10	1.786484e+01	4.917141e+01
4.980000e-06	2.537034e-06	7.777423e-10	1.757512e+01	4.872402e+01
4.990000e-06	2.495069e-06	7.704934e-10	1.728440e+01	4.827006e+01
5.000000e-06	2.452950e-06	7.655899e-10	1.699263e+01	4.780948e+01
5.010000e-06	2.410667e-06	7.607324e-10	1.669972e+01	4.734228e+01
5.020000e-06	2.368263e-06	7.521041e-10	1.640597e+01	4.686844e+01
5.030000e-06	2.325683e-06	7.416772e-10	1.611100e+01	4.638794e+01
5.040000e-06	2.282840e-06	7.349638e-10	1.581421e+01	4.590079e+01
5.050000e-06	2.239791e-06	7.277270e-10	1.551599e+01	4.540698e+01
5.060000e-06	2.196632e-06	7.208778e-10	1.521700e+01	4.490650e+01
5.070000e-06	2.153275e-06	7.157109e-10	1.491665e+01	4.439935e+01
5.080000e-06	2.109736e-06	7.118550e-10	1.461504e+01	4.388552e+01
5.090000e-06	2.066083e-06	7.065580e-10	1.431264e+01	4.336497e+01
5.100000e-06	2.022283e-06	6.999610e-10	1.400922e+01	4.283768e+01
5.110000e-06	1.978406e-06	6.909541e-10	1.370526e+01	4.230358e+01
5.120000e-06	1.934487e-06	6.818891e-10	1.340102e+01	4.176262e+01
5.130000e-06	1.890441e-06	6.731621e-10	1.309589e+01	4.121469e+01
5.140000e-06	1.846279e-06	6.652115e-10	1.278996e+01	4.065970e+01
5.150000e-06	1.802021e-06	6.579117e-10	1.248337e+01	4.009751e+01
5.160000e-06	1.757663e-06	6.510283e-10	1.217608e+01	3.952796e+01
5.170000e-06	1.713236e-06	6.438039e-10	1.186832e+01	3.895085e+01
5.180000e-06	1.668806e-06	6.369427e-10	1.156053e+01	3.836597e+01
5.190000e-06	1.624314e-06	6.300185e-10	1.125232e+01	3.777308e+01
5.200000e-06	1.579682e-06	6.235807e-10	1.094313e+01	3.717190e+01
5.210000e-06	1.534952e-06	6.164857e-10	1.063327e+01	3.656211e+01
5.220000e-06	1.490145e-06	6.092650e-10	1.032287e+01	3.594337e+01
5.230000e-06	1.445233e-06	6.004954e-10	1.001174e+01	3.531533e+01
5.240000e-06	1.400130e-06	5.898453e-10	9.699295e+00	3.467756e+01
5.250000e-06	1.354895e-06	5.787747e-10	9.385938e+00	3.402965e+01
5.260000e-06	1.309682e-06	5.676941e-10	9.072725e+00	3.337114e+01
5.270000e-06	1.264389e-06	5.592866e-10	8.758962e+00	3.270155e+01
5.280000e-06	1.219030e-06	5.547871e-10	8.444738e+00	3.202037e+01
5.290000e-06	1.173711e-06	5.511904e-10	8.130797e+00	3.132709e+01
5.300000e-06	1.128342e-06	5.436572e-10	7.816505e+00	3.062118e+01
5.310000e-06	1.082824e-06	5.338270e-10	7.501184e+00	2.990208e+01
5.320000e-06	1.037182e-06	5.220171e-10	7.185002e+00	2.916924e+01
5.330000e-06	9.913380e-07	5.078189e-10	6.867421e+00	2.842210e+01
5.340000e-06	9.453356e-07	4.912994e-10	6.548743e+00	2.766011e+01
5.350000e-06	8.993142e-07	4.754751e-10	6.229933e+00	2.688271e+01
5.360000e-06	8.532092e-07	4.628205e-10	5.910544e+00	2.608937e+01
5.370000e-06	8.070012e-07	4.537964e-10	5.590442e+00	2.527958e+01
5.380000e-06	7.607497e-07	4.457765e-10	5.270038e+00	2.445282e+01
5.390000e-06	7.144415e-07	4.342592e-10	4.949241e+00	2.360864e+01
5.400000e-06	6.680469e-07	4.203415e-10	4.627846e+00	2.274659e+01
5.410000e-06	6.216508e-07	4.039928e-10	4.306440e+00	2.186629e+01
5.420000e-06	5.751957e-07	3.853817e-10	3.984626e+00	2.096737e+01
5.430000e-06	5.285852e-07	3.662186e-10	3.661735e+00	2.004954e+01
5.440000e-06	4.819503e-07	3.482290e-10	3.338675e+00	1.911254e+01
5.450000e-06	4.353763e-07	3.336591e-10	3.016037e+00	1.815619e+01
5.460000e-06	3.887676e-07	3.204533e-10	2.693159e+00	1.718037e+01
5.470000e-06	3.420778e-07	3.095169e-10	2.369719e+00	1.618502e+01
5.480000e-06	2.954260e-07	2.994424e-10	2.046542e+00	1.517015e+01
5.490000e-06	2.487763e-07	2.860765e-10	1.723380e+00	1.413586e+01
5.500000e-06	2.021671e-07	2.677237e-10	1.400498e+00	1.308232e+01
5.510000e-06	1.555296e-07	2.451550e-10	1.077420e+00	1.200977e+01
5.520000e-06	1.087819e-07	2.207522e-10	7.535783e-01	1.091855e+01
5.530000e-06	6.210669e-08	1.987849e-10	4.302396e-01	9.809070e+00
5.540000e-06	1.550987e-08	1.803865e-10	1.074435e-01	8.681836e+00
5.550000e-06	-3.101546e-08	1.633102e-10	-2.148573e-01	7.537429e+00
5.560000e-06	-7.756733e-08	1.484608e-10	-5.373420e-01	6.376517e+00
5.570000e-06	-1.241541e-07	1.358853e-10	-8.600685e-01	5.199849e+00
5.580000e-06	-1.707837e-07	1.214251e-10	-1.183091e+00	4.008256e+00
5.590000e-06	-2.174624e-07	1.039248e-10	-1.506455e+00	2.802645e+00
5.600000e-06	-2.641123e-07	8.262769e-11	-1.829619e+00	1.584002e+00
5.610000e-06	-3.107275e-07	5.934083e-11	-2.152542e+00	3.533796e-01
5.620000e-06	-3.572981e-07	3.664023e-11	-2.475157e+00	-8.880983e-01
5.630000e-06	-4.038837e-07	1.494768e-11	-2.797875e+00	-2.139247e+00
5.640000e-06	-4.504715e-07	-6.039302e-12	-3.120608e+00	-3.398825e+00
5.650000e-06	-4.969734e-07	-2.651971e-11	-3.442747e+00	-4.665538e+00
5.660000e-06	-5.434493e-07	-4.541288e-11	-3.764705e+00	-5.938047e+00
5.670000e-06	-5.898735e-07	-6.415282e-11	-4.086306e+00	-7.214972e+00
5.680000e-06	-6.362293e-07	-8.421880e-11	-4.407432e+00	-8.494904e+00
5.690000e-06	-6.825789e-07	-1.059722e-10	-4.728515e+00	-9.776406e+00
5.700000e-06	-7.288195e-07	-1.302045e-10	-5.048844e+00	-1.105802e+01
5.710000e-06	-7.749442e-07	-1.557638e-10	-5.368369e+00	-1.233830e+01
5.720000e-06	-8.210526e-07	-1.791478e-10	-5.687781e+00	-1.361575e+01
5.730000e-06	-8.670966e-07	-2.007344e-10	-6.006748e+00	-1.488893e+01
5.740000e-06	-9.130531e-07	-2.230125e-10	-6.325108e+00	-1.615639e+01
5.750000e-06	-9.589606e-07	-2.433299e-10	-6.643129e+00	-1.741668e+01
5.760000e-06	-1.004840e-06	-2.612388e-10	-6.960956e+00	-1.866842e+01
5.770000e-06	-1.050658e-06	-2.819792e-10	-7.278353e+00	-1.991023e+01
5.780000e-06	-1.096355e-06	-3.026003e-10	-7.594917e+00	-2.114079e+01
5.790000e-06	-1.141952e-06	-3.221148e-10	-7.910791e+00	-2.235881e+01
5.800000e-06	-1.187430e-06	-3.407733e-10	-8.225836e+00	-2.356307e+01
5.810000e-06	-1.232742e-06	-3.620139e-10	-8.539729e+00	-2.475241e+01
5.820000e-06	-1.277871e-06	-3.861023e-10	-8.852361e+00	-2.592574e+01
5.830000e-06	-1.322854e-06	-4.088422e-10	-9.163971e+00	-2.708201e+01
5.840000e-06	-1.367786e-06	-4.292779e-10	-9.475237e+00	-2.822027e+01
5.850000e-06	-1.412653e-06	-4.455805e-10	-9.786047e+00	-2.933966e+01
5.860000e-06	-1.457416e-06	-4.618262e-10	-1.009615e+01	-3.043938e+01
5.870000e-06	-1.502077e-06	-4.773158e-10	-1.040553e+01	-3.151872e+01
5.880000e-06	-1.546621e-06	-4.933521e-10	-1.071410e+01	-3.257705e+01
5.890000e-06	-1.591098e-06	-5.104377e-10	-1.102222e+01	-3.361385e+01
5.900000e-06	-1.635493e-06	-5.293481e-10	-1.132976e+01	-3.462867e+01
5.910000e-06	-1.679835e-06	-5.488446e-10	-1.163693e+01	-3.562115e+01
5.920000e-06	-1.724194e-06	-5.674630e-10	-1.194423e+01	-3.659102e+01
5.930000e-06	-1.768536e-06	-5.846485e-10	-1.225140e+01	-3.753811e+01
5.940000e-06	-1.812791e-06	-5.997342e-10	-1.255798e+01	-3.846231e+01
5.950000e-06	-1.856955e-06	-6.139450e-10	-1.286392e+01	-3.936363e+01
5.960000e-06	-1.901062e-06	-6.272719e-10	-1.316946e+01	-4.024212e+01
5.970000e-06	-1.945090e-06	-6.410781e-10	-1.347447e+01	-4.109793e+01
5.980000e-06	-1.989009e-06	-6.554450e-10	-1.377872e+01	-4.193128e+01
5.990000e-06	-2.032766e-06	-6.653615e-10	-1.408183e+01	-4.274248e+01
6.000000e-06	-2.076312e-06	-6.719461e-10	-1.438350e+01	-4.353185e+01
6.010000e-06	-2.119658e-06	-6.833237e-10	-1.468377e+01	-4.429984e+01
6.020000e-06	-2.162873e-06	-6.995203e-10	-1.498314e+01	-4.504689e+01
6.030000e-06	-2.205968e-06	-7.169691e-10	-1.528168e+01	-4.577354e+01
6.040000e-06	-2.248843e-06	-7.336683e-10	-1.557869e+01	-4.648034e+01
6.050000e-06	-2.291504e-06	-7.478928e-10	-1.587423e+01	-4.716790e+01
6.060000e-06	-2.334098e-06	-7.583258e-10	-1.616929e+01	-4.783685e+01
6.070000e-06	-2.376588e-06	-7.658216e-10	-1.646364e+01	-4.848784e+01
6.080000e-06	-2.418833e-06	-7.739274e-10	-1.675629e+01	-4.912157e+01
6.090000e-06	-2.460945e-06	-7.838734e-10	-1.704801e+01	-4.973871e+01
6.100000e-06	-2.502969e-06	-7.943503e-10	-1.733913e+01	-5.033999e+01
6.110000e-06	-2.544846e-06	-8.070513e-10	-1.762923e+01	-5.092609e+01
6.120000e-06	-2.586533e-06	-8.199767e-10	-1.791802e+01	-5.149774e+01
6.130000e-06	-2.627918e-06	-8.309881e-10	-1.820471e+01	-5.205562e+01
6.140000e-06	-2.669050e-06	-8.410464e-10	-1.848964e+01	-5.260043e+01
6.150000e-06	-2.710005e-06	-8.507766e-10	-1.877336e+01	-5.313283e+01
6.160000e-06	-2.750773e-06	-8.588061e-10	-1.905578e+01	-5.365348e+01
6.170000e-06	-2.791382e-06	-8.676868e-10	-1.933709e+01	-5.416300e+01
6.180000e-06	-2.831865e-06	-8.773593e-10	-1.961754e+01	-5.466198e+01
6.190000e-06	-2.872234e-06	-8.839071e-10	-1.989719e+01	-5.515101e+01
6.200000e-06	-2.912498e-06	-8.893546e-10	-2.017612e+01	-5.563061e+01
6.210000e-06	-2.952701e-06	-8.986902e-10	-2.045462e+01	-5.610129e+01
6.220000e-06	-2.992796e-06	-9.100043e-10	-2.073238e+01	-5.656351e+01
6.230000e-06	-3.032665e-06	-9.218989e-10	-2.100857e+01	-5.701770e+01
6.240000e-06	-3.072374e-06	-9.345777e-10	-2.128365e+01	-5.746425e+01
6.250000e-06	-3.111857e-06	-9.458736e-10	-2.155716e+01	-5.790350e+01
6.260000e-06	-3.150957e-06	-9.537612e-10	-2.182802e+01	-5.833577e+01
6.270000e-06	-3.189706e-06	-9.579408e-10	-2.209646e+01	-5.876133e+01
6.280000e-06	-3.228030e-06	-9.620997e-10	-2.236194e+01	-5.918042e+01
6.290000e-06	-3.265916e-06	-9.688180e-10	-2.262439e+01	-5.959324e+01
6.300000e-06	-3.303401e-06	-9.776027e-10	-2.288407e+01	-5.999994e+01
6.310000e-06	-3.340550e-06	-9.878380e-10	-2.314141e+01	-6.040067e+01
6.320000e-06	-3.377422e-06	-9.984302e-10	-2.339684e+01	-6.079551e+01
6.330000e-06	-3.414018e-06	-1.006764e-09	-2.365036e+01	-6.118454e+01
6.340000e-06	-3.450464e-06	-1.012469e-09	-2.390283e+01	-6.156781e+01
6.350000e-06	-3.486805e-06	-1.017297e-09	-2.415459e+01	-6.194533e+01
6.360000e-06	-3.522975e-06	-1.020875e-09	-2.440515e+01	-6.231710e+01
6.370000e-06	-3.558978e-06	-1.023041e-09	-2.465456e+01	-6.268310e+01
6.380000e-06	-3.594863e-06	-1.026015e-09	-2.490315e+01	-6.304331e+01
6.390000e-06	-3.630515e-06	-1.031091e-09	-2.515012e+01	-6.339766e+01
6.400000e-06	-3.665837e-06	-1.037032e-09	-2.539482e+01	-6.374610e+01
6.410000e-06	-3.700931e-06	-1.042190e-09	-2.563793e+01	-6.408857e+01
6.420000e-06	-3.735737e-06	-1.047829e-09	-2.587905e+01	-6.442499e+01
6.430000e-06	-3.770193e-06	-1.055307e-09	-2.611774e+01	-6.475530e+01
6.440000e-06	-3.804433e-06	-1.062778e-09	-2.635493e+01	-6.507942e+01
6.450000e-06	-3.838474e-06	-1.068919e-09	-2.659075e+01	-6.539728e+01
6.460000e-06	-3.872269e-06	-1.073713e-09	-2.682486e+01	-6.570883e+01
6.470000e-06	-3.905721e-06	-1.075611e-09	-2.705660e+01	-6.601401e+01
6.480000e-06	-3.938783e-06	-1.074289e-09	-2.728563e+01	-6.631277e+01
6.490000e-06	-3.971553e-06	-1.072351e-09	-2.751264e+01	-6.660507e+01
6.500000e-06	-4.004161e-06	-1.070982e-09	-2.773853e+01	-6.689089e+01
6.510000e-06	-4.036700e-06	-1.071650e-09	-2.796395e+01	-6.717021e+01
6.520000e-06	-4.069091e-06	-1.076619e-09	-2.818833e+01	-6.744305e+01
6.530000e-06	-4.101245e-06	-1.084415e-09	-2.841107e+01	-6.770940e+01
6.540000e-06	-4.133065e-06	-1.094149e-09	-2.863150e+01	-6.796931e+01
6.550000e-06	-4.164510e-06	-1.103688e-09	-2.884934e+01	-6.822282e+01
6.560000e-06	-4.195590e-06	-1.110098e-09	-2.906464e+01	-6.846998e+01
6.570000e-06	-4.226180e-06	-1.110829e-09	-2.927655e+01	-6.871088e+01
6.580000e-06	-4.256206e-06	-1.105727e-09	-2.948455e+01	-6.894559e+01
6.590000e-06	-4.285785e-06	-1.101213e-09	-2.968946e+01	-6.917422e+01
6.600000e-06	-4.314974e-06	-1.103606e-09	-2.989166e+01	-6.939687e+01
6.610000e-06	-4.343809e-06	-1.111160e-09	-3.009142e+01	-6.961368e+01
6.620000e-06	-4.372438e-06	-1.119243e-09	-3.028974e+01	-6.982478e+01
6.630000e-06	-4.400937e-06	-1.127140e-09	-3.048717e+01	-7.003030e+01
6.640000e-06	-4.429208e-06	-1.134378e-09	-3.068302e+01	-7.023040e+01
6.650000e-06	-4.457168e-06	-1.139826e-09	-3.087671e+01	-7.042524e+01
6.660000e-06	-4.484885e-06	-1.141548e-09	-3.106871e+01	-7.061496e+01
6.670000e-06	-4.512317e-06	-1.139044e-09	-3.125874e+01	-7.079975e+01
6.680000e-06	-4.539374e-06	-1.136975e-09	-3.144618e+01	-7.097977e+01
6.690000e-06	-4.566042e-06	-1.138331e-09	-3.163092e+01	-7.115517e+01
6.700000e-06	-4.592381e-06	-1.141782e-09	-3.181338e+01	-7.132614e+01
6.710000e-06	-4.618435e-06	-1.147004e-09	-3.199387e+01	-7.149283e+01
6.720000e-06	-4.644246e-06	-1.152061e-09	-3.217268e+01	-7.165540e+01
6.730000e-06	-4.669724e-06	-1.156579e-09	-3.234917e+01	-7.181400e+01
6.740000e-06	-4.694799e-06	-1.161831e-09	-3.252287e+01	-7.196880e+01
6.750000e-06	-4.719567e-06	-1.166122e-09	-3.269445e+01	-7.211993e+01
6.760000e-06	-4.744075e-06	-1.168986e-09	-3.286423e+01	-7.226753e+01
6.770000e-06	-4.768415e-06	-1.171630e-09	-3.303284e+01	-7.241172e+01
6.780000e-06	-4.792563e-06	-1.172715e-09	-3.320013e+01	-7.255263e+01
6.790000e-06	-4.816393e-06	-1.172467e-09	-3.336521e+01	-7.269036e+01
6.800000e-06	-4.839888e-06	-1.173947e-09	-3.352797e+01	-7.282502e+01
6.810000e-06	-4.862878e-06	-1.175729e-09	-3.368723e+01	-7.295669e+01
6.820000e-06	-4.885281e-06	-1.174318e-09	-3.384242e+01	-7.308546e+01
6.830000e-06	-4.907074e-06	-1.172002e-09	-3.399339e+01	-7.321139e+01
6.840000e-06	-4.928290e-06	-1.172376e-09	-3.414037e+01	-7.333454e+01
6.850000e-06	-4.949159e-06	-1.177865e-09	-3.428493e+01	-7.345497e+01
6.860000e-06	-4.969785e-06	-1.186479e-09	-3.442782e+01	-7.357271e+01
6.870000e-06	-4.990182e-06	-1.192686e-09	-3.456912e+01	-7.368781e+01
6.880000e-06	-5.010372e-06	-1.193396e-09	-3.470899e+01	-7.380028e+01
6.890000e-06	-5.030335e-06	-1.190635e-09	-3.484727e+01	-7.391013e+01
6.900000e-06	-5.049984e-06	-1.186870e-09	-3.498340e+01	-7.401738e+01
6.910000e-06	-5.069217e-06	-1.182535e-09	-3.511663e+01	-7.412204e+01
6.920000e-06	-5.088048e-06	-1.182339e-09	-3.524708e+01	-7.422409e+01
6.930000e-06	-5.106589e-06	-1.188425e-09	-3.537552e+01	-7.432353e+01
6.940000e-06	-5.124880e-06	-1.196861e-09	-3.550223e+01	-7.442035e+01
6.950000e-06	-5.142884e-06	-1.201556e-09	-3.562695e+01	-7.451453e+01
6.960000e-06	-5.160485e-06	-1.205017e-09	-3.574888e+01	-7.460605e+01
6.970000e-06	-5.177648e-06	-1.205597e-09	-3.586778e+01	-7.469488e+01
6.980000e-06	-5.194454e-06	-1.201699e-09	-3.598420e+01	-7.478102e+01
6.990000e-06	-5.211040e-06	-1.197549e-09	-3.609910e+01	-7.486442e+01
7.000000e-06	-5.227372e-06	-1.192829e-09	-3.621223e+01	-7.494507e+01
7.010000e-06	-5.243305e-06	-1.190056e-09	-3.632261e+01	-7.502293e+01
7.020000e-06	-5.258807e-06	-1.192187e-09	-3.643000e+01	-7.509799e+01
7.030000e-06	-5.273815e-06	-1.197716e-09	-3.653397e+01	-7.517022e+01
7.040000e-06	-5.288105e-06	-1.202936e-09	-3.663296e+01	-7.523959e+01
7.050000e-06	-5.301651e-06	-1.205842e-09	-3.672680e+01	-7.530608e+01
7.060000e-06	-5.314685e-06	-1.207039e-09	-3.681709e+01	-7.536966e+01
7.070000e-06	-5.327380e-06	-1.205744e-09	-3.690504e+01	-7.543032e+01
7.080000e-06	-5.339820e-06	-1.201929e-09	-3.699121e+01	-7.548802e+01
7.090000e-06	-5.351919e-06	-1.197710e-09	-3.707503e+01	-7.554276e+01
7.100000e-06	-5.363582e-06	-1.196994e-09	-3.715582e+01	-7.559450e+01
7.110000e-06	-5.374829e-06	-1.197307e-09	-3.723374e+01	-7.564323e+01
7.120000e-06	-5.385714e-06	-1.198719e-09	-3.730914e+01	-7.568894e+01
7.130000e-06	-5.396297e-06	-1.201189e-09	-3.738245e+01	-7.573159e+01
7.140000e-06	-5.406579e-06	-1.201218e-09	-3.745368e+01	-7.577117e+01
7.150000e-06	-5.416432e-06	-1.197555e-09	-3.752193e+01	-7.580766e+01
7.160000e-06	-5.425820e-06	-1.194364e-09	-3.758697e+01	-7.584104e+01
7.170000e-06	-5.434865e-06	-1.195135e-09	-3.764963e+01	-7.587128e+01
7.180000e-06	-5.443589e-06	-1.196053e-09	-3.771007e+01	-7.589836e+01
7.190000e-06	-5.452067e-06	-1.196799e-09	-3.776880e+01	-7.592225e+01
7.200000e-06	-5.460346e-06	-1.195428e-09	-3.782614e+01	-7.594293e+01
7.210000e-06	-5.468274e-06	-1.190175e-09	-3.788106e+01	-7.596036e+01
7.220000e-06	-5.475781e-06	-1.186000e-09	-3.793307e+01	-7.597453e+01
7.230000e-06	-5.482847e-06	-1.185794e-09	-3.798202e+01	-7.598538e+01
7.240000e-06	-5.489345e-06	-1.187542e-09	-3.802704e+01	-7.599289e+01
7.250000e-06	-5.495212e-06	-1.189277e-09	-3.806767e+01	-7.599703e+01
7.260000e-06	-5.500479e-06	-1.192020e-09	-3.810416e+01	-7.599775e+01
7.270000e-06	-5.505284e-06	-1.197225e-09	-3.813745e+01	-7.599502e+01
7.280000e-06	-5.509790e-06	-1.197642e-09	-3.816866e+01	-7.598879e+01
7.290000e-06	-5.514077e-06	-1.192908e-09	-3.819836e+01	-7.597904e+01
7.300000e-06	-5.518108e-06	-1.184950e-09	-3.822629e+01	-7.596571e+01
7.310000e-06	-5.521786e-06	-1.175961e-09	-3.825177e+01	-7.594877e+01
7.320000e-06	-5.525092e-06	-1.171620e-09	-3.827467e+01	-7.592819e+01
7.330000e-06	-5.528009e-06	-1.174282e-09	-3.829488e+01	-7.590392e+01
7.340000e-06	-5.530554e-06	-1.179528e-09	-3.831250e+01	-7.587595e+01
7.350000e-06	-5.532822e-06	-1.183905e-09	-3.832822e+01	-7.584424e+01
7.360000e-06	-5.534758e-06	-1.186335e-09	-3.834163e+01	-7.580877e+01
7.370000e-06	-5.536199e-06	-1.185235e-09	-3.835161e+01	-7.576952e+01
7.380000e-06	-5.537255e-06	-1.181697e-09	-3.835893e+01	-7.572648e+01
7.390000e-06	-5.537980e-06	-1.176229e-09	-3.836395e+01	-7.567966e+01
7.400000e-06	-5.538396e-06	-1.170728e-09	-3.836683e+01	-7.562905e+01
