# Temperatura_=_-0.3
# Concentracion g/m^3_=_1620.0
# C_Vs_to_Am_M_A/Vsm_=_65563218390.804596
# pendiente_HvsI_1/m_=_3716.3
# ordenada_HvsI_A/m_=_1297.0
# frecuencia_Hz_=_135103.65746857863

Tiempo_(s)	Campo_(V.s)	Magnetizacion_(V.s)	Campo_(kA/m)	Magnetizacion_(A/m)
0.000000e+00	-5.506653e-06	-1.553538e-09	-3.837039e+01	-1.000497e+02
1.000000e-08	-5.506846e-06	-1.549693e-09	-3.837174e+01	-1.000202e+02
2.000000e-08	-5.506793e-06	-1.545384e-09	-3.837137e+01	-9.998986e+01
3.000000e-08	-5.506370e-06	-1.543258e-09	-3.836842e+01	-9.995864e+01
4.000000e-08	-5.505453e-06	-1.541573e-09	-3.836204e+01	-9.992645e+01
5.000000e-08	-5.503912e-06	-1.539389e-09	-3.835130e+01	-9.989321e+01
6.000000e-08	-5.501616e-06	-1.537185e-09	-3.833529e+01	-9.985879e+01
7.000000e-08	-5.498731e-06	-1.553913e-09	-3.831519e+01	-9.982306e+01
8.000000e-08	-5.495472e-06	-1.570800e-09	-3.829249e+01	-9.978586e+01
9.000000e-08	-5.491766e-06	-1.541453e-09	-3.826666e+01	-9.974702e+01
1.000000e-07	-5.487647e-06	-1.511238e-09	-3.823796e+01	-9.970636e+01
1.100000e-07	-5.483303e-06	-1.575168e-09	-3.820770e+01	-9.966367e+01
1.200000e-07	-5.478668e-06	-1.577219e-09	-3.817540e+01	-9.961876e+01
1.300000e-07	-5.473717e-06	-1.555715e-09	-3.814090e+01	-9.957140e+01
1.400000e-07	-5.468498e-06	-1.491722e-09	-3.810453e+01	-9.952136e+01
1.500000e-07	-5.462923e-06	-1.545914e-09	-3.806569e+01	-9.946843e+01
1.600000e-07	-5.456962e-06	-1.579354e-09	-3.802415e+01	-9.941235e+01
1.700000e-07	-5.450578e-06	-1.544179e-09	-3.797967e+01	-9.935290e+01
1.800000e-07	-5.443806e-06	-1.521584e-09	-3.793248e+01	-9.928984e+01
1.900000e-07	-5.436649e-06	-1.536515e-09	-3.788261e+01	-9.922293e+01
2.000000e-07	-5.429113e-06	-1.578343e-09	-3.783009e+01	-9.915195e+01
2.100000e-07	-5.421325e-06	-1.550229e-09	-3.777583e+01	-9.907667e+01
2.200000e-07	-5.413375e-06	-1.551034e-09	-3.772043e+01	-9.899688e+01
2.300000e-07	-5.405198e-06	-1.551232e-09	-3.766346e+01	-9.891236e+01
2.400000e-07	-5.396474e-06	-1.576676e-09	-3.760266e+01	-9.882291e+01
2.500000e-07	-5.387079e-06	-1.536651e-09	-3.753720e+01	-9.872836e+01
2.600000e-07	-5.376951e-06	-1.524249e-09	-3.746663e+01	-9.862852e+01
2.700000e-07	-5.366149e-06	-1.502144e-09	-3.739136e+01	-9.852323e+01
2.800000e-07	-5.354881e-06	-1.515141e-09	-3.731285e+01	-9.841234e+01
2.900000e-07	-5.343199e-06	-1.494472e-09	-3.723145e+01	-9.829574e+01
3.000000e-07	-5.331199e-06	-1.497750e-09	-3.714783e+01	-9.817329e+01
3.100000e-07	-5.318853e-06	-1.489263e-09	-3.706181e+01	-9.804490e+01
3.200000e-07	-5.306167e-06	-1.505945e-09	-3.697341e+01	-9.791048e+01
3.300000e-07	-5.293083e-06	-1.488743e-09	-3.688224e+01	-9.776998e+01
3.400000e-07	-5.279534e-06	-1.463260e-09	-3.678783e+01	-9.762335e+01
3.500000e-07	-5.265650e-06	-1.458842e-09	-3.669109e+01	-9.747054e+01
3.600000e-07	-5.251392e-06	-1.474101e-09	-3.659174e+01	-9.731155e+01
3.700000e-07	-5.236507e-06	-1.448565e-09	-3.648802e+01	-9.714638e+01
3.800000e-07	-5.220943e-06	-1.446500e-09	-3.637956e+01	-9.697505e+01
3.900000e-07	-5.204975e-06	-1.488533e-09	-3.626830e+01	-9.679758e+01
4.000000e-07	-5.188737e-06	-1.463929e-09	-3.615516e+01	-9.661403e+01
4.100000e-07	-5.172102e-06	-1.416892e-09	-3.603924e+01	-9.642445e+01
4.200000e-07	-5.155159e-06	-1.452112e-09	-3.592118e+01	-9.622893e+01
4.300000e-07	-5.137902e-06	-1.488323e-09	-3.580094e+01	-9.602753e+01
4.400000e-07	-5.120212e-06	-1.417193e-09	-3.567767e+01	-9.582036e+01
4.500000e-07	-5.102157e-06	-1.421925e-09	-3.555186e+01	-9.560753e+01
4.600000e-07	-5.083748e-06	-1.476568e-09	-3.542359e+01	-9.538914e+01
4.700000e-07	-5.064962e-06	-1.442925e-09	-3.529269e+01	-9.516533e+01
4.800000e-07	-5.045790e-06	-1.389635e-09	-3.515910e+01	-9.493621e+01
4.900000e-07	-5.026320e-06	-1.459492e-09	-3.502343e+01	-9.470191e+01
5.000000e-07	-5.006632e-06	-1.452971e-09	-3.488625e+01	-9.446258e+01
5.100000e-07	-4.986728e-06	-1.390477e-09	-3.474755e+01	-9.421835e+01
5.200000e-07	-4.966507e-06	-1.420839e-09	-3.460665e+01	-9.396935e+01
5.300000e-07	-4.945945e-06	-1.465714e-09	-3.446338e+01	-9.371574e+01
5.400000e-07	-4.924953e-06	-1.391702e-09	-3.431710e+01	-9.345763e+01
5.500000e-07	-4.903528e-06	-1.390872e-09	-3.416782e+01	-9.319517e+01
5.600000e-07	-4.881838e-06	-1.436574e-09	-3.401668e+01	-9.292848e+01
5.700000e-07	-4.859858e-06	-1.397575e-09	-3.386352e+01	-9.265770e+01
5.800000e-07	-4.837579e-06	-1.365406e-09	-3.370829e+01	-9.238294e+01
5.900000e-07	-4.815017e-06	-1.424531e-09	-3.355107e+01	-9.210430e+01
6.000000e-07	-4.792091e-06	-1.411768e-09	-3.339132e+01	-9.182191e+01
6.100000e-07	-4.768841e-06	-1.372083e-09	-3.322931e+01	-9.153584e+01
6.200000e-07	-4.745346e-06	-1.400781e-09	-3.306560e+01	-9.124619e+01
6.300000e-07	-4.721640e-06	-1.407474e-09	-3.290042e+01	-9.095304e+01
6.400000e-07	-4.697664e-06	-1.365034e-09	-3.273335e+01	-9.065644e+01
6.500000e-07	-4.673334e-06	-1.376877e-09	-3.256382e+01	-9.035646e+01
6.600000e-07	-4.648568e-06	-1.390282e-09	-3.239126e+01	-9.005312e+01
6.700000e-07	-4.623264e-06	-1.355581e-09	-3.221494e+01	-8.974647e+01
6.800000e-07	-4.597493e-06	-1.355853e-09	-3.203536e+01	-8.943653e+01
6.900000e-07	-4.571188e-06	-1.373553e-09	-3.185207e+01	-8.912329e+01
7.000000e-07	-4.544372e-06	-1.353787e-09	-3.166521e+01	-8.880674e+01
7.100000e-07	-4.517230e-06	-1.342573e-09	-3.147609e+01	-8.848688e+01
7.200000e-07	-4.489797e-06	-1.360103e-09	-3.128494e+01	-8.816366e+01
7.300000e-07	-4.462117e-06	-1.346190e-09	-3.109206e+01	-8.783704e+01
7.400000e-07	-4.434303e-06	-1.334200e-09	-3.089825e+01	-8.750697e+01
7.500000e-07	-4.406339e-06	-1.338762e-09	-3.070340e+01	-8.717337e+01
7.600000e-07	-4.378039e-06	-1.331411e-09	-3.050620e+01	-8.683616e+01
7.700000e-07	-4.349419e-06	-1.308765e-09	-3.030678e+01	-8.649526e+01
7.800000e-07	-4.320499e-06	-1.315558e-09	-3.010527e+01	-8.615056e+01
7.900000e-07	-4.291253e-06	-1.310906e-09	-2.990148e+01	-8.580196e+01
8.000000e-07	-4.261754e-06	-1.294618e-09	-2.969593e+01	-8.544932e+01
8.100000e-07	-4.232004e-06	-1.288005e-09	-2.948864e+01	-8.509253e+01
8.200000e-07	-4.201965e-06	-1.285287e-09	-2.927932e+01	-8.473145e+01
8.300000e-07	-4.171601e-06	-1.262054e-09	-2.906775e+01	-8.436594e+01
8.400000e-07	-4.140862e-06	-1.255739e-09	-2.885356e+01	-8.399585e+01
8.500000e-07	-4.109789e-06	-1.261030e-09	-2.863704e+01	-8.362104e+01
8.600000e-07	-4.078503e-06	-1.257902e-09	-2.841903e+01	-8.324134e+01
8.700000e-07	-4.047076e-06	-1.244404e-09	-2.820005e+01	-8.285661e+01
8.800000e-07	-4.015512e-06	-1.244366e-09	-2.798011e+01	-8.246668e+01
8.900000e-07	-3.983772e-06	-1.230839e-09	-2.775895e+01	-8.207141e+01
9.000000e-07	-3.951698e-06	-1.209804e-09	-2.753546e+01	-8.167063e+01
9.100000e-07	-3.919306e-06	-1.202885e-09	-2.730975e+01	-8.126420e+01
9.200000e-07	-3.886589e-06	-1.204828e-09	-2.708178e+01	-8.085196e+01
9.300000e-07	-3.853392e-06	-1.197124e-09	-2.685046e+01	-8.043377e+01
9.400000e-07	-3.819791e-06	-1.192207e-09	-2.661633e+01	-8.000950e+01
9.500000e-07	-3.785795e-06	-1.189711e-09	-2.637944e+01	-7.957902e+01
9.600000e-07	-3.751358e-06	-1.169941e-09	-2.613949e+01	-7.914220e+01
9.700000e-07	-3.716495e-06	-1.146460e-09	-2.589656e+01	-7.869894e+01
9.800000e-07	-3.681322e-06	-1.136098e-09	-2.565148e+01	-7.824913e+01
9.900000e-07	-3.645918e-06	-1.131345e-09	-2.540478e+01	-7.779269e+01
1.000000e-06	-3.610352e-06	-1.126793e-09	-2.515696e+01	-7.732954e+01
1.010000e-06	-3.574696e-06	-1.130896e-09	-2.490851e+01	-7.685962e+01
1.020000e-06	-3.538883e-06	-1.132497e-09	-2.465896e+01	-7.638287e+01
1.030000e-06	-3.502867e-06	-1.120905e-09	-2.440800e+01	-7.589927e+01
1.040000e-06	-3.466635e-06	-1.104752e-09	-2.415554e+01	-7.540880e+01
1.050000e-06	-3.430160e-06	-1.093470e-09	-2.390138e+01	-7.491145e+01
1.060000e-06	-3.393461e-06	-1.076730e-09	-2.364566e+01	-7.440724e+01
1.070000e-06	-3.356517e-06	-1.065943e-09	-2.338823e+01	-7.389619e+01
1.080000e-06	-3.319332e-06	-1.062859e-09	-2.312913e+01	-7.337836e+01
1.090000e-06	-3.281867e-06	-1.064080e-09	-2.286807e+01	-7.285381e+01
1.100000e-06	-3.244081e-06	-1.058840e-09	-2.260478e+01	-7.232261e+01
1.110000e-06	-3.206093e-06	-1.055203e-09	-2.234008e+01	-7.178485e+01
1.120000e-06	-3.167934e-06	-1.045711e-09	-2.207419e+01	-7.124065e+01
1.130000e-06	-3.129607e-06	-1.032492e-09	-2.180712e+01	-7.069013e+01
1.140000e-06	-3.091126e-06	-1.018093e-09	-2.153899e+01	-7.013342e+01
1.150000e-06	-3.052377e-06	-1.009099e-09	-2.126899e+01	-6.957067e+01
1.160000e-06	-3.013321e-06	-9.999587e-10	-2.099684e+01	-6.900203e+01
1.170000e-06	-2.974112e-06	-9.923957e-10	-2.072364e+01	-6.842767e+01
1.180000e-06	-2.934806e-06	-9.852597e-10	-2.044975e+01	-6.784777e+01
1.190000e-06	-2.895351e-06	-9.796458e-10	-2.017483e+01	-6.726250e+01
1.200000e-06	-2.855742e-06	-9.722720e-10	-1.989883e+01	-6.667205e+01
1.210000e-06	-2.816036e-06	-9.631199e-10	-1.962216e+01	-6.607660e+01
1.220000e-06	-2.776252e-06	-9.512640e-10	-1.934495e+01	-6.547634e+01
1.230000e-06	-2.736292e-06	-9.386816e-10	-1.906650e+01	-6.487145e+01
1.240000e-06	-2.696101e-06	-9.263681e-10	-1.878645e+01	-6.426210e+01
1.250000e-06	-2.655727e-06	-9.171995e-10	-1.850512e+01	-6.364846e+01
1.260000e-06	-2.615125e-06	-9.110475e-10	-1.822221e+01	-6.303070e+01
1.270000e-06	-2.574257e-06	-9.046673e-10	-1.793744e+01	-6.240896e+01
1.280000e-06	-2.533092e-06	-8.972345e-10	-1.765060e+01	-6.178336e+01
1.290000e-06	-2.491603e-06	-8.883305e-10	-1.736150e+01	-6.115403e+01
1.300000e-06	-2.449788e-06	-8.755227e-10	-1.707014e+01	-6.052106e+01
1.310000e-06	-2.407580e-06	-8.596989e-10	-1.677603e+01	-5.988451e+01
1.320000e-06	-2.365009e-06	-8.473813e-10	-1.647940e+01	-5.924443e+01
1.330000e-06	-2.322155e-06	-8.378726e-10	-1.618079e+01	-5.860083e+01
1.340000e-06	-2.279157e-06	-8.298914e-10	-1.588118e+01	-5.795371e+01
1.350000e-06	-2.236010e-06	-8.225441e-10	-1.558053e+01	-5.730302e+01
1.360000e-06	-2.192716e-06	-8.151827e-10	-1.527886e+01	-5.664867e+01
1.370000e-06	-2.149325e-06	-8.029917e-10	-1.497651e+01	-5.599056e+01
1.380000e-06	-2.105781e-06	-7.891208e-10	-1.467310e+01	-5.532853e+01
1.390000e-06	-2.062131e-06	-7.734778e-10	-1.436894e+01	-5.466239e+01
1.400000e-06	-2.018428e-06	-7.588850e-10	-1.406442e+01	-5.399191e+01
1.410000e-06	-1.974702e-06	-7.464688e-10	-1.375973e+01	-5.331681e+01
1.420000e-06	-1.930927e-06	-7.380980e-10	-1.345472e+01	-5.263679e+01
1.430000e-06	-1.887046e-06	-7.289132e-10	-1.314895e+01	-5.195149e+01
1.440000e-06	-1.843025e-06	-7.175479e-10	-1.284221e+01	-5.126051e+01
1.450000e-06	-1.798900e-06	-7.029663e-10	-1.253475e+01	-5.056343e+01
1.460000e-06	-1.754683e-06	-6.882329e-10	-1.222664e+01	-4.985976e+01
1.470000e-06	-1.710321e-06	-6.722486e-10	-1.191753e+01	-4.914900e+01
1.480000e-06	-1.665788e-06	-6.568144e-10	-1.160722e+01	-4.843059e+01
1.490000e-06	-1.621200e-06	-6.427560e-10	-1.129653e+01	-4.770394e+01
1.500000e-06	-1.576530e-06	-6.317807e-10	-1.098527e+01	-4.696845e+01
1.510000e-06	-1.531643e-06	-6.212164e-10	-1.067250e+01	-4.622347e+01
1.520000e-06	-1.486589e-06	-6.113217e-10	-1.035856e+01	-4.546831e+01
1.530000e-06	-1.441433e-06	-6.027576e-10	-1.004391e+01	-4.470228e+01
1.540000e-06	-1.396200e-06	-5.935727e-10	-9.728734e+00	-4.392466e+01
1.550000e-06	-1.350872e-06	-5.807598e-10	-9.412887e+00	-4.313471e+01
1.560000e-06	-1.305484e-06	-5.650880e-10	-9.096622e+00	-4.233170e+01
1.570000e-06	-1.260035e-06	-5.493415e-10	-8.779930e+00	-4.151485e+01
1.580000e-06	-1.214520e-06	-5.339237e-10	-8.462783e+00	-4.068342e+01
1.590000e-06	-1.168957e-06	-5.190138e-10	-8.145299e+00	-3.983665e+01
1.600000e-06	-1.123299e-06	-5.064667e-10	-7.827154e+00	-3.897378e+01
1.610000e-06	-1.077565e-06	-4.946965e-10	-7.508480e+00	-3.809409e+01
1.620000e-06	-1.031738e-06	-4.802001e-10	-7.189155e+00	-3.719684e+01
1.630000e-06	-9.857949e-07	-4.656404e-10	-6.869026e+00	-3.628135e+01
1.640000e-06	-9.397454e-07	-4.506745e-10	-6.548152e+00	-3.534695e+01
1.650000e-06	-8.935223e-07	-4.351720e-10	-6.226069e+00	-3.439299e+01
1.660000e-06	-8.472042e-07	-4.190915e-10	-5.903325e+00	-3.341888e+01
1.670000e-06	-8.008907e-07	-4.029857e-10	-5.580612e+00	-3.242407e+01
1.680000e-06	-7.545420e-07	-3.872853e-10	-5.257654e+00	-3.140806e+01
1.690000e-06	-7.081885e-07	-3.728940e-10	-4.934662e+00	-3.037039e+01
1.700000e-06	-6.617785e-07	-3.568203e-10	-4.611277e+00	-2.931067e+01
1.710000e-06	-6.153678e-07	-3.408155e-10	-4.287887e+00	-2.822858e+01
1.720000e-06	-5.689794e-07	-3.233368e-10	-3.964652e+00	-2.712385e+01
1.730000e-06	-5.225099e-07	-3.042705e-10	-3.640853e+00	-2.599630e+01
1.740000e-06	-4.759613e-07	-2.839166e-10	-3.316501e+00	-2.484580e+01
1.750000e-06	-4.293608e-07	-2.636251e-10	-2.991789e+00	-2.367232e+01
1.760000e-06	-3.827195e-07	-2.451557e-10	-2.666792e+00	-2.247590e+01
1.770000e-06	-3.360736e-07	-2.292867e-10	-2.341763e+00	-2.125667e+01
1.780000e-06	-2.894374e-07	-2.138872e-10	-2.016802e+00	-2.001482e+01
1.790000e-06	-2.427527e-07	-1.973597e-10	-1.691503e+00	-1.875066e+01
1.800000e-06	-1.959898e-07	-1.795187e-10	-1.365658e+00	-1.746455e+01
1.810000e-06	-1.492673e-07	-1.605881e-10	-1.040096e+00	-1.615697e+01
1.820000e-06	-1.025837e-07	-1.405428e-10	-7.148037e-01	-1.482845e+01
1.830000e-06	-5.583552e-08	-1.201601e-10	-3.890623e-01	-1.347964e+01
1.840000e-06	-9.075122e-09	-1.008921e-10	-6.323551e-02	-1.211124e+01
1.850000e-06	3.759992e-08	-8.318134e-11	2.619965e-01	-1.072406e+01
1.860000e-06	8.419008e-08	-6.563823e-11	5.866370e-01	-9.318957e+00
1.870000e-06	1.308681e-07	-4.585750e-11	9.118897e-01	-7.896890e+00
1.880000e-06	1.776265e-07	-2.618535e-11	1.237703e+00	-6.458875e+00
1.890000e-06	2.242816e-07	-8.604457e-12	1.562796e+00	-5.006000e+00
1.900000e-06	2.708739e-07	8.272438e-12	1.887451e+00	-3.539414e+00
1.910000e-06	3.175053e-07	2.555218e-11	2.212379e+00	-2.060325e+00
1.920000e-06	3.640941e-07	4.466181e-11	2.537010e+00	-5.699931e-01
1.930000e-06	4.106720e-07	6.645198e-11	2.861565e+00	9.302744e-01
1.940000e-06	4.572581e-07	8.882268e-11	3.186178e+00	2.439129e+00
1.950000e-06	5.037915e-07	1.103336e-10	3.510423e+00	3.955188e+00
1.960000e-06	5.502635e-07	1.310078e-10	3.834239e+00	5.477039e+00
1.970000e-06	5.965770e-07	1.511295e-10	4.156953e+00	7.003250e+00
1.980000e-06	6.427988e-07	1.699547e-10	4.479027e+00	8.532371e+00
1.990000e-06	6.890120e-07	1.875748e-10	4.801040e+00	1.006295e+01
2.000000e-06	7.351748e-07	2.056996e-10	5.122703e+00	1.159352e+01
2.010000e-06	7.813079e-07	2.248092e-10	5.444159e+00	1.312263e+01
2.020000e-06	8.274192e-07	2.447511e-10	5.765463e+00	1.464885e+01
2.030000e-06	8.734435e-07	2.674279e-10	6.086160e+00	1.617074e+01
2.040000e-06	9.193430e-07	2.901770e-10	6.405989e+00	1.768692e+01
2.050000e-06	9.652423e-07	3.120919e-10	6.725815e+00	1.919603e+01
2.060000e-06	1.011172e-06	3.327906e-10	7.045854e+00	2.069672e+01
2.070000e-06	1.057013e-06	3.516667e-10	7.365277e+00	2.218772e+01
2.080000e-06	1.102719e-06	3.701550e-10	7.683752e+00	2.366780e+01
2.090000e-06	1.148302e-06	3.903363e-10	8.001376e+00	2.513576e+01
2.100000e-06	1.193806e-06	4.122969e-10	8.318446e+00	2.659049e+01
2.110000e-06	1.239282e-06	4.341678e-10	8.635329e+00	2.803093e+01
2.120000e-06	1.284720e-06	4.551587e-10	8.951937e+00	2.945608e+01
2.130000e-06	1.330060e-06	4.751077e-10	9.267865e+00	3.086501e+01
2.140000e-06	1.375282e-06	4.940756e-10	9.582971e+00	3.225687e+01
2.150000e-06	1.420482e-06	5.112245e-10	9.897925e+00	3.363088e+01
2.160000e-06	1.465602e-06	5.289810e-10	1.021232e+01	3.498634e+01
2.170000e-06	1.510627e-06	5.490372e-10	1.052606e+01	3.632261e+01
2.180000e-06	1.555591e-06	5.691566e-10	1.083937e+01	3.763915e+01
2.190000e-06	1.600358e-06	5.894074e-10	1.115131e+01	3.893548e+01
2.200000e-06	1.644939e-06	6.094818e-10	1.146195e+01	4.021121e+01
2.210000e-06	1.689378e-06	6.261410e-10	1.177160e+01	4.146601e+01
2.220000e-06	1.733626e-06	6.393796e-10	1.207992e+01	4.269964e+01
2.230000e-06	1.777773e-06	6.519736e-10	1.238754e+01	4.391192e+01
2.240000e-06	1.821833e-06	6.662283e-10	1.269454e+01	4.510276e+01
2.250000e-06	1.865728e-06	6.832772e-10	1.300040e+01	4.627211e+01
2.260000e-06	1.909494e-06	7.033582e-10	1.330537e+01	4.742000e+01
2.270000e-06	1.953205e-06	7.230680e-10	1.360995e+01	4.854652e+01
2.280000e-06	1.996920e-06	7.398903e-10	1.391456e+01	4.965182e+01
2.290000e-06	2.040609e-06	7.546833e-10	1.421898e+01	5.073609e+01
2.300000e-06	2.084250e-06	7.666755e-10	1.452307e+01	5.179957e+01
2.310000e-06	2.127803e-06	7.771005e-10	1.482654e+01	5.284256e+01
2.320000e-06	2.171276e-06	7.897404e-10	1.512947e+01	5.386539e+01
2.330000e-06	2.214651e-06	8.052632e-10	1.543170e+01	5.486842e+01
2.340000e-06	2.257830e-06	8.218253e-10	1.573258e+01	5.585203e+01
2.350000e-06	2.300788e-06	8.368564e-10	1.603190e+01	5.681666e+01
2.360000e-06	2.343558e-06	8.509501e-10	1.632993e+01	5.776273e+01
2.370000e-06	2.386092e-06	8.643287e-10	1.662631e+01	5.869070e+01
2.380000e-06	2.428323e-06	8.763381e-10	1.692057e+01	5.960103e+01
2.390000e-06	2.470193e-06	8.880004e-10	1.721232e+01	6.049418e+01
2.400000e-06	2.511738e-06	8.999028e-10	1.750181e+01	6.137064e+01
2.410000e-06	2.552978e-06	9.126970e-10	1.778917e+01	6.223087e+01
2.420000e-06	2.593861e-06	9.269342e-10	1.807404e+01	6.307532e+01
2.430000e-06	2.634524e-06	9.399883e-10	1.835738e+01	6.390447e+01
2.440000e-06	2.675055e-06	9.491654e-10	1.863980e+01	6.471874e+01
2.450000e-06	2.715370e-06	9.558227e-10	1.892072e+01	6.551856e+01
2.460000e-06	2.755400e-06	9.623334e-10	1.919965e+01	6.630434e+01
2.470000e-06	2.795212e-06	9.691345e-10	1.947706e+01	6.707646e+01
2.480000e-06	2.834928e-06	9.783088e-10	1.975380e+01	6.783530e+01
2.490000e-06	2.874557e-06	9.915589e-10	2.002993e+01	6.858119e+01
2.500000e-06	2.914092e-06	1.006597e-09	2.030541e+01	6.931444e+01
2.510000e-06	2.953566e-06	1.021673e-09	2.058047e+01	7.003536e+01
2.520000e-06	2.992877e-06	1.032947e-09	2.085438e+01	7.074421e+01
2.530000e-06	3.031894e-06	1.039869e-09	2.112626e+01	7.144122e+01
2.540000e-06	3.070661e-06	1.045453e-09	2.139639e+01	7.212661e+01
2.550000e-06	3.109242e-06	1.053069e-09	2.166522e+01	7.280058e+01
2.560000e-06	3.147578e-06	1.062632e-09	2.193235e+01	7.346329e+01
2.570000e-06	3.185685e-06	1.072801e-09	2.219788e+01	7.411488e+01
2.580000e-06	3.223595e-06	1.085169e-09	2.246203e+01	7.475548e+01
2.590000e-06	3.261246e-06	1.098702e-09	2.272438e+01	7.538518e+01
2.600000e-06	3.298698e-06	1.107307e-09	2.298535e+01	7.600409e+01
2.610000e-06	3.335984e-06	1.110454e-09	2.324516e+01	7.661226e+01
2.620000e-06	3.373038e-06	1.115213e-09	2.350335e+01	7.720977e+01
2.630000e-06	3.409771e-06	1.121643e-09	2.375931e+01	7.779664e+01
2.640000e-06	3.446168e-06	1.129083e-09	2.401292e+01	7.837293e+01
2.650000e-06	3.482370e-06	1.137804e-09	2.426518e+01	7.893867e+01
2.660000e-06	3.518453e-06	1.148154e-09	2.451660e+01	7.949388e+01
2.670000e-06	3.554327e-06	1.158052e-09	2.476658e+01	8.003860e+01
2.680000e-06	3.589959e-06	1.166721e-09	2.501486e+01	8.057286e+01
2.690000e-06	3.625474e-06	1.173608e-09	2.526233e+01	8.109668e+01
2.700000e-06	3.660924e-06	1.179906e-09	2.550934e+01	8.161011e+01
2.710000e-06	3.696255e-06	1.187769e-09	2.575553e+01	8.211319e+01
2.720000e-06	3.731369e-06	1.192959e-09	2.600021e+01	8.260599e+01
2.730000e-06	3.766186e-06	1.194919e-09	2.624281e+01	8.308856e+01
2.740000e-06	3.800639e-06	1.197343e-09	2.648288e+01	8.356099e+01
2.750000e-06	3.834534e-06	1.201382e-09	2.671906e+01	8.402336e+01
2.760000e-06	3.867810e-06	1.208711e-09	2.695093e+01	8.447579e+01
2.770000e-06	3.900605e-06	1.217263e-09	2.717944e+01	8.491840e+01
2.780000e-06	3.932998e-06	1.228320e-09	2.740516e+01	8.535133e+01
2.790000e-06	3.965113e-06	1.237416e-09	2.762894e+01	8.577473e+01
2.800000e-06	3.997043e-06	1.241886e-09	2.785142e+01	8.618878e+01
2.810000e-06	4.028814e-06	1.246564e-09	2.807281e+01	8.659365e+01
2.820000e-06	4.060411e-06	1.248518e-09	2.829297e+01	8.698955e+01
2.830000e-06	4.091764e-06	1.254373e-09	2.851144e+01	8.737670e+01
2.840000e-06	4.122918e-06	1.262204e-09	2.872852e+01	8.775532e+01
2.850000e-06	4.153798e-06	1.269816e-09	2.894369e+01	8.812566e+01
2.860000e-06	4.184372e-06	1.278002e-09	2.915673e+01	8.848796e+01
2.870000e-06	4.214658e-06	1.285588e-09	2.936777e+01	8.884249e+01
2.880000e-06	4.244582e-06	1.292529e-09	2.957627e+01	8.918951e+01
2.890000e-06	4.274187e-06	1.295829e-09	2.978256e+01	8.952930e+01
2.900000e-06	4.303527e-06	1.297514e-09	2.998701e+01	8.986213e+01
2.910000e-06	4.332661e-06	1.299889e-09	3.019001e+01	9.018828e+01
2.920000e-06	4.361527e-06	1.304639e-09	3.039115e+01	9.050803e+01
2.930000e-06	4.390031e-06	1.311929e-09	3.058977e+01	9.082164e+01
2.940000e-06	4.418193e-06	1.319867e-09	3.078600e+01	9.112939e+01
2.950000e-06	4.446097e-06	1.326536e-09	3.098044e+01	9.143154e+01
2.960000e-06	4.473855e-06	1.334130e-09	3.117385e+01	9.172833e+01
2.970000e-06	4.501540e-06	1.339670e-09	3.136676e+01	9.202000e+01
2.980000e-06	4.529101e-06	1.343349e-09	3.155881e+01	9.230679e+01
2.990000e-06	4.556358e-06	1.346549e-09	3.174874e+01	9.258889e+01
3.000000e-06	4.583131e-06	1.349189e-09	3.193529e+01	9.286651e+01
3.010000e-06	4.609356e-06	1.352599e-09	3.211803e+01	9.313981e+01
3.020000e-06	4.635002e-06	1.358784e-09	3.229673e+01	9.340895e+01
3.030000e-06	4.660025e-06	1.366717e-09	3.247109e+01	9.367407e+01
3.040000e-06	4.684536e-06	1.372817e-09	3.264188e+01	9.393526e+01
3.050000e-06	4.708635e-06	1.376754e-09	3.280980e+01	9.419263e+01
3.060000e-06	4.732450e-06	1.378263e-09	3.297575e+01	9.444623e+01
3.070000e-06	4.756133e-06	1.378314e-09	3.314077e+01	9.469611e+01
3.080000e-06	4.779595e-06	1.378447e-09	3.330425e+01	9.494228e+01
3.090000e-06	4.802739e-06	1.381366e-09	3.346552e+01	9.518475e+01
3.100000e-06	4.825547e-06	1.385398e-09	3.362444e+01	9.542348e+01
3.110000e-06	4.847936e-06	1.389209e-09	3.378045e+01	9.565843e+01
3.120000e-06	4.869980e-06	1.395052e-09	3.393406e+01	9.588952e+01
3.130000e-06	4.891763e-06	1.401277e-09	3.408584e+01	9.611666e+01
3.140000e-06	4.913269e-06	1.403194e-09	3.423569e+01	9.633976e+01
3.150000e-06	4.934458e-06	1.402923e-09	3.438334e+01	9.655868e+01
3.160000e-06	4.955225e-06	1.404251e-09	3.452804e+01	9.677329e+01
3.170000e-06	4.975595e-06	1.408365e-09	3.466998e+01	9.698344e+01
3.180000e-06	4.995642e-06	1.412936e-09	3.480967e+01	9.718896e+01
3.190000e-06	5.015490e-06	1.417028e-09	3.494797e+01	9.738969e+01
3.200000e-06	5.035149e-06	1.421275e-09	3.508495e+01	9.758545e+01
3.210000e-06	5.054465e-06	1.427514e-09	3.521955e+01	9.777605e+01
3.220000e-06	5.073416e-06	1.432485e-09	3.535160e+01	9.796132e+01
3.230000e-06	5.092095e-06	1.432423e-09	3.548176e+01	9.814107e+01
3.240000e-06	5.110390e-06	1.429836e-09	3.560923e+01	9.831512e+01
3.250000e-06	5.128189e-06	1.427132e-09	3.573326e+01	9.848332e+01
3.260000e-06	5.145557e-06	1.425634e-09	3.585428e+01	9.864547e+01
3.270000e-06	5.162594e-06	1.430074e-09	3.597299e+01	9.880145e+01
3.280000e-06	5.179371e-06	1.440948e-09	3.608989e+01	9.895109e+01
3.290000e-06	5.195924e-06	1.450628e-09	3.620523e+01	9.909428e+01
3.300000e-06	5.212163e-06	1.454988e-09	3.631839e+01	9.923090e+01
3.310000e-06	5.227859e-06	1.454690e-09	3.642775e+01	9.936085e+01
3.320000e-06	5.243099e-06	1.451565e-09	3.653395e+01	9.948406e+01
3.330000e-06	5.257951e-06	1.448854e-09	3.663744e+01	9.960047e+01
3.340000e-06	5.272284e-06	1.448640e-09	3.673731e+01	9.971005e+01
3.350000e-06	5.286181e-06	1.450684e-09	3.683414e+01	9.981279e+01
3.360000e-06	5.299765e-06	1.454550e-09	3.692880e+01	9.990869e+01
3.370000e-06	5.312940e-06	1.458906e-09	3.702060e+01	9.999778e+01
3.380000e-06	5.325671e-06	1.462507e-09	3.710931e+01	1.000801e+02
3.390000e-06	5.338021e-06	1.463671e-09	3.719537e+01	1.001558e+02
3.400000e-06	5.350028e-06	1.464571e-09	3.727903e+01	1.002249e+02
3.410000e-06	5.361712e-06	1.466757e-09	3.736044e+01	1.002876e+02
3.420000e-06	5.373039e-06	1.469919e-09	3.743937e+01	1.003440e+02
3.430000e-06	5.383994e-06	1.473194e-09	3.751571e+01	1.003942e+02
3.440000e-06	5.394429e-06	1.475997e-09	3.758842e+01	1.004385e+02
3.450000e-06	5.404091e-06	1.478302e-09	3.765574e+01	1.004770e+02
3.460000e-06	5.413086e-06	1.480874e-09	3.771842e+01	1.005100e+02
3.470000e-06	5.421604e-06	1.482321e-09	3.777777e+01	1.005378e+02
3.480000e-06	5.429691e-06	1.482981e-09	3.783413e+01	1.005604e+02
3.490000e-06	5.437453e-06	1.486322e-09	3.788821e+01	1.005783e+02
3.500000e-06	5.444974e-06	1.491108e-09	3.794062e+01	1.005916e+02
3.510000e-06	5.452243e-06	1.494190e-09	3.799127e+01	1.006007e+02
3.520000e-06	5.459215e-06	1.494644e-09	3.803985e+01	1.006057e+02
3.530000e-06	5.465864e-06	1.493837e-09	3.808618e+01	1.006071e+02
3.540000e-06	5.472080e-06	1.492348e-09	3.812949e+01	1.006049e+02
3.550000e-06	5.477890e-06	1.491708e-09	3.816998e+01	1.005997e+02
3.560000e-06	5.483404e-06	1.493101e-09	3.820840e+01	1.005915e+02
3.570000e-06	5.488536e-06	1.496331e-09	3.824415e+01	1.005806e+02
3.580000e-06	5.493192e-06	1.500304e-09	3.827660e+01	1.005674e+02
3.590000e-06	5.497432e-06	1.503531e-09	3.830615e+01	1.005519e+02
3.600000e-06	5.501370e-06	1.506899e-09	3.833358e+01	1.005345e+02
3.610000e-06	5.505107e-06	1.508838e-09	3.835962e+01	1.005154e+02
3.620000e-06	5.508602e-06	1.509792e-09	3.838398e+01	1.004947e+02
3.630000e-06	5.511664e-06	1.510612e-09	3.840531e+01	1.004727e+02
3.640000e-06	5.514277e-06	1.510028e-09	3.842352e+01	1.004494e+02
3.650000e-06	5.516406e-06	1.508915e-09	3.843836e+01	1.004250e+02
3.660000e-06	5.518019e-06	1.507279e-09	3.844959e+01	1.003996e+02
3.670000e-06	5.519038e-06	1.506072e-09	3.845669e+01	1.003733e+02
3.680000e-06	5.519465e-06	1.506470e-09	3.845967e+01	1.003462e+02
3.690000e-06	5.519512e-06	1.506904e-09	3.846000e+01	1.003183e+02
3.700000e-06	5.519287e-06	1.507652e-09	3.845843e+01	1.002896e+02
3.710000e-06	5.518835e-06	1.508281e-09	3.845528e+01	1.002600e+02
3.720000e-06	5.518085e-06	1.505640e-09	3.845006e+01	1.002297e+02
3.730000e-06	5.516935e-06	1.502914e-09	3.844204e+01	1.001985e+02
3.740000e-06	5.515454e-06	1.501810e-09	3.843172e+01	1.001663e+02
3.750000e-06	5.513655e-06	1.502753e-09	3.841918e+01	1.001331e+02
3.760000e-06	5.511439e-06	1.495081e-09	3.840374e+01	1.000987e+02
3.770000e-06	5.508825e-06	1.457950e-09	3.838553e+01	1.000631e+02
3.780000e-06	5.505738e-06	1.467974e-09	3.836402e+01	1.000259e+02
3.790000e-06	5.502144e-06	1.531102e-09	3.833898e+01	9.998715e+01
3.800000e-06	5.498121e-06	1.480444e-09	3.831094e+01	9.994659e+01
3.810000e-06	5.493805e-06	1.449387e-09	3.828087e+01	9.990401e+01
3.820000e-06	5.489374e-06	1.454799e-09	3.825000e+01	9.985923e+01
3.830000e-06	5.484616e-06	1.507395e-09	3.821684e+01	9.981201e+01
3.840000e-06	5.479347e-06	1.522068e-09	3.818012e+01	9.976215e+01
3.850000e-06	5.473674e-06	1.438056e-09	3.814060e+01	9.970939e+01
3.860000e-06	5.467655e-06	1.472628e-09	3.809866e+01	9.965352e+01
3.870000e-06	5.461271e-06	1.535137e-09	3.805417e+01	9.959430e+01
3.880000e-06	5.454372e-06	1.552630e-09	3.800610e+01	9.953148e+01
3.890000e-06	5.446842e-06	1.453615e-09	3.795363e+01	9.946484e+01
3.900000e-06	5.438852e-06	1.478940e-09	3.789796e+01	9.939414e+01
3.910000e-06	5.430548e-06	1.550393e-09	3.784010e+01	9.931916e+01
3.920000e-06	5.421889e-06	1.526166e-09	3.777976e+01	9.923969e+01
3.930000e-06	5.412870e-06	1.446926e-09	3.771692e+01	9.915550e+01
3.940000e-06	5.403580e-06	1.476750e-09	3.765218e+01	9.906641e+01
3.950000e-06	5.394022e-06	1.540305e-09	3.758558e+01	9.897222e+01
3.960000e-06	5.384047e-06	1.496167e-09	3.751608e+01	9.887276e+01
3.970000e-06	5.373615e-06	1.467351e-09	3.744339e+01	9.876787e+01
3.980000e-06	5.362799e-06	1.498765e-09	3.736802e+01	9.865739e+01
3.990000e-06	5.351650e-06	1.518031e-09	3.729033e+01	9.854120e+01
4.000000e-06	5.340135e-06	1.466282e-09	3.721010e+01	9.841917e+01
4.010000e-06	5.328201e-06	1.467312e-09	3.712694e+01	9.829122e+01
4.020000e-06	5.315712e-06	1.487829e-09	3.703992e+01	9.815724e+01
4.030000e-06	5.302795e-06	1.515173e-09	3.694991e+01	9.801719e+01
4.040000e-06	5.289608e-06	1.494873e-09	3.685802e+01	9.787100e+01
4.050000e-06	5.275968e-06	1.489820e-09	3.676298e+01	9.771864e+01
4.060000e-06	5.261675e-06	1.483312e-09	3.666338e+01	9.756011e+01
4.070000e-06	5.246676e-06	1.509833e-09	3.655887e+01	9.739539e+01
4.080000e-06	5.231092e-06	1.476425e-09	3.645028e+01	9.722450e+01
4.090000e-06	5.215103e-06	1.450630e-09	3.633887e+01	9.704748e+01
4.100000e-06	5.198867e-06	1.502747e-09	3.622574e+01	9.686436e+01
4.110000e-06	5.182368e-06	1.538069e-09	3.611077e+01	9.667522e+01
4.120000e-06	5.165487e-06	1.452748e-09	3.599315e+01	9.648012e+01
4.130000e-06	5.148282e-06	1.452803e-09	3.587326e+01	9.627914e+01
4.140000e-06	5.130767e-06	1.544452e-09	3.575122e+01	9.607239e+01
4.150000e-06	5.112889e-06	1.486654e-09	3.562665e+01	9.585996e+01
4.160000e-06	5.094658e-06	1.401445e-09	3.549961e+01	9.564196e+01
4.170000e-06	5.076119e-06	1.501805e-09	3.537043e+01	9.541853e+01
4.180000e-06	5.057266e-06	1.532789e-09	3.523907e+01	9.518978e+01
4.190000e-06	5.038026e-06	1.402479e-09	3.510500e+01	9.495585e+01
4.200000e-06	5.018501e-06	1.450456e-09	3.496895e+01	9.471686e+01
4.210000e-06	4.998719e-06	1.548050e-09	3.483111e+01	9.447297e+01
4.220000e-06	4.978608e-06	1.444675e-09	3.469097e+01	9.422430e+01
4.230000e-06	4.958194e-06	1.405189e-09	3.454873e+01	9.397100e+01
4.240000e-06	4.937548e-06	1.530044e-09	3.440487e+01	9.371320e+01
4.250000e-06	4.916646e-06	1.472828e-09	3.425922e+01	9.345103e+01
4.260000e-06	4.895352e-06	1.381421e-09	3.411085e+01	9.318462e+01
4.270000e-06	4.873591e-06	1.465313e-09	3.395921e+01	9.291411e+01
4.280000e-06	4.851241e-06	1.478044e-09	3.380348e+01	9.263961e+01
4.290000e-06	4.828211e-06	1.377602e-09	3.364301e+01	9.236123e+01
4.300000e-06	4.804696e-06	1.435982e-09	3.347915e+01	9.207908e+01
4.310000e-06	4.780867e-06	1.477717e-09	3.331312e+01	9.179325e+01
4.320000e-06	4.756740e-06	1.399161e-09	3.314500e+01	9.150383e+01
4.330000e-06	4.732393e-06	1.407434e-09	3.297535e+01	9.121090e+01
4.340000e-06	4.707846e-06	1.466519e-09	3.280430e+01	9.091452e+01
4.350000e-06	4.682988e-06	1.405677e-09	3.263109e+01	9.061475e+01
4.360000e-06	4.657857e-06	1.391225e-09	3.245598e+01	9.031163e+01
4.370000e-06	4.632423e-06	1.439310e-09	3.227875e+01	9.000519e+01
4.380000e-06	4.606563e-06	1.410955e-09	3.209856e+01	8.969546e+01
4.390000e-06	4.580285e-06	1.379812e-09	3.191546e+01	8.938242e+01
4.400000e-06	4.553653e-06	1.416492e-09	3.172988e+01	8.906609e+01
4.410000e-06	4.526752e-06	1.406142e-09	3.154244e+01	8.874644e+01
4.420000e-06	4.499647e-06	1.374620e-09	3.135357e+01	8.842344e+01
4.430000e-06	4.472248e-06	1.391289e-09	3.116265e+01	8.809704e+01
4.440000e-06	4.444475e-06	1.391718e-09	3.096913e+01	8.776719e+01
4.450000e-06	4.416416e-06	1.364942e-09	3.077362e+01	8.743382e+01
4.460000e-06	4.388171e-06	1.366759e-09	3.057681e+01	8.709685e+01
4.470000e-06	4.359746e-06	1.367773e-09	3.037874e+01	8.675620e+01
4.480000e-06	4.331084e-06	1.342375e-09	3.017902e+01	8.641176e+01
4.490000e-06	4.302202e-06	1.341818e-09	2.997777e+01	8.606341e+01
4.500000e-06	4.272959e-06	1.353940e-09	2.977400e+01	8.571105e+01
4.510000e-06	4.243159e-06	1.340424e-09	2.956636e+01	8.535455e+01
4.520000e-06	4.212790e-06	1.326509e-09	2.935475e+01	8.499377e+01
4.530000e-06	4.181955e-06	1.337664e-09	2.913989e+01	8.462857e+01
4.540000e-06	4.150769e-06	1.325175e-09	2.892259e+01	8.425880e+01
4.550000e-06	4.119246e-06	1.305733e-09	2.870293e+01	8.388432e+01
4.560000e-06	4.087442e-06	1.306409e-09	2.848133e+01	8.350497e+01
4.570000e-06	4.055412e-06	1.306805e-09	2.825814e+01	8.312060e+01
4.580000e-06	4.023158e-06	1.283153e-09	2.803339e+01	8.273104e+01
4.590000e-06	3.990669e-06	1.282180e-09	2.780701e+01	8.233616e+01
4.600000e-06	3.957942e-06	1.286490e-09	2.757897e+01	8.193578e+01
4.610000e-06	3.924992e-06	1.271933e-09	2.734937e+01	8.152975e+01
4.620000e-06	3.891728e-06	1.261152e-09	2.711759e+01	8.111794e+01
4.630000e-06	3.858133e-06	1.271164e-09	2.688350e+01	8.070019e+01
4.640000e-06	3.824274e-06	1.266090e-09	2.664757e+01	8.027637e+01
4.650000e-06	3.790100e-06	1.254143e-09	2.640944e+01	7.984634e+01
4.660000e-06	3.755683e-06	1.256108e-09	2.616963e+01	7.940999e+01
4.670000e-06	3.721118e-06	1.253990e-09	2.592878e+01	7.896720e+01
4.680000e-06	3.686355e-06	1.236015e-09	2.568655e+01	7.851788e+01
4.690000e-06	3.651371e-06	1.229445e-09	2.544278e+01	7.806193e+01
4.700000e-06	3.616126e-06	1.231043e-09	2.519719e+01	7.759928e+01
4.710000e-06	3.580628e-06	1.225033e-09	2.494984e+01	7.712985e+01
4.720000e-06	3.544870e-06	1.221528e-09	2.470068e+01	7.665361e+01
4.730000e-06	3.508890e-06	1.224075e-09	2.444997e+01	7.617052e+01
4.740000e-06	3.472792e-06	1.215271e-09	2.419844e+01	7.568055e+01
4.750000e-06	3.436545e-06	1.198293e-09	2.394587e+01	7.518371e+01
4.760000e-06	3.400139e-06	1.187999e-09	2.369219e+01	7.468000e+01
4.770000e-06	3.363512e-06	1.176829e-09	2.343698e+01	7.416946e+01
4.780000e-06	3.326595e-06	1.167505e-09	2.317974e+01	7.365213e+01
4.790000e-06	3.289383e-06	1.165984e-09	2.292044e+01	7.312807e+01
4.800000e-06	3.251861e-06	1.169110e-09	2.265899e+01	7.259735e+01
4.810000e-06	3.213992e-06	1.163798e-09	2.239512e+01	7.206008e+01
4.820000e-06	3.175761e-06	1.157900e-09	2.212873e+01	7.151634e+01
4.830000e-06	3.137219e-06	1.150534e-09	2.186017e+01	7.096628e+01
4.840000e-06	3.098356e-06	1.139405e-09	2.158936e+01	7.041001e+01
4.850000e-06	3.059135e-06	1.126405e-09	2.131607e+01	6.984769e+01
4.860000e-06	3.019575e-06	1.117622e-09	2.104042e+01	6.927947e+01
4.870000e-06	2.979772e-06	1.107788e-09	2.076307e+01	6.870552e+01
4.880000e-06	2.939860e-06	1.099307e-09	2.048496e+01	6.812601e+01
4.890000e-06	2.899817e-06	1.092725e-09	2.020594e+01	6.754111e+01
4.900000e-06	2.859596e-06	1.085999e-09	1.992569e+01	6.695102e+01
4.910000e-06	2.819254e-06	1.077505e-09	1.964458e+01	6.635592e+01
4.920000e-06	2.778780e-06	1.071964e-09	1.936256e+01	6.575599e+01
4.930000e-06	2.738181e-06	1.066848e-09	1.907967e+01	6.515141e+01
4.940000e-06	2.697429e-06	1.060786e-09	1.879570e+01	6.454236e+01
4.950000e-06	2.656503e-06	1.051560e-09	1.851053e+01	6.392901e+01
4.960000e-06	2.615318e-06	1.042760e-09	1.822355e+01	6.331152e+01
4.970000e-06	2.573886e-06	1.034733e-09	1.793485e+01	6.269003e+01
4.980000e-06	2.532390e-06	1.026431e-09	1.764571e+01	6.206469e+01
4.990000e-06	2.490737e-06	1.018040e-09	1.735547e+01	6.143560e+01
5.000000e-06	2.448830e-06	1.010891e-09	1.706346e+01	6.080286e+01
5.010000e-06	2.406775e-06	1.002993e-09	1.677043e+01	6.016654e+01
5.020000e-06	2.364604e-06	9.938156e-10	1.647658e+01	5.952669e+01
5.030000e-06	2.322221e-06	9.835180e-10	1.618125e+01	5.888332e+01
5.040000e-06	2.279655e-06	9.738023e-10	1.588465e+01	5.823643e+01
5.050000e-06	2.236959e-06	9.644892e-10	1.558715e+01	5.758597e+01
5.060000e-06	2.194111e-06	9.518175e-10	1.528858e+01	5.693187e+01
5.070000e-06	2.151105e-06	9.399177e-10	1.498891e+01	5.627401e+01
5.080000e-06	2.107945e-06	9.310307e-10	1.468818e+01	5.561225e+01
5.090000e-06	2.064613e-06	9.242567e-10	1.438624e+01	5.494640e+01
5.100000e-06	2.021143e-06	9.156977e-10	1.408334e+01	5.427622e+01
5.110000e-06	1.977563e-06	9.076283e-10	1.377967e+01	5.360145e+01
5.120000e-06	1.933822e-06	8.993116e-10	1.347489e+01	5.292179e+01
5.130000e-06	1.889957e-06	8.925851e-10	1.316923e+01	5.223687e+01
5.140000e-06	1.845974e-06	8.837262e-10	1.286276e+01	5.154632e+01
5.150000e-06	1.801912e-06	8.735863e-10	1.255574e+01	5.084970e+01
5.160000e-06	1.757811e-06	8.616110e-10	1.224844e+01	5.014653e+01
5.170000e-06	1.713670e-06	8.496141e-10	1.194086e+01	4.943632e+01
5.180000e-06	1.669456e-06	8.356003e-10	1.163278e+01	4.871850e+01
5.190000e-06	1.625128e-06	8.229259e-10	1.132390e+01	4.799250e+01
5.200000e-06	1.580742e-06	8.124842e-10	1.101462e+01	4.725771e+01
5.210000e-06	1.536295e-06	8.037023e-10	1.070491e+01	4.651347e+01
5.220000e-06	1.491775e-06	7.962629e-10	1.039470e+01	4.575912e+01
5.230000e-06	1.447203e-06	7.846612e-10	1.008412e+01	4.499396e+01
5.240000e-06	1.402555e-06	7.704450e-10	9.773016e+00	4.421727e+01
5.250000e-06	1.357833e-06	7.544688e-10	9.461393e+00	4.342831e+01
5.260000e-06	1.313036e-06	7.372731e-10	9.149242e+00	4.262635e+01
5.270000e-06	1.268078e-06	7.209745e-10	8.835979e+00	4.181062e+01
5.280000e-06	1.222948e-06	7.108137e-10	8.521507e+00	4.098037e+01
5.290000e-06	1.177771e-06	7.043440e-10	8.206719e+00	4.013484e+01
5.300000e-06	1.132551e-06	6.966965e-10	7.891623e+00	3.927328e+01
5.310000e-06	1.087224e-06	6.874324e-10	7.575785e+00	3.839495e+01
5.320000e-06	1.041851e-06	6.782288e-10	7.259622e+00	3.749913e+01
5.330000e-06	9.963976e-07	6.641757e-10	6.942905e+00	3.658512e+01
5.340000e-06	9.508068e-07	6.455061e-10	6.625229e+00	3.565225e+01
5.350000e-06	9.050882e-07	6.255277e-10	6.306661e+00	3.469988e+01
5.360000e-06	8.593354e-07	6.057169e-10	5.987855e+00	3.372741e+01
5.370000e-06	8.135871e-07	5.882259e-10	5.669080e+00	3.273428e+01
5.380000e-06	7.676859e-07	5.746228e-10	5.349241e+00	3.171998e+01
5.390000e-06	7.216379e-07	5.655072e-10	5.028378e+00	3.068407e+01
5.400000e-06	6.756083e-07	5.549173e-10	4.707643e+00	2.962614e+01
5.410000e-06	6.295424e-07	5.407265e-10	4.386656e+00	2.854586e+01
5.420000e-06	5.833825e-07	5.239350e-10	4.065013e+00	2.744296e+01
5.430000e-06	5.371162e-07	5.031850e-10	3.742629e+00	2.631724e+01
5.440000e-06	4.907667e-07	4.796397e-10	3.419666e+00	2.516860e+01
5.450000e-06	4.444639e-07	4.591362e-10	3.097028e+00	2.399697e+01
5.460000e-06	3.981053e-07	4.422912e-10	2.774000e+00	2.280239e+01
5.470000e-06	3.516743e-07	4.259671e-10	2.450469e+00	2.158498e+01
5.480000e-06	3.052818e-07	4.089592e-10	2.127206e+00	2.034495e+01
5.490000e-06	2.588493e-07	3.900061e-10	1.803664e+00	1.908256e+01
5.500000e-06	2.123659e-07	3.688729e-10	1.479767e+00	1.779820e+01
5.510000e-06	1.658704e-07	3.453633e-10	1.155786e+00	1.649232e+01
5.520000e-06	1.194009e-07	3.209998e-10	8.319864e-01	1.516546e+01
5.530000e-06	7.300127e-08	2.968377e-10	5.086733e-01	1.381825e+01
5.540000e-06	2.665285e-08	2.741671e-10	1.857172e-01	1.245139e+01
5.550000e-06	-1.971380e-08	2.531508e-10	-1.373659e-01	1.106567e+01
5.560000e-06	-6.615881e-08	2.318465e-10	-4.609950e-01	9.661967e+00
5.570000e-06	-1.126614e-07	2.104891e-10	-7.850257e-01	8.241210e+00
5.580000e-06	-1.592378e-07	1.891836e-10	-1.109570e+00	6.804419e+00
5.590000e-06	-2.057722e-07	1.677509e-10	-1.433822e+00	5.352673e+00
5.600000e-06	-2.522739e-07	1.468027e-10	-1.757846e+00	3.887119e+00
5.610000e-06	-2.988170e-07	1.255218e-10	-2.082159e+00	2.408959e+00
5.620000e-06	-3.452101e-07	1.024667e-10	-2.405426e+00	9.194494e-01
5.630000e-06	-3.915409e-07	7.842101e-11	-2.728260e+00	-5.801065e-01
5.640000e-06	-4.378813e-07	5.462834e-11	-3.051160e+00	-2.088363e+00
5.650000e-06	-4.841059e-07	3.046161e-11	-3.373253e+00	-3.603941e+00
5.660000e-06	-5.303431e-07	4.774670e-12	-3.695434e+00	-5.125429e+00
5.670000e-06	-5.765879e-07	-2.311918e-11	-4.017668e+00	-6.651397e+00
5.680000e-06	-6.227578e-07	-5.260289e-11	-4.339381e+00	-8.180396e+00
5.690000e-06	-6.688206e-07	-8.087985e-11	-4.660346e+00	-9.710971e+00
5.700000e-06	-7.148242e-07	-1.065215e-10	-4.980900e+00	-1.124166e+01
5.710000e-06	-7.608582e-07	-1.312805e-10	-5.301665e+00	-1.277102e+01
5.720000e-06	-8.068037e-07	-1.558352e-10	-5.621814e+00	-1.429760e+01
5.730000e-06	-8.526351e-07	-1.796586e-10	-5.941167e+00	-1.581997e+01
5.740000e-06	-8.983961e-07	-2.048675e-10	-6.260030e+00	-1.733675e+01
5.750000e-06	-9.441073e-07	-2.305409e-10	-6.578546e+00	-1.884656e+01
5.760000e-06	-9.896788e-07	-2.562044e-10	-6.896089e+00	-2.034807e+01
5.770000e-06	-1.035075e-06	-2.836521e-10	-7.212411e+00	-2.183999e+01
5.780000e-06	-1.080397e-06	-3.125989e-10	-7.528216e+00	-2.332108e+01
5.790000e-06	-1.125597e-06	-3.407366e-10	-7.843168e+00	-2.479017e+01
5.800000e-06	-1.170627e-06	-3.666320e-10	-8.156937e+00	-2.624611e+01
5.810000e-06	-1.215587e-06	-3.927937e-10	-8.470222e+00	-2.768784e+01
5.820000e-06	-1.260463e-06	-4.184524e-10	-8.782917e+00	-2.911437e+01
5.830000e-06	-1.305205e-06	-4.423255e-10	-9.094676e+00	-3.052475e+01
5.840000e-06	-1.349916e-06	-4.670094e-10	-9.406227e+00	-3.191813e+01
5.850000e-06	-1.394617e-06	-4.929325e-10	-9.717703e+00	-3.329372e+01
5.860000e-06	-1.439194e-06	-5.197367e-10	-1.002831e+01	-3.465082e+01
5.870000e-06	-1.483665e-06	-5.469119e-10	-1.033819e+01	-3.598877e+01
5.880000e-06	-1.528083e-06	-5.734431e-10	-1.064769e+01	-3.730704e+01
5.890000e-06	-1.572406e-06	-5.977304e-10	-1.095653e+01	-3.860514e+01
5.900000e-06	-1.616689e-06	-6.199653e-10	-1.126510e+01	-3.988266e+01
5.910000e-06	-1.660951e-06	-6.407295e-10	-1.157352e+01	-4.113928e+01
5.920000e-06	-1.705173e-06	-6.603093e-10	-1.188166e+01	-4.237475e+01
5.930000e-06	-1.749340e-06	-6.805042e-10	-1.218941e+01	-4.358888e+01
5.940000e-06	-1.793426e-06	-7.025455e-10	-1.249661e+01	-4.478157e+01
5.950000e-06	-1.837424e-06	-7.248793e-10	-1.280318e+01	-4.595278e+01
5.960000e-06	-1.881359e-06	-7.462038e-10	-1.310933e+01	-4.710252e+01
5.970000e-06	-1.925199e-06	-7.676607e-10	-1.341480e+01	-4.823088e+01
5.980000e-06	-1.968844e-06	-7.876384e-10	-1.371892e+01	-4.933801e+01
5.990000e-06	-2.012391e-06	-8.053496e-10	-1.402236e+01	-5.042408e+01
6.000000e-06	-2.055814e-06	-8.204192e-10	-1.432492e+01	-5.148935e+01
6.010000e-06	-2.099002e-06	-8.342995e-10	-1.462586e+01	-5.253411e+01
6.020000e-06	-2.142050e-06	-8.492643e-10	-1.492582e+01	-5.355867e+01
6.030000e-06	-2.184979e-06	-8.644901e-10	-1.522495e+01	-5.456340e+01
6.040000e-06	-2.227654e-06	-8.802804e-10	-1.552231e+01	-5.554868e+01
6.050000e-06	-2.270108e-06	-8.970105e-10	-1.581812e+01	-5.651494e+01
6.060000e-06	-2.312525e-06	-9.126975e-10	-1.611369e+01	-5.746260e+01
6.070000e-06	-2.354811e-06	-9.281550e-10	-1.640834e+01	-5.839213e+01
6.080000e-06	-2.396910e-06	-9.440469e-10	-1.670169e+01	-5.930397e+01
6.090000e-06	-2.438918e-06	-9.588449e-10	-1.699440e+01	-6.019861e+01
6.100000e-06	-2.480770e-06	-9.718230e-10	-1.728602e+01	-6.107650e+01
6.110000e-06	-2.522460e-06	-9.829967e-10	-1.757652e+01	-6.193813e+01
6.120000e-06	-2.563957e-06	-9.940189e-10	-1.786567e+01	-6.278395e+01
6.130000e-06	-2.605178e-06	-1.006561e-09	-1.815290e+01	-6.361442e+01
6.140000e-06	-2.646211e-06	-1.022391e-09	-1.843882e+01	-6.442997e+01
6.150000e-06	-2.687071e-06	-1.040237e-09	-1.872353e+01	-6.523105e+01
6.160000e-06	-2.727713e-06	-1.056736e-09	-1.900672e+01	-6.601805e+01
6.170000e-06	-2.768187e-06	-1.070630e-09	-1.928875e+01	-6.679136e+01
6.180000e-06	-2.808546e-06	-1.084446e-09	-1.956997e+01	-6.755136e+01
6.190000e-06	-2.848813e-06	-1.096270e-09	-1.985055e+01	-6.829838e+01
6.200000e-06	-2.889001e-06	-1.105001e-09	-2.013058e+01	-6.903274e+01
6.210000e-06	-2.929074e-06	-1.113582e-09	-2.040981e+01	-6.975474e+01
6.220000e-06	-2.969025e-06	-1.123638e-09	-2.068818e+01	-7.046465e+01
6.230000e-06	-3.008794e-06	-1.135023e-09	-2.096530e+01	-7.116271e+01
6.240000e-06	-3.048272e-06	-1.145485e-09	-2.124038e+01	-7.184913e+01
6.250000e-06	-3.087365e-06	-1.155955e-09	-2.151278e+01	-7.252411e+01
6.260000e-06	-3.126156e-06	-1.168388e-09	-2.178308e+01	-7.318781e+01
6.270000e-06	-3.164718e-06	-1.182598e-09	-2.205177e+01	-7.384039e+01
6.280000e-06	-3.202814e-06	-1.196063e-09	-2.231723e+01	-7.448196e+01
6.290000e-06	-3.240478e-06	-1.209317e-09	-2.257967e+01	-7.511264e+01
6.300000e-06	-3.277866e-06	-1.222668e-09	-2.284019e+01	-7.573251e+01
6.310000e-06	-3.314861e-06	-1.234726e-09	-2.309797e+01	-7.634164e+01
6.320000e-06	-3.351462e-06	-1.243138e-09	-2.335301e+01	-7.694009e+01
6.330000e-06	-3.387877e-06	-1.247987e-09	-2.360675e+01	-7.752792e+01
6.340000e-06	-3.424187e-06	-1.253324e-09	-2.385976e+01	-7.810516e+01
6.350000e-06	-3.460367e-06	-1.260953e-09	-2.411186e+01	-7.867184e+01
6.360000e-06	-3.496420e-06	-1.271533e-09	-2.436308e+01	-7.922799e+01
6.370000e-06	-3.532358e-06	-1.284428e-09	-2.461350e+01	-7.977365e+01
6.380000e-06	-3.568128e-06	-1.297842e-09	-2.486274e+01	-8.030884e+01
6.390000e-06	-3.603562e-06	-1.308127e-09	-2.510965e+01	-8.083360e+01
6.400000e-06	-3.638725e-06	-1.313808e-09	-2.535466e+01	-8.134796e+01
6.410000e-06	-3.673616e-06	-1.317451e-09	-2.559778e+01	-8.185197e+01
6.420000e-06	-3.708233e-06	-1.322796e-09	-2.583899e+01	-8.234568e+01
6.430000e-06	-3.742667e-06	-1.331420e-09	-2.607893e+01	-8.282917e+01
6.440000e-06	-3.776792e-06	-1.341357e-09	-2.631671e+01	-8.330250e+01
6.450000e-06	-3.810612e-06	-1.351071e-09	-2.655237e+01	-8.376578e+01
6.460000e-06	-3.844192e-06	-1.360131e-09	-2.678635e+01	-8.421910e+01
6.470000e-06	-3.877479e-06	-1.367793e-09	-2.701830e+01	-8.466259e+01
6.480000e-06	-3.910429e-06	-1.373664e-09	-2.724790e+01	-8.509638e+01
6.490000e-06	-3.943075e-06	-1.379121e-09	-2.747538e+01	-8.552064e+01
6.500000e-06	-3.975507e-06	-1.385393e-09	-2.770136e+01	-8.593552e+01
6.510000e-06	-4.007812e-06	-1.391012e-09	-2.792646e+01	-8.634121e+01
6.520000e-06	-4.039983e-06	-1.396844e-09	-2.815063e+01	-8.673792e+01
6.530000e-06	-4.071950e-06	-1.405552e-09	-2.837338e+01	-8.712585e+01
6.540000e-06	-4.103663e-06	-1.414982e-09	-2.859435e+01	-8.750524e+01
6.550000e-06	-4.135053e-06	-1.423667e-09	-2.881308e+01	-8.787633e+01
6.560000e-06	-4.165944e-06	-1.432255e-09	-2.902833e+01	-8.823935e+01
6.570000e-06	-4.196373e-06	-1.439695e-09	-2.924036e+01	-8.859459e+01
6.580000e-06	-4.226273e-06	-1.444916e-09	-2.944870e+01	-8.894229e+01
6.590000e-06	-4.255646e-06	-1.448366e-09	-2.965337e+01	-8.928274e+01
6.600000e-06	-4.284686e-06	-1.453426e-09	-2.985572e+01	-8.961620e+01
6.610000e-06	-4.313368e-06	-1.460830e-09	-3.005558e+01	-8.994296e+01
6.620000e-06	-4.341835e-06	-1.468371e-09	-3.025394e+01	-9.026330e+01
6.630000e-06	-4.370160e-06	-1.473578e-09	-3.045130e+01	-9.057748e+01
6.640000e-06	-4.398269e-06	-1.476964e-09	-3.064717e+01	-9.088577e+01
6.650000e-06	-4.426193e-06	-1.481398e-09	-3.084174e+01	-9.118844e+01
6.660000e-06	-4.453897e-06	-1.485396e-09	-3.103479e+01	-9.148573e+01
6.670000e-06	-4.481320e-06	-1.488321e-09	-3.122587e+01	-9.177789e+01
6.680000e-06	-4.508364e-06	-1.490902e-09	-3.141431e+01	-9.206514e+01
6.690000e-06	-4.534987e-06	-1.494376e-09	-3.159982e+01	-9.234769e+01
6.700000e-06	-4.561290e-06	-1.499128e-09	-3.178310e+01	-9.262574e+01
6.710000e-06	-4.587357e-06	-1.504013e-09	-3.196473e+01	-9.289946e+01
6.720000e-06	-4.613129e-06	-1.507133e-09	-3.214432e+01	-9.316901e+01
6.730000e-06	-4.638443e-06	-1.508867e-09	-3.232071e+01	-9.343452e+01
6.740000e-06	-4.663336e-06	-1.512719e-09	-3.249415e+01	-9.369610e+01
6.750000e-06	-4.687982e-06	-1.518403e-09	-3.266589e+01	-9.395385e+01
6.760000e-06	-4.712503e-06	-1.523614e-09	-3.283676e+01	-9.420783e+01
6.770000e-06	-4.736851e-06	-1.528583e-09	-3.300641e+01	-9.445808e+01
6.780000e-06	-4.760931e-06	-1.532796e-09	-3.317420e+01	-9.470463e+01
6.790000e-06	-4.784737e-06	-1.534144e-09	-3.334008e+01	-9.494747e+01
6.800000e-06	-4.808204e-06	-1.535367e-09	-3.350360e+01	-9.518658e+01
6.810000e-06	-4.831271e-06	-1.536212e-09	-3.366433e+01	-9.542191e+01
6.820000e-06	-4.853728e-06	-1.533118e-09	-3.382081e+01	-9.565339e+01
6.830000e-06	-4.875473e-06	-1.527916e-09	-3.397233e+01	-9.588094e+01
6.840000e-06	-4.896681e-06	-1.525775e-09	-3.412010e+01	-9.610444e+01
6.850000e-06	-4.917491e-06	-1.528647e-09	-3.426511e+01	-9.632378e+01
6.860000e-06	-4.938004e-06	-1.533799e-09	-3.440805e+01	-9.653882e+01
6.870000e-06	-4.958297e-06	-1.540438e-09	-3.454945e+01	-9.674942e+01
6.880000e-06	-4.978433e-06	-1.545894e-09	-3.468976e+01	-9.695539e+01
6.890000e-06	-4.998311e-06	-1.547923e-09	-3.482827e+01	-9.715659e+01
6.900000e-06	-5.017871e-06	-1.549328e-09	-3.496456e+01	-9.735283e+01
6.910000e-06	-5.037053e-06	-1.551425e-09	-3.509822e+01	-9.754394e+01
6.920000e-06	-5.055784e-06	-1.553556e-09	-3.522874e+01	-9.772972e+01
6.930000e-06	-5.074189e-06	-1.554606e-09	-3.535698e+01	-9.791001e+01
6.940000e-06	-5.092336e-06	-1.555680e-09	-3.548343e+01	-9.808461e+01
6.950000e-06	-5.110211e-06	-1.557547e-09	-3.560799e+01	-9.825336e+01
6.960000e-06	-5.127665e-06	-1.559415e-09	-3.572961e+01	-9.841610e+01
6.970000e-06	-5.144677e-06	-1.562870e-09	-3.584815e+01	-9.857266e+01
6.980000e-06	-5.161411e-06	-1.566766e-09	-3.596475e+01	-9.872290e+01
6.990000e-06	-5.177887e-06	-1.569026e-09	-3.607955e+01	-9.886669e+01
7.000000e-06	-5.194112e-06	-1.568303e-09	-3.619261e+01	-9.900393e+01
7.010000e-06	-5.210079e-06	-1.566514e-09	-3.630387e+01	-9.913450e+01
7.020000e-06	-5.225668e-06	-1.565313e-09	-3.641249e+01	-9.925834e+01
7.030000e-06	-5.240727e-06	-1.564579e-09	-3.651742e+01	-9.937539e+01
7.040000e-06	-5.255153e-06	-1.566664e-09	-3.661794e+01	-9.948561e+01
7.050000e-06	-5.268852e-06	-1.570782e-09	-3.671340e+01	-9.958898e+01
7.060000e-06	-5.282009e-06	-1.575176e-09	-3.680507e+01	-9.968551e+01
7.070000e-06	-5.294776e-06	-1.579268e-09	-3.689404e+01	-9.977523e+01
7.080000e-06	-5.307135e-06	-1.582069e-09	-3.698016e+01	-9.985821e+01
7.090000e-06	-5.319162e-06	-1.585347e-09	-3.706396e+01	-9.993450e+01
7.100000e-06	-5.330836e-06	-1.588354e-09	-3.714530e+01	-1.000042e+02
7.110000e-06	-5.342086e-06	-1.589006e-09	-3.722369e+01	-1.000675e+02
7.120000e-06	-5.352971e-06	-1.589092e-09	-3.729954e+01	-1.001244e+02
7.130000e-06	-5.363558e-06	-1.587493e-09	-3.737331e+01	-1.001753e+02
7.140000e-06	-5.373797e-06	-1.582948e-09	-3.744466e+01	-1.002201e+02
7.150000e-06	-5.383643e-06	-1.579747e-09	-3.751326e+01	-1.002592e+02
7.160000e-06	-5.393068e-06	-1.580145e-09	-3.757894e+01	-1.002927e+02
7.170000e-06	-5.402093e-06	-1.582820e-09	-3.764182e+01	-1.003209e+02
7.180000e-06	-5.410807e-06	-1.588263e-09	-3.770254e+01	-1.003440e+02
7.190000e-06	-5.419209e-06	-1.592555e-09	-3.776109e+01	-1.003624e+02
7.200000e-06	-5.427348e-06	-1.592211e-09	-3.781780e+01	-1.003761e+02
7.210000e-06	-5.435327e-06	-1.588424e-09	-3.787339e+01	-1.003856e+02
7.220000e-06	-5.442992e-06	-1.584468e-09	-3.792681e+01	-1.003910e+02
7.230000e-06	-5.450080e-06	-1.583103e-09	-3.797619e+01	-1.003927e+02
7.240000e-06	-5.456588e-06	-1.582856e-09	-3.802154e+01	-1.003910e+02
7.250000e-06	-5.462524e-06	-1.582232e-09	-3.806290e+01	-1.003860e+02
7.260000e-06	-5.467828e-06	-1.582488e-09	-3.809987e+01	-1.003781e+02
7.270000e-06	-5.472676e-06	-1.583842e-09	-3.813364e+01	-1.003675e+02
7.280000e-06	-5.477186e-06	-1.584284e-09	-3.816507e+01	-1.003545e+02
7.290000e-06	-5.481421e-06	-1.583251e-09	-3.819458e+01	-1.003393e+02
7.300000e-06	-5.485438e-06	-1.580048e-09	-3.822257e+01	-1.003222e+02
7.310000e-06	-5.489184e-06	-1.575133e-09	-3.824867e+01	-1.003033e+02
7.320000e-06	-5.492563e-06	-1.570657e-09	-3.827222e+01	-1.002828e+02
7.330000e-06	-5.495556e-06	-1.567763e-09	-3.829307e+01	-1.002609e+02
7.340000e-06	-5.498161e-06	-1.566595e-09	-3.831122e+01	-1.002378e+02
7.350000e-06	-5.500413e-06	-1.566950e-09	-3.832691e+01	-1.002135e+02
7.360000e-06	-5.502338e-06	-1.566380e-09	-3.834033e+01	-1.001883e+02
7.370000e-06	-5.503840e-06	-1.564160e-09	-3.835079e+01	-1.001621e+02
7.380000e-06	-5.504940e-06	-1.561932e-09	-3.835846e+01	-1.001351e+02
7.390000e-06	-5.505745e-06	-1.560390e-09	-3.836407e+01	-1.001073e+02
7.400000e-06	-5.506291e-06	-1.557600e-09	-3.836788e+01	-1.000788e+02
