# Temperatura_=_-0.6
# Concentracion g/m^3_=_1620.0
# C_Vs_to_Am_M_A/Vsm_=_65563218390.804596
# pendiente_HvsI_1/m_=_3716.3
# ordenada_HvsI_A/m_=_1297.0
# frecuencia_Hz_=_135097.4309987447

Tiempo_(s)	Campo_(V.s)	Magnetizacion_(V.s)	Campo_(kA/m)	Magnetizacion_(A/m)
0.000000e+00	-5.508194e-06	-1.305916e-09	-3.837067e+01	-8.598889e+01
1.000000e-08	-5.508553e-06	-1.304578e-09	-3.837318e+01	-8.596564e+01
2.000000e-08	-5.508696e-06	-1.303189e-09	-3.837417e+01	-8.594048e+01
3.000000e-08	-5.508477e-06	-1.304796e-09	-3.837265e+01	-8.591339e+01
4.000000e-08	-5.507883e-06	-1.305483e-09	-3.836851e+01	-8.588437e+01
5.000000e-08	-5.506843e-06	-1.304985e-09	-3.836127e+01	-8.585337e+01
6.000000e-08	-5.505132e-06	-1.304689e-09	-3.834934e+01	-8.582038e+01
7.000000e-08	-5.502758e-06	-1.307628e-09	-3.833281e+01	-8.578535e+01
8.000000e-08	-5.499815e-06	-1.310896e-09	-3.831230e+01	-8.574824e+01
9.000000e-08	-5.496355e-06	-1.287197e-09	-3.828821e+01	-8.570901e+01
1.000000e-07	-5.492421e-06	-1.278116e-09	-3.826080e+01	-8.566760e+01
1.100000e-07	-5.488174e-06	-1.317048e-09	-3.823121e+01	-8.562395e+01
1.200000e-07	-5.483768e-06	-1.342720e-09	-3.820052e+01	-8.557800e+01
1.300000e-07	-5.479100e-06	-1.293593e-09	-3.816800e+01	-8.552968e+01
1.400000e-07	-5.474072e-06	-1.278901e-09	-3.813298e+01	-8.547893e+01
1.500000e-07	-5.468681e-06	-1.307263e-09	-3.809542e+01	-8.542567e+01
1.600000e-07	-5.462799e-06	-1.354203e-09	-3.805445e+01	-8.536981e+01
1.700000e-07	-5.456493e-06	-1.289924e-09	-3.801052e+01	-8.531129e+01
1.800000e-07	-5.449834e-06	-1.262242e-09	-3.796414e+01	-8.525003e+01
1.900000e-07	-5.442749e-06	-1.287224e-09	-3.791478e+01	-8.518594e+01
2.000000e-07	-5.435347e-06	-1.327249e-09	-3.786322e+01	-8.511895e+01
2.100000e-07	-5.427708e-06	-1.304744e-09	-3.781000e+01	-8.504897e+01
2.200000e-07	-5.419880e-06	-1.296251e-09	-3.775547e+01	-8.497593e+01
2.300000e-07	-5.411828e-06	-1.318186e-09	-3.769938e+01	-8.489975e+01
2.400000e-07	-5.403410e-06	-1.324344e-09	-3.764074e+01	-8.482037e+01
2.500000e-07	-5.394409e-06	-1.308190e-09	-3.757803e+01	-8.473770e+01
2.600000e-07	-5.384605e-06	-1.284033e-09	-3.750974e+01	-8.465170e+01
2.700000e-07	-5.374168e-06	-1.297833e-09	-3.743704e+01	-8.456229e+01
2.800000e-07	-5.363232e-06	-1.293561e-09	-3.736086e+01	-8.446943e+01
2.900000e-07	-5.351930e-06	-1.288251e-09	-3.728213e+01	-8.437307e+01
3.000000e-07	-5.340260e-06	-1.263528e-09	-3.720083e+01	-8.427316e+01
3.100000e-07	-5.328082e-06	-1.277697e-09	-3.711599e+01	-8.416967e+01
3.200000e-07	-5.315480e-06	-1.271562e-09	-3.702821e+01	-8.406258e+01
3.300000e-07	-5.302456e-06	-1.279433e-09	-3.693748e+01	-8.395186e+01
3.400000e-07	-5.289143e-06	-1.253935e-09	-3.684474e+01	-8.383751e+01
3.500000e-07	-5.275488e-06	-1.264614e-09	-3.674962e+01	-8.371952e+01
3.600000e-07	-5.261318e-06	-1.263174e-09	-3.665091e+01	-8.359789e+01
3.700000e-07	-5.246676e-06	-1.258841e-09	-3.654891e+01	-8.347264e+01
3.800000e-07	-5.231522e-06	-1.233545e-09	-3.644335e+01	-8.334380e+01
3.900000e-07	-5.215876e-06	-1.255301e-09	-3.633436e+01	-8.321139e+01
4.000000e-07	-5.199669e-06	-1.246515e-09	-3.622146e+01	-8.307544e+01
4.100000e-07	-5.182983e-06	-1.224078e-09	-3.610522e+01	-8.293602e+01
4.200000e-07	-5.165991e-06	-1.243591e-09	-3.598685e+01	-8.279316e+01
4.300000e-07	-5.148697e-06	-1.272300e-09	-3.586638e+01	-8.264694e+01
4.400000e-07	-5.131124e-06	-1.227229e-09	-3.574396e+01	-8.249741e+01
4.500000e-07	-5.113230e-06	-1.206541e-09	-3.561932e+01	-8.234466e+01
4.600000e-07	-5.094905e-06	-1.251849e-09	-3.549166e+01	-8.218875e+01
4.700000e-07	-5.076128e-06	-1.234885e-09	-3.536086e+01	-8.202977e+01
4.800000e-07	-5.057035e-06	-1.187278e-09	-3.522785e+01	-8.186781e+01
4.900000e-07	-5.037711e-06	-1.225328e-09	-3.509324e+01	-8.170296e+01
5.000000e-07	-5.018138e-06	-1.253817e-09	-3.495689e+01	-8.153530e+01
5.100000e-07	-4.998301e-06	-1.197218e-09	-3.481870e+01	-8.136494e+01
5.200000e-07	-4.978257e-06	-1.204540e-09	-3.467908e+01	-8.119197e+01
5.300000e-07	-4.957845e-06	-1.245801e-09	-3.453688e+01	-8.101647e+01
5.400000e-07	-4.936993e-06	-1.206710e-09	-3.439163e+01	-8.083854e+01
5.500000e-07	-4.915861e-06	-1.175865e-09	-3.424442e+01	-8.065827e+01
5.600000e-07	-4.894414e-06	-1.228526e-09	-3.409502e+01	-8.047574e+01
5.700000e-07	-4.872573e-06	-1.213121e-09	-3.394287e+01	-8.029104e+01
5.800000e-07	-4.850386e-06	-1.168606e-09	-3.378832e+01	-8.010424e+01
5.900000e-07	-4.827956e-06	-1.196096e-09	-3.363206e+01	-7.991540e+01
6.000000e-07	-4.805119e-06	-1.218800e-09	-3.347298e+01	-7.972460e+01
6.100000e-07	-4.781861e-06	-1.174953e-09	-3.331096e+01	-7.953189e+01
6.200000e-07	-4.758393e-06	-1.184328e-09	-3.314748e+01	-7.933730e+01
6.300000e-07	-4.734754e-06	-1.206501e-09	-3.298281e+01	-7.914088e+01
6.400000e-07	-4.710918e-06	-1.182276e-09	-3.281676e+01	-7.894265e+01
6.500000e-07	-4.686760e-06	-1.166819e-09	-3.264848e+01	-7.874263e+01
6.600000e-07	-4.662221e-06	-1.188592e-09	-3.247753e+01	-7.854082e+01
6.700000e-07	-4.637292e-06	-1.170861e-09	-3.230388e+01	-7.833721e+01
6.800000e-07	-4.611905e-06	-1.156585e-09	-3.212703e+01	-7.813178e+01
6.900000e-07	-4.585869e-06	-1.170993e-09	-3.194566e+01	-7.792450e+01
7.000000e-07	-4.559216e-06	-1.172724e-09	-3.175999e+01	-7.771533e+01
7.100000e-07	-4.532113e-06	-1.154990e-09	-3.157119e+01	-7.750419e+01
7.200000e-07	-4.504665e-06	-1.158503e-09	-3.137998e+01	-7.729104e+01
7.300000e-07	-4.477057e-06	-1.158847e-09	-3.118766e+01	-7.707577e+01
7.400000e-07	-4.449356e-06	-1.147887e-09	-3.099470e+01	-7.685829e+01
7.500000e-07	-4.421531e-06	-1.144203e-09	-3.080086e+01	-7.663851e+01
7.600000e-07	-4.393471e-06	-1.145167e-09	-3.060540e+01	-7.641629e+01
7.700000e-07	-4.365063e-06	-1.141260e-09	-3.040750e+01	-7.619151e+01
7.800000e-07	-4.336234e-06	-1.136573e-09	-3.020668e+01	-7.596403e+01
7.900000e-07	-4.307072e-06	-1.132344e-09	-3.000353e+01	-7.573370e+01
8.000000e-07	-4.277656e-06	-1.123786e-09	-2.979862e+01	-7.550035e+01
8.100000e-07	-4.247929e-06	-1.118643e-09	-2.959153e+01	-7.526383e+01
8.200000e-07	-4.217892e-06	-1.113926e-09	-2.938229e+01	-7.502396e+01
8.300000e-07	-4.187621e-06	-1.109787e-09	-2.917142e+01	-7.478056e+01
8.400000e-07	-4.157096e-06	-1.103594e-09	-2.895878e+01	-7.453345e+01
8.500000e-07	-4.126284e-06	-1.105740e-09	-2.874414e+01	-7.428243e+01
8.600000e-07	-4.095170e-06	-1.103756e-09	-2.852739e+01	-7.402732e+01
8.700000e-07	-4.063775e-06	-1.096910e-09	-2.830870e+01	-7.376793e+01
8.800000e-07	-4.032206e-06	-1.086670e-09	-2.808878e+01	-7.350406e+01
8.900000e-07	-4.000515e-06	-1.080761e-09	-2.786802e+01	-7.323552e+01
9.000000e-07	-3.968682e-06	-1.069488e-09	-2.764627e+01	-7.296213e+01
9.100000e-07	-3.936604e-06	-1.062530e-09	-2.742281e+01	-7.268369e+01
9.200000e-07	-3.904202e-06	-1.059059e-09	-2.719710e+01	-7.240004e+01
9.300000e-07	-3.871409e-06	-1.054305e-09	-2.696866e+01	-7.211099e+01
9.400000e-07	-3.838184e-06	-1.045809e-09	-2.673720e+01	-7.181638e+01
9.500000e-07	-3.804415e-06	-1.045395e-09	-2.650197e+01	-7.151606e+01
9.600000e-07	-3.770153e-06	-1.037857e-09	-2.626329e+01	-7.120987e+01
9.700000e-07	-3.735524e-06	-1.026775e-09	-2.602206e+01	-7.089769e+01
9.800000e-07	-3.700516e-06	-1.019872e-09	-2.577820e+01	-7.057937e+01
9.900000e-07	-3.665191e-06	-1.018479e-09	-2.553211e+01	-7.025482e+01
1.000000e-06	-3.629692e-06	-1.010384e-09	-2.528482e+01	-6.992392e+01
1.010000e-06	-3.594082e-06	-1.004545e-09	-2.503676e+01	-6.958659e+01
1.020000e-06	-3.558371e-06	-1.006117e-09	-2.478800e+01	-6.924276e+01
1.030000e-06	-3.522547e-06	-1.003651e-09	-2.453844e+01	-6.889237e+01
1.040000e-06	-3.486552e-06	-9.947384e-10	-2.428770e+01	-6.853538e+01
1.050000e-06	-3.450327e-06	-9.918251e-10	-2.403535e+01	-6.817175e+01
1.060000e-06	-3.413823e-06	-9.882721e-10	-2.378106e+01	-6.780148e+01
1.070000e-06	-3.377019e-06	-9.770334e-10	-2.352468e+01	-6.742456e+01
1.080000e-06	-3.339930e-06	-9.659840e-10	-2.326631e+01	-6.704101e+01
1.090000e-06	-3.302607e-06	-9.592740e-10	-2.300632e+01	-6.665086e+01
1.100000e-06	-3.265058e-06	-9.519276e-10	-2.274475e+01	-6.625414e+01
1.110000e-06	-3.227323e-06	-9.461060e-10	-2.248188e+01	-6.585092e+01
1.120000e-06	-3.189339e-06	-9.474055e-10	-2.221728e+01	-6.544125e+01
1.130000e-06	-3.151105e-06	-9.450802e-10	-2.195094e+01	-6.502523e+01
1.140000e-06	-3.112562e-06	-9.388753e-10	-2.168244e+01	-6.460292e+01
1.150000e-06	-3.073794e-06	-9.304610e-10	-2.141238e+01	-6.417443e+01
1.160000e-06	-3.034861e-06	-9.223357e-10	-2.114117e+01	-6.373986e+01
1.170000e-06	-2.995664e-06	-9.112908e-10	-2.086812e+01	-6.329931e+01
1.180000e-06	-2.956355e-06	-9.031220e-10	-2.059429e+01	-6.285290e+01
1.190000e-06	-2.916969e-06	-8.980878e-10	-2.031992e+01	-6.240073e+01
1.200000e-06	-2.877487e-06	-8.935001e-10	-2.004489e+01	-6.194292e+01
1.210000e-06	-2.837875e-06	-8.867210e-10	-1.976895e+01	-6.147958e+01
1.220000e-06	-2.798057e-06	-8.812523e-10	-1.949157e+01	-6.101082e+01
1.230000e-06	-2.758091e-06	-8.727976e-10	-1.921316e+01	-6.053674e+01
1.240000e-06	-2.718043e-06	-8.624161e-10	-1.893418e+01	-6.005743e+01
1.250000e-06	-2.677813e-06	-8.536917e-10	-1.865393e+01	-5.957298e+01
1.260000e-06	-2.637349e-06	-8.485721e-10	-1.837206e+01	-5.908346e+01
1.270000e-06	-2.596586e-06	-8.410628e-10	-1.808810e+01	-5.858893e+01
1.280000e-06	-2.555476e-06	-8.346865e-10	-1.780172e+01	-5.808945e+01
1.290000e-06	-2.514061e-06	-8.279835e-10	-1.751322e+01	-5.758503e+01
1.300000e-06	-2.472334e-06	-8.167724e-10	-1.722255e+01	-5.707569e+01
1.310000e-06	-2.430283e-06	-8.026605e-10	-1.692961e+01	-5.656142e+01
1.320000e-06	-2.388011e-06	-7.927741e-10	-1.663514e+01	-5.604218e+01
1.330000e-06	-2.345570e-06	-7.857806e-10	-1.633949e+01	-5.551793e+01
1.340000e-06	-2.302803e-06	-7.788922e-10	-1.604157e+01	-5.498857e+01
1.350000e-06	-2.259737e-06	-7.732772e-10	-1.574157e+01	-5.445400e+01
1.360000e-06	-2.216492e-06	-7.680550e-10	-1.544032e+01	-5.391409e+01
1.370000e-06	-2.173063e-06	-7.595590e-10	-1.513779e+01	-5.336868e+01
1.380000e-06	-2.129499e-06	-7.481841e-10	-1.483432e+01	-5.281757e+01
1.390000e-06	-2.085874e-06	-7.367353e-10	-1.453042e+01	-5.226055e+01
1.400000e-06	-2.042216e-06	-7.247331e-10	-1.422630e+01	-5.169737e+01
1.410000e-06	-1.998463e-06	-7.126896e-10	-1.392151e+01	-5.112775e+01
1.420000e-06	-1.954601e-06	-7.031948e-10	-1.361596e+01	-5.055138e+01
1.430000e-06	-1.910739e-06	-6.972080e-10	-1.331041e+01	-4.996794e+01
1.440000e-06	-1.866833e-06	-6.905402e-10	-1.300456e+01	-4.937705e+01
1.450000e-06	-1.822723e-06	-6.844974e-10	-1.269729e+01	-4.877832e+01
1.460000e-06	-1.778457e-06	-6.747228e-10	-1.238893e+01	-4.817134e+01
1.470000e-06	-1.734161e-06	-6.595952e-10	-1.208035e+01	-4.755567e+01
1.480000e-06	-1.689683e-06	-6.428571e-10	-1.177052e+01	-4.693083e+01
1.490000e-06	-1.644999e-06	-6.311486e-10	-1.145924e+01	-4.629635e+01
1.500000e-06	-1.600254e-06	-6.231702e-10	-1.114754e+01	-4.565171e+01
1.510000e-06	-1.555426e-06	-6.176501e-10	-1.083526e+01	-4.499640e+01
1.520000e-06	-1.510438e-06	-6.121372e-10	-1.052188e+01	-4.432987e+01
1.530000e-06	-1.465329e-06	-6.034570e-10	-1.020764e+01	-4.365158e+01
1.540000e-06	-1.420201e-06	-5.937489e-10	-9.893275e+00	-4.296095e+01
1.550000e-06	-1.375027e-06	-5.844461e-10	-9.578585e+00	-4.225744e+01
1.560000e-06	-1.329725e-06	-5.720137e-10	-9.263006e+00	-4.154045e+01
1.570000e-06	-1.284246e-06	-5.584868e-10	-8.946198e+00	-4.080943e+01
1.580000e-06	-1.238651e-06	-5.462749e-10	-8.628580e+00	-4.006381e+01
1.590000e-06	-1.193054e-06	-5.338401e-10	-8.310946e+00	-3.930302e+01
1.600000e-06	-1.147332e-06	-5.213751e-10	-7.992440e+00	-3.852651e+01
1.610000e-06	-1.101450e-06	-5.096789e-10	-7.672819e+00	-3.773374e+01
1.620000e-06	-1.055552e-06	-4.961655e-10	-7.353091e+00	-3.692420e+01
1.630000e-06	-1.009592e-06	-4.816459e-10	-7.032925e+00	-3.609739e+01
1.640000e-06	-9.636130e-07	-4.689128e-10	-6.712632e+00	-3.525282e+01
1.650000e-06	-9.175634e-07	-4.576593e-10	-6.391846e+00	-3.439004e+01
1.660000e-06	-8.714547e-07	-4.458644e-10	-6.070647e+00	-3.350865e+01
1.670000e-06	-8.253217e-07	-4.333849e-10	-5.749280e+00	-3.260826e+01
1.680000e-06	-7.790523e-07	-4.188398e-10	-5.426963e+00	-3.168853e+01
1.690000e-06	-7.327013e-07	-4.020104e-10	-5.104076e+00	-3.074915e+01
1.700000e-06	-6.863518e-07	-3.859546e-10	-4.781201e+00	-2.978986e+01
1.710000e-06	-6.399169e-07	-3.703889e-10	-4.457730e+00	-2.881046e+01
1.720000e-06	-5.934838e-07	-3.551979e-10	-4.134272e+00	-2.781078e+01
1.730000e-06	-5.470912e-07	-3.410896e-10	-3.811097e+00	-2.679071e+01
1.740000e-06	-5.006067e-07	-3.256871e-10	-3.487280e+00	-2.575019e+01
1.750000e-06	-4.540976e-07	-3.089092e-10	-3.163293e+00	-2.468923e+01
1.760000e-06	-4.075787e-07	-2.935492e-10	-2.839238e+00	-2.360788e+01
1.770000e-06	-3.610012e-07	-2.790741e-10	-2.514773e+00	-2.250626e+01
1.780000e-06	-3.143571e-07	-2.628000e-10	-2.189846e+00	-2.138456e+01
1.790000e-06	-2.677326e-07	-2.444371e-10	-1.865054e+00	-2.024301e+01
1.800000e-06	-2.210074e-07	-2.286579e-10	-1.539562e+00	-1.908191e+01
1.810000e-06	-1.742835e-07	-2.121811e-10	-1.214078e+00	-1.790162e+01
1.820000e-06	-1.275382e-07	-1.927924e-10	-8.884450e-01	-1.670258e+01
1.830000e-06	-8.060402e-08	-1.719662e-10	-5.614963e-01	-1.548527e+01
1.840000e-06	-3.369177e-08	-1.520967e-10	-2.347005e-01	-1.425024e+01
1.850000e-06	1.314384e-08	-1.334958e-10	9.156142e-02	-1.299809e+01
1.860000e-06	5.992632e-08	-1.168030e-10	4.174532e-01	-1.172950e+01
1.870000e-06	1.065822e-07	-9.940858e-11	7.424633e-01	-1.044517e+01
1.880000e-06	1.531581e-07	-8.122422e-11	1.066916e+00	-9.145901e+00
1.890000e-06	1.998029e-07	-6.525113e-11	1.391848e+00	-7.832510e+00
1.900000e-06	2.465693e-07	-4.941964e-11	1.717628e+00	-6.505877e+00
1.910000e-06	2.933812e-07	-3.126697e-11	2.043725e+00	-5.166929e+00
1.920000e-06	3.401405e-07	-1.169119e-11	2.369455e+00	-3.816634e+00
1.930000e-06	3.867809e-07	7.785170e-12	2.694357e+00	-2.456002e+00
1.940000e-06	4.333212e-07	2.537773e-11	3.018562e+00	-1.086079e+00
1.950000e-06	4.797680e-07	4.227503e-11	3.342116e+00	2.920552e-01
1.960000e-06	5.262118e-07	6.015043e-11	3.665649e+00	1.677293e+00
1.970000e-06	5.727084e-07	7.887221e-11	3.989549e+00	3.068502e+00
1.980000e-06	6.190946e-07	9.922490e-11	4.312680e+00	4.464527e+00
1.990000e-06	6.654495e-07	1.189157e-10	4.635593e+00	5.864198e+00
2.000000e-06	7.118178e-07	1.371225e-10	4.958600e+00	7.266333e+00
2.010000e-06	7.580924e-07	1.571690e-10	5.280954e+00	8.669742e+00
2.020000e-06	8.042328e-07	1.758169e-10	5.602372e+00	1.007323e+01
2.030000e-06	8.502916e-07	1.949420e-10	5.923223e+00	1.147561e+01
2.040000e-06	8.963189e-07	2.166477e-10	6.243854e+00	1.287569e+01
2.050000e-06	9.423137e-07	2.355130e-10	6.564259e+00	1.427230e+01
2.060000e-06	9.882657e-07	2.543110e-10	6.884366e+00	1.566427e+01
2.070000e-06	1.034116e-06	2.738752e-10	7.203764e+00	1.705046e+01
2.080000e-06	1.079914e-06	2.928957e-10	7.522799e+00	1.842976e+01
2.090000e-06	1.125703e-06	3.117045e-10	7.841770e+00	1.980106e+01
2.100000e-06	1.171451e-06	3.329105e-10	8.160457e+00	2.116330e+01
2.110000e-06	1.217123e-06	3.525055e-10	8.478609e+00	2.251546e+01
2.120000e-06	1.262656e-06	3.711312e-10	8.795800e+00	2.385654e+01
2.130000e-06	1.308087e-06	3.904843e-10	9.112274e+00	2.518558e+01
2.140000e-06	1.353410e-06	4.093709e-10	9.428002e+00	2.650169e+01
2.150000e-06	1.398521e-06	4.256062e-10	9.742245e+00	2.780399e+01
2.160000e-06	1.443559e-06	4.401076e-10	1.005599e+01	2.909166e+01
2.170000e-06	1.488581e-06	4.570647e-10	1.036962e+01	3.036395e+01
2.180000e-06	1.533480e-06	4.758178e-10	1.068239e+01	3.162014e+01
2.190000e-06	1.578322e-06	4.949111e-10	1.099476e+01	3.285957e+01
2.200000e-06	1.623046e-06	5.154473e-10	1.130631e+01	3.408162e+01
2.210000e-06	1.667580e-06	5.344291e-10	1.161654e+01	3.528576e+01
2.220000e-06	1.712058e-06	5.498680e-10	1.192638e+01	3.647148e+01
2.230000e-06	1.756484e-06	5.616658e-10	1.223586e+01	3.763834e+01
2.240000e-06	1.800740e-06	5.736327e-10	1.254415e+01	3.878596e+01
2.250000e-06	1.844773e-06	5.885271e-10	1.285089e+01	3.991402e+01
2.260000e-06	1.888666e-06	6.067213e-10	1.315665e+01	4.102223e+01
2.270000e-06	1.932502e-06	6.266620e-10	1.346202e+01	4.211039e+01
2.280000e-06	1.976279e-06	6.447167e-10	1.376698e+01	4.317831e+01
2.290000e-06	2.020001e-06	6.612177e-10	1.407155e+01	4.422590e+01
2.300000e-06	2.063646e-06	6.753893e-10	1.437558e+01	4.525308e+01
2.310000e-06	2.107223e-06	6.854862e-10	1.467914e+01	4.625983e+01
2.320000e-06	2.150708e-06	6.944817e-10	1.498207e+01	4.724619e+01
2.330000e-06	2.194132e-06	7.082224e-10	1.528456e+01	4.821222e+01
2.340000e-06	2.237405e-06	7.252112e-10	1.558600e+01	4.915805e+01
2.350000e-06	2.280468e-06	7.403301e-10	1.588599e+01	5.008382e+01
2.360000e-06	2.323395e-06	7.516519e-10	1.618502e+01	5.098972e+01
2.370000e-06	2.366179e-06	7.620896e-10	1.648306e+01	5.187597e+01
2.380000e-06	2.408697e-06	7.718659e-10	1.677925e+01	5.274283e+01
2.390000e-06	2.450808e-06	7.834939e-10	1.707260e+01	5.359058e+01
2.400000e-06	2.492577e-06	7.960896e-10	1.736356e+01	5.441952e+01
2.410000e-06	2.533962e-06	8.093136e-10	1.765185e+01	5.522997e+01
2.420000e-06	2.575053e-06	8.222067e-10	1.793810e+01	5.602229e+01
2.430000e-06	2.615955e-06	8.347120e-10	1.822303e+01	5.679684e+01
2.440000e-06	2.656568e-06	8.453434e-10	1.850594e+01	5.755398e+01
2.450000e-06	2.696963e-06	8.522166e-10	1.878733e+01	5.829411e+01
2.460000e-06	2.737171e-06	8.587092e-10	1.906743e+01	5.901762e+01
2.470000e-06	2.777161e-06	8.663344e-10	1.934600e+01	5.972491e+01
2.480000e-06	2.817006e-06	8.758209e-10	1.962357e+01	6.041637e+01
2.490000e-06	2.856702e-06	8.870766e-10	1.990009e+01	6.109240e+01
2.500000e-06	2.896287e-06	8.993117e-10	2.017585e+01	6.175342e+01
2.510000e-06	2.935806e-06	9.121281e-10	2.045115e+01	6.239980e+01
2.520000e-06	2.975086e-06	9.222684e-10	2.072477e+01	6.303194e+01
2.530000e-06	3.014089e-06	9.306415e-10	2.099647e+01	6.365022e+01
2.540000e-06	3.052900e-06	9.365615e-10	2.126683e+01	6.425501e+01
2.550000e-06	3.091535e-06	9.452059e-10	2.153597e+01	6.484667e+01
2.560000e-06	3.129946e-06	9.540947e-10	2.180354e+01	6.542555e+01
2.570000e-06	3.168103e-06	9.588054e-10	2.206935e+01	6.599198e+01
2.580000e-06	3.206060e-06	9.663153e-10	2.233376e+01	6.654630e+01
2.590000e-06	3.243889e-06	9.759763e-10	2.259728e+01	6.708880e+01
2.600000e-06	3.281469e-06	9.878217e-10	2.285907e+01	6.761978e+01
2.610000e-06	3.318757e-06	9.968503e-10	2.311882e+01	6.813951e+01
2.620000e-06	3.355851e-06	1.005298e-09	2.337722e+01	6.864827e+01
2.630000e-06	3.392770e-06	1.013014e-09	2.363440e+01	6.914629e+01
2.640000e-06	3.429390e-06	1.016995e-09	2.388950e+01	6.963381e+01
2.650000e-06	3.465668e-06	1.019242e-09	2.414222e+01	7.011104e+01
2.660000e-06	3.501806e-06	1.025716e-09	2.439396e+01	7.057819e+01
2.670000e-06	3.537774e-06	1.033679e-09	2.464452e+01	7.103545e+01
2.680000e-06	3.573574e-06	1.040357e-09	2.489390e+01	7.148299e+01
2.690000e-06	3.609288e-06	1.047347e-09	2.514269e+01	7.192097e+01
2.700000e-06	3.644861e-06	1.054082e-09	2.539050e+01	7.234955e+01
2.710000e-06	3.680229e-06	1.062204e-09	2.563687e+01	7.276887e+01
2.720000e-06	3.715408e-06	1.070567e-09	2.588194e+01	7.317906e+01
2.730000e-06	3.750242e-06	1.074994e-09	2.612459e+01	7.358023e+01
2.740000e-06	3.784643e-06	1.077582e-09	2.636423e+01	7.397252e+01
2.750000e-06	3.818649e-06	1.080917e-09	2.660112e+01	7.435601e+01
2.760000e-06	3.852127e-06	1.085739e-09	2.683434e+01	7.473083e+01
2.770000e-06	3.885128e-06	1.090035e-09	2.706422e+01	7.509706e+01
2.780000e-06	3.917734e-06	1.094839e-09	2.729136e+01	7.545481e+01
2.790000e-06	3.949950e-06	1.102244e-09	2.751578e+01	7.580415e+01
2.800000e-06	3.981877e-06	1.108492e-09	2.773819e+01	7.614519e+01
2.810000e-06	4.013642e-06	1.114121e-09	2.795947e+01	7.647802e+01
2.820000e-06	4.045294e-06	1.118230e-09	2.817996e+01	7.680273e+01
2.830000e-06	4.076798e-06	1.120168e-09	2.839941e+01	7.711940e+01
2.840000e-06	4.108084e-06	1.121201e-09	2.861736e+01	7.742814e+01
2.850000e-06	4.139025e-06	1.124855e-09	2.883289e+01	7.772904e+01
2.860000e-06	4.169669e-06	1.128718e-09	2.904637e+01	7.802220e+01
2.870000e-06	4.200065e-06	1.132872e-09	2.925811e+01	7.830772e+01
2.880000e-06	4.230139e-06	1.138349e-09	2.946761e+01	7.858572e+01
2.890000e-06	4.259956e-06	1.139830e-09	2.967532e+01	7.885629e+01
2.900000e-06	4.289482e-06	1.139872e-09	2.988099e+01	7.911956e+01
2.910000e-06	4.318743e-06	1.143828e-09	3.008483e+01	7.937565e+01
2.920000e-06	4.347711e-06	1.150643e-09	3.028662e+01	7.962469e+01
2.930000e-06	4.376317e-06	1.160448e-09	3.048590e+01	7.986679e+01
2.940000e-06	4.404621e-06	1.168781e-09	3.068307e+01	8.010210e+01
2.950000e-06	4.432611e-06	1.172321e-09	3.087805e+01	8.033076e+01
2.960000e-06	4.460397e-06	1.171437e-09	3.107161e+01	8.055289e+01
2.970000e-06	4.488047e-06	1.169661e-09	3.126422e+01	8.076866e+01
2.980000e-06	4.515559e-06	1.170197e-09	3.145588e+01	8.097820e+01
2.990000e-06	4.542861e-06	1.174739e-09	3.164606e+01	8.118166e+01
3.000000e-06	4.569826e-06	1.181268e-09	3.183390e+01	8.137920e+01
3.010000e-06	4.596385e-06	1.187347e-09	3.201891e+01	8.157097e+01
3.020000e-06	4.622382e-06	1.192298e-09	3.220002e+01	8.175713e+01
3.030000e-06	4.647785e-06	1.194419e-09	3.237697e+01	8.193782e+01
3.040000e-06	4.672639e-06	1.196088e-09	3.255011e+01	8.211321e+01
3.050000e-06	4.696971e-06	1.198709e-09	3.271961e+01	8.228343e+01
3.060000e-06	4.721030e-06	1.201897e-09	3.288720e+01	8.244866e+01
3.070000e-06	4.744855e-06	1.205539e-09	3.305317e+01	8.260902e+01
3.080000e-06	4.768384e-06	1.207661e-09	3.321708e+01	8.276467e+01
3.090000e-06	4.791651e-06	1.208578e-09	3.337916e+01	8.291575e+01
3.100000e-06	4.814641e-06	1.209697e-09	3.353931e+01	8.306240e+01
3.110000e-06	4.837331e-06	1.213299e-09	3.369737e+01	8.320474e+01
3.120000e-06	4.859634e-06	1.217094e-09	3.385273e+01	8.334292e+01
3.130000e-06	4.881539e-06	1.219792e-09	3.400533e+01	8.347704e+01
3.140000e-06	4.903158e-06	1.223188e-09	3.415593e+01	8.360723e+01
3.150000e-06	4.924533e-06	1.224336e-09	3.430483e+01	8.373359e+01
3.160000e-06	4.945577e-06	1.222642e-09	3.445143e+01	8.385623e+01
3.170000e-06	4.966250e-06	1.220099e-09	3.459543e+01	8.397525e+01
3.180000e-06	4.986509e-06	1.221409e-09	3.473656e+01	8.409074e+01
3.190000e-06	5.006403e-06	1.225967e-09	3.487514e+01	8.420278e+01
3.200000e-06	5.026110e-06	1.230808e-09	3.501243e+01	8.431145e+01
3.210000e-06	5.045649e-06	1.236186e-09	3.514854e+01	8.441681e+01
3.220000e-06	5.064930e-06	1.240083e-09	3.528285e+01	8.451894e+01
3.230000e-06	5.083874e-06	1.241303e-09	3.541482e+01	8.461789e+01
3.240000e-06	5.102391e-06	1.239941e-09	3.554381e+01	8.471370e+01
3.250000e-06	5.120528e-06	1.237552e-09	3.567015e+01	8.480644e+01
3.260000e-06	5.138194e-06	1.235799e-09	3.579321e+01	8.489613e+01
3.270000e-06	5.155473e-06	1.236910e-09	3.591358e+01	8.498281e+01
3.280000e-06	5.172464e-06	1.242248e-09	3.603194e+01	8.506651e+01
3.290000e-06	5.189139e-06	1.247670e-09	3.614810e+01	8.514726e+01
3.300000e-06	5.205546e-06	1.252428e-09	3.626239e+01	8.522508e+01
3.310000e-06	5.221469e-06	1.255060e-09	3.637332e+01	8.529999e+01
3.320000e-06	5.237020e-06	1.255934e-09	3.648165e+01	8.537200e+01
3.330000e-06	5.252181e-06	1.257549e-09	3.658726e+01	8.544113e+01
3.340000e-06	5.266710e-06	1.260045e-09	3.668847e+01	8.550739e+01
3.350000e-06	5.280747e-06	1.261163e-09	3.678626e+01	8.557079e+01
3.360000e-06	5.294399e-06	1.259614e-09	3.688136e+01	8.563134e+01
3.370000e-06	5.307737e-06	1.258900e-09	3.697427e+01	8.568906e+01
3.380000e-06	5.320727e-06	1.260579e-09	3.706476e+01	8.574394e+01
3.390000e-06	5.333297e-06	1.263987e-09	3.715232e+01	8.579601e+01
3.400000e-06	5.345504e-06	1.267855e-09	3.723736e+01	8.584528e+01
3.410000e-06	5.357357e-06	1.269150e-09	3.731993e+01	8.589176e+01
3.420000e-06	5.368910e-06	1.269931e-09	3.740040e+01	8.593545e+01
3.430000e-06	5.380138e-06	1.272123e-09	3.747862e+01	8.597639e+01
3.440000e-06	5.390804e-06	1.272845e-09	3.755292e+01	8.601459e+01
3.450000e-06	5.400806e-06	1.272314e-09	3.762260e+01	8.605008e+01
3.460000e-06	5.410208e-06	1.271970e-09	3.768810e+01	8.608287e+01
3.470000e-06	5.419014e-06	1.273078e-09	3.774944e+01	8.611299e+01
3.480000e-06	5.427243e-06	1.274746e-09	3.780676e+01	8.614047e+01
3.490000e-06	5.435091e-06	1.277996e-09	3.786143e+01	8.616535e+01
3.500000e-06	5.442692e-06	1.282569e-09	3.791438e+01	8.618766e+01
3.510000e-06	5.450034e-06	1.283742e-09	3.796552e+01	8.620743e+01
3.520000e-06	5.457127e-06	1.285447e-09	3.801494e+01	8.622471e+01
3.530000e-06	5.463855e-06	1.289089e-09	3.806181e+01	8.623952e+01
3.540000e-06	5.470153e-06	1.292198e-09	3.810567e+01	8.625192e+01
3.550000e-06	5.476152e-06	1.292109e-09	3.814747e+01	8.626195e+01
3.560000e-06	5.481907e-06	1.288780e-09	3.818756e+01	8.626965e+01
3.570000e-06	5.487258e-06	1.288257e-09	3.822483e+01	8.627506e+01
3.580000e-06	5.492176e-06	1.286899e-09	3.825909e+01	8.627823e+01
3.590000e-06	5.496725e-06	1.288241e-09	3.829078e+01	8.627920e+01
3.600000e-06	5.500884e-06	1.291099e-09	3.831975e+01	8.627800e+01
3.610000e-06	5.504689e-06	1.295084e-09	3.834626e+01	8.627469e+01
3.620000e-06	5.508260e-06	1.300679e-09	3.837114e+01	8.626930e+01
3.630000e-06	5.511560e-06	1.302975e-09	3.839412e+01	8.626187e+01
3.640000e-06	5.514499e-06	1.301559e-09	3.841460e+01	8.625242e+01
3.650000e-06	5.516908e-06	1.300743e-09	3.843137e+01	8.624099e+01
3.660000e-06	5.518721e-06	1.299276e-09	3.844401e+01	8.622759e+01
3.670000e-06	5.520068e-06	1.300009e-09	3.845339e+01	8.621226e+01
3.680000e-06	5.520802e-06	1.303003e-09	3.845850e+01	8.619501e+01
3.690000e-06	5.521017e-06	1.305126e-09	3.846000e+01	8.617585e+01
3.700000e-06	5.520940e-06	1.305795e-09	3.845946e+01	8.615479e+01
3.710000e-06	5.520640e-06	1.306948e-09	3.845737e+01	8.613182e+01
3.720000e-06	5.520053e-06	1.305542e-09	3.845329e+01	8.610694e+01
3.730000e-06	5.519153e-06	1.298939e-09	3.844701e+01	8.608013e+01
3.740000e-06	5.517935e-06	1.295797e-09	3.843854e+01	8.605139e+01
3.750000e-06	5.516340e-06	1.293531e-09	3.842742e+01	8.602069e+01
3.760000e-06	5.514305e-06	1.287496e-09	3.841324e+01	8.598799e+01
3.770000e-06	5.511895e-06	1.278508e-09	3.839646e+01	8.595326e+01
3.780000e-06	5.509164e-06	1.286882e-09	3.837744e+01	8.591647e+01
3.790000e-06	5.505986e-06	1.314657e-09	3.835529e+01	8.587755e+01
3.800000e-06	5.502285e-06	1.286452e-09	3.832951e+01	8.583647e+01
3.810000e-06	5.498145e-06	1.231143e-09	3.830067e+01	8.579316e+01
3.820000e-06	5.493823e-06	1.266820e-09	3.827056e+01	8.574756e+01
3.830000e-06	5.489371e-06	1.291962e-09	3.823955e+01	8.569960e+01
3.840000e-06	5.484603e-06	1.289336e-09	3.820634e+01	8.564922e+01
3.850000e-06	5.479181e-06	1.236780e-09	3.816857e+01	8.559634e+01
3.860000e-06	5.473136e-06	1.265579e-09	3.812645e+01	8.554088e+01
3.870000e-06	5.466798e-06	1.354851e-09	3.808231e+01	8.548277e+01
3.880000e-06	5.460171e-06	1.329801e-09	3.803614e+01	8.542193e+01
3.890000e-06	5.452990e-06	1.250371e-09	3.798612e+01	8.535828e+01
3.900000e-06	5.445172e-06	1.234714e-09	3.793166e+01	8.529174e+01
3.910000e-06	5.436952e-06	1.333305e-09	3.787440e+01	8.522222e+01
3.920000e-06	5.428464e-06	1.313780e-09	3.781527e+01	8.514966e+01
3.930000e-06	5.419682e-06	1.257655e-09	3.775409e+01	8.507397e+01
3.940000e-06	5.410542e-06	1.273714e-09	3.769042e+01	8.499508e+01
3.950000e-06	5.401065e-06	1.352266e-09	3.762441e+01	8.491293e+01
3.960000e-06	5.391296e-06	1.303619e-09	3.755635e+01	8.482745e+01
3.970000e-06	5.381127e-06	1.240027e-09	3.748551e+01	8.473858e+01
3.980000e-06	5.370542e-06	1.266524e-09	3.741178e+01	8.464625e+01
3.990000e-06	5.359641e-06	1.313343e-09	3.733584e+01	8.455044e+01
4.000000e-06	5.348390e-06	1.281766e-09	3.725746e+01	8.445108e+01
4.010000e-06	5.336654e-06	1.257493e-09	3.717571e+01	8.434816e+01
4.020000e-06	5.324435e-06	1.300867e-09	3.709059e+01	8.424163e+01
4.030000e-06	5.311781e-06	1.311168e-09	3.700244e+01	8.413147e+01
4.040000e-06	5.298599e-06	1.281877e-09	3.691061e+01	8.401769e+01
4.050000e-06	5.284970e-06	1.250673e-09	3.681567e+01	8.390026e+01
4.060000e-06	5.270895e-06	1.278336e-09	3.671762e+01	8.377920e+01
4.070000e-06	5.256219e-06	1.291831e-09	3.661539e+01	8.365451e+01
4.080000e-06	5.240939e-06	1.280963e-09	3.650895e+01	8.352623e+01
4.090000e-06	5.225144e-06	1.249774e-09	3.639892e+01	8.339437e+01
4.100000e-06	5.209055e-06	1.280806e-09	3.628684e+01	8.325897e+01
4.110000e-06	5.192759e-06	1.297149e-09	3.617332e+01	8.312008e+01
4.120000e-06	5.176170e-06	1.256438e-09	3.605776e+01	8.297776e+01
4.130000e-06	5.159282e-06	1.236748e-09	3.594012e+01	8.283205e+01
4.140000e-06	5.142033e-06	1.304896e-09	3.581996e+01	8.268303e+01
4.150000e-06	5.124320e-06	1.286246e-09	3.569657e+01	8.253077e+01
4.160000e-06	5.106312e-06	1.221382e-09	3.557112e+01	8.237534e+01
4.170000e-06	5.088031e-06	1.261094e-09	3.544378e+01	8.221683e+01
4.180000e-06	5.069338e-06	1.306298e-09	3.531355e+01	8.205532e+01
4.190000e-06	5.050217e-06	1.221948e-09	3.518036e+01	8.189090e+01
4.200000e-06	5.030821e-06	1.219369e-09	3.504524e+01	8.172367e+01
4.210000e-06	5.011146e-06	1.304476e-09	3.490818e+01	8.155371e+01
4.220000e-06	4.991116e-06	1.256757e-09	3.476866e+01	8.138113e+01
4.230000e-06	4.970865e-06	1.200210e-09	3.462759e+01	8.120600e+01
4.240000e-06	4.950400e-06	1.285043e-09	3.448502e+01	8.102843e+01
4.250000e-06	4.929691e-06	1.282242e-09	3.434076e+01	8.084851e+01
4.260000e-06	4.908544e-06	1.187322e-09	3.419345e+01	8.066631e+01
4.270000e-06	4.886802e-06	1.238735e-09	3.404199e+01	8.048193e+01
4.280000e-06	4.864493e-06	1.287569e-09	3.388659e+01	8.029543e+01
4.290000e-06	4.841691e-06	1.206826e-09	3.372774e+01	8.010689e+01
4.300000e-06	4.818483e-06	1.207472e-09	3.356608e+01	7.991637e+01
4.310000e-06	4.794829e-06	1.277052e-09	3.340130e+01	7.972393e+01
4.320000e-06	4.770814e-06	1.227112e-09	3.323401e+01	7.952962e+01
4.330000e-06	4.746554e-06	1.196753e-09	3.306501e+01	7.933346e+01
4.340000e-06	4.722081e-06	1.247828e-09	3.289453e+01	7.913549e+01
4.350000e-06	4.697408e-06	1.237402e-09	3.272265e+01	7.893573e+01
4.360000e-06	4.672433e-06	1.201216e-09	3.254868e+01	7.873418e+01
4.370000e-06	4.647073e-06	1.235661e-09	3.237202e+01	7.853083e+01
4.380000e-06	4.621346e-06	1.232996e-09	3.219280e+01	7.832567e+01
4.390000e-06	4.595322e-06	1.200429e-09	3.201151e+01	7.811866e+01
4.400000e-06	4.568965e-06	1.207300e-09	3.182791e+01	7.790976e+01
4.410000e-06	4.542326e-06	1.217443e-09	3.164233e+01	7.769892e+01
4.420000e-06	4.515398e-06	1.200367e-09	3.145475e+01	7.748607e+01
4.430000e-06	4.488087e-06	1.205913e-09	3.126450e+01	7.727112e+01
4.440000e-06	4.460453e-06	1.211632e-09	3.107200e+01	7.705398e+01
4.450000e-06	4.432577e-06	1.203463e-09	3.087781e+01	7.683455e+01
4.460000e-06	4.404494e-06	1.196874e-09	3.068218e+01	7.661270e+01
4.470000e-06	4.376175e-06	1.194965e-09	3.048491e+01	7.638832e+01
4.480000e-06	4.347712e-06	1.187854e-09	3.028663e+01	7.616126e+01
4.490000e-06	4.319064e-06	1.185247e-09	3.008707e+01	7.593137e+01
4.500000e-06	4.290035e-06	1.181603e-09	2.988485e+01	7.569851e+01
4.510000e-06	4.260525e-06	1.179365e-09	2.967928e+01	7.546249e+01
4.520000e-06	4.230503e-06	1.179423e-09	2.947014e+01	7.522315e+01
4.530000e-06	4.199960e-06	1.177394e-09	2.925737e+01	7.498031e+01
4.540000e-06	4.168850e-06	1.170333e-09	2.904066e+01	7.473379e+01
4.550000e-06	4.137277e-06	1.163585e-09	2.882072e+01	7.448340e+01
4.560000e-06	4.105431e-06	1.164166e-09	2.859888e+01	7.422894e+01
4.570000e-06	4.073435e-06	1.163571e-09	2.837599e+01	7.397024e+01
4.580000e-06	4.041273e-06	1.153917e-09	2.815195e+01	7.370708e+01
4.590000e-06	4.008909e-06	1.144785e-09	2.792649e+01	7.343930e+01
4.600000e-06	3.976296e-06	1.144815e-09	2.769931e+01	7.316668e+01
4.610000e-06	3.943394e-06	1.137112e-09	2.747011e+01	7.288906e+01
4.620000e-06	3.910276e-06	1.132420e-09	2.723941e+01	7.260625e+01
4.630000e-06	3.876872e-06	1.137248e-09	2.700671e+01	7.231808e+01
4.640000e-06	3.843146e-06	1.137652e-09	2.677177e+01	7.202437e+01
4.650000e-06	3.809125e-06	1.126122e-09	2.653478e+01	7.172497e+01
4.660000e-06	3.774869e-06	1.123584e-09	2.629615e+01	7.141973e+01
4.670000e-06	3.740460e-06	1.122521e-09	2.605645e+01	7.110851e+01
4.680000e-06	3.705855e-06	1.114300e-09	2.581539e+01	7.079119e+01
4.690000e-06	3.670945e-06	1.105774e-09	2.557220e+01	7.046764e+01
4.700000e-06	3.635673e-06	1.105053e-09	2.532649e+01	7.013776e+01
4.710000e-06	3.600152e-06	1.101765e-09	2.507905e+01	6.980147e+01
4.720000e-06	3.564458e-06	1.100805e-09	2.483040e+01	6.945869e+01
4.730000e-06	3.528609e-06	1.103469e-09	2.458067e+01	6.910936e+01
4.740000e-06	3.492567e-06	1.101923e-09	2.432960e+01	6.875343e+01
4.750000e-06	3.456316e-06	1.090068e-09	2.407707e+01	6.839087e+01
4.760000e-06	3.419947e-06	1.081698e-09	2.382372e+01	6.802167e+01
4.770000e-06	3.383441e-06	1.077518e-09	2.356942e+01	6.764582e+01
4.780000e-06	3.346786e-06	1.070344e-09	2.331407e+01	6.726333e+01
4.790000e-06	3.309944e-06	1.064238e-09	2.305743e+01	6.687424e+01
4.800000e-06	3.272745e-06	1.064171e-09	2.279830e+01	6.647857e+01
4.810000e-06	3.235167e-06	1.062004e-09	2.253653e+01	6.607639e+01
4.820000e-06	3.197106e-06	1.054072e-09	2.227139e+01	6.566775e+01
4.830000e-06	3.158553e-06	1.046716e-09	2.200282e+01	6.525274e+01
4.840000e-06	3.119687e-06	1.039866e-09	2.173208e+01	6.483144e+01
4.850000e-06	3.080544e-06	1.030500e-09	2.145940e+01	6.440393e+01
4.860000e-06	3.041076e-06	1.022685e-09	2.118446e+01	6.397033e+01
4.870000e-06	3.001267e-06	1.018306e-09	2.090715e+01	6.353073e+01
4.880000e-06	2.961289e-06	1.011734e-09	2.062866e+01	6.308524e+01
4.890000e-06	2.921206e-06	1.003717e-09	2.034944e+01	6.263399e+01
4.900000e-06	2.881023e-06	9.955706e-10	2.006952e+01	6.217707e+01
4.910000e-06	2.840780e-06	9.894090e-10	1.978918e+01	6.171461e+01
4.920000e-06	2.800359e-06	9.820159e-10	1.950761e+01	6.124670e+01
4.930000e-06	2.759807e-06	9.756584e-10	1.922511e+01	6.077346e+01
4.940000e-06	2.719118e-06	9.721045e-10	1.894167e+01	6.029498e+01
4.950000e-06	2.678238e-06	9.680100e-10	1.865690e+01	5.981134e+01
4.960000e-06	2.637170e-06	9.608679e-10	1.837081e+01	5.932262e+01
4.970000e-06	2.595921e-06	9.536225e-10	1.808346e+01	5.882889e+01
4.980000e-06	2.554546e-06	9.415484e-10	1.779525e+01	5.833018e+01
4.990000e-06	2.513000e-06	9.287077e-10	1.750583e+01	5.782655e+01
5.000000e-06	2.471279e-06	9.202024e-10	1.721520e+01	5.731799e+01
5.010000e-06	2.429360e-06	9.142578e-10	1.692319e+01	5.680450e+01
5.020000e-06	2.387294e-06	9.069962e-10	1.663015e+01	5.628606e+01
5.030000e-06	2.345083e-06	9.001097e-10	1.633610e+01	5.576260e+01
5.040000e-06	2.302711e-06	8.944850e-10	1.604093e+01	5.523406e+01
5.050000e-06	2.260166e-06	8.890304e-10	1.574456e+01	5.470033e+01
5.060000e-06	2.217477e-06	8.805174e-10	1.544719e+01	5.416128e+01
5.070000e-06	2.174583e-06	8.701197e-10	1.514838e+01	5.361676e+01
5.080000e-06	2.131373e-06	8.589346e-10	1.484737e+01	5.306657e+01
5.090000e-06	2.087994e-06	8.492265e-10	1.454519e+01	5.251052e+01
5.100000e-06	2.044563e-06	8.424148e-10	1.424265e+01	5.194834e+01
5.110000e-06	2.001040e-06	8.365584e-10	1.393946e+01	5.137978e+01
5.120000e-06	1.957319e-06	8.307894e-10	1.363490e+01	5.080452e+01
5.130000e-06	1.913486e-06	8.223815e-10	1.332955e+01	5.022224e+01
5.140000e-06	1.869580e-06	8.128226e-10	1.302370e+01	4.963257e+01
5.150000e-06	1.825580e-06	8.028208e-10	1.271719e+01	4.903514e+01
5.160000e-06	1.781496e-06	7.930926e-10	1.241009e+01	4.842953e+01
5.170000e-06	1.737354e-06	7.832623e-10	1.210260e+01	4.781529e+01
5.180000e-06	1.693130e-06	7.730873e-10	1.179453e+01	4.719198e+01
5.190000e-06	1.648834e-06	7.616396e-10	1.148596e+01	4.655910e+01
5.200000e-06	1.604505e-06	7.503276e-10	1.117716e+01	4.591615e+01
5.210000e-06	1.560071e-06	7.413451e-10	1.086763e+01	4.526262e+01
5.220000e-06	1.515532e-06	7.352720e-10	1.055736e+01	4.459796e+01
5.230000e-06	1.470974e-06	7.291653e-10	1.024696e+01	4.392162e+01
5.240000e-06	1.426381e-06	7.199232e-10	9.936327e+00	4.323305e+01
5.250000e-06	1.381719e-06	7.098061e-10	9.625203e+00	4.253168e+01
5.260000e-06	1.337011e-06	6.967501e-10	9.313766e+00	4.181694e+01
5.270000e-06	1.292116e-06	6.812997e-10	9.001018e+00	4.108826e+01
5.280000e-06	1.247090e-06	6.664755e-10	8.687367e+00	4.034507e+01
5.290000e-06	1.202078e-06	6.559293e-10	8.373802e+00	3.958681e+01
5.300000e-06	1.156951e-06	6.478869e-10	8.059443e+00	3.881292e+01
5.310000e-06	1.111611e-06	6.422781e-10	7.743602e+00	3.802286e+01
5.320000e-06	1.066132e-06	6.346928e-10	7.426788e+00	3.721611e+01
5.330000e-06	1.020545e-06	6.237692e-10	7.109226e+00	3.639217e+01
5.340000e-06	9.749273e-07	6.085985e-10	6.791449e+00	3.555055e+01
5.350000e-06	9.292832e-07	5.896224e-10	6.473487e+00	3.469080e+01
5.360000e-06	8.835331e-07	5.699532e-10	6.154787e+00	3.381250e+01
5.370000e-06	8.376650e-07	5.559646e-10	5.835265e+00	3.291527e+01
5.380000e-06	7.917425e-07	5.466688e-10	5.515364e+00	3.199874e+01
5.390000e-06	7.457682e-07	5.365385e-10	5.195102e+00	3.106261e+01
5.400000e-06	6.997735e-07	5.236663e-10	4.874698e+00	3.010662e+01
5.410000e-06	6.537589e-07	5.080874e-10	4.554155e+00	2.913054e+01
5.420000e-06	6.075667e-07	4.881103e-10	4.232375e+00	2.813421e+01
5.430000e-06	5.613373e-07	4.678364e-10	3.910337e+00	2.711750e+01
5.440000e-06	5.151237e-07	4.493936e-10	3.588407e+00	2.608035e+01
5.450000e-06	4.688675e-07	4.308979e-10	3.266182e+00	2.502275e+01
5.460000e-06	4.225927e-07	4.167100e-10	2.943827e+00	2.394476e+01
5.470000e-06	3.762631e-07	4.016416e-10	2.621089e+00	2.284647e+01
5.480000e-06	3.298472e-07	3.853648e-10	2.297751e+00	2.172806e+01
5.490000e-06	2.833660e-07	3.681693e-10	1.973958e+00	2.058976e+01
5.500000e-06	2.368469e-07	3.490931e-10	1.649901e+00	1.943185e+01
5.510000e-06	1.902802e-07	3.268826e-10	1.325513e+00	1.825470e+01
5.520000e-06	1.437841e-07	3.027474e-10	1.001616e+00	1.705871e+01
5.530000e-06	9.729839e-08	2.782097e-10	6.777911e-01	1.584437e+01
5.540000e-06	5.076730e-08	2.576753e-10	3.536505e-01	1.461221e+01
5.550000e-06	4.283277e-09	2.401352e-10	2.983777e-02	1.336283e+01
5.560000e-06	-4.225820e-08	2.231605e-10	-2.943752e-01	1.209689e+01
5.570000e-06	-8.885854e-08	2.056697e-10	-6.189982e-01	1.081510e+01
5.580000e-06	-1.353752e-07	1.855361e-10	-9.430383e-01	9.518220e+00
5.590000e-06	-1.818002e-07	1.629442e-10	-1.266440e+00	8.207082e+00
5.600000e-06	-2.282529e-07	1.415975e-10	-1.590034e+00	6.882554e+00
5.610000e-06	-2.746871e-07	1.187231e-10	-1.913500e+00	5.545552e+00
5.620000e-06	-3.210771e-07	9.705301e-11	-2.236658e+00	4.197040e+00
5.630000e-06	-3.674514e-07	7.661452e-11	-2.559706e+00	2.838020e+00
5.640000e-06	-4.138381e-07	5.678658e-11	-2.882841e+00	1.469532e+00
5.650000e-06	-4.602977e-07	3.701648e-11	-3.206484e+00	9.265002e-02
5.660000e-06	-5.067390e-07	1.481446e-11	-3.529999e+00	-1.291522e+00
5.670000e-06	-5.530692e-07	-1.023367e-11	-3.852740e+00	-2.681854e+00
5.680000e-06	-5.992076e-07	-3.581898e-11	-4.174145e+00	-4.077197e+00
5.690000e-06	-6.452326e-07	-6.090676e-11	-4.494760e+00	-5.476382e+00
5.700000e-06	-6.912177e-07	-8.587827e-11	-4.815097e+00	-6.878229e+00
5.710000e-06	-7.372197e-07	-1.109369e-10	-5.135552e+00	-8.281548e+00
5.720000e-06	-7.832037e-07	-1.350959e-10	-5.455882e+00	-9.685146e+00
5.730000e-06	-8.290372e-07	-1.564856e-10	-5.775163e+00	-1.108783e+01
5.740000e-06	-8.748062e-07	-1.774164e-10	-6.093995e+00	-1.248842e+01
5.750000e-06	-9.204692e-07	-1.995716e-10	-6.412088e+00	-1.388572e+01
5.760000e-06	-9.660419e-07	-2.225284e-10	-6.729553e+00	-1.527859e+01
5.770000e-06	-1.011658e-06	-2.476843e-10	-7.047320e+00	-1.666586e+01
5.780000e-06	-1.057210e-06	-2.751188e-10	-7.364640e+00	-1.804642e+01
5.790000e-06	-1.102575e-06	-3.015862e-10	-7.680657e+00	-1.941917e+01
5.800000e-06	-1.147751e-06	-3.258053e-10	-7.995361e+00	-2.078304e+01
5.810000e-06	-1.192834e-06	-3.492355e-10	-8.309408e+00	-2.213698e+01
5.820000e-06	-1.237912e-06	-3.720569e-10	-8.623428e+00	-2.348002e+01
5.830000e-06	-1.282858e-06	-3.926578e-10	-8.936529e+00	-2.481117e+01
5.840000e-06	-1.327641e-06	-4.148376e-10	-9.248488e+00	-2.612953e+01
5.850000e-06	-1.372376e-06	-4.363010e-10	-9.560123e+00	-2.743423e+01
5.860000e-06	-1.417064e-06	-4.584902e-10	-9.871420e+00	-2.872444e+01
5.870000e-06	-1.461665e-06	-4.815597e-10	-1.018211e+01	-2.999938e+01
5.880000e-06	-1.506148e-06	-5.048791e-10	-1.049199e+01	-3.125834e+01
5.890000e-06	-1.550534e-06	-5.293825e-10	-1.080119e+01	-3.250064e+01
5.900000e-06	-1.594894e-06	-5.510570e-10	-1.111020e+01	-3.372567e+01
5.910000e-06	-1.639225e-06	-5.703609e-10	-1.141902e+01	-3.493287e+01
5.920000e-06	-1.683489e-06	-5.887930e-10	-1.172737e+01	-3.612173e+01
5.930000e-06	-1.727653e-06	-6.050526e-10	-1.203502e+01	-3.729181e+01
5.940000e-06	-1.771750e-06	-6.221009e-10	-1.234220e+01	-3.844270e+01
5.950000e-06	-1.815842e-06	-6.420860e-10	-1.264935e+01	-3.957408e+01
5.960000e-06	-1.859917e-06	-6.622444e-10	-1.295639e+01	-4.068565e+01
5.970000e-06	-1.903906e-06	-6.807478e-10	-1.326281e+01	-4.177720e+01
5.980000e-06	-1.947643e-06	-6.975750e-10	-1.356749e+01	-4.284855e+01
5.990000e-06	-1.991265e-06	-7.137729e-10	-1.387137e+01	-4.389957e+01
6.000000e-06	-2.034728e-06	-7.297727e-10	-1.417413e+01	-4.493019e+01
6.010000e-06	-2.077917e-06	-7.448570e-10	-1.447499e+01	-4.594039e+01
6.020000e-06	-2.121003e-06	-7.599381e-10	-1.477514e+01	-4.693018e+01
6.030000e-06	-2.163947e-06	-7.758779e-10	-1.507429e+01	-4.789964e+01
6.040000e-06	-2.206732e-06	-7.915480e-10	-1.537233e+01	-4.884886e+01
6.050000e-06	-2.249421e-06	-8.069397e-10	-1.566971e+01	-4.977800e+01
6.060000e-06	-2.291930e-06	-8.242390e-10	-1.596583e+01	-5.068723e+01
6.070000e-06	-2.334221e-06	-8.398221e-10	-1.626044e+01	-5.157679e+01
6.080000e-06	-2.376405e-06	-8.518164e-10	-1.655429e+01	-5.244690e+01
6.090000e-06	-2.418453e-06	-8.659814e-10	-1.684720e+01	-5.329785e+01
6.100000e-06	-2.460376e-06	-8.823402e-10	-1.713925e+01	-5.412994e+01
6.110000e-06	-2.502163e-06	-8.962988e-10	-1.743034e+01	-5.494349e+01
6.120000e-06	-2.543667e-06	-9.081681e-10	-1.771946e+01	-5.573885e+01
6.130000e-06	-2.584955e-06	-9.193887e-10	-1.800708e+01	-5.651637e+01
6.140000e-06	-2.626034e-06	-9.270655e-10	-1.829324e+01	-5.727643e+01
6.150000e-06	-2.666831e-06	-9.347922e-10	-1.857743e+01	-5.801941e+01
6.160000e-06	-2.707445e-06	-9.457825e-10	-1.886035e+01	-5.874570e+01
6.170000e-06	-2.747967e-06	-9.584923e-10	-1.914264e+01	-5.945570e+01
6.180000e-06	-2.788404e-06	-9.728191e-10	-1.942433e+01	-6.014981e+01
6.190000e-06	-2.828736e-06	-9.875198e-10	-1.970528e+01	-6.082843e+01
6.200000e-06	-2.869011e-06	-9.994539e-10	-1.998584e+01	-6.149196e+01
6.210000e-06	-2.909164e-06	-1.008556e-09	-2.026555e+01	-6.214079e+01
6.220000e-06	-2.949102e-06	-1.018562e-09	-2.054376e+01	-6.277532e+01
6.230000e-06	-2.988861e-06	-1.030810e-09	-2.082073e+01	-6.339592e+01
6.240000e-06	-3.028546e-06	-1.041818e-09	-2.109718e+01	-6.400297e+01
6.250000e-06	-3.067972e-06	-1.051163e-09	-2.137183e+01	-6.459684e+01
6.260000e-06	-3.106996e-06	-1.061047e-09	-2.164367e+01	-6.517786e+01
6.270000e-06	-3.145727e-06	-1.070718e-09	-2.191347e+01	-6.574639e+01
6.280000e-06	-3.184056e-06	-1.080227e-09	-2.218048e+01	-6.630274e+01
6.290000e-06	-3.221878e-06	-1.092620e-09	-2.244395e+01	-6.684723e+01
6.300000e-06	-3.259247e-06	-1.106021e-09	-2.270427e+01	-6.738015e+01
6.310000e-06	-3.296282e-06	-1.116319e-09	-2.296226e+01	-6.790178e+01
6.320000e-06	-3.333121e-06	-1.123710e-09	-2.321888e+01	-6.841239e+01
6.330000e-06	-3.369801e-06	-1.126378e-09	-2.347440e+01	-6.891222e+01
6.340000e-06	-3.406218e-06	-1.126973e-09	-2.372808e+01	-6.940151e+01
6.350000e-06	-3.442407e-06	-1.131829e-09	-2.398018e+01	-6.988048e+01
6.360000e-06	-3.478508e-06	-1.142951e-09	-2.423166e+01	-7.034934e+01
6.370000e-06	-3.514534e-06	-1.154253e-09	-2.448263e+01	-7.080828e+01
6.380000e-06	-3.550486e-06	-1.164530e-09	-2.473307e+01	-7.125746e+01
6.390000e-06	-3.586274e-06	-1.170450e-09	-2.498237e+01	-7.169707e+01
6.400000e-06	-3.621717e-06	-1.173855e-09	-2.522927e+01	-7.212724e+01
6.410000e-06	-3.656866e-06	-1.175063e-09	-2.547413e+01	-7.254814e+01
6.420000e-06	-3.691756e-06	-1.176435e-09	-2.571717e+01	-7.295987e+01
6.430000e-06	-3.726305e-06	-1.182215e-09	-2.595785e+01	-7.336259e+01
6.440000e-06	-3.760565e-06	-1.191691e-09	-2.619650e+01	-7.375638e+01
6.450000e-06	-3.794527e-06	-1.201391e-09	-2.643308e+01	-7.414138e+01
6.460000e-06	-3.828267e-06	-1.207770e-09	-2.666812e+01	-7.451767e+01
6.470000e-06	-3.861777e-06	-1.210071e-09	-2.690156e+01	-7.488537e+01
6.480000e-06	-3.894978e-06	-1.212239e-09	-2.713284e+01	-7.524456e+01
6.490000e-06	-3.927888e-06	-1.215547e-09	-2.736209e+01	-7.559534e+01
6.500000e-06	-3.960501e-06	-1.218210e-09	-2.758928e+01	-7.593780e+01
6.510000e-06	-3.992928e-06	-1.224911e-09	-2.781517e+01	-7.627203e+01
6.520000e-06	-4.025232e-06	-1.231871e-09	-2.804020e+01	-7.659812e+01
6.530000e-06	-4.057359e-06	-1.237612e-09	-2.826401e+01	-7.691617e+01
6.540000e-06	-4.089295e-06	-1.240397e-09	-2.848647e+01	-7.722626e+01
6.550000e-06	-4.120893e-06	-1.243225e-09	-2.870659e+01	-7.752850e+01
6.560000e-06	-4.152110e-06	-1.248248e-09	-2.892405e+01	-7.782298e+01
6.570000e-06	-4.182991e-06	-1.253060e-09	-2.913917e+01	-7.810981e+01
6.580000e-06	-4.213365e-06	-1.255648e-09	-2.935076e+01	-7.838909e+01
6.590000e-06	-4.243119e-06	-1.257096e-09	-2.955802e+01	-7.866093e+01
6.600000e-06	-4.272261e-06	-1.262722e-09	-2.976103e+01	-7.892545e+01
6.610000e-06	-4.300993e-06	-1.270533e-09	-2.996118e+01	-7.918277e+01
6.620000e-06	-4.329521e-06	-1.278180e-09	-3.015991e+01	-7.943301e+01
6.630000e-06	-4.357886e-06	-1.287234e-09	-3.035751e+01	-7.967630e+01
6.640000e-06	-4.386088e-06	-1.290967e-09	-3.055397e+01	-7.991278e+01
6.650000e-06	-4.414146e-06	-1.290388e-09	-3.074942e+01	-8.014257e+01
6.660000e-06	-4.441946e-06	-1.289924e-09	-3.094307e+01	-8.036582e+01
6.670000e-06	-4.469381e-06	-1.292009e-09	-3.113419e+01	-8.058268e+01
6.680000e-06	-4.496431e-06	-1.296442e-09	-3.132262e+01	-8.079328e+01
6.690000e-06	-4.523172e-06	-1.302750e-09	-3.150890e+01	-8.099779e+01
6.700000e-06	-4.549669e-06	-1.308341e-09	-3.169349e+01	-8.119635e+01
6.710000e-06	-4.575855e-06	-1.311670e-09	-3.187590e+01	-8.138911e+01
6.720000e-06	-4.601747e-06	-1.314786e-09	-3.205627e+01	-8.157623e+01
6.730000e-06	-4.627305e-06	-1.315104e-09	-3.223431e+01	-8.175786e+01
6.740000e-06	-4.652496e-06	-1.315718e-09	-3.240979e+01	-8.193416e+01
6.750000e-06	-4.677377e-06	-1.317303e-09	-3.258311e+01	-8.210528e+01
6.760000e-06	-4.701945e-06	-1.318133e-09	-3.275425e+01	-8.227136e+01
6.770000e-06	-4.726283e-06	-1.318577e-09	-3.292380e+01	-8.243256e+01
6.780000e-06	-4.750504e-06	-1.321689e-09	-3.309253e+01	-8.258903e+01
6.790000e-06	-4.774506e-06	-1.326574e-09	-3.325973e+01	-8.274090e+01
6.800000e-06	-4.798129e-06	-1.326317e-09	-3.342428e+01	-8.288832e+01
6.810000e-06	-4.821411e-06	-1.322445e-09	-3.358647e+01	-8.303141e+01
6.820000e-06	-4.844165e-06	-1.318815e-09	-3.374498e+01	-8.317031e+01
6.830000e-06	-4.866245e-06	-1.315627e-09	-3.389879e+01	-8.330514e+01
6.840000e-06	-4.887794e-06	-1.314054e-09	-3.404890e+01	-8.343602e+01
6.850000e-06	-4.908818e-06	-1.316244e-09	-3.419535e+01	-8.356305e+01
6.860000e-06	-4.929510e-06	-1.321191e-09	-3.433950e+01	-8.368634e+01
6.870000e-06	-4.949979e-06	-1.324322e-09	-3.448209e+01	-8.380600e+01
6.880000e-06	-4.970188e-06	-1.325929e-09	-3.462287e+01	-8.392211e+01
6.890000e-06	-4.990227e-06	-1.324897e-09	-3.476246e+01	-8.403476e+01
6.900000e-06	-5.009972e-06	-1.322916e-09	-3.490001e+01	-8.414402e+01
6.910000e-06	-5.029303e-06	-1.321561e-09	-3.503467e+01	-8.424997e+01
6.920000e-06	-5.048269e-06	-1.320683e-09	-3.516679e+01	-8.435268e+01
6.930000e-06	-5.066907e-06	-1.323354e-09	-3.529662e+01	-8.445219e+01
6.940000e-06	-5.085276e-06	-1.325799e-09	-3.542458e+01	-8.454856e+01
6.950000e-06	-5.103297e-06	-1.328318e-09	-3.555012e+01	-8.464185e+01
6.960000e-06	-5.121016e-06	-1.327937e-09	-3.567355e+01	-8.473208e+01
6.970000e-06	-5.138385e-06	-1.327801e-09	-3.579455e+01	-8.481930e+01
6.980000e-06	-5.155254e-06	-1.328146e-09	-3.591206e+01	-8.490354e+01
6.990000e-06	-5.171798e-06	-1.329695e-09	-3.602731e+01	-8.498482e+01
7.000000e-06	-5.188138e-06	-1.333016e-09	-3.614113e+01	-8.506316e+01
7.010000e-06	-5.204270e-06	-1.335233e-09	-3.625351e+01	-8.513859e+01
7.020000e-06	-5.220113e-06	-1.336489e-09	-3.636387e+01	-8.521113e+01
7.030000e-06	-5.235478e-06	-1.334111e-09	-3.647091e+01	-8.528077e+01
7.040000e-06	-5.250229e-06	-1.331805e-09	-3.657366e+01	-8.534755e+01
7.050000e-06	-5.264322e-06	-1.331793e-09	-3.667183e+01	-8.541147e+01
7.060000e-06	-5.277723e-06	-1.333015e-09	-3.676519e+01	-8.547253e+01
7.070000e-06	-5.290604e-06	-1.334447e-09	-3.685492e+01	-8.553076e+01
7.080000e-06	-5.303157e-06	-1.335951e-09	-3.694237e+01	-8.558616e+01
7.090000e-06	-5.315378e-06	-1.336805e-09	-3.702750e+01	-8.563874e+01
7.100000e-06	-5.327195e-06	-1.340147e-09	-3.710982e+01	-8.568851e+01
7.110000e-06	-5.338643e-06	-1.342382e-09	-3.718957e+01	-8.573549e+01
7.120000e-06	-5.349714e-06	-1.342768e-09	-3.726669e+01	-8.577969e+01
7.130000e-06	-5.360325e-06	-1.344465e-09	-3.734060e+01	-8.582113e+01
7.140000e-06	-5.370619e-06	-1.344346e-09	-3.741231e+01	-8.585982e+01
7.150000e-06	-5.380650e-06	-1.339885e-09	-3.748219e+01	-8.589580e+01
7.160000e-06	-5.390336e-06	-1.334729e-09	-3.754967e+01	-8.592907e+01
7.170000e-06	-5.399699e-06	-1.332389e-09	-3.761488e+01	-8.595968e+01
7.180000e-06	-5.408578e-06	-1.333122e-09	-3.767674e+01	-8.598764e+01
7.190000e-06	-5.417026e-06	-1.335195e-09	-3.773559e+01	-8.601299e+01
7.200000e-06	-5.425335e-06	-1.337947e-09	-3.779347e+01	-8.603576e+01
7.210000e-06	-5.433528e-06	-1.338961e-09	-3.785055e+01	-8.605599e+01
7.220000e-06	-5.441425e-06	-1.335710e-09	-3.790556e+01	-8.607372e+01
7.230000e-06	-5.448821e-06	-1.331133e-09	-3.795708e+01	-8.608898e+01
7.240000e-06	-5.455679e-06	-1.328871e-09	-3.800485e+01	-8.610182e+01
7.250000e-06	-5.461875e-06	-1.327721e-09	-3.804801e+01	-8.611228e+01
7.260000e-06	-5.467421e-06	-1.327540e-09	-3.808665e+01	-8.612041e+01
7.270000e-06	-5.472453e-06	-1.329619e-09	-3.812170e+01	-8.612624e+01
7.280000e-06	-5.477097e-06	-1.332158e-09	-3.815405e+01	-8.612981e+01
7.290000e-06	-5.481522e-06	-1.332215e-09	-3.818487e+01	-8.613118e+01
7.300000e-06	-5.485723e-06	-1.329797e-09	-3.821414e+01	-8.613039e+01
7.310000e-06	-5.489655e-06	-1.326897e-09	-3.824153e+01	-8.612747e+01
7.320000e-06	-5.493177e-06	-1.324844e-09	-3.826607e+01	-8.612246e+01
7.330000e-06	-5.496240e-06	-1.324983e-09	-3.828741e+01	-8.611540e+01
7.340000e-06	-5.498923e-06	-1.324460e-09	-3.830609e+01	-8.610633e+01
7.350000e-06	-5.501317e-06	-1.322832e-09	-3.832277e+01	-8.609526e+01
7.360000e-06	-5.503445e-06	-1.320947e-09	-3.833759e+01	-8.608224e+01
7.370000e-06	-5.505115e-06	-1.316784e-09	-3.834922e+01	-8.606727e+01
7.380000e-06	-5.506270e-06	-1.311603e-09	-3.835727e+01	-8.605038e+01
7.390000e-06	-5.507140e-06	-1.307336e-09	-3.836333e+01	-8.603157e+01
7.400000e-06	-5.507754e-06	-1.305342e-09	-3.836761e+01	-8.601086e+01
