# Temperatura_=_-0.5
# Concentracion g/m^3_=_1620.0
# C_Vs_to_Am_M_A/Vsm_=_65563218390.804596
# pendiente_HvsI_1/m_=_3716.3
# ordenada_HvsI_A/m_=_1297.0
# frecuencia_Hz_=_135094.35465032552

Tiempo_(s)	Campo_(V.s)	Magnetizacion_(V.s)	Campo_(kA/m)	Magnetizacion_(A/m)
0.000000e+00	-5.528404e-06	-1.418712e-09	-3.837934e+01	-9.195367e+01
1.000000e-08	-5.528607e-06	-1.415240e-09	-3.838075e+01	-9.192882e+01
2.000000e-08	-5.528527e-06	-1.413916e-09	-3.838019e+01	-9.190113e+01
3.000000e-08	-5.528049e-06	-1.416450e-09	-3.837687e+01	-9.187055e+01
4.000000e-08	-5.527051e-06	-1.420455e-09	-3.836995e+01	-9.183701e+01
5.000000e-08	-5.525440e-06	-1.427016e-09	-3.835876e+01	-9.180046e+01
6.000000e-08	-5.523193e-06	-1.434893e-09	-3.834316e+01	-9.176085e+01
7.000000e-08	-5.520409e-06	-1.426458e-09	-3.832383e+01	-9.171812e+01
8.000000e-08	-5.517193e-06	-1.411686e-09	-3.830151e+01	-9.167224e+01
9.000000e-08	-5.513570e-06	-1.426177e-09	-3.827636e+01	-9.162315e+01
1.000000e-07	-5.509481e-06	-1.442690e-09	-3.824797e+01	-9.157083e+01
1.100000e-07	-5.505026e-06	-1.447538e-09	-3.821704e+01	-9.151526e+01
1.200000e-07	-5.500443e-06	-1.403551e-09	-3.818523e+01	-9.145640e+01
1.300000e-07	-5.495619e-06	-1.378111e-09	-3.815174e+01	-9.139426e+01
1.400000e-07	-5.490351e-06	-1.415021e-09	-3.811517e+01	-9.132883e+01
1.500000e-07	-5.484578e-06	-1.424190e-09	-3.807509e+01	-9.126012e+01
1.600000e-07	-5.478456e-06	-1.427087e-09	-3.803259e+01	-9.118814e+01
1.700000e-07	-5.472092e-06	-1.397053e-09	-3.798841e+01	-9.111291e+01
1.800000e-07	-5.465344e-06	-1.420235e-09	-3.794156e+01	-9.103448e+01
1.900000e-07	-5.458189e-06	-1.421547e-09	-3.789189e+01	-9.095287e+01
2.000000e-07	-5.450720e-06	-1.409494e-09	-3.784004e+01	-9.086814e+01
2.100000e-07	-5.443001e-06	-1.378192e-09	-3.778645e+01	-9.078035e+01
2.200000e-07	-5.434940e-06	-1.373523e-09	-3.773049e+01	-9.068955e+01
2.300000e-07	-5.426570e-06	-1.375528e-09	-3.767239e+01	-9.059581e+01
2.400000e-07	-5.417826e-06	-1.375430e-09	-3.761168e+01	-9.049921e+01
2.500000e-07	-5.408448e-06	-1.353943e-09	-3.754658e+01	-9.039983e+01
2.600000e-07	-5.398308e-06	-1.337488e-09	-3.747618e+01	-9.029774e+01
2.700000e-07	-5.387487e-06	-1.343952e-09	-3.740106e+01	-9.019303e+01
2.800000e-07	-5.376263e-06	-1.334622e-09	-3.732314e+01	-9.008578e+01
2.900000e-07	-5.364675e-06	-1.322929e-09	-3.724270e+01	-8.997607e+01
3.000000e-07	-5.352618e-06	-1.316346e-09	-3.715900e+01	-8.986398e+01
3.100000e-07	-5.340171e-06	-1.336957e-09	-3.707259e+01	-8.974960e+01
3.200000e-07	-5.327339e-06	-1.327771e-09	-3.698350e+01	-8.963298e+01
3.300000e-07	-5.314094e-06	-1.322568e-09	-3.689155e+01	-8.951421e+01
3.400000e-07	-5.300500e-06	-1.316105e-09	-3.679718e+01	-8.939335e+01
3.500000e-07	-5.286591e-06	-1.325952e-09	-3.670062e+01	-8.927045e+01
3.600000e-07	-5.272233e-06	-1.316743e-09	-3.660094e+01	-8.914556e+01
3.700000e-07	-5.257300e-06	-1.323689e-09	-3.649728e+01	-8.901872e+01
3.800000e-07	-5.241847e-06	-1.320186e-09	-3.639000e+01	-8.888995e+01
3.900000e-07	-5.225885e-06	-1.316616e-09	-3.627919e+01	-8.875927e+01
4.000000e-07	-5.209459e-06	-1.303382e-09	-3.616516e+01	-8.862669e+01
4.100000e-07	-5.192769e-06	-1.315416e-09	-3.604929e+01	-8.849220e+01
4.200000e-07	-5.175750e-06	-1.310178e-09	-3.593114e+01	-8.835578e+01
4.300000e-07	-5.158339e-06	-1.304611e-09	-3.581027e+01	-8.821741e+01
4.400000e-07	-5.140641e-06	-1.302961e-09	-3.568741e+01	-8.807704e+01
4.500000e-07	-5.122487e-06	-1.309592e-09	-3.556138e+01	-8.793461e+01
4.600000e-07	-5.103748e-06	-1.301882e-09	-3.543129e+01	-8.779005e+01
4.700000e-07	-5.084664e-06	-1.295240e-09	-3.529880e+01	-8.764330e+01
4.800000e-07	-5.065359e-06	-1.290364e-09	-3.516478e+01	-8.749425e+01
4.900000e-07	-5.045885e-06	-1.286675e-09	-3.502959e+01	-8.734281e+01
5.000000e-07	-5.026245e-06	-1.282396e-09	-3.489324e+01	-8.718885e+01
5.100000e-07	-5.006298e-06	-1.279651e-09	-3.475477e+01	-8.703227e+01
5.200000e-07	-4.986066e-06	-1.279801e-09	-3.461431e+01	-8.687293e+01
5.300000e-07	-4.965455e-06	-1.279339e-09	-3.447123e+01	-8.671070e+01
5.400000e-07	-4.944415e-06	-1.277856e-09	-3.432516e+01	-8.654542e+01
5.500000e-07	-4.923011e-06	-1.273900e-09	-3.417657e+01	-8.637697e+01
5.600000e-07	-4.901271e-06	-1.273744e-09	-3.402565e+01	-8.620517e+01
5.700000e-07	-4.879233e-06	-1.265727e-09	-3.387266e+01	-8.602988e+01
5.800000e-07	-4.856924e-06	-1.260069e-09	-3.371778e+01	-8.585094e+01
5.900000e-07	-4.834328e-06	-1.258324e-09	-3.356092e+01	-8.566819e+01
6.000000e-07	-4.811404e-06	-1.261319e-09	-3.340178e+01	-8.548149e+01
6.100000e-07	-4.788146e-06	-1.254016e-09	-3.324031e+01	-8.529068e+01
6.200000e-07	-4.764648e-06	-1.256710e-09	-3.307718e+01	-8.509561e+01
6.300000e-07	-4.740994e-06	-1.258288e-09	-3.291297e+01	-8.489614e+01
6.400000e-07	-4.717009e-06	-1.253348e-09	-3.274646e+01	-8.469213e+01
6.500000e-07	-4.692624e-06	-1.242677e-09	-3.257718e+01	-8.448346e+01
6.600000e-07	-4.667734e-06	-1.244470e-09	-3.240438e+01	-8.426999e+01
6.700000e-07	-4.642231e-06	-1.237230e-09	-3.222734e+01	-8.405163e+01
6.800000e-07	-4.616227e-06	-1.231456e-09	-3.204681e+01	-8.382827e+01
6.900000e-07	-4.589681e-06	-1.231979e-09	-3.186253e+01	-8.359981e+01
7.000000e-07	-4.562681e-06	-1.233962e-09	-3.167509e+01	-8.336619e+01
7.100000e-07	-4.535419e-06	-1.222706e-09	-3.148583e+01	-8.312732e+01
7.200000e-07	-4.507935e-06	-1.220296e-09	-3.129503e+01	-8.288315e+01
7.300000e-07	-4.480309e-06	-1.217853e-09	-3.110324e+01	-8.263364e+01
7.400000e-07	-4.452529e-06	-1.209807e-09	-3.091039e+01	-8.237876e+01
7.500000e-07	-4.424464e-06	-1.201751e-09	-3.071555e+01	-8.211848e+01
7.600000e-07	-4.396047e-06	-1.204384e-09	-3.051828e+01	-8.185279e+01
7.700000e-07	-4.367326e-06	-1.201621e-09	-3.031889e+01	-8.158170e+01
7.800000e-07	-4.338298e-06	-1.194730e-09	-3.011737e+01	-8.130522e+01
7.900000e-07	-4.308921e-06	-1.192743e-09	-2.991343e+01	-8.102337e+01
8.000000e-07	-4.279289e-06	-1.187191e-09	-2.970772e+01	-8.073619e+01
8.100000e-07	-4.249346e-06	-1.173467e-09	-2.949985e+01	-8.044372e+01
8.200000e-07	-4.219080e-06	-1.163654e-09	-2.928974e+01	-8.014600e+01
8.300000e-07	-4.188487e-06	-1.160407e-09	-2.907735e+01	-7.984311e+01
8.400000e-07	-4.157613e-06	-1.154524e-09	-2.886302e+01	-7.953510e+01
8.500000e-07	-4.126554e-06	-1.152604e-09	-2.864740e+01	-7.922203e+01
8.600000e-07	-4.095254e-06	-1.152631e-09	-2.843011e+01	-7.890400e+01
8.700000e-07	-4.063718e-06	-1.148427e-09	-2.821118e+01	-7.858106e+01
8.800000e-07	-4.031983e-06	-1.139377e-09	-2.799087e+01	-7.825331e+01
8.900000e-07	-4.000070e-06	-1.134842e-09	-2.776932e+01	-7.792083e+01
9.000000e-07	-3.967899e-06	-1.123631e-09	-2.754598e+01	-7.758369e+01
9.100000e-07	-3.935351e-06	-1.112717e-09	-2.732003e+01	-7.724198e+01
9.200000e-07	-3.902466e-06	-1.107470e-09	-2.709174e+01	-7.689578e+01
9.300000e-07	-3.869237e-06	-1.106064e-09	-2.686106e+01	-7.654517e+01
9.400000e-07	-3.835511e-06	-1.100576e-09	-2.662692e+01	-7.619022e+01
9.500000e-07	-3.801261e-06	-1.097507e-09	-2.638915e+01	-7.583101e+01
9.600000e-07	-3.766615e-06	-1.091396e-09	-2.614863e+01	-7.546761e+01
9.700000e-07	-3.731665e-06	-1.082912e-09	-2.590600e+01	-7.510007e+01
9.800000e-07	-3.696452e-06	-1.072230e-09	-2.566154e+01	-7.472846e+01
9.900000e-07	-3.661080e-06	-1.065149e-09	-2.541598e+01	-7.435283e+01
1.000000e-06	-3.625566e-06	-1.057789e-09	-2.516944e+01	-7.397323e+01
1.010000e-06	-3.589867e-06	-1.054634e-09	-2.492161e+01	-7.358970e+01
1.020000e-06	-3.554030e-06	-1.054536e-09	-2.467282e+01	-7.320228e+01
1.030000e-06	-3.518062e-06	-1.053026e-09	-2.442312e+01	-7.281100e+01
1.040000e-06	-3.481836e-06	-1.047912e-09	-2.417163e+01	-7.241588e+01
1.050000e-06	-3.445286e-06	-1.041263e-09	-2.391790e+01	-7.201696e+01
1.060000e-06	-3.408401e-06	-1.030200e-09	-2.366183e+01	-7.161423e+01
1.070000e-06	-3.371215e-06	-1.015480e-09	-2.340368e+01	-7.120771e+01
1.080000e-06	-3.333789e-06	-1.005618e-09	-2.314386e+01	-7.079741e+01
1.090000e-06	-3.296078e-06	-1.006328e-09	-2.288207e+01	-7.038332e+01
1.100000e-06	-3.258128e-06	-1.005928e-09	-2.261861e+01	-6.996545e+01
1.110000e-06	-3.219987e-06	-1.004051e-09	-2.235383e+01	-6.954379e+01
1.120000e-06	-3.181674e-06	-9.986995e-10	-2.208785e+01	-6.911832e+01
1.130000e-06	-3.143165e-06	-9.888659e-10	-2.182051e+01	-6.868903e+01
1.140000e-06	-3.104446e-06	-9.773420e-10	-2.155172e+01	-6.825591e+01
1.150000e-06	-3.065548e-06	-9.638036e-10	-2.128167e+01	-6.781894e+01
1.160000e-06	-3.026449e-06	-9.537934e-10	-2.101024e+01	-6.737809e+01
1.170000e-06	-2.987168e-06	-9.455356e-10	-2.073754e+01	-6.693334e+01
1.180000e-06	-2.947780e-06	-9.447464e-10	-2.046410e+01	-6.648465e+01
1.190000e-06	-2.908249e-06	-9.442558e-10	-2.018967e+01	-6.603201e+01
1.200000e-06	-2.868514e-06	-9.406834e-10	-1.991383e+01	-6.557538e+01
1.210000e-06	-2.828682e-06	-9.339669e-10	-1.963730e+01	-6.511471e+01
1.220000e-06	-2.788769e-06	-9.216974e-10	-1.936022e+01	-6.464997e+01
1.230000e-06	-2.748683e-06	-9.042427e-10	-1.908193e+01	-6.418111e+01
1.240000e-06	-2.708310e-06	-8.903163e-10	-1.880165e+01	-6.370808e+01
1.250000e-06	-2.667688e-06	-8.853110e-10	-1.851965e+01	-6.323082e+01
1.260000e-06	-2.626862e-06	-8.864734e-10	-1.823622e+01	-6.274926e+01
1.270000e-06	-2.585763e-06	-8.886079e-10	-1.795091e+01	-6.226333e+01
1.280000e-06	-2.544315e-06	-8.884571e-10	-1.766317e+01	-6.177294e+01
1.290000e-06	-2.502518e-06	-8.805846e-10	-1.737300e+01	-6.127800e+01
1.300000e-06	-2.460432e-06	-8.629398e-10	-1.708083e+01	-6.077841e+01
1.310000e-06	-2.418183e-06	-8.427023e-10	-1.678753e+01	-6.027403e+01
1.320000e-06	-2.375692e-06	-8.278999e-10	-1.649255e+01	-5.976475e+01
1.330000e-06	-2.332804e-06	-8.211274e-10	-1.619481e+01	-5.925039e+01
1.340000e-06	-2.289688e-06	-8.229841e-10	-1.589549e+01	-5.873080e+01
1.350000e-06	-2.246469e-06	-8.244880e-10	-1.559546e+01	-5.820579e+01
1.360000e-06	-2.203113e-06	-8.221804e-10	-1.529447e+01	-5.767514e+01
1.370000e-06	-2.159626e-06	-8.103723e-10	-1.499258e+01	-5.713862e+01
1.380000e-06	-2.116022e-06	-7.933407e-10	-1.468987e+01	-5.659598e+01
1.390000e-06	-2.072364e-06	-7.746625e-10	-1.438679e+01	-5.604693e+01
1.400000e-06	-2.028655e-06	-7.601424e-10	-1.408335e+01	-5.549117e+01
1.410000e-06	-1.984813e-06	-7.548363e-10	-1.377899e+01	-5.492836e+01
1.420000e-06	-1.940892e-06	-7.539641e-10	-1.347408e+01	-5.435814e+01
1.430000e-06	-1.896923e-06	-7.513593e-10	-1.316884e+01	-5.378014e+01
1.440000e-06	-1.852830e-06	-7.435382e-10	-1.286274e+01	-5.319392e+01
1.450000e-06	-1.808514e-06	-7.315746e-10	-1.255508e+01	-5.259904e+01
1.460000e-06	-1.764074e-06	-7.160435e-10	-1.224657e+01	-5.199503e+01
1.470000e-06	-1.719607e-06	-7.009158e-10	-1.193787e+01	-5.138140e+01
1.480000e-06	-1.674948e-06	-6.903354e-10	-1.162784e+01	-5.075760e+01
1.490000e-06	-1.630131e-06	-6.837060e-10	-1.131671e+01	-5.012309e+01
1.500000e-06	-1.585228e-06	-6.773329e-10	-1.100498e+01	-4.947730e+01
1.510000e-06	-1.540184e-06	-6.702141e-10	-1.069228e+01	-4.881961e+01
1.520000e-06	-1.494966e-06	-6.614999e-10	-1.037837e+01	-4.814941e+01
1.530000e-06	-1.449646e-06	-6.490421e-10	-1.006375e+01	-4.746605e+01
1.540000e-06	-1.404273e-06	-6.351385e-10	-9.748758e+00	-4.676888e+01
1.550000e-06	-1.358762e-06	-6.244538e-10	-9.432811e+00	-4.605723e+01
1.560000e-06	-1.313171e-06	-6.161846e-10	-9.116306e+00	-4.533042e+01
1.570000e-06	-1.267536e-06	-6.087519e-10	-8.799501e+00	-4.458775e+01
1.580000e-06	-1.221862e-06	-5.998856e-10	-8.482424e+00	-4.382855e+01
1.590000e-06	-1.176061e-06	-5.877777e-10	-8.164459e+00	-4.305212e+01
1.600000e-06	-1.130143e-06	-5.758093e-10	-7.845687e+00	-4.225778e+01
1.610000e-06	-1.084177e-06	-5.646062e-10	-7.526585e+00	-4.144484e+01
1.620000e-06	-1.038050e-06	-5.512613e-10	-7.206358e+00	-4.061266e+01
1.630000e-06	-9.917809e-07	-5.368609e-10	-6.885151e+00	-3.976060e+01
1.640000e-06	-9.454988e-07	-5.232545e-10	-6.563851e+00	-3.888802e+01
1.650000e-06	-8.992116e-07	-5.105247e-10	-6.242515e+00	-3.799434e+01
1.660000e-06	-8.528951e-07	-4.978520e-10	-5.920976e+00	-3.707901e+01
1.670000e-06	-8.064676e-07	-4.845696e-10	-5.598667e+00	-3.614151e+01
1.680000e-06	-7.599563e-07	-4.702786e-10	-5.275776e+00	-3.518135e+01
1.690000e-06	-7.134909e-07	-4.568684e-10	-4.953203e+00	-3.419811e+01
1.700000e-06	-6.669324e-07	-4.409083e-10	-4.629984e+00	-3.319141e+01
1.710000e-06	-6.203560e-07	-4.237351e-10	-4.306641e+00	-3.216093e+01
1.720000e-06	-5.737358e-07	-4.069767e-10	-3.982994e+00	-3.110640e+01
1.730000e-06	-5.269328e-07	-3.881009e-10	-3.658078e+00	-3.002764e+01
1.740000e-06	-4.801209e-07	-3.694394e-10	-3.333100e+00	-2.892451e+01
1.750000e-06	-4.332773e-07	-3.527133e-10	-3.007902e+00	-2.779695e+01
1.760000e-06	-3.863730e-07	-3.366768e-10	-2.682282e+00	-2.664498e+01
1.770000e-06	-3.394703e-07	-3.206384e-10	-2.356674e+00	-2.546869e+01
1.780000e-06	-2.925498e-07	-3.037199e-10	-2.030942e+00	-2.426825e+01
1.790000e-06	-2.456191e-07	-2.865972e-10	-1.705139e+00	-2.304392e+01
1.800000e-06	-1.986479e-07	-2.680394e-10	-1.379056e+00	-2.179602e+01
1.810000e-06	-1.516993e-07	-2.478582e-10	-1.053129e+00	-2.052497e+01
1.820000e-06	-1.048033e-07	-2.284864e-10	-7.275661e-01	-1.923127e+01
1.830000e-06	-5.792727e-08	-2.094028e-10	-4.021432e-01	-1.791550e+01
1.840000e-06	-1.106405e-08	-1.902398e-10	-7.680893e-02	-1.657832e+01
1.850000e-06	3.583198e-08	-1.721358e-10	2.487531e-01	-1.522047e+01
1.860000e-06	8.280305e-08	-1.548370e-10	5.748361e-01	-1.384276e+01
1.870000e-06	1.298829e-07	-1.337973e-10	9.016745e-01	-1.244610e+01
1.880000e-06	1.768671e-07	-1.130860e-10	1.227848e+00	-1.103146e+01
1.890000e-06	2.238586e-07	-9.519754e-11	1.554073e+00	-9.599861e+00
1.900000e-06	2.708737e-07	-7.572652e-11	1.880462e+00	-8.152418e+00
1.910000e-06	3.177376e-07	-5.485488e-11	2.205801e+00	-6.690295e+00
1.920000e-06	3.646154e-07	-3.301045e-11	2.531236e+00	-5.214713e+00
1.930000e-06	4.114968e-07	-1.073326e-11	2.856697e+00	-3.726947e+00
1.940000e-06	4.583041e-07	1.099009e-11	3.181643e+00	-2.228318e+00
1.950000e-06	5.050598e-07	3.204641e-11	3.506231e+00	-7.201891e-01
1.960000e-06	5.517705e-07	5.236224e-11	3.830506e+00	7.960436e-01
1.970000e-06	5.984271e-07	7.107843e-11	4.154406e+00	2.318954e+00
1.980000e-06	6.450217e-07	8.992522e-11	4.477876e+00	3.847092e+00
1.990000e-06	6.915302e-07	1.091074e-10	4.800747e+00	5.378994e+00
2.000000e-06	7.379696e-07	1.282580e-10	5.123140e+00	6.913184e+00
2.010000e-06	7.843808e-07	1.498243e-10	5.445335e+00	8.448186e+00
2.020000e-06	8.307913e-07	1.723106e-10	5.767527e+00	9.982525e+00
2.030000e-06	8.771183e-07	1.966623e-10	6.089139e+00	1.151474e+01
2.040000e-06	9.233551e-07	2.207486e-10	6.410124e+00	1.304338e+01
2.050000e-06	9.695147e-07	2.421966e-10	6.730574e+00	1.456701e+01
2.060000e-06	1.015618e-06	2.645514e-10	7.050632e+00	1.608426e+01
2.070000e-06	1.061652e-06	2.849618e-10	7.370207e+00	1.759374e+01
2.080000e-06	1.107523e-06	3.028375e-10	7.688655e+00	1.909415e+01
2.090000e-06	1.153349e-06	3.221472e-10	8.006793e+00	2.058421e+01
2.100000e-06	1.199157e-06	3.438329e-10	8.324796e+00	2.206269e+01
2.110000e-06	1.244869e-06	3.650838e-10	8.642144e+00	2.352841e+01
2.120000e-06	1.290510e-06	3.847093e-10	8.958992e+00	2.498028e+01
2.130000e-06	1.335988e-06	4.052180e-10	9.274707e+00	2.641723e+01
2.140000e-06	1.381310e-06	4.250226e-10	9.589342e+00	2.783828e+01
2.150000e-06	1.426578e-06	4.429149e-10	9.903600e+00	2.924252e+01
2.160000e-06	1.471786e-06	4.608200e-10	1.021744e+01	3.062909e+01
2.170000e-06	1.516949e-06	4.795874e-10	1.053098e+01	3.199723e+01
2.180000e-06	1.561980e-06	4.986339e-10	1.084359e+01	3.334624e+01
2.190000e-06	1.606736e-06	5.200182e-10	1.115430e+01	3.467548e+01
2.200000e-06	1.651407e-06	5.436949e-10	1.146441e+01	3.598440e+01
2.210000e-06	1.696067e-06	5.634732e-10	1.177445e+01	3.727252e+01
2.220000e-06	1.740523e-06	5.768428e-10	1.208308e+01	3.853943e+01
2.230000e-06	1.784815e-06	5.888654e-10	1.239056e+01	3.978480e+01
2.240000e-06	1.829024e-06	6.017686e-10	1.269747e+01	4.100836e+01
2.250000e-06	1.873098e-06	6.161525e-10	1.300344e+01	4.220992e+01
2.260000e-06	1.916972e-06	6.349478e-10	1.330802e+01	4.338933e+01
2.270000e-06	1.960693e-06	6.554970e-10	1.361154e+01	4.454653e+01
2.280000e-06	2.004423e-06	6.742365e-10	1.391512e+01	4.568151e+01
2.290000e-06	2.048161e-06	6.893387e-10	1.421876e+01	4.679431e+01
2.300000e-06	2.091812e-06	7.022910e-10	1.452180e+01	4.788502e+01
2.310000e-06	2.135450e-06	7.120404e-10	1.482474e+01	4.895380e+01
2.320000e-06	2.178985e-06	7.223654e-10	1.512697e+01	5.000082e+01
2.330000e-06	2.222383e-06	7.360863e-10	1.542825e+01	5.102633e+01
2.340000e-06	2.265663e-06	7.525663e-10	1.572870e+01	5.203057e+01
2.350000e-06	2.308783e-06	7.700449e-10	1.602805e+01	5.301386e+01
2.360000e-06	2.351738e-06	7.850761e-10	1.632626e+01	5.397652e+01
2.370000e-06	2.394456e-06	7.983315e-10	1.662281e+01	5.491888e+01
2.380000e-06	2.436996e-06	8.084810e-10	1.691814e+01	5.584132e+01
2.390000e-06	2.479415e-06	8.169199e-10	1.721262e+01	5.674422e+01
2.400000e-06	2.521526e-06	8.264299e-10	1.750496e+01	5.762797e+01
2.410000e-06	2.563246e-06	8.370563e-10	1.779459e+01	5.849296e+01
2.420000e-06	2.604549e-06	8.498528e-10	1.808132e+01	5.933960e+01
2.430000e-06	2.645512e-06	8.649074e-10	1.836570e+01	6.016830e+01
2.440000e-06	2.686324e-06	8.776089e-10	1.864902e+01	6.097944e+01
2.450000e-06	2.726825e-06	8.863453e-10	1.893019e+01	6.177343e+01
2.460000e-06	2.766952e-06	8.945784e-10	1.920876e+01	6.255066e+01
2.470000e-06	2.806926e-06	9.031013e-10	1.948627e+01	6.331148e+01
2.480000e-06	2.846805e-06	9.128205e-10	1.976312e+01	6.405628e+01
2.490000e-06	2.886507e-06	9.236807e-10	2.003873e+01	6.478540e+01
2.500000e-06	2.926059e-06	9.349834e-10	2.031331e+01	6.549917e+01
2.510000e-06	2.965522e-06	9.475925e-10	2.058727e+01	6.619792e+01
2.520000e-06	3.004889e-06	9.588142e-10	2.086057e+01	6.688194e+01
2.530000e-06	3.044067e-06	9.714853e-10	2.113255e+01	6.755153e+01
2.540000e-06	3.082996e-06	9.833071e-10	2.140280e+01	6.820694e+01
2.550000e-06	3.121707e-06	9.917924e-10	2.167154e+01	6.884843e+01
2.560000e-06	3.160133e-06	9.988589e-10	2.193830e+01	6.947623e+01
2.570000e-06	3.198334e-06	1.004293e-09	2.220350e+01	7.009057e+01
2.580000e-06	3.236321e-06	1.013700e-09	2.246721e+01	7.069165e+01
2.590000e-06	3.274011e-06	1.023789e-09	2.272887e+01	7.127965e+01
2.600000e-06	3.311522e-06	1.031397e-09	2.298928e+01	7.185476e+01
2.610000e-06	3.348895e-06	1.036786e-09	2.324873e+01	7.241714e+01
2.620000e-06	3.386113e-06	1.043451e-09	2.350711e+01	7.296696e+01
2.630000e-06	3.423097e-06	1.051097e-09	2.376386e+01	7.350436e+01
2.640000e-06	3.459755e-06	1.056513e-09	2.401835e+01	7.402948e+01
2.650000e-06	3.496099e-06	1.063713e-09	2.427065e+01	7.454246e+01
2.660000e-06	3.532206e-06	1.072134e-09	2.452131e+01	7.504345e+01
2.670000e-06	3.568119e-06	1.080113e-09	2.477063e+01	7.553258e+01
2.680000e-06	3.603834e-06	1.086267e-09	2.501857e+01	7.600998e+01
2.690000e-06	3.639395e-06	1.090656e-09	2.526544e+01	7.647579e+01
2.700000e-06	3.674845e-06	1.093217e-09	2.551154e+01	7.693016e+01
2.710000e-06	3.710192e-06	1.098333e-09	2.575693e+01	7.737323e+01
2.720000e-06	3.745326e-06	1.107104e-09	2.600084e+01	7.780515e+01
2.730000e-06	3.780195e-06	1.114477e-09	2.624290e+01	7.822609e+01
2.740000e-06	3.814781e-06	1.120481e-09	2.648301e+01	7.863621e+01
2.750000e-06	3.848854e-06	1.124614e-09	2.671955e+01	7.903570e+01
2.760000e-06	3.882338e-06	1.126164e-09	2.695200e+01	7.942474e+01
2.770000e-06	3.915405e-06	1.128628e-09	2.718156e+01	7.980352e+01
2.780000e-06	3.948054e-06	1.131341e-09	2.740822e+01	8.017226e+01
2.790000e-06	3.980279e-06	1.138139e-09	2.763193e+01	8.053117e+01
2.800000e-06	4.012173e-06	1.146088e-09	2.785334e+01	8.088049e+01
2.810000e-06	4.043843e-06	1.152097e-09	2.807321e+01	8.122044e+01
2.820000e-06	4.075394e-06	1.157285e-09	2.829223e+01	8.155127e+01
2.830000e-06	4.106781e-06	1.161257e-09	2.851013e+01	8.187324e+01
2.840000e-06	4.138037e-06	1.166052e-09	2.872712e+01	8.218662e+01
2.850000e-06	4.169081e-06	1.168228e-09	2.894263e+01	8.249166e+01
2.860000e-06	4.199831e-06	1.168995e-09	2.915611e+01	8.278864e+01
2.870000e-06	4.230252e-06	1.172442e-09	2.936729e+01	8.307783e+01
2.880000e-06	4.260296e-06	1.176344e-09	2.957586e+01	8.335953e+01
2.890000e-06	4.290033e-06	1.180200e-09	2.978231e+01	8.363400e+01
2.900000e-06	4.319487e-06	1.185585e-09	2.998678e+01	8.390153e+01
2.910000e-06	4.348739e-06	1.190945e-09	3.018985e+01	8.416239e+01
2.920000e-06	4.377695e-06	1.194184e-09	3.039087e+01	8.441687e+01
2.930000e-06	4.406232e-06	1.197033e-09	3.058899e+01	8.466522e+01
2.940000e-06	4.434474e-06	1.200530e-09	3.078504e+01	8.490772e+01
2.950000e-06	4.462484e-06	1.203518e-09	3.097950e+01	8.514461e+01
2.960000e-06	4.490273e-06	1.206692e-09	3.117242e+01	8.537615e+01
2.970000e-06	4.517858e-06	1.211314e-09	3.136391e+01	8.560257e+01
2.980000e-06	4.545236e-06	1.217872e-09	3.155398e+01	8.582409e+01
2.990000e-06	4.572454e-06	1.223049e-09	3.174294e+01	8.604092e+01
3.000000e-06	4.599437e-06	1.226716e-09	3.193026e+01	8.625326e+01
3.010000e-06	4.625926e-06	1.230087e-09	3.211415e+01	8.646129e+01
3.020000e-06	4.651802e-06	1.232544e-09	3.229378e+01	8.666518e+01
3.030000e-06	4.677151e-06	1.235932e-09	3.246976e+01	8.686507e+01
3.040000e-06	4.701978e-06	1.242193e-09	3.264211e+01	8.706109e+01
3.050000e-06	4.726282e-06	1.247634e-09	3.281084e+01	8.725338e+01
3.060000e-06	4.750214e-06	1.251103e-09	3.297698e+01	8.744201e+01
3.070000e-06	4.773863e-06	1.253620e-09	3.314116e+01	8.762709e+01
3.080000e-06	4.797258e-06	1.254423e-09	3.330357e+01	8.780867e+01
3.090000e-06	4.820468e-06	1.254078e-09	3.346470e+01	8.798681e+01
3.100000e-06	4.843389e-06	1.255644e-09	3.362382e+01	8.816155e+01
3.110000e-06	4.865932e-06	1.259099e-09	3.378032e+01	8.833291e+01
3.120000e-06	4.888162e-06	1.263442e-09	3.393464e+01	8.850089e+01
3.130000e-06	4.910034e-06	1.267361e-09	3.408649e+01	8.866550e+01
3.140000e-06	4.931585e-06	1.270713e-09	3.423610e+01	8.882672e+01
3.150000e-06	4.952841e-06	1.274181e-09	3.438366e+01	8.898453e+01
3.160000e-06	4.973735e-06	1.276317e-09	3.452871e+01	8.913889e+01
3.170000e-06	4.994235e-06	1.278346e-09	3.467103e+01	8.928977e+01
3.180000e-06	5.014363e-06	1.281069e-09	3.481076e+01	8.943711e+01
3.190000e-06	5.034211e-06	1.284570e-09	3.494855e+01	8.958087e+01
3.200000e-06	5.053832e-06	1.287753e-09	3.508476e+01	8.972100e+01
3.210000e-06	5.073241e-06	1.289978e-09	3.521950e+01	8.985743e+01
3.220000e-06	5.092371e-06	1.292417e-09	3.535230e+01	8.999012e+01
3.230000e-06	5.111245e-06	1.294843e-09	3.548333e+01	9.011901e+01
3.240000e-06	5.129729e-06	1.296502e-09	3.561165e+01	9.024405e+01
3.250000e-06	5.147636e-06	1.298207e-09	3.573597e+01	9.036518e+01
3.260000e-06	5.165060e-06	1.300096e-09	3.585693e+01	9.048237e+01
3.270000e-06	5.182142e-06	1.301827e-09	3.597552e+01	9.059558e+01
3.280000e-06	5.198970e-06	1.304057e-09	3.609234e+01	9.070478e+01
3.290000e-06	5.215432e-06	1.307191e-09	3.620662e+01	9.080993e+01
3.300000e-06	5.231585e-06	1.309469e-09	3.631876e+01	9.091103e+01
3.310000e-06	5.247495e-06	1.312174e-09	3.642921e+01	9.100807e+01
3.320000e-06	5.262881e-06	1.316144e-09	3.653602e+01	9.110105e+01
3.330000e-06	5.277636e-06	1.319846e-09	3.663846e+01	9.118998e+01
3.340000e-06	5.291866e-06	1.323931e-09	3.673724e+01	9.127487e+01
3.350000e-06	5.305625e-06	1.325384e-09	3.683276e+01	9.135577e+01
3.360000e-06	5.319115e-06	1.323526e-09	3.692641e+01	9.143270e+01
3.370000e-06	5.332344e-06	1.324159e-09	3.701825e+01	9.150572e+01
3.380000e-06	5.345170e-06	1.326478e-09	3.710729e+01	9.157486e+01
3.390000e-06	5.357649e-06	1.328455e-09	3.719392e+01	9.164021e+01
3.400000e-06	5.369737e-06	1.330884e-09	3.727784e+01	9.170182e+01
3.410000e-06	5.381460e-06	1.332316e-09	3.735922e+01	9.175978e+01
3.420000e-06	5.392831e-06	1.332697e-09	3.743816e+01	9.181415e+01
3.430000e-06	5.403748e-06	1.332657e-09	3.751395e+01	9.186503e+01
3.440000e-06	5.414164e-06	1.333265e-09	3.758626e+01	9.191249e+01
3.450000e-06	5.424053e-06	1.335116e-09	3.765491e+01	9.195664e+01
3.460000e-06	5.433319e-06	1.337736e-09	3.771924e+01	9.199755e+01
3.470000e-06	5.441914e-06	1.340597e-09	3.777891e+01	9.203532e+01
3.480000e-06	5.450058e-06	1.343833e-09	3.783544e+01	9.207005e+01
3.490000e-06	5.457892e-06	1.346592e-09	3.788983e+01	9.210180e+01
3.500000e-06	5.465413e-06	1.347774e-09	3.794204e+01	9.213067e+01
3.510000e-06	5.472757e-06	1.347570e-09	3.799303e+01	9.215674e+01
3.520000e-06	5.479783e-06	1.347204e-09	3.804180e+01	9.218007e+01
3.530000e-06	5.486323e-06	1.348248e-09	3.808720e+01	9.220075e+01
3.540000e-06	5.492470e-06	1.350774e-09	3.812987e+01	9.221882e+01
3.550000e-06	5.498295e-06	1.352817e-09	3.817032e+01	9.223435e+01
3.560000e-06	5.503745e-06	1.353483e-09	3.820815e+01	9.224737e+01
3.570000e-06	5.508750e-06	1.354195e-09	3.824290e+01	9.225793e+01
3.580000e-06	5.513424e-06	1.355396e-09	3.827535e+01	9.226605e+01
3.590000e-06	5.517725e-06	1.356418e-09	3.830520e+01	9.227176e+01
3.600000e-06	5.521656e-06	1.358040e-09	3.833249e+01	9.227506e+01
3.610000e-06	5.525340e-06	1.360704e-09	3.835806e+01	9.227597e+01
3.620000e-06	5.528828e-06	1.364533e-09	3.838228e+01	9.227446e+01
3.630000e-06	5.532095e-06	1.366746e-09	3.840496e+01	9.227052e+01
3.640000e-06	5.534877e-06	1.367134e-09	3.842427e+01	9.226415e+01
3.650000e-06	5.537050e-06	1.368690e-09	3.843936e+01	9.225529e+01
3.660000e-06	5.538612e-06	1.371229e-09	3.845020e+01	9.224392e+01
3.670000e-06	5.539548e-06	1.373011e-09	3.845670e+01	9.222999e+01
3.680000e-06	5.539985e-06	1.374236e-09	3.845974e+01	9.221346e+01
3.690000e-06	5.540023e-06	1.374628e-09	3.846000e+01	9.219428e+01
3.700000e-06	5.539727e-06	1.374050e-09	3.845794e+01	9.217237e+01
3.710000e-06	5.539181e-06	1.372629e-09	3.845416e+01	9.214770e+01
3.720000e-06	5.538429e-06	1.369518e-09	3.844893e+01	9.212020e+01
3.730000e-06	5.537311e-06	1.366595e-09	3.844117e+01	9.208981e+01
3.740000e-06	5.535839e-06	1.364850e-09	3.843096e+01	9.205647e+01
3.750000e-06	5.533982e-06	1.356140e-09	3.841806e+01	9.202012e+01
3.760000e-06	5.531680e-06	1.353663e-09	3.840208e+01	9.198071e+01
3.770000e-06	5.529052e-06	1.373563e-09	3.838384e+01	9.193820e+01
3.780000e-06	5.526057e-06	1.374186e-09	3.836304e+01	9.189252e+01
3.790000e-06	5.522624e-06	1.353709e-09	3.833921e+01	9.184365e+01
3.800000e-06	5.518649e-06	1.335207e-09	3.831162e+01	9.179155e+01
3.810000e-06	5.514242e-06	1.356455e-09	3.828102e+01	9.173620e+01
3.820000e-06	5.509646e-06	1.415091e-09	3.824912e+01	9.167756e+01
3.830000e-06	5.504908e-06	1.396785e-09	3.821623e+01	9.161565e+01
3.840000e-06	5.499808e-06	1.382125e-09	3.818082e+01	9.155044e+01
3.850000e-06	5.494109e-06	1.394217e-09	3.814125e+01	9.148194e+01
3.860000e-06	5.487944e-06	1.430727e-09	3.809846e+01	9.141018e+01
3.870000e-06	5.481538e-06	1.420498e-09	3.805398e+01	9.133517e+01
3.880000e-06	5.474736e-06	1.372543e-09	3.800676e+01	9.125695e+01
3.890000e-06	5.467275e-06	1.384299e-09	3.795497e+01	9.117555e+01
3.900000e-06	5.459187e-06	1.409325e-09	3.789882e+01	9.109103e+01
3.910000e-06	5.450776e-06	1.419402e-09	3.784043e+01	9.100344e+01
3.920000e-06	5.442072e-06	1.374161e-09	3.778001e+01	9.091283e+01
3.930000e-06	5.433033e-06	1.384053e-09	3.771725e+01	9.081929e+01
3.940000e-06	5.423821e-06	1.406218e-09	3.765330e+01	9.072287e+01
3.950000e-06	5.414281e-06	1.415010e-09	3.758707e+01	9.062367e+01
3.960000e-06	5.404228e-06	1.386213e-09	3.751728e+01	9.052175e+01
3.970000e-06	5.393690e-06	1.386964e-09	3.744412e+01	9.041720e+01
3.980000e-06	5.382800e-06	1.401127e-09	3.736852e+01	9.031011e+01
3.990000e-06	5.371617e-06	1.406114e-09	3.729089e+01	9.020054e+01
4.000000e-06	5.359947e-06	1.392650e-09	3.720987e+01	9.008860e+01
4.010000e-06	5.347911e-06	1.403789e-09	3.712632e+01	8.997435e+01
4.020000e-06	5.335614e-06	1.427582e-09	3.704095e+01	8.985787e+01
4.030000e-06	5.322751e-06	1.422928e-09	3.695165e+01	8.973922e+01
4.040000e-06	5.309306e-06	1.404527e-09	3.685831e+01	8.961848e+01
4.050000e-06	5.295441e-06	1.409278e-09	3.676206e+01	8.949570e+01
4.060000e-06	5.281117e-06	1.423161e-09	3.666262e+01	8.937092e+01
4.070000e-06	5.266179e-06	1.401832e-09	3.655891e+01	8.924418e+01
4.080000e-06	5.250658e-06	1.394882e-09	3.645116e+01	8.911552e+01
4.090000e-06	5.234777e-06	1.407000e-09	3.634092e+01	8.898495e+01
4.100000e-06	5.218584e-06	1.421439e-09	3.622850e+01	8.885247e+01
4.110000e-06	5.202018e-06	1.404193e-09	3.611350e+01	8.871809e+01
4.120000e-06	5.185170e-06	1.404774e-09	3.599654e+01	8.858179e+01
4.130000e-06	5.168058e-06	1.405746e-09	3.587774e+01	8.844352e+01
4.140000e-06	5.150512e-06	1.399927e-09	3.575593e+01	8.830327e+01
4.150000e-06	5.132523e-06	1.386301e-09	3.563105e+01	8.816096e+01
4.160000e-06	5.114239e-06	1.393301e-09	3.550412e+01	8.801654e+01
4.170000e-06	5.095595e-06	1.389443e-09	3.537469e+01	8.786992e+01
4.180000e-06	5.076608e-06	1.386366e-09	3.524287e+01	8.772101e+01
4.190000e-06	5.057400e-06	1.380718e-09	3.510953e+01	8.756972e+01
4.200000e-06	5.037853e-06	1.386182e-09	3.497383e+01	8.741592e+01
4.210000e-06	5.017888e-06	1.386709e-09	3.483523e+01	8.725951e+01
4.220000e-06	4.997643e-06	1.383856e-09	3.469468e+01	8.710036e+01
4.230000e-06	4.977164e-06	1.374725e-09	3.455251e+01	8.693832e+01
4.240000e-06	4.956484e-06	1.377331e-09	3.440895e+01	8.677325e+01
4.250000e-06	4.935588e-06	1.377752e-09	3.426388e+01	8.660501e+01
4.260000e-06	4.914265e-06	1.369803e-09	3.411586e+01	8.643344e+01
4.270000e-06	4.892334e-06	1.365065e-09	3.396360e+01	8.625840e+01
4.280000e-06	4.869754e-06	1.366039e-09	3.380685e+01	8.607972e+01
4.290000e-06	4.846685e-06	1.359238e-09	3.364670e+01	8.589724e+01
4.300000e-06	4.823163e-06	1.359088e-09	3.348341e+01	8.571083e+01
4.310000e-06	4.799175e-06	1.368739e-09	3.331688e+01	8.552031e+01
4.320000e-06	4.774919e-06	1.363555e-09	3.314849e+01	8.532555e+01
4.330000e-06	4.750448e-06	1.356101e-09	3.297861e+01	8.512640e+01
4.340000e-06	4.725728e-06	1.360623e-09	3.280700e+01	8.492272e+01
4.350000e-06	4.700791e-06	1.361790e-09	3.263387e+01	8.471438e+01
4.360000e-06	4.675473e-06	1.350109e-09	3.245811e+01	8.450127e+01
4.370000e-06	4.649808e-06	1.349123e-09	3.227994e+01	8.428327e+01
4.380000e-06	4.623798e-06	1.344015e-09	3.209937e+01	8.406028e+01
4.390000e-06	4.597408e-06	1.331810e-09	3.191617e+01	8.383220e+01
4.400000e-06	4.570795e-06	1.327422e-09	3.173142e+01	8.359895e+01
4.410000e-06	4.543974e-06	1.331971e-09	3.154522e+01	8.336047e+01
4.420000e-06	4.516761e-06	1.319784e-09	3.135630e+01	8.311669e+01
4.430000e-06	4.489140e-06	1.312550e-09	3.116455e+01	8.286758e+01
4.440000e-06	4.461262e-06	1.315815e-09	3.097101e+01	8.261309e+01
4.450000e-06	4.433167e-06	1.314383e-09	3.077597e+01	8.235321e+01
4.460000e-06	4.404831e-06	1.299948e-09	3.057926e+01	8.208792e+01
4.470000e-06	4.376220e-06	1.298298e-09	3.038064e+01	8.181723e+01
4.480000e-06	4.347396e-06	1.297291e-09	3.018053e+01	8.154114e+01
4.490000e-06	4.318382e-06	1.287908e-09	2.997911e+01	8.125969e+01
4.500000e-06	4.288967e-06	1.283190e-09	2.977491e+01	8.097290e+01
4.510000e-06	4.259030e-06	1.288578e-09	2.956708e+01	8.068081e+01
4.520000e-06	4.228562e-06	1.281826e-09	2.935556e+01	8.038348e+01
4.530000e-06	4.197653e-06	1.272169e-09	2.914098e+01	8.008096e+01
4.540000e-06	4.166263e-06	1.270434e-09	2.892307e+01	7.977332e+01
4.550000e-06	4.134428e-06	1.266844e-09	2.870206e+01	7.946063e+01
4.560000e-06	4.102404e-06	1.258820e-09	2.847975e+01	7.914295e+01
4.570000e-06	4.070205e-06	1.258310e-09	2.825622e+01	7.882037e+01
4.580000e-06	4.037784e-06	1.254608e-09	2.803114e+01	7.849296e+01
4.590000e-06	4.005164e-06	1.244544e-09	2.780469e+01	7.816082e+01
4.600000e-06	3.972358e-06	1.239505e-09	2.757694e+01	7.782401e+01
4.610000e-06	3.939253e-06	1.236151e-09	2.734712e+01	7.748263e+01
4.620000e-06	3.905926e-06	1.229917e-09	2.711576e+01	7.713675e+01
4.630000e-06	3.872436e-06	1.225239e-09	2.688326e+01	7.678645e+01
4.640000e-06	3.838583e-06	1.225370e-09	2.664824e+01	7.643181e+01
4.650000e-06	3.804358e-06	1.221677e-09	2.641065e+01	7.607290e+01
4.660000e-06	3.769950e-06	1.215787e-09	2.617179e+01	7.570979e+01
4.670000e-06	3.735395e-06	1.208079e-09	2.593189e+01	7.534254e+01
4.680000e-06	3.700604e-06	1.201653e-09	2.569037e+01	7.497121e+01
4.690000e-06	3.665464e-06	1.192903e-09	2.544642e+01	7.459586e+01
4.700000e-06	3.629984e-06	1.190617e-09	2.520011e+01	7.421654e+01
4.710000e-06	3.594220e-06	1.189227e-09	2.495183e+01	7.383328e+01
4.720000e-06	3.558283e-06	1.188528e-09	2.470235e+01	7.344613e+01
4.730000e-06	3.522200e-06	1.185723e-09	2.445185e+01	7.305512e+01
4.740000e-06	3.485956e-06	1.178077e-09	2.420023e+01	7.266028e+01
4.750000e-06	3.449581e-06	1.164000e-09	2.394771e+01	7.226161e+01
4.760000e-06	3.413076e-06	1.153727e-09	2.369429e+01	7.185915e+01
4.770000e-06	3.376345e-06	1.146517e-09	2.343930e+01	7.145289e+01
4.780000e-06	3.339382e-06	1.142069e-09	2.318269e+01	7.104286e+01
4.790000e-06	3.302202e-06	1.140799e-09	2.292457e+01	7.062903e+01
4.800000e-06	3.264579e-06	1.140069e-09	2.266339e+01	7.021143e+01
4.810000e-06	3.226585e-06	1.135275e-09	2.239963e+01	6.979003e+01
4.820000e-06	3.188286e-06	1.123542e-09	2.213375e+01	6.936482e+01
4.830000e-06	3.149551e-06	1.110013e-09	2.186484e+01	6.893580e+01
4.840000e-06	3.110414e-06	1.099539e-09	2.159314e+01	6.850295e+01
4.850000e-06	3.071044e-06	1.091741e-09	2.131983e+01	6.806624e+01
4.860000e-06	3.031471e-06	1.086747e-09	2.104511e+01	6.762567e+01
4.870000e-06	2.991638e-06	1.083149e-09	2.076858e+01	6.718119e+01
4.880000e-06	2.951599e-06	1.078500e-09	2.049062e+01	6.673278e+01
4.890000e-06	2.911433e-06	1.070677e-09	2.021178e+01	6.628042e+01
4.900000e-06	2.871130e-06	1.061877e-09	1.993199e+01	6.582407e+01
4.910000e-06	2.830645e-06	1.054115e-09	1.965093e+01	6.536369e+01
4.920000e-06	2.789983e-06	1.046570e-09	1.936864e+01	6.489924e+01
4.930000e-06	2.749209e-06	1.041047e-09	1.908558e+01	6.443067e+01
4.940000e-06	2.708306e-06	1.036151e-09	1.880163e+01	6.395794e+01
4.950000e-06	2.667245e-06	1.031124e-09	1.851657e+01	6.348097e+01
4.960000e-06	2.625993e-06	1.022985e-09	1.823019e+01	6.299972e+01
4.970000e-06	2.584521e-06	1.015016e-09	1.794228e+01	6.251411e+01
4.980000e-06	2.542841e-06	1.006330e-09	1.765294e+01	6.202404e+01
4.990000e-06	2.501039e-06	1.000407e-09	1.736274e+01	6.152943e+01
5.000000e-06	2.459087e-06	9.964302e-10	1.707150e+01	6.103018e+01
5.010000e-06	2.416886e-06	9.900553e-10	1.677853e+01	6.052616e+01
5.020000e-06	2.374561e-06	9.803506e-10	1.648470e+01	6.001723e+01
5.030000e-06	2.332124e-06	9.724453e-10	1.619009e+01	5.950326e+01
5.040000e-06	2.289482e-06	9.658054e-10	1.589407e+01	5.898406e+01
5.050000e-06	2.246633e-06	9.596194e-10	1.559659e+01	5.845945e+01
5.060000e-06	2.203548e-06	9.545900e-10	1.529749e+01	5.792923e+01
5.070000e-06	2.160268e-06	9.499561e-10	1.499703e+01	5.739316e+01
5.080000e-06	2.116862e-06	9.419479e-10	1.469570e+01	5.685098e+01
5.090000e-06	2.073371e-06	9.340947e-10	1.439378e+01	5.630242e+01
5.100000e-06	2.029746e-06	9.260383e-10	1.409092e+01	5.574718e+01
5.110000e-06	1.985960e-06	9.158327e-10	1.378695e+01	5.518492e+01
5.120000e-06	1.942062e-06	9.071235e-10	1.348220e+01	5.461529e+01
5.130000e-06	1.898022e-06	9.016468e-10	1.317646e+01	5.403789e+01
5.140000e-06	1.853888e-06	8.962727e-10	1.287008e+01	5.345232e+01
5.150000e-06	1.809689e-06	8.857238e-10	1.256324e+01	5.285813e+01
5.160000e-06	1.765444e-06	8.718884e-10	1.225608e+01	5.225485e+01
5.170000e-06	1.721176e-06	8.550986e-10	1.194876e+01	5.164199e+01
5.180000e-06	1.676828e-06	8.398078e-10	1.164089e+01	5.101900e+01
5.190000e-06	1.632320e-06	8.303811e-10	1.133191e+01	5.038536e+01
5.200000e-06	1.587755e-06	8.251467e-10	1.102253e+01	4.974047e+01
5.210000e-06	1.543182e-06	8.187833e-10	1.071310e+01	4.908375e+01
5.220000e-06	1.498507e-06	8.117635e-10	1.040295e+01	4.841456e+01
5.230000e-06	1.453756e-06	8.019218e-10	1.009228e+01	4.773227e+01
5.240000e-06	1.408873e-06	7.880651e-10	9.780689e+00	4.703623e+01
5.250000e-06	1.363900e-06	7.722823e-10	9.468480e+00	4.632576e+01
5.260000e-06	1.318930e-06	7.576034e-10	9.156286e+00	4.560018e+01
5.270000e-06	1.273896e-06	7.461523e-10	8.843652e+00	4.485881e+01
5.280000e-06	1.228711e-06	7.390087e-10	8.529967e+00	4.410096e+01
5.290000e-06	1.183439e-06	7.349481e-10	8.215678e+00	4.332594e+01
5.300000e-06	1.138081e-06	7.294245e-10	7.900794e+00	4.253306e+01
5.310000e-06	1.092580e-06	7.212516e-10	7.584917e+00	4.172165e+01
5.320000e-06	1.046903e-06	7.086302e-10	7.267820e+00	4.089105e+01
5.330000e-06	1.001116e-06	6.934385e-10	6.949953e+00	4.004061e+01
5.340000e-06	9.554052e-07	6.759759e-10	6.632623e+00	3.916971e+01
5.350000e-06	9.096381e-07	6.571134e-10	6.314898e+00	3.827777e+01
5.360000e-06	8.636614e-07	6.415806e-10	5.995718e+00	3.736421e+01
5.370000e-06	8.175618e-07	6.300636e-10	5.675685e+00	3.642852e+01
5.380000e-06	7.714063e-07	6.182274e-10	5.355264e+00	3.547021e+01
5.390000e-06	7.252744e-07	6.045552e-10	5.035007e+00	3.448886e+01
5.400000e-06	6.791415e-07	5.887192e-10	4.714742e+00	3.348407e+01
5.410000e-06	6.329151e-07	5.701559e-10	4.393829e+00	3.245553e+01
5.420000e-06	5.865452e-07	5.493885e-10	4.071919e+00	3.140297e+01
5.430000e-06	5.401407e-07	5.299427e-10	3.749770e+00	3.032618e+01
5.440000e-06	4.937207e-07	5.091915e-10	3.427513e+00	2.922503e+01
5.450000e-06	4.471905e-07	4.891994e-10	3.104490e+00	2.809945e+01
5.460000e-06	4.006977e-07	4.723829e-10	2.781728e+00	2.694946e+01
5.470000e-06	3.543002e-07	4.568797e-10	2.459626e+00	2.577514e+01
5.480000e-06	3.078162e-07	4.417445e-10	2.136924e+00	2.457665e+01
5.490000e-06	2.612203e-07	4.232097e-10	1.813446e+00	2.335425e+01
5.500000e-06	2.146192e-07	4.025440e-10	1.489931e+00	2.210825e+01
5.510000e-06	1.679823e-07	3.800811e-10	1.166168e+00	2.083906e+01
5.520000e-06	1.213592e-07	3.562309e-10	8.425012e-01	1.954717e+01
5.530000e-06	7.473068e-08	3.322464e-10	5.187960e-01	1.823316e+01
5.540000e-06	2.816489e-08	3.116710e-10	1.955266e-01	1.689769e+01
5.550000e-06	-1.831473e-08	2.932614e-10	-1.271447e-01	1.554147e+01
5.560000e-06	-6.492502e-08	2.726318e-10	-4.507231e-01	1.416534e+01
5.570000e-06	-1.116099e-07	2.524846e-10	-7.748193e-01	1.277017e+01
5.580000e-06	-1.582195e-07	2.277189e-10	-1.098393e+00	1.135693e+01
5.590000e-06	-2.047383e-07	2.004202e-10	-1.421336e+00	9.926657e+00
5.600000e-06	-2.512351e-07	1.746714e-10	-1.744127e+00	8.480439e+00
5.610000e-06	-2.978106e-07	1.535431e-10	-2.067463e+00	7.019440e+00
5.620000e-06	-3.444114e-07	1.359157e-10	-2.390976e+00	5.544880e+00
5.630000e-06	-3.908731e-07	1.173719e-10	-2.713523e+00	4.058027e+00
5.640000e-06	-4.373181e-07	9.832580e-11	-3.035954e+00	2.560200e+00
5.650000e-06	-4.837191e-07	7.400616e-11	-3.358079e+00	1.052757e+00
5.660000e-06	-5.300597e-07	4.365933e-11	-3.679786e+00	-4.629065e-01
5.670000e-06	-5.764688e-07	1.040634e-11	-4.001967e+00	-1.985367e+00
5.680000e-06	-6.228003e-07	-1.975271e-11	-4.323610e+00	-3.513178e+00
5.690000e-06	-6.690017e-07	-4.544136e-11	-4.644349e+00	-5.044875e+00
5.700000e-06	-7.151175e-07	-6.671535e-11	-4.964496e+00	-6.578983e+00
5.710000e-06	-7.611376e-07	-8.517972e-11	-5.283977e+00	-8.114026e+00
5.720000e-06	-8.070318e-07	-1.051016e-10	-5.602584e+00	-9.648529e+00
5.730000e-06	-8.529297e-07	-1.294230e-10	-5.921216e+00	-1.118103e+01
5.740000e-06	-8.988177e-07	-1.574957e-10	-6.239781e+00	-1.271007e+01
5.750000e-06	-9.445967e-07	-1.895030e-10	-6.557588e+00	-1.423423e+01
5.760000e-06	-9.902934e-07	-2.202140e-10	-6.874824e+00	-1.575211e+01
5.770000e-06	-1.035954e-06	-2.505104e-10	-7.191806e+00	-1.726235e+01
5.780000e-06	-1.081486e-06	-2.757961e-10	-7.507899e+00	-1.876362e+01
5.790000e-06	-1.126922e-06	-2.950872e-10	-7.823326e+00	-2.025464e+01
5.800000e-06	-1.172287e-06	-3.144483e-10	-8.138260e+00	-2.173417e+01
5.810000e-06	-1.217521e-06	-3.368383e-10	-8.452286e+00	-2.320106e+01
5.820000e-06	-1.262663e-06	-3.630235e-10	-8.765674e+00	-2.465417e+01
5.830000e-06	-1.307757e-06	-3.902827e-10	-9.078725e+00	-2.609245e+01
5.840000e-06	-1.352772e-06	-4.190789e-10	-9.391227e+00	-2.751492e+01
5.850000e-06	-1.397688e-06	-4.471519e-10	-9.703042e+00	-2.892064e+01
5.860000e-06	-1.442463e-06	-4.714818e-10	-1.001388e+01	-3.030877e+01
5.870000e-06	-1.487094e-06	-4.929016e-10	-1.032372e+01	-3.167853e+01
5.880000e-06	-1.531724e-06	-5.127842e-10	-1.063355e+01	-3.302921e+01
5.890000e-06	-1.576316e-06	-5.321293e-10	-1.094312e+01	-3.436017e+01
5.900000e-06	-1.620827e-06	-5.517747e-10	-1.125212e+01	-3.567085e+01
5.910000e-06	-1.665302e-06	-5.736353e-10	-1.156088e+01	-3.696078e+01
5.920000e-06	-1.709671e-06	-5.956477e-10	-1.186890e+01	-3.822952e+01
5.930000e-06	-1.753946e-06	-6.169973e-10	-1.217626e+01	-3.947675e+01
5.940000e-06	-1.798185e-06	-6.397334e-10	-1.248338e+01	-4.070219e+01
5.950000e-06	-1.842390e-06	-6.613635e-10	-1.279025e+01	-4.190564e+01
5.960000e-06	-1.886501e-06	-6.806469e-10	-1.309648e+01	-4.308695e+01
5.970000e-06	-1.930535e-06	-6.985547e-10	-1.340218e+01	-4.424606e+01
5.980000e-06	-1.974503e-06	-7.175394e-10	-1.370741e+01	-4.538294e+01
5.990000e-06	-2.018272e-06	-7.354892e-10	-1.401127e+01	-4.649763e+01
6.000000e-06	-2.061937e-06	-7.529627e-10	-1.431440e+01	-4.759024e+01
6.010000e-06	-2.105380e-06	-7.707175e-10	-1.461599e+01	-4.866088e+01
6.020000e-06	-2.148597e-06	-7.882876e-10	-1.491601e+01	-4.970977e+01
6.030000e-06	-2.191727e-06	-8.060128e-10	-1.521543e+01	-5.073711e+01
6.040000e-06	-2.234726e-06	-8.230342e-10	-1.551394e+01	-5.174317e+01
6.050000e-06	-2.277489e-06	-8.392751e-10	-1.581081e+01	-5.272825e+01
6.060000e-06	-2.320068e-06	-8.551410e-10	-1.610639e+01	-5.369266e+01
6.070000e-06	-2.362529e-06	-8.714964e-10	-1.640117e+01	-5.463675e+01
6.080000e-06	-2.404791e-06	-8.887424e-10	-1.669456e+01	-5.556089e+01
6.090000e-06	-2.446917e-06	-9.047914e-10	-1.698701e+01	-5.646545e+01
6.100000e-06	-2.488860e-06	-9.200847e-10	-1.727819e+01	-5.735083e+01
6.110000e-06	-2.530658e-06	-9.329535e-10	-1.756836e+01	-5.821743e+01
6.120000e-06	-2.572222e-06	-9.452720e-10	-1.785691e+01	-5.906564e+01
6.130000e-06	-2.613575e-06	-9.592307e-10	-1.814399e+01	-5.989586e+01
6.140000e-06	-2.654791e-06	-9.719217e-10	-1.843011e+01	-6.070851e+01
6.150000e-06	-2.695724e-06	-9.870296e-10	-1.871428e+01	-6.150397e+01
6.160000e-06	-2.736446e-06	-1.003992e-09	-1.899698e+01	-6.228262e+01
6.170000e-06	-2.777059e-06	-1.019707e-09	-1.927893e+01	-6.304486e+01
6.180000e-06	-2.817582e-06	-1.035080e-09	-1.956025e+01	-6.379103e+01
6.190000e-06	-2.857995e-06	-1.046411e-09	-1.984080e+01	-6.452149e+01
6.200000e-06	-2.898299e-06	-1.054126e-09	-2.012060e+01	-6.523659e+01
6.210000e-06	-2.938434e-06	-1.062758e-09	-2.039922e+01	-6.593662e+01
6.220000e-06	-2.978442e-06	-1.073089e-09	-2.067696e+01	-6.662192e+01
6.230000e-06	-3.018330e-06	-1.084789e-09	-2.095388e+01	-6.729274e+01
6.240000e-06	-3.057976e-06	-1.096636e-09	-2.122911e+01	-6.794938e+01
6.250000e-06	-3.097271e-06	-1.110836e-09	-2.150190e+01	-6.859207e+01
6.260000e-06	-3.136258e-06	-1.124016e-09	-2.177256e+01	-6.922106e+01
6.270000e-06	-3.174966e-06	-1.134813e-09	-2.204128e+01	-6.983656e+01
6.280000e-06	-3.213317e-06	-1.143254e-09	-2.230752e+01	-7.043879e+01
6.290000e-06	-3.251177e-06	-1.154322e-09	-2.257035e+01	-7.102793e+01
6.300000e-06	-3.288509e-06	-1.165703e-09	-2.282952e+01	-7.160416e+01
6.310000e-06	-3.325439e-06	-1.174874e-09	-2.308589e+01	-7.216765e+01
6.320000e-06	-3.362147e-06	-1.185938e-09	-2.334072e+01	-7.271856e+01
6.330000e-06	-3.398746e-06	-1.194242e-09	-2.359480e+01	-7.325704e+01
6.340000e-06	-3.435123e-06	-1.201704e-09	-2.384734e+01	-7.378323e+01
6.350000e-06	-3.471373e-06	-1.212643e-09	-2.409900e+01	-7.429727e+01
6.360000e-06	-3.507626e-06	-1.224066e-09	-2.435067e+01	-7.479931e+01
6.370000e-06	-3.543718e-06	-1.233800e-09	-2.460123e+01	-7.528947e+01
6.380000e-06	-3.579527e-06	-1.243239e-09	-2.484983e+01	-7.576790e+01
6.390000e-06	-3.615062e-06	-1.251414e-09	-2.509652e+01	-7.623472e+01
6.400000e-06	-3.650371e-06	-1.256657e-09	-2.534164e+01	-7.669009e+01
6.410000e-06	-3.685471e-06	-1.261316e-09	-2.558531e+01	-7.713414e+01
6.420000e-06	-3.720258e-06	-1.266625e-09	-2.582681e+01	-7.756704e+01
6.430000e-06	-3.754770e-06	-1.274745e-09	-2.606640e+01	-7.798894e+01
6.440000e-06	-3.789066e-06	-1.283569e-09	-2.630449e+01	-7.840001e+01
6.450000e-06	-3.823120e-06	-1.292973e-09	-2.654090e+01	-7.880043e+01
6.460000e-06	-3.856906e-06	-1.302767e-09	-2.677545e+01	-7.919038e+01
6.470000e-06	-3.890281e-06	-1.308640e-09	-2.700714e+01	-7.957007e+01
6.480000e-06	-3.923363e-06	-1.314117e-09	-2.723681e+01	-7.993969e+01
6.490000e-06	-3.956242e-06	-1.315726e-09	-2.746506e+01	-8.029946e+01
6.500000e-06	-3.988847e-06	-1.319004e-09	-2.769141e+01	-8.064962e+01
6.510000e-06	-4.021319e-06	-1.322467e-09	-2.791684e+01	-8.099039e+01
6.520000e-06	-4.053623e-06	-1.328165e-09	-2.814110e+01	-8.132203e+01
6.530000e-06	-4.085669e-06	-1.334858e-09	-2.836357e+01	-8.164478e+01
6.540000e-06	-4.117491e-06	-1.343310e-09	-2.858449e+01	-8.195892e+01
6.550000e-06	-4.148927e-06	-1.350707e-09	-2.880272e+01	-8.226469e+01
6.560000e-06	-4.179894e-06	-1.354972e-09	-2.901770e+01	-8.256238e+01
6.570000e-06	-4.210510e-06	-1.358265e-09	-2.923024e+01	-8.285227e+01
6.580000e-06	-4.240661e-06	-1.359383e-09	-2.943955e+01	-8.313463e+01
6.590000e-06	-4.270269e-06	-1.359042e-09	-2.964510e+01	-8.340975e+01
6.600000e-06	-4.299489e-06	-1.363583e-09	-2.984795e+01	-8.367790e+01
6.610000e-06	-4.328340e-06	-1.374173e-09	-3.004824e+01	-8.393936e+01
6.620000e-06	-4.356870e-06	-1.384890e-09	-3.024630e+01	-8.419441e+01
6.630000e-06	-4.385219e-06	-1.392503e-09	-3.044311e+01	-8.444331e+01
6.640000e-06	-4.413451e-06	-1.394062e-09	-3.063910e+01	-8.468634e+01
6.650000e-06	-4.441492e-06	-1.392098e-09	-3.083377e+01	-8.492375e+01
6.660000e-06	-4.469171e-06	-1.391360e-09	-3.102592e+01	-8.515578e+01
6.670000e-06	-4.496540e-06	-1.395629e-09	-3.121592e+01	-8.538266e+01
6.680000e-06	-4.523595e-06	-1.402973e-09	-3.140374e+01	-8.560464e+01
6.690000e-06	-4.550328e-06	-1.411315e-09	-3.158933e+01	-8.582190e+01
6.700000e-06	-4.576800e-06	-1.415422e-09	-3.177310e+01	-8.603466e+01
6.710000e-06	-4.602966e-06	-1.415063e-09	-3.195475e+01	-8.624310e+01
6.720000e-06	-4.628761e-06	-1.412105e-09	-3.213383e+01	-8.644737e+01
6.730000e-06	-4.654244e-06	-1.410655e-09	-3.231074e+01	-8.664764e+01
6.740000e-06	-4.679406e-06	-1.414017e-09	-3.248541e+01	-8.684404e+01
6.750000e-06	-4.704201e-06	-1.422109e-09	-3.265755e+01	-8.703668e+01
6.760000e-06	-4.728789e-06	-1.428701e-09	-3.282824e+01	-8.722567e+01
6.770000e-06	-4.753167e-06	-1.433970e-09	-3.299748e+01	-8.741110e+01
6.780000e-06	-4.777300e-06	-1.435596e-09	-3.316502e+01	-8.759302e+01
6.790000e-06	-4.801160e-06	-1.434120e-09	-3.333066e+01	-8.777150e+01
6.800000e-06	-4.824697e-06	-1.432044e-09	-3.349405e+01	-8.794657e+01
6.810000e-06	-4.847796e-06	-1.431745e-09	-3.365441e+01	-8.811826e+01
6.820000e-06	-4.870261e-06	-1.431870e-09	-3.381037e+01	-8.828658e+01
6.830000e-06	-4.892101e-06	-1.431232e-09	-3.396199e+01	-8.845152e+01
6.840000e-06	-4.913530e-06	-1.432535e-09	-3.411075e+01	-8.861308e+01
6.850000e-06	-4.934539e-06	-1.436079e-09	-3.425660e+01	-8.877122e+01
6.860000e-06	-4.955167e-06	-1.438434e-09	-3.439981e+01	-8.892592e+01
6.870000e-06	-4.975609e-06	-1.438152e-09	-3.454172e+01	-8.907714e+01
6.880000e-06	-4.995878e-06	-1.438005e-09	-3.468243e+01	-8.922484e+01
6.890000e-06	-5.015903e-06	-1.438204e-09	-3.482145e+01	-8.936895e+01
6.900000e-06	-5.035519e-06	-1.438514e-09	-3.495763e+01	-8.950944e+01
6.910000e-06	-5.054720e-06	-1.440024e-09	-3.509092e+01	-8.964623e+01
6.920000e-06	-5.073543e-06	-1.443233e-09	-3.522159e+01	-8.977929e+01
6.930000e-06	-5.092014e-06	-1.446141e-09	-3.534983e+01	-8.990855e+01
6.940000e-06	-5.110216e-06	-1.447759e-09	-3.547619e+01	-9.003396e+01
6.950000e-06	-5.128176e-06	-1.449230e-09	-3.560087e+01	-9.015547e+01
6.960000e-06	-5.145787e-06	-1.450380e-09	-3.572313e+01	-9.027305e+01
6.970000e-06	-5.162990e-06	-1.454770e-09	-3.584256e+01	-9.038664e+01
6.980000e-06	-5.179882e-06	-1.458811e-09	-3.595982e+01	-9.049622e+01
6.990000e-06	-5.196507e-06	-1.462515e-09	-3.607524e+01	-9.060177e+01
7.000000e-06	-5.212840e-06	-1.464930e-09	-3.618862e+01	-9.070326e+01
7.010000e-06	-5.228904e-06	-1.461710e-09	-3.630014e+01	-9.080069e+01
7.020000e-06	-5.244658e-06	-1.458853e-09	-3.640952e+01	-9.089406e+01
7.030000e-06	-5.259772e-06	-1.456203e-09	-3.651444e+01	-9.098337e+01
7.040000e-06	-5.274231e-06	-1.455900e-09	-3.661482e+01	-9.106866e+01
7.050000e-06	-5.288127e-06	-1.458584e-09	-3.671129e+01	-9.114994e+01
7.060000e-06	-5.301396e-06	-1.463555e-09	-3.680340e+01	-9.122725e+01
7.070000e-06	-5.314219e-06	-1.468205e-09	-3.689242e+01	-9.130064e+01
7.080000e-06	-5.326751e-06	-1.469031e-09	-3.697942e+01	-9.137016e+01
7.090000e-06	-5.338947e-06	-1.467315e-09	-3.706409e+01	-9.143588e+01
7.100000e-06	-5.350781e-06	-1.464224e-09	-3.714624e+01	-9.149785e+01
7.110000e-06	-5.362195e-06	-1.460669e-09	-3.722548e+01	-9.155616e+01
7.120000e-06	-5.373170e-06	-1.460518e-09	-3.730167e+01	-9.161088e+01
7.130000e-06	-5.383823e-06	-1.461648e-09	-3.737563e+01	-9.166209e+01
7.140000e-06	-5.394096e-06	-1.461517e-09	-3.744694e+01	-9.170989e+01
7.150000e-06	-5.403981e-06	-1.459453e-09	-3.751557e+01	-9.175436e+01
7.160000e-06	-5.413511e-06	-1.456990e-09	-3.758172e+01	-9.179560e+01
7.170000e-06	-5.422649e-06	-1.456174e-09	-3.764516e+01	-9.183368e+01
7.180000e-06	-5.431472e-06	-1.456231e-09	-3.770641e+01	-9.186870e+01
7.190000e-06	-5.439995e-06	-1.457034e-09	-3.776558e+01	-9.190075e+01
7.200000e-06	-5.448252e-06	-1.456491e-09	-3.782290e+01	-9.192991e+01
7.210000e-06	-5.456277e-06	-1.453332e-09	-3.787862e+01	-9.195627e+01
7.220000e-06	-5.463921e-06	-1.450113e-09	-3.793168e+01	-9.197988e+01
7.230000e-06	-5.471083e-06	-1.448916e-09	-3.798140e+01	-9.200083e+01
7.240000e-06	-5.477706e-06	-1.449159e-09	-3.802738e+01	-9.201917e+01
7.250000e-06	-5.483690e-06	-1.448944e-09	-3.806892e+01	-9.203495e+01
7.260000e-06	-5.489090e-06	-1.448850e-09	-3.810641e+01	-9.204824e+01
7.270000e-06	-5.494080e-06	-1.449507e-09	-3.814105e+01	-9.205905e+01
7.280000e-06	-5.498688e-06	-1.449985e-09	-3.817304e+01	-9.206743e+01
7.290000e-06	-5.503029e-06	-1.450386e-09	-3.820318e+01	-9.207339e+01
7.300000e-06	-5.507200e-06	-1.448538e-09	-3.823213e+01	-9.207695e+01
7.310000e-06	-5.511001e-06	-1.443760e-09	-3.825852e+01	-9.207810e+01
7.320000e-06	-5.514419e-06	-1.437400e-09	-3.828225e+01	-9.207684e+01
7.330000e-06	-5.517355e-06	-1.433184e-09	-3.830263e+01	-9.207317e+01
7.340000e-06	-5.519800e-06	-1.431243e-09	-3.831961e+01	-9.206705e+01
7.350000e-06	-5.522006e-06	-1.430576e-09	-3.833492e+01	-9.205845e+01
7.360000e-06	-5.523869e-06	-1.430290e-09	-3.834786e+01	-9.204734e+01
7.370000e-06	-5.525313e-06	-1.428796e-09	-3.835788e+01	-9.203368e+01
7.380000e-06	-5.526480e-06	-1.427655e-09	-3.836598e+01	-9.201742e+01
7.390000e-06	-5.527374e-06	-1.426996e-09	-3.837218e+01	-9.199851e+01
7.400000e-06	-5.527988e-06	-1.423386e-09	-3.837645e+01	-9.197689e+01
