# Temperatura_=_9.3
# Concentracion g/m^3_=_1620.0
# C_Vs_to_Am_M_A/Vsm_=_65563218390.804596
# pendiente_HvsI_1/m_=_3716.3
# ordenada_HvsI_A/m_=_1297.0
# frecuencia_Hz_=_135109.4936861397

Tiempo_(s)	Campo_(V.s)	Magnetizacion_(V.s)	Campo_(kA/m)	Magnetizacion_(A/m)
0.000000e+00	-5.516245e-06	-1.213920e-09	-3.836399e+01	-7.875850e+01
1.000000e-08	-5.516398e-06	-1.208288e-09	-3.836505e+01	-7.874475e+01
2.000000e-08	-5.516283e-06	-1.205893e-09	-3.836425e+01	-7.872955e+01
3.000000e-08	-5.515795e-06	-1.207044e-09	-3.836086e+01	-7.871278e+01
4.000000e-08	-5.514764e-06	-1.210788e-09	-3.835369e+01	-7.869431e+01
5.000000e-08	-5.513039e-06	-1.217056e-09	-3.834169e+01	-7.867401e+01
6.000000e-08	-5.510666e-06	-1.227390e-09	-3.832519e+01	-7.865174e+01
7.000000e-08	-5.507753e-06	-1.244554e-09	-3.830493e+01	-7.862733e+01
8.000000e-08	-5.504305e-06	-1.223592e-09	-3.828094e+01	-7.860065e+01
9.000000e-08	-5.500405e-06	-1.155361e-09	-3.825382e+01	-7.857155e+01
1.000000e-07	-5.496235e-06	-1.160570e-09	-3.822482e+01	-7.853986e+01
1.100000e-07	-5.491859e-06	-1.259337e-09	-3.819439e+01	-7.850544e+01
1.200000e-07	-5.487175e-06	-1.249940e-09	-3.816182e+01	-7.846814e+01
1.300000e-07	-5.482174e-06	-1.172804e-09	-3.812704e+01	-7.842782e+01
1.400000e-07	-5.476832e-06	-1.140272e-09	-3.808988e+01	-7.838433e+01
1.500000e-07	-5.471086e-06	-1.257539e-09	-3.804991e+01	-7.833755e+01
1.600000e-07	-5.464935e-06	-1.271954e-09	-3.800714e+01	-7.828734e+01
1.700000e-07	-5.458356e-06	-1.168336e-09	-3.796138e+01	-7.823360e+01
1.800000e-07	-5.451393e-06	-1.139560e-09	-3.791296e+01	-7.817621e+01
1.900000e-07	-5.444091e-06	-1.223618e-09	-3.786217e+01	-7.811507e+01
2.000000e-07	-5.436442e-06	-1.256741e-09	-3.780898e+01	-7.805010e+01
2.100000e-07	-5.428502e-06	-1.186909e-09	-3.775376e+01	-7.798122e+01
2.200000e-07	-5.420379e-06	-1.160252e-09	-3.769727e+01	-7.790836e+01
2.300000e-07	-5.411928e-06	-1.190236e-09	-3.763849e+01	-7.783146e+01
2.400000e-07	-5.402858e-06	-1.213840e-09	-3.757541e+01	-7.775049e+01
2.500000e-07	-5.393093e-06	-1.165055e-09	-3.750750e+01	-7.766540e+01
2.600000e-07	-5.382763e-06	-1.159094e-09	-3.743566e+01	-7.757617e+01
2.700000e-07	-5.371860e-06	-1.167823e-09	-3.735983e+01	-7.748280e+01
2.800000e-07	-5.360485e-06	-1.173711e-09	-3.728072e+01	-7.738527e+01
2.900000e-07	-5.348772e-06	-1.136779e-09	-3.719925e+01	-7.728359e+01
3.000000e-07	-5.336642e-06	-1.141394e-09	-3.711489e+01	-7.717779e+01
3.100000e-07	-5.324093e-06	-1.156966e-09	-3.702762e+01	-7.706787e+01
3.200000e-07	-5.311169e-06	-1.175522e-09	-3.693774e+01	-7.695388e+01
3.300000e-07	-5.297865e-06	-1.141743e-09	-3.684521e+01	-7.683584e+01
3.400000e-07	-5.284081e-06	-1.121453e-09	-3.674935e+01	-7.671381e+01
3.500000e-07	-5.269846e-06	-1.143457e-09	-3.665035e+01	-7.658782e+01
3.600000e-07	-5.255208e-06	-1.156338e-09	-3.654855e+01	-7.645793e+01
3.700000e-07	-5.240076e-06	-1.109624e-09	-3.644331e+01	-7.632420e+01
3.800000e-07	-5.224455e-06	-1.129872e-09	-3.633467e+01	-7.618667e+01
3.900000e-07	-5.208401e-06	-1.182474e-09	-3.622301e+01	-7.604542e+01
4.000000e-07	-5.191876e-06	-1.134164e-09	-3.610809e+01	-7.590049e+01
4.100000e-07	-5.174941e-06	-1.084080e-09	-3.599031e+01	-7.575194e+01
4.200000e-07	-5.157738e-06	-1.153304e-09	-3.587067e+01	-7.559984e+01
4.300000e-07	-5.140270e-06	-1.162461e-09	-3.574919e+01	-7.544423e+01
4.400000e-07	-5.122406e-06	-1.066908e-09	-3.562494e+01	-7.528518e+01
4.500000e-07	-5.104200e-06	-1.110251e-09	-3.549833e+01	-7.512272e+01
4.600000e-07	-5.085641e-06	-1.190565e-09	-3.536925e+01	-7.495692e+01
4.700000e-07	-5.066643e-06	-1.114744e-09	-3.523713e+01	-7.478780e+01
4.800000e-07	-5.047351e-06	-1.069370e-09	-3.510295e+01	-7.461542e+01
4.900000e-07	-5.027779e-06	-1.160457e-09	-3.496684e+01	-7.443981e+01
5.000000e-07	-5.007948e-06	-1.126226e-09	-3.482892e+01	-7.426100e+01
5.100000e-07	-4.987902e-06	-1.051296e-09	-3.468951e+01	-7.407901e+01
5.200000e-07	-4.967554e-06	-1.116009e-09	-3.454799e+01	-7.389388e+01
5.300000e-07	-4.946864e-06	-1.137216e-09	-3.440410e+01	-7.370562e+01
5.400000e-07	-4.925836e-06	-1.039559e-09	-3.425785e+01	-7.351424e+01
5.500000e-07	-4.904422e-06	-1.081527e-09	-3.410893e+01	-7.331975e+01
5.600000e-07	-4.882611e-06	-1.147631e-09	-3.395723e+01	-7.312216e+01
5.700000e-07	-4.860422e-06	-1.070530e-09	-3.380291e+01	-7.292147e+01
5.800000e-07	-4.837900e-06	-1.041457e-09	-3.364628e+01	-7.271769e+01
5.900000e-07	-4.815027e-06	-1.117981e-09	-3.348721e+01	-7.251080e+01
6.000000e-07	-4.791775e-06	-1.082733e-09	-3.332550e+01	-7.230080e+01
6.100000e-07	-4.768292e-06	-1.033888e-09	-3.316218e+01	-7.208768e+01
6.200000e-07	-4.744632e-06	-1.085107e-09	-3.299763e+01	-7.187144e+01
6.300000e-07	-4.720771e-06	-1.090773e-09	-3.283168e+01	-7.165205e+01
6.400000e-07	-4.696623e-06	-1.037869e-09	-3.266374e+01	-7.142951e+01
6.500000e-07	-4.672181e-06	-1.064833e-09	-3.249375e+01	-7.120379e+01
6.600000e-07	-4.647331e-06	-1.083113e-09	-3.232092e+01	-7.097488e+01
6.700000e-07	-4.621816e-06	-1.040826e-09	-3.214348e+01	-7.074277e+01
6.800000e-07	-4.595720e-06	-1.042945e-09	-3.196199e+01	-7.050744e+01
6.900000e-07	-4.569093e-06	-1.067425e-09	-3.177680e+01	-7.026886e+01
7.000000e-07	-4.541987e-06	-1.040149e-09	-3.158828e+01	-7.002703e+01
7.100000e-07	-4.514562e-06	-1.026143e-09	-3.139755e+01	-6.978192e+01
7.200000e-07	-4.486969e-06	-1.044297e-09	-3.120565e+01	-6.953353e+01
7.300000e-07	-4.459253e-06	-1.028711e-09	-3.101289e+01	-6.928182e+01
7.400000e-07	-4.431299e-06	-1.011343e-09	-3.081848e+01	-6.902678e+01
7.500000e-07	-4.403127e-06	-1.024266e-09	-3.062255e+01	-6.876840e+01
7.600000e-07	-4.374666e-06	-1.027076e-09	-3.042461e+01	-6.850667e+01
7.700000e-07	-4.345837e-06	-1.009235e-09	-3.022411e+01	-6.824155e+01
7.800000e-07	-4.316721e-06	-1.010950e-09	-3.002162e+01	-6.797304e+01
7.900000e-07	-4.287262e-06	-1.003972e-09	-2.981674e+01	-6.770111e+01
8.000000e-07	-4.257443e-06	-9.817845e-10	-2.960936e+01	-6.742576e+01
8.100000e-07	-4.227431e-06	-9.722783e-10	-2.940063e+01	-6.714695e+01
8.200000e-07	-4.197216e-06	-9.744987e-10	-2.919050e+01	-6.686467e+01
8.300000e-07	-4.166694e-06	-9.580231e-10	-2.897823e+01	-6.657890e+01
8.400000e-07	-4.135841e-06	-9.548707e-10	-2.876365e+01	-6.628961e+01
8.500000e-07	-4.104734e-06	-9.635470e-10	-2.854731e+01	-6.599678e+01
8.600000e-07	-4.073387e-06	-9.561272e-10	-2.832930e+01	-6.570038e+01
8.700000e-07	-4.041760e-06	-9.396747e-10	-2.810934e+01	-6.540039e+01
8.800000e-07	-4.009994e-06	-9.420009e-10	-2.788842e+01	-6.509677e+01
8.900000e-07	-3.978029e-06	-9.323063e-10	-2.766611e+01	-6.478950e+01
9.000000e-07	-3.945785e-06	-9.144314e-10	-2.744186e+01	-6.447853e+01
9.100000e-07	-3.913273e-06	-9.124518e-10	-2.721575e+01	-6.416384e+01
9.200000e-07	-3.880397e-06	-9.131287e-10	-2.698710e+01	-6.384539e+01
9.300000e-07	-3.847110e-06	-8.998917e-10	-2.675561e+01	-6.352314e+01
9.400000e-07	-3.813320e-06	-8.963615e-10	-2.652061e+01	-6.319704e+01
9.500000e-07	-3.779044e-06	-9.012345e-10	-2.628222e+01	-6.286707e+01
9.600000e-07	-3.744478e-06	-8.898749e-10	-2.604183e+01	-6.253318e+01
9.700000e-07	-3.709585e-06	-8.764976e-10	-2.579915e+01	-6.219532e+01
9.800000e-07	-3.674265e-06	-8.783895e-10	-2.555352e+01	-6.185347e+01
9.900000e-07	-3.638666e-06	-8.737763e-10	-2.530593e+01	-6.150758e+01
1.000000e-06	-3.602896e-06	-8.641166e-10	-2.505717e+01	-6.115761e+01
1.010000e-06	-3.567020e-06	-8.672071e-10	-2.480765e+01	-6.080353e+01
1.020000e-06	-3.531058e-06	-8.681544e-10	-2.455755e+01	-6.044531e+01
1.030000e-06	-3.494945e-06	-8.533027e-10	-2.430639e+01	-6.008292e+01
1.040000e-06	-3.458655e-06	-8.418275e-10	-2.405401e+01	-5.971632e+01
1.050000e-06	-3.422124e-06	-8.399215e-10	-2.379994e+01	-5.934551e+01
1.060000e-06	-3.385282e-06	-8.287722e-10	-2.354372e+01	-5.897047e+01
1.070000e-06	-3.348174e-06	-8.204791e-10	-2.328564e+01	-5.859118e+01
1.080000e-06	-3.310809e-06	-8.208903e-10	-2.302578e+01	-5.820765e+01
1.090000e-06	-3.273130e-06	-8.180097e-10	-2.276373e+01	-5.781987e+01
1.100000e-06	-3.235211e-06	-8.071529e-10	-2.250001e+01	-5.742785e+01
1.110000e-06	-3.197111e-06	-8.023674e-10	-2.223504e+01	-5.703161e+01
1.120000e-06	-3.158793e-06	-7.948625e-10	-2.196855e+01	-5.663118e+01
1.130000e-06	-3.120242e-06	-7.814323e-10	-2.170044e+01	-5.622658e+01
1.140000e-06	-3.081523e-06	-7.707334e-10	-2.143115e+01	-5.581785e+01
1.150000e-06	-3.042669e-06	-7.669744e-10	-2.116093e+01	-5.540504e+01
1.160000e-06	-3.003591e-06	-7.631823e-10	-2.088916e+01	-5.498820e+01
1.170000e-06	-2.964301e-06	-7.622620e-10	-2.061591e+01	-5.456737e+01
1.180000e-06	-2.924883e-06	-7.639971e-10	-2.034176e+01	-5.414264e+01
1.190000e-06	-2.885297e-06	-7.614721e-10	-2.006646e+01	-5.371405e+01
1.200000e-06	-2.845559e-06	-7.501919e-10	-1.979009e+01	-5.328168e+01
1.210000e-06	-2.805678e-06	-7.388472e-10	-1.951273e+01	-5.284560e+01
1.220000e-06	-2.765643e-06	-7.234930e-10	-1.923429e+01	-5.240589e+01
1.230000e-06	-2.725462e-06	-7.092009e-10	-1.895485e+01	-5.196262e+01
1.240000e-06	-2.685061e-06	-7.038253e-10	-1.867387e+01	-5.151585e+01
1.250000e-06	-2.644475e-06	-7.064842e-10	-1.839161e+01	-5.106566e+01
1.260000e-06	-2.603730e-06	-7.082175e-10	-1.810823e+01	-5.061210e+01
1.270000e-06	-2.562774e-06	-7.063621e-10	-1.782340e+01	-5.015522e+01
1.280000e-06	-2.521566e-06	-7.029234e-10	-1.753681e+01	-4.969508e+01
1.290000e-06	-2.479972e-06	-6.930388e-10	-1.724753e+01	-4.923171e+01
1.300000e-06	-2.438003e-06	-6.757103e-10	-1.695565e+01	-4.876511e+01
1.310000e-06	-2.395745e-06	-6.595587e-10	-1.666175e+01	-4.829531e+01
1.320000e-06	-2.353264e-06	-6.503550e-10	-1.636631e+01	-4.782227e+01
1.330000e-06	-2.310520e-06	-6.440717e-10	-1.606904e+01	-4.734598e+01
1.340000e-06	-2.267491e-06	-6.419579e-10	-1.576979e+01	-4.686636e+01
1.350000e-06	-2.224292e-06	-6.412168e-10	-1.546935e+01	-4.638334e+01
1.360000e-06	-2.180936e-06	-6.362367e-10	-1.516782e+01	-4.589682e+01
1.370000e-06	-2.137420e-06	-6.276300e-10	-1.486518e+01	-4.540665e+01
1.380000e-06	-2.093804e-06	-6.177176e-10	-1.456184e+01	-4.491268e+01
1.390000e-06	-2.050114e-06	-6.049299e-10	-1.425799e+01	-4.441470e+01
1.400000e-06	-2.006333e-06	-5.938090e-10	-1.395350e+01	-4.391250e+01
1.410000e-06	-1.962446e-06	-5.854950e-10	-1.364828e+01	-4.340580e+01
1.420000e-06	-1.918453e-06	-5.792895e-10	-1.334232e+01	-4.289432e+01
1.430000e-06	-1.874405e-06	-5.716857e-10	-1.303598e+01	-4.237773e+01
1.440000e-06	-1.830293e-06	-5.655393e-10	-1.272919e+01	-4.185566e+01
1.450000e-06	-1.786066e-06	-5.586341e-10	-1.242160e+01	-4.132772e+01
1.460000e-06	-1.741694e-06	-5.484061e-10	-1.211301e+01	-4.079346e+01
1.470000e-06	-1.697168e-06	-5.347679e-10	-1.180334e+01	-4.025243e+01
1.480000e-06	-1.652543e-06	-5.242527e-10	-1.149299e+01	-3.970413e+01
1.490000e-06	-1.607787e-06	-5.171278e-10	-1.118172e+01	-3.914803e+01
1.500000e-06	-1.562862e-06	-5.097500e-10	-1.086928e+01	-3.858356e+01
1.510000e-06	-1.517850e-06	-5.023922e-10	-1.055623e+01	-3.801014e+01
1.520000e-06	-1.472757e-06	-4.945558e-10	-1.024263e+01	-3.742716e+01
1.530000e-06	-1.427579e-06	-4.855992e-10	-9.928424e+00	-3.683400e+01
1.540000e-06	-1.382276e-06	-4.776402e-10	-9.613356e+00	-3.622998e+01
1.550000e-06	-1.336842e-06	-4.694812e-10	-9.297370e+00	-3.561446e+01
1.560000e-06	-1.291323e-06	-4.614714e-10	-8.980803e+00	-3.498675e+01
1.570000e-06	-1.245693e-06	-4.533990e-10	-8.663455e+00	-3.434617e+01
1.580000e-06	-1.199948e-06	-4.430759e-10	-8.345316e+00	-3.369202e+01
1.590000e-06	-1.154130e-06	-4.313906e-10	-8.026662e+00	-3.302363e+01
1.600000e-06	-1.108181e-06	-4.206191e-10	-7.707101e+00	-3.234031e+01
1.610000e-06	-1.062191e-06	-4.078643e-10	-7.387247e+00	-3.164138e+01
1.620000e-06	-1.016252e-06	-3.920781e-10	-7.067757e+00	-3.092621e+01
1.630000e-06	-9.702000e-07	-3.776074e-10	-6.747478e+00	-3.019415e+01
1.640000e-06	-9.240673e-07	-3.656404e-10	-6.426637e+00	-2.944459e+01
1.650000e-06	-8.778860e-07	-3.548489e-10	-6.105459e+00	-2.867697e+01
1.660000e-06	-8.316433e-07	-3.436511e-10	-5.783854e+00	-2.789075e+01
1.670000e-06	-7.853014e-07	-3.336235e-10	-5.461558e+00	-2.708542e+01
1.680000e-06	-7.388136e-07	-3.227496e-10	-5.138248e+00	-2.626054e+01
1.690000e-06	-6.923287e-07	-3.112738e-10	-4.814958e+00	-2.541570e+01
1.700000e-06	-6.459358e-07	-2.976067e-10	-4.492308e+00	-2.455058e+01
1.710000e-06	-5.994899e-07	-2.813387e-10	-4.169289e+00	-2.366487e+01
1.720000e-06	-5.528937e-07	-2.640147e-10	-3.845225e+00	-2.275837e+01
1.730000e-06	-5.063045e-07	-2.485496e-10	-3.521210e+00	-2.183091e+01
1.740000e-06	-4.596962e-07	-2.376186e-10	-3.197062e+00	-2.088243e+01
1.750000e-06	-4.129884e-07	-2.276806e-10	-2.872222e+00	-1.991290e+01
1.760000e-06	-3.662750e-07	-2.167178e-10	-2.547343e+00	-1.892241e+01
1.770000e-06	-3.195950e-07	-2.043151e-10	-2.222696e+00	-1.791110e+01
1.780000e-06	-2.728755e-07	-1.897546e-10	-1.897775e+00	-1.687920e+01
1.790000e-06	-2.259973e-07	-1.736014e-10	-1.571750e+00	-1.582701e+01
1.800000e-06	-1.791453e-07	-1.544252e-10	-1.245907e+00	-1.475493e+01
1.810000e-06	-1.323823e-07	-1.369005e-10	-9.206828e-01	-1.366342e+01
1.820000e-06	-8.556311e-08	-1.224166e-10	-5.950682e-01	-1.255305e+01
1.830000e-06	-3.870579e-08	-1.082365e-10	-2.691883e-01	-1.142444e+01
1.840000e-06	8.178950e-09	-9.333417e-11	5.688238e-02	-1.027830e+01
1.850000e-06	5.506969e-08	-7.796153e-11	3.829948e-01	-9.115416e+00
1.860000e-06	1.018889e-07	-6.100773e-11	7.086098e-01	-7.936650e+00
1.870000e-06	1.485621e-07	-4.317559e-11	1.033209e+00	-6.742929e+00
1.880000e-06	1.952624e-07	-2.718674e-11	1.357997e+00	-5.535249e+00
1.890000e-06	2.420687e-07	-1.289725e-11	1.683522e+00	-4.314666e+00
1.900000e-06	2.888166e-07	6.504326e-13	2.008641e+00	-3.082296e+00
1.910000e-06	3.355267e-07	1.475893e-11	2.333497e+00	-1.839304e+00
1.920000e-06	3.822426e-07	3.280325e-11	2.658394e+00	-5.869049e-01
1.930000e-06	4.288666e-07	5.370533e-11	2.982651e+00	6.736467e-01
1.940000e-06	4.754343e-07	7.427123e-11	3.306516e+00	1.941060e+00
1.950000e-06	5.220283e-07	9.289884e-11	3.630565e+00	3.214017e+00
1.960000e-06	5.685947e-07	1.083582e-10	3.954422e+00	4.491175e+00
1.970000e-06	6.150518e-07	1.210715e-10	4.277518e+00	5.771177e+00
1.980000e-06	6.614577e-07	1.324278e-10	4.600259e+00	7.052656e+00
1.990000e-06	7.078100e-07	1.458608e-10	4.922627e+00	8.334242e+00
2.000000e-06	7.541026e-07	1.647923e-10	5.244579e+00	9.614570e+00
2.010000e-06	8.003446e-07	1.847315e-10	5.566179e+00	1.089229e+01
2.020000e-06	8.465317e-07	2.062810e-10	5.887398e+00	1.216606e+01
2.030000e-06	8.927052e-07	2.312535e-10	6.208522e+00	1.343456e+01
2.040000e-06	9.387755e-07	2.524439e-10	6.528929e+00	1.469653e+01
2.050000e-06	9.847316e-07	2.684463e-10	6.848541e+00	1.595070e+01
2.060000e-06	1.030661e-06	2.819112e-10	7.167970e+00	1.719589e+01
2.070000e-06	1.076554e-06	2.945598e-10	7.487144e+00	1.843092e+01
2.080000e-06	1.122337e-06	3.072743e-10	7.805546e+00	1.965469e+01
2.090000e-06	1.168040e-06	3.256066e-10	8.123403e+00	2.086615e+01
2.100000e-06	1.213686e-06	3.475172e-10	8.440858e+00	2.206432e+01
2.110000e-06	1.259176e-06	3.697355e-10	8.757227e+00	2.324828e+01
2.120000e-06	1.304538e-06	3.900173e-10	9.072706e+00	2.441715e+01
2.130000e-06	1.349966e-06	4.083081e-10	9.388648e+00	2.557017e+01
2.140000e-06	1.395348e-06	4.242336e-10	9.704269e+00	2.670661e+01
2.150000e-06	1.440537e-06	4.372454e-10	1.001855e+01	2.782583e+01
2.160000e-06	1.485629e-06	4.498204e-10	1.033215e+01	2.892727e+01
2.170000e-06	1.530619e-06	4.630290e-10	1.064504e+01	3.001043e+01
2.180000e-06	1.575516e-06	4.773714e-10	1.095729e+01	3.107490e+01
2.190000e-06	1.620376e-06	4.930264e-10	1.126927e+01	3.212034e+01
2.200000e-06	1.665168e-06	5.097779e-10	1.158079e+01	3.314648e+01
2.210000e-06	1.709720e-06	5.251340e-10	1.189064e+01	3.415312e+01
2.220000e-06	1.753982e-06	5.378350e-10	1.219847e+01	3.514014e+01
2.230000e-06	1.798092e-06	5.494726e-10	1.250524e+01	3.610747e+01
2.240000e-06	1.842158e-06	5.592517e-10	1.281171e+01	3.705514e+01
2.250000e-06	1.886180e-06	5.695750e-10	1.311787e+01	3.798319e+01
2.260000e-06	1.930120e-06	5.817543e-10	1.342346e+01	3.889176e+01
2.270000e-06	1.974017e-06	5.957249e-10	1.372876e+01	3.978102e+01
2.280000e-06	2.017880e-06	6.099635e-10	1.403381e+01	4.065121e+01
2.290000e-06	2.061639e-06	6.221700e-10	1.433814e+01	4.150259e+01
2.300000e-06	2.105327e-06	6.327094e-10	1.464198e+01	4.233549e+01
2.310000e-06	2.149000e-06	6.425589e-10	1.494571e+01	4.315025e+01
2.320000e-06	2.192611e-06	6.534382e-10	1.524901e+01	4.394725e+01
2.330000e-06	2.236068e-06	6.658420e-10	1.555125e+01	4.472691e+01
2.340000e-06	2.279311e-06	6.800286e-10	1.585199e+01	4.548966e+01
2.350000e-06	2.322368e-06	6.930623e-10	1.615144e+01	4.623594e+01
2.360000e-06	2.365142e-06	7.036076e-10	1.644892e+01	4.696621e+01
2.370000e-06	2.407555e-06	7.107499e-10	1.674389e+01	4.768095e+01
2.380000e-06	2.449673e-06	7.179017e-10	1.703681e+01	4.838063e+01
2.390000e-06	2.491419e-06	7.257694e-10	1.732714e+01	4.906573e+01
2.400000e-06	2.532791e-06	7.349222e-10	1.761488e+01	4.973670e+01
2.410000e-06	2.573960e-06	7.465896e-10	1.790119e+01	5.039403e+01
2.420000e-06	2.614931e-06	7.589923e-10	1.818613e+01	5.103814e+01
2.430000e-06	2.655626e-06	7.700815e-10	1.846916e+01	5.166950e+01
2.440000e-06	2.696075e-06	7.780207e-10	1.875047e+01	5.228851e+01
2.450000e-06	2.736304e-06	7.841712e-10	1.903025e+01	5.289557e+01
2.460000e-06	2.776389e-06	7.901271e-10	1.930903e+01	5.349108e+01
2.470000e-06	2.816330e-06	7.954814e-10	1.958681e+01	5.407539e+01
2.480000e-06	2.856122e-06	8.000878e-10	1.986355e+01	5.464884e+01
2.490000e-06	2.895826e-06	8.050135e-10	2.013969e+01	5.521173e+01
2.500000e-06	2.935387e-06	8.134616e-10	2.041482e+01	5.576436e+01
2.510000e-06	2.974768e-06	8.255022e-10	2.068871e+01	5.630700e+01
2.520000e-06	3.013967e-06	8.379932e-10	2.096132e+01	5.683987e+01
2.530000e-06	3.052942e-06	8.491981e-10	2.123238e+01	5.736320e+01
2.540000e-06	3.091616e-06	8.587091e-10	2.150135e+01	5.787716e+01
2.550000e-06	3.130039e-06	8.635415e-10	2.176857e+01	5.838194e+01
2.560000e-06	3.168366e-06	8.642830e-10	2.203512e+01	5.887768e+01
2.570000e-06	3.206539e-06	8.662216e-10	2.230061e+01	5.936451e+01
2.580000e-06	3.244462e-06	8.719573e-10	2.256435e+01	5.984254e+01
2.590000e-06	3.282162e-06	8.816411e-10	2.282655e+01	6.031186e+01
2.600000e-06	3.319640e-06	8.912705e-10	2.308719e+01	6.077256e+01
2.610000e-06	3.356845e-06	8.996366e-10	2.334595e+01	6.122470e+01
2.620000e-06	3.393782e-06	9.063682e-10	2.360283e+01	6.166835e+01
2.630000e-06	3.430477e-06	9.107432e-10	2.385803e+01	6.210356e+01
2.640000e-06	3.466913e-06	9.142145e-10	2.411144e+01	6.253038e+01
2.650000e-06	3.503139e-06	9.206295e-10	2.436338e+01	6.294885e+01
2.660000e-06	3.539198e-06	9.287126e-10	2.461416e+01	6.335903e+01
2.670000e-06	3.575086e-06	9.345273e-10	2.486375e+01	6.376095e+01
2.680000e-06	3.610831e-06	9.376117e-10	2.511235e+01	6.415468e+01
2.690000e-06	3.646465e-06	9.370417e-10	2.536017e+01	6.454027e+01
2.700000e-06	3.681955e-06	9.378636e-10	2.560700e+01	6.491778e+01
2.710000e-06	3.717192e-06	9.429052e-10	2.585206e+01	6.528728e+01
2.720000e-06	3.752080e-06	9.499694e-10	2.609470e+01	6.564887e+01
2.730000e-06	3.786547e-06	9.589590e-10	2.633440e+01	6.600263e+01
2.740000e-06	3.820571e-06	9.685114e-10	2.657104e+01	6.634867e+01
2.750000e-06	3.854221e-06	9.751025e-10	2.680506e+01	6.668710e+01
2.760000e-06	3.887469e-06	9.765140e-10	2.703629e+01	6.701807e+01
2.770000e-06	3.920260e-06	9.740246e-10	2.726434e+01	6.734170e+01
2.780000e-06	3.952638e-06	9.739165e-10	2.748953e+01	6.765816e+01
2.790000e-06	3.984699e-06	9.775105e-10	2.771250e+01	6.796762e+01
2.800000e-06	4.016577e-06	9.830514e-10	2.793420e+01	6.827026e+01
2.810000e-06	4.048351e-06	9.905175e-10	2.815518e+01	6.856627e+01
2.820000e-06	4.080030e-06	9.973595e-10	2.837550e+01	6.885586e+01
2.830000e-06	4.111461e-06	1.002803e-09	2.859409e+01	6.913922e+01
2.840000e-06	4.142564e-06	1.007240e-09	2.881041e+01	6.941659e+01
2.850000e-06	4.173336e-06	1.009408e-09	2.902442e+01	6.968818e+01
2.860000e-06	4.203750e-06	1.010684e-09	2.923594e+01	6.995423e+01
2.870000e-06	4.233871e-06	1.013828e-09	2.944542e+01	7.021496e+01
2.880000e-06	4.263696e-06	1.016885e-09	2.965285e+01	7.047062e+01
2.890000e-06	4.293230e-06	1.018194e-09	2.985825e+01	7.072142e+01
2.900000e-06	4.322529e-06	1.020225e-09	3.006202e+01	7.096760e+01
2.910000e-06	4.351607e-06	1.025682e-09	3.026425e+01	7.120938e+01
2.920000e-06	4.380348e-06	1.033980e-09	3.046413e+01	7.144697e+01
2.930000e-06	4.408782e-06	1.041445e-09	3.066188e+01	7.168059e+01
2.940000e-06	4.436960e-06	1.047297e-09	3.085785e+01	7.191043e+01
2.950000e-06	4.464917e-06	1.051353e-09	3.105229e+01	7.213668e+01
2.960000e-06	4.492708e-06	1.052929e-09	3.124557e+01	7.235951e+01
2.970000e-06	4.520303e-06	1.055171e-09	3.143748e+01	7.257907e+01
2.980000e-06	4.547725e-06	1.057413e-09	3.162819e+01	7.279551e+01
2.990000e-06	4.574824e-06	1.058337e-09	3.181666e+01	7.300894e+01
3.000000e-06	4.601396e-06	1.058872e-09	3.200146e+01	7.321947e+01
3.010000e-06	4.627434e-06	1.061000e-09	3.218255e+01	7.342719e+01
3.020000e-06	4.652923e-06	1.066357e-09	3.235982e+01	7.363216e+01
3.030000e-06	4.677873e-06	1.072936e-09	3.253333e+01	7.383443e+01
3.040000e-06	4.702341e-06	1.079673e-09	3.270351e+01	7.403402e+01
3.050000e-06	4.726436e-06	1.085261e-09	3.287108e+01	7.423094e+01
3.060000e-06	4.750312e-06	1.086984e-09	3.303713e+01	7.442517e+01
3.070000e-06	4.773956e-06	1.085840e-09	3.320157e+01	7.461668e+01
3.080000e-06	4.797334e-06	1.083013e-09	3.336415e+01	7.480543e+01
3.090000e-06	4.820407e-06	1.082143e-09	3.352463e+01	7.499134e+01
3.100000e-06	4.843062e-06	1.084744e-09	3.368218e+01	7.517432e+01
3.110000e-06	4.865295e-06	1.087772e-09	3.383680e+01	7.535430e+01
3.120000e-06	4.887237e-06	1.091266e-09	3.398940e+01	7.553114e+01
3.130000e-06	4.908938e-06	1.096812e-09	3.414033e+01	7.570473e+01
3.140000e-06	4.930346e-06	1.103140e-09	3.428921e+01	7.587494e+01
3.150000e-06	4.951397e-06	1.106187e-09	3.443563e+01	7.604163e+01
3.160000e-06	4.972033e-06	1.106453e-09	3.457914e+01	7.620465e+01
3.170000e-06	4.992331e-06	1.107124e-09	3.472030e+01	7.636387e+01
3.180000e-06	5.012398e-06	1.106450e-09	3.485987e+01	7.651911e+01
3.190000e-06	5.032276e-06	1.105784e-09	3.499811e+01	7.667025e+01
3.200000e-06	5.051934e-06	1.107224e-09	3.513483e+01	7.681712e+01
3.210000e-06	5.071262e-06	1.109034e-09	3.526925e+01	7.695959e+01
3.220000e-06	5.090157e-06	1.111559e-09	3.540066e+01	7.709753e+01
3.230000e-06	5.108647e-06	1.114516e-09	3.552925e+01	7.723080e+01
3.240000e-06	5.126756e-06	1.116955e-09	3.565520e+01	7.735930e+01
3.250000e-06	5.144471e-06	1.118552e-09	3.577840e+01	7.748290e+01
3.260000e-06	5.161837e-06	1.120141e-09	3.589918e+01	7.760154e+01
3.270000e-06	5.178948e-06	1.120787e-09	3.601818e+01	7.771511e+01
3.280000e-06	5.195767e-06	1.120269e-09	3.613515e+01	7.782358e+01
3.290000e-06	5.212237e-06	1.119453e-09	3.624969e+01	7.792688e+01
3.300000e-06	5.228400e-06	1.120357e-09	3.636210e+01	7.802500e+01
3.310000e-06	5.244121e-06	1.124792e-09	3.647144e+01	7.811793e+01
3.320000e-06	5.259252e-06	1.129830e-09	3.657667e+01	7.820567e+01
3.330000e-06	5.273806e-06	1.134455e-09	3.667789e+01	7.828826e+01
3.340000e-06	5.287976e-06	1.137440e-09	3.677643e+01	7.836575e+01
3.350000e-06	5.301796e-06	1.137329e-09	3.687255e+01	7.843819e+01
3.360000e-06	5.315149e-06	1.137677e-09	3.696542e+01	7.850569e+01
3.370000e-06	5.328144e-06	1.139291e-09	3.705579e+01	7.856833e+01
3.380000e-06	5.340849e-06	1.141062e-09	3.714416e+01	7.862623e+01
3.390000e-06	5.353215e-06	1.142643e-09	3.723016e+01	7.867953e+01
3.400000e-06	5.365258e-06	1.142920e-09	3.731391e+01	7.872838e+01
3.410000e-06	5.376911e-06	1.142674e-09	3.739496e+01	7.877294e+01
3.420000e-06	5.388102e-06	1.144932e-09	3.747278e+01	7.881338e+01
3.430000e-06	5.398772e-06	1.149704e-09	3.754700e+01	7.884988e+01
3.440000e-06	5.408783e-06	1.154175e-09	3.761662e+01	7.888262e+01
3.450000e-06	5.418106e-06	1.158490e-09	3.768146e+01	7.891182e+01
3.460000e-06	5.426931e-06	1.163455e-09	3.774283e+01	7.893766e+01
3.470000e-06	5.435404e-06	1.165908e-09	3.780176e+01	7.896035e+01
3.480000e-06	5.443514e-06	1.165309e-09	3.785816e+01	7.898009e+01
3.490000e-06	5.451307e-06	1.164184e-09	3.791236e+01	7.899708e+01
3.500000e-06	5.458798e-06	1.163424e-09	3.796446e+01	7.901153e+01
3.510000e-06	5.465880e-06	1.163001e-09	3.801371e+01	7.902362e+01
3.520000e-06	5.472569e-06	1.163418e-09	3.806023e+01	7.903354e+01
3.530000e-06	5.478982e-06	1.166565e-09	3.810483e+01	7.904147e+01
3.540000e-06	5.485051e-06	1.171328e-09	3.814704e+01	7.904758e+01
3.550000e-06	5.490698e-06	1.174686e-09	3.818631e+01	7.905203e+01
3.560000e-06	5.495947e-06	1.176334e-09	3.822282e+01	7.905494e+01
3.570000e-06	5.500819e-06	1.177936e-09	3.825670e+01	7.905647e+01
3.580000e-06	5.505291e-06	1.177290e-09	3.828780e+01	7.905671e+01
3.590000e-06	5.509414e-06	1.174971e-09	3.831648e+01	7.905576e+01
3.600000e-06	5.513329e-06	1.173108e-09	3.834371e+01	7.905372e+01
3.610000e-06	5.517046e-06	1.172320e-09	3.836956e+01	7.905063e+01
3.620000e-06	5.520443e-06	1.173586e-09	3.839318e+01	7.904655e+01
3.630000e-06	5.523395e-06	1.176986e-09	3.841371e+01	7.904151e+01
3.640000e-06	5.525853e-06	1.182753e-09	3.843081e+01	7.903551e+01
3.650000e-06	5.527778e-06	1.189122e-09	3.844420e+01	7.902854e+01
3.660000e-06	5.529045e-06	1.192310e-09	3.845301e+01	7.902060e+01
3.670000e-06	5.529742e-06	1.190335e-09	3.845785e+01	7.901162e+01
3.680000e-06	5.530051e-06	1.186486e-09	3.846000e+01	7.900157e+01
3.690000e-06	5.530018e-06	1.182364e-09	3.845977e+01	7.899036e+01
3.700000e-06	5.529700e-06	1.178766e-09	3.845756e+01	7.897791e+01
3.710000e-06	5.529169e-06	1.176899e-09	3.845387e+01	7.896412e+01
3.720000e-06	5.528336e-06	1.175769e-09	3.844807e+01	7.894888e+01
3.730000e-06	5.527057e-06	1.177931e-09	3.843918e+01	7.893208e+01
3.740000e-06	5.525386e-06	1.181978e-09	3.842756e+01	7.891358e+01
3.750000e-06	5.523345e-06	1.180512e-09	3.841336e+01	7.889324e+01
3.760000e-06	5.520939e-06	1.158364e-09	3.839663e+01	7.887093e+01
3.770000e-06	5.518170e-06	1.140869e-09	3.837738e+01	7.884649e+01
3.780000e-06	5.514976e-06	1.204127e-09	3.835516e+01	7.881978e+01
3.790000e-06	5.511319e-06	1.239100e-09	3.832973e+01	7.879064e+01
3.800000e-06	5.507256e-06	1.125731e-09	3.830147e+01	7.875891e+01
3.810000e-06	5.502994e-06	1.088933e-09	3.827183e+01	7.872446e+01
3.820000e-06	5.498543e-06	1.162821e-09	3.824087e+01	7.868713e+01
3.830000e-06	5.493673e-06	1.250803e-09	3.820700e+01	7.864677e+01
3.840000e-06	5.488275e-06	1.202087e-09	3.816947e+01	7.860324e+01
3.850000e-06	5.482443e-06	1.116796e-09	3.812890e+01	7.855643e+01
3.860000e-06	5.476163e-06	1.226924e-09	3.808523e+01	7.850619e+01
3.870000e-06	5.469386e-06	1.301582e-09	3.803810e+01	7.845241e+01
3.880000e-06	5.462172e-06	1.172828e-09	3.798792e+01	7.839498e+01
3.890000e-06	5.454533e-06	1.020138e-09	3.793480e+01	7.833381e+01
3.900000e-06	5.446463e-06	1.169129e-09	3.787867e+01	7.826880e+01
3.910000e-06	5.437961e-06	1.314769e-09	3.781954e+01	7.819989e+01
3.920000e-06	5.429134e-06	1.202495e-09	3.775815e+01	7.812699e+01
3.930000e-06	5.420055e-06	1.065911e-09	3.769501e+01	7.805006e+01
3.940000e-06	5.410573e-06	1.171106e-09	3.762906e+01	7.796905e+01
3.950000e-06	5.400651e-06	1.256061e-09	3.756006e+01	7.788392e+01
3.960000e-06	5.390429e-06	1.148252e-09	3.748897e+01	7.779466e+01
3.970000e-06	5.379857e-06	1.102056e-09	3.741544e+01	7.770125e+01
3.980000e-06	5.368874e-06	1.203605e-09	3.733906e+01	7.760369e+01
3.990000e-06	5.357538e-06	1.222987e-09	3.726022e+01	7.750198e+01
4.000000e-06	5.345846e-06	1.121055e-09	3.717891e+01	7.739613e+01
4.010000e-06	5.333657e-06	1.118783e-09	3.709414e+01	7.728618e+01
4.020000e-06	5.320985e-06	1.184496e-09	3.700600e+01	7.717215e+01
4.030000e-06	5.307917e-06	1.190130e-09	3.691512e+01	7.705408e+01
4.040000e-06	5.294318e-06	1.121042e-09	3.682054e+01	7.693201e+01
4.050000e-06	5.280184e-06	1.131673e-09	3.672225e+01	7.680599e+01
4.060000e-06	5.265576e-06	1.193688e-09	3.662065e+01	7.667607e+01
4.070000e-06	5.250453e-06	1.205435e-09	3.651547e+01	7.654230e+01
4.080000e-06	5.234805e-06	1.102158e-09	3.640665e+01	7.640474e+01
4.090000e-06	5.218709e-06	1.092937e-09	3.629471e+01	7.626345e+01
4.100000e-06	5.202314e-06	1.209725e-09	3.618068e+01	7.611848e+01
4.110000e-06	5.185653e-06	1.206827e-09	3.606481e+01	7.596990e+01
4.120000e-06	5.168688e-06	1.067160e-09	3.594682e+01	7.581776e+01
4.130000e-06	5.151409e-06	1.124698e-09	3.582665e+01	7.566212e+01
4.140000e-06	5.133725e-06	1.244303e-09	3.570366e+01	7.550303e+01
4.150000e-06	5.115646e-06	1.129171e-09	3.557793e+01	7.534054e+01
4.160000e-06	5.097214e-06	1.063011e-09	3.544974e+01	7.517470e+01
4.170000e-06	5.078402e-06	1.227662e-09	3.531891e+01	7.500555e+01
4.180000e-06	5.059285e-06	1.204533e-09	3.518595e+01	7.483313e+01
4.190000e-06	5.039933e-06	1.042376e-09	3.505137e+01	7.465749e+01
4.200000e-06	5.020355e-06	1.148111e-09	3.491521e+01	7.447864e+01
4.210000e-06	5.000461e-06	1.232553e-09	3.477685e+01	7.429662e+01
4.220000e-06	4.980226e-06	1.072152e-09	3.463612e+01	7.411145e+01
4.230000e-06	4.959712e-06	1.082739e-09	3.449345e+01	7.392315e+01
4.240000e-06	4.938972e-06	1.226127e-09	3.434921e+01	7.373174e+01
4.250000e-06	4.917812e-06	1.121879e-09	3.420205e+01	7.353721e+01
4.260000e-06	4.896091e-06	1.065713e-09	3.405098e+01	7.333959e+01
4.270000e-06	4.873841e-06	1.202177e-09	3.389624e+01	7.313887e+01
4.280000e-06	4.851029e-06	1.159093e-09	3.373759e+01	7.293505e+01
4.290000e-06	4.827724e-06	1.041997e-09	3.357551e+01	7.272812e+01
4.300000e-06	4.804054e-06	1.147320e-09	3.341089e+01	7.251809e+01
4.310000e-06	4.780147e-06	1.177091e-09	3.324462e+01	7.230494e+01
4.320000e-06	4.755973e-06	1.066942e-09	3.307650e+01	7.208866e+01
4.330000e-06	4.731501e-06	1.099504e-09	3.290630e+01	7.186923e+01
4.340000e-06	4.706767e-06	1.170193e-09	3.273429e+01	7.164665e+01
4.350000e-06	4.681719e-06	1.106847e-09	3.256009e+01	7.142090e+01
4.360000e-06	4.656375e-06	1.104188e-09	3.238382e+01	7.119196e+01
4.370000e-06	4.630714e-06	1.150996e-09	3.220536e+01	7.095981e+01
4.380000e-06	4.604650e-06	1.110286e-09	3.202409e+01	7.072444e+01
4.390000e-06	4.578276e-06	1.074694e-09	3.184067e+01	7.048583e+01
4.400000e-06	4.551614e-06	1.107411e-09	3.165524e+01	7.024397e+01
4.410000e-06	4.524622e-06	1.103345e-09	3.146752e+01	6.999883e+01
4.420000e-06	4.497317e-06	1.081842e-09	3.127762e+01	6.975039e+01
4.430000e-06	4.469708e-06	1.090230e-09	3.108561e+01	6.949865e+01
4.440000e-06	4.441812e-06	1.092771e-09	3.089160e+01	6.924358e+01
4.450000e-06	4.413663e-06	1.080682e-09	3.069583e+01	6.898516e+01
4.460000e-06	4.385344e-06	1.083091e-09	3.049888e+01	6.872339e+01
4.470000e-06	4.356788e-06	1.081963e-09	3.030028e+01	6.845824e+01
4.480000e-06	4.327887e-06	1.065730e-09	3.009928e+01	6.818969e+01
4.490000e-06	4.298573e-06	1.060452e-09	2.989541e+01	6.791773e+01
4.500000e-06	4.268831e-06	1.065367e-09	2.968856e+01	6.764234e+01
4.510000e-06	4.238723e-06	1.058385e-09	2.947917e+01	6.736350e+01
4.520000e-06	4.208197e-06	1.049528e-09	2.926687e+01	6.708118e+01
4.530000e-06	4.177189e-06	1.051823e-09	2.905122e+01	6.679538e+01
4.540000e-06	4.145804e-06	1.040453e-09	2.883294e+01	6.650605e+01
4.550000e-06	4.114125e-06	1.029565e-09	2.861262e+01	6.621319e+01
4.560000e-06	4.082139e-06	1.038513e-09	2.839017e+01	6.591676e+01
4.570000e-06	4.049919e-06	1.039219e-09	2.816609e+01	6.561673e+01
4.580000e-06	4.017537e-06	1.017855e-09	2.794088e+01	6.531307e+01
4.590000e-06	3.984918e-06	1.016518e-09	2.771403e+01	6.500576e+01
4.600000e-06	3.952091e-06	1.017509e-09	2.748572e+01	6.469476e+01
4.610000e-06	3.919044e-06	1.001421e-09	2.725589e+01	6.438004e+01
4.620000e-06	3.885656e-06	9.953779e-10	2.702368e+01	6.406155e+01
4.630000e-06	3.851981e-06	1.006102e-09	2.678948e+01	6.373926e+01
4.640000e-06	3.818099e-06	9.990460e-10	2.655384e+01	6.341313e+01
4.650000e-06	3.783968e-06	9.938709e-10	2.631647e+01	6.308312e+01
4.660000e-06	3.749506e-06	1.001578e-09	2.607680e+01	6.274920e+01
4.670000e-06	3.714783e-06	9.968328e-10	2.583530e+01	6.241131e+01
4.680000e-06	3.679843e-06	9.758138e-10	2.559231e+01	6.206942e+01
4.690000e-06	3.644611e-06	9.702640e-10	2.534728e+01	6.172349e+01
4.700000e-06	3.609073e-06	9.732965e-10	2.510012e+01	6.137349e+01
4.710000e-06	3.573368e-06	9.677979e-10	2.485181e+01	6.101938e+01
4.720000e-06	3.537556e-06	9.662600e-10	2.460274e+01	6.066112e+01
4.730000e-06	3.501556e-06	9.694189e-10	2.435237e+01	6.029869e+01
4.740000e-06	3.465360e-06	9.574983e-10	2.410064e+01	5.993206e+01
4.750000e-06	3.428989e-06	9.420250e-10	2.384769e+01	5.956122e+01
4.760000e-06	3.392435e-06	9.398094e-10	2.359346e+01	5.918614e+01
4.770000e-06	3.355645e-06	9.370730e-10	2.333760e+01	5.880681e+01
4.780000e-06	3.318609e-06	9.299374e-10	2.308003e+01	5.842324e+01
4.790000e-06	3.281288e-06	9.294683e-10	2.282046e+01	5.803543e+01
4.800000e-06	3.243457e-06	9.292508e-10	2.255736e+01	5.764337e+01
4.810000e-06	3.205113e-06	9.172646e-10	2.229069e+01	5.724710e+01
4.820000e-06	3.166423e-06	9.043018e-10	2.202161e+01	5.684664e+01
4.830000e-06	3.127425e-06	8.966962e-10	2.175039e+01	5.644200e+01
4.840000e-06	3.088128e-06	8.896034e-10	2.147709e+01	5.603324e+01
4.850000e-06	3.048571e-06	8.844342e-10	2.120199e+01	5.562039e+01
4.860000e-06	3.008845e-06	8.857199e-10	2.092570e+01	5.520351e+01
4.870000e-06	2.968947e-06	8.833072e-10	2.064822e+01	5.478265e+01
4.880000e-06	2.928877e-06	8.748602e-10	2.036955e+01	5.435788e+01
4.890000e-06	2.888664e-06	8.645603e-10	2.008988e+01	5.392926e+01
4.900000e-06	2.848331e-06	8.563252e-10	1.980937e+01	5.349685e+01
4.910000e-06	2.807860e-06	8.462321e-10	1.952790e+01	5.306074e+01
4.920000e-06	2.767179e-06	8.386398e-10	1.924498e+01	5.262099e+01
4.930000e-06	2.726350e-06	8.356233e-10	1.896103e+01	5.217768e+01
4.940000e-06	2.685453e-06	8.349916e-10	1.867660e+01	5.173088e+01
4.950000e-06	2.644261e-06	8.329462e-10	1.839012e+01	5.128065e+01
4.960000e-06	2.602830e-06	8.312406e-10	1.810197e+01	5.082706e+01
4.970000e-06	2.561347e-06	8.260873e-10	1.781347e+01	5.037015e+01
4.980000e-06	2.519682e-06	8.162722e-10	1.752371e+01	4.990997e+01
4.990000e-06	2.477836e-06	8.051765e-10	1.723267e+01	4.944656e+01
5.000000e-06	2.435833e-06	7.973307e-10	1.694056e+01	4.897993e+01
5.010000e-06	2.393685e-06	7.892678e-10	1.664743e+01	4.851009e+01
5.020000e-06	2.351403e-06	7.797813e-10	1.635337e+01	4.803702e+01
5.030000e-06	2.308907e-06	7.741673e-10	1.605782e+01	4.756069e+01
5.040000e-06	2.266215e-06	7.709625e-10	1.576091e+01	4.708104e+01
5.050000e-06	2.223349e-06	7.657293e-10	1.546279e+01	4.659799e+01
5.060000e-06	2.180293e-06	7.589922e-10	1.516334e+01	4.611143e+01
5.070000e-06	2.137107e-06	7.518054e-10	1.486300e+01	4.562122e+01
5.080000e-06	2.093747e-06	7.440867e-10	1.456144e+01	4.512722e+01
5.090000e-06	2.050221e-06	7.354908e-10	1.425873e+01	4.462920e+01
5.100000e-06	2.006592e-06	7.251560e-10	1.395531e+01	4.412696e+01
5.110000e-06	1.962890e-06	7.151470e-10	1.365137e+01	4.362023e+01
5.120000e-06	1.919114e-06	7.048920e-10	1.334691e+01	4.310872e+01
5.130000e-06	1.875217e-06	6.969321e-10	1.304162e+01	4.259209e+01
5.140000e-06	1.831210e-06	6.903550e-10	1.273557e+01	4.206999e+01
5.150000e-06	1.787118e-06	6.837481e-10	1.242892e+01	4.154201e+01
5.160000e-06	1.742944e-06	6.761853e-10	1.212170e+01	4.100772e+01
5.170000e-06	1.698729e-06	6.673357e-10	1.181420e+01	4.046665e+01
5.180000e-06	1.654440e-06	6.562823e-10	1.150618e+01	3.991832e+01
5.190000e-06	1.610054e-06	6.426605e-10	1.119749e+01	3.936218e+01
5.200000e-06	1.565624e-06	6.294475e-10	1.088849e+01	3.879767e+01
5.210000e-06	1.521106e-06	6.213822e-10	1.057888e+01	3.822422e+01
5.220000e-06	1.476551e-06	6.134613e-10	1.026901e+01	3.764121e+01
5.230000e-06	1.431944e-06	6.024269e-10	9.958783e+00	3.704800e+01
5.240000e-06	1.387073e-06	5.917392e-10	9.646717e+00	3.644396e+01
5.250000e-06	1.342089e-06	5.822337e-10	9.333864e+00	3.582840e+01
5.260000e-06	1.297052e-06	5.715933e-10	9.020643e+00	3.520065e+01
5.270000e-06	1.251898e-06	5.613532e-10	8.706610e+00	3.456003e+01
5.280000e-06	1.206706e-06	5.529860e-10	8.392313e+00	3.390585e+01
5.290000e-06	1.161408e-06	5.455175e-10	8.077276e+00	3.323742e+01
5.300000e-06	1.116018e-06	5.361550e-10	7.761599e+00	3.255407e+01
5.310000e-06	1.070519e-06	5.259173e-10	7.445172e+00	3.185511e+01
5.320000e-06	1.024926e-06	5.140649e-10	7.128084e+00	3.113990e+01
5.330000e-06	9.792623e-07	4.995175e-10	6.810503e+00	3.040780e+01
5.340000e-06	9.335387e-07	4.851705e-10	6.492508e+00	2.965821e+01
5.350000e-06	8.877006e-07	4.722395e-10	6.173716e+00	2.889056e+01
5.360000e-06	8.417483e-07	4.632999e-10	5.854131e+00	2.810429e+01
5.370000e-06	7.957507e-07	4.555858e-10	5.534230e+00	2.729893e+01
5.380000e-06	7.496231e-07	4.480961e-10	5.213425e+00	2.647402e+01
5.390000e-06	7.034520e-07	4.382083e-10	4.892318e+00	2.562915e+01
5.400000e-06	6.572564e-07	4.242322e-10	4.571040e+00	2.476398e+01
5.410000e-06	6.110573e-07	4.069847e-10	4.249737e+00	2.387824e+01
5.420000e-06	5.648962e-07	3.901696e-10	3.928700e+00	2.297170e+01
5.430000e-06	5.186801e-07	3.721532e-10	3.607280e+00	2.204421e+01
5.440000e-06	4.723138e-07	3.543001e-10	3.284814e+00	2.109569e+01
5.450000e-06	4.259166e-07	3.427165e-10	2.962134e+00	2.012613e+01
5.460000e-06	3.795940e-07	3.331706e-10	2.639973e+00	1.913561e+01
5.470000e-06	3.331889e-07	3.226562e-10	2.317238e+00	1.812426e+01
5.480000e-06	2.867161e-07	3.096243e-10	1.994033e+00	1.709232e+01
5.490000e-06	2.402584e-07	2.935647e-10	1.670932e+00	1.604010e+01
5.500000e-06	1.938779e-07	2.754625e-10	1.348368e+00	1.496798e+01
5.510000e-06	1.474393e-07	2.546401e-10	1.025400e+00	1.387644e+01
5.520000e-06	1.009394e-07	2.328875e-10	7.020065e-01	1.276603e+01
5.530000e-06	5.449063e-08	2.130724e-10	3.789676e-01	1.163739e+01
5.540000e-06	8.003875e-09	1.958409e-10	5.566478e-02	1.049121e+01
5.550000e-06	-3.843741e-08	1.798816e-10	-2.673218e-01	9.328294e+00
5.560000e-06	-8.485281e-08	1.653344e-10	-5.901283e-01	8.149493e+00
5.570000e-06	-1.313255e-07	1.506318e-10	-9.133332e-01	6.955737e+00
5.580000e-06	-1.778201e-07	1.330859e-10	-1.236691e+00	5.748022e+00
5.590000e-06	-2.242296e-07	1.155631e-10	-1.559456e+00	4.527404e+00
5.600000e-06	-2.706021e-07	9.596568e-11	-1.881964e+00	3.294998e+00
5.610000e-06	-3.170065e-07	7.276609e-11	-2.204694e+00	2.051971e+00
5.620000e-06	-3.634086e-07	4.928042e-11	-2.527408e+00	7.995363e-01
5.630000e-06	-4.097652e-07	2.824934e-11	-2.849805e+00	-4.610506e-01
5.640000e-06	-4.560405e-07	1.016501e-11	-3.171638e+00	-1.728500e+00
5.650000e-06	-5.023194e-07	-7.928518e-12	-3.493495e+00	-3.001492e+00
5.660000e-06	-5.485641e-07	-2.819199e-11	-3.815114e+00	-4.278685e+00
5.670000e-06	-5.946657e-07	-4.937382e-11	-4.135739e+00	-5.558722e+00
5.680000e-06	-6.407233e-07	-7.105738e-11	-4.456057e+00	-6.840236e+00
5.690000e-06	-6.868735e-07	-9.402971e-11	-4.777019e+00	-8.121857e+00
5.700000e-06	-7.330828e-07	-1.172315e-10	-5.098392e+00	-9.402221e+00
5.710000e-06	-7.791735e-07	-1.418201e-10	-5.418940e+00	-1.067997e+01
5.720000e-06	-8.251570e-07	-1.669479e-10	-5.738743e+00	-1.195378e+01
5.730000e-06	-8.711032e-07	-1.899052e-10	-6.058286e+00	-1.322232e+01
5.740000e-06	-9.169132e-07	-2.100534e-10	-6.376882e+00	-1.448432e+01
5.750000e-06	-9.625930e-07	-2.277550e-10	-6.694573e+00	-1.573853e+01
5.760000e-06	-1.008216e-06	-2.480803e-10	-7.011865e+00	-1.698375e+01
5.770000e-06	-1.053798e-06	-2.702831e-10	-7.328876e+00	-1.821881e+01
5.780000e-06	-1.099302e-06	-2.910912e-10	-7.645347e+00	-1.944262e+01
5.790000e-06	-1.144686e-06	-3.114131e-10	-7.960978e+00	-2.065412e+01
5.800000e-06	-1.189980e-06	-3.324630e-10	-8.275987e+00	-2.185233e+01
5.810000e-06	-1.235181e-06	-3.551688e-10	-8.590348e+00	-2.303632e+01
5.820000e-06	-1.280237e-06	-3.787671e-10	-8.903699e+00	-2.420523e+01
5.830000e-06	-1.325145e-06	-4.006657e-10	-9.216021e+00	-2.535828e+01
5.840000e-06	-1.369883e-06	-4.191977e-10	-9.527165e+00	-2.649475e+01
5.850000e-06	-1.414535e-06	-4.363431e-10	-9.837705e+00	-2.761401e+01
5.860000e-06	-1.459113e-06	-4.533446e-10	-1.014773e+01	-2.871548e+01
5.870000e-06	-1.503615e-06	-4.693683e-10	-1.045724e+01	-2.979868e+01
5.880000e-06	-1.548051e-06	-4.855860e-10	-1.076627e+01	-3.086318e+01
5.890000e-06	-1.592428e-06	-5.024785e-10	-1.107490e+01	-3.190866e+01
5.900000e-06	-1.636712e-06	-5.213373e-10	-1.138289e+01	-3.293483e+01
5.910000e-06	-1.680879e-06	-5.433542e-10	-1.169006e+01	-3.394151e+01
5.920000e-06	-1.725003e-06	-5.632791e-10	-1.199692e+01	-3.492856e+01
5.930000e-06	-1.769075e-06	-5.795333e-10	-1.230344e+01	-3.589594e+01
5.940000e-06	-1.813105e-06	-5.946101e-10	-1.260966e+01	-3.684363e+01
5.950000e-06	-1.857098e-06	-6.051519e-10	-1.291561e+01	-3.777172e+01
5.960000e-06	-1.900990e-06	-6.143111e-10	-1.322087e+01	-3.868033e+01
5.970000e-06	-1.944771e-06	-6.272270e-10	-1.352535e+01	-3.956963e+01
5.980000e-06	-1.988466e-06	-6.441224e-10	-1.382924e+01	-4.043985e+01
5.990000e-06	-2.031995e-06	-6.598288e-10	-1.413197e+01	-4.129127e+01
6.000000e-06	-2.075390e-06	-6.719482e-10	-1.443378e+01	-4.212420e+01
6.010000e-06	-2.118675e-06	-6.847663e-10	-1.473481e+01	-4.293900e+01
6.020000e-06	-2.161740e-06	-6.975861e-10	-1.503432e+01	-4.373603e+01
6.030000e-06	-2.204590e-06	-7.110592e-10	-1.533233e+01	-4.451573e+01
6.040000e-06	-2.247255e-06	-7.259010e-10	-1.562905e+01	-4.527851e+01
6.050000e-06	-2.289808e-06	-7.423699e-10	-1.592499e+01	-4.602482e+01
6.060000e-06	-2.332276e-06	-7.537895e-10	-1.622035e+01	-4.675513e+01
6.070000e-06	-2.374584e-06	-7.609320e-10	-1.651459e+01	-4.746991e+01
6.080000e-06	-2.416661e-06	-7.672586e-10	-1.680722e+01	-4.816963e+01
6.090000e-06	-2.458542e-06	-7.732696e-10	-1.709849e+01	-4.885476e+01
6.100000e-06	-2.500362e-06	-7.793845e-10	-1.738934e+01	-4.952577e+01
6.110000e-06	-2.542041e-06	-7.890363e-10	-1.767920e+01	-5.018312e+01
6.120000e-06	-2.583489e-06	-8.035341e-10	-1.796746e+01	-5.082728e+01
6.130000e-06	-2.624696e-06	-8.180719e-10	-1.825405e+01	-5.145867e+01
6.140000e-06	-2.665697e-06	-8.319802e-10	-1.853920e+01	-5.207771e+01
6.150000e-06	-2.706527e-06	-8.438025e-10	-1.882316e+01	-5.268481e+01
6.160000e-06	-2.747145e-06	-8.502440e-10	-1.910565e+01	-5.328036e+01
6.170000e-06	-2.787560e-06	-8.525581e-10	-1.938672e+01	-5.386470e+01
6.180000e-06	-2.827818e-06	-8.550001e-10	-1.966670e+01	-5.443818e+01
6.190000e-06	-2.868013e-06	-8.605678e-10	-1.994625e+01	-5.500111e+01
6.200000e-06	-2.908095e-06	-8.722275e-10	-2.022501e+01	-5.555378e+01
6.210000e-06	-2.948080e-06	-8.894617e-10	-2.050310e+01	-5.609645e+01
6.220000e-06	-2.987962e-06	-9.061452e-10	-2.078046e+01	-5.662936e+01
6.230000e-06	-3.027675e-06	-9.181717e-10	-2.105666e+01	-5.715272e+01
6.240000e-06	-3.067193e-06	-9.257214e-10	-2.133149e+01	-5.766672e+01
6.250000e-06	-3.106471e-06	-9.296928e-10	-2.160467e+01	-5.817154e+01
6.260000e-06	-3.145422e-06	-9.328985e-10	-2.187556e+01	-5.866731e+01
6.270000e-06	-3.183974e-06	-9.364292e-10	-2.214367e+01	-5.915418e+01
6.280000e-06	-3.222092e-06	-9.437177e-10	-2.240878e+01	-5.963224e+01
6.290000e-06	-3.259898e-06	-9.561616e-10	-2.267170e+01	-6.010159e+01
6.300000e-06	-3.297411e-06	-9.711839e-10	-2.293260e+01	-6.056233e+01
6.310000e-06	-3.334462e-06	-9.849981e-10	-2.319028e+01	-6.101450e+01
6.320000e-06	-3.371149e-06	-9.957585e-10	-2.344543e+01	-6.145819e+01
6.330000e-06	-3.407664e-06	-1.000141e-09	-2.369938e+01	-6.189343e+01
6.340000e-06	-3.444049e-06	-1.001664e-09	-2.395243e+01	-6.232028e+01
6.350000e-06	-3.480289e-06	-1.006624e-09	-2.420446e+01	-6.273879e+01
6.360000e-06	-3.516367e-06	-1.013976e-09	-2.445538e+01	-6.314901e+01
6.370000e-06	-3.552247e-06	-1.020357e-09	-2.470492e+01	-6.355097e+01
6.380000e-06	-3.587897e-06	-1.026103e-09	-2.495285e+01	-6.394473e+01
6.390000e-06	-3.623330e-06	-1.032456e-09	-2.519928e+01	-6.433035e+01
6.400000e-06	-3.658511e-06	-1.038906e-09	-2.544395e+01	-6.470790e+01
6.410000e-06	-3.693379e-06	-1.045301e-09	-2.568645e+01	-6.507744e+01
6.420000e-06	-3.727960e-06	-1.052921e-09	-2.592695e+01	-6.543906e+01
6.430000e-06	-3.762262e-06	-1.062465e-09	-2.616551e+01	-6.579286e+01
6.440000e-06	-3.796363e-06	-1.071875e-09	-2.640268e+01	-6.613893e+01
6.450000e-06	-3.830211e-06	-1.078291e-09	-2.663808e+01	-6.647740e+01
6.460000e-06	-3.863763e-06	-1.082281e-09	-2.687143e+01	-6.680840e+01
6.470000e-06	-3.897090e-06	-1.084728e-09	-2.710320e+01	-6.713207e+01
6.480000e-06	-3.930068e-06	-1.086438e-09	-2.733256e+01	-6.744857e+01
6.490000e-06	-3.962687e-06	-1.090221e-09	-2.755942e+01	-6.775806e+01
6.500000e-06	-3.995119e-06	-1.097493e-09	-2.778497e+01	-6.806074e+01
6.510000e-06	-4.027400e-06	-1.106471e-09	-2.800948e+01	-6.835678e+01
6.520000e-06	-4.059515e-06	-1.116984e-09	-2.823282e+01	-6.864640e+01
6.530000e-06	-4.091413e-06	-1.127851e-09	-2.845467e+01	-6.892980e+01
6.540000e-06	-4.123053e-06	-1.136943e-09	-2.867471e+01	-6.920720e+01
6.550000e-06	-4.154435e-06	-1.141536e-09	-2.889297e+01	-6.947883e+01
6.560000e-06	-4.185491e-06	-1.143983e-09	-2.910896e+01	-6.974492e+01
6.570000e-06	-4.216056e-06	-1.147094e-09	-2.932152e+01	-7.000569e+01
6.580000e-06	-4.246047e-06	-1.145854e-09	-2.953011e+01	-7.026137e+01
6.590000e-06	-4.275549e-06	-1.146496e-09	-2.973528e+01	-7.051221e+01
6.600000e-06	-4.304681e-06	-1.153249e-09	-2.993789e+01	-7.075842e+01
6.610000e-06	-4.333360e-06	-1.163215e-09	-3.013735e+01	-7.100024e+01
6.620000e-06	-4.361687e-06	-1.172952e-09	-3.033435e+01	-7.123787e+01
6.630000e-06	-4.389857e-06	-1.179863e-09	-3.053027e+01	-7.147153e+01
6.640000e-06	-4.417913e-06	-1.183990e-09	-3.072538e+01	-7.170140e+01
6.650000e-06	-4.445790e-06	-1.185330e-09	-3.091927e+01	-7.192769e+01
6.660000e-06	-4.473347e-06	-1.184482e-09	-3.111092e+01	-7.215055e+01
6.670000e-06	-4.500604e-06	-1.181265e-09	-3.130048e+01	-7.237015e+01
6.680000e-06	-4.527533e-06	-1.179623e-09	-3.148776e+01	-7.258662e+01
6.690000e-06	-4.554128e-06	-1.183492e-09	-3.167272e+01	-7.280008e+01
6.700000e-06	-4.580369e-06	-1.188857e-09	-3.185522e+01	-7.301065e+01
6.710000e-06	-4.606251e-06	-1.193607e-09	-3.203522e+01	-7.321841e+01
6.720000e-06	-4.631871e-06	-1.197960e-09	-3.221341e+01	-7.342341e+01
6.730000e-06	-4.657163e-06	-1.203126e-09	-3.238930e+01	-7.362572e+01
6.740000e-06	-4.682072e-06	-1.207919e-09	-3.256254e+01	-7.382534e+01
6.750000e-06	-4.706644e-06	-1.209377e-09	-3.273343e+01	-7.402229e+01
6.760000e-06	-4.730997e-06	-1.208578e-09	-3.290280e+01	-7.421656e+01
6.770000e-06	-4.755182e-06	-1.207363e-09	-3.307100e+01	-7.440811e+01
6.780000e-06	-4.779131e-06	-1.207249e-09	-3.323756e+01	-7.459689e+01
6.790000e-06	-4.802820e-06	-1.207645e-09	-3.340231e+01	-7.478283e+01
6.800000e-06	-4.826188e-06	-1.207249e-09	-3.356483e+01	-7.496586e+01
6.810000e-06	-4.849061e-06	-1.207715e-09	-3.372391e+01	-7.514586e+01
6.820000e-06	-4.871256e-06	-1.208884e-09	-3.387827e+01	-7.532274e+01
6.830000e-06	-4.892830e-06	-1.210937e-09	-3.402831e+01	-7.549637e+01
6.840000e-06	-4.914006e-06	-1.215008e-09	-3.417558e+01	-7.566661e+01
6.850000e-06	-4.934811e-06	-1.219535e-09	-3.432027e+01	-7.583334e+01
6.860000e-06	-4.955294e-06	-1.223864e-09	-3.446272e+01	-7.599640e+01
6.870000e-06	-4.975563e-06	-1.224091e-09	-3.460369e+01	-7.615564e+01
6.880000e-06	-4.995576e-06	-1.221001e-09	-3.474287e+01	-7.631093e+01
6.890000e-06	-5.015287e-06	-1.219463e-09	-3.487996e+01	-7.646210e+01
6.900000e-06	-5.034622e-06	-1.219945e-09	-3.501443e+01	-7.660901e+01
6.910000e-06	-5.053597e-06	-1.221890e-09	-3.514639e+01	-7.675152e+01
6.920000e-06	-5.072295e-06	-1.225430e-09	-3.527643e+01	-7.688949e+01
6.930000e-06	-5.090671e-06	-1.230401e-09	-3.540423e+01	-7.702280e+01
6.940000e-06	-5.108708e-06	-1.235536e-09	-3.552968e+01	-7.715132e+01
6.950000e-06	-5.126470e-06	-1.239394e-09	-3.565320e+01	-7.727497e+01
6.960000e-06	-5.143849e-06	-1.241221e-09	-3.577408e+01	-7.739363e+01
6.970000e-06	-5.160795e-06	-1.240815e-09	-3.589193e+01	-7.750725e+01
6.980000e-06	-5.177420e-06	-1.240064e-09	-3.600755e+01	-7.761574e+01
6.990000e-06	-5.193764e-06	-1.240081e-09	-3.612122e+01	-7.771908e+01
7.000000e-06	-5.209842e-06	-1.240951e-09	-3.623304e+01	-7.781724e+01
7.010000e-06	-5.225602e-06	-1.241713e-09	-3.634264e+01	-7.791020e+01
7.020000e-06	-5.240958e-06	-1.242598e-09	-3.644944e+01	-7.799798e+01
7.030000e-06	-5.255738e-06	-1.245355e-09	-3.655223e+01	-7.808061e+01
7.040000e-06	-5.269891e-06	-1.249166e-09	-3.665066e+01	-7.815813e+01
7.050000e-06	-5.283498e-06	-1.254136e-09	-3.674529e+01	-7.823061e+01
7.060000e-06	-5.296563e-06	-1.258414e-09	-3.683616e+01	-7.829814e+01
7.070000e-06	-5.309168e-06	-1.259827e-09	-3.692382e+01	-7.836081e+01
7.080000e-06	-5.321453e-06	-1.257155e-09	-3.700926e+01	-7.841875e+01
7.090000e-06	-5.333391e-06	-1.252265e-09	-3.709228e+01	-7.847209e+01
7.100000e-06	-5.344936e-06	-1.251156e-09	-3.717258e+01	-7.852098e+01
7.110000e-06	-5.356119e-06	-1.255185e-09	-3.725035e+01	-7.856557e+01
7.120000e-06	-5.366909e-06	-1.261521e-09	-3.732539e+01	-7.860604e+01
7.130000e-06	-5.377334e-06	-1.265583e-09	-3.739790e+01	-7.864257e+01
7.140000e-06	-5.387409e-06	-1.267002e-09	-3.746797e+01	-7.867536e+01
7.150000e-06	-5.397105e-06	-1.265132e-09	-3.753540e+01	-7.870459e+01
7.160000e-06	-5.406430e-06	-1.262076e-09	-3.760026e+01	-7.873046e+01
7.170000e-06	-5.415372e-06	-1.259943e-09	-3.766244e+01	-7.875318e+01
7.180000e-06	-5.423894e-06	-1.257690e-09	-3.772171e+01	-7.877296e+01
7.190000e-06	-5.432143e-06	-1.255355e-09	-3.777908e+01	-7.878999e+01
7.200000e-06	-5.440234e-06	-1.253530e-09	-3.783535e+01	-7.880447e+01
7.210000e-06	-5.448064e-06	-1.252259e-09	-3.788981e+01	-7.881660e+01
7.220000e-06	-5.455537e-06	-1.251817e-09	-3.794178e+01	-7.882656e+01
7.230000e-06	-5.462569e-06	-1.253205e-09	-3.799068e+01	-7.883452e+01
7.240000e-06	-5.469026e-06	-1.253434e-09	-3.803559e+01	-7.884067e+01
7.250000e-06	-5.474819e-06	-1.253774e-09	-3.807588e+01	-7.884515e+01
7.260000e-06	-5.479958e-06	-1.256661e-09	-3.811162e+01	-7.884810e+01
7.270000e-06	-5.484620e-06	-1.256844e-09	-3.814405e+01	-7.884966e+01
7.280000e-06	-5.488999e-06	-1.252301e-09	-3.817450e+01	-7.884993e+01
7.290000e-06	-5.493153e-06	-1.247224e-09	-3.820339e+01	-7.884902e+01
7.300000e-06	-5.497043e-06	-1.243305e-09	-3.823044e+01	-7.884701e+01
7.310000e-06	-5.500581e-06	-1.237914e-09	-3.825505e+01	-7.884396e+01
7.320000e-06	-5.503738e-06	-1.235141e-09	-3.827700e+01	-7.883992e+01
7.330000e-06	-5.506506e-06	-1.236901e-09	-3.829626e+01	-7.883491e+01
7.340000e-06	-5.508935e-06	-1.239582e-09	-3.831315e+01	-7.882894e+01
7.350000e-06	-5.511047e-06	-1.241065e-09	-3.832783e+01	-7.882202e+01
7.360000e-06	-5.512809e-06	-1.240228e-09	-3.834009e+01	-7.881411e+01
7.370000e-06	-5.514106e-06	-1.236481e-09	-3.834911e+01	-7.880517e+01
7.380000e-06	-5.515013e-06	-1.230314e-09	-3.835542e+01	-7.879515e+01
7.390000e-06	-5.515629e-06	-1.224141e-09	-3.835970e+01	-7.878397e+01
7.400000e-06	-5.515975e-06	-1.218822e-09	-3.836211e+01	-7.877156e+01
