# Temperatura_=_13.66
# Concentracion g/m^3_=_1620.0
# C_Vs_to_Am_M_A/Vsm_=_65563218390.804596
# pendiente_HvsI_1/m_=_3716.3
# ordenada_HvsI_A/m_=_1297.0
# frecuencia_Hz_=_135108.21224630674

Tiempo_(s)	Campo_(V.s)	Magnetizacion_(V.s)	Campo_(kA/m)	Magnetizacion_(A/m)
0.000000e+00	-5.521654e-06	-1.253393e-09	-3.836770e+01	-7.831397e+01
1.000000e-08	-5.521794e-06	-1.254192e-09	-3.836867e+01	-7.828949e+01
2.000000e-08	-5.521602e-06	-1.251851e-09	-3.836733e+01	-7.826076e+01
3.000000e-08	-5.521058e-06	-1.246694e-09	-3.836355e+01	-7.822766e+01
4.000000e-08	-5.519969e-06	-1.240618e-09	-3.835599e+01	-7.819008e+01
5.000000e-08	-5.518212e-06	-1.242614e-09	-3.834377e+01	-7.814793e+01
6.000000e-08	-5.515806e-06	-1.257101e-09	-3.832706e+01	-7.810114e+01
7.000000e-08	-5.512877e-06	-1.259430e-09	-3.830670e+01	-7.804965e+01
8.000000e-08	-5.509477e-06	-1.218865e-09	-3.828308e+01	-7.799342e+01
9.000000e-08	-5.505649e-06	-1.179249e-09	-3.825648e+01	-7.793243e+01
1.000000e-07	-5.501468e-06	-1.195298e-09	-3.822743e+01	-7.786667e+01
1.100000e-07	-5.497034e-06	-1.276525e-09	-3.819662e+01	-7.779616e+01
1.200000e-07	-5.492403e-06	-1.299218e-09	-3.816444e+01	-7.772093e+01
1.300000e-07	-5.487484e-06	-1.232157e-09	-3.813026e+01	-7.764104e+01
1.400000e-07	-5.482168e-06	-1.184526e-09	-3.809332e+01	-7.755657e+01
1.500000e-07	-5.476480e-06	-1.237631e-09	-3.805380e+01	-7.746761e+01
1.600000e-07	-5.470458e-06	-1.281118e-09	-3.801195e+01	-7.737425e+01
1.700000e-07	-5.463985e-06	-1.217240e-09	-3.796698e+01	-7.727664e+01
1.800000e-07	-5.457100e-06	-1.134536e-09	-3.791913e+01	-7.717491e+01
1.900000e-07	-5.449961e-06	-1.172693e-09	-3.786953e+01	-7.706921e+01
2.000000e-07	-5.442534e-06	-1.238208e-09	-3.781792e+01	-7.695971e+01
2.100000e-07	-5.434725e-06	-1.225077e-09	-3.776366e+01	-7.684659e+01
2.200000e-07	-5.426541e-06	-1.162085e-09	-3.770680e+01	-7.673003e+01
2.300000e-07	-5.417958e-06	-1.151183e-09	-3.764715e+01	-7.661023e+01
2.400000e-07	-5.408869e-06	-1.170433e-09	-3.758399e+01	-7.648738e+01
2.500000e-07	-5.399215e-06	-1.156961e-09	-3.751691e+01	-7.636169e+01
2.600000e-07	-5.388901e-06	-1.136805e-09	-3.744525e+01	-7.623336e+01
2.700000e-07	-5.378004e-06	-1.145016e-09	-3.736953e+01	-7.610259e+01
2.800000e-07	-5.366654e-06	-1.163116e-09	-3.729066e+01	-7.596957e+01
2.900000e-07	-5.354924e-06	-1.146830e-09	-3.720915e+01	-7.583450e+01
3.000000e-07	-5.342921e-06	-1.131647e-09	-3.712575e+01	-7.569756e+01
3.100000e-07	-5.330591e-06	-1.137172e-09	-3.704008e+01	-7.555893e+01
3.200000e-07	-5.317747e-06	-1.153153e-09	-3.695083e+01	-7.541878e+01
3.300000e-07	-5.304348e-06	-1.134220e-09	-3.685773e+01	-7.527726e+01
3.400000e-07	-5.290540e-06	-1.120888e-09	-3.676178e+01	-7.513450e+01
3.500000e-07	-5.276372e-06	-1.118487e-09	-3.666333e+01	-7.499064e+01
3.600000e-07	-5.261798e-06	-1.136498e-09	-3.656206e+01	-7.484577e+01
3.700000e-07	-5.246762e-06	-1.128916e-09	-3.645758e+01	-7.469998e+01
3.800000e-07	-5.231155e-06	-1.126037e-09	-3.634914e+01	-7.455336e+01
3.900000e-07	-5.215057e-06	-1.123531e-09	-3.623727e+01	-7.440594e+01
4.000000e-07	-5.198587e-06	-1.120151e-09	-3.612284e+01	-7.425775e+01
4.100000e-07	-5.181752e-06	-1.110825e-09	-3.600585e+01	-7.410882e+01
4.200000e-07	-5.164634e-06	-1.128926e-09	-3.588691e+01	-7.395913e+01
4.300000e-07	-5.147297e-06	-1.139836e-09	-3.576644e+01	-7.380865e+01
4.400000e-07	-5.129564e-06	-1.111858e-09	-3.564322e+01	-7.365734e+01
4.500000e-07	-5.111350e-06	-1.094614e-09	-3.551666e+01	-7.350513e+01
4.600000e-07	-5.092765e-06	-1.117981e-09	-3.538752e+01	-7.335193e+01
4.700000e-07	-5.073837e-06	-1.118223e-09	-3.525600e+01	-7.319764e+01
4.800000e-07	-5.054567e-06	-1.090618e-09	-3.512210e+01	-7.304215e+01
4.900000e-07	-5.035043e-06	-1.099641e-09	-3.498644e+01	-7.288533e+01
5.000000e-07	-5.015347e-06	-1.112061e-09	-3.484957e+01	-7.272703e+01
5.100000e-07	-4.995398e-06	-1.092400e-09	-3.471096e+01	-7.256709e+01
5.200000e-07	-4.975139e-06	-1.092718e-09	-3.457019e+01	-7.240536e+01
5.300000e-07	-4.954557e-06	-1.112649e-09	-3.442717e+01	-7.224164e+01
5.400000e-07	-4.933524e-06	-1.085204e-09	-3.428102e+01	-7.207578e+01
5.500000e-07	-4.912038e-06	-1.064773e-09	-3.413172e+01	-7.190757e+01
5.600000e-07	-4.890271e-06	-1.090418e-09	-3.398047e+01	-7.173683e+01
5.700000e-07	-4.868138e-06	-1.093406e-09	-3.382668e+01	-7.156338e+01
5.800000e-07	-4.845627e-06	-1.062844e-09	-3.367026e+01	-7.138702e+01
5.900000e-07	-4.822830e-06	-1.072540e-09	-3.351185e+01	-7.120758e+01
6.000000e-07	-4.799719e-06	-1.082419e-09	-3.335126e+01	-7.102486e+01
6.100000e-07	-4.776294e-06	-1.061443e-09	-3.318849e+01	-7.083871e+01
6.200000e-07	-4.752631e-06	-1.058202e-09	-3.302407e+01	-7.064894e+01
6.300000e-07	-4.728798e-06	-1.074538e-09	-3.285846e+01	-7.045541e+01
6.400000e-07	-4.704704e-06	-1.058202e-09	-3.269105e+01	-7.025797e+01
6.500000e-07	-4.680231e-06	-1.046365e-09	-3.252099e+01	-7.005647e+01
6.600000e-07	-4.655292e-06	-1.050961e-09	-3.234770e+01	-6.985080e+01
6.700000e-07	-4.629797e-06	-1.039487e-09	-3.217055e+01	-6.964084e+01
6.800000e-07	-4.603722e-06	-1.026508e-09	-3.198936e+01	-6.942649e+01
6.900000e-07	-4.577084e-06	-1.037177e-09	-3.180427e+01	-6.920768e+01
7.000000e-07	-4.550001e-06	-1.034068e-09	-3.161608e+01	-6.898433e+01
7.100000e-07	-4.522675e-06	-1.020460e-09	-3.142620e+01	-6.875638e+01
7.200000e-07	-4.495181e-06	-1.023151e-09	-3.123516e+01	-6.852379e+01
7.300000e-07	-4.467506e-06	-1.022626e-09	-3.104285e+01	-6.828653e+01
7.400000e-07	-4.439624e-06	-1.005468e-09	-3.084911e+01	-6.804459e+01
7.500000e-07	-4.411562e-06	-9.996454e-10	-3.065412e+01	-6.779796e+01
7.600000e-07	-4.383198e-06	-9.990603e-10	-3.045703e+01	-6.754665e+01
7.700000e-07	-4.354440e-06	-9.884685e-10	-3.025720e+01	-6.729068e+01
7.800000e-07	-4.325330e-06	-9.821805e-10	-3.005493e+01	-6.703008e+01
7.900000e-07	-4.295932e-06	-9.821578e-10	-2.985066e+01	-6.676488e+01
8.000000e-07	-4.266276e-06	-9.748110e-10	-2.964459e+01	-6.649512e+01
8.100000e-07	-4.236305e-06	-9.671607e-10	-2.943634e+01	-6.622086e+01
8.200000e-07	-4.206000e-06	-9.655882e-10	-2.922576e+01	-6.594215e+01
8.300000e-07	-4.175420e-06	-9.540474e-10	-2.901327e+01	-6.565905e+01
8.400000e-07	-4.144568e-06	-9.405644e-10	-2.879889e+01	-6.537161e+01
8.500000e-07	-4.113411e-06	-9.371957e-10	-2.858239e+01	-6.507991e+01
8.600000e-07	-4.082049e-06	-9.369914e-10	-2.836447e+01	-6.478398e+01
8.700000e-07	-4.050557e-06	-9.293928e-10	-2.814565e+01	-6.448391e+01
8.800000e-07	-4.018883e-06	-9.282025e-10	-2.792556e+01	-6.417973e+01
8.900000e-07	-3.986978e-06	-9.263388e-10	-2.770386e+01	-6.387149e+01
9.000000e-07	-3.954788e-06	-9.147668e-10	-2.748019e+01	-6.355926e+01
9.100000e-07	-3.922275e-06	-9.027041e-10	-2.725427e+01	-6.324305e+01
9.200000e-07	-3.889413e-06	-8.984973e-10	-2.702592e+01	-6.292291e+01
9.300000e-07	-3.856083e-06	-8.903208e-10	-2.679433e+01	-6.259887e+01
9.400000e-07	-3.822245e-06	-8.832963e-10	-2.655921e+01	-6.227093e+01
9.500000e-07	-3.787971e-06	-8.845123e-10	-2.632105e+01	-6.193912e+01
9.600000e-07	-3.753324e-06	-8.836155e-10	-2.608030e+01	-6.160343e+01
9.700000e-07	-3.718340e-06	-8.738053e-10	-2.583721e+01	-6.126386e+01
9.800000e-07	-3.683073e-06	-8.696918e-10	-2.559215e+01	-6.092040e+01
9.900000e-07	-3.647636e-06	-8.666460e-10	-2.534591e+01	-6.057302e+01
1.000000e-06	-3.612073e-06	-8.576440e-10	-2.509880e+01	-6.022171e+01
1.010000e-06	-3.576354e-06	-8.522485e-10	-2.485061e+01	-5.986641e+01
1.020000e-06	-3.540501e-06	-8.536774e-10	-2.460148e+01	-5.950711e+01
1.030000e-06	-3.504461e-06	-8.499620e-10	-2.435105e+01	-5.914375e+01
1.040000e-06	-3.468153e-06	-8.438478e-10	-2.409876e+01	-5.877629e+01
1.050000e-06	-3.431576e-06	-8.421693e-10	-2.384461e+01	-5.840468e+01
1.060000e-06	-3.394667e-06	-8.382384e-10	-2.358814e+01	-5.802887e+01
1.070000e-06	-3.357428e-06	-8.277224e-10	-2.332938e+01	-5.764881e+01
1.080000e-06	-3.319982e-06	-8.180546e-10	-2.306919e+01	-5.726444e+01
1.090000e-06	-3.282400e-06	-8.113530e-10	-2.280805e+01	-5.687572e+01
1.100000e-06	-3.244579e-06	-8.040959e-10	-2.254524e+01	-5.648261e+01
1.110000e-06	-3.206454e-06	-8.017009e-10	-2.228032e+01	-5.608505e+01
1.120000e-06	-3.168149e-06	-8.033678e-10	-2.201416e+01	-5.568301e+01
1.130000e-06	-3.129697e-06	-8.001844e-10	-2.174697e+01	-5.527647e+01
1.140000e-06	-3.091043e-06	-7.888273e-10	-2.147838e+01	-5.486539e+01
1.150000e-06	-3.052195e-06	-7.775623e-10	-2.120845e+01	-5.444976e+01
1.160000e-06	-3.013140e-06	-7.666087e-10	-2.093707e+01	-5.402956e+01
1.170000e-06	-2.973854e-06	-7.578291e-10	-2.066408e+01	-5.360479e+01
1.180000e-06	-2.934421e-06	-7.539737e-10	-2.039008e+01	-5.317546e+01
1.190000e-06	-2.894827e-06	-7.523673e-10	-2.011495e+01	-5.274158e+01
1.200000e-06	-2.855116e-06	-7.474782e-10	-1.983903e+01	-5.230317e+01
1.210000e-06	-2.815351e-06	-7.410057e-10	-1.956271e+01	-5.186025e+01
1.220000e-06	-2.775422e-06	-7.326343e-10	-1.928526e+01	-5.141285e+01
1.230000e-06	-2.735277e-06	-7.207385e-10	-1.900631e+01	-5.096103e+01
1.240000e-06	-2.694763e-06	-7.093424e-10	-1.872480e+01	-5.050481e+01
1.250000e-06	-2.653944e-06	-7.032673e-10	-1.844116e+01	-5.004424e+01
1.260000e-06	-2.613005e-06	-6.984636e-10	-1.815669e+01	-4.957937e+01
1.270000e-06	-2.571783e-06	-6.933255e-10	-1.787026e+01	-4.911024e+01
1.280000e-06	-2.530227e-06	-6.887197e-10	-1.758150e+01	-4.863690e+01
1.290000e-06	-2.488407e-06	-6.819932e-10	-1.729091e+01	-4.815939e+01
1.300000e-06	-2.446307e-06	-6.704757e-10	-1.699838e+01	-4.767773e+01
1.310000e-06	-2.403878e-06	-6.583561e-10	-1.670356e+01	-4.719197e+01
1.320000e-06	-2.361137e-06	-6.492098e-10	-1.640656e+01	-4.670210e+01
1.330000e-06	-2.318214e-06	-6.404703e-10	-1.610831e+01	-4.620813e+01
1.340000e-06	-2.275118e-06	-6.328753e-10	-1.580886e+01	-4.571004e+01
1.350000e-06	-2.231847e-06	-6.279999e-10	-1.550818e+01	-4.520780e+01
1.360000e-06	-2.188451e-06	-6.208121e-10	-1.520664e+01	-4.470135e+01
1.370000e-06	-2.144967e-06	-6.108213e-10	-1.490449e+01	-4.419062e+01
1.380000e-06	-2.101406e-06	-6.000595e-10	-1.460180e+01	-4.367551e+01
1.390000e-06	-2.057773e-06	-5.876846e-10	-1.429862e+01	-4.315588e+01
1.400000e-06	-2.014082e-06	-5.748547e-10	-1.399502e+01	-4.263158e+01
1.410000e-06	-1.970249e-06	-5.660202e-10	-1.369044e+01	-4.210243e+01
1.420000e-06	-1.926271e-06	-5.616392e-10	-1.338486e+01	-4.156819e+01
1.430000e-06	-1.882173e-06	-5.562180e-10	-1.307844e+01	-4.102861e+01
1.440000e-06	-1.837958e-06	-5.475584e-10	-1.277121e+01	-4.048342e+01
1.450000e-06	-1.793661e-06	-5.375701e-10	-1.246341e+01	-3.993228e+01
1.460000e-06	-1.749275e-06	-5.272990e-10	-1.215499e+01	-3.937483e+01
1.470000e-06	-1.704791e-06	-5.149064e-10	-1.184589e+01	-3.881069e+01
1.480000e-06	-1.660118e-06	-5.030522e-10	-1.153548e+01	-3.823943e+01
1.490000e-06	-1.615207e-06	-4.955927e-10	-1.122341e+01	-3.766059e+01
1.500000e-06	-1.570219e-06	-4.915701e-10	-1.091080e+01	-3.707366e+01
1.510000e-06	-1.525111e-06	-4.864696e-10	-1.059737e+01	-3.647814e+01
1.520000e-06	-1.479914e-06	-4.790219e-10	-1.028331e+01	-3.587347e+01
1.530000e-06	-1.434710e-06	-4.698224e-10	-9.969209e+00	-3.525906e+01
1.540000e-06	-1.389373e-06	-4.593844e-10	-9.654182e+00	-3.463432e+01
1.550000e-06	-1.343894e-06	-4.468986e-10	-9.338162e+00	-3.399863e+01
1.560000e-06	-1.298331e-06	-4.321600e-10	-9.021563e+00	-3.335134e+01
1.570000e-06	-1.252659e-06	-4.182253e-10	-8.704208e+00	-3.269180e+01
1.580000e-06	-1.206845e-06	-4.065463e-10	-8.385867e+00	-3.201935e+01
1.590000e-06	-1.161011e-06	-3.949437e-10	-8.067389e+00	-3.133333e+01
1.600000e-06	-1.115152e-06	-3.841242e-10	-7.748732e+00	-3.063306e+01
1.610000e-06	-1.069235e-06	-3.718566e-10	-7.429672e+00	-2.991790e+01
1.620000e-06	-1.023269e-06	-3.574414e-10	-7.110271e+00	-2.918719e+01
1.630000e-06	-9.771975e-07	-3.435363e-10	-6.790142e+00	-2.844030e+01
1.640000e-06	-9.310402e-07	-3.314380e-10	-6.469414e+00	-2.767662e+01
1.650000e-06	-8.848039e-07	-3.207395e-10	-6.148137e+00	-2.689556e+01
1.660000e-06	-8.384791e-07	-3.091567e-10	-5.826245e+00	-2.609657e+01
1.670000e-06	-7.920996e-07	-2.967200e-10	-5.503973e+00	-2.527914e+01
1.680000e-06	-7.456769e-07	-2.849573e-10	-5.181401e+00	-2.444278e+01
1.690000e-06	-6.991099e-07	-2.722871e-10	-4.857826e+00	-2.358708e+01
1.700000e-06	-6.524749e-07	-2.616684e-10	-4.533779e+00	-2.271166e+01
1.710000e-06	-6.058923e-07	-2.508601e-10	-4.210095e+00	-2.181622e+01
1.720000e-06	-5.592902e-07	-2.395697e-10	-3.886277e+00	-2.090049e+01
1.730000e-06	-5.126055e-07	-2.280484e-10	-3.561884e+00	-1.996429e+01
1.740000e-06	-4.659135e-07	-2.140429e-10	-3.237440e+00	-1.900751e+01
1.750000e-06	-4.192362e-07	-1.995821e-10	-2.913099e+00	-1.803011e+01
1.760000e-06	-3.724815e-07	-1.859414e-10	-2.588220e+00	-1.703211e+01
1.770000e-06	-3.256951e-07	-1.719722e-10	-2.263121e+00	-1.601364e+01
1.780000e-06	-2.788673e-07	-1.549238e-10	-1.937734e+00	-1.497489e+01
1.790000e-06	-2.319977e-07	-1.395544e-10	-1.612056e+00	-1.391613e+01
1.800000e-06	-1.851214e-07	-1.261031e-10	-1.286332e+00	-1.283772e+01
1.810000e-06	-1.382044e-07	-1.117338e-10	-9.603253e-01	-1.174012e+01
1.820000e-06	-9.133106e-08	-9.525006e-11	-6.346219e-01	-1.062384e+01
1.830000e-06	-4.444185e-08	-7.749027e-11	-3.088081e-01	-9.489508e+00
1.840000e-06	2.457252e-09	-5.965940e-11	1.707443e-02	-8.337803e+00
1.850000e-06	4.925483e-08	-4.232386e-11	3.422515e-01	-7.169501e+00
1.860000e-06	9.600381e-08	-2.273926e-11	6.670908e-01	-5.985451e+00
1.870000e-06	1.427563e-07	-2.219123e-12	9.919545e-01	-4.786576e+00
1.880000e-06	1.894911e-07	1.537495e-11	1.316695e+00	-3.573868e+00
1.890000e-06	2.362978e-07	3.068318e-11	1.641936e+00	-2.348387e+00
1.900000e-06	2.831936e-07	4.614945e-11	1.967795e+00	-1.111253e+00
1.910000e-06	3.299640e-07	6.044299e-11	2.292783e+00	1.363552e-01
1.920000e-06	3.767034e-07	7.750200e-11	2.617557e+00	1.393210e+00
1.930000e-06	4.234539e-07	9.722530e-11	2.942406e+00	2.658036e+00
1.940000e-06	4.700936e-07	1.166710e-10	3.266486e+00	3.929521e+00
1.950000e-06	5.166629e-07	1.359516e-10	3.590077e+00	5.206319e+00
1.960000e-06	5.631989e-07	1.549797e-10	3.913437e+00	6.487056e+00
1.970000e-06	6.097571e-07	1.738125e-10	4.236951e+00	7.770341e+00
1.980000e-06	6.562976e-07	1.914322e-10	4.560341e+00	9.054770e+00
1.990000e-06	7.027338e-07	2.064117e-10	4.883007e+00	1.033893e+01
2.000000e-06	7.490786e-07	2.211602e-10	5.205038e+00	1.162142e+01
2.010000e-06	7.953496e-07	2.376369e-10	5.526556e+00	1.290084e+01
2.020000e-06	8.416115e-07	2.564594e-10	5.848011e+00	1.417579e+01
2.030000e-06	8.878233e-07	2.790384e-10	6.169117e+00	1.544493e+01
2.040000e-06	9.339420e-07	3.010404e-10	6.489578e+00	1.670691e+01
2.050000e-06	9.799839e-07	3.203993e-10	6.809504e+00	1.796045e+01
2.060000e-06	1.026009e-06	3.371955e-10	7.129312e+00	1.920427e+01
2.070000e-06	1.072009e-06	3.515083e-10	7.448950e+00	2.043718e+01
2.080000e-06	1.117868e-06	3.656517e-10	7.767606e+00	2.165801e+01
2.090000e-06	1.163559e-06	3.827011e-10	8.085088e+00	2.286566e+01
2.100000e-06	1.209135e-06	4.002015e-10	8.401780e+00	2.405910e+01
2.110000e-06	1.254690e-06	4.171126e-10	8.718325e+00	2.523736e+01
2.120000e-06	1.300198e-06	4.325074e-10	9.034541e+00	2.639951e+01
2.130000e-06	1.345608e-06	4.480107e-10	9.350077e+00	2.754475e+01
2.140000e-06	1.390884e-06	4.629853e-10	9.664679e+00	2.867229e+01
2.150000e-06	1.436069e-06	4.770365e-10	9.978649e+00	2.978147e+01
2.160000e-06	1.481258e-06	4.915428e-10	1.029265e+01	3.087169e+01
2.170000e-06	1.526371e-06	5.062195e-10	1.060612e+01	3.194240e+01
2.180000e-06	1.571343e-06	5.207117e-10	1.091862e+01	3.299317e+01
2.190000e-06	1.616192e-06	5.364889e-10	1.123025e+01	3.402363e+01
2.200000e-06	1.660924e-06	5.513330e-10	1.154108e+01	3.503349e+01
2.210000e-06	1.705479e-06	5.627309e-10	1.185067e+01	3.602253e+01
2.220000e-06	1.749867e-06	5.713547e-10	1.215910e+01	3.699061e+01
2.230000e-06	1.794103e-06	5.810321e-10	1.246648e+01	3.793766e+01
2.240000e-06	1.838201e-06	5.929395e-10	1.277290e+01	3.886369e+01
2.250000e-06	1.882273e-06	6.070531e-10	1.307914e+01	3.976876e+01
2.260000e-06	1.926280e-06	6.236387e-10	1.338493e+01	4.065300e+01
2.270000e-06	1.970131e-06	6.399016e-10	1.368963e+01	4.151661e+01
2.280000e-06	2.013878e-06	6.524831e-10	1.399361e+01	4.235982e+01
2.290000e-06	2.057553e-06	6.618641e-10	1.429708e+01	4.318293e+01
2.300000e-06	2.101163e-06	6.700611e-10	1.460011e+01	4.398629e+01
2.310000e-06	2.144760e-06	6.778440e-10	1.490305e+01	4.477028e+01
2.320000e-06	2.188257e-06	6.874044e-10	1.520529e+01	4.553531e+01
2.330000e-06	2.231627e-06	6.988892e-10	1.550665e+01	4.628186e+01
2.340000e-06	2.274834e-06	7.112481e-10	1.580688e+01	4.701038e+01
2.350000e-06	2.317905e-06	7.224524e-10	1.610617e+01	4.772140e+01
2.360000e-06	2.360893e-06	7.321135e-10	1.640487e+01	4.841542e+01
2.370000e-06	2.403632e-06	7.400321e-10	1.670185e+01	4.909299e+01
2.380000e-06	2.445912e-06	7.473215e-10	1.699564e+01	4.975465e+01
2.390000e-06	2.487785e-06	7.547468e-10	1.728659e+01	5.040095e+01
2.400000e-06	2.529413e-06	7.633048e-10	1.757585e+01	5.103244e+01
2.410000e-06	2.570805e-06	7.717588e-10	1.786346e+01	5.164966e+01
2.420000e-06	2.612033e-06	7.797752e-10	1.814994e+01	5.225316e+01
2.430000e-06	2.652982e-06	7.867217e-10	1.843447e+01	5.284346e+01
2.440000e-06	2.693528e-06	7.926387e-10	1.871621e+01	5.342109e+01
2.450000e-06	2.733788e-06	7.978907e-10	1.899597e+01	5.398654e+01
2.460000e-06	2.773820e-06	8.046443e-10	1.927413e+01	5.454030e+01
2.470000e-06	2.813730e-06	8.124032e-10	1.955145e+01	5.508282e+01
2.480000e-06	2.853556e-06	8.204476e-10	1.982818e+01	5.561456e+01
2.490000e-06	2.893241e-06	8.288944e-10	2.010394e+01	5.613593e+01
2.500000e-06	2.932721e-06	8.374089e-10	2.037827e+01	5.664732e+01
2.510000e-06	2.972018e-06	8.448889e-10	2.065133e+01	5.714910e+01
2.520000e-06	3.011204e-06	8.494131e-10	2.092362e+01	5.764162e+01
2.530000e-06	3.050194e-06	8.547775e-10	2.119454e+01	5.812520e+01
2.540000e-06	3.088927e-06	8.633356e-10	2.146368e+01	5.860013e+01
2.550000e-06	3.127493e-06	8.712386e-10	2.173166e+01	5.906667e+01
2.560000e-06	3.165846e-06	8.772710e-10	2.199816e+01	5.952509e+01
2.570000e-06	3.203954e-06	8.849264e-10	2.226295e+01	5.997559e+01
2.580000e-06	3.241880e-06	8.948850e-10	2.252649e+01	6.041838e+01
2.590000e-06	3.279625e-06	9.044300e-10	2.278876e+01	6.085363e+01
2.600000e-06	3.317167e-06	9.116938e-10	2.304962e+01	6.128152e+01
2.610000e-06	3.354524e-06	9.175042e-10	2.330921e+01	6.170218e+01
2.620000e-06	3.391670e-06	9.227397e-10	2.356731e+01	6.211574e+01
2.630000e-06	3.428456e-06	9.270729e-10	2.382292e+01	6.252232e+01
2.640000e-06	3.464938e-06	9.303134e-10	2.407642e+01	6.292201e+01
2.650000e-06	3.501291e-06	9.366811e-10	2.432903e+01	6.331491e+01
2.660000e-06	3.537447e-06	9.456055e-10	2.458026e+01	6.370109e+01
2.670000e-06	3.573326e-06	9.547067e-10	2.482957e+01	6.408062e+01
2.680000e-06	3.609046e-06	9.625049e-10	2.507777e+01	6.445359e+01
2.690000e-06	3.644651e-06	9.664816e-10	2.532517e+01	6.482004e+01
2.700000e-06	3.680115e-06	9.694013e-10	2.557160e+01	6.518004e+01
2.710000e-06	3.715388e-06	9.737323e-10	2.581669e+01	6.553365e+01
2.720000e-06	3.750384e-06	9.784050e-10	2.605987e+01	6.588092e+01
2.730000e-06	3.785066e-06	9.832633e-10	2.630086e+01	6.622191e+01
2.740000e-06	3.819403e-06	9.875921e-10	2.653945e+01	6.655668e+01
2.750000e-06	3.853275e-06	9.911668e-10	2.677482e+01	6.688530e+01
2.760000e-06	3.886627e-06	9.954048e-10	2.700656e+01	6.720783e+01
2.770000e-06	3.919497e-06	1.000205e-09	2.723496e+01	6.752434e+01
2.780000e-06	3.951947e-06	1.006112e-09	2.746045e+01	6.783489e+01
2.790000e-06	3.984077e-06	1.010988e-09	2.768371e+01	6.813957e+01
2.800000e-06	4.015968e-06	1.013267e-09	2.790530e+01	6.843845e+01
2.810000e-06	4.047672e-06	1.014750e-09	2.812560e+01	6.873161e+01
2.820000e-06	4.079226e-06	1.017352e-09	2.834486e+01	6.901913e+01
2.830000e-06	4.110560e-06	1.021088e-09	2.856258e+01	6.930112e+01
2.840000e-06	4.141656e-06	1.024419e-09	2.877866e+01	6.957764e+01
2.850000e-06	4.172540e-06	1.027136e-09	2.899326e+01	6.984881e+01
2.860000e-06	4.203086e-06	1.030676e-09	2.920551e+01	7.011469e+01
2.870000e-06	4.233287e-06	1.035558e-09	2.941536e+01	7.037540e+01
2.880000e-06	4.263222e-06	1.038645e-09	2.962337e+01	7.063102e+01
2.890000e-06	4.292894e-06	1.039157e-09	2.982955e+01	7.088164e+01
2.900000e-06	4.322308e-06	1.040203e-09	3.003393e+01	7.112734e+01
2.910000e-06	4.351463e-06	1.042377e-09	3.023652e+01	7.136822e+01
2.920000e-06	4.380306e-06	1.046021e-09	3.043694e+01	7.160435e+01
2.930000e-06	4.408817e-06	1.051247e-09	3.063505e+01	7.183581e+01
2.940000e-06	4.437051e-06	1.055228e-09	3.083124e+01	7.206267e+01
2.950000e-06	4.465043e-06	1.057594e-09	3.102574e+01	7.228500e+01
2.960000e-06	4.492790e-06	1.059623e-09	3.121855e+01	7.250286e+01
2.970000e-06	4.520355e-06	1.061706e-09	3.141008e+01	7.271631e+01
2.980000e-06	4.547789e-06	1.063195e-09	3.160071e+01	7.292538e+01
2.990000e-06	4.574960e-06	1.063457e-09	3.178951e+01	7.313013e+01
3.000000e-06	4.601739e-06	1.063333e-09	3.197559e+01	7.333058e+01
3.010000e-06	4.628146e-06	1.063716e-09	3.215908e+01	7.352677e+01
3.020000e-06	4.654081e-06	1.065767e-09	3.233929e+01	7.371871e+01
3.030000e-06	4.679319e-06	1.070659e-09	3.251465e+01	7.390642e+01
3.040000e-06	4.703915e-06	1.076015e-09	3.268556e+01	7.408991e+01
3.050000e-06	4.728150e-06	1.079168e-09	3.285396e+01	7.426918e+01
3.060000e-06	4.752109e-06	1.082498e-09	3.302045e+01	7.444423e+01
3.070000e-06	4.775772e-06	1.083826e-09	3.318487e+01	7.461506e+01
3.080000e-06	4.799141e-06	1.084509e-09	3.334725e+01	7.478166e+01
3.090000e-06	4.822188e-06	1.085353e-09	3.350739e+01	7.494401e+01
3.100000e-06	4.844887e-06	1.085838e-09	3.366512e+01	7.510212e+01
3.110000e-06	4.867262e-06	1.086924e-09	3.382059e+01	7.525595e+01
3.120000e-06	4.889266e-06	1.088972e-09	3.397349e+01	7.540552e+01
3.130000e-06	4.910933e-06	1.092715e-09	3.412405e+01	7.555080e+01
3.140000e-06	4.932331e-06	1.095696e-09	3.427273e+01	7.569179e+01
3.150000e-06	4.953425e-06	1.095769e-09	3.441931e+01	7.582848e+01
3.160000e-06	4.974167e-06	1.094647e-09	3.456344e+01	7.596088e+01
3.170000e-06	4.994547e-06	1.094919e-09	3.470504e+01	7.608900e+01
3.180000e-06	5.014649e-06	1.096045e-09	3.484472e+01	7.621284e+01
3.190000e-06	5.034519e-06	1.099776e-09	3.498279e+01	7.633243e+01
3.200000e-06	5.054170e-06	1.105573e-09	3.511934e+01	7.644779e+01
3.210000e-06	5.073513e-06	1.110646e-09	3.525375e+01	7.655897e+01
3.220000e-06	5.092502e-06	1.111600e-09	3.538569e+01	7.666600e+01
3.230000e-06	5.111199e-06	1.108838e-09	3.551561e+01	7.676893e+01
3.240000e-06	5.129515e-06	1.106370e-09	3.564288e+01	7.686784e+01
3.250000e-06	5.147434e-06	1.105108e-09	3.576740e+01	7.696279e+01
3.260000e-06	5.164935e-06	1.105792e-09	3.588900e+01	7.705386e+01
3.270000e-06	5.181976e-06	1.110579e-09	3.600741e+01	7.714114e+01
3.280000e-06	5.198639e-06	1.116871e-09	3.612320e+01	7.722473e+01
3.290000e-06	5.215014e-06	1.122270e-09	3.623698e+01	7.730473e+01
3.300000e-06	5.231060e-06	1.123975e-09	3.634848e+01	7.738125e+01
3.310000e-06	5.246679e-06	1.124272e-09	3.645700e+01	7.745442e+01
3.320000e-06	5.261891e-06	1.123648e-09	3.656271e+01	7.752434e+01
3.330000e-06	5.276674e-06	1.122763e-09	3.666543e+01	7.759116e+01
3.340000e-06	5.290965e-06	1.123458e-09	3.676473e+01	7.765499e+01
3.350000e-06	5.304790e-06	1.124981e-09	3.686079e+01	7.771598e+01
3.360000e-06	5.318237e-06	1.126815e-09	3.695423e+01	7.777424e+01
3.370000e-06	5.331341e-06	1.129524e-09	3.704529e+01	7.782993e+01
3.380000e-06	5.344076e-06	1.132222e-09	3.713378e+01	7.788315e+01
3.390000e-06	5.356419e-06	1.133508e-09	3.721954e+01	7.793404e+01
3.400000e-06	5.368412e-06	1.134686e-09	3.730288e+01	7.798272e+01
3.410000e-06	5.380001e-06	1.135646e-09	3.738341e+01	7.802930e+01
3.420000e-06	5.391157e-06	1.136286e-09	3.746093e+01	7.807388e+01
3.430000e-06	5.401951e-06	1.136489e-09	3.753592e+01	7.811656e+01
3.440000e-06	5.412271e-06	1.137331e-09	3.760764e+01	7.815744e+01
3.450000e-06	5.421983e-06	1.140246e-09	3.767512e+01	7.819657e+01
3.460000e-06	5.431075e-06	1.144397e-09	3.773830e+01	7.823402e+01
3.470000e-06	5.439507e-06	1.148041e-09	3.779689e+01	7.826984e+01
3.480000e-06	5.447504e-06	1.150427e-09	3.785246e+01	7.830407e+01
3.490000e-06	5.455232e-06	1.150196e-09	3.790615e+01	7.833671e+01
3.500000e-06	5.462648e-06	1.148989e-09	3.795768e+01	7.836778e+01
3.510000e-06	5.469760e-06	1.146875e-09	3.800710e+01	7.839727e+01
3.520000e-06	5.476532e-06	1.145358e-09	3.805416e+01	7.842513e+01
3.530000e-06	5.482939e-06	1.146155e-09	3.809868e+01	7.845133e+01
3.540000e-06	5.488941e-06	1.149151e-09	3.814038e+01	7.847581e+01
3.550000e-06	5.494579e-06	1.151200e-09	3.817956e+01	7.849849e+01
3.560000e-06	5.499887e-06	1.151751e-09	3.821644e+01	7.851928e+01
3.570000e-06	5.504836e-06	1.152266e-09	3.825083e+01	7.853809e+01
3.580000e-06	5.509388e-06	1.152130e-09	3.828246e+01	7.855478e+01
3.590000e-06	5.513605e-06	1.152829e-09	3.831176e+01	7.856924e+01
3.600000e-06	5.517548e-06	1.154183e-09	3.833916e+01	7.858133e+01
3.610000e-06	5.521214e-06	1.155179e-09	3.836464e+01	7.859090e+01
3.620000e-06	5.524577e-06	1.156338e-09	3.838800e+01	7.859779e+01
3.630000e-06	5.527557e-06	1.155094e-09	3.840871e+01	7.860184e+01
3.640000e-06	5.530065e-06	1.151182e-09	3.842614e+01	7.860289e+01
3.650000e-06	5.532103e-06	1.149481e-09	3.844030e+01	7.860077e+01
3.660000e-06	5.533588e-06	1.151494e-09	3.845062e+01	7.859531e+01
3.670000e-06	5.534468e-06	1.154100e-09	3.845673e+01	7.858636e+01
3.680000e-06	5.534900e-06	1.155430e-09	3.845973e+01	7.857373e+01
3.690000e-06	5.534938e-06	1.154925e-09	3.846000e+01	7.855728e+01
3.700000e-06	5.534615e-06	1.151599e-09	3.845776e+01	7.853686e+01
3.710000e-06	5.533974e-06	1.146393e-09	3.845330e+01	7.851231e+01
3.720000e-06	5.533025e-06	1.142146e-09	3.844671e+01	7.848352e+01
3.730000e-06	5.531722e-06	1.139617e-09	3.843765e+01	7.845036e+01
3.740000e-06	5.530086e-06	1.136633e-09	3.842628e+01	7.841272e+01
3.750000e-06	5.528176e-06	1.121375e-09	3.841301e+01	7.837051e+01
3.760000e-06	5.525901e-06	1.103345e-09	3.839720e+01	7.832367e+01
3.770000e-06	5.523202e-06	1.126272e-09	3.837845e+01	7.827212e+01
3.780000e-06	5.520088e-06	1.181604e-09	3.835681e+01	7.821582e+01
3.790000e-06	5.516459e-06	1.201037e-09	3.833160e+01	7.815477e+01
3.800000e-06	5.512413e-06	1.128786e-09	3.830348e+01	7.808895e+01
3.810000e-06	5.508114e-06	1.054417e-09	3.827361e+01	7.801837e+01
3.820000e-06	5.503547e-06	1.092941e-09	3.824188e+01	7.794309e+01
3.830000e-06	5.498677e-06	1.167839e-09	3.820804e+01	7.786314e+01
3.840000e-06	5.493297e-06	1.143988e-09	3.817065e+01	7.777861e+01
3.850000e-06	5.487410e-06	1.099738e-09	3.812975e+01	7.768958e+01
3.860000e-06	5.481205e-06	1.160552e-09	3.808663e+01	7.759617e+01
3.870000e-06	5.474650e-06	1.267234e-09	3.804109e+01	7.749849e+01
3.880000e-06	5.467625e-06	1.219755e-09	3.799227e+01	7.739670e+01
3.890000e-06	5.460100e-06	1.072628e-09	3.793998e+01	7.729094e+01
3.900000e-06	5.452098e-06	1.087728e-09	3.788438e+01	7.718138e+01
3.910000e-06	5.443668e-06	1.222941e-09	3.782580e+01	7.706820e+01
3.920000e-06	5.434877e-06	1.246434e-09	3.776471e+01	7.695158e+01
3.930000e-06	5.425788e-06	1.136539e-09	3.770156e+01	7.683172e+01
3.940000e-06	5.416396e-06	1.138356e-09	3.763630e+01	7.670882e+01
3.950000e-06	5.406604e-06	1.216917e-09	3.756826e+01	7.658306e+01
3.960000e-06	5.396421e-06	1.209675e-09	3.749750e+01	7.645467e+01
3.970000e-06	5.385918e-06	1.117957e-09	3.742452e+01	7.632384e+01
3.980000e-06	5.375086e-06	1.126910e-09	3.734926e+01	7.619076e+01
3.990000e-06	5.363794e-06	1.182778e-09	3.727079e+01	7.605563e+01
4.000000e-06	5.352051e-06	1.166727e-09	3.718920e+01	7.591863e+01
4.010000e-06	5.339949e-06	1.136438e-09	3.710510e+01	7.577994e+01
4.020000e-06	5.327429e-06	1.173775e-09	3.701811e+01	7.563973e+01
4.030000e-06	5.314423e-06	1.206011e-09	3.692773e+01	7.549815e+01
4.040000e-06	5.300952e-06	1.149837e-09	3.683413e+01	7.535533e+01
4.050000e-06	5.286984e-06	1.110350e-09	3.673707e+01	7.521140e+01
4.060000e-06	5.272452e-06	1.144483e-09	3.663609e+01	7.506647e+01
4.070000e-06	5.257409e-06	1.185985e-09	3.653156e+01	7.492063e+01
4.080000e-06	5.241824e-06	1.153266e-09	3.642327e+01	7.477394e+01
4.090000e-06	5.225802e-06	1.129341e-09	3.631194e+01	7.462646e+01
4.100000e-06	5.209475e-06	1.161559e-09	3.619849e+01	7.447822e+01
4.110000e-06	5.192909e-06	1.184863e-09	3.608338e+01	7.432923e+01
4.120000e-06	5.176092e-06	1.140606e-09	3.596652e+01	7.417947e+01
4.130000e-06	5.158866e-06	1.124967e-09	3.584683e+01	7.402893e+01
4.140000e-06	5.141191e-06	1.157148e-09	3.572401e+01	7.387756e+01
4.150000e-06	5.123134e-06	1.162821e-09	3.559855e+01	7.372529e+01
4.160000e-06	5.104770e-06	1.131426e-09	3.547094e+01	7.357203e+01
4.170000e-06	5.086045e-06	1.154387e-09	3.534082e+01	7.341768e+01
4.180000e-06	5.066920e-06	1.173508e-09	3.520793e+01	7.326213e+01
4.190000e-06	5.047508e-06	1.133140e-09	3.507305e+01	7.310525e+01
4.200000e-06	5.027832e-06	1.118642e-09	3.493633e+01	7.294689e+01
4.210000e-06	5.007824e-06	1.156231e-09	3.479730e+01	7.278689e+01
4.220000e-06	4.987502e-06	1.141818e-09	3.465609e+01	7.262509e+01
4.230000e-06	4.966953e-06	1.114305e-09	3.451330e+01	7.246132e+01
4.240000e-06	4.946173e-06	1.147872e-09	3.436892e+01	7.229539e+01
4.250000e-06	4.925142e-06	1.151291e-09	3.422278e+01	7.212712e+01
4.260000e-06	4.903697e-06	1.106799e-09	3.407377e+01	7.195633e+01
4.270000e-06	4.881500e-06	1.121888e-09	3.391953e+01	7.178281e+01
4.280000e-06	4.858595e-06	1.146769e-09	3.376037e+01	7.160640e+01
4.290000e-06	4.835273e-06	1.101506e-09	3.359831e+01	7.142689e+01
4.300000e-06	4.811610e-06	1.095123e-09	3.343389e+01	7.124412e+01
4.310000e-06	4.787621e-06	1.140749e-09	3.326720e+01	7.105790e+01
4.320000e-06	4.763413e-06	1.129877e-09	3.309899e+01	7.086808e+01
4.330000e-06	4.739015e-06	1.098693e-09	3.292946e+01	7.067448e+01
4.340000e-06	4.714335e-06	1.118846e-09	3.275797e+01	7.047698e+01
4.350000e-06	4.689299e-06	1.119186e-09	3.258400e+01	7.027542e+01
4.360000e-06	4.663860e-06	1.099306e-09	3.240724e+01	7.006969e+01
4.370000e-06	4.638025e-06	1.111014e-09	3.222772e+01	6.985967e+01
4.380000e-06	4.611910e-06	1.115533e-09	3.204626e+01	6.964526e+01
4.390000e-06	4.585461e-06	1.088999e-09	3.186248e+01	6.942639e+01
4.400000e-06	4.558657e-06	1.089939e-09	3.167622e+01	6.920297e+01
4.410000e-06	4.531594e-06	1.098321e-09	3.148818e+01	6.897496e+01
4.420000e-06	4.504238e-06	1.086090e-09	3.129809e+01	6.874231e+01
4.430000e-06	4.476554e-06	1.082949e-09	3.110572e+01	6.850500e+01
4.440000e-06	4.448624e-06	1.090467e-09	3.091165e+01	6.826300e+01
4.450000e-06	4.420480e-06	1.078823e-09	3.071609e+01	6.801631e+01
4.460000e-06	4.392132e-06	1.071367e-09	3.051911e+01	6.776494e+01
4.470000e-06	4.363587e-06	1.074183e-09	3.032076e+01	6.750891e+01
4.480000e-06	4.334792e-06	1.065902e-09	3.012068e+01	6.724824e+01
4.490000e-06	4.305695e-06	1.054340e-09	2.991850e+01	6.698298e+01
4.500000e-06	4.276120e-06	1.058145e-09	2.971299e+01	6.671316e+01
4.510000e-06	4.246033e-06	1.058642e-09	2.950393e+01	6.643884e+01
4.520000e-06	4.215472e-06	1.052367e-09	2.929157e+01	6.616007e+01
4.530000e-06	4.184417e-06	1.050771e-09	2.907579e+01	6.587691e+01
4.540000e-06	4.152908e-06	1.043733e-09	2.885685e+01	6.558942e+01
4.550000e-06	4.121062e-06	1.028505e-09	2.863556e+01	6.529765e+01
4.560000e-06	4.089006e-06	1.025792e-09	2.841282e+01	6.500166e+01
4.570000e-06	4.056798e-06	1.031830e-09	2.818901e+01	6.470153e+01
4.580000e-06	4.024442e-06	1.025965e-09	2.796419e+01	6.439728e+01
4.590000e-06	3.991891e-06	1.018795e-09	2.773800e+01	6.408899e+01
4.600000e-06	3.959106e-06	1.018598e-09	2.751020e+01	6.377669e+01
4.610000e-06	3.926028e-06	1.015544e-09	2.728035e+01	6.346043e+01
4.620000e-06	3.892592e-06	1.008972e-09	2.704802e+01	6.314023e+01
4.630000e-06	3.858859e-06	1.010702e-09	2.681362e+01	6.281613e+01
4.640000e-06	3.824965e-06	1.008309e-09	2.657810e+01	6.248813e+01
4.650000e-06	3.790794e-06	9.981256e-10	2.634066e+01	6.215626e+01
4.660000e-06	3.756364e-06	9.948155e-10	2.610143e+01	6.182051e+01
4.670000e-06	3.721771e-06	9.979488e-10	2.586105e+01	6.148088e+01
4.680000e-06	3.686895e-06	9.898604e-10	2.561871e+01	6.113735e+01
4.690000e-06	3.651758e-06	9.812285e-10	2.537456e+01	6.078992e+01
4.700000e-06	3.616344e-06	9.805145e-10	2.512848e+01	6.043854e+01
4.710000e-06	3.580638e-06	9.796106e-10	2.488037e+01	6.008319e+01
4.720000e-06	3.544725e-06	9.753643e-10	2.463083e+01	5.972382e+01
4.730000e-06	3.508627e-06	9.744551e-10	2.438000e+01	5.936040e+01
4.740000e-06	3.472372e-06	9.685752e-10	2.412808e+01	5.899289e+01
4.750000e-06	3.435983e-06	9.558743e-10	2.387523e+01	5.862122e+01
4.760000e-06	3.399421e-06	9.482727e-10	2.362117e+01	5.824534e+01
4.770000e-06	3.362614e-06	9.470536e-10	2.336542e+01	5.786522e+01
4.780000e-06	3.325553e-06	9.420647e-10	2.310789e+01	5.748079e+01
4.790000e-06	3.288318e-06	9.348664e-10	2.284916e+01	5.709201e+01
4.800000e-06	3.250781e-06	9.298159e-10	2.258833e+01	5.669883e+01
4.810000e-06	3.212863e-06	9.234113e-10	2.232486e+01	5.630122e+01
4.820000e-06	3.174527e-06	9.141577e-10	2.205847e+01	5.589912e+01
4.830000e-06	3.135723e-06	9.065859e-10	2.178884e+01	5.549252e+01
4.840000e-06	3.096586e-06	9.005270e-10	2.151690e+01	5.508138e+01
4.850000e-06	3.057134e-06	8.926931e-10	2.124276e+01	5.466568e+01
4.860000e-06	3.017429e-06	8.855683e-10	2.096687e+01	5.424542e+01
4.870000e-06	2.977569e-06	8.798186e-10	2.068990e+01	5.382060e+01
4.880000e-06	2.937539e-06	8.721865e-10	2.041175e+01	5.339121e+01
4.890000e-06	2.897311e-06	8.618066e-10	2.013222e+01	5.295726e+01
4.900000e-06	2.856898e-06	8.525971e-10	1.985140e+01	5.251879e+01
4.910000e-06	2.816390e-06	8.444307e-10	1.956993e+01	5.207581e+01
4.920000e-06	2.775778e-06	8.398902e-10	1.928773e+01	5.162836e+01
4.930000e-06	2.734992e-06	8.379619e-10	1.900433e+01	5.117647e+01
4.940000e-06	2.694068e-06	8.334114e-10	1.871997e+01	5.072019e+01
4.950000e-06	2.652959e-06	8.237354e-10	1.843432e+01	5.025956e+01
4.960000e-06	2.611582e-06	8.128570e-10	1.814680e+01	4.979463e+01
4.970000e-06	2.570004e-06	8.018531e-10	1.785790e+01	4.932544e+01
4.980000e-06	2.528259e-06	7.914912e-10	1.756783e+01	4.885204e+01
4.990000e-06	2.486347e-06	7.832142e-10	1.727660e+01	4.837446e+01
5.000000e-06	2.444295e-06	7.789880e-10	1.698439e+01	4.789275e+01
5.010000e-06	2.402116e-06	7.749225e-10	1.669131e+01	4.740692e+01
5.020000e-06	2.359800e-06	7.678419e-10	1.639727e+01	4.691699e+01
5.030000e-06	2.317328e-06	7.589847e-10	1.610216e+01	4.642296e+01
5.040000e-06	2.274669e-06	7.492950e-10	1.580574e+01	4.592481e+01
5.050000e-06	2.231808e-06	7.367587e-10	1.550792e+01	4.542251e+01
5.060000e-06	2.188823e-06	7.241050e-10	1.520923e+01	4.491601e+01
5.070000e-06	2.145692e-06	7.147412e-10	1.490953e+01	4.440522e+01
5.080000e-06	2.102345e-06	7.077653e-10	1.460833e+01	4.389004e+01
5.090000e-06	2.058798e-06	7.029393e-10	1.430574e+01	4.337036e+01
5.100000e-06	2.015047e-06	6.991163e-10	1.400173e+01	4.284600e+01
5.110000e-06	1.971231e-06	6.938969e-10	1.369727e+01	4.231678e+01
5.120000e-06	1.927374e-06	6.868201e-10	1.339252e+01	4.178248e+01
5.130000e-06	1.883395e-06	6.783158e-10	1.308694e+01	4.124285e+01
5.140000e-06	1.839319e-06	6.670121e-10	1.278067e+01	4.069759e+01
5.150000e-06	1.795148e-06	6.543298e-10	1.247374e+01	4.014639e+01
5.160000e-06	1.750894e-06	6.448835e-10	1.216624e+01	3.958888e+01
5.170000e-06	1.706525e-06	6.378407e-10	1.185794e+01	3.902468e+01
5.180000e-06	1.662094e-06	6.309685e-10	1.154920e+01	3.845336e+01
5.190000e-06	1.617631e-06	6.242794e-10	1.124025e+01	3.787445e+01
5.200000e-06	1.573067e-06	6.162001e-10	1.093059e+01	3.728747e+01
5.210000e-06	1.528450e-06	6.093424e-10	1.062057e+01	3.669189e+01
5.220000e-06	1.483796e-06	6.011435e-10	1.031028e+01	3.608716e+01
5.230000e-06	1.439049e-06	5.910826e-10	9.999361e+00	3.547269e+01
5.240000e-06	1.394210e-06	5.808753e-10	9.687789e+00	3.484789e+01
5.250000e-06	1.349288e-06	5.700063e-10	9.375648e+00	3.421213e+01
5.260000e-06	1.304304e-06	5.576227e-10	9.063073e+00	3.356478e+01
5.270000e-06	1.259244e-06	5.452088e-10	8.749964e+00	3.290518e+01
5.280000e-06	1.214074e-06	5.384444e-10	8.436097e+00	3.223267e+01
5.290000e-06	1.168753e-06	5.368260e-10	8.121185e+00	3.154659e+01
5.300000e-06	1.123363e-06	5.333354e-10	7.805786e+00	3.084627e+01
5.310000e-06	1.077934e-06	5.263769e-10	7.490116e+00	3.013104e+01
5.320000e-06	1.032359e-06	5.168944e-10	7.173439e+00	2.940027e+01
5.330000e-06	9.866631e-07	5.026724e-10	6.855915e+00	2.865332e+01
5.340000e-06	9.408988e-07	4.852579e-10	6.537917e+00	2.788958e+01
5.350000e-06	8.950889e-07	4.686839e-10	6.219603e+00	2.710846e+01
5.360000e-06	8.492076e-07	4.568845e-10	5.900793e+00	2.630941e+01
5.370000e-06	8.032436e-07	4.479596e-10	5.581408e+00	2.549192e+01
5.380000e-06	7.572452e-07	4.395770e-10	5.261785e+00	2.465550e+01
5.390000e-06	7.112180e-07	4.305241e-10	4.941960e+00	2.379974e+01
5.400000e-06	6.651217e-07	4.203003e-10	4.621656e+00	2.292426e+01
5.410000e-06	6.188468e-07	4.066286e-10	4.300111e+00	2.202876e+01
5.420000e-06	5.724454e-07	3.894806e-10	3.977687e+00	2.111297e+01
5.430000e-06	5.260417e-07	3.693450e-10	3.655247e+00	2.017671e+01
5.440000e-06	4.796027e-07	3.479832e-10	3.332561e+00	1.921987e+01
5.450000e-06	4.331278e-07	3.331437e-10	3.009626e+00	1.824240e+01
5.460000e-06	3.866859e-07	3.245728e-10	2.686921e+00	1.724435e+01
5.470000e-06	3.402248e-07	3.166046e-10	2.364081e+00	1.622581e+01
5.480000e-06	2.936575e-07	3.040852e-10	2.040505e+00	1.518700e+01
5.490000e-06	2.470434e-07	2.874030e-10	1.716603e+00	1.412818e+01
5.500000e-06	2.005190e-07	2.673402e-10	1.393324e+00	1.304972e+01
5.510000e-06	1.540435e-07	2.434125e-10	1.070385e+00	1.195205e+01
5.520000e-06	1.075766e-07	2.195201e-10	7.475056e-01	1.083572e+01
5.530000e-06	6.107938e-08	1.989297e-10	4.244154e-01	9.701319e+00
5.540000e-06	1.454884e-08	1.814784e-10	1.010939e-01	8.549553e+00
5.550000e-06	-3.193301e-08	1.665360e-10	-2.218893e-01	7.381191e+00
5.560000e-06	-7.846830e-08	1.530920e-10	-5.452438e-01	6.197080e+00
5.570000e-06	-1.249812e-07	1.371334e-10	-8.684429e-01	4.998145e+00
5.580000e-06	-1.714645e-07	1.173074e-10	-1.191436e+00	3.785376e+00
5.590000e-06	-2.180121e-07	9.775232e-11	-1.514876e+00	2.559834e+00
5.600000e-06	-2.645489e-07	7.798675e-11	-1.838241e+00	1.322640e+00
5.610000e-06	-3.110991e-07	5.773885e-11	-2.161699e+00	7.497136e-02
5.620000e-06	-3.575710e-07	3.697360e-11	-2.484613e+00	-1.181944e+00
5.630000e-06	-4.038993e-07	1.423874e-11	-2.806530e+00	-2.446831e+00
5.640000e-06	-4.501464e-07	-8.110595e-12	-3.127882e+00	-3.718376e+00
5.650000e-06	-4.963201e-07	-3.021699e-11	-3.448724e+00	-4.995234e+00
5.660000e-06	-5.425512e-07	-5.356348e-11	-3.769965e+00	-6.276032e+00
5.670000e-06	-5.888531e-07	-7.712623e-11	-4.091697e+00	-7.559378e+00
5.680000e-06	-6.350643e-07	-1.007648e-10	-4.412800e+00	-8.843867e+00
5.690000e-06	-6.812583e-07	-1.240692e-10	-4.733783e+00	-1.012809e+01
5.700000e-06	-7.274557e-07	-1.456996e-10	-5.054789e+00	-1.141064e+01
5.710000e-06	-7.734999e-07	-1.673946e-10	-5.374731e+00	-1.269011e+01
5.720000e-06	-8.194592e-07	-1.891978e-10	-5.694084e+00	-1.396513e+01
5.730000e-06	-8.654380e-07	-2.102731e-10	-6.013571e+00	-1.523433e+01
5.740000e-06	-9.114000e-07	-2.323725e-10	-6.332942e+00	-1.649637e+01
5.750000e-06	-9.572406e-07	-2.535956e-10	-6.651470e+00	-1.774997e+01
5.760000e-06	-1.002935e-06	-2.738291e-10	-6.968979e+00	-1.899385e+01
5.770000e-06	-1.048454e-06	-2.954810e-10	-7.285277e+00	-2.022682e+01
5.780000e-06	-1.093794e-06	-3.186255e-10	-7.600322e+00	-2.144771e+01
5.790000e-06	-1.139081e-06	-3.402803e-10	-7.915002e+00	-2.265543e+01
5.800000e-06	-1.184359e-06	-3.586644e-10	-8.229619e+00	-2.384893e+01
5.810000e-06	-1.229615e-06	-3.773431e-10	-8.544086e+00	-2.502724e+01
5.820000e-06	-1.274725e-06	-3.969542e-10	-8.857538e+00	-2.618946e+01
5.830000e-06	-1.319655e-06	-4.157508e-10	-9.169737e+00	-2.733475e+01
5.840000e-06	-1.364504e-06	-4.350472e-10	-9.481375e+00	-2.846236e+01
5.850000e-06	-1.409266e-06	-4.556910e-10	-9.792410e+00	-2.957160e+01
5.860000e-06	-1.453914e-06	-4.758063e-10	-1.010265e+01	-3.066187e+01
5.870000e-06	-1.498480e-06	-4.955850e-10	-1.041232e+01	-3.173265e+01
5.880000e-06	-1.543057e-06	-5.159527e-10	-1.072206e+01	-3.278348e+01
5.890000e-06	-1.587563e-06	-5.332402e-10	-1.103132e+01	-3.381400e+01
5.900000e-06	-1.631946e-06	-5.459782e-10	-1.133972e+01	-3.482392e+01
5.910000e-06	-1.676299e-06	-5.585048e-10	-1.164791e+01	-3.581302e+01
5.920000e-06	-1.720626e-06	-5.728642e-10	-1.195592e+01	-3.678116e+01
5.930000e-06	-1.764867e-06	-5.883430e-10	-1.226333e+01	-3.772827e+01
5.940000e-06	-1.808983e-06	-6.063315e-10	-1.256988e+01	-3.865436e+01
5.950000e-06	-1.853039e-06	-6.242224e-10	-1.287600e+01	-3.955949e+01
5.960000e-06	-1.897005e-06	-6.373342e-10	-1.318150e+01	-4.044379e+01
5.970000e-06	-1.940852e-06	-6.477079e-10	-1.348618e+01	-4.130746e+01
5.980000e-06	-1.984619e-06	-6.588542e-10	-1.379030e+01	-4.215073e+01
5.990000e-06	-2.028246e-06	-6.698302e-10	-1.409344e+01	-4.297390e+01
6.000000e-06	-2.071712e-06	-6.815943e-10	-1.439547e+01	-4.377732e+01
6.010000e-06	-2.115024e-06	-6.953632e-10	-1.469643e+01	-4.456137e+01
6.020000e-06	-2.158167e-06	-7.091280e-10	-1.499621e+01	-4.532647e+01
6.030000e-06	-2.201098e-06	-7.236216e-10	-1.529452e+01	-4.607307e+01
6.040000e-06	-2.243888e-06	-7.371600e-10	-1.559185e+01	-4.680166e+01
6.050000e-06	-2.286558e-06	-7.479848e-10	-1.588835e+01	-4.751273e+01
6.060000e-06	-2.329049e-06	-7.572893e-10	-1.618360e+01	-4.820682e+01
6.070000e-06	-2.371397e-06	-7.658132e-10	-1.647786e+01	-4.888445e+01
6.080000e-06	-2.413609e-06	-7.750009e-10	-1.677118e+01	-4.954617e+01
6.090000e-06	-2.455576e-06	-7.854638e-10	-1.706278e+01	-5.019253e+01
6.100000e-06	-2.497316e-06	-7.964362e-10	-1.735282e+01	-5.082408e+01
6.110000e-06	-2.538962e-06	-8.084941e-10	-1.764220e+01	-5.144136e+01
6.120000e-06	-2.580437e-06	-8.203660e-10	-1.793039e+01	-5.204492e+01
6.130000e-06	-2.621626e-06	-8.310156e-10	-1.821660e+01	-5.263528e+01
6.140000e-06	-2.662667e-06	-8.421926e-10	-1.850178e+01	-5.321297e+01
6.150000e-06	-2.703628e-06	-8.532204e-10	-1.878640e+01	-5.377848e+01
6.160000e-06	-2.744377e-06	-8.623910e-10	-1.906954e+01	-5.433230e+01
6.170000e-06	-2.784939e-06	-8.726104e-10	-1.935139e+01	-5.487489e+01
6.180000e-06	-2.825397e-06	-8.807385e-10	-1.963252e+01	-5.540668e+01
6.190000e-06	-2.865711e-06	-8.873985e-10	-1.991264e+01	-5.592811e+01
6.200000e-06	-2.905862e-06	-8.969098e-10	-2.019163e+01	-5.643956e+01
6.210000e-06	-2.945905e-06	-9.078131e-10	-2.046988e+01	-5.694141e+01
6.220000e-06	-2.985852e-06	-9.167480e-10	-2.074746e+01	-5.743399e+01
6.230000e-06	-3.025609e-06	-9.233570e-10	-2.102371e+01	-5.791762e+01
6.240000e-06	-3.065032e-06	-9.316232e-10	-2.129764e+01	-5.839261e+01
6.250000e-06	-3.104156e-06	-9.419720e-10	-2.156950e+01	-5.885922e+01
6.260000e-06	-3.142999e-06	-9.534216e-10	-2.183940e+01	-5.931769e+01
6.270000e-06	-3.181444e-06	-9.633345e-10	-2.210654e+01	-5.976825e+01
6.280000e-06	-3.219415e-06	-9.717662e-10	-2.237039e+01	-6.021110e+01
6.290000e-06	-3.257111e-06	-9.792170e-10	-2.263232e+01	-6.064642e+01
6.300000e-06	-3.294661e-06	-9.876255e-10	-2.289324e+01	-6.107437e+01
6.310000e-06	-3.331819e-06	-9.980139e-10	-2.315144e+01	-6.149509e+01
6.320000e-06	-3.368645e-06	-1.006405e-09	-2.340733e+01	-6.190871e+01
6.330000e-06	-3.405337e-06	-1.009383e-09	-2.366228e+01	-6.231535e+01
6.340000e-06	-3.441848e-06	-1.012273e-09	-2.391598e+01	-6.271510e+01
6.350000e-06	-3.478131e-06	-1.019657e-09	-2.416809e+01	-6.310806e+01
6.360000e-06	-3.514175e-06	-1.029874e-09	-2.441855e+01	-6.349430e+01
6.370000e-06	-3.550071e-06	-1.040465e-09	-2.466798e+01	-6.387390e+01
6.380000e-06	-3.585797e-06	-1.051339e-09	-2.491622e+01	-6.424692e+01
6.390000e-06	-3.621207e-06	-1.058006e-09	-2.516227e+01	-6.461343e+01
6.400000e-06	-3.656374e-06	-1.060586e-09	-2.540663e+01	-6.497349e+01
6.410000e-06	-3.691355e-06	-1.062177e-09	-2.564970e+01	-6.532716e+01
6.420000e-06	-3.726067e-06	-1.065819e-09	-2.589090e+01	-6.567449e+01
6.430000e-06	-3.760512e-06	-1.073732e-09	-2.613025e+01	-6.601554e+01
6.440000e-06	-3.794709e-06	-1.085484e-09	-2.636787e+01	-6.635038e+01
6.450000e-06	-3.828667e-06	-1.096959e-09	-2.660383e+01	-6.667906e+01
6.460000e-06	-3.862397e-06	-1.103108e-09	-2.683820e+01	-6.700165e+01
6.470000e-06	-3.895824e-06	-1.107732e-09	-2.707048e+01	-6.731821e+01
6.480000e-06	-3.928909e-06	-1.109204e-09	-2.730036e+01	-6.762883e+01
6.490000e-06	-3.961750e-06	-1.107688e-09	-2.752857e+01	-6.793357e+01
6.500000e-06	-3.994401e-06	-1.109642e-09	-2.775544e+01	-6.823250e+01
6.510000e-06	-4.026827e-06	-1.116461e-09	-2.798076e+01	-6.852573e+01
6.520000e-06	-4.059017e-06	-1.127257e-09	-2.820443e+01	-6.881331e+01
6.530000e-06	-4.090987e-06	-1.136563e-09	-2.842658e+01	-6.909536e+01
6.540000e-06	-4.122680e-06	-1.142243e-09	-2.864680e+01	-6.937194e+01
6.550000e-06	-4.154049e-06	-1.144886e-09	-2.886477e+01	-6.964317e+01
6.560000e-06	-4.184957e-06	-1.144126e-09	-2.907954e+01	-6.990912e+01
6.570000e-06	-4.215320e-06	-1.145961e-09	-2.929052e+01	-7.016988e+01
6.580000e-06	-4.245271e-06	-1.151028e-09	-2.949864e+01	-7.042556e+01
6.590000e-06	-4.274824e-06	-1.159115e-09	-2.970399e+01	-7.067624e+01
6.600000e-06	-4.303924e-06	-1.166615e-09	-2.990619e+01	-7.092200e+01
6.610000e-06	-4.332661e-06	-1.171811e-09	-3.010587e+01	-7.116294e+01
6.620000e-06	-4.361168e-06	-1.173068e-09	-3.030396e+01	-7.139913e+01
6.630000e-06	-4.389482e-06	-1.173047e-09	-3.050070e+01	-7.163065e+01
6.640000e-06	-4.417595e-06	-1.175604e-09	-3.069604e+01	-7.185758e+01
6.650000e-06	-4.445486e-06	-1.180062e-09	-3.088985e+01	-7.207997e+01
6.660000e-06	-4.473075e-06	-1.185798e-09	-3.108155e+01	-7.229789e+01
6.670000e-06	-4.500323e-06	-1.189477e-09	-3.127089e+01	-7.251139e+01
6.680000e-06	-4.527300e-06	-1.190658e-09	-3.145834e+01	-7.272053e+01
6.690000e-06	-4.554018e-06	-1.189418e-09	-3.164399e+01	-7.292534e+01
6.700000e-06	-4.580360e-06	-1.188244e-09	-3.182703e+01	-7.312585e+01
6.710000e-06	-4.606316e-06	-1.191021e-09	-3.200739e+01	-7.332210e+01
6.720000e-06	-4.631961e-06	-1.196367e-09	-3.218558e+01	-7.351410e+01
6.730000e-06	-4.657265e-06	-1.202681e-09	-3.236141e+01	-7.370187e+01
6.740000e-06	-4.682237e-06	-1.209678e-09	-3.253493e+01	-7.388542e+01
6.750000e-06	-4.706987e-06	-1.213909e-09	-3.270691e+01	-7.406475e+01
6.760000e-06	-4.731505e-06	-1.215619e-09	-3.287728e+01	-7.423986e+01
6.770000e-06	-4.755753e-06	-1.217188e-09	-3.304576e+01	-7.441075e+01
6.780000e-06	-4.779733e-06	-1.219906e-09	-3.321239e+01	-7.457741e+01
6.790000e-06	-4.803351e-06	-1.222570e-09	-3.337650e+01	-7.473983e+01
6.800000e-06	-4.826584e-06	-1.224505e-09	-3.353794e+01	-7.489799e+01
6.810000e-06	-4.849425e-06	-1.223878e-09	-3.369665e+01	-7.505189e+01
6.820000e-06	-4.871702e-06	-1.221391e-09	-3.385145e+01	-7.520151e+01
6.830000e-06	-4.893366e-06	-1.219821e-09	-3.400198e+01	-7.534685e+01
6.840000e-06	-4.914554e-06	-1.219272e-09	-3.414921e+01	-7.548790e+01
6.850000e-06	-4.935382e-06	-1.223411e-09	-3.429393e+01	-7.562466e+01
6.860000e-06	-4.955933e-06	-1.230205e-09	-3.443673e+01	-7.575712e+01
6.870000e-06	-4.976252e-06	-1.235650e-09	-3.457792e+01	-7.588529e+01
6.880000e-06	-4.996342e-06	-1.239154e-09	-3.471752e+01	-7.600920e+01
6.890000e-06	-5.016198e-06	-1.239687e-09	-3.485549e+01	-7.612885e+01
6.900000e-06	-5.035754e-06	-1.240301e-09	-3.499137e+01	-7.624427e+01
6.910000e-06	-5.054909e-06	-1.241353e-09	-3.512447e+01	-7.635551e+01
6.920000e-06	-5.073653e-06	-1.245391e-09	-3.525472e+01	-7.646260e+01
6.930000e-06	-5.092055e-06	-1.251246e-09	-3.538259e+01	-7.656559e+01
6.940000e-06	-5.110153e-06	-1.256701e-09	-3.550835e+01	-7.666456e+01
6.950000e-06	-5.127864e-06	-1.258887e-09	-3.563141e+01	-7.675957e+01
6.960000e-06	-5.145276e-06	-1.258903e-09	-3.575240e+01	-7.685070e+01
6.970000e-06	-5.162446e-06	-1.258679e-09	-3.587171e+01	-7.693805e+01
6.980000e-06	-5.179224e-06	-1.259456e-09	-3.598829e+01	-7.702169e+01
6.990000e-06	-5.195659e-06	-1.262786e-09	-3.610249e+01	-7.710175e+01
7.000000e-06	-5.211825e-06	-1.265674e-09	-3.621482e+01	-7.717834e+01
7.010000e-06	-5.227668e-06	-1.266411e-09	-3.632491e+01	-7.725156e+01
7.020000e-06	-5.243144e-06	-1.264266e-09	-3.643244e+01	-7.732155e+01
7.030000e-06	-5.258019e-06	-1.262285e-09	-3.653580e+01	-7.738842e+01
7.040000e-06	-5.272197e-06	-1.262620e-09	-3.663432e+01	-7.745232e+01
7.050000e-06	-5.285849e-06	-1.264191e-09	-3.672919e+01	-7.751336e+01
7.060000e-06	-5.299096e-06	-1.268008e-09	-3.682123e+01	-7.757169e+01
7.070000e-06	-5.311892e-06	-1.273640e-09	-3.691014e+01	-7.762743e+01
7.080000e-06	-5.324234e-06	-1.276049e-09	-3.699590e+01	-7.768072e+01
7.090000e-06	-5.336247e-06	-1.275493e-09	-3.707938e+01	-7.773167e+01
7.100000e-06	-5.347927e-06	-1.273164e-09	-3.716054e+01	-7.778041e+01
7.110000e-06	-5.359140e-06	-1.269820e-09	-3.723845e+01	-7.782705e+01
7.120000e-06	-5.369899e-06	-1.267702e-09	-3.731321e+01	-7.787169e+01
7.130000e-06	-5.380382e-06	-1.268849e-09	-3.738606e+01	-7.791444e+01
7.140000e-06	-5.390565e-06	-1.269829e-09	-3.745681e+01	-7.795537e+01
7.150000e-06	-5.400356e-06	-1.269794e-09	-3.752485e+01	-7.799456e+01
7.160000e-06	-5.409700e-06	-1.270841e-09	-3.758977e+01	-7.803207e+01
7.170000e-06	-5.418651e-06	-1.273139e-09	-3.765197e+01	-7.806796e+01
7.180000e-06	-5.427356e-06	-1.273223e-09	-3.771246e+01	-7.810224e+01
7.190000e-06	-5.435830e-06	-1.272343e-09	-3.777134e+01	-7.813495e+01
7.200000e-06	-5.443997e-06	-1.271777e-09	-3.782809e+01	-7.816608e+01
7.210000e-06	-5.451759e-06	-1.268536e-09	-3.788202e+01	-7.819562e+01
7.220000e-06	-5.459117e-06	-1.267008e-09	-3.793315e+01	-7.822355e+01
7.230000e-06	-5.466025e-06	-1.268041e-09	-3.798115e+01	-7.824981e+01
7.240000e-06	-5.472331e-06	-1.269824e-09	-3.802497e+01	-7.827435e+01
7.250000e-06	-5.478048e-06	-1.269672e-09	-3.806469e+01	-7.829709e+01
7.260000e-06	-5.483285e-06	-1.269932e-09	-3.810109e+01	-7.831794e+01
7.270000e-06	-5.488111e-06	-1.269466e-09	-3.813462e+01	-7.833681e+01
7.280000e-06	-5.492603e-06	-1.266394e-09	-3.816583e+01	-7.835356e+01
7.290000e-06	-5.496882e-06	-1.264130e-09	-3.819557e+01	-7.836808e+01
7.300000e-06	-5.500959e-06	-1.262143e-09	-3.822389e+01	-7.838023e+01
7.310000e-06	-5.504672e-06	-1.261450e-09	-3.824969e+01	-7.838986e+01
7.320000e-06	-5.507986e-06	-1.261479e-09	-3.827272e+01	-7.839681e+01
7.330000e-06	-5.510946e-06	-1.260258e-09	-3.829329e+01	-7.840092e+01
7.340000e-06	-5.513511e-06	-1.259049e-09	-3.831111e+01	-7.840203e+01
7.350000e-06	-5.515707e-06	-1.256786e-09	-3.832637e+01	-7.839997e+01
7.360000e-06	-5.517585e-06	-1.253600e-09	-3.833942e+01	-7.839458e+01
7.370000e-06	-5.518998e-06	-1.252511e-09	-3.834924e+01	-7.838568e+01
7.380000e-06	-5.519988e-06	-1.252737e-09	-3.835612e+01	-7.837311e+01
7.390000e-06	-5.520740e-06	-1.252712e-09	-3.836134e+01	-7.835673e+01
7.400000e-06	-5.521262e-06	-1.251828e-09	-3.836497e+01	-7.833636e+01
