# Temperatura_=_-0.3
# Concentracion g/m^3_=_1620.0
# C_Vs_to_Am_M_A/Vsm_=_65563218390.804596
# pendiente_HvsI_1/m_=_3716.3
# ordenada_HvsI_A/m_=_1297.0
# frecuencia_Hz_=_135102.07468870183

Tiempo_(s)	Campo_(V.s)	Magnetizacion_(V.s)	Campo_(kA/m)	Magnetizacion_(A/m)
0.000000e+00	-5.512986e-06	-1.517132e-09	-3.837545e+01	-9.877438e+01
1.000000e-08	-5.513167e-06	-1.517293e-09	-3.837671e+01	-9.878242e+01
2.000000e-08	-5.513069e-06	-1.518771e-09	-3.837602e+01	-9.878878e+01
3.000000e-08	-5.512547e-06	-1.521092e-09	-3.837239e+01	-9.879323e+01
4.000000e-08	-5.511468e-06	-1.522724e-09	-3.836488e+01	-9.879553e+01
5.000000e-08	-5.509722e-06	-1.523171e-09	-3.835272e+01	-9.879540e+01
6.000000e-08	-5.507434e-06	-1.519086e-09	-3.833680e+01	-9.879260e+01
7.000000e-08	-5.504703e-06	-1.524151e-09	-3.831779e+01	-9.878684e+01
8.000000e-08	-5.501534e-06	-1.533826e-09	-3.829573e+01	-9.877786e+01
9.000000e-08	-5.497917e-06	-1.522595e-09	-3.827055e+01	-9.876539e+01
1.000000e-07	-5.493852e-06	-1.511138e-09	-3.824226e+01	-9.874915e+01
1.100000e-07	-5.489460e-06	-1.540223e-09	-3.821169e+01	-9.872889e+01
1.200000e-07	-5.484873e-06	-1.516988e-09	-3.817975e+01	-9.870435e+01
1.300000e-07	-5.480014e-06	-1.510135e-09	-3.814593e+01	-9.867527e+01
1.400000e-07	-5.474749e-06	-1.485628e-09	-3.810928e+01	-9.864142e+01
1.500000e-07	-5.469023e-06	-1.525010e-09	-3.806942e+01	-9.860258e+01
1.600000e-07	-5.462963e-06	-1.520966e-09	-3.802724e+01	-9.855852e+01
1.700000e-07	-5.456571e-06	-1.501450e-09	-3.798275e+01	-9.850907e+01
1.800000e-07	-5.449739e-06	-1.514752e-09	-3.793519e+01	-9.845403e+01
1.900000e-07	-5.442522e-06	-1.525472e-09	-3.788495e+01	-9.839325e+01
2.000000e-07	-5.434972e-06	-1.532595e-09	-3.783240e+01	-9.832659e+01
2.100000e-07	-5.427180e-06	-1.505480e-09	-3.777816e+01	-9.825391e+01
2.200000e-07	-5.419200e-06	-1.519003e-09	-3.772261e+01	-9.817512e+01
2.300000e-07	-5.410858e-06	-1.521906e-09	-3.766454e+01	-9.809012e+01
2.400000e-07	-5.401958e-06	-1.530898e-09	-3.760259e+01	-9.799885e+01
2.500000e-07	-5.392418e-06	-1.499488e-09	-3.753619e+01	-9.790127e+01
2.600000e-07	-5.382192e-06	-1.498272e-09	-3.746500e+01	-9.779734e+01
2.700000e-07	-5.371368e-06	-1.473186e-09	-3.738965e+01	-9.768705e+01
2.800000e-07	-5.360079e-06	-1.470869e-09	-3.731107e+01	-9.757041e+01
2.900000e-07	-5.348412e-06	-1.449919e-09	-3.722986e+01	-9.744744e+01
3.000000e-07	-5.336435e-06	-1.457343e-09	-3.714649e+01	-9.731818e+01
3.100000e-07	-5.324020e-06	-1.445955e-09	-3.706007e+01	-9.718267e+01
3.200000e-07	-5.311156e-06	-1.453158e-09	-3.697052e+01	-9.704098e+01
3.300000e-07	-5.297944e-06	-1.448356e-09	-3.687855e+01	-9.689318e+01
3.400000e-07	-5.284356e-06	-1.442466e-09	-3.678397e+01	-9.673935e+01
3.500000e-07	-5.270362e-06	-1.438727e-09	-3.668656e+01	-9.657959e+01
3.600000e-07	-5.255899e-06	-1.444013e-09	-3.658589e+01	-9.641400e+01
3.700000e-07	-5.240791e-06	-1.428648e-09	-3.648072e+01	-9.624267e+01
3.800000e-07	-5.225142e-06	-1.428334e-09	-3.637179e+01	-9.606572e+01
3.900000e-07	-5.209125e-06	-1.445048e-09	-3.626030e+01	-9.588325e+01
4.000000e-07	-5.192681e-06	-1.431074e-09	-3.614583e+01	-9.569538e+01
4.100000e-07	-5.175950e-06	-1.410579e-09	-3.602937e+01	-9.550221e+01
4.200000e-07	-5.158919e-06	-1.424811e-09	-3.591082e+01	-9.530385e+01
4.300000e-07	-5.141530e-06	-1.435413e-09	-3.578977e+01	-9.510041e+01
4.400000e-07	-5.123839e-06	-1.398808e-09	-3.566663e+01	-9.489199e+01
4.500000e-07	-5.105752e-06	-1.411840e-09	-3.554073e+01	-9.467868e+01
4.600000e-07	-5.087125e-06	-1.435218e-09	-3.541106e+01	-9.446058e+01
4.700000e-07	-5.068024e-06	-1.415325e-09	-3.527810e+01	-9.423776e+01
4.800000e-07	-5.048678e-06	-1.389146e-09	-3.514344e+01	-9.401032e+01
4.900000e-07	-5.029088e-06	-1.424224e-09	-3.500707e+01	-9.377832e+01
5.000000e-07	-5.009309e-06	-1.403683e-09	-3.486939e+01	-9.354181e+01
5.100000e-07	-4.989390e-06	-1.369322e-09	-3.473074e+01	-9.330087e+01
5.200000e-07	-4.969206e-06	-1.383827e-09	-3.459024e+01	-9.305554e+01
5.300000e-07	-4.948645e-06	-1.404990e-09	-3.444712e+01	-9.280585e+01
5.400000e-07	-4.927728e-06	-1.368690e-09	-3.430151e+01	-9.255184e+01
5.500000e-07	-4.906412e-06	-1.381931e-09	-3.415314e+01	-9.229355e+01
5.600000e-07	-4.884760e-06	-1.402380e-09	-3.400241e+01	-9.203098e+01
5.700000e-07	-4.862801e-06	-1.373773e-09	-3.384957e+01	-9.176416e+01
5.800000e-07	-4.840512e-06	-1.350195e-09	-3.369441e+01	-9.149310e+01
5.900000e-07	-4.817853e-06	-1.376540e-09	-3.353668e+01	-9.121779e+01
6.000000e-07	-4.794782e-06	-1.358413e-09	-3.337608e+01	-9.093824e+01
6.100000e-07	-4.771471e-06	-1.337945e-09	-3.321382e+01	-9.065444e+01
6.200000e-07	-4.747953e-06	-1.360302e-09	-3.305012e+01	-9.036640e+01
6.300000e-07	-4.724184e-06	-1.369078e-09	-3.288466e+01	-9.007410e+01
6.400000e-07	-4.700160e-06	-1.345462e-09	-3.271743e+01	-8.977753e+01
6.500000e-07	-4.675833e-06	-1.351360e-09	-3.254809e+01	-8.947669e+01
6.600000e-07	-4.651041e-06	-1.353338e-09	-3.237552e+01	-8.917156e+01
6.700000e-07	-4.625661e-06	-1.322504e-09	-3.219885e+01	-8.886214e+01
6.800000e-07	-4.599652e-06	-1.315114e-09	-3.201780e+01	-8.854842e+01
6.900000e-07	-4.573114e-06	-1.324615e-09	-3.183307e+01	-8.823040e+01
7.000000e-07	-4.546181e-06	-1.311253e-09	-3.164559e+01	-8.790806e+01
7.100000e-07	-4.518900e-06	-1.299601e-09	-3.145570e+01	-8.758141e+01
7.200000e-07	-4.491408e-06	-1.311569e-09	-3.126433e+01	-8.725045e+01
7.300000e-07	-4.463787e-06	-1.304002e-09	-3.107206e+01	-8.691519e+01
7.400000e-07	-4.435986e-06	-1.290045e-09	-3.087853e+01	-8.657563e+01
7.500000e-07	-4.407981e-06	-1.287996e-09	-3.068359e+01	-8.623177e+01
7.600000e-07	-4.379728e-06	-1.286057e-09	-3.048693e+01	-8.588364e+01
7.700000e-07	-4.351107e-06	-1.267409e-09	-3.028770e+01	-8.553124e+01
7.800000e-07	-4.322127e-06	-1.266389e-09	-3.008597e+01	-8.517459e+01
7.900000e-07	-4.292753e-06	-1.263107e-09	-2.988150e+01	-8.481371e+01
8.000000e-07	-4.263030e-06	-1.252046e-09	-2.967460e+01	-8.444862e+01
8.100000e-07	-4.233113e-06	-1.239563e-09	-2.946636e+01	-8.407933e+01
8.200000e-07	-4.202920e-06	-1.238151e-09	-2.925618e+01	-8.370586e+01
8.300000e-07	-4.172436e-06	-1.226621e-09	-2.904399e+01	-8.332824e+01
8.400000e-07	-4.141721e-06	-1.221063e-09	-2.883018e+01	-8.294648e+01
8.500000e-07	-4.110715e-06	-1.219761e-09	-2.861435e+01	-8.256059e+01
8.600000e-07	-4.079418e-06	-1.216017e-09	-2.839650e+01	-8.217060e+01
8.700000e-07	-4.047935e-06	-1.203422e-09	-2.817735e+01	-8.177650e+01
8.800000e-07	-4.016328e-06	-1.199530e-09	-2.795734e+01	-8.137831e+01
8.900000e-07	-3.984493e-06	-1.191790e-09	-2.773573e+01	-8.097603e+01
9.000000e-07	-3.952346e-06	-1.177638e-09	-2.751196e+01	-8.056965e+01
9.100000e-07	-3.919897e-06	-1.166239e-09	-2.728608e+01	-8.015917e+01
9.200000e-07	-3.887186e-06	-1.162554e-09	-2.705838e+01	-7.974458e+01
9.300000e-07	-3.854031e-06	-1.155778e-09	-2.682759e+01	-7.932585e+01
9.400000e-07	-3.820327e-06	-1.152195e-09	-2.659298e+01	-7.890297e+01
9.500000e-07	-3.786225e-06	-1.152658e-09	-2.635560e+01	-7.847590e+01
9.600000e-07	-3.751691e-06	-1.145461e-09	-2.611522e+01	-7.804461e+01
9.700000e-07	-3.716791e-06	-1.131545e-09	-2.587228e+01	-7.760905e+01
9.800000e-07	-3.681612e-06	-1.121849e-09	-2.562740e+01	-7.716917e+01
9.900000e-07	-3.646177e-06	-1.113551e-09	-2.538074e+01	-7.672493e+01
1.000000e-06	-3.610576e-06	-1.100892e-09	-2.513293e+01	-7.627626e+01
1.010000e-06	-3.574909e-06	-1.095370e-09	-2.488465e+01	-7.582310e+01
1.020000e-06	-3.539108e-06	-1.092473e-09	-2.463544e+01	-7.536538e+01
1.030000e-06	-3.503131e-06	-1.088048e-09	-2.438501e+01	-7.490303e+01
1.040000e-06	-3.466928e-06	-1.081987e-09	-2.413300e+01	-7.443598e+01
1.050000e-06	-3.430392e-06	-1.079799e-09	-2.387868e+01	-7.396416e+01
1.060000e-06	-3.393532e-06	-1.070274e-09	-2.362210e+01	-7.348748e+01
1.070000e-06	-3.356375e-06	-1.058133e-09	-2.336345e+01	-7.300586e+01
1.080000e-06	-3.319011e-06	-1.047645e-09	-2.310337e+01	-7.251924e+01
1.090000e-06	-3.281453e-06	-1.040454e-09	-2.284192e+01	-7.202754e+01
1.100000e-06	-3.243675e-06	-1.029504e-09	-2.257896e+01	-7.153069e+01
1.110000e-06	-3.205695e-06	-1.023698e-09	-2.231458e+01	-7.102861e+01
1.120000e-06	-3.167560e-06	-1.019720e-09	-2.204913e+01	-7.052125e+01
1.130000e-06	-3.129200e-06	-1.014627e-09	-2.178211e+01	-7.000853e+01
1.140000e-06	-3.090474e-06	-1.005473e-09	-2.151254e+01	-6.949042e+01
1.150000e-06	-3.051487e-06	-9.997149e-10	-2.124116e+01	-6.896685e+01
1.160000e-06	-3.012401e-06	-9.911986e-10	-2.096908e+01	-6.843778e+01
1.170000e-06	-2.973212e-06	-9.798878e-10	-2.069629e+01	-6.790318e+01
1.180000e-06	-2.933838e-06	-9.693263e-10	-2.042221e+01	-6.736303e+01
1.190000e-06	-2.894325e-06	-9.606202e-10	-2.014716e+01	-6.681728e+01
1.200000e-06	-2.854669e-06	-9.493201e-10	-1.987112e+01	-6.626594e+01
1.210000e-06	-2.814878e-06	-9.385621e-10	-1.959414e+01	-6.570898e+01
1.220000e-06	-2.774969e-06	-9.320964e-10	-1.931633e+01	-6.514641e+01
1.230000e-06	-2.734893e-06	-9.291468e-10	-1.903737e+01	-6.457823e+01
1.240000e-06	-2.694660e-06	-9.246199e-10	-1.875731e+01	-6.400443e+01
1.250000e-06	-2.654267e-06	-9.198812e-10	-1.847614e+01	-6.342503e+01
1.260000e-06	-2.613673e-06	-9.137001e-10	-1.819356e+01	-6.284004e+01
1.270000e-06	-2.572715e-06	-9.044668e-10	-1.790846e+01	-6.224946e+01
1.280000e-06	-2.531279e-06	-8.941262e-10	-1.762003e+01	-6.165332e+01
1.290000e-06	-2.489496e-06	-8.825839e-10	-1.732918e+01	-6.105160e+01
1.300000e-06	-2.447461e-06	-8.694598e-10	-1.703658e+01	-6.044432e+01
1.310000e-06	-2.405151e-06	-8.572241e-10	-1.674206e+01	-5.983148e+01
1.320000e-06	-2.362493e-06	-8.471927e-10	-1.644512e+01	-5.921305e+01
1.330000e-06	-2.319524e-06	-8.365167e-10	-1.614602e+01	-5.858902e+01
1.340000e-06	-2.276493e-06	-8.281578e-10	-1.584649e+01	-5.795935e+01
1.350000e-06	-2.233400e-06	-8.210650e-10	-1.554652e+01	-5.732399e+01
1.360000e-06	-2.190094e-06	-8.122340e-10	-1.524506e+01	-5.668287e+01
1.370000e-06	-2.146657e-06	-7.992401e-10	-1.494270e+01	-5.603592e+01
1.380000e-06	-2.103214e-06	-7.866145e-10	-1.464030e+01	-5.538302e+01
1.390000e-06	-2.059687e-06	-7.733410e-10	-1.433731e+01	-5.472404e+01
1.400000e-06	-2.016025e-06	-7.597783e-10	-1.403338e+01	-5.405884e+01
1.410000e-06	-1.972242e-06	-7.471134e-10	-1.372862e+01	-5.338723e+01
1.420000e-06	-1.928368e-06	-7.404616e-10	-1.342321e+01	-5.270901e+01
1.430000e-06	-1.884393e-06	-7.346020e-10	-1.311710e+01	-5.202393e+01
1.440000e-06	-1.840328e-06	-7.275625e-10	-1.281037e+01	-5.133174e+01
1.450000e-06	-1.796148e-06	-7.184672e-10	-1.250284e+01	-5.063213e+01
1.460000e-06	-1.751824e-06	-7.074334e-10	-1.219431e+01	-4.992479e+01
1.470000e-06	-1.707446e-06	-6.914401e-10	-1.188539e+01	-4.920935e+01
1.480000e-06	-1.662941e-06	-6.756844e-10	-1.157560e+01	-4.848541e+01
1.490000e-06	-1.618198e-06	-6.608222e-10	-1.126414e+01	-4.775258e+01
1.500000e-06	-1.573323e-06	-6.477259e-10	-1.095177e+01	-4.701038e+01
1.510000e-06	-1.528353e-06	-6.365590e-10	-1.063874e+01	-4.625834e+01
1.520000e-06	-1.483221e-06	-6.260183e-10	-1.032458e+01	-4.549597e+01
1.530000e-06	-1.437995e-06	-6.153214e-10	-1.000976e+01	-4.472272e+01
1.540000e-06	-1.392686e-06	-6.049910e-10	-9.694372e+00	-4.393804e+01
1.550000e-06	-1.347204e-06	-5.931448e-10	-9.377774e+00	-4.314137e+01
1.560000e-06	-1.301652e-06	-5.788122e-10	-9.060693e+00	-4.233210e+01
1.570000e-06	-1.256082e-06	-5.640650e-10	-8.743486e+00	-4.150965e+01
1.580000e-06	-1.210400e-06	-5.517045e-10	-8.425495e+00	-4.067338e+01
1.590000e-06	-1.164641e-06	-5.381608e-10	-8.106971e+00	-3.982269e+01
1.600000e-06	-1.118855e-06	-5.229803e-10	-7.788256e+00	-3.895695e+01
1.610000e-06	-1.073045e-06	-5.063703e-10	-7.469381e+00	-3.807555e+01
1.620000e-06	-1.027103e-06	-4.906112e-10	-7.149579e+00	-3.717787e+01
1.630000e-06	-9.810259e-07	-4.767250e-10	-6.828841e+00	-3.626330e+01
1.640000e-06	-9.348866e-07	-4.629690e-10	-6.507670e+00	-3.533128e+01
1.650000e-06	-8.887127e-07	-4.507696e-10	-6.186257e+00	-3.438124e+01
1.660000e-06	-8.425356e-07	-4.372915e-10	-5.864822e+00	-3.341265e+01
1.670000e-06	-7.962614e-07	-4.220399e-10	-5.542711e+00	-3.242501e+01
1.680000e-06	-7.499004e-07	-4.049096e-10	-5.219995e+00	-3.141785e+01
1.690000e-06	-7.034738e-07	-3.892025e-10	-4.896824e+00	-3.039076e+01
1.700000e-06	-6.570199e-07	-3.733816e-10	-4.573462e+00	-2.934337e+01
1.710000e-06	-6.104896e-07	-3.556294e-10	-4.249568e+00	-2.827536e+01
1.720000e-06	-5.638303e-07	-3.374031e-10	-3.924777e+00	-2.718645e+01
1.730000e-06	-5.172307e-07	-3.208165e-10	-3.600401e+00	-2.607647e+01
1.740000e-06	-4.706012e-07	-3.036297e-10	-3.275817e+00	-2.494526e+01
1.750000e-06	-4.239055e-07	-2.868180e-10	-2.950771e+00	-2.379276e+01
1.760000e-06	-3.772506e-07	-2.691714e-10	-2.626011e+00	-2.261899e+01
1.770000e-06	-3.305515e-07	-2.534010e-10	-2.300942e+00	-2.142400e+01
1.780000e-06	-2.837640e-07	-2.371766e-10	-1.975258e+00	-2.020797e+01
1.790000e-06	-2.369113e-07	-2.202264e-10	-1.649121e+00	-1.897113e+01
1.800000e-06	-1.900583e-07	-2.003267e-10	-1.322980e+00	-1.771379e+01
1.810000e-06	-1.432672e-07	-1.795687e-10	-9.972713e-01	-1.643636e+01
1.820000e-06	-9.653303e-08	-1.586756e-10	-6.719586e-01	-1.513930e+01
1.830000e-06	-4.980936e-08	-1.378328e-10	-3.467189e-01	-1.382319e+01
1.840000e-06	-2.977392e-09	-1.195578e-10	-2.072538e-02	-1.248865e+01
1.850000e-06	4.388717e-08	-1.066947e-10	3.054950e-01	-1.113642e+01
1.860000e-06	9.064940e-08	-9.305484e-11	6.310031e-01	-9.767284e+00
1.870000e-06	1.373767e-07	-7.477490e-11	9.562678e-01	-8.382112e+00
1.880000e-06	1.841130e-07	-5.321359e-11	1.281596e+00	-6.981848e+00
1.890000e-06	2.308733e-07	-3.103410e-11	1.607090e+00	-5.567502e+00
1.900000e-06	2.776186e-07	-1.008928e-11	1.932480e+00	-4.140147e+00
1.910000e-06	3.243763e-07	1.109170e-11	2.257957e+00	-2.700916e+00
1.920000e-06	3.711136e-07	3.217804e-11	2.583292e+00	-1.250995e+00
1.930000e-06	4.176765e-07	5.301986e-11	2.907412e+00	2.083796e-01
1.940000e-06	4.641729e-07	7.108962e-11	3.231070e+00	1.675929e+00
1.950000e-06	5.106886e-07	9.005671e-11	3.554862e+00	3.150338e+00
1.960000e-06	5.571992e-07	1.091742e-10	3.878618e+00	4.630259e+00
1.970000e-06	6.037140e-07	1.282551e-10	4.202404e+00	6.114321e+00
1.980000e-06	6.501484e-07	1.488416e-10	4.525630e+00	7.601135e+00
1.990000e-06	6.964662e-07	1.695969e-10	4.848044e+00	9.089304e+00
2.000000e-06	7.427506e-07	1.909362e-10	5.170226e+00	1.057742e+01
2.010000e-06	7.890357e-07	2.110941e-10	5.492413e+00	1.206409e+01
2.020000e-06	8.352445e-07	2.315528e-10	5.814069e+00	1.354792e+01
2.030000e-06	8.813850e-07	2.548779e-10	6.135249e+00	1.502754e+01
2.040000e-06	9.274206e-07	2.758026e-10	6.455700e+00	1.650160e+01
2.050000e-06	9.734545e-07	2.956328e-10	6.776138e+00	1.796877e+01
2.060000e-06	1.019477e-06	3.139282e-10	7.096497e+00	1.942778e+01
2.070000e-06	1.065407e-06	3.337137e-10	7.416210e+00	2.087738e+01
2.080000e-06	1.111307e-06	3.538566e-10	7.735717e+00	2.231638e+01
2.090000e-06	1.157062e-06	3.768969e-10	8.054215e+00	2.374363e+01
2.100000e-06	1.202673e-06	4.003257e-10	8.371708e+00	2.515804e+01
2.110000e-06	1.248176e-06	4.213668e-10	8.688452e+00	2.655860e+01
2.120000e-06	1.293597e-06	4.401937e-10	9.004626e+00	2.794434e+01
2.130000e-06	1.338977e-06	4.576795e-10	9.320510e+00	2.931438e+01
2.140000e-06	1.384270e-06	4.747525e-10	9.635793e+00	3.066788e+01
2.150000e-06	1.429454e-06	4.917647e-10	9.950310e+00	3.200411e+01
2.160000e-06	1.474493e-06	5.085806e-10	1.026382e+01	3.332239e+01
2.170000e-06	1.519454e-06	5.248392e-10	1.057680e+01	3.462212e+01
2.180000e-06	1.564351e-06	5.421819e-10	1.088932e+01	3.590279e+01
2.190000e-06	1.609115e-06	5.607814e-10	1.120092e+01	3.716394e+01
2.200000e-06	1.653699e-06	5.785673e-10	1.151127e+01	3.840522e+01
2.210000e-06	1.698202e-06	5.946119e-10	1.182105e+01	3.962632e+01
2.220000e-06	1.742650e-06	6.100774e-10	1.213045e+01	4.082702e+01
2.230000e-06	1.786917e-06	6.245718e-10	1.243859e+01	4.200718e+01
2.240000e-06	1.831017e-06	6.381247e-10	1.274556e+01	4.316670e+01
2.250000e-06	1.874946e-06	6.524822e-10	1.305135e+01	4.430558e+01
2.260000e-06	1.918758e-06	6.684675e-10	1.335632e+01	4.542385e+01
2.270000e-06	1.962560e-06	6.851635e-10	1.366122e+01	4.652163e+01
2.280000e-06	2.006332e-06	7.018698e-10	1.396591e+01	4.759905e+01
2.290000e-06	2.049991e-06	7.161203e-10	1.426982e+01	4.865634e+01
2.300000e-06	2.093558e-06	7.296354e-10	1.457309e+01	4.969373e+01
2.310000e-06	2.137079e-06	7.428207e-10	1.487603e+01	5.071154e+01
2.320000e-06	2.180529e-06	7.570800e-10	1.517848e+01	5.171007e+01
2.330000e-06	2.223863e-06	7.707670e-10	1.548013e+01	5.268970e+01
2.340000e-06	2.267092e-06	7.833317e-10	1.578104e+01	5.365080e+01
2.350000e-06	2.310163e-06	7.931930e-10	1.608086e+01	5.459378e+01
2.360000e-06	2.352961e-06	8.027556e-10	1.637877e+01	5.551908e+01
2.370000e-06	2.395479e-06	8.140985e-10	1.667474e+01	5.642712e+01
2.380000e-06	2.437727e-06	8.276678e-10	1.696882e+01	5.731835e+01
2.390000e-06	2.479685e-06	8.434869e-10	1.726089e+01	5.819322e+01
2.400000e-06	2.521310e-06	8.588711e-10	1.755063e+01	5.905217e+01
2.410000e-06	2.562661e-06	8.730436e-10	1.783848e+01	5.989564e+01
2.420000e-06	2.603801e-06	8.853460e-10	1.812484e+01	6.072408e+01
2.430000e-06	2.644576e-06	8.939894e-10	1.840868e+01	6.153790e+01
2.440000e-06	2.685071e-06	9.004374e-10	1.869056e+01	6.233752e+01
2.450000e-06	2.725360e-06	9.063190e-10	1.897101e+01	6.312333e+01
2.460000e-06	2.765417e-06	9.138405e-10	1.924984e+01	6.389570e+01
2.470000e-06	2.805278e-06	9.235549e-10	1.952731e+01	6.465499e+01
2.480000e-06	2.845029e-06	9.356098e-10	1.980402e+01	6.540153e+01
2.490000e-06	2.884675e-06	9.484824e-10	2.007999e+01	6.613564e+01
2.500000e-06	2.924148e-06	9.603300e-10	2.035476e+01	6.685760e+01
2.510000e-06	2.963511e-06	9.713845e-10	2.062876e+01	6.756768e+01
2.520000e-06	3.002726e-06	9.814914e-10	2.090173e+01	6.826611e+01
2.530000e-06	3.041739e-06	9.910432e-10	2.117330e+01	6.895313e+01
2.540000e-06	3.080571e-06	1.001146e-09	2.144360e+01	6.962892e+01
2.550000e-06	3.119230e-06	1.010912e-09	2.171271e+01	7.029365e+01
2.560000e-06	3.157578e-06	1.017546e-09	2.197964e+01	7.094750e+01
2.570000e-06	3.195664e-06	1.025634e-09	2.224476e+01	7.159059e+01
2.580000e-06	3.233575e-06	1.038270e-09	2.250865e+01	7.222304e+01
2.590000e-06	3.271218e-06	1.051695e-09	2.277068e+01	7.284497e+01
2.600000e-06	3.308666e-06	1.062563e-09	2.303136e+01	7.345647e+01
2.610000e-06	3.345891e-06	1.071205e-09	2.329048e+01	7.405761e+01
2.620000e-06	3.382800e-06	1.078385e-09	2.354740e+01	7.464849e+01
2.630000e-06	3.419482e-06	1.084723e-09	2.380274e+01	7.522916e+01
2.640000e-06	3.455993e-06	1.089890e-09	2.405688e+01	7.579970e+01
2.650000e-06	3.492214e-06	1.096887e-09	2.430902e+01	7.636017e+01
2.660000e-06	3.528184e-06	1.104770e-09	2.455940e+01	7.691063e+01
2.670000e-06	3.564018e-06	1.111019e-09	2.480884e+01	7.745116e+01
2.680000e-06	3.599737e-06	1.115737e-09	2.505747e+01	7.798183e+01
2.690000e-06	3.635321e-06	1.121348e-09	2.530517e+01	7.850271e+01
2.700000e-06	3.670770e-06	1.129373e-09	2.555193e+01	7.901391e+01
2.710000e-06	3.706017e-06	1.139824e-09	2.579728e+01	7.951550e+01
2.720000e-06	3.740943e-06	1.150749e-09	2.604040e+01	8.000761e+01
2.730000e-06	3.775538e-06	1.160279e-09	2.628121e+01	8.049035e+01
2.740000e-06	3.809788e-06	1.167811e-09	2.651962e+01	8.096384e+01
2.750000e-06	3.843593e-06	1.172804e-09	2.675494e+01	8.142825e+01
2.760000e-06	3.876884e-06	1.175602e-09	2.698667e+01	8.188371e+01
2.770000e-06	3.909741e-06	1.177757e-09	2.721539e+01	8.233041e+01
2.780000e-06	3.942201e-06	1.182522e-09	2.744134e+01	8.276852e+01
2.790000e-06	3.974325e-06	1.190243e-09	2.766495e+01	8.319823e+01
2.800000e-06	4.006230e-06	1.199373e-09	2.788704e+01	8.361975e+01
2.810000e-06	4.037939e-06	1.208956e-09	2.810777e+01	8.403329e+01
2.820000e-06	4.069429e-06	1.217144e-09	2.832696e+01	8.443907e+01
2.830000e-06	4.100722e-06	1.222257e-09	2.854479e+01	8.483733e+01
2.840000e-06	4.131859e-06	1.225242e-09	2.876153e+01	8.522829e+01
2.850000e-06	4.162714e-06	1.226185e-09	2.897632e+01	8.561219e+01
2.860000e-06	4.193228e-06	1.228174e-09	2.918872e+01	8.598927e+01
2.870000e-06	4.223504e-06	1.232646e-09	2.939947e+01	8.635977e+01
2.880000e-06	4.253477e-06	1.237769e-09	2.960811e+01	8.672393e+01
2.890000e-06	4.283103e-06	1.242802e-09	2.981433e+01	8.708197e+01
2.900000e-06	4.312471e-06	1.249366e-09	3.001876e+01	8.743413e+01
2.910000e-06	4.341571e-06	1.256274e-09	3.022133e+01	8.778062e+01
2.920000e-06	4.370329e-06	1.262437e-09	3.042150e+01	8.812163e+01
2.930000e-06	4.398690e-06	1.268306e-09	3.061892e+01	8.845738e+01
2.940000e-06	4.426786e-06	1.271705e-09	3.081449e+01	8.878803e+01
2.950000e-06	4.454750e-06	1.272959e-09	3.100915e+01	8.911375e+01
2.960000e-06	4.482556e-06	1.274501e-09	3.120271e+01	8.943468e+01
2.970000e-06	4.510184e-06	1.277434e-09	3.139502e+01	8.975095e+01
2.980000e-06	4.537596e-06	1.281475e-09	3.158584e+01	9.006266e+01
2.990000e-06	4.564689e-06	1.285159e-09	3.177443e+01	9.036990e+01
3.000000e-06	4.591401e-06	1.289058e-09	3.196037e+01	9.067273e+01
3.010000e-06	4.617682e-06	1.293344e-09	3.214331e+01	9.097119e+01
3.020000e-06	4.643383e-06	1.298197e-09	3.232221e+01	9.126531e+01
3.030000e-06	4.668394e-06	1.305302e-09	3.249631e+01	9.155506e+01
3.040000e-06	4.692895e-06	1.312097e-09	3.266686e+01	9.184044e+01
3.050000e-06	4.717060e-06	1.315856e-09	3.283507e+01	9.212139e+01
3.060000e-06	4.740945e-06	1.318928e-09	3.300134e+01	9.239785e+01
3.070000e-06	4.764584e-06	1.321312e-09	3.316588e+01	9.266973e+01
3.080000e-06	4.787973e-06	1.322055e-09	3.332869e+01	9.293692e+01
3.090000e-06	4.811094e-06	1.325042e-09	3.348964e+01	9.319930e+01
3.100000e-06	4.833873e-06	1.329807e-09	3.364820e+01	9.345674e+01
3.110000e-06	4.856239e-06	1.333153e-09	3.380389e+01	9.370909e+01
3.120000e-06	4.878283e-06	1.336741e-09	3.395733e+01	9.395619e+01
3.130000e-06	4.900086e-06	1.341616e-09	3.410910e+01	9.419787e+01
3.140000e-06	4.921520e-06	1.345330e-09	3.425830e+01	9.443396e+01
3.150000e-06	4.942577e-06	1.347072e-09	3.440488e+01	9.466429e+01
3.160000e-06	4.963250e-06	1.347689e-09	3.454878e+01	9.488867e+01
3.170000e-06	4.983539e-06	1.347461e-09	3.469001e+01	9.510694e+01
3.180000e-06	5.003565e-06	1.346669e-09	3.482941e+01	9.531892e+01
3.190000e-06	5.023394e-06	1.347924e-09	3.496744e+01	9.552446e+01
3.200000e-06	5.043027e-06	1.352344e-09	3.510410e+01	9.572339e+01
3.210000e-06	5.062425e-06	1.358769e-09	3.523913e+01	9.591557e+01
3.220000e-06	5.081484e-06	1.364836e-09	3.537180e+01	9.610088e+01
3.230000e-06	5.100159e-06	1.367863e-09	3.550179e+01	9.627921e+01
3.240000e-06	5.118388e-06	1.367515e-09	3.562868e+01	9.645047e+01
3.250000e-06	5.136109e-06	1.365918e-09	3.575204e+01	9.661457e+01
3.260000e-06	5.153433e-06	1.365457e-09	3.587262e+01	9.677148e+01
3.270000e-06	5.170426e-06	1.365444e-09	3.599092e+01	9.692116e+01
3.280000e-06	5.187077e-06	1.366741e-09	3.610682e+01	9.706361e+01
3.290000e-06	5.203514e-06	1.369572e-09	3.622123e+01	9.719886e+01
3.300000e-06	5.219683e-06	1.373362e-09	3.633379e+01	9.732694e+01
3.310000e-06	5.235393e-06	1.378945e-09	3.644314e+01	9.744793e+01
3.320000e-06	5.250550e-06	1.384892e-09	3.654865e+01	9.756194e+01
3.330000e-06	5.265165e-06	1.390605e-09	3.665038e+01	9.766907e+01
3.340000e-06	5.279363e-06	1.394415e-09	3.674922e+01	9.776950e+01
3.350000e-06	5.293211e-06	1.394783e-09	3.684561e+01	9.786338e+01
3.360000e-06	5.306687e-06	1.392957e-09	3.693942e+01	9.795091e+01
3.370000e-06	5.319774e-06	1.391712e-09	3.703051e+01	9.803231e+01
3.380000e-06	5.332418e-06	1.392528e-09	3.711853e+01	9.810782e+01
3.390000e-06	5.344704e-06	1.394706e-09	3.720405e+01	9.817770e+01
3.400000e-06	5.356738e-06	1.397406e-09	3.728782e+01	9.824221e+01
3.410000e-06	5.368457e-06	1.401009e-09	3.736939e+01	9.830164e+01
3.420000e-06	5.379775e-06	1.406119e-09	3.744818e+01	9.835629e+01
3.430000e-06	5.390605e-06	1.410312e-09	3.752356e+01	9.840647e+01
3.440000e-06	5.400882e-06	1.412534e-09	3.759510e+01	9.845247e+01
3.450000e-06	5.410542e-06	1.413855e-09	3.766235e+01	9.849463e+01
3.460000e-06	5.419525e-06	1.414504e-09	3.772487e+01	9.853325e+01
3.470000e-06	5.427966e-06	1.414867e-09	3.778363e+01	9.856865e+01
3.480000e-06	5.436034e-06	1.414955e-09	3.783979e+01	9.860114e+01
3.490000e-06	5.443820e-06	1.417357e-09	3.789399e+01	9.863101e+01
3.500000e-06	5.451386e-06	1.421737e-09	3.794665e+01	9.865856e+01
3.510000e-06	5.458654e-06	1.425710e-09	3.799724e+01	9.868407e+01
3.520000e-06	5.465495e-06	1.429156e-09	3.804486e+01	9.870780e+01
3.530000e-06	5.471979e-06	1.432043e-09	3.809000e+01	9.872998e+01
3.540000e-06	5.478117e-06	1.433307e-09	3.813272e+01	9.875086e+01
3.550000e-06	5.483811e-06	1.434127e-09	3.817236e+01	9.877062e+01
3.560000e-06	5.489141e-06	1.435924e-09	3.820946e+01	9.878946e+01
3.570000e-06	5.494098e-06	1.437044e-09	3.824397e+01	9.880751e+01
3.580000e-06	5.498697e-06	1.437657e-09	3.827598e+01	9.882492e+01
3.590000e-06	5.502942e-06	1.436447e-09	3.830553e+01	9.884179e+01
3.600000e-06	5.506835e-06	1.435574e-09	3.833263e+01	9.885818e+01
3.610000e-06	5.510495e-06	1.436414e-09	3.835811e+01	9.887414e+01
3.620000e-06	5.513916e-06	1.440115e-09	3.838192e+01	9.888970e+01
3.630000e-06	5.517005e-06	1.446191e-09	3.840342e+01	9.890483e+01
3.640000e-06	5.519742e-06	1.451470e-09	3.842247e+01	9.891950e+01
3.650000e-06	5.522046e-06	1.454150e-09	3.843851e+01	9.893364e+01
3.660000e-06	5.523774e-06	1.452579e-09	3.845054e+01	9.894716e+01
3.670000e-06	5.524769e-06	1.448765e-09	3.845747e+01	9.895994e+01
3.680000e-06	5.525133e-06	1.445395e-09	3.846000e+01	9.897185e+01
3.690000e-06	5.525113e-06	1.442735e-09	3.845986e+01	9.898270e+01
3.700000e-06	5.524792e-06	1.442077e-09	3.845763e+01	9.899232e+01
3.710000e-06	5.524205e-06	1.444139e-09	3.845354e+01	9.900051e+01
3.720000e-06	5.523301e-06	1.445974e-09	3.844725e+01	9.900704e+01
3.730000e-06	5.522086e-06	1.446641e-09	3.843879e+01	9.901168e+01
3.740000e-06	5.520490e-06	1.446892e-09	3.842768e+01	9.901418e+01
3.750000e-06	5.518465e-06	1.447689e-09	3.841359e+01	9.901429e+01
3.760000e-06	5.516179e-06	1.444097e-09	3.839767e+01	9.901174e+01
3.770000e-06	5.513611e-06	1.422164e-09	3.837980e+01	9.900626e+01
3.780000e-06	5.510577e-06	1.425608e-09	3.835867e+01	9.899758e+01
3.790000e-06	5.507039e-06	1.453727e-09	3.833405e+01	9.898543e+01
3.800000e-06	5.503070e-06	1.427317e-09	3.830642e+01	9.896954e+01
3.810000e-06	5.498815e-06	1.441688e-09	3.827680e+01	9.894964e+01
3.820000e-06	5.494394e-06	1.460647e-09	3.824603e+01	9.892548e+01
3.830000e-06	5.489704e-06	1.485886e-09	3.821338e+01	9.889681e+01
3.840000e-06	5.484551e-06	1.485283e-09	3.817751e+01	9.886339e+01
3.850000e-06	5.478809e-06	1.456274e-09	3.813754e+01	9.882499e+01
3.860000e-06	5.472652e-06	1.495563e-09	3.809468e+01	9.878140e+01
3.870000e-06	5.466207e-06	1.498990e-09	3.804982e+01	9.873242e+01
3.880000e-06	5.459234e-06	1.481455e-09	3.800128e+01	9.867788e+01
3.890000e-06	5.451642e-06	1.431001e-09	3.794843e+01	9.861760e+01
3.900000e-06	5.443623e-06	1.473205e-09	3.789262e+01	9.855145e+01
3.910000e-06	5.435243e-06	1.508938e-09	3.783428e+01	9.847930e+01
3.920000e-06	5.426523e-06	1.489153e-09	3.777358e+01	9.840104e+01
3.930000e-06	5.417511e-06	1.461456e-09	3.771085e+01	9.831658e+01
3.940000e-06	5.408226e-06	1.486036e-09	3.764622e+01	9.822586e+01
3.950000e-06	5.398571e-06	1.495461e-09	3.757901e+01	9.812883e+01
3.960000e-06	5.388431e-06	1.451382e-09	3.750843e+01	9.802545e+01
3.970000e-06	5.377898e-06	1.452010e-09	3.743511e+01	9.791571e+01
3.980000e-06	5.367044e-06	1.484767e-09	3.735956e+01	9.779962e+01
3.990000e-06	5.355849e-06	1.492819e-09	3.728163e+01	9.767720e+01
4.000000e-06	5.344271e-06	1.466331e-09	3.720103e+01	9.754847e+01
4.010000e-06	5.332312e-06	1.482691e-09	3.711779e+01	9.741350e+01
4.020000e-06	5.319890e-06	1.485947e-09	3.703132e+01	9.727234e+01
4.030000e-06	5.306964e-06	1.478153e-09	3.694134e+01	9.712507e+01
4.040000e-06	5.293521e-06	1.465113e-09	3.684777e+01	9.697176e+01
4.050000e-06	5.279638e-06	1.487750e-09	3.675113e+01	9.681251e+01
4.060000e-06	5.265275e-06	1.486152e-09	3.665115e+01	9.664742e+01
4.070000e-06	5.250265e-06	1.494991e-09	3.654667e+01	9.647659e+01
4.080000e-06	5.234648e-06	1.473205e-09	3.643796e+01	9.630012e+01
4.090000e-06	5.218594e-06	1.462692e-09	3.632621e+01	9.611813e+01
4.100000e-06	5.202227e-06	1.478183e-09	3.621228e+01	9.593072e+01
4.110000e-06	5.185582e-06	1.492248e-09	3.609641e+01	9.573801e+01
4.120000e-06	5.168694e-06	1.458725e-09	3.597885e+01	9.554010e+01
4.130000e-06	5.151510e-06	1.467046e-09	3.585924e+01	9.533710e+01
4.140000e-06	5.133985e-06	1.509574e-09	3.573725e+01	9.512911e+01
4.150000e-06	5.116096e-06	1.479632e-09	3.561273e+01	9.491622e+01
4.160000e-06	5.097815e-06	1.439002e-09	3.548548e+01	9.469854e+01
4.170000e-06	5.079189e-06	1.481219e-09	3.535582e+01	9.447613e+01
4.180000e-06	5.060236e-06	1.484407e-09	3.522389e+01	9.424909e+01
4.190000e-06	5.040907e-06	1.419504e-09	3.508935e+01	9.401749e+01
4.200000e-06	5.021238e-06	1.448097e-09	3.495243e+01	9.378138e+01
4.210000e-06	5.001305e-06	1.489973e-09	3.481368e+01	9.354082e+01
4.220000e-06	4.981156e-06	1.437239e-09	3.467342e+01	9.329587e+01
4.230000e-06	4.960787e-06	1.421143e-09	3.453164e+01	9.304657e+01
4.240000e-06	4.940180e-06	1.483707e-09	3.438819e+01	9.279294e+01
4.250000e-06	4.919300e-06	1.452997e-09	3.424285e+01	9.253502e+01
4.260000e-06	4.897998e-06	1.414707e-09	3.409457e+01	9.227283e+01
4.270000e-06	4.876145e-06	1.455043e-09	3.394245e+01	9.200639e+01
4.280000e-06	4.853603e-06	1.455144e-09	3.378553e+01	9.173569e+01
4.290000e-06	4.830388e-06	1.399036e-09	3.362394e+01	9.146076e+01
4.300000e-06	4.806767e-06	1.432052e-09	3.345951e+01	9.118158e+01
4.310000e-06	4.782823e-06	1.452832e-09	3.329284e+01	9.089816e+01
4.320000e-06	4.758588e-06	1.411920e-09	3.312415e+01	9.061049e+01
4.330000e-06	4.734127e-06	1.415836e-09	3.295387e+01	9.031857e+01
4.340000e-06	4.709463e-06	1.452520e-09	3.278219e+01	9.002238e+01
4.350000e-06	4.684497e-06	1.417290e-09	3.260840e+01	8.972191e+01
4.360000e-06	4.659160e-06	1.402194e-09	3.243203e+01	8.941716e+01
4.370000e-06	4.633468e-06	1.423894e-09	3.225319e+01	8.910812e+01
4.380000e-06	4.607408e-06	1.404395e-09	3.207179e+01	8.879478e+01
4.390000e-06	4.581064e-06	1.374828e-09	3.188841e+01	8.847713e+01
4.400000e-06	4.554498e-06	1.394949e-09	3.170349e+01	8.815517e+01
4.410000e-06	4.527606e-06	1.397043e-09	3.151630e+01	8.782891e+01
4.420000e-06	4.500396e-06	1.374380e-09	3.132689e+01	8.749833e+01
4.430000e-06	4.472886e-06	1.378118e-09	3.113540e+01	8.716344e+01
4.440000e-06	4.445045e-06	1.384219e-09	3.094159e+01	8.682426e+01
4.450000e-06	4.416946e-06	1.362974e-09	3.074600e+01	8.648078e+01
4.460000e-06	4.388682e-06	1.353022e-09	3.054926e+01	8.613302e+01
4.470000e-06	4.360260e-06	1.355725e-09	3.035142e+01	8.578100e+01
4.480000e-06	4.331656e-06	1.337750e-09	3.015230e+01	8.542472e+01
4.490000e-06	4.302821e-06	1.325017e-09	2.995159e+01	8.506422e+01
4.500000e-06	4.273536e-06	1.331238e-09	2.974774e+01	8.469949e+01
4.510000e-06	4.243809e-06	1.330933e-09	2.954081e+01	8.433057e+01
4.520000e-06	4.213596e-06	1.316275e-09	2.933050e+01	8.395747e+01
4.530000e-06	4.182755e-06	1.317707e-09	2.911582e+01	8.358022e+01
4.540000e-06	4.151406e-06	1.314476e-09	2.889760e+01	8.319882e+01
4.550000e-06	4.119705e-06	1.301985e-09	2.867693e+01	8.281330e+01
4.560000e-06	4.087791e-06	1.297982e-09	2.845478e+01	8.242366e+01
4.570000e-06	4.055691e-06	1.302051e-09	2.823133e+01	8.202993e+01
4.580000e-06	4.023378e-06	1.288924e-09	2.800640e+01	8.163210e+01
4.590000e-06	3.990843e-06	1.280856e-09	2.777994e+01	8.123018e+01
4.600000e-06	3.958080e-06	1.279868e-09	2.755187e+01	8.082416e+01
4.610000e-06	3.925054e-06	1.274018e-09	2.732198e+01	8.041404e+01
4.620000e-06	3.891700e-06	1.263364e-09	2.708981e+01	7.999981e+01
4.630000e-06	3.858062e-06	1.265814e-09	2.685566e+01	7.958145e+01
4.640000e-06	3.824178e-06	1.263373e-09	2.661979e+01	7.915894e+01
4.650000e-06	3.790033e-06	1.255659e-09	2.638211e+01	7.873224e+01
4.660000e-06	3.755678e-06	1.252048e-09	2.614297e+01	7.830132e+01
4.670000e-06	3.721097e-06	1.248597e-09	2.590226e+01	7.786614e+01
4.680000e-06	3.686203e-06	1.233711e-09	2.565936e+01	7.742665e+01
4.690000e-06	3.651097e-06	1.223249e-09	2.541499e+01	7.698279e+01
4.700000e-06	3.615766e-06	1.221590e-09	2.516905e+01	7.653451e+01
4.710000e-06	3.580133e-06	1.219007e-09	2.492101e+01	7.608175e+01
4.720000e-06	3.544254e-06	1.217929e-09	2.467127e+01	7.562443e+01
4.730000e-06	3.508161e-06	1.221320e-09	2.442002e+01	7.516249e+01
4.740000e-06	3.471939e-06	1.216114e-09	2.416789e+01	7.469586e+01
4.750000e-06	3.435621e-06	1.201671e-09	2.391508e+01	7.422445e+01
4.760000e-06	3.399178e-06	1.193715e-09	2.366140e+01	7.374820e+01
4.770000e-06	3.362567e-06	1.187293e-09	2.340656e+01	7.326702e+01
4.780000e-06	3.325806e-06	1.176952e-09	2.315066e+01	7.278084e+01
4.790000e-06	3.288849e-06	1.168469e-09	2.289341e+01	7.228959e+01
4.800000e-06	3.251429e-06	1.165714e-09	2.263293e+01	7.179319e+01
4.810000e-06	3.213475e-06	1.157335e-09	2.236874e+01	7.129157e+01
4.820000e-06	3.175273e-06	1.146504e-09	2.210282e+01	7.078466e+01
4.830000e-06	3.136801e-06	1.137485e-09	2.183502e+01	7.027242e+01
4.840000e-06	3.097773e-06	1.130624e-09	2.156335e+01	6.975477e+01
4.850000e-06	3.058268e-06	1.123387e-09	2.128835e+01	6.923168e+01
4.860000e-06	3.018495e-06	1.119025e-09	2.101150e+01	6.870310e+01
4.870000e-06	2.978549e-06	1.111589e-09	2.073344e+01	6.816898e+01
4.880000e-06	2.938441e-06	1.101322e-09	2.045425e+01	6.762931e+01
4.890000e-06	2.898180e-06	1.089697e-09	2.017400e+01	6.708405e+01
4.900000e-06	2.857871e-06	1.080192e-09	1.989341e+01	6.653319e+01
4.910000e-06	2.817506e-06	1.069025e-09	1.961243e+01	6.597673e+01
4.920000e-06	2.777064e-06	1.060449e-09	1.933091e+01	6.541464e+01
4.930000e-06	2.736457e-06	1.056024e-09	1.904825e+01	6.484695e+01
4.940000e-06	2.695629e-06	1.052546e-09	1.876405e+01	6.427364e+01
4.950000e-06	2.654565e-06	1.044760e-09	1.847821e+01	6.369472e+01
4.960000e-06	2.613255e-06	1.036989e-09	1.819065e+01	6.311022e+01
4.970000e-06	2.571758e-06	1.028586e-09	1.790180e+01	6.252013e+01
4.980000e-06	2.530216e-06	1.017606e-09	1.761262e+01	6.192446e+01
4.990000e-06	2.488529e-06	1.006812e-09	1.732245e+01	6.132323e+01
5.000000e-06	2.446576e-06	9.987127e-10	1.703042e+01	6.071644e+01
5.010000e-06	2.404502e-06	9.886874e-10	1.673754e+01	6.010408e+01
5.020000e-06	2.362321e-06	9.778500e-10	1.644393e+01	5.948613e+01
5.030000e-06	2.320019e-06	9.718783e-10	1.614946e+01	5.886259e+01
5.040000e-06	2.277552e-06	9.684683e-10	1.585385e+01	5.823341e+01
5.050000e-06	2.234857e-06	9.630539e-10	1.555666e+01	5.759855e+01
5.060000e-06	2.191976e-06	9.538102e-10	1.525817e+01	5.695794e+01
5.070000e-06	2.148873e-06	9.426221e-10	1.495813e+01	5.631150e+01
5.080000e-06	2.105483e-06	9.300455e-10	1.465609e+01	5.565912e+01
5.090000e-06	2.061968e-06	9.186915e-10	1.435319e+01	5.500067e+01
5.100000e-06	2.018448e-06	9.071398e-10	1.405026e+01	5.433602e+01
5.110000e-06	1.974775e-06	8.966608e-10	1.374624e+01	5.366497e+01
5.120000e-06	1.930918e-06	8.874406e-10	1.344096e+01	5.298732e+01
5.130000e-06	1.886990e-06	8.805371e-10	1.313518e+01	5.230285e+01
5.140000e-06	1.842966e-06	8.726419e-10	1.282874e+01	5.161128e+01
5.150000e-06	1.798879e-06	8.642524e-10	1.252185e+01	5.091232e+01
5.160000e-06	1.754709e-06	8.511914e-10	1.221439e+01	5.020566e+01
5.170000e-06	1.710418e-06	8.344293e-10	1.190608e+01	4.949092e+01
5.180000e-06	1.666069e-06	8.148270e-10	1.159737e+01	4.876774e+01
5.190000e-06	1.621710e-06	7.971619e-10	1.128859e+01	4.803568e+01
5.200000e-06	1.577341e-06	7.848765e-10	1.097975e+01	4.729430e+01
5.210000e-06	1.532912e-06	7.782022e-10	1.067048e+01	4.654312e+01
5.220000e-06	1.488356e-06	7.738881e-10	1.036032e+01	4.578164e+01
5.230000e-06	1.443716e-06	7.659845e-10	1.004959e+01	4.500934e+01
5.240000e-06	1.398989e-06	7.546963e-10	9.738247e+00	4.422566e+01
5.250000e-06	1.354137e-06	7.397632e-10	9.426036e+00	4.343003e+01
5.260000e-06	1.309220e-06	7.236098e-10	9.113376e+00	4.262186e+01
5.270000e-06	1.264282e-06	7.075042e-10	8.800567e+00	4.180054e+01
5.280000e-06	1.219272e-06	6.952577e-10	8.487254e+00	4.096547e+01
5.290000e-06	1.174168e-06	6.861206e-10	8.173290e+00	4.011603e+01
5.300000e-06	1.128974e-06	6.782787e-10	7.858698e+00	3.925159e+01
5.310000e-06	1.083632e-06	6.717340e-10	7.543075e+00	3.837153e+01
5.320000e-06	1.038081e-06	6.628825e-10	7.225995e+00	3.747525e+01
5.330000e-06	9.923272e-07	6.492739e-10	6.907509e+00	3.656214e+01
5.340000e-06	9.465708e-07	6.322106e-10	6.589002e+00	3.563161e+01
5.350000e-06	9.008647e-07	6.143143e-10	6.270846e+00	3.468312e+01
5.360000e-06	8.550362e-07	5.996733e-10	5.951837e+00	3.371611e+01
5.370000e-06	8.090769e-07	5.880932e-10	5.631918e+00	3.273009e+01
5.380000e-06	7.629680e-07	5.771889e-10	5.310958e+00	3.172460e+01
5.390000e-06	7.168827e-07	5.658320e-10	4.990162e+00	3.069921e+01
5.400000e-06	6.708796e-07	5.526876e-10	4.669938e+00	2.965354e+01
5.410000e-06	6.246711e-07	5.363774e-10	4.348285e+00	2.858727e+01
5.420000e-06	5.783128e-07	5.171269e-10	4.025588e+00	2.750014e+01
5.430000e-06	5.319613e-07	4.954119e-10	3.702939e+00	2.639194e+01
5.440000e-06	4.856413e-07	4.742294e-10	3.380510e+00	2.526252e+01
5.450000e-06	4.392809e-07	4.581670e-10	3.057798e+00	2.411182e+01
5.460000e-06	3.928585e-07	4.448570e-10	2.734656e+00	2.293983e+01
5.470000e-06	3.464208e-07	4.324258e-10	2.411407e+00	2.174663e+01
5.480000e-06	2.999482e-07	4.174719e-10	2.087915e+00	2.053237e+01
5.490000e-06	2.534274e-07	3.966659e-10	1.764087e+00	1.929727e+01
5.500000e-06	2.069079e-07	3.743784e-10	1.440269e+00	1.804165e+01
5.510000e-06	1.604099e-07	3.514548e-10	1.116601e+00	1.676589e+01
5.520000e-06	1.139234e-07	3.278368e-10	7.930113e-01	1.547047e+01
5.530000e-06	6.746582e-08	3.070172e-10	4.696241e-01	1.415594e+01
5.540000e-06	2.101279e-08	2.886817e-10	1.462683e-01	1.282294e+01
5.550000e-06	-2.541517e-08	2.699968e-10	-1.769129e-01	1.147217e+01
5.560000e-06	-7.185624e-08	2.500867e-10	-5.001854e-01	1.010443e+01
5.570000e-06	-1.183319e-07	2.284983e-10	-8.236985e-01	8.720577e+00
5.580000e-06	-1.647631e-07	2.054267e-10	-1.146902e+00	7.321554e+00
5.590000e-06	-2.112334e-07	1.809644e-10	-1.470378e+00	5.908361e+00
5.600000e-06	-2.577007e-07	1.564993e-10	-1.793833e+00	4.482068e+00
5.610000e-06	-3.041389e-07	1.349975e-10	-2.117086e+00	3.043802e+00
5.620000e-06	-3.506388e-07	1.137097e-10	-2.440768e+00	1.594745e+00
5.630000e-06	-3.970076e-07	9.115873e-11	-2.763538e+00	1.361301e-01
5.640000e-06	-4.432369e-07	6.859902e-11	-3.085336e+00	-1.330768e+00
5.650000e-06	-4.893968e-07	4.579969e-11	-3.406651e+00	-2.804636e+00
5.660000e-06	-5.355448e-07	2.152813e-11	-3.727884e+00	-4.284129e+00
5.670000e-06	-5.818193e-07	-4.694286e-12	-4.049997e+00	-5.767879e+00
5.680000e-06	-6.281119e-07	-3.333414e-11	-4.372236e+00	-7.254498e+00
5.690000e-06	-6.742565e-07	-6.321503e-11	-4.693444e+00	-8.742587e+00
5.700000e-06	-7.203420e-07	-9.121179e-11	-5.014242e+00	-1.023074e+01
5.710000e-06	-7.664434e-07	-1.176613e-10	-5.335150e+00	-1.171757e+01
5.720000e-06	-8.123919e-07	-1.441943e-10	-5.654994e+00	-1.320167e+01
5.730000e-06	-8.582133e-07	-1.679878e-10	-5.973953e+00	-1.468167e+01
5.740000e-06	-9.040413e-07	-1.905165e-10	-6.292958e+00	-1.615622e+01
5.750000e-06	-9.497624e-07	-2.135643e-10	-6.611219e+00	-1.762400e+01
5.760000e-06	-9.953302e-07	-2.383168e-10	-6.928412e+00	-1.908372e+01
5.770000e-06	-1.040844e-06	-2.676269e-10	-7.245227e+00	-2.053413e+01
5.780000e-06	-1.086329e-06	-2.973568e-10	-7.561846e+00	-2.197403e+01
5.790000e-06	-1.131697e-06	-3.241603e-10	-7.877651e+00	-2.340228e+01
5.800000e-06	-1.176967e-06	-3.458250e-10	-8.192771e+00	-2.481778e+01
5.810000e-06	-1.222107e-06	-3.657511e-10	-8.506984e+00	-2.621952e+01
5.820000e-06	-1.267054e-06	-3.884858e-10	-8.819862e+00	-2.760651e+01
5.830000e-06	-1.311884e-06	-4.116630e-10	-9.131918e+00	-2.897786e+01
5.840000e-06	-1.356617e-06	-4.347691e-10	-9.443299e+00	-3.033275e+01
5.850000e-06	-1.401290e-06	-4.583483e-10	-9.754269e+00	-3.167043e+01
5.860000e-06	-1.445900e-06	-4.815939e-10	-1.006479e+01	-3.299021e+01
5.870000e-06	-1.490430e-06	-5.039133e-10	-1.037476e+01	-3.429148e+01
5.880000e-06	-1.534893e-06	-5.278067e-10	-1.068427e+01	-3.557374e+01
5.890000e-06	-1.579278e-06	-5.519700e-10	-1.099322e+01	-3.683651e+01
5.900000e-06	-1.623612e-06	-5.735016e-10	-1.130183e+01	-3.807944e+01
5.910000e-06	-1.667920e-06	-5.953101e-10	-1.161026e+01	-3.930221e+01
5.920000e-06	-1.712173e-06	-6.155708e-10	-1.191829e+01	-4.050460e+01
5.930000e-06	-1.756363e-06	-6.323759e-10	-1.222590e+01	-4.168645e+01
5.940000e-06	-1.800472e-06	-6.500053e-10	-1.253294e+01	-4.284768e+01
5.950000e-06	-1.844480e-06	-6.685842e-10	-1.283928e+01	-4.398825e+01
5.960000e-06	-1.888393e-06	-6.875734e-10	-1.314495e+01	-4.510822e+01
5.970000e-06	-1.932232e-06	-7.077211e-10	-1.345011e+01	-4.620767e+01
5.980000e-06	-1.975995e-06	-7.286534e-10	-1.375474e+01	-4.728677e+01
5.990000e-06	-2.019671e-06	-7.486490e-10	-1.405876e+01	-4.834570e+01
6.000000e-06	-2.063122e-06	-7.661213e-10	-1.436123e+01	-4.938473e+01
6.010000e-06	-2.106359e-06	-7.814381e-10	-1.466220e+01	-5.040413e+01
6.020000e-06	-2.149500e-06	-7.954090e-10	-1.496249e+01	-5.140424e+01
6.030000e-06	-2.192577e-06	-8.104172e-10	-1.526235e+01	-5.238540e+01
6.040000e-06	-2.235519e-06	-8.284952e-10	-1.556127e+01	-5.334801e+01
6.050000e-06	-2.278186e-06	-8.455593e-10	-1.585827e+01	-5.429247e+01
6.060000e-06	-2.320635e-06	-8.596417e-10	-1.615375e+01	-5.521921e+01
6.070000e-06	-2.362926e-06	-8.733089e-10	-1.644813e+01	-5.612865e+01
6.080000e-06	-2.405083e-06	-8.883403e-10	-1.674159e+01	-5.702124e+01
6.090000e-06	-2.447094e-06	-9.045616e-10	-1.703402e+01	-5.789743e+01
6.100000e-06	-2.488943e-06	-9.199195e-10	-1.732533e+01	-5.875767e+01
6.110000e-06	-2.530606e-06	-9.343890e-10	-1.761534e+01	-5.960240e+01
6.120000e-06	-2.572054e-06	-9.488058e-10	-1.790386e+01	-6.043206e+01
6.130000e-06	-2.613292e-06	-9.629810e-10	-1.819092e+01	-6.124706e+01
6.140000e-06	-2.654322e-06	-9.760424e-10	-1.847652e+01	-6.204783e+01
6.150000e-06	-2.695162e-06	-9.877591e-10	-1.876080e+01	-6.283475e+01
6.160000e-06	-2.735814e-06	-9.975858e-10	-1.904378e+01	-6.360821e+01
6.170000e-06	-2.776331e-06	-1.007672e-09	-1.932581e+01	-6.436855e+01
6.180000e-06	-2.816715e-06	-1.018805e-09	-1.960692e+01	-6.511613e+01
6.190000e-06	-2.856933e-06	-1.031545e-09	-1.988688e+01	-6.585124e+01
6.200000e-06	-2.897036e-06	-1.046196e-09	-2.016603e+01	-6.657418e+01
6.210000e-06	-2.937091e-06	-1.060485e-09	-2.044485e+01	-6.728522e+01
6.220000e-06	-2.977023e-06	-1.072753e-09	-2.072281e+01	-6.798460e+01
6.230000e-06	-3.016755e-06	-1.083872e-09	-2.099938e+01	-6.867253e+01
6.240000e-06	-3.056275e-06	-1.094999e-09	-2.127448e+01	-6.934923e+01
6.250000e-06	-3.095508e-06	-1.106843e-09	-2.154758e+01	-7.001486e+01
6.260000e-06	-3.134347e-06	-1.118177e-09	-2.181793e+01	-7.066959e+01
6.270000e-06	-3.172805e-06	-1.127394e-09	-2.208564e+01	-7.131355e+01
6.280000e-06	-3.210799e-06	-1.136667e-09	-2.235011e+01	-7.194687e+01
6.290000e-06	-3.248366e-06	-1.147319e-09	-2.261161e+01	-7.256965e+01
6.300000e-06	-3.285657e-06	-1.159196e-09	-2.287119e+01	-7.318199e+01
6.310000e-06	-3.322656e-06	-1.170525e-09	-2.312874e+01	-7.378398e+01
6.320000e-06	-3.359371e-06	-1.181390e-09	-2.338431e+01	-7.437569e+01
6.330000e-06	-3.395872e-06	-1.189793e-09	-2.363839e+01	-7.495719e+01
6.340000e-06	-3.432206e-06	-1.195444e-09	-2.389131e+01	-7.552855e+01
6.350000e-06	-3.468410e-06	-1.202350e-09	-2.414332e+01	-7.608983e+01
6.360000e-06	-3.504504e-06	-1.211878e-09	-2.439457e+01	-7.664111e+01
6.370000e-06	-3.540444e-06	-1.224378e-09	-2.464474e+01	-7.718244e+01
6.380000e-06	-3.576148e-06	-1.237784e-09	-2.489328e+01	-7.771391e+01
6.390000e-06	-3.611628e-06	-1.249516e-09	-2.514025e+01	-7.823558e+01
6.400000e-06	-3.646833e-06	-1.259587e-09	-2.538530e+01	-7.874756e+01
6.410000e-06	-3.681706e-06	-1.267104e-09	-2.562806e+01	-7.924993e+01
6.420000e-06	-3.716395e-06	-1.273115e-09	-2.586952e+01	-7.974280e+01
6.430000e-06	-3.750912e-06	-1.280156e-09	-2.610979e+01	-8.022630e+01
6.440000e-06	-3.785140e-06	-1.289450e-09	-2.634805e+01	-8.070054e+01
6.450000e-06	-3.819023e-06	-1.298291e-09	-2.658391e+01	-8.116568e+01
6.460000e-06	-3.852591e-06	-1.306517e-09	-2.681758e+01	-8.162186e+01
6.470000e-06	-3.885875e-06	-1.314976e-09	-2.704926e+01	-8.206926e+01
6.480000e-06	-3.918877e-06	-1.322991e-09	-2.727899e+01	-8.250806e+01
6.490000e-06	-3.951637e-06	-1.329620e-09	-2.750702e+01	-8.293844e+01
6.500000e-06	-3.984164e-06	-1.335103e-09	-2.773344e+01	-8.336061e+01
6.510000e-06	-4.016468e-06	-1.341487e-09	-2.795831e+01	-8.377479e+01
6.520000e-06	-4.048578e-06	-1.348744e-09	-2.818182e+01	-8.418119e+01
6.530000e-06	-4.080514e-06	-1.357696e-09	-2.840412e+01	-8.458005e+01
6.540000e-06	-4.112224e-06	-1.366499e-09	-2.862486e+01	-8.497158e+01
6.550000e-06	-4.143635e-06	-1.373689e-09	-2.884351e+01	-8.535604e+01
6.560000e-06	-4.174723e-06	-1.380885e-09	-2.905990e+01	-8.573367e+01
6.570000e-06	-4.205337e-06	-1.386889e-09	-2.927301e+01	-8.610469e+01
6.580000e-06	-4.235353e-06	-1.389922e-09	-2.948194e+01	-8.646934e+01
6.590000e-06	-4.264852e-06	-1.393117e-09	-2.968729e+01	-8.682787e+01
6.600000e-06	-4.293959e-06	-1.400349e-09	-2.988990e+01	-8.718049e+01
6.610000e-06	-4.322686e-06	-1.411338e-09	-3.008986e+01	-8.752742e+01
6.620000e-06	-4.351182e-06	-1.420764e-09	-3.028822e+01	-8.786886e+01
6.630000e-06	-4.379535e-06	-1.427107e-09	-3.048559e+01	-8.820502e+01
6.640000e-06	-4.407702e-06	-1.431743e-09	-3.068166e+01	-8.853607e+01
6.650000e-06	-4.435600e-06	-1.435890e-09	-3.087585e+01	-8.886217e+01
6.660000e-06	-4.463129e-06	-1.437903e-09	-3.106748e+01	-8.918347e+01
6.670000e-06	-4.490313e-06	-1.438949e-09	-3.125670e+01	-8.950011e+01
6.680000e-06	-4.517194e-06	-1.443370e-09	-3.144382e+01	-8.981218e+01
6.690000e-06	-4.543820e-06	-1.449850e-09	-3.162916e+01	-9.011977e+01
6.700000e-06	-4.570231e-06	-1.455589e-09	-3.181301e+01	-9.042294e+01
6.710000e-06	-4.596345e-06	-1.461181e-09	-3.199478e+01	-9.072175e+01
6.720000e-06	-4.621991e-06	-1.466048e-09	-3.217330e+01	-9.101620e+01
6.730000e-06	-4.647240e-06	-1.469386e-09	-3.234906e+01	-9.130630e+01
6.740000e-06	-4.672291e-06	-1.472814e-09	-3.252344e+01	-9.159203e+01
6.750000e-06	-4.697026e-06	-1.476874e-09	-3.269562e+01	-9.187333e+01
6.760000e-06	-4.721470e-06	-1.481180e-09	-3.286576e+01	-9.215015e+01
6.770000e-06	-4.745731e-06	-1.485776e-09	-3.303465e+01	-9.242239e+01
6.780000e-06	-4.769797e-06	-1.490472e-09	-3.320217e+01	-9.268995e+01
6.790000e-06	-4.793637e-06	-1.495129e-09	-3.336812e+01	-9.295272e+01
6.800000e-06	-4.817067e-06	-1.497739e-09	-3.353121e+01	-9.321056e+01
6.810000e-06	-4.840005e-06	-1.498124e-09	-3.369088e+01	-9.346332e+01
6.820000e-06	-4.862363e-06	-1.495698e-09	-3.384652e+01	-9.371084e+01
6.830000e-06	-4.884164e-06	-1.491009e-09	-3.399826e+01	-9.395296e+01
6.840000e-06	-4.905433e-06	-1.490961e-09	-3.414632e+01	-9.418950e+01
6.850000e-06	-4.926229e-06	-1.495984e-09	-3.429108e+01	-9.442030e+01
6.860000e-06	-4.946761e-06	-1.501834e-09	-3.443400e+01	-9.464516e+01
6.870000e-06	-4.967049e-06	-1.508063e-09	-3.457523e+01	-9.486393e+01
6.880000e-06	-4.987115e-06	-1.512713e-09	-3.471490e+01	-9.507642e+01
6.890000e-06	-5.006967e-06	-1.514220e-09	-3.485309e+01	-9.528248e+01
6.900000e-06	-5.026478e-06	-1.514917e-09	-3.498890e+01	-9.548194e+01
6.910000e-06	-5.045628e-06	-1.516119e-09	-3.512220e+01	-9.567468e+01
6.920000e-06	-5.064444e-06	-1.519190e-09	-3.525318e+01	-9.586055e+01
6.930000e-06	-5.082924e-06	-1.523918e-09	-3.538182e+01	-9.603944e+01
6.940000e-06	-5.101068e-06	-1.528644e-09	-3.550812e+01	-9.621127e+01
6.950000e-06	-5.118860e-06	-1.530940e-09	-3.563197e+01	-9.637595e+01
6.960000e-06	-5.136327e-06	-1.533120e-09	-3.575355e+01	-9.653344e+01
6.970000e-06	-5.153469e-06	-1.536498e-09	-3.587288e+01	-9.668370e+01
6.980000e-06	-5.170297e-06	-1.538172e-09	-3.599002e+01	-9.682674e+01
6.990000e-06	-5.186795e-06	-1.539987e-09	-3.610486e+01	-9.696256e+01
7.000000e-06	-5.202939e-06	-1.542938e-09	-3.621723e+01	-9.709121e+01
7.010000e-06	-5.218811e-06	-1.543005e-09	-3.632772e+01	-9.721277e+01
7.020000e-06	-5.234301e-06	-1.541833e-09	-3.643555e+01	-9.732734e+01
7.030000e-06	-5.249235e-06	-1.543754e-09	-3.653950e+01	-9.743502e+01
7.040000e-06	-5.263548e-06	-1.547320e-09	-3.663913e+01	-9.753598e+01
7.050000e-06	-5.277207e-06	-1.549793e-09	-3.673421e+01	-9.763037e+01
7.060000e-06	-5.290288e-06	-1.552305e-09	-3.682526e+01	-9.771841e+01
7.070000e-06	-5.303047e-06	-1.555539e-09	-3.691408e+01	-9.780029e+01
7.080000e-06	-5.315516e-06	-1.557163e-09	-3.700088e+01	-9.787627e+01
7.090000e-06	-5.327556e-06	-1.557030e-09	-3.708468e+01	-9.794658e+01
7.100000e-06	-5.339122e-06	-1.555171e-09	-3.716519e+01	-9.801151e+01
7.110000e-06	-5.350282e-06	-1.554336e-09	-3.724287e+01	-9.807133e+01
7.120000e-06	-5.361137e-06	-1.555634e-09	-3.731844e+01	-9.812635e+01
7.130000e-06	-5.371698e-06	-1.556982e-09	-3.739196e+01	-9.817686e+01
7.140000e-06	-5.381924e-06	-1.556429e-09	-3.746313e+01	-9.822318e+01
7.150000e-06	-5.391782e-06	-1.552977e-09	-3.753176e+01	-9.826563e+01
7.160000e-06	-5.401193e-06	-1.549547e-09	-3.759726e+01	-9.830451e+01
7.170000e-06	-5.410173e-06	-1.548272e-09	-3.765977e+01	-9.834015e+01
7.180000e-06	-5.418820e-06	-1.548733e-09	-3.771997e+01	-9.837285e+01
7.190000e-06	-5.427204e-06	-1.550302e-09	-3.777833e+01	-9.840291e+01
7.200000e-06	-5.435385e-06	-1.551611e-09	-3.783527e+01	-9.843062e+01
7.210000e-06	-5.443298e-06	-1.550452e-09	-3.789035e+01	-9.845627e+01
7.220000e-06	-5.450819e-06	-1.547336e-09	-3.794271e+01	-9.848012e+01
7.230000e-06	-5.457773e-06	-1.546243e-09	-3.799111e+01	-9.850240e+01
7.240000e-06	-5.464150e-06	-1.547323e-09	-3.803550e+01	-9.852336e+01
7.250000e-06	-5.469972e-06	-1.546564e-09	-3.807603e+01	-9.854319e+01
7.260000e-06	-5.475243e-06	-1.546131e-09	-3.811272e+01	-9.856207e+01
7.270000e-06	-5.480101e-06	-1.547940e-09	-3.814654e+01	-9.858017e+01
7.280000e-06	-5.484648e-06	-1.547379e-09	-3.817819e+01	-9.859761e+01
7.290000e-06	-5.488900e-06	-1.543396e-09	-3.820779e+01	-9.861449e+01
7.300000e-06	-5.492869e-06	-1.538406e-09	-3.823541e+01	-9.863090e+01
7.310000e-06	-5.496529e-06	-1.534610e-09	-3.826089e+01	-9.864688e+01
7.320000e-06	-5.499777e-06	-1.533810e-09	-3.828350e+01	-9.866245e+01
7.330000e-06	-5.502651e-06	-1.534485e-09	-3.830350e+01	-9.867760e+01
7.340000e-06	-5.505216e-06	-1.534979e-09	-3.832136e+01	-9.869229e+01
7.350000e-06	-5.507412e-06	-1.535004e-09	-3.833665e+01	-9.870646e+01
7.360000e-06	-5.509236e-06	-1.531822e-09	-3.834934e+01	-9.872001e+01
7.370000e-06	-5.510596e-06	-1.526825e-09	-3.835881e+01	-9.873284e+01
7.380000e-06	-5.511556e-06	-1.522490e-09	-3.836550e+01	-9.874480e+01
7.390000e-06	-5.512276e-06	-1.519737e-09	-3.837051e+01	-9.875573e+01
7.400000e-06	-5.512727e-06	-1.518075e-09	-3.837364e+01	-9.876544e+01
