# Temperatura_=_12.5
# Concentracion g/m^3_=_1620.0
# C_Vs_to_Am_M_A/Vsm_=_65563218390.804596
# pendiente_HvsI_1/m_=_3716.3
# ordenada_HvsI_A/m_=_1297.0
# frecuencia_Hz_=_135108.5216765942

Tiempo_(s)	Campo_(V.s)	Magnetizacion_(V.s)	Campo_(kA/m)	Magnetizacion_(A/m)
0.000000e+00	-5.524112e-06	-1.176847e-09	-3.836265e+01	-7.798439e+01
1.000000e-08	-5.524485e-06	-1.173472e-09	-3.836524e+01	-7.794649e+01
2.000000e-08	-5.524621e-06	-1.169836e-09	-3.836618e+01	-7.790583e+01
3.000000e-08	-5.524402e-06	-1.169497e-09	-3.836466e+01	-7.786250e+01
4.000000e-08	-5.523693e-06	-1.171342e-09	-3.835974e+01	-7.781662e+01
5.000000e-08	-5.522410e-06	-1.171420e-09	-3.835083e+01	-7.776825e+01
6.000000e-08	-5.520442e-06	-1.167143e-09	-3.833716e+01	-7.771750e+01
7.000000e-08	-5.517844e-06	-1.155233e-09	-3.831912e+01	-7.766445e+01
8.000000e-08	-5.514855e-06	-1.160706e-09	-3.829836e+01	-7.760917e+01
9.000000e-08	-5.511477e-06	-1.192080e-09	-3.827491e+01	-7.755175e+01
1.000000e-07	-5.507545e-06	-1.194771e-09	-3.824760e+01	-7.749223e+01
1.100000e-07	-5.503143e-06	-1.137160e-09	-3.821703e+01	-7.743070e+01
1.200000e-07	-5.498544e-06	-1.137421e-09	-3.818509e+01	-7.736719e+01
1.300000e-07	-5.493833e-06	-1.176872e-09	-3.815237e+01	-7.730176e+01
1.400000e-07	-5.488820e-06	-1.194966e-09	-3.811756e+01	-7.723443e+01
1.500000e-07	-5.483305e-06	-1.138397e-09	-3.807927e+01	-7.716524e+01
1.600000e-07	-5.477387e-06	-1.118290e-09	-3.803816e+01	-7.709420e+01
1.700000e-07	-5.471223e-06	-1.160517e-09	-3.799536e+01	-7.702132e+01
1.800000e-07	-5.464654e-06	-1.173081e-09	-3.794974e+01	-7.694660e+01
1.900000e-07	-5.457697e-06	-1.134300e-09	-3.790143e+01	-7.687004e+01
2.000000e-07	-5.450467e-06	-1.129182e-09	-3.785122e+01	-7.679160e+01
2.100000e-07	-5.442905e-06	-1.166408e-09	-3.779870e+01	-7.671127e+01
2.200000e-07	-5.435089e-06	-1.200014e-09	-3.774442e+01	-7.662899e+01
2.300000e-07	-5.427092e-06	-1.169094e-09	-3.768889e+01	-7.654474e+01
2.400000e-07	-5.418601e-06	-1.139550e-09	-3.762992e+01	-7.645844e+01
2.500000e-07	-5.409327e-06	-1.152107e-09	-3.756552e+01	-7.637004e+01
2.600000e-07	-5.399333e-06	-1.169228e-09	-3.749611e+01	-7.627947e+01
2.700000e-07	-5.388740e-06	-1.170681e-09	-3.742255e+01	-7.618664e+01
2.800000e-07	-5.377644e-06	-1.159040e-09	-3.734549e+01	-7.609147e+01
2.900000e-07	-5.366096e-06	-1.174580e-09	-3.726530e+01	-7.599387e+01
3.000000e-07	-5.354168e-06	-1.177083e-09	-3.718246e+01	-7.589374e+01
3.100000e-07	-5.341904e-06	-1.160792e-09	-3.709729e+01	-7.579098e+01
3.200000e-07	-5.329259e-06	-1.126655e-09	-3.700948e+01	-7.568549e+01
3.300000e-07	-5.316223e-06	-1.144159e-09	-3.691895e+01	-7.557716e+01
3.400000e-07	-5.302908e-06	-1.160987e-09	-3.682648e+01	-7.546588e+01
3.500000e-07	-5.289213e-06	-1.149538e-09	-3.673137e+01	-7.535154e+01
3.600000e-07	-5.274878e-06	-1.137204e-09	-3.663182e+01	-7.523403e+01
3.700000e-07	-5.259984e-06	-1.180358e-09	-3.652839e+01	-7.511325e+01
3.800000e-07	-5.244681e-06	-1.168619e-09	-3.642212e+01	-7.498907e+01
3.900000e-07	-5.228815e-06	-1.125991e-09	-3.631193e+01	-7.486141e+01
4.000000e-07	-5.212520e-06	-1.138561e-09	-3.619877e+01	-7.473015e+01
4.100000e-07	-5.196011e-06	-1.167599e-09	-3.608412e+01	-7.459521e+01
4.200000e-07	-5.179191e-06	-1.117563e-09	-3.596732e+01	-7.445648e+01
4.300000e-07	-5.161968e-06	-1.107301e-09	-3.584771e+01	-7.431389e+01
4.400000e-07	-5.144426e-06	-1.164042e-09	-3.572589e+01	-7.416735e+01
4.500000e-07	-5.126547e-06	-1.146574e-09	-3.560173e+01	-7.401679e+01
4.600000e-07	-5.108173e-06	-1.088356e-09	-3.547413e+01	-7.386215e+01
4.700000e-07	-5.089351e-06	-1.130632e-09	-3.534342e+01	-7.370338e+01
4.800000e-07	-5.070208e-06	-1.155555e-09	-3.521047e+01	-7.354043e+01
4.900000e-07	-5.050840e-06	-1.094720e-09	-3.507597e+01	-7.337327e+01
5.000000e-07	-5.031342e-06	-1.100299e-09	-3.494057e+01	-7.320186e+01
5.100000e-07	-5.011698e-06	-1.138679e-09	-3.480415e+01	-7.302619e+01
5.200000e-07	-4.991713e-06	-1.086836e-09	-3.466536e+01	-7.284626e+01
5.300000e-07	-4.971294e-06	-1.064249e-09	-3.452356e+01	-7.266207e+01
5.400000e-07	-4.950443e-06	-1.125852e-09	-3.437876e+01	-7.247364e+01
5.500000e-07	-4.929179e-06	-1.107134e-09	-3.423109e+01	-7.228099e+01
5.600000e-07	-4.907630e-06	-1.062452e-09	-3.408144e+01	-7.208416e+01
5.700000e-07	-4.885734e-06	-1.104579e-09	-3.392938e+01	-7.188319e+01
5.800000e-07	-4.863503e-06	-1.117854e-09	-3.377500e+01	-7.167813e+01
5.900000e-07	-4.840953e-06	-1.060218e-09	-3.361839e+01	-7.146904e+01
6.000000e-07	-4.818007e-06	-1.072980e-09	-3.345904e+01	-7.125601e+01
6.100000e-07	-4.794758e-06	-1.098799e-09	-3.329759e+01	-7.103910e+01
6.200000e-07	-4.771333e-06	-1.060725e-09	-3.313491e+01	-7.081840e+01
6.300000e-07	-4.747749e-06	-1.051297e-09	-3.297114e+01	-7.059399e+01
6.400000e-07	-4.723927e-06	-1.085800e-09	-3.280570e+01	-7.036599e+01
6.500000e-07	-4.699708e-06	-1.061894e-09	-3.263751e+01	-7.013447e+01
6.600000e-07	-4.674924e-06	-1.042012e-09	-3.246539e+01	-6.989955e+01
6.700000e-07	-4.649647e-06	-1.061136e-09	-3.228985e+01	-6.966133e+01
6.800000e-07	-4.623794e-06	-1.053220e-09	-3.211032e+01	-6.941991e+01
6.900000e-07	-4.597297e-06	-1.028204e-09	-3.192631e+01	-6.917539e+01
7.000000e-07	-4.570365e-06	-1.042278e-09	-3.173927e+01	-6.892789e+01
7.100000e-07	-4.543192e-06	-1.040534e-09	-3.155057e+01	-6.867750e+01
7.200000e-07	-4.515848e-06	-1.017388e-09	-3.136068e+01	-6.842432e+01
7.300000e-07	-4.488348e-06	-1.019476e-09	-3.116970e+01	-6.816844e+01
7.400000e-07	-4.460706e-06	-1.024177e-09	-3.097774e+01	-6.790995e+01
7.500000e-07	-4.432792e-06	-1.001822e-09	-3.078389e+01	-6.764892e+01
7.600000e-07	-4.404548e-06	-9.965497e-10	-3.058774e+01	-6.738544e+01
7.700000e-07	-4.375951e-06	-1.004577e-09	-3.038915e+01	-6.711957e+01
7.800000e-07	-4.346974e-06	-9.916126e-10	-3.018792e+01	-6.685136e+01
7.900000e-07	-4.317729e-06	-9.837828e-10	-2.998482e+01	-6.658087e+01
8.000000e-07	-4.288252e-06	-9.913299e-10	-2.978012e+01	-6.630812e+01
8.100000e-07	-4.258545e-06	-9.783846e-10	-2.957381e+01	-6.603315e+01
8.200000e-07	-4.228578e-06	-9.562131e-10	-2.936570e+01	-6.575597e+01
8.300000e-07	-4.198248e-06	-9.577884e-10	-2.915508e+01	-6.547658e+01
8.400000e-07	-4.167487e-06	-9.548326e-10	-2.894146e+01	-6.519498e+01
8.500000e-07	-4.136411e-06	-9.418160e-10	-2.872565e+01	-6.491114e+01
8.600000e-07	-4.105130e-06	-9.449703e-10	-2.850841e+01	-6.462503e+01
8.700000e-07	-4.073720e-06	-9.543339e-10	-2.829028e+01	-6.433662e+01
8.800000e-07	-4.042226e-06	-9.429217e-10	-2.807157e+01	-6.404584e+01
8.900000e-07	-4.010551e-06	-9.395855e-10	-2.785160e+01	-6.375265e+01
9.000000e-07	-3.978594e-06	-9.427051e-10	-2.762968e+01	-6.345695e+01
9.100000e-07	-3.946259e-06	-9.305993e-10	-2.740512e+01	-6.315867e+01
9.200000e-07	-3.913535e-06	-9.153685e-10	-2.717786e+01	-6.285771e+01
9.300000e-07	-3.880394e-06	-9.173023e-10	-2.694771e+01	-6.255399e+01
9.400000e-07	-3.846776e-06	-9.151366e-10	-2.671426e+01	-6.224739e+01
9.500000e-07	-3.812694e-06	-9.057438e-10	-2.647757e+01	-6.193779e+01
9.600000e-07	-3.778155e-06	-9.064912e-10	-2.623771e+01	-6.162509e+01
9.700000e-07	-3.743276e-06	-9.071355e-10	-2.599548e+01	-6.130917e+01
9.800000e-07	-3.708123e-06	-8.947311e-10	-2.575137e+01	-6.098989e+01
9.900000e-07	-3.672748e-06	-8.912400e-10	-2.550570e+01	-6.066715e+01
1.000000e-06	-3.637304e-06	-8.912723e-10	-2.525956e+01	-6.034081e+01
1.010000e-06	-3.601734e-06	-8.809515e-10	-2.501253e+01	-6.001075e+01
1.020000e-06	-3.566009e-06	-8.720110e-10	-2.476444e+01	-5.967686e+01
1.030000e-06	-3.530133e-06	-8.732897e-10	-2.451530e+01	-5.933902e+01
1.040000e-06	-3.493972e-06	-8.700793e-10	-2.426418e+01	-5.899713e+01
1.050000e-06	-3.457511e-06	-8.655206e-10	-2.401097e+01	-5.865107e+01
1.060000e-06	-3.420798e-06	-8.669467e-10	-2.375601e+01	-5.830075e+01
1.070000e-06	-3.383736e-06	-8.630590e-10	-2.349863e+01	-5.794608e+01
1.080000e-06	-3.346389e-06	-8.498896e-10	-2.323927e+01	-5.758698e+01
1.090000e-06	-3.308938e-06	-8.401787e-10	-2.297919e+01	-5.722338e+01
1.100000e-06	-3.271311e-06	-8.340429e-10	-2.271789e+01	-5.685523e+01
1.110000e-06	-3.233340e-06	-8.225108e-10	-2.245420e+01	-5.648247e+01
1.120000e-06	-3.195098e-06	-8.156112e-10	-2.218862e+01	-5.610506e+01
1.130000e-06	-3.156671e-06	-8.157265e-10	-2.192176e+01	-5.572298e+01
1.140000e-06	-3.118093e-06	-8.125376e-10	-2.165385e+01	-5.533621e+01
1.150000e-06	-3.079331e-06	-8.061578e-10	-2.138467e+01	-5.494474e+01
1.160000e-06	-3.040379e-06	-8.022113e-10	-2.111416e+01	-5.454858e+01
1.170000e-06	-3.001250e-06	-7.948832e-10	-2.084242e+01	-5.414775e+01
1.180000e-06	-2.961914e-06	-7.837159e-10	-2.056925e+01	-5.374226e+01
1.190000e-06	-2.922491e-06	-7.770843e-10	-2.029548e+01	-5.333215e+01
1.200000e-06	-2.882943e-06	-7.726236e-10	-2.002084e+01	-5.291747e+01
1.210000e-06	-2.843252e-06	-7.633140e-10	-1.974520e+01	-5.249825e+01
1.220000e-06	-2.803431e-06	-7.568943e-10	-1.946866e+01	-5.207454e+01
1.230000e-06	-2.763427e-06	-7.513399e-10	-1.919085e+01	-5.164641e+01
1.240000e-06	-2.723261e-06	-7.421078e-10	-1.891191e+01	-5.121390e+01
1.250000e-06	-2.682868e-06	-7.312392e-10	-1.863140e+01	-5.077706e+01
1.260000e-06	-2.642167e-06	-7.236760e-10	-1.834875e+01	-5.033596e+01
1.270000e-06	-2.601111e-06	-7.175810e-10	-1.806363e+01	-4.989063e+01
1.280000e-06	-2.559722e-06	-7.119738e-10	-1.777620e+01	-4.944112e+01
1.290000e-06	-2.518090e-06	-7.098227e-10	-1.748709e+01	-4.898747e+01
1.300000e-06	-2.476168e-06	-7.059372e-10	-1.719595e+01	-4.852968e+01
1.310000e-06	-2.433998e-06	-6.935183e-10	-1.690310e+01	-4.806778e+01
1.320000e-06	-2.391568e-06	-6.784898e-10	-1.660844e+01	-4.760175e+01
1.330000e-06	-2.348829e-06	-6.664788e-10	-1.631164e+01	-4.713157e+01
1.340000e-06	-2.305864e-06	-6.568132e-10	-1.601326e+01	-4.665721e+01
1.350000e-06	-2.262690e-06	-6.502707e-10	-1.571344e+01	-4.617858e+01
1.360000e-06	-2.219378e-06	-6.482536e-10	-1.541265e+01	-4.569562e+01
1.370000e-06	-2.176014e-06	-6.452267e-10	-1.511151e+01	-4.520820e+01
1.380000e-06	-2.132580e-06	-6.382267e-10	-1.480988e+01	-4.471619e+01
1.390000e-06	-2.089056e-06	-6.276512e-10	-1.450762e+01	-4.421941e+01
1.400000e-06	-2.045434e-06	-6.150680e-10	-1.420469e+01	-4.371769e+01
1.410000e-06	-2.001747e-06	-6.026085e-10	-1.390129e+01	-4.321077e+01
1.420000e-06	-1.957906e-06	-5.933936e-10	-1.359684e+01	-4.269842e+01
1.430000e-06	-1.913877e-06	-5.867677e-10	-1.329107e+01	-4.218034e+01
1.440000e-06	-1.869729e-06	-5.792086e-10	-1.298448e+01	-4.165620e+01
1.450000e-06	-1.825495e-06	-5.714486e-10	-1.267730e+01	-4.112566e+01
1.460000e-06	-1.781180e-06	-5.654224e-10	-1.236955e+01	-4.058833e+01
1.470000e-06	-1.736693e-06	-5.592756e-10	-1.206061e+01	-4.004379e+01
1.480000e-06	-1.692067e-06	-5.511118e-10	-1.175070e+01	-3.949160e+01
1.490000e-06	-1.647367e-06	-5.425534e-10	-1.144028e+01	-3.893129e+01
1.500000e-06	-1.602495e-06	-5.341512e-10	-1.112865e+01	-3.836235e+01
1.510000e-06	-1.557455e-06	-5.250602e-10	-1.081587e+01	-3.778425e+01
1.520000e-06	-1.512254e-06	-5.148245e-10	-1.050198e+01	-3.719644e+01
1.530000e-06	-1.466907e-06	-5.067117e-10	-1.018705e+01	-3.659836e+01
1.540000e-06	-1.421588e-06	-5.007005e-10	-9.872334e+00	-3.598940e+01
1.550000e-06	-1.376229e-06	-4.956801e-10	-9.557332e+00	-3.536897e+01
1.560000e-06	-1.330713e-06	-4.892254e-10	-9.241249e+00	-3.473646e+01
1.570000e-06	-1.285064e-06	-4.781157e-10	-8.924232e+00	-3.409123e+01
1.580000e-06	-1.239303e-06	-4.654770e-10	-8.606438e+00	-3.343265e+01
1.590000e-06	-1.193513e-06	-4.531799e-10	-8.288450e+00	-3.276011e+01
1.600000e-06	-1.147702e-06	-4.417127e-10	-7.970311e+00	-3.207297e+01
1.610000e-06	-1.101779e-06	-4.319210e-10	-7.651396e+00	-3.137061e+01
1.620000e-06	-1.055712e-06	-4.208189e-10	-7.331478e+00	-3.065243e+01
1.630000e-06	-1.009545e-06	-4.060264e-10	-7.010871e+00	-2.991785e+01
1.640000e-06	-9.633463e-07	-3.908229e-10	-6.690037e+00	-2.916630e+01
1.650000e-06	-9.170809e-07	-3.776692e-10	-6.368744e+00	-2.839723e+01
1.660000e-06	-8.708070e-07	-3.659706e-10	-6.047390e+00	-2.761015e+01
1.670000e-06	-8.245305e-07	-3.552864e-10	-5.726020e+00	-2.680457e+01
1.680000e-06	-7.781920e-07	-3.454421e-10	-5.404218e+00	-2.598007e+01
1.690000e-06	-7.317683e-07	-3.357634e-10	-5.081825e+00	-2.513625e+01
1.700000e-06	-6.851866e-07	-3.237856e-10	-4.758335e+00	-2.427278e+01
1.710000e-06	-6.385886e-07	-3.085973e-10	-4.434731e+00	-2.338936e+01
1.720000e-06	-5.920062e-07	-2.919487e-10	-4.111236e+00	-2.248577e+01
1.730000e-06	-5.453414e-07	-2.753220e-10	-3.787168e+00	-2.156182e+01
1.740000e-06	-4.986249e-07	-2.603380e-10	-3.462742e+00	-2.061743e+01
1.750000e-06	-4.518759e-07	-2.463796e-10	-3.138089e+00	-1.965253e+01
1.760000e-06	-4.050917e-07	-2.337554e-10	-2.813192e+00	-1.866716e+01
1.770000e-06	-3.582802e-07	-2.219633e-10	-2.488106e+00	-1.766141e+01
1.780000e-06	-3.114486e-07	-2.078875e-10	-2.162880e+00	-1.663544e+01
1.790000e-06	-2.646306e-07	-1.931238e-10	-1.837749e+00	-1.558951e+01
1.800000e-06	-2.178205e-07	-1.774466e-10	-1.512672e+00	-1.452393e+01
1.810000e-06	-1.710302e-07	-1.604118e-10	-1.187733e+00	-1.343909e+01
1.820000e-06	-1.241819e-07	-1.412954e-10	-8.623915e-01	-1.233545e+01
1.830000e-06	-7.725623e-08	-1.210790e-10	-5.365122e-01	-1.121357e+01
1.840000e-06	-3.032920e-08	-1.023233e-10	-2.106236e-01	-1.007406e+01
1.850000e-06	1.656240e-08	-8.649581e-11	1.150190e-01	-8.917602e+00
1.860000e-06	6.348290e-08	-7.421322e-11	4.408622e-01	-7.744966e+00
1.870000e-06	1.104776e-07	-5.868377e-11	7.672205e-01	-6.556979e+00
1.880000e-06	1.573760e-07	-3.976673e-11	1.092911e+00	-5.354538e+00
1.890000e-06	2.041638e-07	-2.186867e-11	1.417832e+00	-4.138603e+00
1.900000e-06	2.509249e-07	-4.064003e-12	1.742569e+00	-2.910192e+00
1.910000e-06	2.977225e-07	1.417942e-11	2.067558e+00	-1.670382e+00
1.920000e-06	3.445811e-07	3.306096e-11	2.392972e+00	-4.202975e-01
1.930000e-06	3.913954e-07	5.262398e-11	2.718078e+00	8.388871e-01
1.940000e-06	4.381848e-07	7.310433e-11	3.043010e+00	2.105956e+00
1.950000e-06	4.849267e-07	9.252901e-11	3.367613e+00	3.379658e+00
1.960000e-06	5.315812e-07	1.104968e-10	3.691609e+00	4.658708e+00
1.970000e-06	5.781899e-07	1.275803e-10	4.015287e+00	5.941798e+00
1.980000e-06	6.247136e-07	1.460503e-10	4.338375e+00	7.227597e+00
1.990000e-06	6.711798e-07	1.654833e-10	4.661063e+00	8.514762e+00
2.000000e-06	7.176147e-07	1.819078e-10	4.983534e+00	9.801942e+00
2.010000e-06	7.639916e-07	1.997207e-10	5.305602e+00	1.108778e+01
2.020000e-06	8.102783e-07	2.171200e-10	5.627044e+00	1.237094e+01
2.030000e-06	8.565364e-07	2.382117e-10	5.948287e+00	1.365007e+01
2.040000e-06	9.027984e-07	2.621968e-10	6.269557e+00	1.492385e+01
2.050000e-06	9.489574e-07	2.842905e-10	6.590113e+00	1.619098e+01
2.060000e-06	9.949817e-07	3.034675e-10	6.909732e+00	1.745019e+01
2.070000e-06	1.040893e-06	3.174784e-10	7.228564e+00	1.870024e+01
2.080000e-06	1.086705e-06	3.292793e-10	7.546711e+00	1.993993e+01
2.090000e-06	1.132539e-06	3.422803e-10	7.865010e+00	2.116810e+01
2.100000e-06	1.178334e-06	3.608209e-10	8.183040e+00	2.238365e+01
2.110000e-06	1.223998e-06	3.828505e-10	8.500152e+00	2.358551e+01
2.120000e-06	1.269627e-06	4.037416e-10	8.817026e+00	2.477271e+01
2.130000e-06	1.315197e-06	4.213435e-10	9.133495e+00	2.594428e+01
2.140000e-06	1.360635e-06	4.371828e-10	9.449038e+00	2.709937e+01
2.150000e-06	1.405940e-06	4.493177e-10	9.763668e+00	2.823716e+01
2.160000e-06	1.451174e-06	4.599863e-10	1.007780e+01	2.935693e+01
2.170000e-06	1.496309e-06	4.717931e-10	1.039124e+01	3.045799e+01
2.180000e-06	1.541309e-06	4.866313e-10	1.070375e+01	3.153977e+01
2.190000e-06	1.586216e-06	5.030863e-10	1.101560e+01	3.260174e+01
2.200000e-06	1.631010e-06	5.191080e-10	1.132668e+01	3.364346e+01
2.210000e-06	1.675652e-06	5.319500e-10	1.163670e+01	3.466456e+01
2.220000e-06	1.720161e-06	5.421257e-10	1.194580e+01	3.566474e+01
2.230000e-06	1.764563e-06	5.508095e-10	1.225415e+01	3.664378e+01
2.240000e-06	1.808836e-06	5.596965e-10	1.256161e+01	3.760154e+01
2.250000e-06	1.852975e-06	5.708256e-10	1.286813e+01	3.853793e+01
2.260000e-06	1.896990e-06	5.835897e-10	1.317380e+01	3.945295e+01
2.270000e-06	1.940865e-06	5.983568e-10	1.347850e+01	4.034666e+01
2.280000e-06	1.984643e-06	6.099698e-10	1.378252e+01	4.121917e+01
2.290000e-06	2.028353e-06	6.180500e-10	1.408607e+01	4.207067e+01
2.300000e-06	2.071926e-06	6.272245e-10	1.438866e+01	4.290140e+01
2.310000e-06	2.115434e-06	6.378681e-10	1.469081e+01	4.371165e+01
2.320000e-06	2.158909e-06	6.493102e-10	1.499272e+01	4.450177e+01
2.330000e-06	2.202281e-06	6.620257e-10	1.529392e+01	4.527214e+01
2.340000e-06	2.245576e-06	6.764041e-10	1.559459e+01	4.602320e+01
2.350000e-06	2.288773e-06	6.881717e-10	1.589457e+01	4.675541e+01
2.360000e-06	2.331825e-06	6.973113e-10	1.619355e+01	4.746928e+01
2.370000e-06	2.374728e-06	7.039479e-10	1.649149e+01	4.816533e+01
2.380000e-06	2.417470e-06	7.098033e-10	1.678832e+01	4.884412e+01
2.390000e-06	2.460014e-06	7.185209e-10	1.708377e+01	4.950622e+01
2.400000e-06	2.502311e-06	7.284517e-10	1.737750e+01	5.015221e+01
2.410000e-06	2.544274e-06	7.402162e-10	1.766892e+01	5.078270e+01
2.420000e-06	2.585774e-06	7.533092e-10	1.795712e+01	5.139828e+01
2.430000e-06	2.626809e-06	7.656590e-10	1.824209e+01	5.199956e+01
2.440000e-06	2.667548e-06	7.751100e-10	1.852501e+01	5.258715e+01
2.450000e-06	2.708016e-06	7.803608e-10	1.880604e+01	5.316163e+01
2.460000e-06	2.748268e-06	7.839471e-10	1.908557e+01	5.372360e+01
2.470000e-06	2.788367e-06	7.890556e-10	1.936405e+01	5.427362e+01
2.480000e-06	2.828193e-06	7.966159e-10	1.964062e+01	5.481225e+01
2.490000e-06	2.867852e-06	8.041732e-10	1.991603e+01	5.534002e+01
2.500000e-06	2.907443e-06	8.129504e-10	2.019098e+01	5.585746e+01
2.510000e-06	2.946885e-06	8.239891e-10	2.046489e+01	5.636505e+01
2.520000e-06	2.986166e-06	8.343297e-10	2.073768e+01	5.686325e+01
2.530000e-06	3.025311e-06	8.432305e-10	2.100952e+01	5.735250e+01
2.540000e-06	3.064291e-06	8.505780e-10	2.128022e+01	5.783321e+01
2.550000e-06	3.103067e-06	8.578145e-10	2.154951e+01	5.830575e+01
2.560000e-06	3.141615e-06	8.622740e-10	2.181720e+01	5.877046e+01
2.570000e-06	3.179931e-06	8.653093e-10	2.208329e+01	5.922766e+01
2.580000e-06	3.217986e-06	8.710725e-10	2.234757e+01	5.967762e+01
2.590000e-06	3.255779e-06	8.804198e-10	2.261003e+01	6.012061e+01
2.600000e-06	3.293454e-06	8.898731e-10	2.287166e+01	6.055683e+01
2.610000e-06	3.330991e-06	8.960803e-10	2.313234e+01	6.098647e+01
2.620000e-06	3.368273e-06	9.007618e-10	2.339125e+01	6.140969e+01
2.630000e-06	3.405284e-06	9.067318e-10	2.364827e+01	6.182663e+01
2.640000e-06	3.442056e-06	9.136591e-10	2.390364e+01	6.223737e+01
2.650000e-06	3.478536e-06	9.196574e-10	2.415698e+01	6.264201e+01
2.660000e-06	3.514654e-06	9.271935e-10	2.440780e+01	6.304059e+01
2.670000e-06	3.550549e-06	9.353812e-10	2.465708e+01	6.343315e+01
2.680000e-06	3.586271e-06	9.412881e-10	2.490516e+01	6.381969e+01
2.690000e-06	3.621816e-06	9.448226e-10	2.515200e+01	6.420022e+01
2.700000e-06	3.657295e-06	9.458053e-10	2.539838e+01	6.457471e+01
2.710000e-06	3.692687e-06	9.481891e-10	2.564417e+01	6.494312e+01
2.720000e-06	3.727905e-06	9.532179e-10	2.588874e+01	6.530542e+01
2.730000e-06	3.762887e-06	9.609532e-10	2.613168e+01	6.566155e+01
2.740000e-06	3.797556e-06	9.685713e-10	2.637244e+01	6.601146e+01
2.750000e-06	3.831787e-06	9.748686e-10	2.661016e+01	6.635507e+01
2.760000e-06	3.865460e-06	9.776043e-10	2.684400e+01	6.669232e+01
2.770000e-06	3.898663e-06	9.764304e-10	2.707459e+01	6.702315e+01
2.780000e-06	3.931530e-06	9.740234e-10	2.730283e+01	6.734749e+01
2.790000e-06	3.964072e-06	9.741130e-10	2.752882e+01	6.766528e+01
2.800000e-06	3.996210e-06	9.771611e-10	2.775201e+01	6.797648e+01
2.810000e-06	4.027991e-06	9.823610e-10	2.797271e+01	6.828104e+01
2.820000e-06	4.059622e-06	9.903240e-10	2.819238e+01	6.857891e+01
2.830000e-06	4.091088e-06	9.966185e-10	2.841090e+01	6.887008e+01
2.840000e-06	4.122309e-06	1.000729e-09	2.862772e+01	6.915453e+01
2.850000e-06	4.153340e-06	1.002948e-09	2.884321e+01	6.943226e+01
2.860000e-06	4.184117e-06	1.004961e-09	2.905694e+01	6.970327e+01
2.870000e-06	4.214558e-06	1.006864e-09	2.926835e+01	6.996760e+01
2.880000e-06	4.244700e-06	1.008610e-09	2.947766e+01	7.022528e+01
2.890000e-06	4.274514e-06	1.010445e-09	2.968471e+01	7.047636e+01
2.900000e-06	4.304074e-06	1.012238e-09	2.989000e+01	7.072091e+01
2.910000e-06	4.333441e-06	1.015186e-09	3.009394e+01	7.095901e+01
2.920000e-06	4.362526e-06	1.019640e-09	3.029592e+01	7.119077e+01
2.930000e-06	4.391309e-06	1.025213e-09	3.049580e+01	7.141628e+01
2.940000e-06	4.419789e-06	1.031466e-09	3.069359e+01	7.163567e+01
2.950000e-06	4.447916e-06	1.034700e-09	3.088892e+01	7.184908e+01
2.960000e-06	4.475759e-06	1.035772e-09	3.108228e+01	7.205665e+01
2.970000e-06	4.503438e-06	1.035393e-09	3.127449e+01	7.225854e+01
2.980000e-06	4.530943e-06	1.036196e-09	3.146551e+01	7.245491e+01
2.990000e-06	4.558259e-06	1.039920e-09	3.165520e+01	7.264594e+01
3.000000e-06	4.585311e-06	1.043873e-09	3.184307e+01	7.283181e+01
3.010000e-06	4.612012e-06	1.046433e-09	3.202850e+01	7.301270e+01
3.020000e-06	4.638295e-06	1.049031e-09	3.221102e+01	7.318881e+01
3.030000e-06	4.663984e-06	1.053612e-09	3.238942e+01	7.336033e+01
3.040000e-06	4.689062e-06	1.059891e-09	3.256358e+01	7.352745e+01
3.050000e-06	4.713560e-06	1.065874e-09	3.273371e+01	7.369037e+01
3.060000e-06	4.737584e-06	1.070852e-09	3.290054e+01	7.384929e+01
3.070000e-06	4.761354e-06	1.075121e-09	3.306561e+01	7.400439e+01
3.080000e-06	4.784882e-06	1.078340e-09	3.322901e+01	7.415586e+01
3.090000e-06	4.808179e-06	1.078946e-09	3.339080e+01	7.430388e+01
3.100000e-06	4.831164e-06	1.077997e-09	3.355042e+01	7.444862e+01
3.110000e-06	4.853718e-06	1.078373e-09	3.370705e+01	7.459026e+01
3.120000e-06	4.875933e-06	1.080793e-09	3.386132e+01	7.472895e+01
3.130000e-06	4.897879e-06	1.085616e-09	3.401372e+01	7.486484e+01
3.140000e-06	4.919554e-06	1.091707e-09	3.416425e+01	7.499807e+01
3.150000e-06	4.940918e-06	1.098763e-09	3.431261e+01	7.512877e+01
3.160000e-06	4.961930e-06	1.103185e-09	3.445853e+01	7.525704e+01
3.170000e-06	4.982572e-06	1.103155e-09	3.460188e+01	7.538300e+01
3.180000e-06	5.002858e-06	1.101404e-09	3.474276e+01	7.550672e+01
3.190000e-06	5.022816e-06	1.099237e-09	3.488136e+01	7.562829e+01
3.200000e-06	5.042474e-06	1.097296e-09	3.501787e+01	7.574776e+01
3.210000e-06	5.061923e-06	1.099240e-09	3.515294e+01	7.586519e+01
3.220000e-06	5.081178e-06	1.104483e-09	3.528666e+01	7.598061e+01
3.230000e-06	5.100208e-06	1.109478e-09	3.541881e+01	7.609404e+01
3.240000e-06	5.118873e-06	1.111845e-09	3.554844e+01	7.620549e+01
3.250000e-06	5.137013e-06	1.113058e-09	3.567441e+01	7.631496e+01
3.260000e-06	5.154684e-06	1.113710e-09	3.579713e+01	7.642242e+01
3.270000e-06	5.172000e-06	1.113335e-09	3.591738e+01	7.652786e+01
3.280000e-06	5.188939e-06	1.113819e-09	3.603501e+01	7.663122e+01
3.290000e-06	5.205525e-06	1.114827e-09	3.615020e+01	7.673247e+01
3.300000e-06	5.221854e-06	1.116579e-09	3.626359e+01	7.683154e+01
3.310000e-06	5.237834e-06	1.118722e-09	3.637457e+01	7.692836e+01
3.320000e-06	5.253426e-06	1.121292e-09	3.648285e+01	7.702286e+01
3.330000e-06	5.268618e-06	1.125167e-09	3.658835e+01	7.711496e+01
3.340000e-06	5.283295e-06	1.130547e-09	3.669028e+01	7.720457e+01
3.350000e-06	5.297387e-06	1.136475e-09	3.678814e+01	7.729160e+01
3.360000e-06	5.310996e-06	1.139028e-09	3.688265e+01	7.737595e+01
3.370000e-06	5.324294e-06	1.140463e-09	3.697500e+01	7.745753e+01
3.380000e-06	5.337218e-06	1.142193e-09	3.706475e+01	7.753623e+01
3.390000e-06	5.349731e-06	1.142182e-09	3.715165e+01	7.761196e+01
3.400000e-06	5.361936e-06	1.141918e-09	3.723641e+01	7.768462e+01
3.410000e-06	5.373836e-06	1.142995e-09	3.731904e+01	7.775410e+01
3.420000e-06	5.385368e-06	1.146159e-09	3.739913e+01	7.782033e+01
3.430000e-06	5.396602e-06	1.151265e-09	3.747715e+01	7.788320e+01
3.440000e-06	5.407428e-06	1.156410e-09	3.755233e+01	7.794262e+01
3.450000e-06	5.417643e-06	1.158662e-09	3.762327e+01	7.799853e+01
3.460000e-06	5.427223e-06	1.159582e-09	3.768980e+01	7.805084e+01
3.470000e-06	5.436143e-06	1.160144e-09	3.775174e+01	7.809949e+01
3.480000e-06	5.444428e-06	1.158232e-09	3.780928e+01	7.814442e+01
3.490000e-06	5.452254e-06	1.155219e-09	3.786362e+01	7.818556e+01
3.500000e-06	5.459833e-06	1.155535e-09	3.791626e+01	7.822289e+01
3.510000e-06	5.467189e-06	1.158700e-09	3.796735e+01	7.825636e+01
3.520000e-06	5.474287e-06	1.162214e-09	3.801664e+01	7.828595e+01
3.530000e-06	5.481095e-06	1.165776e-09	3.806391e+01	7.831164e+01
3.540000e-06	5.487445e-06	1.167902e-09	3.810801e+01	7.833342e+01
3.550000e-06	5.493349e-06	1.167227e-09	3.814902e+01	7.835129e+01
3.560000e-06	5.498959e-06	1.165546e-09	3.818797e+01	7.836528e+01
3.570000e-06	5.504210e-06	1.164107e-09	3.822444e+01	7.837538e+01
3.580000e-06	5.509021e-06	1.163906e-09	3.825785e+01	7.838165e+01
3.590000e-06	5.513370e-06	1.164978e-09	3.828805e+01	7.838411e+01
3.600000e-06	5.517395e-06	1.166208e-09	3.831600e+01	7.838280e+01
3.610000e-06	5.521194e-06	1.166887e-09	3.834239e+01	7.837780e+01
3.620000e-06	5.524745e-06	1.167077e-09	3.836705e+01	7.836915e+01
3.630000e-06	5.528086e-06	1.166674e-09	3.839025e+01	7.835693e+01
3.640000e-06	5.531170e-06	1.165316e-09	3.841166e+01	7.834120e+01
3.650000e-06	5.533707e-06	1.165029e-09	3.842928e+01	7.832206e+01
3.660000e-06	5.535619e-06	1.166318e-09	3.844256e+01	7.829958e+01
3.670000e-06	5.537039e-06	1.168557e-09	3.845242e+01	7.827386e+01
3.680000e-06	5.537887e-06	1.172133e-09	3.845831e+01	7.824499e+01
3.690000e-06	5.538130e-06	1.175674e-09	3.846000e+01	7.821306e+01
3.700000e-06	5.537932e-06	1.174873e-09	3.845862e+01	7.817817e+01
3.710000e-06	5.537463e-06	1.170289e-09	3.845537e+01	7.814042e+01
3.720000e-06	5.536764e-06	1.165287e-09	3.845051e+01	7.809991e+01
3.730000e-06	5.535781e-06	1.161467e-09	3.844369e+01	7.805672e+01
3.740000e-06	5.534400e-06	1.159817e-09	3.843409e+01	7.801096e+01
3.750000e-06	5.532616e-06	1.163466e-09	3.842170e+01	7.796272e+01
3.760000e-06	5.530510e-06	1.178424e-09	3.840708e+01	7.791208e+01
3.770000e-06	5.528055e-06	1.188996e-09	3.839004e+01	7.785914e+01
3.780000e-06	5.525267e-06	1.147162e-09	3.837067e+01	7.780396e+01
3.790000e-06	5.521987e-06	1.107008e-09	3.834790e+01	7.774663e+01
3.800000e-06	5.518041e-06	1.158586e-09	3.832049e+01	7.768721e+01
3.810000e-06	5.513669e-06	1.183637e-09	3.829013e+01	7.762576e+01
3.820000e-06	5.509162e-06	1.151866e-09	3.825883e+01	7.756233e+01
3.830000e-06	5.504647e-06	1.114837e-09	3.822747e+01	7.749697e+01
3.840000e-06	5.499843e-06	1.147306e-09	3.819411e+01	7.742972e+01
3.850000e-06	5.494359e-06	1.210986e-09	3.815603e+01	7.736060e+01
3.860000e-06	5.488410e-06	1.176040e-09	3.811472e+01	7.728963e+01
3.870000e-06	5.482297e-06	1.121462e-09	3.807227e+01	7.721683e+01
3.880000e-06	5.475659e-06	1.163070e-09	3.802616e+01	7.714218e+01
3.890000e-06	5.468234e-06	1.234524e-09	3.797460e+01	7.706569e+01
3.900000e-06	5.460317e-06	1.161679e-09	3.791962e+01	7.698733e+01
3.910000e-06	5.452113e-06	1.077140e-09	3.786264e+01	7.690707e+01
3.920000e-06	5.443520e-06	1.135015e-09	3.780297e+01	7.682488e+01
3.930000e-06	5.434498e-06	1.238947e-09	3.774032e+01	7.674071e+01
3.940000e-06	5.425283e-06	1.196503e-09	3.767632e+01	7.665451e+01
3.950000e-06	5.415871e-06	1.127850e-09	3.761096e+01	7.656620e+01
3.960000e-06	5.405956e-06	1.152643e-09	3.754211e+01	7.647573e+01
3.970000e-06	5.395587e-06	1.192141e-09	3.747009e+01	7.638301e+01
3.980000e-06	5.385038e-06	1.148859e-09	3.739684e+01	7.628796e+01
3.990000e-06	5.374167e-06	1.122955e-09	3.732134e+01	7.619048e+01
4.000000e-06	5.362662e-06	1.161248e-09	3.724144e+01	7.609048e+01
4.010000e-06	5.350686e-06	1.184559e-09	3.715828e+01	7.598787e+01
4.020000e-06	5.338518e-06	1.156074e-09	3.707377e+01	7.588253e+01
4.030000e-06	5.325927e-06	1.123297e-09	3.698634e+01	7.577436e+01
4.040000e-06	5.312767e-06	1.146862e-09	3.689495e+01	7.566325e+01
4.050000e-06	5.299398e-06	1.163320e-09	3.680211e+01	7.554908e+01
4.060000e-06	5.285621e-06	1.128254e-09	3.670643e+01	7.543176e+01
4.070000e-06	5.270987e-06	1.095460e-09	3.660480e+01	7.531117e+01
4.080000e-06	5.255714e-06	1.159653e-09	3.649874e+01	7.518720e+01
4.090000e-06	5.240092e-06	1.189410e-09	3.639025e+01	7.505975e+01
4.100000e-06	5.224041e-06	1.105134e-09	3.627879e+01	7.492872e+01
4.110000e-06	5.207545e-06	1.076451e-09	3.616422e+01	7.479400e+01
4.120000e-06	5.190805e-06	1.164430e-09	3.604797e+01	7.465551e+01
4.130000e-06	5.173781e-06	1.138819e-09	3.592975e+01	7.451316e+01
4.140000e-06	5.156327e-06	1.059401e-09	3.580854e+01	7.436687e+01
4.150000e-06	5.138538e-06	1.128717e-09	3.568500e+01	7.421657e+01
4.160000e-06	5.120438e-06	1.189540e-09	3.555930e+01	7.406219e+01
4.170000e-06	5.101924e-06	1.083930e-09	3.543073e+01	7.390369e+01
4.180000e-06	5.083112e-06	1.082850e-09	3.530009e+01	7.374101e+01
4.190000e-06	5.064084e-06	1.182847e-09	3.516795e+01	7.357411e+01
4.200000e-06	5.044686e-06	1.117732e-09	3.503324e+01	7.340297e+01
4.210000e-06	5.024874e-06	1.044759e-09	3.489565e+01	7.322758e+01
4.220000e-06	5.004698e-06	1.144712e-09	3.475554e+01	7.304793e+01
4.230000e-06	4.984258e-06	1.146589e-09	3.461359e+01	7.286401e+01
4.240000e-06	4.963649e-06	1.047484e-09	3.447047e+01	7.267585e+01
4.250000e-06	4.942810e-06	1.108195e-09	3.432575e+01	7.248347e+01
4.260000e-06	4.921686e-06	1.157714e-09	3.417906e+01	7.228690e+01
4.270000e-06	4.899970e-06	1.058878e-09	3.402825e+01	7.208619e+01
4.280000e-06	4.877496e-06	1.066165e-09	3.387217e+01	7.188138e+01
4.290000e-06	4.854585e-06	1.145231e-09	3.371306e+01	7.167255e+01
4.300000e-06	4.831305e-06	1.077805e-09	3.355139e+01	7.145976e+01
4.310000e-06	4.807487e-06	1.035852e-09	3.338599e+01	7.124309e+01
4.320000e-06	4.783301e-06	1.107436e-09	3.321803e+01	7.102262e+01
4.330000e-06	4.758937e-06	1.094374e-09	3.304883e+01	7.079844e+01
4.340000e-06	4.734364e-06	1.039265e-09	3.287818e+01	7.057065e+01
4.350000e-06	4.709594e-06	1.085678e-09	3.270616e+01	7.033934e+01
4.360000e-06	4.684506e-06	1.096824e-09	3.253194e+01	7.010462e+01
4.370000e-06	4.658953e-06	1.045752e-09	3.235448e+01	6.986658e+01
4.380000e-06	4.632977e-06	1.055790e-09	3.217409e+01	6.962534e+01
4.390000e-06	4.606697e-06	1.078385e-09	3.199159e+01	6.938100e+01
4.400000e-06	4.580112e-06	1.044046e-09	3.180696e+01	6.913367e+01
4.410000e-06	4.553272e-06	1.039001e-09	3.162057e+01	6.888343e+01
4.420000e-06	4.526241e-06	1.063327e-09	3.143285e+01	6.863039e+01
4.430000e-06	4.498903e-06	1.054790e-09	3.124300e+01	6.837465e+01
4.440000e-06	4.471150e-06	1.044805e-09	3.105027e+01	6.811629e+01
4.450000e-06	4.443088e-06	1.058905e-09	3.085539e+01	6.785540e+01
4.460000e-06	4.414846e-06	1.044497e-09	3.065926e+01	6.759204e+01
4.470000e-06	4.386397e-06	1.021001e-09	3.046169e+01	6.732628e+01
4.480000e-06	4.357795e-06	1.024847e-09	3.026307e+01	6.705819e+01
4.490000e-06	4.329030e-06	1.027677e-09	3.006331e+01	6.678780e+01
4.500000e-06	4.299863e-06	1.015890e-09	2.986075e+01	6.651516e+01
4.510000e-06	4.270247e-06	1.024335e-09	2.965508e+01	6.624029e+01
4.520000e-06	4.240176e-06	1.031445e-09	2.944625e+01	6.596321e+01
4.530000e-06	4.209537e-06	1.010958e-09	2.923348e+01	6.568392e+01
4.540000e-06	4.178296e-06	1.001157e-09	2.901652e+01	6.540242e+01
4.550000e-06	4.146591e-06	1.006617e-09	2.879634e+01	6.511869e+01
4.560000e-06	4.114615e-06	9.929980e-10	2.857428e+01	6.483269e+01
4.570000e-06	4.082406e-06	9.854206e-10	2.835060e+01	6.454439e+01
4.580000e-06	4.050067e-06	1.002374e-09	2.812602e+01	6.425373e+01
4.590000e-06	4.017610e-06	1.000628e-09	2.790062e+01	6.396066e+01
4.600000e-06	3.984940e-06	9.856939e-10	2.767374e+01	6.366509e+01
4.610000e-06	3.952043e-06	9.885767e-10	2.744529e+01	6.336695e+01
4.620000e-06	3.918862e-06	9.861166e-10	2.721486e+01	6.306614e+01
4.630000e-06	3.885324e-06	9.667484e-10	2.698195e+01	6.276257e+01
4.640000e-06	3.851530e-06	9.670894e-10	2.674727e+01	6.245612e+01
4.650000e-06	3.817541e-06	9.747252e-10	2.651123e+01	6.214670e+01
4.660000e-06	3.783347e-06	9.645020e-10	2.627377e+01	6.183418e+01
4.670000e-06	3.748896e-06	9.593540e-10	2.603452e+01	6.151845e+01
4.680000e-06	3.714118e-06	9.710020e-10	2.579300e+01	6.119938e+01
4.690000e-06	3.679037e-06	9.651563e-10	2.554937e+01	6.087684e+01
4.700000e-06	3.643650e-06	9.492713e-10	2.530363e+01	6.055073e+01
4.710000e-06	3.608004e-06	9.477011e-10	2.505608e+01	6.022091e+01
4.720000e-06	3.572062e-06	9.454104e-10	2.480648e+01	5.988726e+01
4.730000e-06	3.535904e-06	9.318072e-10	2.455537e+01	5.954967e+01
4.740000e-06	3.499640e-06	9.297953e-10	2.430354e+01	5.920803e+01
4.750000e-06	3.463282e-06	9.325390e-10	2.405104e+01	5.886224e+01
4.760000e-06	3.426848e-06	9.236446e-10	2.379802e+01	5.851220e+01
4.770000e-06	3.390235e-06	9.175478e-10	2.354377e+01	5.815782e+01
4.780000e-06	3.353409e-06	9.194880e-10	2.328802e+01	5.779901e+01
4.790000e-06	3.316338e-06	9.115444e-10	2.303058e+01	5.743571e+01
4.800000e-06	3.278958e-06	8.991891e-10	2.277099e+01	5.706785e+01
4.810000e-06	3.241212e-06	8.945137e-10	2.250886e+01	5.669540e+01
4.820000e-06	3.203050e-06	8.870114e-10	2.224384e+01	5.631830e+01
4.830000e-06	3.164512e-06	8.731222e-10	2.197621e+01	5.593652e+01
4.840000e-06	3.125626e-06	8.680275e-10	2.170617e+01	5.555006e+01
4.850000e-06	3.086371e-06	8.692960e-10	2.143356e+01	5.515890e+01
4.860000e-06	3.046699e-06	8.651680e-10	2.115805e+01	5.476305e+01
4.870000e-06	3.006730e-06	8.592922e-10	2.088048e+01	5.436253e+01
4.880000e-06	2.966623e-06	8.550862e-10	2.060196e+01	5.395734e+01
4.890000e-06	2.926422e-06	8.450894e-10	2.032278e+01	5.354754e+01
4.900000e-06	2.886113e-06	8.311558e-10	2.004285e+01	5.313315e+01
4.910000e-06	2.845674e-06	8.242659e-10	1.976202e+01	5.271423e+01
4.920000e-06	2.805171e-06	8.187836e-10	1.948074e+01	5.229081e+01
4.930000e-06	2.764536e-06	8.120585e-10	1.919855e+01	5.186296e+01
4.940000e-06	2.723703e-06	8.111614e-10	1.891498e+01	5.143073e+01
4.950000e-06	2.682644e-06	8.116012e-10	1.862984e+01	5.099417e+01
4.960000e-06	2.641425e-06	8.033930e-10	1.834360e+01	5.055334e+01
4.970000e-06	2.600179e-06	7.957784e-10	1.805716e+01	5.010828e+01
4.980000e-06	2.558691e-06	7.913944e-10	1.776904e+01	4.965904e+01
4.990000e-06	2.516851e-06	7.844784e-10	1.747848e+01	4.920565e+01
5.000000e-06	2.474890e-06	7.777998e-10	1.718708e+01	4.874812e+01
5.010000e-06	2.432806e-06	7.750712e-10	1.689482e+01	4.828648e+01
5.020000e-06	2.390574e-06	7.677740e-10	1.660154e+01	4.782072e+01
5.030000e-06	2.348226e-06	7.545429e-10	1.630745e+01	4.735080e+01
5.040000e-06	2.305704e-06	7.447803e-10	1.601215e+01	4.687671e+01
5.050000e-06	2.263022e-06	7.400682e-10	1.571574e+01	4.639836e+01
5.060000e-06	2.220153e-06	7.343351e-10	1.541803e+01	4.591568e+01
5.070000e-06	2.177079e-06	7.290147e-10	1.511890e+01	4.542856e+01
5.080000e-06	2.133840e-06	7.258379e-10	1.481863e+01	4.493685e+01
5.090000e-06	2.090414e-06	7.222086e-10	1.451705e+01	4.444040e+01
5.100000e-06	2.046836e-06	7.158104e-10	1.421442e+01	4.393901e+01
5.110000e-06	2.003110e-06	7.070462e-10	1.391076e+01	4.343246e+01
5.120000e-06	1.959223e-06	6.967261e-10	1.360598e+01	4.292049e+01
5.130000e-06	1.915217e-06	6.884638e-10	1.330038e+01	4.240281e+01
5.140000e-06	1.871080e-06	6.842011e-10	1.299387e+01	4.187911e+01
5.150000e-06	1.826854e-06	6.791551e-10	1.268674e+01	4.134904e+01
5.160000e-06	1.782602e-06	6.723442e-10	1.237943e+01	4.081220e+01
5.170000e-06	1.738297e-06	6.665766e-10	1.207175e+01	4.026820e+01
5.180000e-06	1.693898e-06	6.586991e-10	1.176341e+01	3.971659e+01
5.190000e-06	1.649405e-06	6.491703e-10	1.145443e+01	3.915689e+01
5.200000e-06	1.604851e-06	6.396984e-10	1.114502e+01	3.858860e+01
5.210000e-06	1.560311e-06	6.318699e-10	1.083571e+01	3.801121e+01
5.220000e-06	1.515765e-06	6.274631e-10	1.052636e+01	3.742415e+01
5.230000e-06	1.471129e-06	6.206138e-10	1.021637e+01	3.682686e+01
5.240000e-06	1.426378e-06	6.107688e-10	9.905598e+00	3.621875e+01
5.250000e-06	1.381512e-06	5.994098e-10	9.594027e+00	3.559923e+01
5.260000e-06	1.336541e-06	5.890909e-10	9.281717e+00	3.496766e+01
5.270000e-06	1.291505e-06	5.784005e-10	8.968963e+00	3.432343e+01
5.280000e-06	1.246378e-06	5.710032e-10	8.655571e+00	3.366591e+01
5.290000e-06	1.201123e-06	5.643093e-10	8.341298e+00	3.299447e+01
5.300000e-06	1.155753e-06	5.579071e-10	8.026221e+00	3.230849e+01
5.310000e-06	1.110303e-06	5.507507e-10	7.710590e+00	3.160734e+01
5.320000e-06	1.064716e-06	5.421585e-10	7.394010e+00	3.089042e+01
5.330000e-06	1.019041e-06	5.330136e-10	7.076812e+00	3.015715e+01
5.340000e-06	9.733228e-07	5.205399e-10	6.759320e+00	2.940695e+01
5.350000e-06	9.274822e-07	5.045001e-10	6.440977e+00	2.863928e+01
5.360000e-06	8.815895e-07	4.882796e-10	6.122271e+00	2.785364e+01
5.370000e-06	8.355942e-07	4.783292e-10	5.802853e+00	2.704954e+01
5.380000e-06	7.895348e-07	4.712756e-10	5.482989e+00	2.622654e+01
5.390000e-06	7.434763e-07	4.659059e-10	5.163132e+00	2.538427e+01
5.400000e-06	6.973261e-07	4.576140e-10	4.842638e+00	2.452236e+01
5.410000e-06	6.511169e-07	4.448226e-10	4.521735e+00	2.364053e+01
5.420000e-06	6.048873e-07	4.243280e-10	4.200690e+00	2.273855e+01
5.430000e-06	5.586075e-07	4.025351e-10	3.879296e+00	2.181623e+01
5.440000e-06	5.121364e-07	3.841323e-10	3.556573e+00	2.087345e+01
5.450000e-06	4.655969e-07	3.661492e-10	3.233376e+00	1.991018e+01
5.460000e-06	4.191003e-07	3.511876e-10	2.910476e+00	1.892643e+01
5.470000e-06	3.724898e-07	3.405369e-10	2.586786e+00	1.792229e+01
5.480000e-06	3.258766e-07	3.321436e-10	2.263077e+00	1.689792e+01
5.490000e-06	2.792931e-07	3.176826e-10	1.939574e+00	1.585356e+01
5.500000e-06	2.326965e-07	2.969554e-10	1.615980e+00	1.478952e+01
5.510000e-06	1.861288e-07	2.751143e-10	1.292587e+00	1.370619e+01
5.520000e-06	1.395390e-07	2.511051e-10	9.690398e-01	1.260402e+01
5.530000e-06	9.287400e-08	2.287109e-10	6.449711e-01	1.148355e+01
5.540000e-06	4.624292e-08	2.111312e-10	3.211378e-01	1.034540e+01
5.550000e-06	-3.139389e-10	1.971302e-10	-2.180175e-03	9.190248e+00
5.560000e-06	-4.685106e-08	1.832880e-10	-3.253611e-01	8.018847e+00
5.570000e-06	-9.337734e-08	1.687281e-10	-6.484666e-01	6.832025e+00
5.580000e-06	-1.399772e-07	1.519482e-10	-9.720830e-01	5.630671e+00
5.590000e-06	-1.865041e-07	1.304753e-10	-1.295193e+00	4.415740e+00
5.600000e-06	-2.329508e-07	1.105251e-10	-1.617746e+00	3.188248e+00
5.610000e-06	-2.794425e-07	9.005507e-11	-1.940611e+00	1.949263e+00
5.620000e-06	-3.259053e-07	6.917734e-11	-2.263276e+00	6.999089e-01
5.630000e-06	-3.723863e-07	5.071139e-11	-2.586067e+00	-5.586448e-01
5.640000e-06	-4.188681e-07	3.148322e-11	-2.908864e+00	-1.825186e+00
5.650000e-06	-4.652570e-07	1.075545e-11	-3.231016e+00	-3.098465e+00
5.660000e-06	-5.116108e-07	-1.002815e-11	-3.552923e+00	-4.377201e+00
5.670000e-06	-5.578547e-07	-2.893244e-11	-3.874068e+00	-5.660086e+00
5.680000e-06	-6.040612e-07	-4.800969e-11	-4.194952e+00	-6.945792e+00
5.690000e-06	-6.503459e-07	-6.940955e-11	-4.516380e+00	-8.232977e+00
5.700000e-06	-6.965948e-07	-9.021939e-11	-4.837560e+00	-9.520289e+00
5.710000e-06	-7.427363e-07	-1.112370e-10	-5.157993e+00	-1.080638e+01
5.720000e-06	-7.887467e-07	-1.342563e-10	-5.477516e+00	-1.208989e+01
5.730000e-06	-8.347193e-07	-1.562297e-10	-5.796776e+00	-1.336948e+01
5.740000e-06	-8.805963e-07	-1.770773e-10	-6.115373e+00	-1.464384e+01
5.750000e-06	-9.263708e-07	-1.989652e-10	-6.433258e+00	-1.591166e+01
5.760000e-06	-9.721170e-07	-2.186933e-10	-6.750946e+00	-1.717166e+01
5.770000e-06	-1.017741e-06	-2.393305e-10	-7.067788e+00	-1.842260e+01
5.780000e-06	-1.063231e-06	-2.609110e-10	-7.383693e+00	-1.966328e+01
5.790000e-06	-1.108636e-06	-2.807176e-10	-7.699016e+00	-2.089253e+01
5.800000e-06	-1.153958e-06	-3.004289e-10	-8.013758e+00	-2.210926e+01
5.810000e-06	-1.199230e-06	-3.213516e-10	-8.328150e+00	-2.331238e+01
5.820000e-06	-1.244416e-06	-3.439395e-10	-8.641948e+00	-2.450092e+01
5.830000e-06	-1.289503e-06	-3.660474e-10	-8.955061e+00	-2.567391e+01
5.840000e-06	-1.334478e-06	-3.857285e-10	-9.267393e+00	-2.683048e+01
5.850000e-06	-1.379307e-06	-4.036689e-10	-9.578713e+00	-2.796983e+01
5.860000e-06	-1.424073e-06	-4.216819e-10	-9.889590e+00	-2.909120e+01
5.870000e-06	-1.468775e-06	-4.404008e-10	-1.020003e+01	-3.019393e+01
5.880000e-06	-1.513400e-06	-4.579896e-10	-1.050993e+01	-3.127742e+01
5.890000e-06	-1.557959e-06	-4.730411e-10	-1.081938e+01	-3.234114e+01
5.900000e-06	-1.602420e-06	-4.887579e-10	-1.112813e+01	-3.338464e+01
5.910000e-06	-1.646855e-06	-5.061540e-10	-1.143672e+01	-3.440755e+01
5.920000e-06	-1.691265e-06	-5.245747e-10	-1.174513e+01	-3.540957e+01
5.930000e-06	-1.735604e-06	-5.429935e-10	-1.205304e+01	-3.639046e+01
5.940000e-06	-1.779903e-06	-5.595529e-10	-1.236068e+01	-3.735008e+01
5.950000e-06	-1.824146e-06	-5.767030e-10	-1.266793e+01	-3.828834e+01
5.960000e-06	-1.868246e-06	-5.912253e-10	-1.297419e+01	-3.920522e+01
5.970000e-06	-1.912213e-06	-6.024110e-10	-1.327952e+01	-4.010078e+01
5.980000e-06	-1.956110e-06	-6.135287e-10	-1.358437e+01	-4.097513e+01
5.990000e-06	-1.999829e-06	-6.273014e-10	-1.388798e+01	-4.182846e+01
6.000000e-06	-2.043322e-06	-6.407302e-10	-1.419002e+01	-4.266099e+01
6.010000e-06	-2.086630e-06	-6.533104e-10	-1.449077e+01	-4.347302e+01
6.020000e-06	-2.129787e-06	-6.696120e-10	-1.479048e+01	-4.426488e+01
6.030000e-06	-2.172838e-06	-6.895436e-10	-1.508945e+01	-4.503696e+01
6.040000e-06	-2.215763e-06	-7.078696e-10	-1.538755e+01	-4.578969e+01
6.050000e-06	-2.258497e-06	-7.221920e-10	-1.568432e+01	-4.652354e+01
6.060000e-06	-2.301117e-06	-7.334369e-10	-1.598030e+01	-4.723900e+01
6.070000e-06	-2.343621e-06	-7.427471e-10	-1.627547e+01	-4.793659e+01
6.080000e-06	-2.385925e-06	-7.525282e-10	-1.656926e+01	-4.861688e+01
6.090000e-06	-2.428043e-06	-7.630950e-10	-1.686175e+01	-4.928043e+01
6.100000e-06	-2.470015e-06	-7.750039e-10	-1.715322e+01	-4.992782e+01
6.110000e-06	-2.511814e-06	-7.866911e-10	-1.744350e+01	-5.055966e+01
6.120000e-06	-2.553433e-06	-8.004694e-10	-1.773252e+01	-5.117655e+01
6.130000e-06	-2.594867e-06	-8.132457e-10	-1.802026e+01	-5.177908e+01
6.140000e-06	-2.636108e-06	-8.248091e-10	-1.830667e+01	-5.236786e+01
6.150000e-06	-2.677196e-06	-8.347218e-10	-1.859201e+01	-5.294350e+01
6.160000e-06	-2.718087e-06	-8.434557e-10	-1.887598e+01	-5.350657e+01
6.170000e-06	-2.758789e-06	-8.526553e-10	-1.915864e+01	-5.405764e+01
6.180000e-06	-2.799379e-06	-8.618184e-10	-1.944051e+01	-5.459728e+01
6.190000e-06	-2.839865e-06	-8.706329e-10	-1.972168e+01	-5.512603e+01
6.200000e-06	-2.880204e-06	-8.789801e-10	-2.000182e+01	-5.564439e+01
6.210000e-06	-2.920434e-06	-8.870372e-10	-2.028119e+01	-5.615286e+01
6.220000e-06	-2.960562e-06	-8.978898e-10	-2.055987e+01	-5.665191e+01
6.230000e-06	-3.000559e-06	-9.100900e-10	-2.083763e+01	-5.714197e+01
6.240000e-06	-3.040362e-06	-9.215814e-10	-2.111404e+01	-5.762346e+01
6.250000e-06	-3.079769e-06	-9.317936e-10	-2.138771e+01	-5.809674e+01
6.260000e-06	-3.118793e-06	-9.414214e-10	-2.165871e+01	-5.856218e+01
6.270000e-06	-3.157530e-06	-9.497446e-10	-2.192773e+01	-5.902007e+01
6.280000e-06	-3.195866e-06	-9.559264e-10	-2.219395e+01	-5.947071e+01
6.290000e-06	-3.233833e-06	-9.621940e-10	-2.245762e+01	-5.991435e+01
6.300000e-06	-3.271441e-06	-9.695887e-10	-2.271879e+01	-6.035121e+01
6.310000e-06	-3.308683e-06	-9.773818e-10	-2.297742e+01	-6.078147e+01
6.320000e-06	-3.345625e-06	-9.862693e-10	-2.323397e+01	-6.120531e+01
6.330000e-06	-3.382347e-06	-9.962424e-10	-2.348899e+01	-6.162284e+01
6.340000e-06	-3.418924e-06	-1.003015e-09	-2.374300e+01	-6.203418e+01
6.350000e-06	-3.455421e-06	-1.009725e-09	-2.399646e+01	-6.243941e+01
6.360000e-06	-3.491802e-06	-1.017212e-09	-2.424911e+01	-6.283857e+01
6.370000e-06	-3.527936e-06	-1.023862e-09	-2.450004e+01	-6.323171e+01
6.380000e-06	-3.563822e-06	-1.028683e-09	-2.474925e+01	-6.361884e+01
6.390000e-06	-3.599511e-06	-1.033076e-09	-2.499710e+01	-6.399995e+01
6.400000e-06	-3.634976e-06	-1.036449e-09	-2.524339e+01	-6.437503e+01
6.410000e-06	-3.670109e-06	-1.039087e-09	-2.548738e+01	-6.474403e+01
6.420000e-06	-3.704923e-06	-1.042315e-09	-2.572914e+01	-6.510693e+01
6.430000e-06	-3.739523e-06	-1.047745e-09	-2.596942e+01	-6.546365e+01
6.440000e-06	-3.773873e-06	-1.056364e-09	-2.620797e+01	-6.581416e+01
6.450000e-06	-3.807916e-06	-1.064800e-09	-2.644439e+01	-6.615838e+01
6.460000e-06	-3.841751e-06	-1.069629e-09	-2.667936e+01	-6.649624e+01
6.470000e-06	-3.875368e-06	-1.071852e-09	-2.691281e+01	-6.682769e+01
6.480000e-06	-3.908620e-06	-1.073833e-09	-2.714373e+01	-6.715266e+01
6.490000e-06	-3.941575e-06	-1.075975e-09	-2.737259e+01	-6.747108e+01
6.500000e-06	-3.974351e-06	-1.077062e-09	-2.760020e+01	-6.778292e+01
6.510000e-06	-4.006903e-06	-1.079844e-09	-2.782626e+01	-6.808811e+01
6.520000e-06	-4.039245e-06	-1.087033e-09	-2.805087e+01	-6.838662e+01
6.530000e-06	-4.071391e-06	-1.097659e-09	-2.827411e+01	-6.867843e+01
6.540000e-06	-4.103306e-06	-1.109088e-09	-2.849574e+01	-6.896353e+01
6.550000e-06	-4.135020e-06	-1.117672e-09	-2.871598e+01	-6.924189e+01
6.560000e-06	-4.166315e-06	-1.122739e-09	-2.893331e+01	-6.951355e+01
6.570000e-06	-4.197110e-06	-1.127760e-09	-2.914718e+01	-6.977851e+01
6.580000e-06	-4.227448e-06	-1.131256e-09	-2.935786e+01	-7.003682e+01
6.590000e-06	-4.257212e-06	-1.130457e-09	-2.956456e+01	-7.028853e+01
6.600000e-06	-4.286495e-06	-1.129202e-09	-2.976791e+01	-7.053371e+01
6.610000e-06	-4.315396e-06	-1.131675e-09	-2.996862e+01	-7.077243e+01
6.620000e-06	-4.344038e-06	-1.137441e-09	-3.016753e+01	-7.100479e+01
6.630000e-06	-4.372558e-06	-1.145378e-09	-3.036559e+01	-7.123090e+01
6.640000e-06	-4.400928e-06	-1.153677e-09	-3.056261e+01	-7.145088e+01
6.650000e-06	-4.429065e-06	-1.160580e-09	-3.075801e+01	-7.166486e+01
6.660000e-06	-4.456930e-06	-1.165878e-09	-3.095152e+01	-7.187299e+01
6.670000e-06	-4.484442e-06	-1.167707e-09	-3.114257e+01	-7.207543e+01
6.680000e-06	-4.511576e-06	-1.165456e-09	-3.133101e+01	-7.227233e+01
6.690000e-06	-4.538393e-06	-1.162618e-09	-3.151725e+01	-7.246388e+01
6.700000e-06	-4.564868e-06	-1.162062e-09	-3.170110e+01	-7.265026e+01
6.710000e-06	-4.591055e-06	-1.161690e-09	-3.188296e+01	-7.283164e+01
6.720000e-06	-4.617009e-06	-1.165551e-09	-3.206320e+01	-7.300822e+01
6.730000e-06	-4.642523e-06	-1.173489e-09	-3.224038e+01	-7.318020e+01
6.740000e-06	-4.667614e-06	-1.181748e-09	-3.241463e+01	-7.334776e+01
6.750000e-06	-4.692429e-06	-1.188366e-09	-3.258696e+01	-7.351111e+01
6.760000e-06	-4.717057e-06	-1.191661e-09	-3.275799e+01	-7.367043e+01
6.770000e-06	-4.741571e-06	-1.192029e-09	-3.292823e+01	-7.382592e+01
6.780000e-06	-4.765882e-06	-1.191279e-09	-3.309706e+01	-7.397777e+01
6.790000e-06	-4.789895e-06	-1.190239e-09	-3.326382e+01	-7.412615e+01
6.800000e-06	-4.813533e-06	-1.188084e-09	-3.342798e+01	-7.427124e+01
6.810000e-06	-4.836669e-06	-1.186276e-09	-3.358864e+01	-7.441322e+01
6.820000e-06	-4.859295e-06	-1.187189e-09	-3.374577e+01	-7.455223e+01
6.830000e-06	-4.881384e-06	-1.187966e-09	-3.389918e+01	-7.468843e+01
6.840000e-06	-4.902882e-06	-1.189807e-09	-3.404847e+01	-7.482196e+01
6.850000e-06	-4.923952e-06	-1.194979e-09	-3.419479e+01	-7.495294e+01
6.860000e-06	-4.944698e-06	-1.201250e-09	-3.433886e+01	-7.508149e+01
6.870000e-06	-4.965188e-06	-1.204574e-09	-3.448115e+01	-7.520772e+01
6.880000e-06	-4.985511e-06	-1.204532e-09	-3.462229e+01	-7.533171e+01
6.890000e-06	-5.005530e-06	-1.201948e-09	-3.476131e+01	-7.545353e+01
6.900000e-06	-5.025176e-06	-1.199026e-09	-3.489775e+01	-7.557326e+01
6.910000e-06	-5.044556e-06	-1.199585e-09	-3.503234e+01	-7.569094e+01
6.920000e-06	-5.063613e-06	-1.201253e-09	-3.516468e+01	-7.580661e+01
6.930000e-06	-5.082299e-06	-1.206289e-09	-3.529444e+01	-7.592029e+01
6.940000e-06	-5.100650e-06	-1.212470e-09	-3.542188e+01	-7.603199e+01
6.950000e-06	-5.118689e-06	-1.218259e-09	-3.554716e+01	-7.614170e+01
6.960000e-06	-5.136382e-06	-1.220616e-09	-3.567003e+01	-7.624941e+01
6.970000e-06	-5.153699e-06	-1.222010e-09	-3.579029e+01	-7.635510e+01
6.980000e-06	-5.170646e-06	-1.221277e-09	-3.590798e+01	-7.645872e+01
6.990000e-06	-5.187305e-06	-1.220140e-09	-3.602366e+01	-7.656023e+01
7.000000e-06	-5.203794e-06	-1.219685e-09	-3.613818e+01	-7.665956e+01
7.010000e-06	-5.220085e-06	-1.215950e-09	-3.625131e+01	-7.675666e+01
7.020000e-06	-5.235912e-06	-1.210791e-09	-3.636122e+01	-7.685144e+01
7.030000e-06	-5.251123e-06	-1.207157e-09	-3.646686e+01	-7.694382e+01
7.040000e-06	-5.265727e-06	-1.209314e-09	-3.656827e+01	-7.703372e+01
7.050000e-06	-5.279741e-06	-1.217278e-09	-3.666560e+01	-7.712105e+01
7.060000e-06	-5.293245e-06	-1.223833e-09	-3.675937e+01	-7.720571e+01
7.070000e-06	-5.306311e-06	-1.227711e-09	-3.685011e+01	-7.728760e+01
7.080000e-06	-5.318967e-06	-1.228758e-09	-3.693801e+01	-7.736663e+01
7.090000e-06	-5.331251e-06	-1.223434e-09	-3.702331e+01	-7.744269e+01
7.100000e-06	-5.343135e-06	-1.216370e-09	-3.710584e+01	-7.751569e+01
7.110000e-06	-5.354558e-06	-1.210362e-09	-3.718517e+01	-7.758553e+01
7.120000e-06	-5.365638e-06	-1.209965e-09	-3.726211e+01	-7.765211e+01
7.130000e-06	-5.376440e-06	-1.213291e-09	-3.733713e+01	-7.771534e+01
7.140000e-06	-5.386870e-06	-1.216530e-09	-3.740956e+01	-7.777514e+01
7.150000e-06	-5.396967e-06	-1.218138e-09	-3.747968e+01	-7.783143e+01
7.160000e-06	-5.406698e-06	-1.217902e-09	-3.754726e+01	-7.788413e+01
7.170000e-06	-5.415962e-06	-1.216090e-09	-3.761159e+01	-7.793316e+01
7.180000e-06	-5.424896e-06	-1.214572e-09	-3.767363e+01	-7.797848e+01
7.190000e-06	-5.433570e-06	-1.212635e-09	-3.773388e+01	-7.802003e+01
7.200000e-06	-5.441994e-06	-1.211494e-09	-3.779237e+01	-7.805775e+01
7.210000e-06	-5.450123e-06	-1.209184e-09	-3.784883e+01	-7.809163e+01
7.220000e-06	-5.457802e-06	-1.205597e-09	-3.790216e+01	-7.812162e+01
7.230000e-06	-5.465001e-06	-1.203842e-09	-3.795215e+01	-7.814772e+01
7.240000e-06	-5.471719e-06	-1.206170e-09	-3.799880e+01	-7.816991e+01
7.250000e-06	-5.477814e-06	-1.208857e-09	-3.804113e+01	-7.818819e+01
7.260000e-06	-5.483304e-06	-1.212087e-09	-3.807925e+01	-7.820258e+01
7.270000e-06	-5.488330e-06	-1.216534e-09	-3.811416e+01	-7.821309e+01
7.280000e-06	-5.493046e-06	-1.215457e-09	-3.814691e+01	-7.821975e+01
7.290000e-06	-5.497553e-06	-1.208254e-09	-3.817821e+01	-7.822261e+01
7.300000e-06	-5.501788e-06	-1.198541e-09	-3.820762e+01	-7.822170e+01
7.310000e-06	-5.505694e-06	-1.190349e-09	-3.823475e+01	-7.821708e+01
7.320000e-06	-5.509238e-06	-1.186819e-09	-3.825936e+01	-7.820882e+01
7.330000e-06	-5.512366e-06	-1.190429e-09	-3.828108e+01	-7.819697e+01
7.340000e-06	-5.515142e-06	-1.196650e-09	-3.830036e+01	-7.818162e+01
7.350000e-06	-5.517642e-06	-1.200841e-09	-3.831772e+01	-7.816284e+01
7.360000e-06	-5.519693e-06	-1.200677e-09	-3.833196e+01	-7.814072e+01
7.370000e-06	-5.521145e-06	-1.193766e-09	-3.834205e+01	-7.811534e+01
7.380000e-06	-5.522218e-06	-1.184604e-09	-3.834950e+01	-7.808681e+01
7.390000e-06	-5.523061e-06	-1.178737e-09	-3.835535e+01	-7.805522e+01
7.400000e-06	-5.523642e-06	-1.177188e-09	-3.835939e+01	-7.802065e+01
