# Temperatura_=_3.01
# Concentracion g/m^3_=_1620.0
# C_Vs_to_Am_M_A/Vsm_=_65563218390.804596
# pendiente_HvsI_1/m_=_3716.3
# ordenada_HvsI_A/m_=_1297.0
# frecuencia_Hz_=_135101.62068685459

Tiempo_(s)	Campo_(V.s)	Magnetizacion_(V.s)	Campo_(kA/m)	Magnetizacion_(A/m)
0.000000e+00	-5.517183e-06	-1.465323e-09	-3.837422e+01	-9.544175e+01
1.000000e-08	-5.517517e-06	-1.460551e-09	-3.837655e+01	-9.541502e+01
2.000000e-08	-5.517622e-06	-1.459080e-09	-3.837728e+01	-9.538826e+01
3.000000e-08	-5.517444e-06	-1.460796e-09	-3.837604e+01	-9.536131e+01
4.000000e-08	-5.516762e-06	-1.464436e-09	-3.837129e+01	-9.533400e+01
5.000000e-08	-5.515376e-06	-1.468177e-09	-3.836165e+01	-9.530614e+01
6.000000e-08	-5.513402e-06	-1.474468e-09	-3.834792e+01	-9.527752e+01
7.000000e-08	-5.510956e-06	-1.477421e-09	-3.833091e+01	-9.524793e+01
8.000000e-08	-5.508023e-06	-1.457109e-09	-3.831051e+01	-9.521712e+01
9.000000e-08	-5.504676e-06	-1.440328e-09	-3.828723e+01	-9.518485e+01
1.000000e-07	-5.500872e-06	-1.459760e-09	-3.826077e+01	-9.515086e+01
1.100000e-07	-5.496560e-06	-1.435882e-09	-3.823078e+01	-9.511489e+01
1.200000e-07	-5.492005e-06	-1.453009e-09	-3.819910e+01	-9.507668e+01
1.300000e-07	-5.487285e-06	-1.436424e-09	-3.816627e+01	-9.503596e+01
1.400000e-07	-5.482256e-06	-1.471530e-09	-3.813129e+01	-9.499248e+01
1.500000e-07	-5.476823e-06	-1.466510e-09	-3.809350e+01	-9.494598e+01
1.600000e-07	-5.471060e-06	-1.457725e-09	-3.805342e+01	-9.489621e+01
1.700000e-07	-5.464938e-06	-1.464513e-09	-3.801084e+01	-9.484295e+01
1.800000e-07	-5.458364e-06	-1.438538e-09	-3.796511e+01	-9.478597e+01
1.900000e-07	-5.451348e-06	-1.451795e-09	-3.791631e+01	-9.472507e+01
2.000000e-07	-5.443965e-06	-1.431552e-09	-3.786496e+01	-9.466007e+01
2.100000e-07	-5.436285e-06	-1.467547e-09	-3.781154e+01	-9.459080e+01
2.200000e-07	-5.428297e-06	-1.457802e-09	-3.775599e+01	-9.451712e+01
2.300000e-07	-5.420015e-06	-1.477772e-09	-3.769838e+01	-9.443892e+01
2.400000e-07	-5.411391e-06	-1.438377e-09	-3.763840e+01	-9.435610e+01
2.500000e-07	-5.402242e-06	-1.443243e-09	-3.757476e+01	-9.426859e+01
2.600000e-07	-5.392395e-06	-1.426561e-09	-3.750627e+01	-9.417636e+01
2.700000e-07	-5.381990e-06	-1.445969e-09	-3.743390e+01	-9.407938e+01
2.800000e-07	-5.371101e-06	-1.432348e-09	-3.735816e+01	-9.397768e+01
2.900000e-07	-5.359753e-06	-1.432775e-09	-3.727923e+01	-9.387129e+01
3.000000e-07	-5.348061e-06	-1.421122e-09	-3.719791e+01	-9.376028e+01
3.100000e-07	-5.336011e-06	-1.425303e-09	-3.711410e+01	-9.364474e+01
3.200000e-07	-5.323434e-06	-1.423824e-09	-3.702662e+01	-9.352477e+01
3.300000e-07	-5.310404e-06	-1.417760e-09	-3.693599e+01	-9.340052e+01
3.400000e-07	-5.297064e-06	-1.421777e-09	-3.684321e+01	-9.327213e+01
3.500000e-07	-5.283352e-06	-1.418596e-09	-3.674783e+01	-9.313979e+01
3.600000e-07	-5.269054e-06	-1.416390e-09	-3.664838e+01	-9.300369e+01
3.700000e-07	-5.254335e-06	-1.423958e-09	-3.654601e+01	-9.286401e+01
3.800000e-07	-5.239336e-06	-1.434203e-09	-3.644169e+01	-9.272099e+01
3.900000e-07	-5.223759e-06	-1.401171e-09	-3.633334e+01	-9.257484e+01
4.000000e-07	-5.207620e-06	-1.401072e-09	-3.622109e+01	-9.242579e+01
4.100000e-07	-5.191037e-06	-1.414828e-09	-3.610575e+01	-9.227408e+01
4.200000e-07	-5.174106e-06	-1.412864e-09	-3.598798e+01	-9.211994e+01
4.300000e-07	-5.156781e-06	-1.382644e-09	-3.586748e+01	-9.196359e+01
4.400000e-07	-5.139111e-06	-1.417978e-09	-3.574458e+01	-9.180527e+01
4.500000e-07	-5.121164e-06	-1.410586e-09	-3.561975e+01	-9.164519e+01
4.600000e-07	-5.102856e-06	-1.384868e-09	-3.549241e+01	-9.148357e+01
4.700000e-07	-5.084137e-06	-1.383041e-09	-3.536222e+01	-9.132059e+01
4.800000e-07	-5.065083e-06	-1.416515e-09	-3.522968e+01	-9.115644e+01
4.900000e-07	-5.045747e-06	-1.372219e-09	-3.509520e+01	-9.099129e+01
5.000000e-07	-5.026149e-06	-1.363978e-09	-3.495888e+01	-9.082528e+01
5.100000e-07	-5.006364e-06	-1.388639e-09	-3.482127e+01	-9.065854e+01
5.200000e-07	-4.986348e-06	-1.383875e-09	-3.468205e+01	-9.049118e+01
5.300000e-07	-4.965984e-06	-1.344152e-09	-3.454041e+01	-9.032328e+01
5.400000e-07	-4.945278e-06	-1.373542e-09	-3.439639e+01	-9.015490e+01
5.500000e-07	-4.924194e-06	-1.369733e-09	-3.424975e+01	-8.998609e+01
5.600000e-07	-4.902736e-06	-1.339132e-09	-3.410050e+01	-8.981686e+01
5.700000e-07	-4.880892e-06	-1.350970e-09	-3.394856e+01	-8.964720e+01
5.800000e-07	-4.858673e-06	-1.376314e-09	-3.379402e+01	-8.947709e+01
5.900000e-07	-4.836123e-06	-1.338365e-09	-3.363717e+01	-8.930648e+01
6.000000e-07	-4.813307e-06	-1.328527e-09	-3.347848e+01	-8.913529e+01
6.100000e-07	-4.790302e-06	-1.349347e-09	-3.331847e+01	-8.896344e+01
6.200000e-07	-4.766958e-06	-1.330099e-09	-3.315611e+01	-8.879081e+01
6.300000e-07	-4.743277e-06	-1.312602e-09	-3.299139e+01	-8.861728e+01
6.400000e-07	-4.719375e-06	-1.335416e-09	-3.282515e+01	-8.844271e+01
6.500000e-07	-4.695128e-06	-1.335643e-09	-3.265650e+01	-8.826695e+01
6.600000e-07	-4.670499e-06	-1.312096e-09	-3.248520e+01	-8.808984e+01
6.700000e-07	-4.645474e-06	-1.325910e-09	-3.231113e+01	-8.791120e+01
6.800000e-07	-4.619908e-06	-1.324962e-09	-3.213331e+01	-8.773086e+01
6.900000e-07	-4.593776e-06	-1.302575e-09	-3.195155e+01	-8.754863e+01
7.000000e-07	-4.567161e-06	-1.294886e-09	-3.176644e+01	-8.736434e+01
7.100000e-07	-4.540203e-06	-1.305633e-09	-3.157894e+01	-8.717781e+01
7.200000e-07	-4.512993e-06	-1.288269e-09	-3.138968e+01	-8.698885e+01
7.300000e-07	-4.485548e-06	-1.289981e-09	-3.119879e+01	-8.679730e+01
7.400000e-07	-4.457848e-06	-1.296442e-09	-3.100612e+01	-8.660299e+01
7.500000e-07	-4.429836e-06	-1.292251e-09	-3.081129e+01	-8.640577e+01
7.600000e-07	-4.401544e-06	-1.276857e-09	-3.061451e+01	-8.620549e+01
7.700000e-07	-4.373023e-06	-1.283016e-09	-3.041613e+01	-8.600202e+01
7.800000e-07	-4.344196e-06	-1.273038e-09	-3.021562e+01	-8.579525e+01
7.900000e-07	-4.315009e-06	-1.263495e-09	-3.001262e+01	-8.558507e+01
8.000000e-07	-4.285528e-06	-1.258660e-09	-2.980757e+01	-8.537140e+01
8.100000e-07	-4.255763e-06	-1.261493e-09	-2.960054e+01	-8.515416e+01
8.200000e-07	-4.225713e-06	-1.249065e-09	-2.939153e+01	-8.493332e+01
8.300000e-07	-4.195396e-06	-1.248794e-09	-2.918067e+01	-8.470884e+01
8.400000e-07	-4.164791e-06	-1.248011e-09	-2.896779e+01	-8.448069e+01
8.500000e-07	-4.133918e-06	-1.244606e-09	-2.875306e+01	-8.424889e+01
8.600000e-07	-4.102799e-06	-1.240650e-09	-2.853661e+01	-8.401345e+01
8.700000e-07	-4.071471e-06	-1.242337e-09	-2.831872e+01	-8.377440e+01
8.800000e-07	-4.039963e-06	-1.230253e-09	-2.809957e+01	-8.353180e+01
8.900000e-07	-4.008314e-06	-1.218998e-09	-2.787943e+01	-8.328569e+01
9.000000e-07	-3.976446e-06	-1.218578e-09	-2.765778e+01	-8.303617e+01
9.100000e-07	-3.944257e-06	-1.215281e-09	-2.743389e+01	-8.278331e+01
9.200000e-07	-3.911580e-06	-1.206776e-09	-2.720661e+01	-8.252719e+01
9.300000e-07	-3.878430e-06	-1.205252e-09	-2.697604e+01	-8.226794e+01
9.400000e-07	-3.844929e-06	-1.205798e-09	-2.674302e+01	-8.200564e+01
9.500000e-07	-3.811065e-06	-1.196288e-09	-2.650749e+01	-8.174040e+01
9.600000e-07	-3.776836e-06	-1.191018e-09	-2.626941e+01	-8.147234e+01
9.700000e-07	-3.742159e-06	-1.187131e-09	-2.602822e+01	-8.120156e+01
9.800000e-07	-3.707108e-06	-1.179339e-09	-2.578442e+01	-8.092815e+01
9.900000e-07	-3.671813e-06	-1.167602e-09	-2.553893e+01	-8.065223e+01
1.000000e-06	-3.636308e-06	-1.164758e-09	-2.529198e+01	-8.037388e+01
1.010000e-06	-3.600639e-06	-1.156952e-09	-2.504389e+01	-8.009317e+01
1.020000e-06	-3.564889e-06	-1.153039e-09	-2.479523e+01	-7.981019e+01
1.030000e-06	-3.528973e-06	-1.149949e-09	-2.454542e+01	-7.952499e+01
1.040000e-06	-3.492820e-06	-1.148475e-09	-2.429396e+01	-7.923762e+01
1.050000e-06	-3.456377e-06	-1.137749e-09	-2.404049e+01	-7.894810e+01
1.060000e-06	-3.419680e-06	-1.131878e-09	-2.378525e+01	-7.865645e+01
1.070000e-06	-3.382776e-06	-1.128034e-09	-2.352856e+01	-7.836267e+01
1.080000e-06	-3.345643e-06	-1.125869e-09	-2.327029e+01	-7.806673e+01
1.090000e-06	-3.308290e-06	-1.117975e-09	-2.301048e+01	-7.776861e+01
1.100000e-06	-3.270638e-06	-1.113719e-09	-2.274860e+01	-7.746824e+01
1.110000e-06	-3.232717e-06	-1.104782e-09	-2.248484e+01	-7.716555e+01
1.120000e-06	-3.194640e-06	-1.093323e-09	-2.222000e+01	-7.686046e+01
1.130000e-06	-3.156409e-06	-1.083476e-09	-2.195409e+01	-7.655286e+01
1.140000e-06	-3.117895e-06	-1.080599e-09	-2.168621e+01	-7.624262e+01
1.150000e-06	-3.079099e-06	-1.079386e-09	-2.141637e+01	-7.592961e+01
1.160000e-06	-3.040144e-06	-1.081311e-09	-2.114542e+01	-7.561369e+01
1.170000e-06	-3.001057e-06	-1.078899e-09	-2.087356e+01	-7.529467e+01
1.180000e-06	-2.961823e-06	-1.070905e-09	-2.060067e+01	-7.497240e+01
1.190000e-06	-2.922485e-06	-1.061109e-09	-2.032706e+01	-7.464668e+01
1.200000e-06	-2.883029e-06	-1.054408e-09	-2.005263e+01	-7.431732e+01
1.210000e-06	-2.843413e-06	-1.048641e-09	-1.977708e+01	-7.398411e+01
1.220000e-06	-2.803575e-06	-1.042407e-09	-1.949999e+01	-7.364686e+01
1.230000e-06	-2.763515e-06	-1.041495e-09	-1.922136e+01	-7.330534e+01
1.240000e-06	-2.723281e-06	-1.040632e-09	-1.894151e+01	-7.295935e+01
1.250000e-06	-2.682838e-06	-1.037819e-09	-1.866022e+01	-7.260865e+01
1.260000e-06	-2.642202e-06	-1.032896e-09	-1.837758e+01	-7.225305e+01
1.270000e-06	-2.601406e-06	-1.027278e-09	-1.809382e+01	-7.189230e+01
1.280000e-06	-2.560370e-06	-1.018380e-09	-1.780840e+01	-7.152621e+01
1.290000e-06	-2.519017e-06	-1.009190e-09	-1.752077e+01	-7.115455e+01
1.300000e-06	-2.477343e-06	-1.000430e-09	-1.723091e+01	-7.077711e+01
1.310000e-06	-2.435292e-06	-9.952397e-10	-1.693843e+01	-7.039367e+01
1.320000e-06	-2.392985e-06	-9.891193e-10	-1.664417e+01	-7.000403e+01
1.330000e-06	-2.350468e-06	-9.849623e-10	-1.634845e+01	-6.960797e+01
1.340000e-06	-2.307659e-06	-9.779520e-10	-1.605069e+01	-6.920529e+01
1.350000e-06	-2.264604e-06	-9.712903e-10	-1.575123e+01	-6.879578e+01
1.360000e-06	-2.221399e-06	-9.658092e-10	-1.545072e+01	-6.837923e+01
1.370000e-06	-2.178086e-06	-9.633652e-10	-1.514946e+01	-6.795543e+01
1.380000e-06	-2.134577e-06	-9.573481e-10	-1.484684e+01	-6.752416e+01
1.390000e-06	-2.090864e-06	-9.474090e-10	-1.454280e+01	-6.708519e+01
1.400000e-06	-2.047088e-06	-9.355772e-10	-1.423832e+01	-6.663831e+01
1.410000e-06	-2.003293e-06	-9.255890e-10	-1.393371e+01	-6.618325e+01
1.420000e-06	-1.959440e-06	-9.147733e-10	-1.362869e+01	-6.571978e+01
1.430000e-06	-1.915493e-06	-9.055586e-10	-1.332302e+01	-6.524762e+01
1.440000e-06	-1.871420e-06	-8.998763e-10	-1.301648e+01	-6.476647e+01
1.450000e-06	-1.827266e-06	-8.958119e-10	-1.270937e+01	-6.427604e+01
1.460000e-06	-1.782996e-06	-8.872609e-10	-1.240145e+01	-6.377598e+01
1.470000e-06	-1.738601e-06	-8.766775e-10	-1.209267e+01	-6.326594e+01
1.480000e-06	-1.694070e-06	-8.650741e-10	-1.178294e+01	-6.274553e+01
1.490000e-06	-1.649385e-06	-8.535022e-10	-1.147213e+01	-6.221431e+01
1.500000e-06	-1.604611e-06	-8.408837e-10	-1.116072e+01	-6.167185e+01
1.510000e-06	-1.559737e-06	-8.288971e-10	-1.084859e+01	-6.111764e+01
1.520000e-06	-1.514694e-06	-8.212430e-10	-1.053531e+01	-6.055115e+01
1.530000e-06	-1.469520e-06	-8.148631e-10	-1.022110e+01	-5.997182e+01
1.540000e-06	-1.424303e-06	-8.075118e-10	-9.906598e+00	-5.937903e+01
1.550000e-06	-1.378986e-06	-7.980864e-10	-9.591400e+00	-5.877213e+01
1.560000e-06	-1.333502e-06	-7.876672e-10	-9.275044e+00	-5.815042e+01
1.570000e-06	-1.287914e-06	-7.770274e-10	-8.957957e+00	-5.751317e+01
1.580000e-06	-1.242284e-06	-7.671475e-10	-8.640582e+00	-5.685959e+01
1.590000e-06	-1.196590e-06	-7.563244e-10	-8.322764e+00	-5.618886e+01
1.600000e-06	-1.150881e-06	-7.443348e-10	-8.004842e+00	-5.550012e+01
1.610000e-06	-1.105152e-06	-7.334533e-10	-7.686776e+00	-5.479248e+01
1.620000e-06	-1.059306e-06	-7.236972e-10	-7.367899e+00	-5.406501e+01
1.630000e-06	-1.013336e-06	-7.146863e-10	-7.048159e+00	-5.331673e+01
1.640000e-06	-9.673061e-07	-7.107511e-10	-6.728002e+00	-5.254667e+01
1.650000e-06	-9.212758e-07	-7.051292e-10	-6.407843e+00	-5.175380e+01
1.660000e-06	-8.751015e-07	-6.967799e-10	-6.086682e+00	-5.093711e+01
1.670000e-06	-8.287859e-07	-6.826213e-10	-5.764539e+00	-5.009553e+01
1.680000e-06	-7.824397e-07	-6.656866e-10	-5.442182e+00	-4.922803e+01
1.690000e-06	-7.360629e-07	-6.478410e-10	-5.119613e+00	-4.833355e+01
1.700000e-06	-6.896521e-07	-6.305344e-10	-4.796808e+00	-4.741105e+01
1.710000e-06	-6.431517e-07	-6.152415e-10	-4.473378e+00	-4.645950e+01
1.720000e-06	-5.965358e-07	-6.057077e-10	-4.149146e+00	-4.547790e+01
1.730000e-06	-5.498816e-07	-5.943214e-10	-3.824648e+00	-4.446527e+01
1.740000e-06	-5.032259e-07	-5.777031e-10	-3.500138e+00	-4.342067e+01
1.750000e-06	-4.565760e-07	-5.582845e-10	-3.175669e+00	-4.234319e+01
1.760000e-06	-4.098959e-07	-5.390833e-10	-2.850991e+00	-4.123202e+01
1.770000e-06	-3.631701e-07	-5.189844e-10	-2.525994e+00	-4.008636e+01
1.780000e-06	-3.164869e-07	-4.988635e-10	-2.201294e+00	-3.890552e+01
1.790000e-06	-2.697563e-07	-4.823065e-10	-1.876264e+00	-3.768886e+01
1.800000e-06	-2.229365e-07	-4.667608e-10	-1.550613e+00	-3.643584e+01
1.810000e-06	-1.761057e-07	-4.504041e-10	-1.224886e+00	-3.514603e+01
1.820000e-06	-1.292661e-07	-4.328233e-10	-8.990973e-01	-3.381908e+01
1.830000e-06	-8.244025e-08	-4.136836e-10	-5.734050e-01	-3.245475e+01
1.840000e-06	-3.560574e-08	-3.921502e-10	-2.476522e-01	-3.105292e+01
1.850000e-06	1.120356e-08	-3.714336e-10	7.792524e-02	-2.961360e+01
1.860000e-06	5.801209e-08	-3.516318e-10	4.034974e-01	-2.813692e+01
1.870000e-06	1.049002e-07	-3.307692e-10	7.296232e-01	-2.662313e+01
1.880000e-06	1.517563e-07	-3.077026e-10	1.055526e+00	-2.507263e+01
1.890000e-06	1.986119e-07	-2.855310e-10	1.381426e+00	-2.348594e+01
1.900000e-06	2.455137e-07	-2.618196e-10	1.707646e+00	-2.186374e+01
1.910000e-06	2.922731e-07	-2.365995e-10	2.032877e+00	-2.020684e+01
1.920000e-06	3.389237e-07	-2.110077e-10	2.357350e+00	-1.851619e+01
1.930000e-06	3.855351e-07	-1.863494e-10	2.681551e+00	-1.679287e+01
1.940000e-06	4.321099e-07	-1.612246e-10	3.005497e+00	-1.503812e+01
1.950000e-06	4.786931e-07	-1.367775e-10	3.329503e+00	-1.325330e+01
1.960000e-06	5.253076e-07	-1.127952e-10	3.653725e+00	-1.143991e+01
1.970000e-06	5.718741e-07	-8.910708e-11	3.977614e+00	-9.599567e+00
1.980000e-06	6.183433e-07	-6.498861e-11	4.300826e+00	-7.734028e+00
1.990000e-06	6.647693e-07	-4.129204e-11	4.623737e+00	-5.845152e+00
2.000000e-06	7.111223e-07	-1.354792e-11	4.946141e+00	-3.934913e+00
2.010000e-06	7.573739e-07	1.903502e-11	5.267840e+00	-2.005385e+00
2.020000e-06	8.035447e-07	4.904074e-11	5.588976e+00	-5.873485e-02
2.030000e-06	8.497416e-07	7.452153e-11	5.910294e+00	1.902788e+00
2.040000e-06	8.959570e-07	9.855768e-11	6.231740e+00	3.876859e+00
2.050000e-06	9.420846e-07	1.237001e-10	6.552576e+00	5.861093e+00
2.060000e-06	9.880869e-07	1.508597e-10	6.872541e+00	7.853051e+00
2.070000e-06	1.034007e-06	1.787969e-10	7.191934e+00	9.850255e+00
2.080000e-06	1.079955e-06	2.076937e-10	7.511522e+00	1.185020e+01
2.090000e-06	1.125859e-06	2.363637e-10	7.830798e+00	1.385035e+01
2.100000e-06	1.171653e-06	2.646812e-10	8.149318e+00	1.584820e+01
2.110000e-06	1.217420e-06	2.941093e-10	8.467647e+00	1.784120e+01
2.120000e-06	1.263076e-06	3.226974e-10	8.785203e+00	1.982688e+01
2.130000e-06	1.308524e-06	3.501700e-10	9.101310e+00	2.180274e+01
2.140000e-06	1.353907e-06	3.759486e-10	9.416965e+00	2.376637e+01
2.150000e-06	1.399213e-06	4.004620e-10	9.732086e+00	2.571540e+01
2.160000e-06	1.444384e-06	4.249104e-10	1.004627e+01	2.764751e+01
2.170000e-06	1.489477e-06	4.505465e-10	1.035991e+01	2.956048e+01
2.180000e-06	1.534465e-06	4.777495e-10	1.067282e+01	3.145217e+01
2.190000e-06	1.579301e-06	5.060715e-10	1.098467e+01	3.332052e+01
2.200000e-06	1.623949e-06	5.344446e-10	1.129522e+01	3.516359e+01
2.210000e-06	1.668520e-06	5.639391e-10	1.160522e+01	3.697955e+01
2.220000e-06	1.712926e-06	5.928483e-10	1.191409e+01	3.876669e+01
2.230000e-06	1.757122e-06	6.182567e-10	1.222149e+01	4.052341e+01
2.240000e-06	1.801258e-06	6.390211e-10	1.252847e+01	4.224825e+01
2.250000e-06	1.845345e-06	6.572516e-10	1.283512e+01	4.393990e+01
2.260000e-06	1.889335e-06	6.744410e-10	1.314108e+01	4.559717e+01
2.270000e-06	1.933248e-06	6.938256e-10	1.344651e+01	4.721901e+01
2.280000e-06	1.977134e-06	7.161016e-10	1.375176e+01	4.880451e+01
2.290000e-06	2.020917e-06	7.393632e-10	1.405629e+01	5.035292e+01
2.300000e-06	2.064596e-06	7.615107e-10	1.436009e+01	5.186362e+01
2.310000e-06	2.108254e-06	7.824094e-10	1.466376e+01	5.333612e+01
2.320000e-06	2.151857e-06	8.014964e-10	1.496703e+01	5.477009e+01
2.330000e-06	2.195387e-06	8.186028e-10	1.526980e+01	5.616532e+01
2.340000e-06	2.238778e-06	8.362223e-10	1.557160e+01	5.752173e+01
2.350000e-06	2.281956e-06	8.542815e-10	1.587192e+01	5.883937e+01
2.360000e-06	2.324986e-06	8.737301e-10	1.617121e+01	6.011841e+01
2.370000e-06	2.367827e-06	8.919089e-10	1.646919e+01	6.135913e+01
2.380000e-06	2.410378e-06	9.070501e-10	1.676515e+01	6.256193e+01
2.390000e-06	2.452641e-06	9.215329e-10	1.705910e+01	6.372729e+01
2.400000e-06	2.494589e-06	9.361415e-10	1.735087e+01	6.485580e+01
2.410000e-06	2.536162e-06	9.524867e-10	1.764003e+01	6.594812e+01
2.420000e-06	2.577319e-06	9.696379e-10	1.792629e+01	6.700500e+01
2.430000e-06	2.618075e-06	9.852675e-10	1.820976e+01	6.802724e+01
2.440000e-06	2.658551e-06	9.964951e-10	1.849129e+01	6.901571e+01
2.450000e-06	2.698896e-06	1.004673e-09	1.877190e+01	6.997134e+01
2.460000e-06	2.739100e-06	1.012993e-09	1.905154e+01	7.089506e+01
2.470000e-06	2.779162e-06	1.023636e-09	1.933019e+01	7.178788e+01
2.480000e-06	2.819063e-06	1.034954e-09	1.960771e+01	7.265080e+01
2.490000e-06	2.858779e-06	1.046156e-09	1.988395e+01	7.348486e+01
2.500000e-06	2.898407e-06	1.059577e-09	2.015958e+01	7.429107e+01
2.510000e-06	2.937980e-06	1.073201e-09	2.043483e+01	7.507049e+01
2.520000e-06	2.977414e-06	1.085718e-09	2.070911e+01	7.582413e+01
2.530000e-06	3.016708e-06	1.096119e-09	2.098241e+01	7.655300e+01
2.540000e-06	3.055785e-06	1.103885e-09	2.125421e+01	7.725810e+01
2.550000e-06	3.094510e-06	1.110833e-09	2.152356e+01	7.794039e+01
2.560000e-06	3.132959e-06	1.118661e-09	2.179099e+01	7.860081e+01
2.570000e-06	3.171158e-06	1.126673e-09	2.205667e+01	7.924025e+01
2.580000e-06	3.209117e-06	1.135421e-09	2.232070e+01	7.985958e+01
2.590000e-06	3.246888e-06	1.145453e-09	2.258341e+01	8.045962e+01
2.600000e-06	3.284515e-06	1.155019e-09	2.284512e+01	8.104113e+01
2.610000e-06	3.321984e-06	1.163196e-09	2.310573e+01	8.160486e+01
2.620000e-06	3.359215e-06	1.172280e-09	2.336469e+01	8.215147e+01
2.630000e-06	3.396265e-06	1.181667e-09	2.362239e+01	8.268161e+01
2.640000e-06	3.433100e-06	1.190121e-09	2.387859e+01	8.319585e+01
2.650000e-06	3.469590e-06	1.197196e-09	2.413239e+01	8.369475e+01
2.660000e-06	3.505754e-06	1.202904e-09	2.438393e+01	8.417879e+01
2.670000e-06	3.541713e-06	1.208919e-09	2.463404e+01	8.464842e+01
2.680000e-06	3.577549e-06	1.216272e-09	2.488329e+01	8.510405e+01
2.690000e-06	3.613247e-06	1.222533e-09	2.513158e+01	8.554605e+01
2.700000e-06	3.648826e-06	1.228460e-09	2.537905e+01	8.597475e+01
2.710000e-06	3.684288e-06	1.235894e-09	2.562570e+01	8.639045e+01
2.720000e-06	3.719583e-06	1.244103e-09	2.587119e+01	8.679340e+01
2.730000e-06	3.754637e-06	1.251636e-09	2.611501e+01	8.718387e+01
2.740000e-06	3.789426e-06	1.256658e-09	2.635698e+01	8.756206e+01
2.750000e-06	3.823772e-06	1.259485e-09	2.659587e+01	8.792816e+01
2.760000e-06	3.857504e-06	1.260562e-09	2.683049e+01	8.828237e+01
2.770000e-06	3.890644e-06	1.262009e-09	2.706099e+01	8.862486e+01
2.780000e-06	3.923255e-06	1.265202e-09	2.728781e+01	8.895578e+01
2.790000e-06	3.955506e-06	1.271172e-09	2.751213e+01	8.927530e+01
2.800000e-06	3.987528e-06	1.280391e-09	2.773486e+01	8.958358e+01
2.810000e-06	4.019373e-06	1.289429e-09	2.795635e+01	8.988076e+01
2.820000e-06	4.051016e-06	1.294309e-09	2.817644e+01	9.016702e+01
2.830000e-06	4.082457e-06	1.295425e-09	2.839513e+01	9.044252e+01
2.840000e-06	4.113680e-06	1.295609e-09	2.861229e+01	9.070745e+01
2.850000e-06	4.144708e-06	1.296358e-09	2.882811e+01	9.096199e+01
2.860000e-06	4.175504e-06	1.296774e-09	2.904230e+01	9.120635e+01
2.870000e-06	4.205859e-06	1.298976e-09	2.925344e+01	9.144075e+01
2.880000e-06	4.235889e-06	1.304857e-09	2.946231e+01	9.166542e+01
2.890000e-06	4.265740e-06	1.310094e-09	2.966993e+01	9.188060e+01
2.900000e-06	4.295360e-06	1.312072e-09	2.987595e+01	9.208657e+01
2.910000e-06	4.324700e-06	1.311685e-09	3.008002e+01	9.228360e+01
2.920000e-06	4.353735e-06	1.314348e-09	3.028197e+01	9.247197e+01
2.930000e-06	4.382457e-06	1.320035e-09	3.048175e+01	9.265201e+01
2.940000e-06	4.410844e-06	1.325600e-09	3.067919e+01	9.282403e+01
2.950000e-06	4.438923e-06	1.328743e-09	3.087449e+01	9.298835e+01
2.960000e-06	4.466800e-06	1.329330e-09	3.106839e+01	9.314532e+01
2.970000e-06	4.494542e-06	1.328920e-09	3.126134e+01	9.329527e+01
2.980000e-06	4.522055e-06	1.328242e-09	3.145271e+01	9.343857e+01
2.990000e-06	4.549284e-06	1.330181e-09	3.164210e+01	9.357557e+01
3.000000e-06	4.576216e-06	1.334655e-09	3.182942e+01	9.370660e+01
3.010000e-06	4.602802e-06	1.341674e-09	3.201433e+01	9.383204e+01
3.020000e-06	4.628849e-06	1.348343e-09	3.219550e+01	9.395221e+01
3.030000e-06	4.654264e-06	1.351430e-09	3.237227e+01	9.406747e+01
3.040000e-06	4.679192e-06	1.353139e-09	3.254566e+01	9.417812e+01
3.050000e-06	4.703589e-06	1.352739e-09	3.271535e+01	9.428450e+01
3.060000e-06	4.727548e-06	1.352767e-09	3.288199e+01	9.438689e+01
3.070000e-06	4.751288e-06	1.355414e-09	3.304712e+01	9.448559e+01
3.080000e-06	4.774873e-06	1.359455e-09	3.321116e+01	9.458085e+01
3.090000e-06	4.798257e-06	1.364226e-09	3.337381e+01	9.467292e+01
3.100000e-06	4.821303e-06	1.366415e-09	3.353409e+01	9.476203e+01
3.110000e-06	4.843937e-06	1.366961e-09	3.369153e+01	9.484836e+01
3.120000e-06	4.866222e-06	1.367401e-09	3.384652e+01	9.493210e+01
3.130000e-06	4.888218e-06	1.371704e-09	3.399952e+01	9.501339e+01
3.140000e-06	4.909852e-06	1.379618e-09	3.414999e+01	9.509236e+01
3.150000e-06	4.931130e-06	1.386098e-09	3.429799e+01	9.516912e+01
3.160000e-06	4.952116e-06	1.389273e-09	3.444395e+01	9.524372e+01
3.170000e-06	4.972763e-06	1.388551e-09	3.458756e+01	9.531623e+01
3.180000e-06	4.993073e-06	1.385220e-09	3.472883e+01	9.538667e+01
3.190000e-06	5.013132e-06	1.382347e-09	3.486835e+01	9.545505e+01
3.200000e-06	5.032913e-06	1.383611e-09	3.500593e+01	9.552136e+01
3.210000e-06	5.052455e-06	1.389354e-09	3.514185e+01	9.558554e+01
3.220000e-06	5.071821e-06	1.396153e-09	3.527655e+01	9.564757e+01
3.230000e-06	5.090819e-06	1.402023e-09	3.540869e+01	9.570736e+01
3.240000e-06	5.109397e-06	1.404391e-09	3.553791e+01	9.576484e+01
3.250000e-06	5.127579e-06	1.402942e-09	3.566437e+01	9.581992e+01
3.260000e-06	5.145225e-06	1.400592e-09	3.578711e+01	9.587250e+01
3.270000e-06	5.162474e-06	1.398750e-09	3.590708e+01	9.592248e+01
3.280000e-06	5.179497e-06	1.398562e-09	3.602548e+01	9.596974e+01
3.290000e-06	5.196167e-06	1.401488e-09	3.614143e+01	9.601419e+01
3.300000e-06	5.212523e-06	1.407229e-09	3.625519e+01	9.605572e+01
3.310000e-06	5.228596e-06	1.412718e-09	3.636698e+01	9.609422e+01
3.320000e-06	5.244199e-06	1.416242e-09	3.647551e+01	9.612961e+01
3.330000e-06	5.259237e-06	1.416642e-09	3.658010e+01	9.616180e+01
3.340000e-06	5.273871e-06	1.415985e-09	3.668189e+01	9.619072e+01
3.350000e-06	5.288165e-06	1.414162e-09	3.678131e+01	9.621631e+01
3.360000e-06	5.302000e-06	1.412637e-09	3.687754e+01	9.623853e+01
3.370000e-06	5.315425e-06	1.415348e-09	3.697091e+01	9.625735e+01
3.380000e-06	5.328415e-06	1.416962e-09	3.706127e+01	9.627277e+01
3.390000e-06	5.340989e-06	1.419124e-09	3.714873e+01	9.628479e+01
3.400000e-06	5.353195e-06	1.421002e-09	3.723362e+01	9.629345e+01
3.410000e-06	5.365078e-06	1.421591e-09	3.731627e+01	9.629879e+01
3.420000e-06	5.376635e-06	1.423077e-09	3.739666e+01	9.630088e+01
3.430000e-06	5.387693e-06	1.425050e-09	3.747356e+01	9.629980e+01
3.440000e-06	5.398273e-06	1.428848e-09	3.754715e+01	9.629567e+01
3.450000e-06	5.408388e-06	1.432650e-09	3.761751e+01	9.628862e+01
3.460000e-06	5.417867e-06	1.436042e-09	3.768344e+01	9.627877e+01
3.470000e-06	5.426736e-06	1.436084e-09	3.774513e+01	9.626629e+01
3.480000e-06	5.435069e-06	1.435425e-09	3.780308e+01	9.625135e+01
3.490000e-06	5.443028e-06	1.434160e-09	3.785844e+01	9.623413e+01
3.500000e-06	5.450815e-06	1.434559e-09	3.791261e+01	9.621482e+01
3.510000e-06	5.458330e-06	1.437160e-09	3.796488e+01	9.619362e+01
3.520000e-06	5.465499e-06	1.440713e-09	3.801474e+01	9.617074e+01
3.530000e-06	5.472341e-06	1.445457e-09	3.806232e+01	9.614639e+01
3.540000e-06	5.478860e-06	1.449068e-09	3.810767e+01	9.612077e+01
3.550000e-06	5.485041e-06	1.450279e-09	3.815066e+01	9.609408e+01
3.560000e-06	5.490781e-06	1.447693e-09	3.819059e+01	9.606653e+01
3.570000e-06	5.496085e-06	1.444511e-09	3.822748e+01	9.603831e+01
3.580000e-06	5.500970e-06	1.444427e-09	3.826146e+01	9.600961e+01
3.590000e-06	5.505431e-06	1.445288e-09	3.829248e+01	9.598058e+01
3.600000e-06	5.509571e-06	1.449254e-09	3.832127e+01	9.595139e+01
3.610000e-06	5.513466e-06	1.455113e-09	3.834837e+01	9.592217e+01
3.620000e-06	5.517065e-06	1.458588e-09	3.837340e+01	9.589304e+01
3.630000e-06	5.520309e-06	1.460685e-09	3.839597e+01	9.586410e+01
3.640000e-06	5.523130e-06	1.461309e-09	3.841558e+01	9.583543e+01
3.650000e-06	5.525482e-06	1.459748e-09	3.843195e+01	9.580707e+01
3.660000e-06	5.527324e-06	1.456191e-09	3.844476e+01	9.577905e+01
3.670000e-06	5.528542e-06	1.452709e-09	3.845323e+01	9.575138e+01
3.680000e-06	5.529246e-06	1.449709e-09	3.845812e+01	9.572403e+01
3.690000e-06	5.529516e-06	1.450399e-09	3.846000e+01	9.569695e+01
3.700000e-06	5.529403e-06	1.453625e-09	3.845922e+01	9.567006e+01
3.710000e-06	5.529056e-06	1.456448e-09	3.845680e+01	9.564327e+01
3.720000e-06	5.528478e-06	1.457485e-09	3.845278e+01	9.561646e+01
3.730000e-06	5.527547e-06	1.454585e-09	3.844631e+01	9.558947e+01
3.740000e-06	5.526186e-06	1.448507e-09	3.843684e+01	9.556213e+01
3.750000e-06	5.524417e-06	1.438941e-09	3.842454e+01	9.553427e+01
3.760000e-06	5.522308e-06	1.419220e-09	3.840987e+01	9.550567e+01
3.770000e-06	5.519892e-06	1.425610e-09	3.839306e+01	9.547610e+01
3.780000e-06	5.517074e-06	1.451716e-09	3.837346e+01	9.544535e+01
3.790000e-06	5.513817e-06	1.438120e-09	3.835081e+01	9.541315e+01
3.800000e-06	5.510090e-06	1.462682e-09	3.832489e+01	9.537925e+01
3.810000e-06	5.505995e-06	1.462355e-09	3.829640e+01	9.534339e+01
3.820000e-06	5.501659e-06	1.463405e-09	3.826625e+01	9.530532e+01
3.830000e-06	5.497108e-06	1.458700e-09	3.823459e+01	9.526476e+01
3.840000e-06	5.492220e-06	1.420139e-09	3.820059e+01	9.522146e+01
3.850000e-06	5.486740e-06	1.459221e-09	3.816248e+01	9.517515e+01
3.860000e-06	5.480721e-06	1.468527e-09	3.812061e+01	9.512561e+01
3.870000e-06	5.474422e-06	1.496878e-09	3.807680e+01	9.507259e+01
3.880000e-06	5.467695e-06	1.466015e-09	3.803002e+01	9.501586e+01
3.890000e-06	5.460425e-06	1.460286e-09	3.797945e+01	9.495524e+01
3.900000e-06	5.452708e-06	1.434643e-09	3.792577e+01	9.489053e+01
3.910000e-06	5.444638e-06	1.405374e-09	3.786964e+01	9.482156e+01
3.920000e-06	5.436230e-06	1.420376e-09	3.781116e+01	9.474819e+01
3.930000e-06	5.427363e-06	1.445936e-09	3.774949e+01	9.467031e+01
3.940000e-06	5.418218e-06	1.464199e-09	3.768588e+01	9.458782e+01
3.950000e-06	5.408781e-06	1.432210e-09	3.762024e+01	9.450064e+01
3.960000e-06	5.398850e-06	1.446660e-09	3.755117e+01	9.440874e+01
3.970000e-06	5.388542e-06	1.434942e-09	3.747947e+01	9.431210e+01
3.980000e-06	5.377945e-06	1.428210e-09	3.740576e+01	9.421074e+01
3.990000e-06	5.366932e-06	1.407075e-09	3.732917e+01	9.410468e+01
4.000000e-06	5.355530e-06	1.428189e-09	3.724986e+01	9.399399e+01
4.010000e-06	5.343786e-06	1.431581e-09	3.716818e+01	9.387875e+01
4.020000e-06	5.331685e-06	1.452986e-09	3.708401e+01	9.375909e+01
4.030000e-06	5.319030e-06	1.449790e-09	3.699599e+01	9.363513e+01
4.040000e-06	5.305790e-06	1.447639e-09	3.690390e+01	9.350702e+01
4.050000e-06	5.292211e-06	1.430508e-09	3.680945e+01	9.337495e+01
4.060000e-06	5.278228e-06	1.441868e-09	3.671220e+01	9.323908e+01
4.070000e-06	5.263523e-06	1.429896e-09	3.660991e+01	9.309964e+01
4.080000e-06	5.248294e-06	1.434369e-09	3.650399e+01	9.295683e+01
4.090000e-06	5.232781e-06	1.453383e-09	3.639610e+01	9.281087e+01
4.100000e-06	5.216773e-06	1.443894e-09	3.628475e+01	9.266200e+01
4.110000e-06	5.200313e-06	1.417974e-09	3.617026e+01	9.251044e+01
4.120000e-06	5.183618e-06	1.439505e-09	3.605414e+01	9.235643e+01
4.130000e-06	5.166691e-06	1.452421e-09	3.593641e+01	9.220020e+01
4.140000e-06	5.149378e-06	1.398346e-09	3.581599e+01	9.204197e+01
4.150000e-06	5.131692e-06	1.405378e-09	3.569298e+01	9.188197e+01
4.160000e-06	5.113725e-06	1.446907e-09	3.556801e+01	9.172041e+01
4.170000e-06	5.095372e-06	1.416706e-09	3.544036e+01	9.155747e+01
4.180000e-06	5.076618e-06	1.376841e-09	3.530992e+01	9.139336e+01
4.190000e-06	5.057564e-06	1.435789e-09	3.517739e+01	9.122822e+01
4.200000e-06	5.038168e-06	1.417788e-09	3.504248e+01	9.106222e+01
4.210000e-06	5.018452e-06	1.359510e-09	3.490535e+01	9.089547e+01
4.220000e-06	4.998467e-06	1.397572e-09	3.476634e+01	9.072810e+01
4.230000e-06	4.978276e-06	1.446020e-09	3.462591e+01	9.056018e+01
4.240000e-06	4.957828e-06	1.379798e-09	3.448368e+01	9.039178e+01
4.250000e-06	4.937023e-06	1.388803e-09	3.433898e+01	9.022294e+01
4.260000e-06	4.915911e-06	1.434458e-09	3.419213e+01	9.005369e+01
4.270000e-06	4.894270e-06	1.392258e-09	3.404161e+01	8.988401e+01
4.280000e-06	4.871960e-06	1.356689e-09	3.388644e+01	8.971388e+01
4.290000e-06	4.849207e-06	1.412406e-09	3.372818e+01	8.954325e+01
4.300000e-06	4.826006e-06	1.388292e-09	3.356681e+01	8.937205e+01
4.310000e-06	4.802354e-06	1.353972e-09	3.340230e+01	8.920020e+01
4.320000e-06	4.778419e-06	1.393909e-09	3.323582e+01	8.902758e+01
4.330000e-06	4.754244e-06	1.401448e-09	3.306767e+01	8.885407e+01
4.340000e-06	4.729772e-06	1.347926e-09	3.289746e+01	8.867953e+01
4.350000e-06	4.704969e-06	1.368813e-09	3.272495e+01	8.850382e+01
4.360000e-06	4.679835e-06	1.394060e-09	3.255013e+01	8.832676e+01
4.370000e-06	4.654420e-06	1.363827e-09	3.237336e+01	8.814820e+01
4.380000e-06	4.628674e-06	1.365354e-09	3.219428e+01	8.796794e+01
4.390000e-06	4.602592e-06	1.393227e-09	3.201287e+01	8.778582e+01
4.400000e-06	4.576154e-06	1.368045e-09	3.182899e+01	8.760165e+01
4.410000e-06	4.549383e-06	1.348962e-09	3.164279e+01	8.741525e+01
4.420000e-06	4.522275e-06	1.369077e-09	3.145424e+01	8.722645e+01
4.430000e-06	4.494871e-06	1.365507e-09	3.126363e+01	8.703506e+01
4.440000e-06	4.467274e-06	1.351611e-09	3.107169e+01	8.684092e+01
4.450000e-06	4.439432e-06	1.358806e-09	3.087803e+01	8.664389e+01
4.460000e-06	4.411350e-06	1.361316e-09	3.068271e+01	8.644381e+01
4.470000e-06	4.383073e-06	1.341947e-09	3.048603e+01	8.624055e+01
4.480000e-06	4.354602e-06	1.343351e-09	3.028800e+01	8.603399e+01
4.490000e-06	4.325833e-06	1.340149e-09	3.008790e+01	8.582404e+01
4.500000e-06	4.296666e-06	1.327351e-09	2.988503e+01	8.561060e+01
4.510000e-06	4.267034e-06	1.322540e-09	2.967893e+01	8.539361e+01
4.520000e-06	4.236840e-06	1.336670e-09	2.946892e+01	8.517301e+01
4.530000e-06	4.206071e-06	1.329680e-09	2.925491e+01	8.494877e+01
4.540000e-06	4.174926e-06	1.324816e-09	2.903829e+01	8.472087e+01
4.550000e-06	4.143502e-06	1.325898e-09	2.881972e+01	8.448931e+01
4.560000e-06	4.111785e-06	1.323247e-09	2.859912e+01	8.425412e+01
4.570000e-06	4.079762e-06	1.310780e-09	2.837638e+01	8.401531e+01
4.580000e-06	4.047513e-06	1.315878e-09	2.815208e+01	8.377293e+01
4.590000e-06	4.015067e-06	1.313424e-09	2.792640e+01	8.352706e+01
4.600000e-06	3.982442e-06	1.304373e-09	2.769948e+01	8.327776e+01
4.610000e-06	3.949589e-06	1.301159e-09	2.747098e+01	8.302511e+01
4.620000e-06	3.916467e-06	1.306807e-09	2.724060e+01	8.276920e+01
4.630000e-06	3.883148e-06	1.300608e-09	2.700885e+01	8.251014e+01
4.640000e-06	3.849503e-06	1.298273e-09	2.677484e+01	8.224803e+01
4.650000e-06	3.815628e-06	1.299051e-09	2.653923e+01	8.198298e+01
4.660000e-06	3.781501e-06	1.293261e-09	2.630186e+01	8.171509e+01
4.670000e-06	3.747000e-06	1.284366e-09	2.606189e+01	8.144447e+01
4.680000e-06	3.712222e-06	1.285318e-09	2.582000e+01	8.117122e+01
4.690000e-06	3.677176e-06	1.286047e-09	2.557623e+01	8.089544e+01
4.700000e-06	3.641874e-06	1.276604e-09	2.533070e+01	8.061723e+01
4.710000e-06	3.606363e-06	1.273759e-09	2.508370e+01	8.033666e+01
4.720000e-06	3.570656e-06	1.275039e-09	2.483535e+01	8.005380e+01
4.730000e-06	3.534765e-06	1.271029e-09	2.458571e+01	7.976873e+01
4.740000e-06	3.498767e-06	1.264813e-09	2.433533e+01	7.948147e+01
4.750000e-06	3.462664e-06	1.266283e-09	2.408422e+01	7.919207e+01
4.760000e-06	3.426367e-06	1.263442e-09	2.383176e+01	7.890054e+01
4.770000e-06	3.389845e-06	1.261679e-09	2.357773e+01	7.860687e+01
4.780000e-06	3.353048e-06	1.261073e-09	2.332179e+01	7.831106e+01
4.790000e-06	3.315890e-06	1.257923e-09	2.306334e+01	7.801306e+01
4.800000e-06	3.278407e-06	1.247706e-09	2.280264e+01	7.771282e+01
4.810000e-06	3.240552e-06	1.246214e-09	2.253934e+01	7.741027e+01
4.820000e-06	3.202278e-06	1.247875e-09	2.227313e+01	7.710532e+01
4.830000e-06	3.163651e-06	1.247949e-09	2.200446e+01	7.679787e+01
4.840000e-06	3.124744e-06	1.242678e-09	2.173385e+01	7.648780e+01
4.850000e-06	3.085576e-06	1.238334e-09	2.146142e+01	7.617497e+01
4.860000e-06	3.046128e-06	1.230374e-09	2.118705e+01	7.585923e+01
4.870000e-06	3.006467e-06	1.226256e-09	2.091118e+01	7.554042e+01
4.880000e-06	2.966627e-06	1.222825e-09	2.063408e+01	7.521836e+01
4.890000e-06	2.926629e-06	1.217749e-09	2.035588e+01	7.489288e+01
4.900000e-06	2.886479e-06	1.209602e-09	2.007662e+01	7.456377e+01
4.910000e-06	2.846118e-06	1.202907e-09	1.979590e+01	7.423083e+01
4.920000e-06	2.805552e-06	1.194421e-09	1.951374e+01	7.389386e+01
4.930000e-06	2.764861e-06	1.186548e-09	1.923072e+01	7.355265e+01
4.940000e-06	2.723983e-06	1.180929e-09	1.894640e+01	7.320697e+01
4.950000e-06	2.682944e-06	1.178153e-09	1.866095e+01	7.285662e+01
4.960000e-06	2.641774e-06	1.176945e-09	1.837460e+01	7.250137e+01
4.970000e-06	2.600382e-06	1.175210e-09	1.808670e+01	7.214100e+01
4.980000e-06	2.558845e-06	1.171190e-09	1.779779e+01	7.177531e+01
4.990000e-06	2.517185e-06	1.161056e-09	1.750803e+01	7.140406e+01
5.000000e-06	2.475324e-06	1.145482e-09	1.721688e+01	7.102704e+01
5.010000e-06	2.433305e-06	1.133470e-09	1.692461e+01	7.064405e+01
5.020000e-06	2.391147e-06	1.130744e-09	1.663138e+01	7.025488e+01
5.030000e-06	2.348934e-06	1.129581e-09	1.633778e+01	6.985930e+01
5.040000e-06	2.306545e-06	1.131730e-09	1.604295e+01	6.945712e+01
5.050000e-06	2.263881e-06	1.131986e-09	1.574620e+01	6.904813e+01
5.060000e-06	2.221111e-06	1.128505e-09	1.544872e+01	6.863211e+01
5.070000e-06	2.178153e-06	1.119271e-09	1.514993e+01	6.820886e+01
5.080000e-06	2.134975e-06	1.105814e-09	1.484961e+01	6.777816e+01
5.090000e-06	2.091664e-06	1.089046e-09	1.454837e+01	6.733979e+01
5.100000e-06	2.048205e-06	1.074737e-09	1.424609e+01	6.689351e+01
5.110000e-06	2.004651e-06	1.069718e-09	1.394315e+01	6.643909e+01
5.120000e-06	1.961017e-06	1.072061e-09	1.363966e+01	6.597626e+01
5.130000e-06	1.917264e-06	1.073875e-09	1.333534e+01	6.550478e+01
5.140000e-06	1.873442e-06	1.072453e-09	1.303054e+01	6.502433e+01
5.150000e-06	1.829506e-06	1.064516e-09	1.272495e+01	6.453463e+01
5.160000e-06	1.785411e-06	1.053067e-09	1.241825e+01	6.403532e+01
5.170000e-06	1.741226e-06	1.042244e-09	1.211093e+01	6.352607e+01
5.180000e-06	1.697000e-06	1.033269e-09	1.180332e+01	6.300647e+01
5.190000e-06	1.652725e-06	1.025764e-09	1.149536e+01	6.247612e+01
5.200000e-06	1.608311e-06	1.017224e-09	1.118645e+01	6.193455e+01
5.210000e-06	1.563822e-06	1.009118e-09	1.087701e+01	6.138128e+01
5.220000e-06	1.519281e-06	1.004018e-09	1.056721e+01	6.081577e+01
5.230000e-06	1.474614e-06	9.977535e-10	1.025654e+01	6.023747e+01
5.240000e-06	1.429921e-06	9.866120e-10	9.945675e+00	5.964577e+01
5.250000e-06	1.385175e-06	9.747490e-10	9.634451e+00	5.904001e+01
5.260000e-06	1.340324e-06	9.651681e-10	9.322491e+00	5.841950e+01
5.270000e-06	1.295367e-06	9.545141e-10	9.009800e+00	5.778351e+01
5.280000e-06	1.250348e-06	9.433662e-10	8.696671e+00	5.713126e+01
5.290000e-06	1.205243e-06	9.339415e-10	8.382946e+00	5.646194e+01
5.300000e-06	1.159994e-06	9.272673e-10	8.068226e+00	5.577468e+01
5.310000e-06	1.114568e-06	9.197150e-10	7.752266e+00	5.506859e+01
5.320000e-06	1.069028e-06	9.103426e-10	7.435522e+00	5.434274e+01
5.330000e-06	1.023477e-06	9.001147e-10	7.118695e+00	5.359618e+01
5.340000e-06	9.779699e-07	8.883180e-10	6.802173e+00	5.282791e+01
5.350000e-06	9.324198e-07	8.744992e-10	6.485354e+00	5.203692e+01
5.360000e-06	8.865800e-07	8.581571e-10	6.166520e+00	5.122219e+01
5.370000e-06	8.406182e-07	8.422388e-10	5.846837e+00	5.038266e+01
5.380000e-06	7.947122e-07	8.295960e-10	5.527542e+00	4.951730e+01
5.390000e-06	7.487052e-07	8.186620e-10	5.207545e+00	4.862505e+01
5.400000e-06	7.025328e-07	8.072026e-10	4.886397e+00	4.770487e+01
5.410000e-06	6.563137e-07	7.919435e-10	4.564925e+00	4.675572e+01
5.420000e-06	6.101159e-07	7.719160e-10	4.243601e+00	4.577660e+01
5.430000e-06	5.639073e-07	7.517683e-10	3.922201e+00	4.476653e+01
5.440000e-06	5.176645e-07	7.333440e-10	3.600564e+00	4.372457e+01
5.450000e-06	4.712955e-07	7.157359e-10	3.278049e+00	4.264981e+01
5.460000e-06	4.248667e-07	7.025058e-10	2.955118e+00	4.154141e+01
5.470000e-06	3.783561e-07	6.924118e-10	2.631619e+00	4.039859e+01
5.480000e-06	3.317683e-07	6.795656e-10	2.307582e+00	3.922064e+01
5.490000e-06	2.852315e-07	6.613666e-10	1.983900e+00	3.800693e+01
5.500000e-06	2.387130e-07	6.374234e-10	1.660345e+00	3.675690e+01
5.510000e-06	1.922082e-07	6.110266e-10	1.336885e+00	3.547011e+01
5.520000e-06	1.457107e-07	5.874172e-10	1.013476e+00	3.414620e+01
5.530000e-06	9.922344e-08	5.673158e-10	6.901388e-01	3.278493e+01
5.540000e-06	5.270551e-08	5.470944e-10	3.665879e-01	3.138618e+01
5.550000e-06	6.158678e-09	5.287361e-10	4.283608e-02	2.994992e+01
5.560000e-06	-4.032658e-08	5.090324e-10	-2.804875e-01	2.847628e+01
5.570000e-06	-8.677638e-08	4.868120e-10	-6.035646e-01	2.696551e+01
5.580000e-06	-1.333083e-07	4.606928e-10	-9.272126e-01	2.541799e+01
5.590000e-06	-1.798452e-07	4.315222e-10	-1.250895e+00	2.383424e+01
5.600000e-06	-2.263962e-07	4.025833e-10	-1.574676e+00	2.221491e+01
5.610000e-06	-2.729902e-07	3.725833e-10	-1.898757e+00	2.056080e+01
5.620000e-06	-3.195575e-07	3.440944e-10	-2.222650e+00	1.887286e+01
5.630000e-06	-3.660505e-07	3.147678e-10	-2.546028e+00	1.715216e+01
5.640000e-06	-4.125332e-07	2.864248e-10	-2.869334e+00	1.539992e+01
5.650000e-06	-4.590077e-07	2.587168e-10	-3.192583e+00	1.361749e+01
5.660000e-06	-5.053614e-07	2.290541e-10	-3.514992e+00	1.180636e+01
5.670000e-06	-5.516815e-07	1.989729e-10	-3.837167e+00	9.968137e+00
5.680000e-06	-5.979764e-07	1.689367e-10	-4.159166e+00	8.104567e+00
5.690000e-06	-6.441363e-07	1.363274e-10	-4.480227e+00	6.217502e+00
5.700000e-06	-6.901891e-07	1.020823e-10	-4.800542e+00	4.308906e+00
5.710000e-06	-7.361897e-07	6.692590e-11	-5.120495e+00	2.380843e+00
5.720000e-06	-7.821623e-07	3.168010e-11	-5.440252e+00	4.354746e-01
5.730000e-06	-8.280913e-07	-1.368890e-12	-5.759707e+00	-1.524957e+00
5.740000e-06	-8.739094e-07	-3.330533e-11	-6.078390e+00	-3.498133e+00
5.750000e-06	-9.196422e-07	-6.260620e-11	-6.396480e+00	-5.481672e+00
5.760000e-06	-9.653040e-07	-9.064893e-11	-6.714077e+00	-7.473141e+00
5.770000e-06	-1.010881e-06	-1.190875e-10	-7.031083e+00	-9.470063e+00
5.780000e-06	-1.056392e-06	-1.518995e-10	-7.347629e+00	-1.146993e+01
5.790000e-06	-1.101849e-06	-1.897287e-10	-7.663799e+00	-1.347023e+01
5.800000e-06	-1.147167e-06	-2.274917e-10	-7.979005e+00	-1.546842e+01
5.810000e-06	-1.192336e-06	-2.643754e-10	-8.293178e+00	-1.746199e+01
5.820000e-06	-1.237386e-06	-2.982949e-10	-8.606519e+00	-1.944843e+01
5.830000e-06	-1.282300e-06	-3.289466e-10	-8.918909e+00	-2.142526e+01
5.840000e-06	-1.327098e-06	-3.585868e-10	-9.230500e+00	-2.339006e+01
5.850000e-06	-1.371789e-06	-3.874344e-10	-9.541342e+00	-2.534046e+01
5.860000e-06	-1.416423e-06	-4.171574e-10	-9.851792e+00	-2.727413e+01
5.870000e-06	-1.461000e-06	-4.491138e-10	-1.016184e+01	-2.918884e+01
5.880000e-06	-1.505554e-06	-4.812383e-10	-1.047173e+01	-3.108244e+01
5.890000e-06	-1.550076e-06	-5.134621e-10	-1.078140e+01	-3.295287e+01
5.900000e-06	-1.594441e-06	-5.467386e-10	-1.108998e+01	-3.479818e+01
5.910000e-06	-1.638702e-06	-5.768850e-10	-1.139783e+01	-3.661653e+01
5.920000e-06	-1.682912e-06	-6.050810e-10	-1.170533e+01	-3.840618e+01
5.930000e-06	-1.727061e-06	-6.330311e-10	-1.201240e+01	-4.016556e+01
5.940000e-06	-1.771171e-06	-6.604706e-10	-1.231920e+01	-4.189317e+01
5.950000e-06	-1.815236e-06	-6.884799e-10	-1.262570e+01	-4.358770e+01
5.960000e-06	-1.859252e-06	-7.164439e-10	-1.293184e+01	-4.524793e+01
5.970000e-06	-1.903199e-06	-7.431128e-10	-1.323751e+01	-4.687282e+01
5.980000e-06	-1.947074e-06	-7.693338e-10	-1.354268e+01	-4.846144e+01
5.990000e-06	-1.990819e-06	-7.959340e-10	-1.384694e+01	-5.001303e+01
6.000000e-06	-2.034368e-06	-8.233605e-10	-1.414985e+01	-5.152695e+01
6.010000e-06	-2.077807e-06	-8.507447e-10	-1.445198e+01	-5.300271e+01
6.020000e-06	-2.121096e-06	-8.765977e-10	-1.475307e+01	-5.443996e+01
6.030000e-06	-2.164199e-06	-9.011161e-10	-1.505287e+01	-5.583848e+01
6.040000e-06	-2.207178e-06	-9.220440e-10	-1.535181e+01	-5.719819e+01
6.050000e-06	-2.249930e-06	-9.406305e-10	-1.564917e+01	-5.851911e+01
6.060000e-06	-2.292451e-06	-9.580628e-10	-1.594491e+01	-5.980142e+01
6.070000e-06	-2.334843e-06	-9.753017e-10	-1.623977e+01	-6.104538e+01
6.080000e-06	-2.377130e-06	-9.950470e-10	-1.653390e+01	-6.225138e+01
6.090000e-06	-2.419259e-06	-1.014681e-09	-1.682692e+01	-6.341990e+01
6.100000e-06	-2.461273e-06	-1.034126e-09	-1.711914e+01	-6.455152e+01
6.110000e-06	-2.503132e-06	-1.052618e-09	-1.741029e+01	-6.564689e+01
6.120000e-06	-2.544742e-06	-1.069839e-09	-1.769970e+01	-6.670675e+01
6.130000e-06	-2.586143e-06	-1.085699e-09	-1.798766e+01	-6.773191e+01
6.140000e-06	-2.627345e-06	-1.101038e-09	-1.827424e+01	-6.872322e+01
6.150000e-06	-2.668400e-06	-1.119401e-09	-1.855979e+01	-6.968160e+01
6.160000e-06	-2.709327e-06	-1.135962e-09	-1.884446e+01	-7.060801e+01
6.170000e-06	-2.750027e-06	-1.151875e-09	-1.912755e+01	-7.150343e+01
6.180000e-06	-2.790532e-06	-1.167921e-09	-1.940927e+01	-7.236886e+01
6.190000e-06	-2.830899e-06	-1.182166e-09	-1.969004e+01	-7.320534e+01
6.200000e-06	-2.871118e-06	-1.194094e-09	-1.996978e+01	-7.401390e+01
6.210000e-06	-2.911182e-06	-1.206094e-09	-2.024844e+01	-7.479557e+01
6.220000e-06	-2.951126e-06	-1.221134e-09	-2.052627e+01	-7.555137e+01
6.230000e-06	-2.990958e-06	-1.235778e-09	-2.080331e+01	-7.628233e+01
6.240000e-06	-3.030612e-06	-1.249194e-09	-2.107912e+01	-7.698944e+01
6.250000e-06	-3.070062e-06	-1.261947e-09	-2.135352e+01	-7.767365e+01
6.260000e-06	-3.109255e-06	-1.272036e-09	-2.162611e+01	-7.833592e+01
6.270000e-06	-3.148176e-06	-1.278162e-09	-2.189682e+01	-7.897714e+01
6.280000e-06	-3.186795e-06	-1.285352e-09	-2.216544e+01	-7.959817e+01
6.290000e-06	-3.225016e-06	-1.295388e-09	-2.243128e+01	-8.019985e+01
6.300000e-06	-3.262768e-06	-1.306963e-09	-2.269386e+01	-8.078294e+01
6.310000e-06	-3.300048e-06	-1.320131e-09	-2.295316e+01	-8.134818e+01
6.320000e-06	-3.336973e-06	-1.334735e-09	-2.320999e+01	-8.189625e+01
6.330000e-06	-3.373598e-06	-1.346625e-09	-2.346473e+01	-8.242780e+01
6.340000e-06	-3.409954e-06	-1.353952e-09	-2.371760e+01	-8.294341e+01
6.350000e-06	-3.446177e-06	-1.359028e-09	-2.396954e+01	-8.344362e+01
6.360000e-06	-3.482310e-06	-1.363381e-09	-2.422087e+01	-8.392894e+01
6.370000e-06	-3.518348e-06	-1.368371e-09	-2.447152e+01	-8.439982e+01
6.380000e-06	-3.554236e-06	-1.375625e-09	-2.472114e+01	-8.485666e+01
6.390000e-06	-3.589898e-06	-1.387361e-09	-2.496918e+01	-8.529985e+01
6.400000e-06	-3.625290e-06	-1.400133e-09	-2.521535e+01	-8.572970e+01
6.410000e-06	-3.660480e-06	-1.409222e-09	-2.546011e+01	-8.614653e+01
6.420000e-06	-3.695455e-06	-1.415766e-09	-2.570337e+01	-8.655060e+01
6.430000e-06	-3.730082e-06	-1.421626e-09	-2.594421e+01	-8.694216e+01
6.440000e-06	-3.764376e-06	-1.424614e-09	-2.618275e+01	-8.732142e+01
6.450000e-06	-3.798429e-06	-1.427070e-09	-2.641960e+01	-8.768859e+01
6.460000e-06	-3.832281e-06	-1.430709e-09	-2.665505e+01	-8.804384e+01
6.470000e-06	-3.865774e-06	-1.432162e-09	-2.688801e+01	-8.838736e+01
6.480000e-06	-3.898993e-06	-1.432242e-09	-2.711906e+01	-8.871930e+01
6.490000e-06	-3.932034e-06	-1.436700e-09	-2.734887e+01	-8.903983e+01
6.500000e-06	-3.964774e-06	-1.445944e-09	-2.757659e+01	-8.934909e+01
6.510000e-06	-3.997274e-06	-1.454515e-09	-2.780265e+01	-8.964725e+01
6.520000e-06	-4.029544e-06	-1.461450e-09	-2.802710e+01	-8.993448e+01
6.530000e-06	-4.061640e-06	-1.470611e-09	-2.825034e+01	-9.021093e+01
6.540000e-06	-4.093512e-06	-1.475773e-09	-2.847202e+01	-9.047679e+01
6.550000e-06	-4.125055e-06	-1.475804e-09	-2.869141e+01	-9.073225e+01
6.560000e-06	-4.156279e-06	-1.477248e-09	-2.890859e+01	-9.097751e+01
6.570000e-06	-4.187117e-06	-1.480543e-09	-2.912308e+01	-9.121279e+01
6.580000e-06	-4.217522e-06	-1.483583e-09	-2.933456e+01	-9.143832e+01
6.590000e-06	-4.247384e-06	-1.485955e-09	-2.954226e+01	-9.165435e+01
6.600000e-06	-4.276742e-06	-1.489381e-09	-2.974646e+01	-9.186113e+01
6.610000e-06	-4.305746e-06	-1.492842e-09	-2.994819e+01	-9.205895e+01
6.620000e-06	-4.334458e-06	-1.496258e-09	-3.014790e+01	-9.224810e+01
6.630000e-06	-4.362934e-06	-1.499888e-09	-3.034596e+01	-9.242888e+01
6.640000e-06	-4.391152e-06	-1.505978e-09	-3.054223e+01	-9.260161e+01
6.650000e-06	-4.419140e-06	-1.510591e-09	-3.073689e+01	-9.276662e+01
6.660000e-06	-4.446950e-06	-1.511176e-09	-3.093032e+01	-9.292425e+01
6.670000e-06	-4.474521e-06	-1.511262e-09	-3.112209e+01	-9.307484e+01
6.680000e-06	-4.501708e-06	-1.511225e-09	-3.131119e+01	-9.321874e+01
6.690000e-06	-4.528505e-06	-1.512330e-09	-3.149757e+01	-9.335630e+01
6.700000e-06	-4.554998e-06	-1.515598e-09	-3.168184e+01	-9.348789e+01
6.710000e-06	-4.581178e-06	-1.519451e-09	-3.186393e+01	-9.361383e+01
6.720000e-06	-4.607027e-06	-1.523937e-09	-3.204372e+01	-9.373449e+01
6.730000e-06	-4.632642e-06	-1.527983e-09	-3.222188e+01	-9.385020e+01
6.740000e-06	-4.657975e-06	-1.531849e-09	-3.239808e+01	-9.396129e+01
6.750000e-06	-4.682901e-06	-1.533763e-09	-3.257145e+01	-9.406807e+01
6.760000e-06	-4.707501e-06	-1.534031e-09	-3.274256e+01	-9.417085e+01
6.770000e-06	-4.731861e-06	-1.534059e-09	-3.291199e+01	-9.426990e+01
6.780000e-06	-4.756050e-06	-1.535527e-09	-3.308024e+01	-9.436550e+01
6.790000e-06	-4.780022e-06	-1.537804e-09	-3.324697e+01	-9.445789e+01
6.800000e-06	-4.803710e-06	-1.540354e-09	-3.341173e+01	-9.454729e+01
6.810000e-06	-4.827016e-06	-1.544017e-09	-3.357384e+01	-9.463391e+01
6.820000e-06	-4.849885e-06	-1.545989e-09	-3.373289e+01	-9.471792e+01
6.830000e-06	-4.872255e-06	-1.545748e-09	-3.388849e+01	-9.479947e+01
6.840000e-06	-4.893935e-06	-1.543412e-09	-3.403928e+01	-9.487869e+01
6.850000e-06	-4.915013e-06	-1.541249e-09	-3.418589e+01	-9.495569e+01
6.860000e-06	-4.935720e-06	-1.541435e-09	-3.432991e+01	-9.503053e+01
6.870000e-06	-4.956174e-06	-1.542778e-09	-3.447218e+01	-9.510327e+01
6.880000e-06	-4.976388e-06	-1.541803e-09	-3.461278e+01	-9.517395e+01
6.890000e-06	-4.996332e-06	-1.539149e-09	-3.475150e+01	-9.524256e+01
6.900000e-06	-5.016039e-06	-1.539213e-09	-3.488856e+01	-9.530910e+01
6.910000e-06	-5.035455e-06	-1.539918e-09	-3.502361e+01	-9.537353e+01
6.920000e-06	-5.054544e-06	-1.538101e-09	-3.515638e+01	-9.543579e+01
6.930000e-06	-5.073271e-06	-1.538511e-09	-3.528664e+01	-9.549584e+01
6.940000e-06	-5.091597e-06	-1.540610e-09	-3.541410e+01	-9.555357e+01
6.950000e-06	-5.109606e-06	-1.542027e-09	-3.553936e+01	-9.560892e+01
6.960000e-06	-5.127300e-06	-1.542148e-09	-3.566243e+01	-9.566177e+01
6.970000e-06	-5.144607e-06	-1.537959e-09	-3.578281e+01	-9.571203e+01
6.980000e-06	-5.161548e-06	-1.529945e-09	-3.590064e+01	-9.575958e+01
6.990000e-06	-5.178233e-06	-1.522271e-09	-3.601669e+01	-9.580433e+01
7.000000e-06	-5.194622e-06	-1.519222e-09	-3.613068e+01	-9.584616e+01
7.010000e-06	-5.210713e-06	-1.522589e-09	-3.624260e+01	-9.588498e+01
7.020000e-06	-5.226568e-06	-1.529958e-09	-3.635288e+01	-9.592069e+01
7.030000e-06	-5.241986e-06	-1.536695e-09	-3.646012e+01	-9.595321e+01
7.040000e-06	-5.256758e-06	-1.538371e-09	-3.656286e+01	-9.598246e+01
7.050000e-06	-5.271042e-06	-1.535237e-09	-3.666221e+01	-9.600839e+01
7.060000e-06	-5.284776e-06	-1.529576e-09	-3.675774e+01	-9.603096e+01
7.070000e-06	-5.297805e-06	-1.522003e-09	-3.684836e+01	-9.605013e+01
7.080000e-06	-5.310434e-06	-1.517906e-09	-3.693620e+01	-9.606589e+01
7.090000e-06	-5.322794e-06	-1.518420e-09	-3.702217e+01	-9.607825e+01
7.100000e-06	-5.334777e-06	-1.520258e-09	-3.710551e+01	-9.608725e+01
7.110000e-06	-5.346344e-06	-1.523477e-09	-3.718597e+01	-9.609292e+01
7.120000e-06	-5.357516e-06	-1.527680e-09	-3.726368e+01	-9.609534e+01
7.130000e-06	-5.368294e-06	-1.527994e-09	-3.733864e+01	-9.609458e+01
7.140000e-06	-5.378666e-06	-1.522989e-09	-3.741078e+01	-9.609077e+01
7.150000e-06	-5.388691e-06	-1.515960e-09	-3.748051e+01	-9.608401e+01
7.160000e-06	-5.398373e-06	-1.509062e-09	-3.754785e+01	-9.607445e+01
7.170000e-06	-5.407684e-06	-1.504955e-09	-3.761261e+01	-9.606224e+01
7.180000e-06	-5.416686e-06	-1.503300e-09	-3.767522e+01	-9.604756e+01
7.190000e-06	-5.425347e-06	-1.504141e-09	-3.773547e+01	-9.603058e+01
7.200000e-06	-5.433672e-06	-1.508079e-09	-3.779337e+01	-9.601150e+01
7.210000e-06	-5.441810e-06	-1.512296e-09	-3.784997e+01	-9.599051e+01
7.220000e-06	-5.449647e-06	-1.513798e-09	-3.790448e+01	-9.596782e+01
7.230000e-06	-5.456976e-06	-1.511826e-09	-3.795546e+01	-9.594364e+01
7.240000e-06	-5.463715e-06	-1.507985e-09	-3.800233e+01	-9.591818e+01
7.250000e-06	-5.469938e-06	-1.503995e-09	-3.804561e+01	-9.589164e+01
7.260000e-06	-5.475721e-06	-1.501181e-09	-3.808584e+01	-9.586421e+01
7.270000e-06	-5.480942e-06	-1.500704e-09	-3.812215e+01	-9.583610e+01
7.280000e-06	-5.485636e-06	-1.499081e-09	-3.815480e+01	-9.580749e+01
7.290000e-06	-5.490004e-06	-1.496475e-09	-3.818518e+01	-9.577854e+01
7.300000e-06	-5.494143e-06	-1.494913e-09	-3.821397e+01	-9.574942e+01
7.310000e-06	-5.497996e-06	-1.492152e-09	-3.824077e+01	-9.572026e+01
7.320000e-06	-5.501455e-06	-1.488134e-09	-3.826483e+01	-9.569118e+01
7.330000e-06	-5.504529e-06	-1.484188e-09	-3.828621e+01	-9.566228e+01
7.340000e-06	-5.507276e-06	-1.481946e-09	-3.830531e+01	-9.563364e+01
7.350000e-06	-5.509743e-06	-1.480390e-09	-3.832247e+01	-9.560532e+01
7.360000e-06	-5.511934e-06	-1.478528e-09	-3.833771e+01	-9.557733e+01
7.370000e-06	-5.513750e-06	-1.475666e-09	-3.835034e+01	-9.554969e+01
7.380000e-06	-5.515053e-06	-1.472959e-09	-3.835940e+01	-9.552237e+01
7.390000e-06	-5.515984e-06	-1.470826e-09	-3.836588e+01	-9.549533e+01
7.400000e-06	-5.516692e-06	-1.467967e-09	-3.837081e+01	-9.546850e+01
