# Temperatura_=_-12.17
# Concentracion g/m^3_=_1620.0
# C_Vs_to_Am_M_A/Vsm_=_65563218390.804596
# pendiente_HvsI_1/m_=_3716.3
# ordenada_HvsI_A/m_=_1297.0
# frecuencia_Hz_=_135107.40476740024

Tiempo_(s)	Campo_(V.s)	Magnetizacion_(V.s)	Campo_(kA/m)	Magnetizacion_(A/m)
0.000000e+00	-5.509502e-06	-1.053788e-09	-3.836835e+01	-6.845865e+01
1.000000e-08	-5.509608e-06	-1.050673e-09	-3.836908e+01	-6.845206e+01
2.000000e-08	-5.509403e-06	-1.048966e-09	-3.836766e+01	-6.844669e+01
3.000000e-08	-5.508784e-06	-1.048867e-09	-3.836334e+01	-6.844234e+01
4.000000e-08	-5.507606e-06	-1.048517e-09	-3.835514e+01	-6.843880e+01
5.000000e-08	-5.505873e-06	-1.041473e-09	-3.834307e+01	-6.843582e+01
6.000000e-08	-5.503645e-06	-1.028430e-09	-3.832756e+01	-6.843318e+01
7.000000e-08	-5.500873e-06	-1.016006e-09	-3.830825e+01	-6.843061e+01
8.000000e-08	-5.497501e-06	-1.052351e-09	-3.828477e+01	-6.842785e+01
9.000000e-08	-5.493634e-06	-1.130017e-09	-3.825784e+01	-6.842466e+01
1.000000e-07	-5.489416e-06	-1.111231e-09	-3.822846e+01	-6.842077e+01
1.100000e-07	-5.484943e-06	-9.552885e-10	-3.819731e+01	-6.841591e+01
1.200000e-07	-5.480334e-06	-9.458257e-10	-3.816521e+01	-6.840983e+01
1.300000e-07	-5.475430e-06	-1.066232e-09	-3.813106e+01	-6.840229e+01
1.400000e-07	-5.469969e-06	-1.135911e-09	-3.809303e+01	-6.839304e+01
1.500000e-07	-5.464149e-06	-1.000548e-09	-3.805250e+01	-6.838186e+01
1.600000e-07	-5.458172e-06	-9.538808e-10	-3.801088e+01	-6.836852e+01
1.700000e-07	-5.451697e-06	-1.064113e-09	-3.796579e+01	-6.835283e+01
1.800000e-07	-5.444655e-06	-1.120809e-09	-3.791675e+01	-6.833462e+01
1.900000e-07	-5.437301e-06	-1.005331e-09	-3.786553e+01	-6.831371e+01
2.000000e-07	-5.429726e-06	-9.473370e-10	-3.781278e+01	-6.828996e+01
2.100000e-07	-5.421921e-06	-1.059716e-09	-3.775843e+01	-6.826326e+01
2.200000e-07	-5.413884e-06	-1.136543e-09	-3.770246e+01	-6.823351e+01
2.300000e-07	-5.405558e-06	-1.077582e-09	-3.764448e+01	-6.820063e+01
2.400000e-07	-5.396741e-06	-9.964491e-10	-3.758307e+01	-6.816460e+01
2.500000e-07	-5.387106e-06	-1.038252e-09	-3.751597e+01	-6.812537e+01
2.600000e-07	-5.376678e-06	-1.069839e-09	-3.744335e+01	-6.808295e+01
2.700000e-07	-5.365783e-06	-1.061957e-09	-3.736748e+01	-6.803739e+01
2.800000e-07	-5.354458e-06	-1.030247e-09	-3.728862e+01	-6.798872e+01
2.900000e-07	-5.342677e-06	-1.061282e-09	-3.720657e+01	-6.793703e+01
3.000000e-07	-5.330511e-06	-1.067323e-09	-3.712184e+01	-6.788242e+01
3.100000e-07	-5.317962e-06	-1.053631e-09	-3.703446e+01	-6.782502e+01
3.200000e-07	-5.304946e-06	-1.011772e-09	-3.694381e+01	-6.776495e+01
3.300000e-07	-5.291590e-06	-1.045059e-09	-3.685080e+01	-6.770240e+01
3.400000e-07	-5.278010e-06	-1.073891e-09	-3.675622e+01	-6.763753e+01
3.500000e-07	-5.264005e-06	-1.058601e-09	-3.665870e+01	-6.757054e+01
3.600000e-07	-5.249454e-06	-1.030460e-09	-3.655737e+01	-6.750164e+01
3.700000e-07	-5.234495e-06	-1.080295e-09	-3.645319e+01	-6.743104e+01
3.800000e-07	-5.218967e-06	-1.062286e-09	-3.634505e+01	-6.735896e+01
3.900000e-07	-5.202720e-06	-9.972766e-10	-3.623191e+01	-6.728564e+01
4.000000e-07	-5.186128e-06	-1.032703e-09	-3.611636e+01	-6.721131e+01
4.100000e-07	-5.169414e-06	-1.097303e-09	-3.599996e+01	-6.713620e+01
4.200000e-07	-5.152262e-06	-1.020140e-09	-3.588051e+01	-6.706054e+01
4.300000e-07	-5.134710e-06	-9.870348e-10	-3.575828e+01	-6.698456e+01
4.400000e-07	-5.117034e-06	-1.095299e-09	-3.563518e+01	-6.690848e+01
4.500000e-07	-5.098968e-06	-1.068342e-09	-3.550937e+01	-6.683252e+01
4.600000e-07	-5.080300e-06	-9.559779e-10	-3.537937e+01	-6.675686e+01
4.700000e-07	-5.061230e-06	-1.022387e-09	-3.524656e+01	-6.668170e+01
4.800000e-07	-5.041937e-06	-1.099728e-09	-3.511220e+01	-6.660721e+01
4.900000e-07	-5.022398e-06	-9.903469e-10	-3.497614e+01	-6.653354e+01
5.000000e-07	-5.002648e-06	-9.901158e-10	-3.483860e+01	-6.646084e+01
5.100000e-07	-4.982665e-06	-1.087140e-09	-3.469943e+01	-6.638922e+01
5.200000e-07	-4.962306e-06	-1.024582e-09	-3.455765e+01	-6.631878e+01
5.300000e-07	-4.941578e-06	-9.597188e-10	-3.441330e+01	-6.624961e+01
5.400000e-07	-4.920579e-06	-1.067505e-09	-3.426706e+01	-6.618175e+01
5.500000e-07	-4.899196e-06	-1.051894e-09	-3.411816e+01	-6.611525e+01
5.600000e-07	-4.877412e-06	-9.532771e-10	-3.396645e+01	-6.605012e+01
5.700000e-07	-4.855361e-06	-1.017929e-09	-3.381289e+01	-6.598635e+01
5.800000e-07	-4.832968e-06	-1.080056e-09	-3.365694e+01	-6.592394e+01
5.900000e-07	-4.810195e-06	-9.827937e-10	-3.349835e+01	-6.586282e+01
6.000000e-07	-4.787103e-06	-9.852350e-10	-3.333754e+01	-6.580294e+01
6.100000e-07	-4.763752e-06	-1.053235e-09	-3.317492e+01	-6.574423e+01
6.200000e-07	-4.740185e-06	-1.002681e-09	-3.301079e+01	-6.568659e+01
6.300000e-07	-4.716446e-06	-9.658585e-10	-3.284548e+01	-6.562990e+01
6.400000e-07	-4.692464e-06	-1.031021e-09	-3.267847e+01	-6.557407e+01
6.500000e-07	-4.668069e-06	-1.014441e-09	-3.250858e+01	-6.551894e+01
6.600000e-07	-4.643102e-06	-9.726438e-10	-3.233471e+01	-6.546440e+01
6.700000e-07	-4.617519e-06	-1.015548e-09	-3.215655e+01	-6.541029e+01
6.800000e-07	-4.591371e-06	-1.028363e-09	-3.197445e+01	-6.535647e+01
6.900000e-07	-4.564698e-06	-9.831394e-10	-3.178870e+01	-6.530279e+01
7.000000e-07	-4.537649e-06	-9.966027e-10	-3.160033e+01	-6.524910e+01
7.100000e-07	-4.510317e-06	-1.018324e-09	-3.140999e+01	-6.519526e+01
7.200000e-07	-4.482730e-06	-9.882017e-10	-3.121787e+01	-6.514111e+01
7.300000e-07	-4.454956e-06	-9.843769e-10	-3.102445e+01	-6.508653e+01
7.400000e-07	-4.427045e-06	-1.004842e-09	-3.083008e+01	-6.503138e+01
7.500000e-07	-4.398909e-06	-9.896581e-10	-3.063414e+01	-6.497554e+01
7.600000e-07	-4.370477e-06	-9.771382e-10	-3.043614e+01	-6.491890e+01
7.700000e-07	-4.341815e-06	-9.957125e-10	-3.023654e+01	-6.486136e+01
7.800000e-07	-4.312845e-06	-9.893542e-10	-3.003479e+01	-6.480284e+01
7.900000e-07	-4.283446e-06	-9.762943e-10	-2.983005e+01	-6.474325e+01
8.000000e-07	-4.253756e-06	-9.819701e-10	-2.962329e+01	-6.468255e+01
8.100000e-07	-4.223832e-06	-9.774257e-10	-2.941490e+01	-6.462069e+01
8.200000e-07	-4.193647e-06	-9.541406e-10	-2.920469e+01	-6.455763e+01
8.300000e-07	-4.163183e-06	-9.611461e-10	-2.899254e+01	-6.449336e+01
8.400000e-07	-4.132310e-06	-9.706690e-10	-2.877754e+01	-6.442787e+01
8.500000e-07	-4.101058e-06	-9.631165e-10	-2.855990e+01	-6.436117e+01
8.600000e-07	-4.069597e-06	-9.618452e-10	-2.834080e+01	-6.429329e+01
8.700000e-07	-4.038064e-06	-9.726554e-10	-2.812120e+01	-6.422425e+01
8.800000e-07	-4.006432e-06	-9.591449e-10	-2.790091e+01	-6.415411e+01
8.900000e-07	-3.974629e-06	-9.485916e-10	-2.767944e+01	-6.408291e+01
9.000000e-07	-3.942574e-06	-9.535951e-10	-2.745621e+01	-6.401072e+01
9.100000e-07	-3.910204e-06	-9.502524e-10	-2.723078e+01	-6.393758e+01
9.200000e-07	-3.877454e-06	-9.397923e-10	-2.700271e+01	-6.386358e+01
9.300000e-07	-3.844271e-06	-9.526995e-10	-2.677162e+01	-6.378879e+01
9.400000e-07	-3.810569e-06	-9.606143e-10	-2.653692e+01	-6.371327e+01
9.500000e-07	-3.776281e-06	-9.516807e-10	-2.629814e+01	-6.363708e+01
9.600000e-07	-3.741509e-06	-9.511802e-10	-2.605599e+01	-6.356030e+01
9.700000e-07	-3.706453e-06	-9.582282e-10	-2.581186e+01	-6.348299e+01
9.800000e-07	-3.671231e-06	-9.469757e-10	-2.556656e+01	-6.340517e+01
9.900000e-07	-3.635773e-06	-9.361103e-10	-2.531964e+01	-6.332691e+01
1.000000e-06	-3.600144e-06	-9.398000e-10	-2.507151e+01	-6.324822e+01
1.010000e-06	-3.564426e-06	-9.384412e-10	-2.482278e+01	-6.316913e+01
1.020000e-06	-3.528598e-06	-9.357342e-10	-2.457327e+01	-6.308962e+01
1.030000e-06	-3.492593e-06	-9.460822e-10	-2.432253e+01	-6.300969e+01
1.040000e-06	-3.456336e-06	-9.535973e-10	-2.407003e+01	-6.292930e+01
1.050000e-06	-3.419862e-06	-9.431509e-10	-2.381603e+01	-6.284840e+01
1.060000e-06	-3.383152e-06	-9.370483e-10	-2.356038e+01	-6.276691e+01
1.070000e-06	-3.346153e-06	-9.354812e-10	-2.330272e+01	-6.268476e+01
1.080000e-06	-3.308791e-06	-9.256203e-10	-2.304253e+01	-6.260184e+01
1.090000e-06	-3.271173e-06	-9.177787e-10	-2.278055e+01	-6.251801e+01
1.100000e-06	-3.233407e-06	-9.235516e-10	-2.251755e+01	-6.243313e+01
1.110000e-06	-3.195453e-06	-9.234289e-10	-2.225323e+01	-6.234703e+01
1.120000e-06	-3.157323e-06	-9.194903e-10	-2.198769e+01	-6.225953e+01
1.130000e-06	-3.118874e-06	-9.206086e-10	-2.171994e+01	-6.217044e+01
1.140000e-06	-3.080159e-06	-9.222950e-10	-2.145033e+01	-6.207953e+01
1.150000e-06	-3.041242e-06	-9.141444e-10	-2.117931e+01	-6.198657e+01
1.160000e-06	-3.002076e-06	-9.091507e-10	-2.090655e+01	-6.189131e+01
1.170000e-06	-2.962717e-06	-9.062437e-10	-2.063246e+01	-6.179351e+01
1.180000e-06	-2.923246e-06	-9.029194e-10	-2.035758e+01	-6.169289e+01
1.190000e-06	-2.883667e-06	-9.029254e-10	-2.008195e+01	-6.158917e+01
1.200000e-06	-2.843982e-06	-9.072443e-10	-1.980558e+01	-6.148208e+01
1.210000e-06	-2.804231e-06	-9.061019e-10	-1.952875e+01	-6.137132e+01
1.220000e-06	-2.764362e-06	-9.040477e-10	-1.925110e+01	-6.125661e+01
1.230000e-06	-2.724337e-06	-9.042360e-10	-1.897237e+01	-6.113765e+01
1.240000e-06	-2.684168e-06	-8.997735e-10	-1.869263e+01	-6.101414e+01
1.250000e-06	-2.643749e-06	-8.906885e-10	-1.841115e+01	-6.088581e+01
1.260000e-06	-2.603043e-06	-8.867637e-10	-1.812767e+01	-6.075236e+01
1.270000e-06	-2.562124e-06	-8.869867e-10	-1.784271e+01	-6.061351e+01
1.280000e-06	-2.520895e-06	-8.849551e-10	-1.755559e+01	-6.046899e+01
1.290000e-06	-2.479210e-06	-8.818838e-10	-1.726530e+01	-6.031852e+01
1.300000e-06	-2.437208e-06	-8.810841e-10	-1.697279e+01	-6.016184e+01
1.310000e-06	-2.395071e-06	-8.778993e-10	-1.667935e+01	-5.999871e+01
1.320000e-06	-2.352612e-06	-8.712747e-10	-1.638366e+01	-5.982888e+01
1.330000e-06	-2.309793e-06	-8.652387e-10	-1.608547e+01	-5.965211e+01
1.340000e-06	-2.266741e-06	-8.599384e-10	-1.578565e+01	-5.946818e+01
1.350000e-06	-2.223492e-06	-8.570113e-10	-1.548447e+01	-5.927686e+01
1.360000e-06	-2.180118e-06	-8.556347e-10	-1.518241e+01	-5.907795e+01
1.370000e-06	-2.136634e-06	-8.557049e-10	-1.487958e+01	-5.887124e+01
1.380000e-06	-2.093044e-06	-8.516016e-10	-1.457602e+01	-5.865652e+01
1.390000e-06	-2.049377e-06	-8.451950e-10	-1.427193e+01	-5.843360e+01
1.400000e-06	-2.005639e-06	-8.394043e-10	-1.396734e+01	-5.820228e+01
1.410000e-06	-1.961833e-06	-8.328405e-10	-1.366227e+01	-5.796236e+01
1.420000e-06	-1.917943e-06	-8.244745e-10	-1.335661e+01	-5.771363e+01
1.430000e-06	-1.873912e-06	-8.200291e-10	-1.304998e+01	-5.745590e+01
1.440000e-06	-1.829791e-06	-8.161914e-10	-1.274272e+01	-5.718893e+01
1.450000e-06	-1.785611e-06	-8.111732e-10	-1.243505e+01	-5.691250e+01
1.460000e-06	-1.741321e-06	-8.056766e-10	-1.212661e+01	-5.662637e+01
1.470000e-06	-1.696926e-06	-8.004673e-10	-1.181744e+01	-5.633028e+01
1.480000e-06	-1.652390e-06	-7.934583e-10	-1.150730e+01	-5.602394e+01
1.490000e-06	-1.607654e-06	-7.827997e-10	-1.119575e+01	-5.570705e+01
1.500000e-06	-1.562754e-06	-7.704117e-10	-1.088307e+01	-5.537928e+01
1.510000e-06	-1.517737e-06	-7.611938e-10	-1.056957e+01	-5.504027e+01
1.520000e-06	-1.472538e-06	-7.546182e-10	-1.025480e+01	-5.468964e+01
1.530000e-06	-1.427191e-06	-7.509458e-10	-9.939004e+00	-5.432696e+01
1.540000e-06	-1.381813e-06	-7.473925e-10	-9.622992e+00	-5.395178e+01
1.550000e-06	-1.336391e-06	-7.427320e-10	-9.306666e+00	-5.356359e+01
1.560000e-06	-1.290895e-06	-7.374953e-10	-8.989831e+00	-5.316188e+01
1.570000e-06	-1.245343e-06	-7.297464e-10	-8.672606e+00	-5.274608e+01
1.580000e-06	-1.199663e-06	-7.183999e-10	-8.354493e+00	-5.231556e+01
1.590000e-06	-1.153924e-06	-7.059605e-10	-8.035965e+00	-5.186969e+01
1.600000e-06	-1.108223e-06	-6.967260e-10	-7.717700e+00	-5.140778e+01
1.610000e-06	-1.062497e-06	-6.905986e-10	-7.399265e+00	-5.092911e+01
1.620000e-06	-1.016677e-06	-6.866377e-10	-7.080169e+00	-5.043291e+01
1.630000e-06	-9.706735e-07	-6.816629e-10	-6.759801e+00	-4.991839e+01
1.640000e-06	-9.245466e-07	-6.732756e-10	-6.438572e+00	-4.938472e+01
1.650000e-06	-8.784169e-07	-6.620128e-10	-6.117323e+00	-4.883105e+01
1.660000e-06	-8.322680e-07	-6.518629e-10	-5.795940e+00	-4.825649e+01
1.670000e-06	-7.860308e-07	-6.429928e-10	-5.473943e+00	-4.766015e+01
1.680000e-06	-7.396679e-07	-6.328917e-10	-5.151071e+00	-4.704111e+01
1.690000e-06	-6.932899e-07	-6.223094e-10	-4.828093e+00	-4.639843e+01
1.700000e-06	-6.469987e-07	-6.108875e-10	-4.505719e+00	-4.573118e+01
1.710000e-06	-6.007211e-07	-6.016413e-10	-4.183441e+00	-4.503842e+01
1.720000e-06	-5.543311e-07	-5.938526e-10	-3.860379e+00	-4.431924e+01
1.730000e-06	-5.078375e-07	-5.848268e-10	-3.536596e+00	-4.357270e+01
1.740000e-06	-4.612974e-07	-5.728186e-10	-3.212489e+00	-4.279791e+01
1.750000e-06	-4.146356e-07	-5.565981e-10	-2.887535e+00	-4.199401e+01
1.760000e-06	-3.679178e-07	-5.394303e-10	-2.562191e+00	-4.116015e+01
1.770000e-06	-3.212017e-07	-5.230583e-10	-2.236859e+00	-4.029555e+01
1.780000e-06	-2.744767e-07	-5.111321e-10	-1.911465e+00	-3.939947e+01
1.790000e-06	-2.277456e-07	-5.004950e-10	-1.586028e+00	-3.847121e+01
1.800000e-06	-1.809842e-07	-4.898879e-10	-1.260380e+00	-3.751015e+01
1.810000e-06	-1.341741e-07	-4.769831e-10	-9.343929e-01	-3.651575e+01
1.820000e-06	-8.739587e-08	-4.620690e-10	-6.086276e-01	-3.548753e+01
1.830000e-06	-4.072592e-08	-4.456654e-10	-2.836166e-01	-3.442511e+01
1.840000e-06	5.974800e-09	-4.297360e-10	4.160870e-02	-3.332819e+01
1.850000e-06	5.277255e-08	-4.160352e-10	3.675097e-01	-3.219659e+01
1.860000e-06	9.965611e-08	-4.019789e-10	6.940082e-01	-3.103020e+01
1.870000e-06	1.465257e-07	-3.864453e-10	1.020409e+00	-2.982905e+01
1.880000e-06	1.932905e-07	-3.695734e-10	1.346081e+00	-2.859326e+01
1.890000e-06	2.400853e-07	-3.497195e-10	1.671961e+00	-2.732309e+01
1.900000e-06	2.868503e-07	-3.276309e-10	1.997634e+00	-2.601890e+01
1.910000e-06	3.335113e-07	-3.050916e-10	2.322583e+00	-2.468119e+01
1.920000e-06	3.801820e-07	-2.832342e-10	2.647599e+00	-2.331058e+01
1.930000e-06	4.268792e-07	-2.628613e-10	2.972800e+00	-2.190780e+01
1.940000e-06	4.735009e-07	-2.451075e-10	3.297475e+00	-2.047372e+01
1.950000e-06	5.200416e-07	-2.283567e-10	3.621586e+00	-1.900934e+01
1.960000e-06	5.665063e-07	-2.098409e-10	3.945167e+00	-1.751578e+01
1.970000e-06	6.129391e-07	-1.889073e-10	4.268527e+00	-1.599426e+01
1.980000e-06	6.593261e-07	-1.663887e-10	4.591568e+00	-1.444616e+01
1.990000e-06	7.056428e-07	-1.412287e-10	4.914119e+00	-1.287293e+01
2.000000e-06	7.520050e-07	-1.133543e-10	5.236986e+00	-1.127616e+01
2.010000e-06	7.983377e-07	-8.861997e-11	5.559649e+00	-9.657537e+00
2.020000e-06	8.445474e-07	-6.800621e-11	5.881455e+00	-8.018832e+00
2.030000e-06	8.906462e-07	-4.928573e-11	6.202488e+00	-6.361922e+00
2.040000e-06	9.366724e-07	-3.151178e-11	6.523016e+00	-4.688761e+00
2.050000e-06	9.827260e-07	-1.131697e-11	6.843735e+00	-3.001377e+00
2.060000e-06	1.028764e-06	1.463911e-11	7.164347e+00	-1.301867e+00
2.070000e-06	1.074625e-06	4.356955e-11	7.483724e+00	4.076169e-01
2.080000e-06	1.120358e-06	7.224692e-11	7.802211e+00	2.124876e+00
2.090000e-06	1.166039e-06	9.875027e-11	8.120335e+00	3.847673e+00
2.100000e-06	1.211720e-06	1.221938e-10	8.438456e+00	5.573744e+00
2.110000e-06	1.257321e-06	1.432196e-10	8.756020e+00	7.300808e+00
2.120000e-06	1.302785e-06	1.646642e-10	9.072633e+00	9.026579e+00
2.130000e-06	1.348127e-06	1.851776e-10	9.388397e+00	1.074877e+01
2.140000e-06	1.393324e-06	2.052115e-10	9.703151e+00	1.246512e+01
2.150000e-06	1.438461e-06	2.291208e-10	1.001749e+01	1.417339e+01
2.160000e-06	1.483507e-06	2.570230e-10	1.033119e+01	1.587135e+01
2.170000e-06	1.528418e-06	2.843508e-10	1.064395e+01	1.755687e+01
2.180000e-06	1.573256e-06	3.092020e-10	1.095620e+01	1.922781e+01
2.190000e-06	1.617971e-06	3.300073e-10	1.126760e+01	2.088215e+01
2.200000e-06	1.662531e-06	3.475815e-10	1.157792e+01	2.251792e+01
2.210000e-06	1.706920e-06	3.655028e-10	1.188704e+01	2.413321e+01
2.220000e-06	1.751137e-06	3.867613e-10	1.219497e+01	2.572623e+01
2.230000e-06	1.795293e-06	4.089257e-10	1.250248e+01	2.729528e+01
2.240000e-06	1.839386e-06	4.307119e-10	1.280954e+01	2.883874e+01
2.250000e-06	1.883368e-06	4.523951e-10	1.311584e+01	3.035512e+01
2.260000e-06	1.927246e-06	4.722236e-10	1.342140e+01	3.184303e+01
2.270000e-06	1.971051e-06	4.895244e-10	1.372646e+01	3.330120e+01
2.280000e-06	2.014829e-06	5.056074e-10	1.403133e+01	3.472848e+01
2.290000e-06	2.058556e-06	5.216239e-10	1.433585e+01	3.612383e+01
2.300000e-06	2.102211e-06	5.372654e-10	1.463986e+01	3.748635e+01
2.310000e-06	2.145765e-06	5.544395e-10	1.494318e+01	3.881524e+01
2.320000e-06	2.189240e-06	5.729785e-10	1.524593e+01	4.010985e+01
2.330000e-06	2.232650e-06	5.922313e-10	1.554825e+01	4.136963e+01
2.340000e-06	2.275875e-06	6.129935e-10	1.584927e+01	4.259417e+01
2.350000e-06	2.318783e-06	6.319877e-10	1.614807e+01	4.378317e+01
2.360000e-06	2.361424e-06	6.486235e-10	1.644503e+01	4.493643e+01
2.370000e-06	2.403920e-06	6.616210e-10	1.674097e+01	4.605389e+01
2.380000e-06	2.446065e-06	6.732076e-10	1.703447e+01	4.713558e+01
2.390000e-06	2.487761e-06	6.873519e-10	1.732485e+01	4.818164e+01
2.400000e-06	2.529128e-06	7.038061e-10	1.761293e+01	4.919231e+01
2.410000e-06	2.570126e-06	7.212158e-10	1.789843e+01	5.016790e+01
2.420000e-06	2.610820e-06	7.353292e-10	1.818183e+01	5.110883e+01
2.430000e-06	2.651355e-06	7.474832e-10	1.846412e+01	5.201561e+01
2.440000e-06	2.691707e-06	7.573443e-10	1.874513e+01	5.288878e+01
2.450000e-06	2.731894e-06	7.651759e-10	1.902499e+01	5.372899e+01
2.460000e-06	2.771918e-06	7.745322e-10	1.930372e+01	5.453691e+01
2.470000e-06	2.811743e-06	7.842536e-10	1.958106e+01	5.531331e+01
2.480000e-06	2.851430e-06	7.935302e-10	1.985745e+01	5.605895e+01
2.490000e-06	2.891042e-06	8.035584e-10	2.013331e+01	5.677467e+01
2.500000e-06	2.930554e-06	8.151857e-10	2.040847e+01	5.746132e+01
2.510000e-06	2.969940e-06	8.269970e-10	2.068276e+01	5.811977e+01
2.520000e-06	3.009149e-06	8.348231e-10	2.095581e+01	5.875094e+01
2.530000e-06	3.048109e-06	8.401504e-10	2.122713e+01	5.935572e+01
2.540000e-06	3.086851e-06	8.449238e-10	2.149692e+01	5.993502e+01
2.550000e-06	3.125362e-06	8.502155e-10	2.176512e+01	6.048977e+01
2.560000e-06	3.163670e-06	8.565875e-10	2.203190e+01	6.102086e+01
2.570000e-06	3.201758e-06	8.662763e-10	2.229715e+01	6.152920e+01
2.580000e-06	3.239586e-06	8.764193e-10	2.256058e+01	6.201566e+01
2.590000e-06	3.277204e-06	8.849272e-10	2.282255e+01	6.248111e+01
2.600000e-06	3.314619e-06	8.920794e-10	2.308311e+01	6.292639e+01
2.610000e-06	3.351772e-06	8.980116e-10	2.334184e+01	6.335232e+01
2.620000e-06	3.388592e-06	9.042119e-10	2.359826e+01	6.375967e+01
2.630000e-06	3.425154e-06	9.110512e-10	2.385288e+01	6.414922e+01
2.640000e-06	3.461549e-06	9.174997e-10	2.410634e+01	6.452167e+01
2.650000e-06	3.497742e-06	9.230096e-10	2.435838e+01	6.487773e+01
2.660000e-06	3.533732e-06	9.285350e-10	2.460902e+01	6.521806e+01
2.670000e-06	3.569579e-06	9.345343e-10	2.485866e+01	6.554328e+01
2.680000e-06	3.605324e-06	9.398817e-10	2.510759e+01	6.585398e+01
2.690000e-06	3.640958e-06	9.437943e-10	2.535575e+01	6.615072e+01
2.700000e-06	3.676428e-06	9.481475e-10	2.560276e+01	6.643402e+01
2.710000e-06	3.711648e-06	9.547831e-10	2.584803e+01	6.670439e+01
2.720000e-06	3.746589e-06	9.620661e-10	2.609136e+01	6.696227e+01
2.730000e-06	3.781195e-06	9.675286e-10	2.633236e+01	6.720811e+01
2.740000e-06	3.815441e-06	9.726404e-10	2.657085e+01	6.744232e+01
2.750000e-06	3.849234e-06	9.744194e-10	2.680618e+01	6.766527e+01
2.760000e-06	3.882453e-06	9.738207e-10	2.703752e+01	6.787734e+01
2.770000e-06	3.915189e-06	9.741454e-10	2.726550e+01	6.807885e+01
2.780000e-06	3.947541e-06	9.772400e-10	2.749080e+01	6.827013e+01
2.790000e-06	3.979627e-06	9.833630e-10	2.771425e+01	6.845149e+01
2.800000e-06	4.011505e-06	9.906985e-10	2.793625e+01	6.862321e+01
2.810000e-06	4.043200e-06	9.954346e-10	2.815697e+01	6.878557e+01
2.820000e-06	4.074770e-06	9.980133e-10	2.837683e+01	6.893885e+01
2.830000e-06	4.106231e-06	1.001256e-09	2.859592e+01	6.908330e+01
2.840000e-06	4.137415e-06	1.003278e-09	2.881309e+01	6.921917e+01
2.850000e-06	4.168204e-06	1.001417e-09	2.902750e+01	6.934671e+01
2.860000e-06	4.198633e-06	9.998164e-10	2.923941e+01	6.946618e+01
2.870000e-06	4.228738e-06	1.003368e-09	2.944906e+01	6.957780e+01
2.880000e-06	4.258627e-06	1.009391e-09	2.965721e+01	6.968184e+01
2.890000e-06	4.288275e-06	1.013540e-09	2.986368e+01	6.977851e+01
2.900000e-06	4.317681e-06	1.013037e-09	3.006846e+01	6.986808e+01
2.910000e-06	4.346722e-06	1.012406e-09	3.027071e+01	6.995078e+01
2.920000e-06	4.375307e-06	1.014030e-09	3.046978e+01	7.002686e+01
2.930000e-06	4.403594e-06	1.016290e-09	3.066677e+01	7.009657e+01
2.940000e-06	4.431648e-06	1.017538e-09	3.086214e+01	7.016014e+01
2.950000e-06	4.459574e-06	1.017504e-09	3.105661e+01	7.021783e+01
2.960000e-06	4.487347e-06	1.018008e-09	3.125002e+01	7.026989e+01
2.970000e-06	4.514878e-06	1.018435e-09	3.144175e+01	7.031657e+01
2.980000e-06	4.542233e-06	1.019074e-09	3.163225e+01	7.035810e+01
2.990000e-06	4.569251e-06	1.020159e-09	3.182041e+01	7.039475e+01
3.000000e-06	4.595779e-06	1.022616e-09	3.200515e+01	7.042674e+01
3.010000e-06	4.621811e-06	1.025212e-09	3.218644e+01	7.045432e+01
3.020000e-06	4.647244e-06	1.024670e-09	3.236355e+01	7.047772e+01
3.030000e-06	4.672101e-06	1.023686e-09	3.253666e+01	7.049716e+01
3.040000e-06	4.696558e-06	1.023674e-09	3.270698e+01	7.051288e+01
3.050000e-06	4.720657e-06	1.025305e-09	3.287480e+01	7.052508e+01
3.060000e-06	4.744463e-06	1.027711e-09	3.304059e+01	7.053396e+01
3.070000e-06	4.768016e-06	1.029276e-09	3.320462e+01	7.053973e+01
3.080000e-06	4.791283e-06	1.030391e-09	3.336664e+01	7.054256e+01
3.090000e-06	4.814293e-06	1.030357e-09	3.352689e+01	7.054263e+01
3.100000e-06	4.836895e-06	1.030611e-09	3.368429e+01	7.054011e+01
3.110000e-06	4.859055e-06	1.030617e-09	3.383861e+01	7.053513e+01
3.120000e-06	4.880936e-06	1.032388e-09	3.399099e+01	7.052784e+01
3.130000e-06	4.902579e-06	1.037583e-09	3.414172e+01	7.051836e+01
3.140000e-06	4.923954e-06	1.042524e-09	3.429057e+01	7.050681e+01
3.150000e-06	4.944941e-06	1.045625e-09	3.443672e+01	7.049329e+01
3.160000e-06	4.965513e-06	1.046062e-09	3.457999e+01	7.047788e+01
3.170000e-06	4.985766e-06	1.044347e-09	3.472103e+01	7.046066e+01
3.180000e-06	5.005786e-06	1.041848e-09	3.486045e+01	7.044170e+01
3.190000e-06	5.025602e-06	1.040437e-09	3.499845e+01	7.042106e+01
3.200000e-06	5.045207e-06	1.042263e-09	3.513498e+01	7.039878e+01
3.210000e-06	5.064571e-06	1.046112e-09	3.526983e+01	7.037491e+01
3.220000e-06	5.083575e-06	1.049207e-09	3.540218e+01	7.034948e+01
3.230000e-06	5.102181e-06	1.049157e-09	3.553175e+01	7.032252e+01
3.240000e-06	5.120365e-06	1.046803e-09	3.565839e+01	7.029405e+01
3.250000e-06	5.138134e-06	1.045563e-09	3.578213e+01	7.026410e+01
3.260000e-06	5.155450e-06	1.045849e-09	3.590271e+01	7.023268e+01
3.270000e-06	5.172327e-06	1.046243e-09	3.602025e+01	7.019983e+01
3.280000e-06	5.188955e-06	1.047598e-09	3.613604e+01	7.016555e+01
3.290000e-06	5.205362e-06	1.050008e-09	3.625031e+01	7.012988e+01
3.300000e-06	5.221466e-06	1.052878e-09	3.636246e+01	7.009285e+01
3.310000e-06	5.237151e-06	1.053854e-09	3.647168e+01	7.005449e+01
3.320000e-06	5.252327e-06	1.051178e-09	3.657737e+01	7.001484e+01
3.330000e-06	5.266942e-06	1.049526e-09	3.667915e+01	6.997396e+01
3.340000e-06	5.281062e-06	1.049266e-09	3.677748e+01	6.993190e+01
3.350000e-06	5.294836e-06	1.048410e-09	3.687341e+01	6.988873e+01
3.360000e-06	5.308248e-06	1.049149e-09	3.696680e+01	6.984453e+01
3.370000e-06	5.321281e-06	1.051467e-09	3.705757e+01	6.979937e+01
3.380000e-06	5.333881e-06	1.050231e-09	3.714532e+01	6.975337e+01
3.390000e-06	5.346113e-06	1.046639e-09	3.723050e+01	6.970663e+01
3.400000e-06	5.358036e-06	1.047063e-09	3.731353e+01	6.965926e+01
3.410000e-06	5.369606e-06	1.049795e-09	3.739411e+01	6.961139e+01
3.420000e-06	5.380776e-06	1.052475e-09	3.747189e+01	6.956316e+01
3.430000e-06	5.391435e-06	1.056347e-09	3.754612e+01	6.951472e+01
3.440000e-06	5.401528e-06	1.059258e-09	3.761641e+01	6.946622e+01
3.450000e-06	5.411090e-06	1.059213e-09	3.768300e+01	6.941781e+01
3.460000e-06	5.420016e-06	1.058537e-09	3.774516e+01	6.936966e+01
3.470000e-06	5.428322e-06	1.059644e-09	3.780301e+01	6.932194e+01
3.480000e-06	5.436320e-06	1.061229e-09	3.785871e+01	6.927482e+01
3.490000e-06	5.444064e-06	1.060908e-09	3.791263e+01	6.922847e+01
3.500000e-06	5.451506e-06	1.060762e-09	3.796446e+01	6.918306e+01
3.510000e-06	5.458670e-06	1.061702e-09	3.801435e+01	6.913875e+01
3.520000e-06	5.465456e-06	1.063689e-09	3.806161e+01	6.909571e+01
3.530000e-06	5.471818e-06	1.066255e-09	3.810591e+01	6.905409e+01
3.540000e-06	5.477890e-06	1.066798e-09	3.814820e+01	6.901403e+01
3.550000e-06	5.483654e-06	1.064176e-09	3.818834e+01	6.897568e+01
3.560000e-06	5.488927e-06	1.059861e-09	3.822506e+01	6.893915e+01
3.570000e-06	5.493714e-06	1.056571e-09	3.825840e+01	6.890455e+01
3.580000e-06	5.498122e-06	1.055595e-09	3.828909e+01	6.887199e+01
3.590000e-06	5.502274e-06	1.057407e-09	3.831801e+01	6.884152e+01
3.600000e-06	5.506193e-06	1.061342e-09	3.834530e+01	6.881323e+01
3.610000e-06	5.509828e-06	1.066340e-09	3.837062e+01	6.878713e+01
3.620000e-06	5.513231e-06	1.067152e-09	3.839431e+01	6.876326e+01
3.630000e-06	5.516232e-06	1.064399e-09	3.841521e+01	6.874160e+01
3.640000e-06	5.518609e-06	1.060906e-09	3.843176e+01	6.872214e+01
3.650000e-06	5.520434e-06	1.057605e-09	3.844448e+01	6.870483e+01
3.660000e-06	5.521706e-06	1.055729e-09	3.845333e+01	6.868959e+01
3.670000e-06	5.522403e-06	1.056934e-09	3.845819e+01	6.867635e+01
3.680000e-06	5.522663e-06	1.060006e-09	3.846000e+01	6.866498e+01
3.690000e-06	5.522615e-06	1.062230e-09	3.845967e+01	6.865535e+01
3.700000e-06	5.522365e-06	1.063198e-09	3.845793e+01	6.864732e+01
3.710000e-06	5.521882e-06	1.060811e-09	3.845456e+01	6.864070e+01
3.720000e-06	5.521057e-06	1.056562e-09	3.844882e+01	6.863531e+01
3.730000e-06	5.519813e-06	1.052284e-09	3.844015e+01	6.863095e+01
3.740000e-06	5.518140e-06	1.051107e-09	3.842850e+01	6.862738e+01
3.750000e-06	5.516166e-06	1.061381e-09	3.841475e+01	6.862439e+01
3.760000e-06	5.513926e-06	1.082894e-09	3.839915e+01	6.862172e+01
3.770000e-06	5.511304e-06	1.078442e-09	3.838090e+01	6.861913e+01
3.780000e-06	5.508250e-06	9.877726e-10	3.835963e+01	6.861636e+01
3.790000e-06	5.504658e-06	9.333152e-10	3.833461e+01	6.861315e+01
3.800000e-06	5.500556e-06	1.083636e-09	3.830605e+01	6.860923e+01
3.810000e-06	5.496261e-06	1.181213e-09	3.827613e+01	6.860436e+01
3.820000e-06	5.491928e-06	1.095981e-09	3.824596e+01	6.859826e+01
3.830000e-06	5.487277e-06	9.761841e-10	3.821357e+01	6.859070e+01
3.840000e-06	5.481878e-06	1.045151e-09	3.817597e+01	6.858143e+01
3.850000e-06	5.475912e-06	1.179731e-09	3.813442e+01	6.857022e+01
3.860000e-06	5.469892e-06	1.081294e-09	3.809250e+01	6.855687e+01
3.870000e-06	5.463618e-06	9.417556e-10	3.804880e+01	6.854116e+01
3.880000e-06	5.456492e-06	1.040110e-09	3.799918e+01	6.852293e+01
3.890000e-06	5.448685e-06	1.233605e-09	3.794481e+01	6.850200e+01
3.900000e-06	5.440677e-06	1.084216e-09	3.788904e+01	6.847823e+01
3.910000e-06	5.432389e-06	8.674108e-10	3.783133e+01	6.845151e+01
3.920000e-06	5.423575e-06	9.691394e-10	3.776995e+01	6.842174e+01
3.930000e-06	5.414419e-06	1.197768e-09	3.770618e+01	6.838885e+01
3.940000e-06	5.405208e-06	1.107104e-09	3.764204e+01	6.835279e+01
3.950000e-06	5.395628e-06	9.446339e-10	3.757532e+01	6.831354e+01
3.960000e-06	5.385359e-06	1.021355e-09	3.750381e+01	6.827111e+01
3.970000e-06	5.374756e-06	1.128684e-09	3.742997e+01	6.822552e+01
3.980000e-06	5.364032e-06	1.026017e-09	3.735529e+01	6.817684e+01
3.990000e-06	5.352833e-06	9.528023e-10	3.727729e+01	6.812513e+01
4.000000e-06	5.341008e-06	1.061757e-09	3.719495e+01	6.807050e+01
4.010000e-06	5.328903e-06	1.118049e-09	3.711065e+01	6.801307e+01
4.020000e-06	5.316467e-06	1.045627e-09	3.702404e+01	6.795299e+01
4.030000e-06	5.303338e-06	9.913267e-10	3.693261e+01	6.789041e+01
4.040000e-06	5.289736e-06	1.063995e-09	3.683789e+01	6.782553e+01
4.050000e-06	5.275933e-06	1.091158e-09	3.674176e+01	6.775852e+01
4.060000e-06	5.261560e-06	1.030843e-09	3.664167e+01	6.768959e+01
4.070000e-06	5.246293e-06	9.881828e-10	3.653535e+01	6.761897e+01
4.080000e-06	5.230562e-06	1.108682e-09	3.642580e+01	6.754688e+01
4.090000e-06	5.214641e-06	1.151288e-09	3.631493e+01	6.747354e+01
4.100000e-06	5.198327e-06	1.012671e-09	3.620131e+01	6.739919e+01
4.110000e-06	5.181657e-06	9.693682e-10	3.608522e+01	6.732406e+01
4.120000e-06	5.164803e-06	1.134151e-09	3.596785e+01	6.724838e+01
4.130000e-06	5.147581e-06	1.105539e-09	3.584791e+01	6.717238e+01
4.140000e-06	5.129839e-06	9.492845e-10	3.572436e+01	6.709628e+01
4.150000e-06	5.111777e-06	1.048536e-09	3.559857e+01	6.702030e+01
4.160000e-06	5.093409e-06	1.167731e-09	3.547066e+01	6.694462e+01
4.170000e-06	5.074648e-06	9.910377e-10	3.534001e+01	6.686944e+01
4.180000e-06	5.055651e-06	9.667063e-10	3.520771e+01	6.679493e+01
4.190000e-06	5.036352e-06	1.163797e-09	3.507331e+01	6.672124e+01
4.200000e-06	5.016630e-06	1.072967e-09	3.493597e+01	6.664852e+01
4.210000e-06	4.996619e-06	9.192338e-10	3.479661e+01	6.657688e+01
4.220000e-06	4.976433e-06	1.095563e-09	3.465603e+01	6.650643e+01
4.230000e-06	4.956042e-06	1.145481e-09	3.451403e+01	6.643723e+01
4.240000e-06	4.935381e-06	9.515077e-10	3.437015e+01	6.636935e+01
4.250000e-06	4.914392e-06	1.031224e-09	3.422398e+01	6.630283e+01
4.260000e-06	4.892893e-06	1.156579e-09	3.407426e+01	6.623768e+01
4.270000e-06	4.870656e-06	9.945127e-10	3.391940e+01	6.617390e+01
4.280000e-06	4.847734e-06	9.729293e-10	3.375977e+01	6.611146e+01
4.290000e-06	4.824354e-06	1.141947e-09	3.359695e+01	6.605033e+01
4.300000e-06	4.800599e-06	1.051717e-09	3.343152e+01	6.599043e+01
4.310000e-06	4.776566e-06	9.509245e-10	3.326415e+01	6.593170e+01
4.320000e-06	4.752384e-06	1.077802e-09	3.309575e+01	6.587403e+01
4.330000e-06	4.728027e-06	1.086740e-09	3.292613e+01	6.581733e+01
4.340000e-06	4.703367e-06	9.747572e-10	3.275440e+01	6.576147e+01
4.350000e-06	4.678326e-06	1.040280e-09	3.258001e+01	6.570633e+01
4.360000e-06	4.652946e-06	1.080413e-09	3.240326e+01	6.565177e+01
4.370000e-06	4.627198e-06	9.992060e-10	3.222395e+01	6.559764e+01
4.380000e-06	4.601071e-06	1.016379e-09	3.204200e+01	6.554380e+01
4.390000e-06	4.574735e-06	1.074000e-09	3.185860e+01	6.549010e+01
4.400000e-06	4.548152e-06	1.018791e-09	3.167347e+01	6.543639e+01
4.410000e-06	4.521178e-06	1.000270e-09	3.148562e+01	6.538253e+01
4.420000e-06	4.493866e-06	1.045804e-09	3.129542e+01	6.532836e+01
4.430000e-06	4.466241e-06	1.038306e-09	3.110304e+01	6.527376e+01
4.440000e-06	4.438329e-06	1.017006e-09	3.090866e+01	6.521859e+01
4.450000e-06	4.410243e-06	1.039169e-09	3.071307e+01	6.516273e+01
4.460000e-06	4.381987e-06	1.033090e-09	3.051629e+01	6.510607e+01
4.470000e-06	4.353537e-06	1.010003e-09	3.031817e+01	6.504851e+01
4.480000e-06	4.324881e-06	1.017278e-09	3.011861e+01	6.498997e+01
4.490000e-06	4.295865e-06	1.020006e-09	2.991654e+01	6.493037e+01
4.500000e-06	4.266308e-06	1.003531e-09	2.971071e+01	6.486965e+01
4.510000e-06	4.236175e-06	1.011120e-09	2.950086e+01	6.480776e+01
4.520000e-06	4.205554e-06	1.023462e-09	2.928761e+01	6.474468e+01
4.530000e-06	4.174486e-06	1.008365e-09	2.907125e+01	6.468039e+01
4.540000e-06	4.142990e-06	1.008308e-09	2.885191e+01	6.461488e+01
4.550000e-06	4.111158e-06	1.023307e-09	2.863023e+01	6.454817e+01
4.560000e-06	4.079112e-06	1.010382e-09	2.840707e+01	6.448026e+01
4.570000e-06	4.046925e-06	9.958082e-10	2.818291e+01	6.441121e+01
4.580000e-06	4.014574e-06	1.015644e-09	2.795762e+01	6.434105e+01
4.590000e-06	3.981992e-06	1.013905e-09	2.773072e+01	6.426983e+01
4.600000e-06	3.949126e-06	9.933812e-10	2.750184e+01	6.419761e+01
4.610000e-06	3.915950e-06	1.001109e-09	2.727080e+01	6.412446e+01
4.620000e-06	3.882493e-06	1.015298e-09	2.703780e+01	6.405044e+01
4.630000e-06	3.848777e-06	1.001348e-09	2.680300e+01	6.397563e+01
4.640000e-06	3.814854e-06	1.003371e-09	2.656676e+01	6.390009e+01
4.650000e-06	3.780712e-06	1.015142e-09	2.632899e+01	6.382388e+01
4.660000e-06	3.746291e-06	9.994484e-10	2.608929e+01	6.374708e+01
4.670000e-06	3.711662e-06	9.829062e-10	2.584813e+01	6.366975e+01
4.680000e-06	3.676850e-06	9.993591e-10	2.560570e+01	6.359191e+01
4.690000e-06	3.641740e-06	1.002616e-09	2.536119e+01	6.351363e+01
4.700000e-06	3.606243e-06	9.894604e-10	2.511399e+01	6.343493e+01
4.710000e-06	3.570449e-06	9.995733e-10	2.486472e+01	6.335581e+01
4.720000e-06	3.534499e-06	1.015222e-09	2.461436e+01	6.327628e+01
4.730000e-06	3.498441e-06	1.002872e-09	2.436325e+01	6.319633e+01
4.740000e-06	3.462229e-06	9.950613e-10	2.411107e+01	6.311592e+01
4.750000e-06	3.425866e-06	1.000419e-09	2.385784e+01	6.303500e+01
4.760000e-06	3.389423e-06	9.916621e-10	2.360405e+01	6.295350e+01
4.770000e-06	3.352906e-06	9.834960e-10	2.334974e+01	6.287133e+01
4.780000e-06	3.316131e-06	9.959520e-10	2.309364e+01	6.278838e+01
4.790000e-06	3.278959e-06	1.004167e-09	2.283477e+01	6.270453e+01
4.800000e-06	3.241473e-06	9.965857e-10	2.257372e+01	6.261963e+01
4.810000e-06	3.203532e-06	9.963530e-10	2.230950e+01	6.253351e+01
4.820000e-06	3.165014e-06	9.990784e-10	2.204126e+01	6.244600e+01
4.830000e-06	3.126113e-06	9.908666e-10	2.177035e+01	6.235688e+01
4.840000e-06	3.086919e-06	9.853288e-10	2.149740e+01	6.226595e+01
4.850000e-06	3.047423e-06	9.899482e-10	2.122235e+01	6.217297e+01
4.860000e-06	3.007693e-06	9.903174e-10	2.094567e+01	6.207770e+01
4.870000e-06	2.967753e-06	9.892269e-10	2.066753e+01	6.197988e+01
4.880000e-06	2.927648e-06	9.919001e-10	2.038824e+01	6.187923e+01
4.890000e-06	2.887471e-06	9.911146e-10	2.010844e+01	6.177550e+01
4.900000e-06	2.847174e-06	9.811373e-10	1.982781e+01	6.166839e+01
4.910000e-06	2.806729e-06	9.748135e-10	1.954615e+01	6.155761e+01
4.920000e-06	2.766130e-06	9.713273e-10	1.926341e+01	6.144288e+01
4.930000e-06	2.725395e-06	9.683974e-10	1.897974e+01	6.132390e+01
4.940000e-06	2.684509e-06	9.699998e-10	1.869501e+01	6.120037e+01
4.950000e-06	2.643421e-06	9.748093e-10	1.840886e+01	6.107202e+01
4.960000e-06	2.602124e-06	9.737500e-10	1.812128e+01	6.093855e+01
4.970000e-06	2.560627e-06	9.729200e-10	1.783229e+01	6.079968e+01
4.980000e-06	2.518918e-06	9.739104e-10	1.754182e+01	6.065514e+01
4.990000e-06	2.477098e-06	9.674394e-10	1.725059e+01	6.050465e+01
5.000000e-06	2.435155e-06	9.560168e-10	1.695849e+01	6.034796e+01
5.010000e-06	2.393022e-06	9.525057e-10	1.666508e+01	6.018480e+01
5.020000e-06	2.350776e-06	9.526875e-10	1.637088e+01	6.001495e+01
5.030000e-06	2.308400e-06	9.538553e-10	1.607577e+01	5.983816e+01
5.040000e-06	2.265772e-06	9.569441e-10	1.577891e+01	5.965421e+01
5.050000e-06	2.222983e-06	9.592788e-10	1.548092e+01	5.946288e+01
5.060000e-06	2.180077e-06	9.577320e-10	1.518213e+01	5.926394e+01
5.070000e-06	2.136902e-06	9.532229e-10	1.488145e+01	5.905721e+01
5.080000e-06	2.093489e-06	9.454681e-10	1.457912e+01	5.884247e+01
5.090000e-06	2.049934e-06	9.348497e-10	1.427580e+01	5.861954e+01
5.100000e-06	2.006210e-06	9.276726e-10	1.397131e+01	5.838820e+01
5.110000e-06	1.962354e-06	9.262226e-10	1.366590e+01	5.814826e+01
5.120000e-06	1.918451e-06	9.283033e-10	1.336015e+01	5.789951e+01
5.130000e-06	1.874505e-06	9.281714e-10	1.305411e+01	5.764175e+01
5.140000e-06	1.830507e-06	9.267974e-10	1.274771e+01	5.737477e+01
5.150000e-06	1.786385e-06	9.231178e-10	1.244044e+01	5.709832e+01
5.160000e-06	1.742206e-06	9.197279e-10	1.213278e+01	5.681217e+01
5.170000e-06	1.698033e-06	9.160568e-10	1.182516e+01	5.651606e+01
5.180000e-06	1.653835e-06	9.113545e-10	1.151736e+01	5.620970e+01
5.190000e-06	1.609596e-06	9.032495e-10	1.120928e+01	5.589279e+01
5.200000e-06	1.565271e-06	8.956258e-10	1.090059e+01	5.556500e+01
5.210000e-06	1.520833e-06	8.929606e-10	1.059113e+01	5.522597e+01
5.220000e-06	1.476312e-06	8.937537e-10	1.028108e+01	5.487532e+01
5.230000e-06	1.431692e-06	8.923695e-10	9.970347e+00	5.451262e+01
5.240000e-06	1.386925e-06	8.875018e-10	9.658589e+00	5.413742e+01
5.250000e-06	1.342081e-06	8.819845e-10	9.346297e+00	5.374922e+01
5.260000e-06	1.297249e-06	8.754818e-10	9.034081e+00	5.334749e+01
5.270000e-06	1.252342e-06	8.694469e-10	8.721349e+00	5.293166e+01
5.280000e-06	1.207280e-06	8.632303e-10	8.407537e+00	5.250112e+01
5.290000e-06	1.162060e-06	8.565917e-10	8.092623e+00	5.205524e+01
5.300000e-06	1.116722e-06	8.507807e-10	7.776889e+00	5.159331e+01
5.310000e-06	1.071381e-06	8.456967e-10	7.461130e+00	5.111461e+01
5.320000e-06	1.025937e-06	8.409338e-10	7.144659e+00	5.061839e+01
5.330000e-06	9.802889e-07	8.379102e-10	6.826762e+00	5.010385e+01
5.340000e-06	9.346557e-07	8.330935e-10	6.508972e+00	4.957016e+01
5.350000e-06	8.889981e-07	8.236355e-10	6.191011e+00	4.901647e+01
5.360000e-06	8.431245e-07	8.126074e-10	5.871546e+00	4.844190e+01
5.370000e-06	7.971306e-07	8.040069e-10	5.551243e+00	4.784554e+01
5.380000e-06	7.511587e-07	7.964640e-10	5.231093e+00	4.722647e+01
5.390000e-06	7.051792e-07	7.881521e-10	4.910890e+00	4.658377e+01
5.400000e-06	6.590615e-07	7.803065e-10	4.589725e+00	4.591651e+01
5.410000e-06	6.128448e-07	7.704675e-10	4.267870e+00	4.522373e+01
5.420000e-06	5.665548e-07	7.592187e-10	3.945506e+00	4.450452e+01
5.430000e-06	5.201129e-07	7.454150e-10	3.622083e+00	4.375796e+01
5.440000e-06	4.736377e-07	7.314032e-10	3.298428e+00	4.298316e+01
5.450000e-06	4.272333e-07	7.176052e-10	2.975266e+00	4.217924e+01
5.460000e-06	3.808179e-07	7.041745e-10	2.652027e+00	4.134536e+01
5.470000e-06	3.343367e-07	6.928317e-10	2.328331e+00	4.048074e+01
5.480000e-06	2.878208e-07	6.824135e-10	2.004393e+00	3.958464e+01
5.490000e-06	2.412348e-07	6.706495e-10	1.679966e+00	3.865636e+01
5.500000e-06	1.946868e-07	6.565739e-10	1.355805e+00	3.769528e+01
5.510000e-06	1.482897e-07	6.414045e-10	1.032694e+00	3.670086e+01
5.520000e-06	1.018687e-07	6.215647e-10	7.094170e-01	3.567262e+01
5.530000e-06	5.536223e-08	5.992545e-10	3.855443e-01	3.461018e+01
5.540000e-06	8.852175e-09	5.791142e-10	6.164683e-02	3.351325e+01
5.550000e-06	-3.758417e-08	5.611473e-10	-2.617373e-01	3.238162e+01
5.560000e-06	-8.397083e-08	5.440418e-10	-5.847755e-01	3.121521e+01
5.570000e-06	-1.303952e-07	5.281669e-10	-9.080764e-01	3.001404e+01
5.580000e-06	-1.768374e-07	5.096112e-10	-1.231501e+00	2.877823e+01
5.590000e-06	-2.232420e-07	4.887157e-10	-1.554664e+00	2.750804e+01
5.600000e-06	-2.695977e-07	4.659467e-10	-1.877487e+00	2.620384e+01
5.610000e-06	-3.160029e-07	4.415997e-10	-2.200654e+00	2.486611e+01
5.620000e-06	-3.624142e-07	4.138771e-10	-2.523864e+00	2.349547e+01
5.630000e-06	-4.087370e-07	3.872410e-10	-2.846457e+00	2.209267e+01
5.640000e-06	-4.550054e-07	3.646527e-10	-3.168672e+00	2.065858e+01
5.650000e-06	-5.012672e-07	3.402020e-10	-3.490840e+00	1.919418e+01
5.660000e-06	-5.474916e-07	3.155356e-10	-3.812748e+00	1.770059e+01
5.670000e-06	-5.936095e-07	2.923823e-10	-4.133915e+00	1.617906e+01
5.680000e-06	-6.396698e-07	2.695335e-10	-4.454680e+00	1.463094e+01
5.690000e-06	-6.856969e-07	2.427682e-10	-4.775215e+00	1.305769e+01
5.700000e-06	-7.317320e-07	2.106820e-10	-5.095804e+00	1.146090e+01
5.710000e-06	-7.777536e-07	1.750793e-10	-5.416300e+00	9.842256e+00
5.720000e-06	-8.237027e-07	1.415015e-10	-5.736292e+00	8.203532e+00
5.730000e-06	-8.696576e-07	1.128512e-10	-6.056323e+00	6.546602e+00
5.740000e-06	-9.155443e-07	8.700371e-11	-6.375879e+00	4.873421e+00
5.750000e-06	-9.612621e-07	6.329091e-11	-6.694259e+00	3.186018e+00
5.760000e-06	-1.006863e-06	4.196847e-11	-7.011824e+00	1.486489e+00
5.770000e-06	-1.052407e-06	1.640959e-11	-7.328994e+00	-2.230154e-01
5.780000e-06	-1.097863e-06	-1.510402e-11	-7.645551e+00	-1.940294e+00
5.790000e-06	-1.143148e-06	-4.791412e-11	-7.960921e+00	-3.663111e+00
5.800000e-06	-1.188301e-06	-8.211629e-11	-8.275367e+00	-5.389201e+00
5.810000e-06	-1.233380e-06	-1.153007e-10	-8.589300e+00	-7.116285e+00
5.820000e-06	-1.278334e-06	-1.425609e-10	-8.902359e+00	-8.842075e+00
5.830000e-06	-1.323150e-06	-1.665656e-10	-9.214460e+00	-1.056429e+01
5.840000e-06	-1.367846e-06	-1.907889e-10	-9.525726e+00	-1.228066e+01
5.850000e-06	-1.412397e-06	-2.178253e-10	-9.835980e+00	-1.398894e+01
5.860000e-06	-1.456880e-06	-2.478690e-10	-1.014576e+01	-1.568693e+01
5.870000e-06	-1.501349e-06	-2.790701e-10	-1.045544e+01	-1.737246e+01
5.880000e-06	-1.545739e-06	-3.108949e-10	-1.076457e+01	-1.904343e+01
5.890000e-06	-1.590075e-06	-3.421585e-10	-1.107334e+01	-2.069779e+01
5.900000e-06	-1.634401e-06	-3.700022e-10	-1.138202e+01	-2.233357e+01
5.910000e-06	-1.678679e-06	-3.964592e-10	-1.169037e+01	-2.394888e+01
5.920000e-06	-1.722900e-06	-4.233522e-10	-1.199833e+01	-2.554193e+01
5.930000e-06	-1.767030e-06	-4.481224e-10	-1.230565e+01	-2.711099e+01
5.940000e-06	-1.811071e-06	-4.719794e-10	-1.261235e+01	-2.865447e+01
5.950000e-06	-1.855086e-06	-4.960917e-10	-1.291888e+01	-3.017087e+01
5.960000e-06	-1.899062e-06	-5.201583e-10	-1.322513e+01	-3.165880e+01
5.970000e-06	-1.942948e-06	-5.453381e-10	-1.353075e+01	-3.311699e+01
5.980000e-06	-1.986684e-06	-5.718691e-10	-1.383533e+01	-3.454429e+01
5.990000e-06	-2.030206e-06	-5.984961e-10	-1.413842e+01	-3.593966e+01
6.000000e-06	-2.073604e-06	-6.247407e-10	-1.444064e+01	-3.730220e+01
6.010000e-06	-2.116854e-06	-6.485410e-10	-1.474184e+01	-3.863111e+01
6.020000e-06	-2.159921e-06	-6.700335e-10	-1.504176e+01	-3.992574e+01
6.030000e-06	-2.202834e-06	-6.874745e-10	-1.534061e+01	-4.118554e+01
6.040000e-06	-2.245537e-06	-7.038108e-10	-1.563799e+01	-4.241010e+01
6.050000e-06	-2.288100e-06	-7.196004e-10	-1.593440e+01	-4.359911e+01
6.060000e-06	-2.330548e-06	-7.357358e-10	-1.623001e+01	-4.475240e+01
6.070000e-06	-2.372813e-06	-7.549947e-10	-1.652435e+01	-4.586988e+01
6.080000e-06	-2.414879e-06	-7.740310e-10	-1.681729e+01	-4.695159e+01
6.090000e-06	-2.456793e-06	-7.939182e-10	-1.710918e+01	-4.799767e+01
6.100000e-06	-2.498576e-06	-8.133964e-10	-1.740016e+01	-4.900835e+01
6.110000e-06	-2.540113e-06	-8.296824e-10	-1.768943e+01	-4.998396e+01
6.120000e-06	-2.581412e-06	-8.425462e-10	-1.797703e+01	-5.092492e+01
6.130000e-06	-2.622568e-06	-8.540032e-10	-1.826365e+01	-5.183171e+01
6.140000e-06	-2.663526e-06	-8.695904e-10	-1.854888e+01	-5.270491e+01
6.150000e-06	-2.704285e-06	-8.873670e-10	-1.883273e+01	-5.354513e+01
6.160000e-06	-2.744852e-06	-9.058738e-10	-1.911524e+01	-5.435308e+01
6.170000e-06	-2.785222e-06	-9.212053e-10	-1.939638e+01	-5.512949e+01
6.180000e-06	-2.825490e-06	-9.300965e-10	-1.967680e+01	-5.587515e+01
6.190000e-06	-2.865719e-06	-9.365899e-10	-1.995696e+01	-5.659089e+01
6.200000e-06	-2.905896e-06	-9.459711e-10	-2.023675e+01	-5.727756e+01
6.210000e-06	-2.945962e-06	-9.575693e-10	-2.051577e+01	-5.793604e+01
6.220000e-06	-2.985857e-06	-9.714842e-10	-2.079360e+01	-5.856722e+01
6.230000e-06	-3.025597e-06	-9.861065e-10	-2.107035e+01	-5.917202e+01
6.240000e-06	-3.065082e-06	-9.969525e-10	-2.134533e+01	-5.975134e+01
6.250000e-06	-3.104190e-06	-1.005205e-09	-2.161768e+01	-6.030611e+01
6.260000e-06	-3.142933e-06	-1.010271e-09	-2.188748e+01	-6.083722e+01
6.270000e-06	-3.181270e-06	-1.012785e-09	-2.215446e+01	-6.134558e+01
6.280000e-06	-3.219249e-06	-1.017217e-09	-2.241895e+01	-6.183206e+01
6.290000e-06	-3.256780e-06	-1.026537e-09	-2.268032e+01	-6.229753e+01
6.300000e-06	-3.293822e-06	-1.038921e-09	-2.293828e+01	-6.274283e+01
6.310000e-06	-3.330586e-06	-1.050679e-09	-2.319430e+01	-6.316877e+01
6.320000e-06	-3.367150e-06	-1.058927e-09	-2.344894e+01	-6.357615e+01
6.330000e-06	-3.403527e-06	-1.064791e-09	-2.370227e+01	-6.396571e+01
6.340000e-06	-3.439783e-06	-1.069910e-09	-2.395475e+01	-6.433819e+01
6.350000e-06	-3.475945e-06	-1.073963e-09	-2.420659e+01	-6.469427e+01
6.360000e-06	-3.511996e-06	-1.076102e-09	-2.445765e+01	-6.503462e+01
6.370000e-06	-3.547849e-06	-1.077844e-09	-2.470733e+01	-6.535986e+01
6.380000e-06	-3.583509e-06	-1.081522e-09	-2.495567e+01	-6.567058e+01
6.390000e-06	-3.618943e-06	-1.089013e-09	-2.520243e+01	-6.596734e+01
6.400000e-06	-3.653998e-06	-1.097780e-09	-2.544656e+01	-6.625066e+01
6.410000e-06	-3.688753e-06	-1.104972e-09	-2.568859e+01	-6.652104e+01
6.420000e-06	-3.723284e-06	-1.110742e-09	-2.592907e+01	-6.677895e+01
6.430000e-06	-3.757594e-06	-1.112481e-09	-2.616801e+01	-6.702481e+01
6.440000e-06	-3.791715e-06	-1.110046e-09	-2.640562e+01	-6.725903e+01
6.450000e-06	-3.825560e-06	-1.107109e-09	-2.664132e+01	-6.748201e+01
6.460000e-06	-3.859093e-06	-1.106005e-09	-2.687484e+01	-6.769409e+01
6.470000e-06	-3.892298e-06	-1.106755e-09	-2.710609e+01	-6.789562e+01
6.480000e-06	-3.925168e-06	-1.109034e-09	-2.733499e+01	-6.808692e+01
6.490000e-06	-3.957739e-06	-1.114633e-09	-2.756182e+01	-6.826830e+01
6.500000e-06	-3.990147e-06	-1.121171e-09	-2.778751e+01	-6.844004e+01
6.510000e-06	-4.022483e-06	-1.127129e-09	-2.801270e+01	-6.860242e+01
6.520000e-06	-4.054636e-06	-1.131373e-09	-2.823661e+01	-6.875572e+01
6.530000e-06	-4.086555e-06	-1.131085e-09	-2.845890e+01	-6.890019e+01
6.540000e-06	-4.118178e-06	-1.126782e-09	-2.867912e+01	-6.903608e+01
6.550000e-06	-4.149409e-06	-1.124282e-09	-2.889662e+01	-6.916364e+01
6.560000e-06	-4.180292e-06	-1.125561e-09	-2.911169e+01	-6.928313e+01
6.570000e-06	-4.210667e-06	-1.126735e-09	-2.932321e+01	-6.939477e+01
6.580000e-06	-4.240449e-06	-1.128861e-09	-2.953062e+01	-6.949882e+01
6.590000e-06	-4.269760e-06	-1.133173e-09	-2.973474e+01	-6.959552e+01
6.600000e-06	-4.298633e-06	-1.137075e-09	-2.993581e+01	-6.968511e+01
6.610000e-06	-4.327225e-06	-1.139310e-09	-3.013493e+01	-6.976783e+01
6.620000e-06	-4.355626e-06	-1.141112e-09	-3.033272e+01	-6.984393e+01
6.630000e-06	-4.383852e-06	-1.142339e-09	-3.052928e+01	-6.991365e+01
6.640000e-06	-4.411911e-06	-1.141120e-09	-3.072468e+01	-6.997725e+01
6.650000e-06	-4.439736e-06	-1.140504e-09	-3.091846e+01	-7.003496e+01
6.660000e-06	-4.467266e-06	-1.143115e-09	-3.111018e+01	-7.008704e+01
6.670000e-06	-4.494420e-06	-1.144829e-09	-3.129928e+01	-7.013373e+01
6.680000e-06	-4.521154e-06	-1.143206e-09	-3.148546e+01	-7.017529e+01
6.690000e-06	-4.547619e-06	-1.143639e-09	-3.166976e+01	-7.021195e+01
6.700000e-06	-4.573839e-06	-1.146302e-09	-3.185236e+01	-7.024396e+01
6.710000e-06	-4.599808e-06	-1.145726e-09	-3.203320e+01	-7.027156e+01
6.720000e-06	-4.625450e-06	-1.144918e-09	-3.221178e+01	-7.029498e+01
6.730000e-06	-4.650660e-06	-1.145322e-09	-3.238734e+01	-7.031444e+01
6.740000e-06	-4.675517e-06	-1.145833e-09	-3.256044e+01	-7.033018e+01
6.750000e-06	-4.700073e-06	-1.146379e-09	-3.273145e+01	-7.034240e+01
6.760000e-06	-4.724404e-06	-1.145161e-09	-3.290090e+01	-7.035130e+01
6.770000e-06	-4.748540e-06	-1.143652e-09	-3.306898e+01	-7.035709e+01
6.780000e-06	-4.772480e-06	-1.144616e-09	-3.323570e+01	-7.035994e+01
6.790000e-06	-4.796193e-06	-1.146662e-09	-3.340084e+01	-7.036003e+01
6.800000e-06	-4.819500e-06	-1.148459e-09	-3.356315e+01	-7.035753e+01
6.810000e-06	-4.842322e-06	-1.148170e-09	-3.372208e+01	-7.035257e+01
6.820000e-06	-4.864539e-06	-1.145317e-09	-3.387680e+01	-7.034530e+01
6.830000e-06	-4.886125e-06	-1.141510e-09	-3.402712e+01	-7.033584e+01
6.840000e-06	-4.907207e-06	-1.137949e-09	-3.417394e+01	-7.032431e+01
6.850000e-06	-4.927854e-06	-1.136159e-09	-3.431773e+01	-7.031081e+01
6.860000e-06	-4.948241e-06	-1.132728e-09	-3.445970e+01	-7.029541e+01
6.870000e-06	-4.968480e-06	-1.126957e-09	-3.460065e+01	-7.027822e+01
6.880000e-06	-4.988555e-06	-1.123981e-09	-3.474046e+01	-7.025928e+01
6.890000e-06	-5.008392e-06	-1.124396e-09	-3.487860e+01	-7.023866e+01
6.900000e-06	-5.027869e-06	-1.124148e-09	-3.501424e+01	-7.021640e+01
6.910000e-06	-5.046912e-06	-1.122798e-09	-3.514685e+01	-7.019255e+01
6.920000e-06	-5.065605e-06	-1.122873e-09	-3.527703e+01	-7.016714e+01
6.930000e-06	-5.084021e-06	-1.123922e-09	-3.540528e+01	-7.014019e+01
6.940000e-06	-5.102139e-06	-1.124897e-09	-3.553145e+01	-7.011175e+01
6.950000e-06	-5.119820e-06	-1.124254e-09	-3.565459e+01	-7.008181e+01
6.960000e-06	-5.137048e-06	-1.119636e-09	-3.577456e+01	-7.005042e+01
6.970000e-06	-5.153919e-06	-1.113123e-09	-3.589205e+01	-7.001758e+01
6.980000e-06	-5.170456e-06	-1.109571e-09	-3.600721e+01	-6.998332e+01
6.990000e-06	-5.186782e-06	-1.110032e-09	-3.612091e+01	-6.994768e+01
7.000000e-06	-5.202925e-06	-1.112789e-09	-3.623333e+01	-6.991066e+01
7.010000e-06	-5.218806e-06	-1.116278e-09	-3.634393e+01	-6.987232e+01
7.020000e-06	-5.234233e-06	-1.117782e-09	-3.645137e+01	-6.983270e+01
7.030000e-06	-5.248950e-06	-1.115081e-09	-3.655385e+01	-6.979183e+01
7.040000e-06	-5.263065e-06	-1.108268e-09	-3.665215e+01	-6.974979e+01
7.050000e-06	-5.276597e-06	-1.102682e-09	-3.674638e+01	-6.970664e+01
7.060000e-06	-5.289572e-06	-1.101741e-09	-3.683674e+01	-6.966246e+01
7.070000e-06	-5.302186e-06	-1.102969e-09	-3.692459e+01	-6.961732e+01
7.080000e-06	-5.314469e-06	-1.107292e-09	-3.701013e+01	-6.957134e+01
7.090000e-06	-5.326478e-06	-1.109522e-09	-3.709376e+01	-6.952461e+01
7.100000e-06	-5.338103e-06	-1.107926e-09	-3.717472e+01	-6.947727e+01
7.110000e-06	-5.349259e-06	-1.104709e-09	-3.725241e+01	-6.942942e+01
7.120000e-06	-5.360022e-06	-1.101121e-09	-3.732736e+01	-6.938121e+01
7.130000e-06	-5.370453e-06	-1.098616e-09	-3.740000e+01	-6.933279e+01
7.140000e-06	-5.380542e-06	-1.098255e-09	-3.747026e+01	-6.928430e+01
7.150000e-06	-5.390176e-06	-1.100116e-09	-3.753736e+01	-6.923592e+01
7.160000e-06	-5.399340e-06	-1.100638e-09	-3.760117e+01	-6.918779e+01
7.170000e-06	-5.408134e-06	-1.096658e-09	-3.766241e+01	-6.914009e+01
7.180000e-06	-5.416712e-06	-1.090391e-09	-3.772215e+01	-6.909299e+01
7.190000e-06	-5.425107e-06	-1.085206e-09	-3.778061e+01	-6.904666e+01
7.200000e-06	-5.433256e-06	-1.081875e-09	-3.783737e+01	-6.900126e+01
7.210000e-06	-5.441093e-06	-1.082342e-09	-3.789194e+01	-6.895698e+01
7.220000e-06	-5.448554e-06	-1.085413e-09	-3.794390e+01	-6.891395e+01
7.230000e-06	-5.455566e-06	-1.087753e-09	-3.799274e+01	-6.887235e+01
7.240000e-06	-5.461957e-06	-1.088387e-09	-3.803724e+01	-6.883231e+01
7.250000e-06	-5.467648e-06	-1.088881e-09	-3.807687e+01	-6.879398e+01
7.260000e-06	-5.472724e-06	-1.086262e-09	-3.811222e+01	-6.875747e+01
7.270000e-06	-5.477350e-06	-1.080008e-09	-3.814444e+01	-6.872289e+01
7.280000e-06	-5.481726e-06	-1.074286e-09	-3.817491e+01	-6.869035e+01
7.290000e-06	-5.485931e-06	-1.070659e-09	-3.820420e+01	-6.865991e+01
7.300000e-06	-5.489899e-06	-1.069010e-09	-3.823183e+01	-6.863163e+01
7.310000e-06	-5.493488e-06	-1.070119e-09	-3.825682e+01	-6.860555e+01
7.320000e-06	-5.496635e-06	-1.071835e-09	-3.827874e+01	-6.858170e+01
7.330000e-06	-5.499394e-06	-1.074012e-09	-3.829795e+01	-6.856006e+01
7.340000e-06	-5.501853e-06	-1.074271e-09	-3.831508e+01	-6.854062e+01
7.350000e-06	-5.504052e-06	-1.070758e-09	-3.833039e+01	-6.852333e+01
7.360000e-06	-5.505943e-06	-1.063622e-09	-3.834356e+01	-6.850811e+01
7.370000e-06	-5.507306e-06	-1.056991e-09	-3.835305e+01	-6.849488e+01
7.380000e-06	-5.508221e-06	-1.055221e-09	-3.835942e+01	-6.848354e+01
7.390000e-06	-5.508886e-06	-1.055503e-09	-3.836406e+01	-6.847393e+01
7.400000e-06	-5.509259e-06	-1.056311e-09	-3.836666e+01	-6.846591e+01
