# Temperatura_=_-17.14
# Concentracion g/m^3_=_1620.0
# C_Vs_to_Am_M_A/Vsm_=_65563218390.804596
# pendiente_HvsI_1/m_=_3716.3
# ordenada_HvsI_A/m_=_1297.0
# frecuencia_Hz_=_135106.78184156612

Tiempo_(s)	Campo_(V.s)	Magnetizacion_(V.s)	Campo_(kA/m)	Magnetizacion_(A/m)
0.000000e+00	-5.521283e-06	-8.961014e-10	-3.836501e+01	-5.931266e+01
1.000000e-08	-5.521499e-06	-8.933674e-10	-3.836651e+01	-5.932493e+01
2.000000e-08	-5.521487e-06	-8.889733e-10	-3.836643e+01	-5.933674e+01
3.000000e-08	-5.521159e-06	-8.858252e-10	-3.836415e+01	-5.934771e+01
4.000000e-08	-5.520335e-06	-8.850318e-10	-3.835842e+01	-5.935749e+01
5.000000e-08	-5.519032e-06	-8.866750e-10	-3.834936e+01	-5.936571e+01
6.000000e-08	-5.517263e-06	-8.905202e-10	-3.833707e+01	-5.937202e+01
7.000000e-08	-5.514880e-06	-8.863302e-10	-3.832052e+01	-5.937609e+01
8.000000e-08	-5.511900e-06	-8.644387e-10	-3.829981e+01	-5.937759e+01
9.000000e-08	-5.508430e-06	-8.717126e-10	-3.827570e+01	-5.937623e+01
1.000000e-07	-5.504493e-06	-9.255161e-10	-3.824834e+01	-5.937172e+01
1.100000e-07	-5.500186e-06	-9.341188e-10	-3.821841e+01	-5.936382e+01
1.200000e-07	-5.495700e-06	-8.733841e-10	-3.818724e+01	-5.935229e+01
1.300000e-07	-5.490980e-06	-8.316247e-10	-3.815444e+01	-5.933694e+01
1.400000e-07	-5.485874e-06	-8.738935e-10	-3.811896e+01	-5.931763e+01
1.500000e-07	-5.480380e-06	-9.385792e-10	-3.808079e+01	-5.929421e+01
1.600000e-07	-5.474524e-06	-9.015051e-10	-3.804010e+01	-5.926661e+01
1.700000e-07	-5.468253e-06	-8.656090e-10	-3.799653e+01	-5.923479e+01
1.800000e-07	-5.461434e-06	-8.575359e-10	-3.794914e+01	-5.919873e+01
1.900000e-07	-5.454210e-06	-8.936459e-10	-3.789895e+01	-5.915848e+01
2.000000e-07	-5.446789e-06	-8.798289e-10	-3.784738e+01	-5.911411e+01
2.100000e-07	-5.439154e-06	-8.785004e-10	-3.779433e+01	-5.906573e+01
2.200000e-07	-5.431219e-06	-8.985750e-10	-3.773919e+01	-5.901351e+01
2.300000e-07	-5.423008e-06	-9.305980e-10	-3.768214e+01	-5.895764e+01
2.400000e-07	-5.414470e-06	-9.125403e-10	-3.762281e+01	-5.889835e+01
2.500000e-07	-5.405297e-06	-8.712713e-10	-3.755907e+01	-5.883592e+01
2.600000e-07	-5.395311e-06	-8.596905e-10	-3.748968e+01	-5.877064e+01
2.700000e-07	-5.384673e-06	-8.724325e-10	-3.741576e+01	-5.870284e+01
2.800000e-07	-5.373558e-06	-8.930921e-10	-3.733853e+01	-5.863289e+01
2.900000e-07	-5.362019e-06	-8.850417e-10	-3.725835e+01	-5.856117e+01
3.000000e-07	-5.350152e-06	-8.909562e-10	-3.717589e+01	-5.848808e+01
3.100000e-07	-5.337956e-06	-8.980310e-10	-3.709115e+01	-5.841404e+01
3.200000e-07	-5.325328e-06	-9.033614e-10	-3.700340e+01	-5.833949e+01
3.300000e-07	-5.312231e-06	-8.608709e-10	-3.691240e+01	-5.826486e+01
3.400000e-07	-5.298763e-06	-8.619929e-10	-3.681881e+01	-5.819060e+01
3.500000e-07	-5.284974e-06	-8.720287e-10	-3.672300e+01	-5.811715e+01
3.600000e-07	-5.270771e-06	-8.839767e-10	-3.662431e+01	-5.804495e+01
3.700000e-07	-5.256071e-06	-8.817507e-10	-3.652217e+01	-5.797443e+01
3.800000e-07	-5.240821e-06	-9.096466e-10	-3.641620e+01	-5.790600e+01
3.900000e-07	-5.224960e-06	-8.844983e-10	-3.630599e+01	-5.784006e+01
4.000000e-07	-5.208652e-06	-8.557905e-10	-3.619267e+01	-5.777698e+01
4.100000e-07	-5.192027e-06	-8.741538e-10	-3.607715e+01	-5.771711e+01
4.200000e-07	-5.175032e-06	-8.978575e-10	-3.595906e+01	-5.766077e+01
4.300000e-07	-5.157664e-06	-8.594064e-10	-3.583838e+01	-5.760824e+01
4.400000e-07	-5.139971e-06	-8.596679e-10	-3.571543e+01	-5.755977e+01
4.500000e-07	-5.121961e-06	-8.992896e-10	-3.559029e+01	-5.751557e+01
4.600000e-07	-5.103556e-06	-8.858393e-10	-3.546240e+01	-5.747581e+01
4.700000e-07	-5.084783e-06	-8.565214e-10	-3.533196e+01	-5.744061e+01
4.800000e-07	-5.065686e-06	-8.826425e-10	-3.519926e+01	-5.741007e+01
4.900000e-07	-5.046283e-06	-8.886869e-10	-3.506444e+01	-5.738421e+01
5.000000e-07	-5.026638e-06	-8.565798e-10	-3.492793e+01	-5.736302e+01
5.100000e-07	-5.006742e-06	-8.731100e-10	-3.478969e+01	-5.734647e+01
5.200000e-07	-4.986577e-06	-8.908531e-10	-3.464957e+01	-5.733444e+01
5.300000e-07	-4.966110e-06	-8.645411e-10	-3.450735e+01	-5.732679e+01
5.400000e-07	-4.945233e-06	-8.599088e-10	-3.436229e+01	-5.732335e+01
5.500000e-07	-4.923956e-06	-8.868938e-10	-3.421444e+01	-5.732389e+01
5.600000e-07	-4.902364e-06	-8.719904e-10	-3.406441e+01	-5.732815e+01
5.700000e-07	-4.880474e-06	-8.649681e-10	-3.391230e+01	-5.733583e+01
5.800000e-07	-4.858272e-06	-8.823110e-10	-3.375803e+01	-5.734661e+01
5.900000e-07	-4.835697e-06	-8.795187e-10	-3.360117e+01	-5.736013e+01
6.000000e-07	-4.812730e-06	-8.595783e-10	-3.344158e+01	-5.737600e+01
6.100000e-07	-4.789478e-06	-8.716388e-10	-3.328001e+01	-5.739383e+01
6.200000e-07	-4.765989e-06	-8.694110e-10	-3.311680e+01	-5.741321e+01
6.300000e-07	-4.742278e-06	-8.604543e-10	-3.295204e+01	-5.743369e+01
6.400000e-07	-4.718326e-06	-8.693958e-10	-3.278561e+01	-5.745485e+01
6.500000e-07	-4.694040e-06	-8.767085e-10	-3.261685e+01	-5.747624e+01
6.600000e-07	-4.669379e-06	-8.581682e-10	-3.244550e+01	-5.749743e+01
6.700000e-07	-4.644265e-06	-8.624547e-10	-3.227099e+01	-5.751799e+01
6.800000e-07	-4.618585e-06	-8.700595e-10	-3.209255e+01	-5.753750e+01
6.900000e-07	-4.592340e-06	-8.600787e-10	-3.191019e+01	-5.755556e+01
7.000000e-07	-4.565622e-06	-8.566310e-10	-3.172453e+01	-5.757177e+01
7.100000e-07	-4.538522e-06	-8.695304e-10	-3.153623e+01	-5.758579e+01
7.200000e-07	-4.511068e-06	-8.630861e-10	-3.134546e+01	-5.759728e+01
7.300000e-07	-4.483360e-06	-8.598554e-10	-3.115293e+01	-5.760594e+01
7.400000e-07	-4.455512e-06	-8.673303e-10	-3.095943e+01	-5.761149e+01
7.500000e-07	-4.427472e-06	-8.618135e-10	-3.076459e+01	-5.761371e+01
7.600000e-07	-4.399187e-06	-8.501796e-10	-3.056805e+01	-5.761241e+01
7.700000e-07	-4.370667e-06	-8.574128e-10	-3.036988e+01	-5.760743e+01
7.800000e-07	-4.341819e-06	-8.634091e-10	-3.016943e+01	-5.759865e+01
7.900000e-07	-4.312590e-06	-8.572277e-10	-2.996632e+01	-5.758602e+01
8.000000e-07	-4.283030e-06	-8.634335e-10	-2.976092e+01	-5.756950e+01
8.100000e-07	-4.253106e-06	-8.727034e-10	-2.955299e+01	-5.754911e+01
8.200000e-07	-4.222915e-06	-8.642914e-10	-2.934321e+01	-5.752491e+01
8.300000e-07	-4.192556e-06	-8.527414e-10	-2.913226e+01	-5.749700e+01
8.400000e-07	-4.161955e-06	-8.547009e-10	-2.891963e+01	-5.746551e+01
8.500000e-07	-4.130929e-06	-8.521071e-10	-2.870404e+01	-5.743062e+01
8.600000e-07	-4.099592e-06	-8.504988e-10	-2.848629e+01	-5.739254e+01
8.700000e-07	-4.068137e-06	-8.552295e-10	-2.826773e+01	-5.735151e+01
8.800000e-07	-4.036492e-06	-8.580948e-10	-2.804784e+01	-5.730780e+01
8.900000e-07	-4.004665e-06	-8.504254e-10	-2.782669e+01	-5.726171e+01
9.000000e-07	-3.972616e-06	-8.512326e-10	-2.760399e+01	-5.721355e+01
9.100000e-07	-3.940210e-06	-8.519782e-10	-2.737881e+01	-5.716365e+01
9.200000e-07	-3.907408e-06	-8.489772e-10	-2.715089e+01	-5.711236e+01
9.300000e-07	-3.874270e-06	-8.494140e-10	-2.692063e+01	-5.706004e+01
9.400000e-07	-3.840662e-06	-8.582483e-10	-2.668710e+01	-5.700704e+01
9.500000e-07	-3.806529e-06	-8.568232e-10	-2.644992e+01	-5.695372e+01
9.600000e-07	-3.772034e-06	-8.519030e-10	-2.621023e+01	-5.690043e+01
9.700000e-07	-3.737255e-06	-8.503276e-10	-2.596857e+01	-5.684751e+01
9.800000e-07	-3.702235e-06	-8.505441e-10	-2.572523e+01	-5.679530e+01
9.900000e-07	-3.666937e-06	-8.464225e-10	-2.547996e+01	-5.674410e+01
1.000000e-06	-3.631369e-06	-8.457636e-10	-2.523281e+01	-5.669420e+01
1.010000e-06	-3.595637e-06	-8.465900e-10	-2.498453e+01	-5.664587e+01
1.020000e-06	-3.559794e-06	-8.460483e-10	-2.473547e+01	-5.659933e+01
1.030000e-06	-3.523799e-06	-8.463229e-10	-2.448535e+01	-5.655479e+01
1.040000e-06	-3.487590e-06	-8.496658e-10	-2.423376e+01	-5.651241e+01
1.050000e-06	-3.451144e-06	-8.504558e-10	-2.398051e+01	-5.647233e+01
1.060000e-06	-3.414399e-06	-8.495484e-10	-2.372518e+01	-5.643462e+01
1.070000e-06	-3.377323e-06	-8.507704e-10	-2.346756e+01	-5.639934e+01
1.080000e-06	-3.340019e-06	-8.506415e-10	-2.320835e+01	-5.636649e+01
1.090000e-06	-3.302516e-06	-8.502258e-10	-2.294776e+01	-5.633604e+01
1.100000e-06	-3.264854e-06	-8.485630e-10	-2.268606e+01	-5.630790e+01
1.110000e-06	-3.227000e-06	-8.471250e-10	-2.242303e+01	-5.628195e+01
1.120000e-06	-3.188858e-06	-8.452841e-10	-2.215800e+01	-5.625803e+01
1.130000e-06	-3.150464e-06	-8.442308e-10	-2.189121e+01	-5.623594e+01
1.140000e-06	-3.111805e-06	-8.436422e-10	-2.162259e+01	-5.621543e+01
1.150000e-06	-3.072915e-06	-8.433003e-10	-2.135236e+01	-5.619623e+01
1.160000e-06	-3.033913e-06	-8.413100e-10	-2.108135e+01	-5.617801e+01
1.170000e-06	-2.994767e-06	-8.382022e-10	-2.080934e+01	-5.616043e+01
1.180000e-06	-2.955435e-06	-8.357342e-10	-2.053604e+01	-5.614312e+01
1.190000e-06	-2.915954e-06	-8.375837e-10	-2.026171e+01	-5.612567e+01
1.200000e-06	-2.876287e-06	-8.403734e-10	-1.998607e+01	-5.610767e+01
1.210000e-06	-2.836448e-06	-8.418587e-10	-1.970925e+01	-5.608867e+01
1.220000e-06	-2.796482e-06	-8.403485e-10	-1.943155e+01	-5.606821e+01
1.230000e-06	-2.756366e-06	-8.383800e-10	-1.915280e+01	-5.604583e+01
1.240000e-06	-2.716072e-06	-8.355718e-10	-1.887281e+01	-5.602106e+01
1.250000e-06	-2.675598e-06	-8.341423e-10	-1.859157e+01	-5.599340e+01
1.260000e-06	-2.634927e-06	-8.325399e-10	-1.830897e+01	-5.596239e+01
1.270000e-06	-2.594033e-06	-8.337448e-10	-1.802481e+01	-5.592755e+01
1.280000e-06	-2.552912e-06	-8.339352e-10	-1.773908e+01	-5.588840e+01
1.290000e-06	-2.511520e-06	-8.312425e-10	-1.745146e+01	-5.584448e+01
1.300000e-06	-2.469756e-06	-8.264405e-10	-1.716127e+01	-5.579535e+01
1.310000e-06	-2.427673e-06	-8.214243e-10	-1.686885e+01	-5.574057e+01
1.320000e-06	-2.385370e-06	-8.173348e-10	-1.657490e+01	-5.567972e+01
1.330000e-06	-2.342696e-06	-8.141486e-10	-1.627838e+01	-5.561240e+01
1.340000e-06	-2.299687e-06	-8.122962e-10	-1.597953e+01	-5.553823e+01
1.350000e-06	-2.256499e-06	-8.117628e-10	-1.567943e+01	-5.545684e+01
1.360000e-06	-2.213154e-06	-8.124214e-10	-1.537825e+01	-5.536791e+01
1.370000e-06	-2.169717e-06	-8.125673e-10	-1.507643e+01	-5.527110e+01
1.380000e-06	-2.126169e-06	-8.104511e-10	-1.477383e+01	-5.516611e+01
1.390000e-06	-2.082500e-06	-8.065105e-10	-1.447039e+01	-5.505267e+01
1.400000e-06	-2.038762e-06	-8.012419e-10	-1.416647e+01	-5.493051e+01
1.410000e-06	-1.994975e-06	-7.959267e-10	-1.386222e+01	-5.479939e+01
1.420000e-06	-1.951100e-06	-7.917433e-10	-1.355735e+01	-5.465906e+01
1.430000e-06	-1.907100e-06	-7.889604e-10	-1.325161e+01	-5.450932e+01
1.440000e-06	-1.863026e-06	-7.877898e-10	-1.294536e+01	-5.434993e+01
1.450000e-06	-1.818856e-06	-7.855874e-10	-1.263845e+01	-5.418069e+01
1.460000e-06	-1.774508e-06	-7.827718e-10	-1.233029e+01	-5.400141e+01
1.470000e-06	-1.729952e-06	-7.776262e-10	-1.202069e+01	-5.381186e+01
1.480000e-06	-1.685283e-06	-7.724231e-10	-1.171030e+01	-5.361183e+01
1.490000e-06	-1.640571e-06	-7.680710e-10	-1.139962e+01	-5.340110e+01
1.500000e-06	-1.595709e-06	-7.623978e-10	-1.108789e+01	-5.317944e+01
1.510000e-06	-1.550629e-06	-7.566026e-10	-1.077465e+01	-5.294659e+01
1.520000e-06	-1.505441e-06	-7.517616e-10	-1.046066e+01	-5.270227e+01
1.530000e-06	-1.460240e-06	-7.456175e-10	-1.014658e+01	-5.244619e+01
1.540000e-06	-1.414906e-06	-7.390073e-10	-9.831573e+00	-5.217802e+01
1.550000e-06	-1.369436e-06	-7.321769e-10	-9.515622e+00	-5.189741e+01
1.560000e-06	-1.323898e-06	-7.245499e-10	-9.199198e+00	-5.160396e+01
1.570000e-06	-1.278288e-06	-7.179785e-10	-8.882273e+00	-5.129725e+01
1.580000e-06	-1.232637e-06	-7.132152e-10	-8.565062e+00	-5.097681e+01
1.590000e-06	-1.186828e-06	-7.076832e-10	-8.246758e+00	-5.064214e+01
1.600000e-06	-1.140917e-06	-7.017362e-10	-7.927739e+00	-5.029268e+01
1.610000e-06	-1.095014e-06	-6.963109e-10	-7.608780e+00	-4.992786e+01
1.620000e-06	-1.049073e-06	-6.912111e-10	-7.289551e+00	-4.954703e+01
1.630000e-06	-1.003055e-06	-6.865012e-10	-6.969797e+00	-4.914953e+01
1.640000e-06	-9.569989e-07	-6.812289e-10	-6.649772e+00	-4.873464e+01
1.650000e-06	-9.108708e-07	-6.732029e-10	-6.329248e+00	-4.830161e+01
1.660000e-06	-8.645800e-07	-6.622348e-10	-6.007593e+00	-4.784965e+01
1.670000e-06	-8.182530e-07	-6.514483e-10	-5.685686e+00	-4.737794e+01
1.680000e-06	-7.719168e-07	-6.419432e-10	-5.363716e+00	-4.688563e+01
1.690000e-06	-7.255039e-07	-6.332743e-10	-5.041213e+00	-4.637184e+01
1.700000e-06	-6.789692e-07	-6.275489e-10	-4.717864e+00	-4.583567e+01
1.710000e-06	-6.323261e-07	-6.240898e-10	-4.393761e+00	-4.527621e+01
1.720000e-06	-5.856602e-07	-6.195185e-10	-4.069500e+00	-4.469253e+01
1.730000e-06	-5.390319e-07	-6.116580e-10	-3.745500e+00	-4.408371e+01
1.740000e-06	-4.923493e-07	-6.012784e-10	-3.421122e+00	-4.344882e+01
1.750000e-06	-4.455906e-07	-5.888222e-10	-3.096217e+00	-4.278695e+01
1.760000e-06	-3.988292e-07	-5.743447e-10	-2.771292e+00	-4.209720e+01
1.770000e-06	-3.519965e-07	-5.604026e-10	-2.445872e+00	-4.137871e+01
1.780000e-06	-3.051804e-07	-5.490938e-10	-2.120566e+00	-4.063063e+01
1.790000e-06	-2.584202e-07	-5.409720e-10	-1.795650e+00	-3.985217e+01
1.800000e-06	-2.116225e-07	-5.329789e-10	-1.470473e+00	-3.904259e+01
1.810000e-06	-1.648714e-07	-5.230845e-10	-1.145620e+00	-3.820120e+01
1.820000e-06	-1.181341e-07	-5.113985e-10	-8.208628e-01	-3.732737e+01
1.830000e-06	-7.135152e-08	-4.978887e-10	-4.957908e-01	-3.642055e+01
1.840000e-06	-2.455090e-08	-4.828751e-10	-1.705936e-01	-3.548028e+01
1.850000e-06	2.223419e-08	-4.680547e-10	1.544958e-01	-3.450617e+01
1.860000e-06	6.904748e-08	-4.536831e-10	4.797811e-01	-3.349794e+01
1.870000e-06	1.158984e-07	-4.397721e-10	8.053281e-01	-3.245539e+01
1.880000e-06	1.626948e-07	-4.262355e-10	1.130496e+00	-3.137844e+01
1.890000e-06	2.094735e-07	-4.123553e-10	1.455541e+00	-3.026714e+01
1.900000e-06	2.562810e-07	-3.960632e-10	1.780786e+00	-2.912162e+01
1.910000e-06	3.030903e-07	-3.768235e-10	2.106043e+00	-2.794215e+01
1.920000e-06	3.497853e-07	-3.563673e-10	2.430507e+00	-2.672912e+01
1.930000e-06	3.964663e-07	-3.370878e-10	2.754873e+00	-2.548304e+01
1.940000e-06	4.431985e-07	-3.181280e-10	3.079595e+00	-2.420456e+01
1.950000e-06	4.899243e-07	-2.979853e-10	3.404272e+00	-2.289444e+01
1.960000e-06	5.365777e-07	-2.796651e-10	3.728447e+00	-2.155358e+01
1.970000e-06	5.830816e-07	-2.634006e-10	4.051582e+00	-2.018300e+01
1.980000e-06	6.295300e-07	-2.455241e-10	4.374331e+00	-1.878384e+01
1.990000e-06	6.760063e-07	-2.250339e-10	4.697276e+00	-1.735737e+01
2.000000e-06	7.224549e-07	-2.012189e-10	5.020027e+00	-1.590497e+01
2.010000e-06	7.688127e-07	-1.762095e-10	5.342147e+00	-1.442814e+01
2.020000e-06	8.151181e-07	-1.540725e-10	5.663903e+00	-1.292847e+01
2.030000e-06	8.614049e-07	-1.344341e-10	5.985530e+00	-1.140767e+01
2.040000e-06	9.076110e-07	-1.145862e-10	6.306596e+00	-9.867540e+00
2.050000e-06	9.536837e-07	-9.313453e-11	6.626736e+00	-8.309961e+00
2.060000e-06	9.996913e-07	-7.091528e-11	6.946423e+00	-6.736897e+00
2.070000e-06	1.045632e-06	-4.790939e-11	7.265647e+00	-5.150379e+00
2.080000e-06	1.091506e-06	-2.456995e-11	7.584402e+00	-3.552503e+00
2.090000e-06	1.137312e-06	-1.486036e-12	7.902691e+00	-1.945413e+00
2.100000e-06	1.183061e-06	2.306075e-11	8.220579e+00	-3.312949e-01
2.110000e-06	1.228787e-06	4.716510e-11	8.538312e+00	1.287633e+00
2.120000e-06	1.274440e-06	6.850033e-11	8.855531e+00	2.909134e+00
2.130000e-06	1.319948e-06	9.023227e-11	9.171749e+00	4.530958e+00
2.140000e-06	1.365304e-06	1.122059e-10	9.486907e+00	6.150857e+00
2.150000e-06	1.410549e-06	1.326936e-10	9.801295e+00	7.766593e+00
2.160000e-06	1.455725e-06	1.526478e-10	1.011521e+01	9.375951e+00
2.170000e-06	1.500854e-06	1.739810e-10	1.042879e+01	1.097674e+01
2.180000e-06	1.545847e-06	1.965583e-10	1.074142e+01	1.256683e+01
2.190000e-06	1.590665e-06	2.193775e-10	1.105284e+01	1.414411e+01
2.200000e-06	1.635353e-06	2.414527e-10	1.136336e+01	1.570656e+01
2.210000e-06	1.679920e-06	2.625796e-10	1.167304e+01	1.725221e+01
2.220000e-06	1.724425e-06	2.833965e-10	1.198229e+01	1.877917e+01
2.230000e-06	1.768868e-06	3.046102e-10	1.229110e+01	2.028563e+01
2.240000e-06	1.813171e-06	3.249027e-10	1.259894e+01	2.176989e+01
2.250000e-06	1.857342e-06	3.441921e-10	1.290587e+01	2.323031e+01
2.260000e-06	1.901396e-06	3.637621e-10	1.321198e+01	2.466540e+01
2.270000e-06	1.945356e-06	3.819970e-10	1.351744e+01	2.607374e+01
2.280000e-06	1.989207e-06	4.000124e-10	1.382214e+01	2.745404e+01
2.290000e-06	2.032986e-06	4.165552e-10	1.412634e+01	2.880511e+01
2.300000e-06	2.076742e-06	4.313136e-10	1.443038e+01	3.012589e+01
2.310000e-06	2.120391e-06	4.458375e-10	1.473368e+01	3.141543e+01
2.320000e-06	2.163979e-06	4.617811e-10	1.503656e+01	3.267291e+01
2.330000e-06	2.207488e-06	4.797016e-10	1.533888e+01	3.389761e+01
2.340000e-06	2.250818e-06	4.968967e-10	1.563996e+01	3.508895e+01
2.350000e-06	2.294044e-06	5.133038e-10	1.594032e+01	3.624645e+01
2.360000e-06	2.337093e-06	5.291283e-10	1.623945e+01	3.736976e+01
2.370000e-06	2.379824e-06	5.426561e-10	1.653637e+01	3.845863e+01
2.380000e-06	2.422253e-06	5.539321e-10	1.683119e+01	3.951293e+01
2.390000e-06	2.464390e-06	5.652327e-10	1.712398e+01	4.053262e+01
2.400000e-06	2.506262e-06	5.774068e-10	1.741493e+01	4.151777e+01
2.410000e-06	2.547767e-06	5.905674e-10	1.770333e+01	4.246856e+01
2.420000e-06	2.588798e-06	6.048578e-10	1.798844e+01	4.338523e+01
2.430000e-06	2.629539e-06	6.180400e-10	1.827153e+01	4.426813e+01
2.440000e-06	2.670036e-06	6.286552e-10	1.855293e+01	4.511768e+01
2.450000e-06	2.710322e-06	6.374316e-10	1.883286e+01	4.593437e+01
2.460000e-06	2.750534e-06	6.463219e-10	1.911227e+01	4.671877e+01
2.470000e-06	2.790610e-06	6.570514e-10	1.939074e+01	4.747148e+01
2.480000e-06	2.830493e-06	6.674515e-10	1.966787e+01	4.819319e+01
2.490000e-06	2.870209e-06	6.772443e-10	1.994384e+01	4.888462e+01
2.500000e-06	2.909804e-06	6.860577e-10	2.021897e+01	4.954652e+01
2.510000e-06	2.949321e-06	6.945480e-10	2.049355e+01	5.017969e+01
2.520000e-06	2.988739e-06	7.033876e-10	2.076746e+01	5.078497e+01
2.530000e-06	3.027917e-06	7.106592e-10	2.103969e+01	5.136318e+01
2.540000e-06	3.066863e-06	7.167819e-10	2.131030e+01	5.191520e+01
2.550000e-06	3.105592e-06	7.241169e-10	2.157941e+01	5.244190e+01
2.560000e-06	3.144050e-06	7.316939e-10	2.184664e+01	5.294416e+01
2.570000e-06	3.182301e-06	7.389800e-10	2.211243e+01	5.342286e+01
2.580000e-06	3.220267e-06	7.473600e-10	2.237625e+01	5.387887e+01
2.590000e-06	3.257970e-06	7.537535e-10	2.263822e+01	5.431307e+01
2.600000e-06	3.295564e-06	7.579459e-10	2.289945e+01	5.472631e+01
2.610000e-06	3.333032e-06	7.622554e-10	2.315980e+01	5.511943e+01
2.620000e-06	3.370214e-06	7.684576e-10	2.341816e+01	5.549326e+01
2.630000e-06	3.407094e-06	7.756670e-10	2.367442e+01	5.584861e+01
2.640000e-06	3.443806e-06	7.822644e-10	2.392952e+01	5.618625e+01
2.650000e-06	3.480239e-06	7.886850e-10	2.418267e+01	5.650695e+01
2.660000e-06	3.516311e-06	7.933492e-10	2.443333e+01	5.681144e+01
2.670000e-06	3.552249e-06	7.981414e-10	2.468305e+01	5.710042e+01
2.680000e-06	3.588131e-06	8.034639e-10	2.493237e+01	5.737458e+01
2.690000e-06	3.623874e-06	8.092157e-10	2.518074e+01	5.763456e+01
2.700000e-06	3.659470e-06	8.137324e-10	2.542807e+01	5.788099e+01
2.710000e-06	3.694923e-06	8.169520e-10	2.567442e+01	5.811446e+01
2.720000e-06	3.730207e-06	8.219166e-10	2.591959e+01	5.833554e+01
2.730000e-06	3.765152e-06	8.275528e-10	2.616241e+01	5.854477e+01
2.740000e-06	3.799619e-06	8.318462e-10	2.640191e+01	5.874268e+01
2.750000e-06	3.833680e-06	8.353732e-10	2.663859e+01	5.892974e+01
2.760000e-06	3.867316e-06	8.379476e-10	2.687231e+01	5.910643e+01
2.770000e-06	3.900369e-06	8.399048e-10	2.710198e+01	5.927318e+01
2.780000e-06	3.932955e-06	8.416059e-10	2.732840e+01	5.943043e+01
2.790000e-06	3.965273e-06	8.446155e-10	2.755297e+01	5.957857e+01
2.800000e-06	3.997378e-06	8.498763e-10	2.777605e+01	5.971798e+01
2.810000e-06	4.029288e-06	8.540446e-10	2.799778e+01	5.984903e+01
2.820000e-06	4.061000e-06	8.574884e-10	2.821813e+01	5.997206e+01
2.830000e-06	4.092527e-06	8.606365e-10	2.843720e+01	6.008741e+01
2.840000e-06	4.123840e-06	8.628025e-10	2.865478e+01	6.019539e+01
2.850000e-06	4.154928e-06	8.625468e-10	2.887080e+01	6.029630e+01
2.860000e-06	4.185768e-06	8.609585e-10	2.908509e+01	6.039044e+01
2.870000e-06	4.216228e-06	8.611813e-10	2.929674e+01	6.047808e+01
2.880000e-06	4.246371e-06	8.641544e-10	2.950620e+01	6.055948e+01
2.890000e-06	4.276296e-06	8.687049e-10	2.971413e+01	6.063491e+01
2.900000e-06	4.305886e-06	8.733329e-10	2.991974e+01	6.070460e+01
2.910000e-06	4.335181e-06	8.755695e-10	3.012330e+01	6.076879e+01
2.920000e-06	4.364237e-06	8.769068e-10	3.032520e+01	6.082772e+01
2.930000e-06	4.392958e-06	8.764366e-10	3.052477e+01	6.088159e+01
2.940000e-06	4.421325e-06	8.741007e-10	3.072187e+01	6.093060e+01
2.950000e-06	4.449397e-06	8.734632e-10	3.091693e+01	6.097497e+01
2.960000e-06	4.477257e-06	8.756523e-10	3.111052e+01	6.101488e+01
2.970000e-06	4.505011e-06	8.789278e-10	3.130337e+01	6.105050e+01
2.980000e-06	4.532653e-06	8.824652e-10	3.149545e+01	6.108201e+01
2.990000e-06	4.560040e-06	8.869155e-10	3.168575e+01	6.110957e+01
3.000000e-06	4.587114e-06	8.899270e-10	3.187387e+01	6.113332e+01
3.010000e-06	4.613714e-06	8.907542e-10	3.205870e+01	6.115343e+01
3.020000e-06	4.639732e-06	8.905364e-10	3.223949e+01	6.117000e+01
3.030000e-06	4.665142e-06	8.893449e-10	3.241605e+01	6.118318e+01
3.040000e-06	4.689900e-06	8.882240e-10	3.258809e+01	6.119308e+01
3.050000e-06	4.714238e-06	8.894051e-10	3.275720e+01	6.119979e+01
3.060000e-06	4.738316e-06	8.929524e-10	3.292451e+01	6.120343e+01
3.070000e-06	4.762098e-06	8.959645e-10	3.308976e+01	6.120407e+01
3.080000e-06	4.785563e-06	8.972057e-10	3.325281e+01	6.120180e+01
3.090000e-06	4.808764e-06	8.968026e-10	3.341402e+01	6.119669e+01
3.100000e-06	4.831719e-06	8.947564e-10	3.357353e+01	6.118881e+01
3.110000e-06	4.854300e-06	8.921826e-10	3.373043e+01	6.117822e+01
3.120000e-06	4.876523e-06	8.905490e-10	3.388485e+01	6.116497e+01
3.130000e-06	4.898446e-06	8.916838e-10	3.403718e+01	6.114913e+01
3.140000e-06	4.920055e-06	8.945686e-10	3.418734e+01	6.113072e+01
3.150000e-06	4.941415e-06	8.981563e-10	3.433576e+01	6.110981e+01
3.160000e-06	4.962401e-06	9.016444e-10	3.448158e+01	6.108644e+01
3.170000e-06	4.982899e-06	9.035361e-10	3.462401e+01	6.106064e+01
3.180000e-06	5.003050e-06	9.037158e-10	3.476403e+01	6.103247e+01
3.190000e-06	5.022969e-06	9.037323e-10	3.490244e+01	6.100198e+01
3.200000e-06	5.042674e-06	9.032451e-10	3.503936e+01	6.096922e+01
3.210000e-06	5.062214e-06	9.039436e-10	3.517514e+01	6.093424e+01
3.220000e-06	5.081513e-06	9.073442e-10	3.530924e+01	6.089711e+01
3.230000e-06	5.100469e-06	9.111529e-10	3.544096e+01	6.085791e+01
3.240000e-06	5.118960e-06	9.125053e-10	3.556944e+01	6.081670e+01
3.250000e-06	5.136933e-06	9.114259e-10	3.569432e+01	6.077358e+01
3.260000e-06	5.154489e-06	9.097912e-10	3.581632e+01	6.072865e+01
3.270000e-06	5.171747e-06	9.085486e-10	3.593623e+01	6.068202e+01
3.280000e-06	5.188724e-06	9.100539e-10	3.605420e+01	6.063380e+01
3.290000e-06	5.205418e-06	9.143617e-10	3.617020e+01	6.058413e+01
3.300000e-06	5.221812e-06	9.197251e-10	3.628412e+01	6.053316e+01
3.310000e-06	5.237766e-06	9.240163e-10	3.639497e+01	6.048104e+01
3.320000e-06	5.253141e-06	9.261663e-10	3.650181e+01	6.042793e+01
3.330000e-06	5.268004e-06	9.252735e-10	3.660508e+01	6.037403e+01
3.340000e-06	5.282442e-06	9.235321e-10	3.670541e+01	6.031952e+01
3.350000e-06	5.296444e-06	9.208807e-10	3.680270e+01	6.026460e+01
3.360000e-06	5.310103e-06	9.172750e-10	3.689761e+01	6.020948e+01
3.370000e-06	5.323417e-06	9.176135e-10	3.699012e+01	6.015438e+01
3.380000e-06	5.336324e-06	9.195630e-10	3.707981e+01	6.009953e+01
3.390000e-06	5.348877e-06	9.228399e-10	3.716703e+01	6.004515e+01
3.400000e-06	5.361090e-06	9.257475e-10	3.725189e+01	5.999148e+01
3.410000e-06	5.372902e-06	9.272596e-10	3.733397e+01	5.993876e+01
3.420000e-06	5.384343e-06	9.260836e-10	3.741347e+01	5.988721e+01
3.430000e-06	5.395352e-06	9.227976e-10	3.748997e+01	5.983707e+01
3.440000e-06	5.405765e-06	9.214860e-10	3.756232e+01	5.978857e+01
3.450000e-06	5.415554e-06	9.230886e-10	3.763035e+01	5.974192e+01
3.460000e-06	5.424772e-06	9.256120e-10	3.769439e+01	5.969734e+01
3.470000e-06	5.433491e-06	9.292434e-10	3.775498e+01	5.965502e+01
3.480000e-06	5.441816e-06	9.323745e-10	3.781283e+01	5.961516e+01
3.490000e-06	5.449842e-06	9.335671e-10	3.786860e+01	5.957791e+01
3.500000e-06	5.457626e-06	9.324322e-10	3.792268e+01	5.954342e+01
3.510000e-06	5.465072e-06	9.282224e-10	3.797442e+01	5.951184e+01
3.520000e-06	5.472147e-06	9.238695e-10	3.802358e+01	5.948325e+01
3.530000e-06	5.478873e-06	9.223455e-10	3.807032e+01	5.945775e+01
3.540000e-06	5.485214e-06	9.247708e-10	3.811438e+01	5.943539e+01
3.550000e-06	5.491138e-06	9.270727e-10	3.815555e+01	5.941620e+01
3.560000e-06	5.496660e-06	9.264075e-10	3.819392e+01	5.940018e+01
3.570000e-06	5.501779e-06	9.221524e-10	3.822948e+01	5.938730e+01
3.580000e-06	5.506455e-06	9.171798e-10	3.826198e+01	5.937751e+01
3.590000e-06	5.510814e-06	9.141729e-10	3.829226e+01	5.937071e+01
3.600000e-06	5.514937e-06	9.150453e-10	3.832091e+01	5.936678e+01
3.610000e-06	5.518792e-06	9.193016e-10	3.834770e+01	5.936559e+01
3.620000e-06	5.522370e-06	9.237794e-10	3.837256e+01	5.936695e+01
3.630000e-06	5.525661e-06	9.242336e-10	3.839543e+01	5.937065e+01
3.640000e-06	5.528647e-06	9.225506e-10	3.841618e+01	5.937648e+01
3.650000e-06	5.531085e-06	9.204404e-10	3.843312e+01	5.938416e+01
3.660000e-06	5.532888e-06	9.176913e-10	3.844565e+01	5.939342e+01
3.670000e-06	5.534108e-06	9.151112e-10	3.845413e+01	5.940396e+01
3.680000e-06	5.534711e-06	9.146580e-10	3.845831e+01	5.941545e+01
3.690000e-06	5.534954e-06	9.165508e-10	3.846000e+01	5.942758e+01
3.700000e-06	5.534905e-06	9.195903e-10	3.845966e+01	5.943998e+01
3.710000e-06	5.534479e-06	9.206120e-10	3.845670e+01	5.945231e+01
3.720000e-06	5.533698e-06	9.177140e-10	3.845127e+01	5.946420e+01
3.730000e-06	5.532644e-06	9.117792e-10	3.844395e+01	5.947529e+01
3.740000e-06	5.531320e-06	9.040311e-10	3.843475e+01	5.948520e+01
3.750000e-06	5.529592e-06	8.939409e-10	3.842274e+01	5.949359e+01
3.760000e-06	5.527464e-06	8.896633e-10	3.840795e+01	5.950010e+01
3.770000e-06	5.524932e-06	9.177599e-10	3.839036e+01	5.950440e+01
3.780000e-06	5.521979e-06	9.419147e-10	3.836984e+01	5.950616e+01
3.790000e-06	5.518589e-06	8.909205e-10	3.834629e+01	5.950508e+01
3.800000e-06	5.514773e-06	8.497911e-10	3.831977e+01	5.950087e+01
3.810000e-06	5.510600e-06	8.889461e-10	3.829078e+01	5.949328e+01
3.820000e-06	5.506222e-06	9.503802e-10	3.826036e+01	5.948209e+01
3.830000e-06	5.501689e-06	9.532794e-10	3.822886e+01	5.946710e+01
3.840000e-06	5.496772e-06	8.653820e-10	3.819469e+01	5.944815e+01
3.850000e-06	5.491265e-06	8.794869e-10	3.815642e+01	5.942510e+01
3.860000e-06	5.485229e-06	9.520246e-10	3.811448e+01	5.939788e+01
3.870000e-06	5.478797e-06	9.649434e-10	3.806979e+01	5.936644e+01
3.880000e-06	5.471975e-06	9.028216e-10	3.802239e+01	5.933076e+01
3.890000e-06	5.464690e-06	8.927336e-10	3.797177e+01	5.929089e+01
3.900000e-06	5.456875e-06	9.621840e-10	3.791746e+01	5.924688e+01
3.910000e-06	5.448613e-06	9.288721e-10	3.786006e+01	5.919886e+01
3.920000e-06	5.440060e-06	8.573231e-10	3.780062e+01	5.914698e+01
3.930000e-06	5.431158e-06	8.532423e-10	3.773877e+01	5.909144e+01
3.940000e-06	5.421937e-06	9.446003e-10	3.767469e+01	5.903245e+01
3.950000e-06	5.412502e-06	9.491429e-10	3.760914e+01	5.897030e+01
3.960000e-06	5.402652e-06	9.119485e-10	3.754069e+01	5.890527e+01
3.970000e-06	5.392253e-06	8.886120e-10	3.746843e+01	5.883770e+01
3.980000e-06	5.381474e-06	9.039636e-10	3.739353e+01	5.876794e+01
3.990000e-06	5.370345e-06	8.869433e-10	3.731621e+01	5.869638e+01
4.000000e-06	5.358767e-06	8.671903e-10	3.723575e+01	5.862342e+01
4.010000e-06	5.346835e-06	8.782537e-10	3.715284e+01	5.854947e+01
4.020000e-06	5.334612e-06	9.127146e-10	3.706791e+01	5.847497e+01
4.030000e-06	5.321938e-06	9.161102e-10	3.697984e+01	5.840036e+01
4.040000e-06	5.308623e-06	8.757008e-10	3.688732e+01	5.832608e+01
4.050000e-06	5.294819e-06	8.685072e-10	3.679141e+01	5.825258e+01
4.060000e-06	5.280651e-06	8.880099e-10	3.669296e+01	5.818028e+01
4.070000e-06	5.265902e-06	8.842218e-10	3.659047e+01	5.810963e+01
4.080000e-06	5.250549e-06	8.610651e-10	3.648380e+01	5.804104e+01
4.090000e-06	5.234770e-06	9.142524e-10	3.637415e+01	5.797491e+01
4.100000e-06	5.218630e-06	9.385681e-10	3.626200e+01	5.791160e+01
4.110000e-06	5.202136e-06	8.879383e-10	3.614740e+01	5.785148e+01
4.120000e-06	5.185351e-06	8.713503e-10	3.603076e+01	5.779486e+01
4.130000e-06	5.168323e-06	9.280297e-10	3.591244e+01	5.774203e+01
4.140000e-06	5.150915e-06	8.942063e-10	3.579148e+01	5.769324e+01
4.150000e-06	5.133098e-06	8.506431e-10	3.566768e+01	5.764871e+01
4.160000e-06	5.114952e-06	8.975801e-10	3.554159e+01	5.760860e+01
4.170000e-06	5.096461e-06	9.224898e-10	3.541311e+01	5.757305e+01
4.180000e-06	5.077570e-06	8.596513e-10	3.528184e+01	5.754214e+01
4.190000e-06	5.058375e-06	8.823260e-10	3.514846e+01	5.751592e+01
4.200000e-06	5.038913e-06	9.264362e-10	3.501323e+01	5.749437e+01
4.210000e-06	5.019098e-06	8.759478e-10	3.487554e+01	5.747746e+01
4.220000e-06	4.998972e-06	8.594524e-10	3.473570e+01	5.746509e+01
4.230000e-06	4.978599e-06	9.235856e-10	3.459413e+01	5.745711e+01
4.240000e-06	4.957934e-06	9.073051e-10	3.445054e+01	5.745336e+01
4.250000e-06	4.937018e-06	8.666762e-10	3.430521e+01	5.745360e+01
4.260000e-06	4.915795e-06	9.052310e-10	3.415774e+01	5.745759e+01
4.270000e-06	4.893976e-06	9.124027e-10	3.400612e+01	5.746503e+01
4.280000e-06	4.871458e-06	8.726374e-10	3.384965e+01	5.747559e+01
4.290000e-06	4.848324e-06	8.911769e-10	3.368891e+01	5.748892e+01
4.300000e-06	4.824727e-06	9.141118e-10	3.352494e+01	5.750464e+01
4.310000e-06	4.800854e-06	8.835441e-10	3.335906e+01	5.752235e+01
4.320000e-06	4.776803e-06	8.862466e-10	3.319194e+01	5.754164e+01
4.330000e-06	4.752533e-06	9.051730e-10	3.302330e+01	5.756208e+01
4.340000e-06	4.727986e-06	8.850413e-10	3.285273e+01	5.758322e+01
4.350000e-06	4.703157e-06	8.781084e-10	3.268020e+01	5.760464e+01
4.360000e-06	4.678018e-06	9.037425e-10	3.250552e+01	5.762589e+01
4.370000e-06	4.652495e-06	8.946817e-10	3.232818e+01	5.764655e+01
4.380000e-06	4.626535e-06	8.850744e-10	3.214779e+01	5.766619e+01
4.390000e-06	4.600230e-06	9.013919e-10	3.196501e+01	5.768441e+01
4.400000e-06	4.573682e-06	9.008528e-10	3.178054e+01	5.770082e+01
4.410000e-06	4.546863e-06	8.787681e-10	3.159418e+01	5.771507e+01
4.420000e-06	4.519725e-06	8.871649e-10	3.140561e+01	5.772681e+01
4.430000e-06	4.492267e-06	8.953489e-10	3.121482e+01	5.773574e+01
4.440000e-06	4.464535e-06	8.847859e-10	3.102212e+01	5.774159e+01
4.450000e-06	4.436600e-06	8.847767e-10	3.082802e+01	5.774412e+01
4.460000e-06	4.408501e-06	8.954261e-10	3.063277e+01	5.774315e+01
4.470000e-06	4.380158e-06	8.819547e-10	3.043582e+01	5.773850e+01
4.480000e-06	4.351582e-06	8.758905e-10	3.023726e+01	5.773008e+01
4.490000e-06	4.322771e-06	8.841456e-10	3.003707e+01	5.771780e+01
4.500000e-06	4.293502e-06	8.795973e-10	2.983369e+01	5.770163e+01
4.510000e-06	4.263606e-06	8.716534e-10	2.962596e+01	5.768159e+01
4.520000e-06	4.233133e-06	8.859518e-10	2.941421e+01	5.765773e+01
4.530000e-06	4.202200e-06	8.878230e-10	2.919927e+01	5.763015e+01
4.540000e-06	4.170818e-06	8.729244e-10	2.898121e+01	5.759898e+01
4.550000e-06	4.139087e-06	8.755686e-10	2.876073e+01	5.756439e+01
4.560000e-06	4.107169e-06	8.815266e-10	2.853894e+01	5.752660e+01
4.570000e-06	4.075034e-06	8.699434e-10	2.831565e+01	5.748583e+01
4.580000e-06	4.042702e-06	8.691843e-10	2.809099e+01	5.744237e+01
4.590000e-06	4.010180e-06	8.822559e-10	2.786501e+01	5.739649e+01
4.600000e-06	3.977439e-06	8.817416e-10	2.763750e+01	5.734852e+01
4.610000e-06	3.944430e-06	8.786406e-10	2.740814e+01	5.729878e+01
4.620000e-06	3.911164e-06	8.861574e-10	2.717699e+01	5.724762e+01
4.630000e-06	3.877686e-06	8.883057e-10	2.694437e+01	5.719540e+01
4.640000e-06	3.843965e-06	8.789518e-10	2.671005e+01	5.714247e+01
4.650000e-06	3.809929e-06	8.776584e-10	2.647355e+01	5.708919e+01
4.660000e-06	3.775565e-06	8.785055e-10	2.623477e+01	5.703591e+01
4.670000e-06	3.740945e-06	8.744750e-10	2.599421e+01	5.698298e+01
4.680000e-06	3.706141e-06	8.754807e-10	2.575237e+01	5.693072e+01
4.690000e-06	3.671135e-06	8.864532e-10	2.550913e+01	5.687946e+01
4.700000e-06	3.635819e-06	8.851389e-10	2.526373e+01	5.682947e+01
4.710000e-06	3.600186e-06	8.806438e-10	2.501614e+01	5.678102e+01
4.720000e-06	3.564337e-06	8.836925e-10	2.476704e+01	5.673435e+01
4.730000e-06	3.528342e-06	8.847698e-10	2.451692e+01	5.668967e+01
4.740000e-06	3.492210e-06	8.797626e-10	2.426586e+01	5.664713e+01
4.750000e-06	3.455961e-06	8.824121e-10	2.401398e+01	5.660688e+01
4.760000e-06	3.419541e-06	8.854871e-10	2.376091e+01	5.656900e+01
4.770000e-06	3.382943e-06	8.847606e-10	2.350661e+01	5.653354e+01
4.780000e-06	3.346084e-06	8.837999e-10	2.325049e+01	5.650052e+01
4.790000e-06	3.308962e-06	8.848637e-10	2.299255e+01	5.646990e+01
4.800000e-06	3.271540e-06	8.817669e-10	2.273252e+01	5.644160e+01
4.810000e-06	3.233645e-06	8.788228e-10	2.246920e+01	5.641550e+01
4.820000e-06	3.195255e-06	8.809053e-10	2.220245e+01	5.639145e+01
4.830000e-06	3.156482e-06	8.832950e-10	2.193303e+01	5.636925e+01
4.840000e-06	3.117438e-06	8.817365e-10	2.166173e+01	5.634864e+01
4.850000e-06	3.078044e-06	8.816136e-10	2.138800e+01	5.632937e+01
4.860000e-06	3.038361e-06	8.833401e-10	2.111226e+01	5.631111e+01
4.870000e-06	2.998531e-06	8.830685e-10	2.083550e+01	5.629352e+01
4.880000e-06	2.958546e-06	8.842227e-10	2.055766e+01	5.627622e+01
4.890000e-06	2.918431e-06	8.859415e-10	2.027892e+01	5.625883e+01
4.900000e-06	2.878185e-06	8.850252e-10	1.999926e+01	5.624092e+01
4.910000e-06	2.837781e-06	8.819424e-10	1.971851e+01	5.622205e+01
4.920000e-06	2.797229e-06	8.810016e-10	1.943674e+01	5.620176e+01
4.930000e-06	2.756549e-06	8.804197e-10	1.915407e+01	5.617959e+01
4.940000e-06	2.715745e-06	8.808707e-10	1.887054e+01	5.615506e+01
4.950000e-06	2.674791e-06	8.827885e-10	1.858596e+01	5.612769e+01
4.960000e-06	2.633630e-06	8.858419e-10	1.829996e+01	5.609701e+01
4.970000e-06	2.592233e-06	8.858831e-10	1.801231e+01	5.606253e+01
4.980000e-06	2.550598e-06	8.855690e-10	1.772300e+01	5.602378e+01
4.990000e-06	2.508725e-06	8.834892e-10	1.743205e+01	5.598031e+01
5.000000e-06	2.466766e-06	8.799155e-10	1.714049e+01	5.593166e+01
5.010000e-06	2.424785e-06	8.767033e-10	1.684878e+01	5.587739e+01
5.020000e-06	2.382657e-06	8.751805e-10	1.655605e+01	5.581709e+01
5.030000e-06	2.340330e-06	8.749827e-10	1.626194e+01	5.575035e+01
5.040000e-06	2.297787e-06	8.774538e-10	1.596633e+01	5.567679e+01
5.050000e-06	2.255073e-06	8.792540e-10	1.566953e+01	5.559605e+01
5.060000e-06	2.212153e-06	8.793754e-10	1.537129e+01	5.550778e+01
5.070000e-06	2.168948e-06	8.779252e-10	1.507108e+01	5.541167e+01
5.080000e-06	2.125560e-06	8.762652e-10	1.476960e+01	5.530741e+01
5.090000e-06	2.082038e-06	8.716612e-10	1.446718e+01	5.519471e+01
5.100000e-06	2.038398e-06	8.650445e-10	1.416394e+01	5.507332e+01
5.110000e-06	1.994627e-06	8.609004e-10	1.385980e+01	5.494298e+01
5.120000e-06	1.950795e-06	8.597760e-10	1.355523e+01	5.480345e+01
5.130000e-06	1.906918e-06	8.604685e-10	1.325035e+01	5.465453e+01
5.140000e-06	1.862920e-06	8.617337e-10	1.294463e+01	5.449598e+01
5.150000e-06	1.818822e-06	8.619557e-10	1.263821e+01	5.432760e+01
5.160000e-06	1.774653e-06	8.597847e-10	1.233129e+01	5.414919e+01
5.170000e-06	1.730444e-06	8.586733e-10	1.202411e+01	5.396053e+01
5.180000e-06	1.686174e-06	8.577106e-10	1.171649e+01	5.376141e+01
5.190000e-06	1.641856e-06	8.556421e-10	1.140855e+01	5.355161e+01
5.200000e-06	1.597443e-06	8.523625e-10	1.109994e+01	5.333090e+01
5.210000e-06	1.552930e-06	8.507948e-10	1.079064e+01	5.309901e+01
5.220000e-06	1.508344e-06	8.515168e-10	1.048083e+01	5.285569e+01
5.230000e-06	1.463670e-06	8.520614e-10	1.017041e+01	5.260063e+01
5.240000e-06	1.418933e-06	8.501035e-10	9.859551e+00	5.233351e+01
5.250000e-06	1.374087e-06	8.461180e-10	9.547934e+00	5.205398e+01
5.260000e-06	1.329153e-06	8.407158e-10	9.235711e+00	5.176165e+01
5.270000e-06	1.284172e-06	8.332081e-10	8.923158e+00	5.145609e+01
5.280000e-06	1.239046e-06	8.282253e-10	8.609593e+00	5.113684e+01
5.290000e-06	1.193788e-06	8.260349e-10	8.295114e+00	5.080340e+01
5.300000e-06	1.148456e-06	8.236511e-10	7.980121e+00	5.045523e+01
5.310000e-06	1.103042e-06	8.223356e-10	7.664564e+00	5.009173e+01
5.320000e-06	1.057555e-06	8.187580e-10	7.348490e+00	4.971229e+01
5.330000e-06	1.011934e-06	8.120172e-10	7.031489e+00	4.931624e+01
5.340000e-06	9.662509e-07	8.042474e-10	6.714060e+00	4.890285e+01
5.350000e-06	9.204529e-07	7.983196e-10	6.395830e+00	4.847139e+01
5.360000e-06	8.744898e-07	7.916796e-10	6.076451e+00	4.802107e+01
5.370000e-06	8.285090e-07	7.846924e-10	5.756951e+00	4.755107e+01
5.380000e-06	7.825317e-07	7.795338e-10	5.437474e+00	4.706053e+01
5.390000e-06	7.364529e-07	7.770141e-10	5.117293e+00	4.654859e+01
5.400000e-06	6.902993e-07	7.739046e-10	4.796592e+00	4.601435e+01
5.410000e-06	6.441218e-07	7.663257e-10	4.475724e+00	4.545689e+01
5.420000e-06	5.979638e-07	7.536465e-10	4.154992e+00	4.487529e+01
5.430000e-06	5.517274e-07	7.389647e-10	3.833715e+00	4.426863e+01
5.440000e-06	5.053536e-07	7.247033e-10	3.511483e+00	4.363598e+01
5.450000e-06	4.589195e-07	7.131917e-10	3.188833e+00	4.297642e+01
5.460000e-06	4.124380e-07	7.069638e-10	2.865853e+00	4.228905e+01
5.470000e-06	3.660134e-07	7.035838e-10	2.543269e+00	4.157302e+01
5.480000e-06	3.196193e-07	6.988777e-10	2.220897e+00	4.082746e+01
5.490000e-06	2.731566e-07	6.890654e-10	1.898047e+00	4.005160e+01
5.500000e-06	2.266803e-07	6.758353e-10	1.575104e+00	3.924467e+01
5.510000e-06	1.802332e-07	6.605144e-10	1.252362e+00	3.840598e+01
5.520000e-06	1.337697e-07	6.440550e-10	9.295079e-01	3.753490e+01
5.530000e-06	8.731818e-08	6.273291e-10	6.067363e-01	3.663088e+01
5.540000e-06	4.089925e-08	6.124699e-10	2.841912e-01	3.569344e+01
5.550000e-06	-5.519691e-09	5.982395e-10	-3.835395e-02	3.472219e+01
5.560000e-06	-5.200160e-08	5.832088e-10	-3.613366e-01	3.371683e+01
5.570000e-06	-9.853573e-08	5.667248e-10	-6.846822e-01	3.267718e+01
5.580000e-06	-1.450030e-07	5.468280e-10	-1.007563e+00	3.160313e+01
5.590000e-06	-1.914423e-07	5.248419e-10	-1.330250e+00	3.049471e+01
5.600000e-06	-2.379092e-07	5.058347e-10	-1.653128e+00	2.935206e+01
5.610000e-06	-2.843765e-07	4.877882e-10	-1.976009e+00	2.817543e+01
5.620000e-06	-3.308274e-07	4.681490e-10	-2.298777e+00	2.696521e+01
5.630000e-06	-3.772722e-07	4.456538e-10	-2.621502e+00	2.572189e+01
5.640000e-06	-4.237252e-07	4.229708e-10	-2.944283e+00	2.444611e+01
5.650000e-06	-4.700813e-07	3.996571e-10	-3.266392e+00	2.313863e+01
5.660000e-06	-5.163554e-07	3.730597e-10	-3.587930e+00	2.180032e+01
5.670000e-06	-5.625347e-07	3.479656e-10	-3.908810e+00	2.043220e+01
5.680000e-06	-6.086373e-07	3.271178e-10	-4.229157e+00	1.903540e+01
5.690000e-06	-6.548372e-07	3.073120e-10	-4.550180e+00	1.761119e+01
5.700000e-06	-7.010658e-07	2.847082e-10	-4.871403e+00	1.616092e+01
5.710000e-06	-7.472151e-07	2.572773e-10	-5.192074e+00	1.468609e+01
5.720000e-06	-7.932563e-07	2.265081e-10	-5.511995e+00	1.318829e+01
5.730000e-06	-8.391754e-07	1.966712e-10	-5.831067e+00	1.166921e+01
5.740000e-06	-8.850750e-07	1.689999e-10	-6.150003e+00	1.013065e+01
5.750000e-06	-9.309001e-07	1.431368e-10	-6.468423e+00	8.574480e+00
5.760000e-06	-9.766043e-07	1.188816e-10	-6.786001e+00	7.002657e+00
5.770000e-06	-1.022279e-06	9.571000e-11	-7.103372e+00	5.417210e+00
5.780000e-06	-1.067869e-06	7.086434e-11	-7.420162e+00	3.820227e+00
5.790000e-06	-1.113255e-06	4.231663e-11	-7.735525e+00	2.213850e+00
5.800000e-06	-1.158491e-06	1.165901e-11	-8.049851e+00	6.002609e-01
5.810000e-06	-1.203703e-06	-1.829302e-11	-8.364012e+00	-1.018324e+00
5.820000e-06	-1.248810e-06	-4.413737e-11	-8.677440e+00	-2.639668e+00
5.830000e-06	-1.293803e-06	-6.735267e-11	-8.990076e+00	-4.261522e+00
5.840000e-06	-1.338720e-06	-9.000394e-11	-9.302189e+00	-5.881640e+00
5.850000e-06	-1.383520e-06	-1.165305e-10	-9.613484e+00	-7.497780e+00
5.860000e-06	-1.428183e-06	-1.459312e-10	-9.923828e+00	-9.107725e+00
5.870000e-06	-1.472700e-06	-1.754667e-10	-1.023316e+01	-1.070929e+01
5.880000e-06	-1.517215e-06	-2.037387e-10	-1.054247e+01	-1.230032e+01
5.890000e-06	-1.561733e-06	-2.290554e-10	-1.085181e+01	-1.387872e+01
5.900000e-06	-1.606179e-06	-2.528585e-10	-1.116064e+01	-1.544245e+01
5.910000e-06	-1.650571e-06	-2.745243e-10	-1.146911e+01	-1.698954e+01
5.920000e-06	-1.694876e-06	-2.968779e-10	-1.177696e+01	-1.851810e+01
5.930000e-06	-1.739070e-06	-3.213924e-10	-1.208404e+01	-2.002631e+01
5.940000e-06	-1.783205e-06	-3.487532e-10	-1.239072e+01	-2.151245e+01
5.950000e-06	-1.827302e-06	-3.761229e-10	-1.269713e+01	-2.297490e+01
5.960000e-06	-1.871311e-06	-4.012568e-10	-1.300293e+01	-2.441212e+01
5.970000e-06	-1.915209e-06	-4.220552e-10	-1.330796e+01	-2.582272e+01
5.980000e-06	-1.959029e-06	-4.394687e-10	-1.361245e+01	-2.720537e+01
5.990000e-06	-2.002683e-06	-4.571800e-10	-1.391578e+01	-2.855889e+01
6.000000e-06	-2.046169e-06	-4.763927e-10	-1.421794e+01	-2.988220e+01
6.010000e-06	-2.089592e-06	-4.981105e-10	-1.451967e+01	-3.117435e+01
6.020000e-06	-2.132855e-06	-5.233862e-10	-1.482029e+01	-3.243450e+01
6.030000e-06	-2.175949e-06	-5.511722e-10	-1.511973e+01	-3.366193e+01
6.040000e-06	-2.218896e-06	-5.786267e-10	-1.541815e+01	-3.485604e+01
6.050000e-06	-2.261626e-06	-5.996638e-10	-1.571506e+01	-3.601635e+01
6.060000e-06	-2.304177e-06	-6.117670e-10	-1.601073e+01	-3.714249e+01
6.070000e-06	-2.346500e-06	-6.177206e-10	-1.630481e+01	-3.823421e+01
6.080000e-06	-2.388621e-06	-6.268021e-10	-1.659750e+01	-3.929137e+01
6.090000e-06	-2.430685e-06	-6.454814e-10	-1.688978e+01	-4.031391e+01
6.100000e-06	-2.472594e-06	-6.707644e-10	-1.718099e+01	-4.130191e+01
6.110000e-06	-2.514313e-06	-6.959992e-10	-1.747087e+01	-4.225553e+01
6.120000e-06	-2.555927e-06	-7.143766e-10	-1.776003e+01	-4.317500e+01
6.130000e-06	-2.597406e-06	-7.253825e-10	-1.804825e+01	-4.406067e+01
6.140000e-06	-2.638623e-06	-7.341504e-10	-1.833465e+01	-4.491296e+01
6.150000e-06	-2.679588e-06	-7.462595e-10	-1.861930e+01	-4.573234e+01
6.160000e-06	-2.720377e-06	-7.614861e-10	-1.890272e+01	-4.651937e+01
6.170000e-06	-2.760952e-06	-7.774346e-10	-1.918466e+01	-4.727467e+01
6.180000e-06	-2.801313e-06	-7.945981e-10	-1.946511e+01	-4.799891e+01
6.190000e-06	-2.841576e-06	-8.116190e-10	-1.974488e+01	-4.869280e+01
6.200000e-06	-2.881780e-06	-8.242628e-10	-2.002425e+01	-4.935711e+01
6.210000e-06	-2.921869e-06	-8.328074e-10	-2.030281e+01	-4.999262e+01
6.220000e-06	-2.961886e-06	-8.391566e-10	-2.058086e+01	-5.060015e+01
6.230000e-06	-3.001784e-06	-8.459905e-10	-2.085810e+01	-5.118056e+01
6.240000e-06	-3.041492e-06	-8.547159e-10	-2.113401e+01	-5.173471e+01
6.250000e-06	-3.080977e-06	-8.662396e-10	-2.140838e+01	-5.226346e+01
6.260000e-06	-3.120166e-06	-8.801187e-10	-2.168069e+01	-5.276769e+01
6.270000e-06	-3.159050e-06	-8.907134e-10	-2.195087e+01	-5.324829e+01
6.280000e-06	-3.197520e-06	-8.973997e-10	-2.221818e+01	-5.370613e+01
6.290000e-06	-3.235546e-06	-9.036602e-10	-2.248241e+01	-5.414208e+01
6.300000e-06	-3.273189e-06	-9.099702e-10	-2.274398e+01	-5.455701e+01
6.310000e-06	-3.310441e-06	-9.163842e-10	-2.300282e+01	-5.495175e+01
6.320000e-06	-3.347314e-06	-9.253018e-10	-2.325904e+01	-5.532713e+01
6.330000e-06	-3.383859e-06	-9.330344e-10	-2.351297e+01	-5.568396e+01
6.340000e-06	-3.420280e-06	-9.374359e-10	-2.376605e+01	-5.602302e+01
6.350000e-06	-3.456624e-06	-9.429770e-10	-2.401859e+01	-5.634508e+01
6.360000e-06	-3.492781e-06	-9.473505e-10	-2.426982e+01	-5.665086e+01
6.370000e-06	-3.528768e-06	-9.523727e-10	-2.451988e+01	-5.694108e+01
6.380000e-06	-3.564578e-06	-9.577286e-10	-2.476871e+01	-5.721642e+01
6.390000e-06	-3.600203e-06	-9.621902e-10	-2.501626e+01	-5.747753e+01
6.400000e-06	-3.635622e-06	-9.639375e-10	-2.526236e+01	-5.772503e+01
6.410000e-06	-3.670822e-06	-9.646400e-10	-2.550696e+01	-5.795953e+01
6.420000e-06	-3.705751e-06	-9.661763e-10	-2.574966e+01	-5.818160e+01
6.430000e-06	-3.740375e-06	-9.661809e-10	-2.599025e+01	-5.839177e+01
6.440000e-06	-3.774705e-06	-9.664791e-10	-2.622879e+01	-5.859057e+01
6.450000e-06	-3.808723e-06	-9.680162e-10	-2.646517e+01	-5.877849e+01
6.460000e-06	-3.842527e-06	-9.698905e-10	-2.670006e+01	-5.895600e+01
6.470000e-06	-3.876106e-06	-9.693907e-10	-2.693339e+01	-5.912354e+01
6.480000e-06	-3.909363e-06	-9.693609e-10	-2.716447e+01	-5.928153e+01
6.490000e-06	-3.942336e-06	-9.702819e-10	-2.739358e+01	-5.943039e+01
6.500000e-06	-3.975027e-06	-9.704283e-10	-2.762074e+01	-5.957049e+01
6.510000e-06	-4.007466e-06	-9.718372e-10	-2.784615e+01	-5.970219e+01
6.520000e-06	-4.039752e-06	-9.761841e-10	-2.807049e+01	-5.982585e+01
6.530000e-06	-4.071851e-06	-9.802381e-10	-2.829353e+01	-5.994180e+01
6.540000e-06	-4.103696e-06	-9.806104e-10	-2.851481e+01	-6.005035e+01
6.550000e-06	-4.135254e-06	-9.780950e-10	-2.873409e+01	-6.015182e+01
6.560000e-06	-4.166424e-06	-9.768660e-10	-2.895068e+01	-6.024648e+01
6.570000e-06	-4.197157e-06	-9.763782e-10	-2.916423e+01	-6.033462e+01
6.580000e-06	-4.227433e-06	-9.780617e-10	-2.937460e+01	-6.041650e+01
6.590000e-06	-4.257260e-06	-9.800753e-10	-2.958186e+01	-6.049239e+01
6.600000e-06	-4.286714e-06	-9.804242e-10	-2.978652e+01	-6.056252e+01
6.610000e-06	-4.315722e-06	-9.800689e-10	-2.998809e+01	-6.062714e+01
6.620000e-06	-4.344336e-06	-9.800414e-10	-3.018691e+01	-6.068647e+01
6.630000e-06	-4.372715e-06	-9.810897e-10	-3.038411e+01	-6.074072e+01
6.640000e-06	-4.400910e-06	-9.827099e-10	-3.058002e+01	-6.079011e+01
6.650000e-06	-4.428951e-06	-9.844882e-10	-3.077486e+01	-6.083483e+01
6.660000e-06	-4.456790e-06	-9.846183e-10	-3.096831e+01	-6.087507e+01
6.670000e-06	-4.484278e-06	-9.833075e-10	-3.115931e+01	-6.091101e+01
6.680000e-06	-4.511352e-06	-9.805724e-10	-3.134743e+01	-6.094283e+01
6.690000e-06	-4.538146e-06	-9.767288e-10	-3.153361e+01	-6.097068e+01
6.700000e-06	-4.564685e-06	-9.752165e-10	-3.171802e+01	-6.099473e+01
6.710000e-06	-4.590928e-06	-9.757929e-10	-3.190038e+01	-6.101510e+01
6.720000e-06	-4.616815e-06	-9.747961e-10	-3.208025e+01	-6.103194e+01
6.730000e-06	-4.642276e-06	-9.741957e-10	-3.225717e+01	-6.104537e+01
6.740000e-06	-4.667417e-06	-9.760580e-10	-3.243186e+01	-6.105550e+01
6.750000e-06	-4.692250e-06	-9.781741e-10	-3.260442e+01	-6.106245e+01
6.760000e-06	-4.716765e-06	-9.775022e-10	-3.277476e+01	-6.106631e+01
6.770000e-06	-4.741047e-06	-9.747392e-10	-3.294349e+01	-6.106717e+01
6.780000e-06	-4.765137e-06	-9.730380e-10	-3.311087e+01	-6.106511e+01
6.790000e-06	-4.788937e-06	-9.750640e-10	-3.327625e+01	-6.106021e+01
6.800000e-06	-4.812462e-06	-9.792648e-10	-3.343971e+01	-6.105253e+01
6.810000e-06	-4.835628e-06	-9.823191e-10	-3.360069e+01	-6.104213e+01
6.820000e-06	-4.858252e-06	-9.815694e-10	-3.375789e+01	-6.102908e+01
6.830000e-06	-4.880395e-06	-9.776404e-10	-3.391176e+01	-6.101342e+01
6.840000e-06	-4.902025e-06	-9.726644e-10	-3.406206e+01	-6.099520e+01
6.850000e-06	-4.923204e-06	-9.702991e-10	-3.420921e+01	-6.097447e+01
6.860000e-06	-4.944009e-06	-9.688309e-10	-3.435378e+01	-6.095127e+01
6.870000e-06	-4.964424e-06	-9.664734e-10	-3.449564e+01	-6.092565e+01
6.880000e-06	-4.984624e-06	-9.654359e-10	-3.463599e+01	-6.089765e+01
6.890000e-06	-5.004649e-06	-9.654157e-10	-3.477514e+01	-6.086732e+01
6.900000e-06	-5.024303e-06	-9.644190e-10	-3.491171e+01	-6.083471e+01
6.910000e-06	-5.043564e-06	-9.613307e-10	-3.504554e+01	-6.079989e+01
6.920000e-06	-5.062499e-06	-9.581174e-10	-3.517712e+01	-6.076291e+01
6.930000e-06	-5.081111e-06	-9.558451e-10	-3.530644e+01	-6.072385e+01
6.940000e-06	-5.099386e-06	-9.554448e-10	-3.543343e+01	-6.068278e+01
6.950000e-06	-5.117318e-06	-9.573671e-10	-3.555803e+01	-6.063978e+01
6.960000e-06	-5.134881e-06	-9.585648e-10	-3.568007e+01	-6.059497e+01
6.970000e-06	-5.152156e-06	-9.573028e-10	-3.580011e+01	-6.054845e+01
6.980000e-06	-5.169167e-06	-9.549985e-10	-3.591831e+01	-6.050033e+01
6.990000e-06	-5.185791e-06	-9.525462e-10	-3.603382e+01	-6.045075e+01
7.000000e-06	-5.202113e-06	-9.498247e-10	-3.614724e+01	-6.039985e+01
7.010000e-06	-5.218238e-06	-9.486918e-10	-3.625928e+01	-6.034779e+01
7.020000e-06	-5.234000e-06	-9.470394e-10	-3.636880e+01	-6.029473e+01
7.030000e-06	-5.249216e-06	-9.433701e-10	-3.647453e+01	-6.024086e+01
7.040000e-06	-5.263930e-06	-9.401802e-10	-3.657677e+01	-6.018637e+01
7.050000e-06	-5.277998e-06	-9.366874e-10	-3.667452e+01	-6.013144e+01
7.060000e-06	-5.291355e-06	-9.359754e-10	-3.676733e+01	-6.007631e+01
7.070000e-06	-5.304343e-06	-9.362333e-10	-3.685758e+01	-6.002117e+01
7.080000e-06	-5.317051e-06	-9.386107e-10	-3.694589e+01	-5.996626e+01
7.090000e-06	-5.329396e-06	-9.396687e-10	-3.703167e+01	-5.991181e+01
7.100000e-06	-5.341372e-06	-9.385354e-10	-3.711489e+01	-5.985804e+01
7.110000e-06	-5.352889e-06	-9.358271e-10	-3.719491e+01	-5.980520e+01
7.120000e-06	-5.363927e-06	-9.308402e-10	-3.727161e+01	-5.975352e+01
7.130000e-06	-5.374593e-06	-9.275018e-10	-3.734572e+01	-5.970322e+01
7.140000e-06	-5.384930e-06	-9.262064e-10	-3.741755e+01	-5.965455e+01
7.150000e-06	-5.394886e-06	-9.273508e-10	-3.748673e+01	-5.960771e+01
7.160000e-06	-5.404534e-06	-9.280767e-10	-3.755377e+01	-5.956292e+01
7.170000e-06	-5.413864e-06	-9.272657e-10	-3.761860e+01	-5.952038e+01
7.180000e-06	-5.422749e-06	-9.238598e-10	-3.768034e+01	-5.948027e+01
7.190000e-06	-5.431270e-06	-9.176422e-10	-3.773955e+01	-5.944277e+01
7.200000e-06	-5.439566e-06	-9.122722e-10	-3.779719e+01	-5.940803e+01
7.210000e-06	-5.447617e-06	-9.093741e-10	-3.785313e+01	-5.937617e+01
7.220000e-06	-5.455262e-06	-9.090484e-10	-3.790626e+01	-5.934730e+01
7.230000e-06	-5.462491e-06	-9.101495e-10	-3.795649e+01	-5.932151e+01
7.240000e-06	-5.469285e-06	-9.097305e-10	-3.800370e+01	-5.929886e+01
7.250000e-06	-5.475512e-06	-9.094132e-10	-3.804697e+01	-5.927938e+01
7.260000e-06	-5.481066e-06	-9.084942e-10	-3.808556e+01	-5.926306e+01
7.270000e-06	-5.486027e-06	-9.062056e-10	-3.812003e+01	-5.924990e+01
7.280000e-06	-5.490638e-06	-9.023160e-10	-3.815207e+01	-5.923982e+01
7.290000e-06	-5.495017e-06	-9.017286e-10	-3.818250e+01	-5.923275e+01
7.300000e-06	-5.499155e-06	-9.021227e-10	-3.821125e+01	-5.922856e+01
7.310000e-06	-5.503013e-06	-9.015824e-10	-3.823806e+01	-5.922712e+01
7.320000e-06	-5.506560e-06	-9.001354e-10	-3.826270e+01	-5.922825e+01
7.330000e-06	-5.509663e-06	-8.958750e-10	-3.828426e+01	-5.923174e+01
7.340000e-06	-5.512336e-06	-8.922340e-10	-3.830284e+01	-5.923736e+01
7.350000e-06	-5.514690e-06	-8.912607e-10	-3.831920e+01	-5.924487e+01
7.360000e-06	-5.516756e-06	-8.929220e-10	-3.833355e+01	-5.925398e+01
7.370000e-06	-5.518406e-06	-8.951434e-10	-3.834502e+01	-5.926440e+01
7.380000e-06	-5.519585e-06	-8.968384e-10	-3.835321e+01	-5.927580e+01
7.390000e-06	-5.520422e-06	-8.977824e-10	-3.835903e+01	-5.928786e+01
7.400000e-06	-5.520945e-06	-8.975151e-10	-3.836266e+01	-5.930023e+01
