# Temperatura_=_-6.44
# Concentracion g/m^3_=_1620.0
# C_Vs_to_Am_M_A/Vsm_=_65563218390.804596
# pendiente_HvsI_1/m_=_3716.3
# ordenada_HvsI_A/m_=_1297.0
# frecuencia_Hz_=_135098.88873959522

Tiempo_(s)	Campo_(V.s)	Magnetizacion_(V.s)	Campo_(kA/m)	Magnetizacion_(A/m)
0.000000e+00	-5.534760e-06	-1.291722e-09	-3.837268e+01	-8.502634e+01
1.000000e-08	-5.534816e-06	-1.286181e-09	-3.837307e+01	-8.499788e+01
2.000000e-08	-5.534633e-06	-1.284407e-09	-3.837180e+01	-8.496988e+01
3.000000e-08	-5.534049e-06	-1.285928e-09	-3.836775e+01	-8.494208e+01
4.000000e-08	-5.533048e-06	-1.289349e-09	-3.836081e+01	-8.491423e+01
5.000000e-08	-5.531476e-06	-1.289459e-09	-3.834991e+01	-8.488607e+01
6.000000e-08	-5.529276e-06	-1.282784e-09	-3.833466e+01	-8.485731e+01
7.000000e-08	-5.526511e-06	-1.289908e-09	-3.831549e+01	-8.482767e+01
8.000000e-08	-5.523166e-06	-1.304978e-09	-3.829230e+01	-8.479688e+01
9.000000e-08	-5.519321e-06	-1.308962e-09	-3.826564e+01	-8.476465e+01
1.000000e-07	-5.515135e-06	-1.321354e-09	-3.823662e+01	-8.473072e+01
1.100000e-07	-5.510700e-06	-1.316296e-09	-3.820587e+01	-8.469480e+01
1.200000e-07	-5.506017e-06	-1.245425e-09	-3.817340e+01	-8.465665e+01
1.300000e-07	-5.501103e-06	-1.233425e-09	-3.813933e+01	-8.461602e+01
1.400000e-07	-5.495806e-06	-1.285845e-09	-3.810261e+01	-8.457269e+01
1.500000e-07	-5.490091e-06	-1.349890e-09	-3.806299e+01	-8.452644e+01
1.600000e-07	-5.483973e-06	-1.283301e-09	-3.802057e+01	-8.447708e+01
1.700000e-07	-5.477457e-06	-1.213117e-09	-3.797539e+01	-8.442444e+01
1.800000e-07	-5.470541e-06	-1.253569e-09	-3.792744e+01	-8.436838e+01
1.900000e-07	-5.463238e-06	-1.296814e-09	-3.787681e+01	-8.430878e+01
2.000000e-07	-5.455662e-06	-1.262405e-09	-3.782429e+01	-8.424555e+01
2.100000e-07	-5.447850e-06	-1.221048e-09	-3.777013e+01	-8.417861e+01
2.200000e-07	-5.439739e-06	-1.259310e-09	-3.771389e+01	-8.410794e+01
2.300000e-07	-5.431323e-06	-1.274286e-09	-3.765555e+01	-8.403351e+01
2.400000e-07	-5.422502e-06	-1.232670e-09	-3.759439e+01	-8.395536e+01
2.500000e-07	-5.412959e-06	-1.194553e-09	-3.752823e+01	-8.387351e+01
2.600000e-07	-5.402663e-06	-1.233282e-09	-3.745685e+01	-8.378804e+01
2.700000e-07	-5.391800e-06	-1.265679e-09	-3.738153e+01	-8.369905e+01
2.800000e-07	-5.380542e-06	-1.260283e-09	-3.730348e+01	-8.360666e+01
2.900000e-07	-5.368894e-06	-1.224193e-09	-3.722273e+01	-8.351101e+01
3.000000e-07	-5.356824e-06	-1.234156e-09	-3.713905e+01	-8.341227e+01
3.100000e-07	-5.344331e-06	-1.241910e-09	-3.705243e+01	-8.331062e+01
3.200000e-07	-5.331430e-06	-1.233286e-09	-3.696299e+01	-8.320625e+01
3.300000e-07	-5.318135e-06	-1.202943e-09	-3.687081e+01	-8.309938e+01
3.400000e-07	-5.304482e-06	-1.216489e-09	-3.677615e+01	-8.299024e+01
3.500000e-07	-5.290382e-06	-1.255777e-09	-3.667840e+01	-8.287906e+01
3.600000e-07	-5.275770e-06	-1.257425e-09	-3.657709e+01	-8.276608e+01
3.700000e-07	-5.260633e-06	-1.216480e-09	-3.647215e+01	-8.265154e+01
3.800000e-07	-5.245080e-06	-1.215733e-09	-3.636432e+01	-8.253569e+01
3.900000e-07	-5.229201e-06	-1.229628e-09	-3.625423e+01	-8.241876e+01
4.000000e-07	-5.212793e-06	-1.194557e-09	-3.614047e+01	-8.230100e+01
4.100000e-07	-5.195889e-06	-1.195941e-09	-3.602328e+01	-8.218263e+01
4.200000e-07	-5.178735e-06	-1.243041e-09	-3.590434e+01	-8.206386e+01
4.300000e-07	-5.161329e-06	-1.222346e-09	-3.578367e+01	-8.194490e+01
4.400000e-07	-5.143508e-06	-1.176516e-09	-3.566012e+01	-8.182593e+01
4.500000e-07	-5.125300e-06	-1.225807e-09	-3.553388e+01	-8.170713e+01
4.600000e-07	-5.106758e-06	-1.236600e-09	-3.540533e+01	-8.158865e+01
4.700000e-07	-5.087801e-06	-1.165914e-09	-3.527390e+01	-8.147062e+01
4.800000e-07	-5.068487e-06	-1.175320e-09	-3.513999e+01	-8.135313e+01
4.900000e-07	-5.048948e-06	-1.228951e-09	-3.500453e+01	-8.123629e+01
5.000000e-07	-5.029161e-06	-1.177837e-09	-3.486735e+01	-8.112014e+01
5.100000e-07	-5.009091e-06	-1.159220e-09	-3.472820e+01	-8.100472e+01
5.200000e-07	-4.988747e-06	-1.217884e-09	-3.458715e+01	-8.089003e+01
5.300000e-07	-4.968073e-06	-1.195108e-09	-3.444382e+01	-8.077607e+01
5.400000e-07	-4.947014e-06	-1.140781e-09	-3.429781e+01	-8.066279e+01
5.500000e-07	-4.925539e-06	-1.197672e-09	-3.414893e+01	-8.055012e+01
5.600000e-07	-4.903642e-06	-1.212020e-09	-3.399712e+01	-8.043798e+01
5.700000e-07	-4.881444e-06	-1.146615e-09	-3.384322e+01	-8.032625e+01
5.800000e-07	-4.859008e-06	-1.157979e-09	-3.368767e+01	-8.021481e+01
5.900000e-07	-4.836237e-06	-1.195337e-09	-3.352979e+01	-8.010350e+01
6.000000e-07	-4.813030e-06	-1.146101e-09	-3.336890e+01	-7.999216e+01
6.100000e-07	-4.789564e-06	-1.135492e-09	-3.320621e+01	-7.988061e+01
6.200000e-07	-4.765955e-06	-1.178182e-09	-3.304253e+01	-7.976864e+01
6.300000e-07	-4.742075e-06	-1.161912e-09	-3.287696e+01	-7.965607e+01
6.400000e-07	-4.717920e-06	-1.137218e-09	-3.270950e+01	-7.954267e+01
6.500000e-07	-4.693453e-06	-1.161318e-09	-3.253987e+01	-7.942823e+01
6.600000e-07	-4.668514e-06	-1.154982e-09	-3.236697e+01	-7.931253e+01
6.700000e-07	-4.642972e-06	-1.132855e-09	-3.218988e+01	-7.919535e+01
6.800000e-07	-4.616815e-06	-1.147444e-09	-3.200853e+01	-7.907647e+01
6.900000e-07	-4.590210e-06	-1.150343e-09	-3.182408e+01	-7.895568e+01
7.000000e-07	-4.563150e-06	-1.133246e-09	-3.163648e+01	-7.883277e+01
7.100000e-07	-4.535707e-06	-1.138203e-09	-3.144621e+01	-7.870756e+01
7.200000e-07	-4.508077e-06	-1.145029e-09	-3.125465e+01	-7.857985e+01
7.300000e-07	-4.480279e-06	-1.130082e-09	-3.106192e+01	-7.844949e+01
7.400000e-07	-4.452301e-06	-1.125442e-09	-3.086796e+01	-7.831630e+01
7.500000e-07	-4.424088e-06	-1.126690e-09	-3.067235e+01	-7.818017e+01
7.600000e-07	-4.395578e-06	-1.120952e-09	-3.047469e+01	-7.804096e+01
7.700000e-07	-4.366739e-06	-1.119690e-09	-3.027475e+01	-7.789858e+01
7.800000e-07	-4.337558e-06	-1.124678e-09	-3.007244e+01	-7.775296e+01
7.900000e-07	-4.308122e-06	-1.118335e-09	-2.986836e+01	-7.760403e+01
8.000000e-07	-4.278391e-06	-1.114484e-09	-2.966223e+01	-7.745175e+01
8.100000e-07	-4.248252e-06	-1.112076e-09	-2.945327e+01	-7.729612e+01
8.200000e-07	-4.217773e-06	-1.103387e-09	-2.924196e+01	-7.713714e+01
8.300000e-07	-4.187055e-06	-1.090489e-09	-2.902899e+01	-7.697482e+01
8.400000e-07	-4.156062e-06	-1.092837e-09	-2.881412e+01	-7.680922e+01
8.500000e-07	-4.124843e-06	-1.097189e-09	-2.859768e+01	-7.664040e+01
8.600000e-07	-4.093450e-06	-1.092873e-09	-2.838003e+01	-7.646844e+01
8.700000e-07	-4.061818e-06	-1.089381e-09	-2.816072e+01	-7.629343e+01
8.800000e-07	-4.030030e-06	-1.089293e-09	-2.794033e+01	-7.611548e+01
8.900000e-07	-3.998071e-06	-1.080064e-09	-2.771876e+01	-7.593471e+01
9.000000e-07	-3.965843e-06	-1.070097e-09	-2.749533e+01	-7.575125e+01
9.100000e-07	-3.933313e-06	-1.069085e-09	-2.726979e+01	-7.556523e+01
9.200000e-07	-3.900458e-06	-1.066689e-09	-2.704201e+01	-7.537681e+01
9.300000e-07	-3.867192e-06	-1.060984e-09	-2.681137e+01	-7.518612e+01
9.400000e-07	-3.833425e-06	-1.065915e-09	-2.657727e+01	-7.499332e+01
9.500000e-07	-3.799141e-06	-1.069771e-09	-2.633957e+01	-7.479854e+01
9.600000e-07	-3.764393e-06	-1.063543e-09	-2.609866e+01	-7.460192e+01
9.700000e-07	-3.729323e-06	-1.060196e-09	-2.585552e+01	-7.440361e+01
9.800000e-07	-3.694019e-06	-1.061796e-09	-2.561076e+01	-7.420373e+01
9.900000e-07	-3.658495e-06	-1.052463e-09	-2.536447e+01	-7.400239e+01
1.000000e-06	-3.622778e-06	-1.042429e-09	-2.511684e+01	-7.379969e+01
1.010000e-06	-3.586929e-06	-1.046434e-09	-2.486830e+01	-7.359574e+01
1.020000e-06	-3.551018e-06	-1.046780e-09	-2.461933e+01	-7.339059e+01
1.030000e-06	-3.514887e-06	-1.042487e-09	-2.436883e+01	-7.318431e+01
1.040000e-06	-3.478467e-06	-1.040282e-09	-2.411633e+01	-7.297693e+01
1.050000e-06	-3.441804e-06	-1.037594e-09	-2.386215e+01	-7.276848e+01
1.060000e-06	-3.404866e-06	-1.029101e-09	-2.360605e+01	-7.255895e+01
1.070000e-06	-3.367647e-06	-1.023934e-09	-2.334801e+01	-7.234833e+01
1.080000e-06	-3.330160e-06	-1.021806e-09	-2.308811e+01	-7.213657e+01
1.090000e-06	-3.292446e-06	-1.015948e-09	-2.282664e+01	-7.192361e+01
1.100000e-06	-3.254505e-06	-1.009026e-09	-2.256359e+01	-7.170938e+01
1.110000e-06	-3.216364e-06	-1.008053e-09	-2.229916e+01	-7.149376e+01
1.120000e-06	-3.177959e-06	-1.003255e-09	-2.203289e+01	-7.127664e+01
1.130000e-06	-3.139292e-06	-9.963075e-10	-2.176482e+01	-7.105787e+01
1.140000e-06	-3.100410e-06	-9.937797e-10	-2.149525e+01	-7.083731e+01
1.150000e-06	-3.061375e-06	-9.951377e-10	-2.122462e+01	-7.061478e+01
1.160000e-06	-3.022159e-06	-9.910737e-10	-2.095273e+01	-7.039009e+01
1.170000e-06	-2.982744e-06	-9.856024e-10	-2.067947e+01	-7.016305e+01
1.180000e-06	-2.943196e-06	-9.832063e-10	-2.040528e+01	-6.993343e+01
1.190000e-06	-2.903525e-06	-9.815162e-10	-2.013023e+01	-6.970102e+01
1.200000e-06	-2.863733e-06	-9.790340e-10	-1.985436e+01	-6.946559e+01
1.210000e-06	-2.823817e-06	-9.729119e-10	-1.957762e+01	-6.922689e+01
1.220000e-06	-2.783778e-06	-9.669923e-10	-1.930003e+01	-6.898468e+01
1.230000e-06	-2.743539e-06	-9.620143e-10	-1.902105e+01	-6.873871e+01
1.240000e-06	-2.703078e-06	-9.617093e-10	-1.874053e+01	-6.848874e+01
1.250000e-06	-2.662398e-06	-9.636365e-10	-1.845850e+01	-6.823450e+01
1.260000e-06	-2.621576e-06	-9.626804e-10	-1.817547e+01	-6.797574e+01
1.270000e-06	-2.580478e-06	-9.601238e-10	-1.789054e+01	-6.771221e+01
1.280000e-06	-2.538911e-06	-9.536487e-10	-1.760236e+01	-6.744365e+01
1.290000e-06	-2.496997e-06	-9.424737e-10	-1.731177e+01	-6.716982e+01
1.300000e-06	-2.454779e-06	-9.330225e-10	-1.701907e+01	-6.689045e+01
1.310000e-06	-2.412285e-06	-9.282574e-10	-1.672446e+01	-6.660531e+01
1.320000e-06	-2.369580e-06	-9.280832e-10	-1.642838e+01	-6.631413e+01
1.330000e-06	-2.326661e-06	-9.266580e-10	-1.613082e+01	-6.601669e+01
1.340000e-06	-2.283472e-06	-9.230515e-10	-1.583139e+01	-6.571272e+01
1.350000e-06	-2.240066e-06	-9.219825e-10	-1.553045e+01	-6.540198e+01
1.360000e-06	-2.196556e-06	-9.193007e-10	-1.522880e+01	-6.508422e+01
1.370000e-06	-2.152929e-06	-9.113569e-10	-1.492633e+01	-6.475918e+01
1.380000e-06	-2.109238e-06	-9.013177e-10	-1.462342e+01	-6.442661e+01
1.390000e-06	-2.065477e-06	-8.916939e-10	-1.432002e+01	-6.408624e+01
1.400000e-06	-2.021621e-06	-8.854808e-10	-1.401597e+01	-6.373778e+01
1.410000e-06	-1.977670e-06	-8.781690e-10	-1.371125e+01	-6.338096e+01
1.420000e-06	-1.933633e-06	-8.701191e-10	-1.340594e+01	-6.301546e+01
1.430000e-06	-1.889570e-06	-8.650808e-10	-1.310046e+01	-6.264098e+01
1.440000e-06	-1.845346e-06	-8.630827e-10	-1.279385e+01	-6.225716e+01
1.450000e-06	-1.800922e-06	-8.619496e-10	-1.248585e+01	-6.186365e+01
1.460000e-06	-1.756451e-06	-8.563399e-10	-1.217753e+01	-6.146007e+01
1.470000e-06	-1.711839e-06	-8.482672e-10	-1.186824e+01	-6.104599e+01
1.480000e-06	-1.667044e-06	-8.395474e-10	-1.155767e+01	-6.062100e+01
1.490000e-06	-1.622154e-06	-8.276932e-10	-1.124645e+01	-6.018461e+01
1.500000e-06	-1.577165e-06	-8.150769e-10	-1.093454e+01	-5.973631e+01
1.510000e-06	-1.532028e-06	-8.059275e-10	-1.062160e+01	-5.927558e+01
1.520000e-06	-1.486764e-06	-7.997164e-10	-1.030778e+01	-5.880184e+01
1.530000e-06	-1.441393e-06	-7.920858e-10	-9.993229e+00	-5.831447e+01
1.540000e-06	-1.395963e-06	-7.851088e-10	-9.678260e+00	-5.781284e+01
1.550000e-06	-1.350453e-06	-7.788045e-10	-9.362740e+00	-5.729625e+01
1.560000e-06	-1.304770e-06	-7.730552e-10	-9.046017e+00	-5.676397e+01
1.570000e-06	-1.259014e-06	-7.659506e-10	-8.728790e+00	-5.621525e+01
1.580000e-06	-1.213224e-06	-7.554633e-10	-8.411324e+00	-5.564929e+01
1.590000e-06	-1.167375e-06	-7.425726e-10	-8.093449e+00	-5.506525e+01
1.600000e-06	-1.121424e-06	-7.314727e-10	-7.774869e+00	-5.446228e+01
1.610000e-06	-1.075359e-06	-7.228908e-10	-7.455499e+00	-5.383946e+01
1.620000e-06	-1.029165e-06	-7.139001e-10	-7.135237e+00	-5.319589e+01
1.630000e-06	-9.828528e-07	-7.072379e-10	-6.814152e+00	-5.253061e+01
1.640000e-06	-9.365071e-07	-6.999795e-10	-6.492836e+00	-5.184265e+01
1.650000e-06	-8.901841e-07	-6.895953e-10	-6.171676e+00	-5.113103e+01
1.660000e-06	-8.438131e-07	-6.766061e-10	-5.850185e+00	-5.039477e+01
1.670000e-06	-7.973051e-07	-6.625988e-10	-5.527744e+00	-4.963286e+01
1.680000e-06	-7.507685e-07	-6.470800e-10	-5.205104e+00	-4.884431e+01
1.690000e-06	-7.042524e-07	-6.310221e-10	-4.882606e+00	-4.802814e+01
1.700000e-06	-6.577113e-07	-6.161522e-10	-4.559935e+00	-4.718336e+01
1.710000e-06	-6.110749e-07	-6.040274e-10	-4.236603e+00	-4.630902e+01
1.720000e-06	-5.643732e-07	-5.918125e-10	-3.912818e+00	-4.540421e+01
1.730000e-06	-5.175869e-07	-5.772275e-10	-3.588448e+00	-4.446802e+01
1.740000e-06	-4.707366e-07	-5.618900e-10	-3.263633e+00	-4.349962e+01
1.750000e-06	-4.239092e-07	-5.457421e-10	-2.938977e+00	-4.249821e+01
1.760000e-06	-3.770357e-07	-5.286249e-10	-2.614002e+00	-4.146306e+01
1.770000e-06	-3.301245e-07	-5.134793e-10	-2.288764e+00	-4.039348e+01
1.780000e-06	-2.832019e-07	-5.000581e-10	-1.963448e+00	-3.928887e+01
1.790000e-06	-2.362024e-07	-4.865534e-10	-1.637599e+00	-3.814873e+01
1.800000e-06	-1.890863e-07	-4.728800e-10	-1.310942e+00	-3.697261e+01
1.810000e-06	-1.419672e-07	-4.577115e-10	-9.842632e-01	-3.576018e+01
1.820000e-06	-9.496889e-08	-4.402150e-10	-6.584225e-01	-3.451119e+01
1.830000e-06	-4.806819e-08	-4.208401e-10	-3.332584e-01	-3.322551e+01
1.840000e-06	-1.164901e-09	-4.022917e-10	-8.076295e-03	-3.190311e+01
1.850000e-06	4.575772e-08	-3.855790e-10	3.172398e-01	-3.054409e+01
1.860000e-06	9.270760e-08	-3.698221e-10	6.427449e-01	-2.914864e+01
1.870000e-06	1.396469e-07	-3.511047e-10	9.681769e-01	-2.771711e+01
1.880000e-06	1.865911e-07	-3.289689e-10	1.293642e+00	-2.624995e+01
1.890000e-06	2.335537e-07	-3.048178e-10	1.619236e+00	-2.474774e+01
1.900000e-06	2.804980e-07	-2.794592e-10	1.944702e+00	-2.321119e+01
1.910000e-06	3.275144e-07	-2.552535e-10	2.270668e+00	-2.164115e+01
1.920000e-06	3.744925e-07	-2.334999e-10	2.596369e+00	-2.003857e+01
1.930000e-06	4.213540e-07	-2.137453e-10	2.921262e+00	-1.840456e+01
1.940000e-06	4.681798e-07	-1.941697e-10	3.245907e+00	-1.674033e+01
1.950000e-06	5.149563e-07	-1.735357e-10	3.570210e+00	-1.504722e+01
1.960000e-06	5.616300e-07	-1.506137e-10	3.893800e+00	-1.332670e+01
1.970000e-06	6.082379e-07	-1.260773e-10	4.216934e+00	-1.158032e+01
1.980000e-06	6.547491e-07	-1.011527e-10	4.539398e+00	-9.809785e+00
1.990000e-06	7.011313e-07	-7.438263e-11	4.860967e+00	-8.016860e+00
2.000000e-06	7.475248e-07	-4.543181e-11	5.182615e+00	-6.203427e+00
2.010000e-06	7.939489e-07	-1.763648e-11	5.504475e+00	-4.371452e+00
2.020000e-06	8.403426e-07	7.715536e-12	5.826124e+00	-2.522978e+00
2.030000e-06	8.866974e-07	3.288223e-11	6.147503e+00	-6.601233e-01
2.040000e-06	9.329860e-07	5.685208e-11	6.468424e+00	1.214934e+00
2.050000e-06	9.792161e-07	8.146929e-11	6.788938e+00	3.099963e+00
2.060000e-06	1.025344e-06	1.084707e-10	7.108746e+00	4.992689e+00
2.070000e-06	1.071384e-06	1.355612e-10	7.427942e+00	6.890804e+00
2.080000e-06	1.117385e-06	1.636788e-10	7.746867e+00	8.791978e+00
2.090000e-06	1.163300e-06	1.911564e-10	8.065198e+00	1.069387e+01
2.100000e-06	1.209095e-06	2.199629e-10	8.382698e+00	1.259413e+01
2.110000e-06	1.254783e-06	2.482215e-10	8.699452e+00	1.449044e+01
2.120000e-06	1.300411e-06	2.728506e-10	9.015796e+00	1.638046e+01
2.130000e-06	1.345997e-06	2.983169e-10	9.331843e+00	1.826193e+01
2.140000e-06	1.391503e-06	3.247744e-10	9.647337e+00	2.013258e+01
2.150000e-06	1.436932e-06	3.532314e-10	9.962300e+00	2.199023e+01
2.160000e-06	1.482300e-06	3.816980e-10	1.027684e+01	2.383273e+01
2.170000e-06	1.527559e-06	4.085702e-10	1.059062e+01	2.565802e+01
2.180000e-06	1.572688e-06	4.318322e-10	1.090350e+01	2.746410e+01
2.190000e-06	1.617671e-06	4.538596e-10	1.121537e+01	2.924905e+01
2.200000e-06	1.662495e-06	4.773201e-10	1.152613e+01	3.101106e+01
2.210000e-06	1.707198e-06	5.027148e-10	1.183606e+01	3.274840e+01
2.220000e-06	1.751795e-06	5.301534e-10	1.214526e+01	3.445945e+01
2.230000e-06	1.796200e-06	5.560050e-10	1.245312e+01	3.614269e+01
2.240000e-06	1.840472e-06	5.779492e-10	1.276005e+01	3.779674e+01
2.250000e-06	1.884650e-06	5.932753e-10	1.306634e+01	3.942029e+01
2.260000e-06	1.928704e-06	6.072295e-10	1.337177e+01	4.101220e+01
2.270000e-06	1.972651e-06	6.209733e-10	1.367646e+01	4.257141e+01
2.280000e-06	2.016502e-06	6.398080e-10	1.398047e+01	4.409699e+01
2.290000e-06	2.060288e-06	6.651667e-10	1.428405e+01	4.558816e+01
2.300000e-06	2.104023e-06	6.898153e-10	1.458726e+01	4.704423e+01
2.310000e-06	2.147702e-06	7.118542e-10	1.489009e+01	4.846464e+01
2.320000e-06	2.191301e-06	7.298029e-10	1.519236e+01	4.984895e+01
2.330000e-06	2.234820e-06	7.459268e-10	1.549409e+01	5.119685e+01
2.340000e-06	2.278158e-06	7.577124e-10	1.579454e+01	5.250813e+01
2.350000e-06	2.321261e-06	7.711878e-10	1.609338e+01	5.378268e+01
2.360000e-06	2.364219e-06	7.879186e-10	1.639121e+01	5.502052e+01
2.370000e-06	2.406976e-06	8.045216e-10	1.668764e+01	5.622175e+01
2.380000e-06	2.449511e-06	8.199828e-10	1.698254e+01	5.738657e+01
2.390000e-06	2.491762e-06	8.366292e-10	1.727547e+01	5.851529e+01
2.400000e-06	2.533600e-06	8.531826e-10	1.756553e+01	5.960827e+01
2.410000e-06	2.575053e-06	8.680137e-10	1.785293e+01	6.066597e+01
2.420000e-06	2.616244e-06	8.807911e-10	1.813851e+01	6.168891e+01
2.430000e-06	2.657152e-06	8.901129e-10	1.842212e+01	6.267769e+01
2.440000e-06	2.697765e-06	8.985231e-10	1.870370e+01	6.363295e+01
2.450000e-06	2.738147e-06	9.071467e-10	1.898366e+01	6.455539e+01
2.460000e-06	2.778258e-06	9.190719e-10	1.926176e+01	6.544575e+01
2.470000e-06	2.818234e-06	9.327603e-10	1.953891e+01	6.630482e+01
2.480000e-06	2.858157e-06	9.443471e-10	1.981570e+01	6.713341e+01
2.490000e-06	2.897941e-06	9.567966e-10	2.009152e+01	6.793234e+01
2.500000e-06	2.937583e-06	9.687373e-10	2.036636e+01	6.870248e+01
2.510000e-06	2.977049e-06	9.772475e-10	2.063999e+01	6.944470e+01
2.520000e-06	3.016346e-06	9.827863e-10	2.091243e+01	7.015986e+01
2.530000e-06	3.055497e-06	9.889852e-10	2.118386e+01	7.084885e+01
2.540000e-06	3.094464e-06	9.973316e-10	2.145402e+01	7.151254e+01
2.550000e-06	3.133243e-06	1.006597e-09	2.172288e+01	7.215180e+01
2.560000e-06	3.171750e-06	1.018692e-09	2.198985e+01	7.276748e+01
2.570000e-06	3.210003e-06	1.029498e-09	2.225506e+01	7.336042e+01
2.580000e-06	3.248100e-06	1.036855e-09	2.251919e+01	7.393145e+01
2.590000e-06	3.285971e-06	1.041538e-09	2.278175e+01	7.448137e+01
2.600000e-06	3.323545e-06	1.045316e-09	2.304225e+01	7.501096e+01
2.610000e-06	3.360950e-06	1.049616e-09	2.330158e+01	7.552097e+01
2.620000e-06	3.398203e-06	1.056653e-09	2.355986e+01	7.601213e+01
2.630000e-06	3.435189e-06	1.066815e-09	2.381628e+01	7.648514e+01
2.640000e-06	3.471846e-06	1.078813e-09	2.407042e+01	7.694068e+01
2.650000e-06	3.508161e-06	1.088432e-09	2.432220e+01	7.737939e+01
2.660000e-06	3.544253e-06	1.094792e-09	2.457242e+01	7.780189e+01
2.670000e-06	3.580217e-06	1.096975e-09	2.482176e+01	7.820876e+01
2.680000e-06	3.616076e-06	1.097738e-09	2.507038e+01	7.860057e+01
2.690000e-06	3.651793e-06	1.099132e-09	2.531800e+01	7.897785e+01
2.700000e-06	3.687336e-06	1.103691e-09	2.556443e+01	7.934111e+01
2.710000e-06	3.722702e-06	1.113335e-09	2.580962e+01	7.969083e+01
2.720000e-06	3.757849e-06	1.125446e-09	2.605330e+01	8.002748e+01
2.730000e-06	3.792739e-06	1.135831e-09	2.629519e+01	8.035150e+01
2.740000e-06	3.827203e-06	1.142955e-09	2.653413e+01	8.066331e+01
2.750000e-06	3.861204e-06	1.144751e-09	2.676986e+01	8.096330e+01
2.760000e-06	3.894706e-06	1.142275e-09	2.700213e+01	8.125188e+01
2.770000e-06	3.927636e-06	1.140693e-09	2.723043e+01	8.152941e+01
2.780000e-06	3.960170e-06	1.144167e-09	2.745599e+01	8.179624e+01
2.790000e-06	3.992408e-06	1.153013e-09	2.767950e+01	8.205273e+01
2.800000e-06	4.024351e-06	1.163065e-09	2.790096e+01	8.229920e+01
2.810000e-06	4.056096e-06	1.170164e-09	2.812105e+01	8.253599e+01
2.820000e-06	4.087726e-06	1.174358e-09	2.834034e+01	8.276341e+01
2.830000e-06	4.119203e-06	1.177225e-09	2.855857e+01	8.298177e+01
2.840000e-06	4.150513e-06	1.178331e-09	2.877565e+01	8.319137e+01
2.850000e-06	4.181493e-06	1.176058e-09	2.899043e+01	8.339252e+01
2.860000e-06	4.212051e-06	1.173337e-09	2.920229e+01	8.358550e+01
2.870000e-06	4.242294e-06	1.175293e-09	2.941197e+01	8.377060e+01
2.880000e-06	4.272276e-06	1.180284e-09	2.961983e+01	8.394811e+01
2.890000e-06	4.301995e-06	1.185834e-09	2.982588e+01	8.411830e+01
2.900000e-06	4.331442e-06	1.187986e-09	3.003003e+01	8.428143e+01
2.910000e-06	4.360640e-06	1.190701e-09	3.023247e+01	8.443779e+01
2.920000e-06	4.389512e-06	1.195001e-09	3.043264e+01	8.458761e+01
2.930000e-06	4.418042e-06	1.198783e-09	3.063043e+01	8.473117e+01
2.940000e-06	4.446348e-06	1.199196e-09	3.082669e+01	8.486870e+01
2.950000e-06	4.474437e-06	1.197645e-09	3.102143e+01	8.500045e+01
2.960000e-06	4.502308e-06	1.197106e-09	3.121465e+01	8.512663e+01
2.970000e-06	4.530016e-06	1.198038e-09	3.140675e+01	8.524746e+01
2.980000e-06	4.557482e-06	1.202062e-09	3.159718e+01	8.536317e+01
2.990000e-06	4.584640e-06	1.207253e-09	3.178546e+01	8.547393e+01
3.000000e-06	4.611420e-06	1.211968e-09	3.197113e+01	8.557994e+01
3.010000e-06	4.637683e-06	1.215245e-09	3.215321e+01	8.568136e+01
3.020000e-06	4.663424e-06	1.215466e-09	3.233168e+01	8.577836e+01
3.030000e-06	4.688595e-06	1.215126e-09	3.250619e+01	8.587107e+01
3.040000e-06	4.713165e-06	1.216062e-09	3.267654e+01	8.595963e+01
3.050000e-06	4.737325e-06	1.218933e-09	3.284403e+01	8.604415e+01
3.060000e-06	4.761236e-06	1.220922e-09	3.300981e+01	8.612472e+01
3.070000e-06	4.784913e-06	1.222269e-09	3.317396e+01	8.620143e+01
3.080000e-06	4.808383e-06	1.224786e-09	3.333668e+01	8.627435e+01
3.090000e-06	4.831570e-06	1.225333e-09	3.349744e+01	8.634353e+01
3.100000e-06	4.854343e-06	1.226791e-09	3.365532e+01	8.640901e+01
3.110000e-06	4.876775e-06	1.230013e-09	3.381085e+01	8.647082e+01
3.120000e-06	4.898928e-06	1.234416e-09	3.396443e+01	8.652897e+01
3.130000e-06	4.920771e-06	1.237510e-09	3.411587e+01	8.658346e+01
3.140000e-06	4.942282e-06	1.239099e-09	3.426501e+01	8.663428e+01
3.150000e-06	4.963464e-06	1.239851e-09	3.441187e+01	8.668141e+01
3.160000e-06	4.984291e-06	1.239440e-09	3.455626e+01	8.672483e+01
3.170000e-06	5.004739e-06	1.239304e-09	3.469802e+01	8.676450e+01
3.180000e-06	5.024857e-06	1.238347e-09	3.483751e+01	8.680040e+01
3.190000e-06	5.044712e-06	1.237320e-09	3.497516e+01	8.683247e+01
3.200000e-06	5.064389e-06	1.238522e-09	3.511158e+01	8.686069e+01
3.210000e-06	5.083881e-06	1.240902e-09	3.524672e+01	8.688500e+01
3.220000e-06	5.103056e-06	1.244554e-09	3.537966e+01	8.690538e+01
3.230000e-06	5.121808e-06	1.246398e-09	3.550967e+01	8.692179e+01
3.240000e-06	5.140118e-06	1.246870e-09	3.563662e+01	8.693421e+01
3.250000e-06	5.158003e-06	1.247161e-09	3.576061e+01	8.694262e+01
3.260000e-06	5.175423e-06	1.247312e-09	3.588138e+01	8.694701e+01
3.270000e-06	5.192427e-06	1.248806e-09	3.599927e+01	8.694739e+01
3.280000e-06	5.209141e-06	1.250161e-09	3.611515e+01	8.694377e+01
3.290000e-06	5.225623e-06	1.251083e-09	3.622942e+01	8.693620e+01
3.300000e-06	5.241755e-06	1.251923e-09	3.634126e+01	8.692470e+01
3.310000e-06	5.257350e-06	1.252797e-09	3.644939e+01	8.690936e+01
3.320000e-06	5.272459e-06	1.252469e-09	3.655413e+01	8.689024e+01
3.330000e-06	5.287139e-06	1.252990e-09	3.665592e+01	8.686745e+01
3.340000e-06	5.301328e-06	1.255125e-09	3.675429e+01	8.684111e+01
3.350000e-06	5.315165e-06	1.257520e-09	3.685022e+01	8.681134e+01
3.360000e-06	5.328757e-06	1.259324e-09	3.694445e+01	8.677830e+01
3.370000e-06	5.342008e-06	1.258398e-09	3.703632e+01	8.674216e+01
3.380000e-06	5.354810e-06	1.254245e-09	3.712508e+01	8.670310e+01
3.390000e-06	5.367132e-06	1.249754e-09	3.721051e+01	8.666133e+01
3.400000e-06	5.379058e-06	1.250255e-09	3.729320e+01	8.661705e+01
3.410000e-06	5.390660e-06	1.256260e-09	3.737363e+01	8.657050e+01
3.420000e-06	5.401918e-06	1.263409e-09	3.745168e+01	8.652192e+01
3.430000e-06	5.412760e-06	1.269586e-09	3.752685e+01	8.647155e+01
3.440000e-06	5.423027e-06	1.272333e-09	3.759803e+01	8.641966e+01
3.450000e-06	5.432631e-06	1.270549e-09	3.766461e+01	8.636650e+01
3.460000e-06	5.441669e-06	1.264832e-09	3.772728e+01	8.631234e+01
3.470000e-06	5.450225e-06	1.259937e-09	3.778659e+01	8.625744e+01
3.480000e-06	5.458354e-06	1.258835e-09	3.784296e+01	8.620208e+01
3.490000e-06	5.466219e-06	1.259609e-09	3.789748e+01	8.614650e+01
3.500000e-06	5.473872e-06	1.261457e-09	3.795054e+01	8.609097e+01
3.510000e-06	5.481179e-06	1.264682e-09	3.800120e+01	8.603573e+01
3.520000e-06	5.488066e-06	1.270155e-09	3.804895e+01	8.598102e+01
3.530000e-06	5.494588e-06	1.275213e-09	3.809416e+01	8.592704e+01
3.540000e-06	5.500759e-06	1.275738e-09	3.813695e+01	8.587401e+01
3.550000e-06	5.506542e-06	1.271990e-09	3.817704e+01	8.582211e+01
3.560000e-06	5.511963e-06	1.267095e-09	3.821463e+01	8.577151e+01
3.570000e-06	5.516970e-06	1.262961e-09	3.824934e+01	8.572235e+01
3.580000e-06	5.521588e-06	1.260240e-09	3.828135e+01	8.567474e+01
3.590000e-06	5.525893e-06	1.262317e-09	3.831120e+01	8.562879e+01
3.600000e-06	5.529891e-06	1.268759e-09	3.833892e+01	8.558455e+01
3.610000e-06	5.533586e-06	1.276387e-09	3.836454e+01	8.554208e+01
3.620000e-06	5.537005e-06	1.281837e-09	3.838824e+01	8.550138e+01
3.630000e-06	5.540086e-06	1.280891e-09	3.840960e+01	8.546244e+01
3.640000e-06	5.542662e-06	1.275599e-09	3.842747e+01	8.542521e+01
3.650000e-06	5.544688e-06	1.270782e-09	3.844151e+01	8.538964e+01
3.660000e-06	5.546142e-06	1.267196e-09	3.845159e+01	8.535562e+01
3.670000e-06	5.546988e-06	1.266047e-09	3.845746e+01	8.532303e+01
3.680000e-06	5.547335e-06	1.270919e-09	3.845986e+01	8.529172e+01
3.690000e-06	5.547355e-06	1.277430e-09	3.846000e+01	8.526152e+01
3.700000e-06	5.547126e-06	1.281650e-09	3.845841e+01	8.523224e+01
3.710000e-06	5.546681e-06	1.283332e-09	3.845533e+01	8.520366e+01
3.720000e-06	5.545899e-06	1.280514e-09	3.844991e+01	8.517556e+01
3.730000e-06	5.544715e-06	1.274687e-09	3.844170e+01	8.514769e+01
3.740000e-06	5.543135e-06	1.270102e-09	3.843074e+01	8.511979e+01
3.750000e-06	5.541143e-06	1.275057e-09	3.841693e+01	8.509160e+01
3.760000e-06	5.538767e-06	1.278246e-09	3.840046e+01	8.506284e+01
3.770000e-06	5.536052e-06	1.256789e-09	3.838164e+01	8.503322e+01
3.780000e-06	5.532972e-06	1.248475e-09	3.836028e+01	8.500247e+01
3.790000e-06	5.529370e-06	1.238295e-09	3.833531e+01	8.497031e+01
3.800000e-06	5.525333e-06	1.209199e-09	3.830732e+01	8.493646e+01
3.810000e-06	5.521053e-06	1.289191e-09	3.827765e+01	8.490066e+01
3.820000e-06	5.516572e-06	1.340052e-09	3.824658e+01	8.486264e+01
3.830000e-06	5.511783e-06	1.309514e-09	3.821338e+01	8.482216e+01
3.840000e-06	5.506578e-06	1.249366e-09	3.817729e+01	8.477899e+01
3.850000e-06	5.500809e-06	1.246307e-09	3.813730e+01	8.473293e+01
3.860000e-06	5.494496e-06	1.356336e-09	3.809353e+01	8.468377e+01
3.870000e-06	5.487882e-06	1.341833e-09	3.804767e+01	8.463134e+01
3.880000e-06	5.480880e-06	1.236730e-09	3.799913e+01	8.457551e+01
3.890000e-06	5.473290e-06	1.209062e-09	3.794651e+01	8.451614e+01
3.900000e-06	5.465204e-06	1.321165e-09	3.789045e+01	8.445315e+01
3.910000e-06	5.456730e-06	1.306770e-09	3.783169e+01	8.438646e+01
3.920000e-06	5.447939e-06	1.188540e-09	3.777075e+01	8.431604e+01
3.930000e-06	5.438857e-06	1.207534e-09	3.770778e+01	8.424186e+01
3.940000e-06	5.429371e-06	1.350814e-09	3.764201e+01	8.416395e+01
3.950000e-06	5.419618e-06	1.337670e-09	3.757440e+01	8.408234e+01
3.960000e-06	5.409619e-06	1.197141e-09	3.750507e+01	8.399711e+01
3.970000e-06	5.399152e-06	1.204911e-09	3.743251e+01	8.390834e+01
3.980000e-06	5.388191e-06	1.288291e-09	3.735651e+01	8.381617e+01
3.990000e-06	5.376852e-06	1.267629e-09	3.727789e+01	8.372072e+01
4.000000e-06	5.365161e-06	1.212407e-09	3.719685e+01	8.362216e+01
4.010000e-06	5.353052e-06	1.279342e-09	3.711289e+01	8.352068e+01
4.020000e-06	5.340468e-06	1.335430e-09	3.702565e+01	8.341646e+01
4.030000e-06	5.327385e-06	1.292129e-09	3.693494e+01	8.330973e+01
4.040000e-06	5.313789e-06	1.227058e-09	3.684068e+01	8.320070e+01
4.050000e-06	5.299684e-06	1.258385e-09	3.674289e+01	8.308962e+01
4.060000e-06	5.285105e-06	1.308129e-09	3.664181e+01	8.297672e+01
4.070000e-06	5.269998e-06	1.297817e-09	3.653708e+01	8.286223e+01
4.080000e-06	5.254312e-06	1.250822e-09	3.642833e+01	8.274642e+01
4.090000e-06	5.238196e-06	1.277237e-09	3.631659e+01	8.262951e+01
4.100000e-06	5.221803e-06	1.326191e-09	3.620294e+01	8.251174e+01
4.110000e-06	5.205109e-06	1.279715e-09	3.608719e+01	8.239334e+01
4.120000e-06	5.188064e-06	1.214592e-09	3.596902e+01	8.227453e+01
4.130000e-06	5.170744e-06	1.282005e-09	3.584895e+01	8.215551e+01
4.140000e-06	5.153166e-06	1.318355e-09	3.572708e+01	8.203648e+01
4.150000e-06	5.135222e-06	1.229759e-09	3.560267e+01	8.191760e+01
4.160000e-06	5.116923e-06	1.236055e-09	3.547580e+01	8.179902e+01
4.170000e-06	5.098259e-06	1.327321e-09	3.534640e+01	8.168088e+01
4.180000e-06	5.079218e-06	1.264563e-09	3.521439e+01	8.156328e+01
4.190000e-06	5.059855e-06	1.197589e-09	3.508015e+01	8.144631e+01
4.200000e-06	5.040215e-06	1.292811e-09	3.494398e+01	8.133004e+01
4.210000e-06	5.020317e-06	1.291470e-09	3.480603e+01	8.121449e+01
4.220000e-06	5.000191e-06	1.198965e-09	3.466649e+01	8.109968e+01
4.230000e-06	4.979819e-06	1.265869e-09	3.452525e+01	8.098560e+01
4.240000e-06	4.959133e-06	1.316763e-09	3.438184e+01	8.087220e+01
4.250000e-06	4.938026e-06	1.211866e-09	3.423550e+01	8.075942e+01
4.260000e-06	4.916417e-06	1.232412e-09	3.408569e+01	8.064717e+01
4.270000e-06	4.894239e-06	1.318109e-09	3.393192e+01	8.053535e+01
4.280000e-06	4.871340e-06	1.236623e-09	3.377316e+01	8.042382e+01
4.290000e-06	4.847957e-06	1.196906e-09	3.361105e+01	8.031244e+01
4.300000e-06	4.824306e-06	1.297469e-09	3.344708e+01	8.020105e+01
4.310000e-06	4.800350e-06	1.274488e-09	3.328099e+01	8.008945e+01
4.320000e-06	4.776131e-06	1.206581e-09	3.311308e+01	7.997747e+01
4.330000e-06	4.751668e-06	1.259789e-09	3.294348e+01	7.986489e+01
4.340000e-06	4.726957e-06	1.274329e-09	3.277215e+01	7.975150e+01
4.350000e-06	4.701954e-06	1.219804e-09	3.259881e+01	7.963709e+01
4.360000e-06	4.676672e-06	1.243823e-09	3.242353e+01	7.952144e+01
4.370000e-06	4.651062e-06	1.264156e-09	3.224597e+01	7.940432e+01
4.380000e-06	4.625031e-06	1.231474e-09	3.206550e+01	7.928553e+01
4.390000e-06	4.598633e-06	1.230556e-09	3.188248e+01	7.916484e+01
4.400000e-06	4.571831e-06	1.243595e-09	3.169666e+01	7.904205e+01
4.410000e-06	4.544634e-06	1.226701e-09	3.150810e+01	7.891698e+01
4.420000e-06	4.517234e-06	1.226368e-09	3.131814e+01	7.878942e+01
4.430000e-06	4.489642e-06	1.233097e-09	3.112684e+01	7.865921e+01
4.440000e-06	4.461760e-06	1.223483e-09	3.093353e+01	7.852620e+01
4.450000e-06	4.433696e-06	1.224218e-09	3.073896e+01	7.839025e+01
4.460000e-06	4.405507e-06	1.226431e-09	3.054353e+01	7.825124e+01
4.470000e-06	4.377095e-06	1.218759e-09	3.034655e+01	7.810907e+01
4.480000e-06	4.348272e-06	1.210146e-09	3.014672e+01	7.796365e+01
4.490000e-06	4.319052e-06	1.204654e-09	2.994413e+01	7.781493e+01
4.500000e-06	4.289479e-06	1.202628e-09	2.973910e+01	7.766287e+01
4.510000e-06	4.259361e-06	1.205752e-09	2.953029e+01	7.750746e+01
4.520000e-06	4.228687e-06	1.208750e-09	2.931763e+01	7.734869e+01
4.530000e-06	4.197603e-06	1.207580e-09	2.910213e+01	7.718658e+01
4.540000e-06	4.166098e-06	1.200575e-09	2.888370e+01	7.702119e+01
4.550000e-06	4.134216e-06	1.199990e-09	2.866266e+01	7.685257e+01
4.560000e-06	4.102153e-06	1.203289e-09	2.844036e+01	7.668080e+01
4.570000e-06	4.069972e-06	1.194706e-09	2.821725e+01	7.650598e+01
4.580000e-06	4.037660e-06	1.181076e-09	2.799323e+01	7.632820e+01
4.590000e-06	4.005083e-06	1.186891e-09	2.776738e+01	7.614760e+01
4.600000e-06	3.972178e-06	1.188682e-09	2.753925e+01	7.596429e+01
4.610000e-06	3.938939e-06	1.181772e-09	2.730880e+01	7.577842e+01
4.620000e-06	3.905347e-06	1.188337e-09	2.707591e+01	7.559013e+01
4.630000e-06	3.871477e-06	1.195343e-09	2.684108e+01	7.539956e+01
4.640000e-06	3.837464e-06	1.182332e-09	2.660527e+01	7.520686e+01
4.650000e-06	3.803271e-06	1.174440e-09	2.636821e+01	7.501217e+01
4.660000e-06	3.768791e-06	1.176325e-09	2.612916e+01	7.481564e+01
4.670000e-06	3.734061e-06	1.169538e-09	2.588837e+01	7.461740e+01
4.680000e-06	3.699051e-06	1.162288e-09	2.564565e+01	7.441758e+01
4.690000e-06	3.663768e-06	1.166400e-09	2.540103e+01	7.421629e+01
4.700000e-06	3.628224e-06	1.166061e-09	2.515460e+01	7.401364e+01
4.710000e-06	3.592448e-06	1.156522e-09	2.490656e+01	7.380972e+01
4.720000e-06	3.556525e-06	1.155269e-09	2.465751e+01	7.360460e+01
4.730000e-06	3.520436e-06	1.158384e-09	2.440730e+01	7.339835e+01
4.740000e-06	3.484187e-06	1.152392e-09	2.415599e+01	7.319100e+01
4.750000e-06	3.447821e-06	1.149805e-09	2.390386e+01	7.298257e+01
4.760000e-06	3.411271e-06	1.157251e-09	2.365046e+01	7.277307e+01
4.770000e-06	3.374490e-06	1.155760e-09	2.339546e+01	7.256248e+01
4.780000e-06	3.337366e-06	1.147681e-09	2.313807e+01	7.235075e+01
4.790000e-06	3.299836e-06	1.145968e-09	2.287788e+01	7.213783e+01
4.800000e-06	3.261894e-06	1.145107e-09	2.261482e+01	7.192364e+01
4.810000e-06	3.223534e-06	1.140046e-09	2.234887e+01	7.170807e+01
4.820000e-06	3.184799e-06	1.142273e-09	2.208032e+01	7.149102e+01
4.830000e-06	3.145690e-06	1.144362e-09	2.180917e+01	7.127233e+01
4.840000e-06	3.106255e-06	1.136640e-09	2.153577e+01	7.105186e+01
4.850000e-06	3.066598e-06	1.128088e-09	2.126083e+01	7.082944e+01
4.860000e-06	3.026843e-06	1.126576e-09	2.098520e+01	7.060487e+01
4.870000e-06	2.986972e-06	1.122331e-09	2.070878e+01	7.037797e+01
4.880000e-06	2.946937e-06	1.114755e-09	2.043122e+01	7.014851e+01
4.890000e-06	2.906738e-06	1.109832e-09	2.015251e+01	6.991628e+01
4.900000e-06	2.866375e-06	1.104994e-09	1.987267e+01	6.968104e+01
4.910000e-06	2.825791e-06	1.098332e-09	1.959131e+01	6.944255e+01
4.920000e-06	2.784985e-06	1.096447e-09	1.930840e+01	6.920058e+01
4.930000e-06	2.744114e-06	1.096991e-09	1.902503e+01	6.895488e+01
4.940000e-06	2.703152e-06	1.095421e-09	1.874105e+01	6.870518e+01
4.950000e-06	2.662064e-06	1.095679e-09	1.845618e+01	6.845124e+01
4.960000e-06	2.620713e-06	1.097454e-09	1.816949e+01	6.819280e+01
4.970000e-06	2.579058e-06	1.095188e-09	1.788069e+01	6.792962e+01
4.980000e-06	2.537342e-06	1.087683e-09	1.759148e+01	6.766142e+01
4.990000e-06	2.495451e-06	1.077673e-09	1.730105e+01	6.738797e+01
5.000000e-06	2.453336e-06	1.069257e-09	1.700906e+01	6.710901e+01
5.010000e-06	2.411132e-06	1.064023e-09	1.671646e+01	6.682429e+01
5.020000e-06	2.368744e-06	1.061478e-09	1.642259e+01	6.653356e+01
5.030000e-06	2.326114e-06	1.062058e-09	1.612703e+01	6.623658e+01
5.040000e-06	2.283336e-06	1.061232e-09	1.583044e+01	6.593310e+01
5.050000e-06	2.240424e-06	1.057601e-09	1.553294e+01	6.562287e+01
5.060000e-06	2.197324e-06	1.054283e-09	1.523412e+01	6.530564e+01
5.070000e-06	2.154004e-06	1.049436e-09	1.493378e+01	6.498116e+01
5.080000e-06	2.110545e-06	1.038871e-09	1.463248e+01	6.464916e+01
5.090000e-06	2.066963e-06	1.026942e-09	1.433033e+01	6.430938e+01
5.100000e-06	2.023218e-06	1.019694e-09	1.402704e+01	6.396155e+01
5.110000e-06	1.979372e-06	1.016355e-09	1.372306e+01	6.360537e+01
5.120000e-06	1.935456e-06	1.015201e-09	1.341858e+01	6.324054e+01
5.130000e-06	1.891507e-06	1.013755e-09	1.311388e+01	6.286675e+01
5.140000e-06	1.847520e-06	1.009634e-09	1.280892e+01	6.248366e+01
5.150000e-06	1.803451e-06	1.002493e-09	1.250339e+01	6.209091e+01
5.160000e-06	1.759268e-06	9.952645e-10	1.219706e+01	6.168811e+01
5.170000e-06	1.714992e-06	9.892709e-10	1.189010e+01	6.127487e+01
5.180000e-06	1.670683e-06	9.806263e-10	1.158290e+01	6.085074e+01
5.190000e-06	1.626342e-06	9.696320e-10	1.127548e+01	6.041525e+01
5.200000e-06	1.581886e-06	9.605228e-10	1.096727e+01	5.996790e+01
5.210000e-06	1.537302e-06	9.530100e-10	1.065817e+01	5.950816e+01
5.220000e-06	1.492596e-06	9.465844e-10	1.034822e+01	5.903546e+01
5.230000e-06	1.447767e-06	9.428839e-10	1.003742e+01	5.854919e+01
5.240000e-06	1.402925e-06	9.402786e-10	9.726530e+00	5.804871e+01
5.250000e-06	1.358050e-06	9.363514e-10	9.415409e+00	5.753332e+01
5.260000e-06	1.312938e-06	9.294568e-10	9.102646e+00	5.700232e+01
5.270000e-06	1.267623e-06	9.196927e-10	8.788474e+00	5.645493e+01
5.280000e-06	1.222245e-06	9.073035e-10	8.473868e+00	5.589038e+01
5.290000e-06	1.176763e-06	8.970802e-10	8.158535e+00	5.530781e+01
5.300000e-06	1.131189e-06	8.872833e-10	7.842575e+00	5.470638e+01
5.310000e-06	1.085519e-06	8.773330e-10	7.525942e+00	5.408519e+01
5.320000e-06	1.039764e-06	8.682893e-10	7.208722e+00	5.344332e+01
5.330000e-06	9.939284e-07	8.614899e-10	6.890939e+00	5.277982e+01
5.340000e-06	9.479972e-07	8.535757e-10	6.572497e+00	5.209372e+01
5.350000e-06	9.019362e-07	8.430972e-10	6.253155e+00	5.138405e+01
5.360000e-06	8.557716e-07	8.308059e-10	5.933094e+00	5.064982e+01
5.370000e-06	8.095824e-07	8.182402e-10	5.612862e+00	4.989002e+01
5.380000e-06	7.633394e-07	8.078860e-10	5.292258e+00	4.910366e+01
5.390000e-06	7.170406e-07	7.990347e-10	4.971267e+00	4.828976e+01
5.400000e-06	6.707295e-07	7.889303e-10	4.650191e+00	4.744734e+01
5.410000e-06	6.243580e-07	7.751551e-10	4.328695e+00	4.657543e+01
5.420000e-06	5.779266e-07	7.607821e-10	4.006784e+00	4.567313e+01
5.430000e-06	5.314786e-07	7.446131e-10	3.684759e+00	4.473953e+01
5.440000e-06	4.849795e-07	7.277915e-10	3.362379e+00	4.377378e+01
5.450000e-06	4.384518e-07	7.122589e-10	3.039801e+00	4.277509e+01
5.460000e-06	3.918912e-07	6.979835e-10	2.716995e+00	4.174270e+01
5.470000e-06	3.452707e-07	6.846469e-10	2.393773e+00	4.067595e+01
5.480000e-06	2.985280e-07	6.697407e-10	2.069705e+00	3.957422e+01
5.490000e-06	2.517231e-07	6.499536e-10	1.745205e+00	3.843699e+01
5.500000e-06	2.049602e-07	6.284657e-10	1.420996e+00	3.726382e+01
5.510000e-06	1.582059e-07	6.078301e-10	1.096847e+00	3.605436e+01
5.520000e-06	1.114577e-07	5.879401e-10	7.727401e-01	3.480836e+01
5.530000e-06	6.476568e-08	5.696389e-10	4.490226e-01	3.352567e+01
5.540000e-06	1.810416e-08	5.559660e-10	1.255168e-01	3.220627e+01
5.550000e-06	-2.854640e-08	5.413472e-10	-1.979132e-01	3.085023e+01
5.560000e-06	-7.515568e-08	5.219299e-10	-5.210569e-01	2.945774e+01
5.570000e-06	-1.217300e-07	4.976759e-10	-8.439582e-01	2.802914e+01
5.580000e-06	-1.683173e-07	4.694338e-10	-1.166950e+00	2.656486e+01
5.590000e-06	-2.148871e-07	4.412810e-10	-1.489819e+00	2.506548e+01
5.600000e-06	-2.615009e-07	4.149678e-10	-1.812995e+00	2.353170e+01
5.610000e-06	-3.081286e-07	3.911337e-10	-2.136266e+00	2.196435e+01
5.620000e-06	-3.546294e-07	3.644123e-10	-2.458658e+00	2.036438e+01
5.630000e-06	-4.010854e-07	3.365060e-10	-2.780739e+00	1.873287e+01
5.640000e-06	-4.475161e-07	3.095211e-10	-3.102644e+00	1.707105e+01
5.650000e-06	-4.939476e-07	2.815540e-10	-3.424555e+00	1.538023e+01
5.660000e-06	-5.403815e-07	2.541212e-10	-3.746483e+00	1.366186e+01
5.670000e-06	-5.868195e-07	2.278060e-10	-4.068439e+00	1.191752e+01
5.680000e-06	-6.331555e-07	2.006179e-10	-4.389688e+00	1.014886e+01
5.690000e-06	-6.794032e-07	1.703108e-10	-4.710326e+00	8.357665e+00
5.700000e-06	-7.257014e-07	1.353700e-10	-5.031312e+00	6.545802e+00
5.710000e-06	-7.719845e-07	1.011571e-10	-5.352195e+00	4.715230e+00
5.720000e-06	-8.182707e-07	7.090988e-11	-5.673099e+00	2.867987e+00
5.730000e-06	-8.644675e-07	4.055796e-11	-5.993383e+00	1.006183e+00
5.740000e-06	-9.105106e-07	1.111537e-11	-6.312601e+00	-8.680072e-01
5.750000e-06	-9.564457e-07	-1.496699e-11	-6.631070e+00	-2.752356e+00
5.760000e-06	-1.002314e-06	-4.059314e-11	-6.949075e+00	-4.644593e+00
5.770000e-06	-1.048164e-06	-7.167912e-11	-7.266958e+00	-6.542413e+00
5.780000e-06	-1.093981e-06	-1.089516e-10	-7.584605e+00	-8.443486e+00
5.790000e-06	-1.139681e-06	-1.476071e-10	-7.901444e+00	-1.034547e+01
5.800000e-06	-1.185191e-06	-1.856304e-10	-8.216970e+00	-1.224603e+01
5.810000e-06	-1.230516e-06	-2.210742e-10	-8.531212e+00	-1.414281e+01
5.820000e-06	-1.275635e-06	-2.481519e-10	-8.844023e+00	-1.603352e+01
5.830000e-06	-1.320592e-06	-2.719422e-10	-9.155712e+00	-1.791585e+01
5.840000e-06	-1.365514e-06	-2.984210e-10	-9.467154e+00	-1.978755e+01
5.850000e-06	-1.410334e-06	-3.267021e-10	-9.777893e+00	-2.164643e+01
5.860000e-06	-1.455031e-06	-3.587742e-10	-1.008778e+01	-2.349034e+01
5.870000e-06	-1.499662e-06	-3.921269e-10	-1.039721e+01	-2.531720e+01
5.880000e-06	-1.544166e-06	-4.258194e-10	-1.070575e+01	-2.712502e+01
5.890000e-06	-1.588689e-06	-4.581075e-10	-1.101444e+01	-2.891187e+01
5.900000e-06	-1.633171e-06	-4.889754e-10	-1.132283e+01	-3.067592e+01
5.910000e-06	-1.677507e-06	-5.165224e-10	-1.163021e+01	-3.241544e+01
5.920000e-06	-1.721777e-06	-5.422748e-10	-1.193714e+01	-3.412881e+01
5.930000e-06	-1.766014e-06	-5.674169e-10	-1.224383e+01	-3.581449e+01
5.940000e-06	-1.810202e-06	-5.964094e-10	-1.255019e+01	-3.747108e+01
5.950000e-06	-1.854322e-06	-6.289682e-10	-1.285607e+01	-3.909729e+01
5.960000e-06	-1.898387e-06	-6.592806e-10	-1.316158e+01	-4.069194e+01
5.970000e-06	-1.942326e-06	-6.855793e-10	-1.346621e+01	-4.225397e+01
5.980000e-06	-1.986199e-06	-7.116575e-10	-1.377039e+01	-4.378246e+01
5.990000e-06	-2.029994e-06	-7.383019e-10	-1.407402e+01	-4.527659e+01
6.000000e-06	-2.073642e-06	-7.619390e-10	-1.437663e+01	-4.673567e+01
6.010000e-06	-2.117136e-06	-7.849677e-10	-1.467818e+01	-4.815913e+01
6.020000e-06	-2.160421e-06	-8.090158e-10	-1.497827e+01	-4.954654e+01
6.030000e-06	-2.203585e-06	-8.318344e-10	-1.527753e+01	-5.089755e+01
6.040000e-06	-2.246628e-06	-8.489872e-10	-1.557595e+01	-5.221194e+01
6.050000e-06	-2.289410e-06	-8.660225e-10	-1.587255e+01	-5.348962e+01
6.060000e-06	-2.331994e-06	-8.839909e-10	-1.616779e+01	-5.473058e+01
6.070000e-06	-2.374456e-06	-9.049077e-10	-1.646218e+01	-5.593492e+01
6.080000e-06	-2.416753e-06	-9.271104e-10	-1.675543e+01	-5.710283e+01
6.090000e-06	-2.458884e-06	-9.506415e-10	-1.704753e+01	-5.823461e+01
6.100000e-06	-2.500867e-06	-9.733070e-10	-1.733859e+01	-5.933061e+01
6.110000e-06	-2.542651e-06	-9.914564e-10	-1.762828e+01	-6.039130e+01
6.120000e-06	-2.584247e-06	-1.006870e-09	-1.791667e+01	-6.141718e+01
6.130000e-06	-2.625686e-06	-1.020479e-09	-1.820397e+01	-6.240885e+01
6.140000e-06	-2.666835e-06	-1.034566e-09	-1.848926e+01	-6.336694e+01
6.150000e-06	-2.707715e-06	-1.049394e-09	-1.877268e+01	-6.429215e+01
6.160000e-06	-2.748456e-06	-1.065444e-09	-1.905514e+01	-6.518523e+01
6.170000e-06	-2.789053e-06	-1.081232e-09	-1.933660e+01	-6.604694e+01
6.180000e-06	-2.829485e-06	-1.096286e-09	-1.961692e+01	-6.687810e+01
6.190000e-06	-2.869779e-06	-1.109428e-09	-1.989628e+01	-6.767953e+01
6.200000e-06	-2.909925e-06	-1.120554e-09	-2.017461e+01	-6.845211e+01
6.210000e-06	-2.949982e-06	-1.131844e-09	-2.045233e+01	-6.919668e+01
6.220000e-06	-2.989999e-06	-1.142868e-09	-2.072977e+01	-6.991413e+01
6.230000e-06	-3.029875e-06	-1.153566e-09	-2.100623e+01	-7.060533e+01
6.240000e-06	-3.069529e-06	-1.166006e-09	-2.128115e+01	-7.127116e+01
6.250000e-06	-3.108922e-06	-1.178926e-09	-2.155426e+01	-7.191249e+01
6.260000e-06	-3.148123e-06	-1.186837e-09	-2.182605e+01	-7.253016e+01
6.270000e-06	-3.186983e-06	-1.192302e-09	-2.209546e+01	-7.312503e+01
6.280000e-06	-3.225405e-06	-1.199096e-09	-2.236184e+01	-7.369792e+01
6.290000e-06	-3.263438e-06	-1.209739e-09	-2.262553e+01	-7.424964e+01
6.300000e-06	-3.301106e-06	-1.223255e-09	-2.288668e+01	-7.478095e+01
6.310000e-06	-3.338391e-06	-1.237160e-09	-2.314518e+01	-7.529263e+01
6.320000e-06	-3.375296e-06	-1.248233e-09	-2.340104e+01	-7.578540e+01
6.330000e-06	-3.411953e-06	-1.254506e-09	-2.365519e+01	-7.625997e+01
6.340000e-06	-3.448350e-06	-1.261136e-09	-2.390752e+01	-7.671700e+01
6.350000e-06	-3.484534e-06	-1.268645e-09	-2.415839e+01	-7.715716e+01
6.360000e-06	-3.520653e-06	-1.273360e-09	-2.440881e+01	-7.758105e+01
6.370000e-06	-3.556681e-06	-1.278871e-09	-2.465859e+01	-7.798926e+01
6.380000e-06	-3.592582e-06	-1.288101e-09	-2.490749e+01	-7.838237e+01
6.390000e-06	-3.628252e-06	-1.299460e-09	-2.515479e+01	-7.876091e+01
6.400000e-06	-3.663591e-06	-1.309936e-09	-2.539980e+01	-7.912538e+01
6.410000e-06	-3.698604e-06	-1.318083e-09	-2.564255e+01	-7.947628e+01
6.420000e-06	-3.733281e-06	-1.325039e-09	-2.588297e+01	-7.981406e+01
6.430000e-06	-3.767697e-06	-1.327983e-09	-2.612157e+01	-8.013918e+01
6.440000e-06	-3.801887e-06	-1.325358e-09	-2.635861e+01	-8.045206e+01
6.450000e-06	-3.835851e-06	-1.323974e-09	-2.659409e+01	-8.075309e+01
6.460000e-06	-3.869561e-06	-1.322426e-09	-2.682780e+01	-8.104267e+01
6.470000e-06	-3.902986e-06	-1.322316e-09	-2.705954e+01	-8.132117e+01
6.480000e-06	-3.936180e-06	-1.328832e-09	-2.728967e+01	-8.158894e+01
6.490000e-06	-3.969094e-06	-1.338202e-09	-2.751786e+01	-8.184634e+01
6.500000e-06	-4.001641e-06	-1.345243e-09	-2.774351e+01	-8.209370e+01
6.510000e-06	-4.033962e-06	-1.348820e-09	-2.796759e+01	-8.233135e+01
6.520000e-06	-4.066141e-06	-1.352885e-09	-2.819069e+01	-8.255960e+01
6.530000e-06	-4.098157e-06	-1.354443e-09	-2.841266e+01	-8.277877e+01
6.540000e-06	-4.130003e-06	-1.354812e-09	-2.863345e+01	-8.298916e+01
6.550000e-06	-4.161575e-06	-1.356008e-09	-2.885234e+01	-8.319107e+01
6.560000e-06	-4.192745e-06	-1.358630e-09	-2.906845e+01	-8.338478e+01
6.570000e-06	-4.223523e-06	-1.362029e-09	-2.928183e+01	-8.357060e+01
6.580000e-06	-4.253856e-06	-1.367369e-09	-2.949213e+01	-8.374879e+01
6.590000e-06	-4.283671e-06	-1.373393e-09	-2.969883e+01	-8.391964e+01
6.600000e-06	-4.312914e-06	-1.377585e-09	-2.990158e+01	-8.408342e+01
6.610000e-06	-4.341666e-06	-1.379790e-09	-3.010092e+01	-8.424039e+01
6.620000e-06	-4.370133e-06	-1.378922e-09	-3.029828e+01	-8.439082e+01
6.630000e-06	-4.398389e-06	-1.377818e-09	-3.049418e+01	-8.453495e+01
6.640000e-06	-4.426471e-06	-1.380112e-09	-3.068888e+01	-8.467304e+01
6.650000e-06	-4.454402e-06	-1.382529e-09	-3.088252e+01	-8.480532e+01
6.660000e-06	-4.482130e-06	-1.386850e-09	-3.107476e+01	-8.493202e+01
6.670000e-06	-4.509531e-06	-1.389206e-09	-3.126473e+01	-8.505336e+01
6.680000e-06	-4.536567e-06	-1.387491e-09	-3.145217e+01	-8.516955e+01
6.690000e-06	-4.563297e-06	-1.384749e-09	-3.163749e+01	-8.528079e+01
6.700000e-06	-4.589674e-06	-1.382845e-09	-3.182036e+01	-8.538725e+01
6.710000e-06	-4.615783e-06	-1.382857e-09	-3.200138e+01	-8.548911e+01
6.720000e-06	-4.641640e-06	-1.384542e-09	-3.218065e+01	-8.558654e+01
6.730000e-06	-4.667060e-06	-1.388327e-09	-3.235688e+01	-8.567967e+01
6.740000e-06	-4.692055e-06	-1.392434e-09	-3.253018e+01	-8.576863e+01
6.750000e-06	-4.716733e-06	-1.396043e-09	-3.270127e+01	-8.585355e+01
6.760000e-06	-4.741153e-06	-1.396281e-09	-3.287058e+01	-8.593451e+01
6.770000e-06	-4.765387e-06	-1.394456e-09	-3.303859e+01	-8.601161e+01
6.780000e-06	-4.789468e-06	-1.392492e-09	-3.320555e+01	-8.608490e+01
6.790000e-06	-4.813303e-06	-1.392358e-09	-3.337079e+01	-8.615446e+01
6.800000e-06	-4.836898e-06	-1.395669e-09	-3.353438e+01	-8.622031e+01
6.810000e-06	-4.860090e-06	-1.401162e-09	-3.369517e+01	-8.628249e+01
6.820000e-06	-4.882706e-06	-1.404246e-09	-3.385196e+01	-8.634101e+01
6.830000e-06	-4.904814e-06	-1.403580e-09	-3.400524e+01	-8.639586e+01
6.840000e-06	-4.926348e-06	-1.400275e-09	-3.415454e+01	-8.644706e+01
6.850000e-06	-4.947265e-06	-1.395416e-09	-3.429955e+01	-8.649456e+01
6.860000e-06	-4.967728e-06	-1.390304e-09	-3.444143e+01	-8.653836e+01
6.870000e-06	-4.987966e-06	-1.385790e-09	-3.458174e+01	-8.657841e+01
6.880000e-06	-5.008063e-06	-1.384832e-09	-3.472107e+01	-8.661469e+01
6.890000e-06	-5.027937e-06	-1.388845e-09	-3.485886e+01	-8.664715e+01
6.900000e-06	-5.047481e-06	-1.392646e-09	-3.499435e+01	-8.667575e+01
6.910000e-06	-5.066673e-06	-1.394956e-09	-3.512741e+01	-8.670046e+01
6.920000e-06	-5.085515e-06	-1.394555e-09	-3.525805e+01	-8.672123e+01
6.930000e-06	-5.104025e-06	-1.391398e-09	-3.538638e+01	-8.673804e+01
6.940000e-06	-5.122206e-06	-1.387435e-09	-3.551243e+01	-8.675085e+01
6.950000e-06	-5.140041e-06	-1.384796e-09	-3.563608e+01	-8.675966e+01
6.960000e-06	-5.157417e-06	-1.381601e-09	-3.575655e+01	-8.676445e+01
6.970000e-06	-5.174376e-06	-1.378907e-09	-3.587412e+01	-8.676523e+01
6.980000e-06	-5.191106e-06	-1.378534e-09	-3.599012e+01	-8.676201e+01
6.990000e-06	-5.207560e-06	-1.381029e-09	-3.610419e+01	-8.675483e+01
7.000000e-06	-5.223735e-06	-1.383069e-09	-3.621634e+01	-8.674372e+01
7.010000e-06	-5.239700e-06	-1.383233e-09	-3.632702e+01	-8.672876e+01
7.020000e-06	-5.255234e-06	-1.383220e-09	-3.643472e+01	-8.671002e+01
7.030000e-06	-5.270225e-06	-1.380269e-09	-3.653865e+01	-8.668760e+01
7.040000e-06	-5.284749e-06	-1.375842e-09	-3.663934e+01	-8.666161e+01
7.050000e-06	-5.298617e-06	-1.371835e-09	-3.673549e+01	-8.663218e+01
7.060000e-06	-5.311840e-06	-1.368179e-09	-3.682717e+01	-8.659948e+01
7.070000e-06	-5.324630e-06	-1.366196e-09	-3.691584e+01	-8.656365e+01
7.080000e-06	-5.337010e-06	-1.366718e-09	-3.700167e+01	-8.652489e+01
7.090000e-06	-5.349037e-06	-1.367239e-09	-3.708505e+01	-8.648340e+01
7.100000e-06	-5.360728e-06	-1.365132e-09	-3.716611e+01	-8.643939e+01
7.110000e-06	-5.372006e-06	-1.361652e-09	-3.724430e+01	-8.639309e+01
7.120000e-06	-5.382870e-06	-1.357004e-09	-3.731962e+01	-8.634473e+01
7.130000e-06	-5.393351e-06	-1.353709e-09	-3.739229e+01	-8.629457e+01
7.140000e-06	-5.403448e-06	-1.353543e-09	-3.746229e+01	-8.624286e+01
7.150000e-06	-5.413197e-06	-1.353692e-09	-3.752988e+01	-8.618986e+01
7.160000e-06	-5.422638e-06	-1.354184e-09	-3.759534e+01	-8.613583e+01
7.170000e-06	-5.431709e-06	-1.351896e-09	-3.765823e+01	-8.608105e+01
7.180000e-06	-5.440364e-06	-1.348124e-09	-3.771823e+01	-8.602578e+01
7.190000e-06	-5.448739e-06	-1.344706e-09	-3.777630e+01	-8.597028e+01
7.200000e-06	-5.456926e-06	-1.342820e-09	-3.783305e+01	-8.591480e+01
7.210000e-06	-5.464836e-06	-1.342383e-09	-3.788790e+01	-8.585960e+01
7.220000e-06	-5.472355e-06	-1.342162e-09	-3.794003e+01	-8.580489e+01
7.230000e-06	-5.479400e-06	-1.341384e-09	-3.798887e+01	-8.575091e+01
7.240000e-06	-5.485946e-06	-1.339121e-09	-3.803425e+01	-8.569786e+01
7.250000e-06	-5.491878e-06	-1.335606e-09	-3.807538e+01	-8.564593e+01
7.260000e-06	-5.497119e-06	-1.332634e-09	-3.811171e+01	-8.559527e+01
7.270000e-06	-5.501876e-06	-1.328459e-09	-3.814470e+01	-8.554605e+01
7.280000e-06	-5.506324e-06	-1.323631e-09	-3.817553e+01	-8.549837e+01
7.290000e-06	-5.510511e-06	-1.320607e-09	-3.820456e+01	-8.545234e+01
7.300000e-06	-5.514473e-06	-1.320545e-09	-3.823203e+01	-8.540803e+01
7.310000e-06	-5.518174e-06	-1.321418e-09	-3.825768e+01	-8.536547e+01
7.320000e-06	-5.521476e-06	-1.319675e-09	-3.828058e+01	-8.532469e+01
7.330000e-06	-5.524373e-06	-1.315982e-09	-3.830066e+01	-8.528567e+01
7.340000e-06	-5.526957e-06	-1.311967e-09	-3.831858e+01	-8.524837e+01
7.350000e-06	-5.529214e-06	-1.308952e-09	-3.833423e+01	-8.521273e+01
7.360000e-06	-5.531061e-06	-1.306811e-09	-3.834703e+01	-8.517865e+01
7.370000e-06	-5.532464e-06	-1.306231e-09	-3.835676e+01	-8.514600e+01
7.380000e-06	-5.533585e-06	-1.304979e-09	-3.836453e+01	-8.511466e+01
7.390000e-06	-5.534314e-06	-1.301460e-09	-3.836959e+01	-8.508444e+01
7.400000e-06	-5.534618e-06	-1.297414e-09	-3.837169e+01	-8.505515e+01
