# Temperatura_=_5.96
# Concentracion g/m^3_=_1620.0
# C_Vs_to_Am_M_A/Vsm_=_65563218390.804596
# pendiente_HvsI_1/m_=_3716.3
# ordenada_HvsI_A/m_=_1297.0
# frecuencia_Hz_=_135100.24584848477

Tiempo_(s)	Campo_(V.s)	Magnetizacion_(V.s)	Campo_(kA/m)	Magnetizacion_(A/m)
0.000000e+00	-5.526328e-06	-1.509394e-09	-3.836908e+01	-9.768224e+01
1.000000e-08	-5.526694e-06	-1.507902e-09	-3.837162e+01	-9.765227e+01
2.000000e-08	-5.526773e-06	-1.507684e-09	-3.837217e+01	-9.762139e+01
3.000000e-08	-5.526526e-06	-1.507931e-09	-3.837045e+01	-9.758935e+01
4.000000e-08	-5.525838e-06	-1.508405e-09	-3.836567e+01	-9.755591e+01
5.000000e-08	-5.524583e-06	-1.508784e-09	-3.835696e+01	-9.752083e+01
6.000000e-08	-5.522778e-06	-1.508199e-09	-3.834443e+01	-9.748384e+01
7.000000e-08	-5.520486e-06	-1.522112e-09	-3.832851e+01	-9.744470e+01
8.000000e-08	-5.517609e-06	-1.540020e-09	-3.830854e+01	-9.740314e+01
9.000000e-08	-5.514149e-06	-1.514368e-09	-3.828452e+01	-9.735890e+01
1.000000e-07	-5.510315e-06	-1.473741e-09	-3.825790e+01	-9.731175e+01
1.100000e-07	-5.506170e-06	-1.489797e-09	-3.822912e+01	-9.726143e+01
1.200000e-07	-5.501684e-06	-1.502864e-09	-3.819797e+01	-9.720771e+01
1.300000e-07	-5.496998e-06	-1.489544e-09	-3.816543e+01	-9.715038e+01
1.400000e-07	-5.491994e-06	-1.490815e-09	-3.813070e+01	-9.708923e+01
1.500000e-07	-5.486553e-06	-1.509970e-09	-3.809291e+01	-9.702407e+01
1.600000e-07	-5.480779e-06	-1.533065e-09	-3.805283e+01	-9.695473e+01
1.700000e-07	-5.474646e-06	-1.489166e-09	-3.801024e+01	-9.688107e+01
1.800000e-07	-5.468140e-06	-1.493803e-09	-3.796507e+01	-9.680296e+01
1.900000e-07	-5.461141e-06	-1.489134e-09	-3.791648e+01	-9.672029e+01
2.000000e-07	-5.453708e-06	-1.471183e-09	-3.786488e+01	-9.663299e+01
2.100000e-07	-5.446015e-06	-1.454049e-09	-3.781147e+01	-9.654101e+01
2.200000e-07	-5.438100e-06	-1.487850e-09	-3.775651e+01	-9.644431e+01
2.300000e-07	-5.429910e-06	-1.496538e-09	-3.769965e+01	-9.634289e+01
2.400000e-07	-5.421393e-06	-1.466016e-09	-3.764051e+01	-9.623679e+01
2.500000e-07	-5.412321e-06	-1.440049e-09	-3.757752e+01	-9.612604e+01
2.600000e-07	-5.402516e-06	-1.447631e-09	-3.750945e+01	-9.601073e+01
2.700000e-07	-5.392240e-06	-1.465888e-09	-3.743810e+01	-9.589094e+01
2.800000e-07	-5.381503e-06	-1.459069e-09	-3.736356e+01	-9.576681e+01
2.900000e-07	-5.370212e-06	-1.454884e-09	-3.728516e+01	-9.563847e+01
3.000000e-07	-5.358411e-06	-1.440048e-09	-3.720323e+01	-9.550609e+01
3.100000e-07	-5.346252e-06	-1.442038e-09	-3.711881e+01	-9.536984e+01
3.200000e-07	-5.333729e-06	-1.447020e-09	-3.703186e+01	-9.522994e+01
3.300000e-07	-5.320709e-06	-1.458208e-09	-3.694147e+01	-9.508657e+01
3.400000e-07	-5.307296e-06	-1.429890e-09	-3.684834e+01	-9.493997e+01
3.500000e-07	-5.293548e-06	-1.449877e-09	-3.675289e+01	-9.479037e+01
3.600000e-07	-5.279421e-06	-1.460238e-09	-3.665481e+01	-9.463801e+01
3.700000e-07	-5.264754e-06	-1.437304e-09	-3.655298e+01	-9.448312e+01
3.800000e-07	-5.249406e-06	-1.417875e-09	-3.644641e+01	-9.432595e+01
3.900000e-07	-5.233597e-06	-1.460603e-09	-3.633665e+01	-9.416674e+01
4.000000e-07	-5.217377e-06	-1.437051e-09	-3.622404e+01	-9.400572e+01
4.100000e-07	-5.200739e-06	-1.391983e-09	-3.610852e+01	-9.384313e+01
4.200000e-07	-5.183794e-06	-1.431824e-09	-3.599088e+01	-9.367919e+01
4.300000e-07	-5.166571e-06	-1.463405e-09	-3.587130e+01	-9.351411e+01
4.400000e-07	-5.149023e-06	-1.396156e-09	-3.574946e+01	-9.334809e+01
4.500000e-07	-5.131109e-06	-1.398861e-09	-3.562508e+01	-9.318130e+01
4.600000e-07	-5.112774e-06	-1.459476e-09	-3.549778e+01	-9.301392e+01
4.700000e-07	-5.093941e-06	-1.411075e-09	-3.536703e+01	-9.284608e+01
4.800000e-07	-5.074766e-06	-1.367878e-09	-3.523390e+01	-9.267791e+01
4.900000e-07	-5.055374e-06	-1.436729e-09	-3.509926e+01	-9.250952e+01
5.000000e-07	-5.035766e-06	-1.430481e-09	-3.496312e+01	-9.234098e+01
5.100000e-07	-5.015902e-06	-1.360153e-09	-3.482520e+01	-9.217236e+01
5.200000e-07	-4.995761e-06	-1.407572e-09	-3.468537e+01	-9.200369e+01
5.300000e-07	-4.975312e-06	-1.443054e-09	-3.454339e+01	-9.183498e+01
5.400000e-07	-4.954519e-06	-1.373761e-09	-3.439903e+01	-9.166622e+01
5.500000e-07	-4.933366e-06	-1.373486e-09	-3.425216e+01	-9.149738e+01
5.600000e-07	-4.911855e-06	-1.433297e-09	-3.410281e+01	-9.132839e+01
5.700000e-07	-4.890005e-06	-1.388973e-09	-3.395110e+01	-9.115920e+01
5.800000e-07	-4.867789e-06	-1.368623e-09	-3.379686e+01	-9.098969e+01
5.900000e-07	-4.845241e-06	-1.417042e-09	-3.364031e+01	-9.081975e+01
6.000000e-07	-4.822374e-06	-1.397580e-09	-3.348155e+01	-9.064925e+01
6.100000e-07	-4.799146e-06	-1.348364e-09	-3.332028e+01	-9.047805e+01
6.200000e-07	-4.775629e-06	-1.381704e-09	-3.315700e+01	-9.030599e+01
6.300000e-07	-4.751906e-06	-1.387506e-09	-3.299229e+01	-9.013289e+01
6.400000e-07	-4.727957e-06	-1.356968e-09	-3.282602e+01	-8.995857e+01
6.500000e-07	-4.703729e-06	-1.372544e-09	-3.265780e+01	-8.978286e+01
6.600000e-07	-4.679105e-06	-1.387011e-09	-3.248684e+01	-8.960555e+01
6.700000e-07	-4.653872e-06	-1.353114e-09	-3.231165e+01	-8.942647e+01
6.800000e-07	-4.628090e-06	-1.351142e-09	-3.213264e+01	-8.924541e+01
6.900000e-07	-4.601776e-06	-1.360884e-09	-3.194995e+01	-8.906219e+01
7.000000e-07	-4.574932e-06	-1.344594e-09	-3.176357e+01	-8.887663e+01
7.100000e-07	-4.547718e-06	-1.339454e-09	-3.157462e+01	-8.868854e+01
7.200000e-07	-4.520254e-06	-1.351986e-09	-3.138394e+01	-8.849777e+01
7.300000e-07	-4.492665e-06	-1.339755e-09	-3.119239e+01	-8.830415e+01
7.400000e-07	-4.464896e-06	-1.330894e-09	-3.099959e+01	-8.810753e+01
7.500000e-07	-4.436874e-06	-1.334329e-09	-3.080504e+01	-8.790779e+01
7.600000e-07	-4.408633e-06	-1.321319e-09	-3.060896e+01	-8.770480e+01
7.700000e-07	-4.380151e-06	-1.309138e-09	-3.041122e+01	-8.749848e+01
7.800000e-07	-4.351320e-06	-1.315116e-09	-3.021104e+01	-8.728873e+01
7.900000e-07	-4.322118e-06	-1.311621e-09	-3.000829e+01	-8.707548e+01
8.000000e-07	-4.292613e-06	-1.299037e-09	-2.980344e+01	-8.685869e+01
8.100000e-07	-4.262797e-06	-1.299628e-09	-2.959643e+01	-8.663832e+01
8.200000e-07	-4.232711e-06	-1.295183e-09	-2.938754e+01	-8.641437e+01
8.300000e-07	-4.202416e-06	-1.278663e-09	-2.917721e+01	-8.618682e+01
8.400000e-07	-4.171813e-06	-1.271028e-09	-2.896473e+01	-8.595571e+01
8.500000e-07	-4.140855e-06	-1.276600e-09	-2.874979e+01	-8.572106e+01
8.600000e-07	-4.109591e-06	-1.271127e-09	-2.853272e+01	-8.548291e+01
8.700000e-07	-4.078144e-06	-1.265297e-09	-2.831439e+01	-8.524134e+01
8.800000e-07	-4.046594e-06	-1.266419e-09	-2.809534e+01	-8.499642e+01
8.900000e-07	-4.014872e-06	-1.263696e-09	-2.787510e+01	-8.474821e+01
9.000000e-07	-3.982909e-06	-1.250773e-09	-2.765318e+01	-8.449682e+01
9.100000e-07	-3.950688e-06	-1.248847e-09	-2.742947e+01	-8.424233e+01
9.200000e-07	-3.918092e-06	-1.244795e-09	-2.720315e+01	-8.398485e+01
9.300000e-07	-3.885008e-06	-1.232733e-09	-2.697345e+01	-8.372448e+01
9.400000e-07	-3.851477e-06	-1.224567e-09	-2.674065e+01	-8.346131e+01
9.500000e-07	-3.817562e-06	-1.227839e-09	-2.650518e+01	-8.319545e+01
9.600000e-07	-3.783207e-06	-1.224411e-09	-2.626665e+01	-8.292699e+01
9.700000e-07	-3.748306e-06	-1.220164e-09	-2.602434e+01	-8.265601e+01
9.800000e-07	-3.713008e-06	-1.220098e-09	-2.577927e+01	-8.238260e+01
9.900000e-07	-3.677556e-06	-1.215162e-09	-2.553313e+01	-8.210682e+01
1.000000e-06	-3.641978e-06	-1.201129e-09	-2.528611e+01	-8.182874e+01
1.010000e-06	-3.606260e-06	-1.192776e-09	-2.503812e+01	-8.154838e+01
1.020000e-06	-3.570432e-06	-1.188997e-09	-2.478936e+01	-8.126579e+01
1.030000e-06	-3.534447e-06	-1.181857e-09	-2.453952e+01	-8.098098e+01
1.040000e-06	-3.498250e-06	-1.177713e-09	-2.428821e+01	-8.069394e+01
1.050000e-06	-3.461762e-06	-1.180495e-09	-2.403487e+01	-8.040465e+01
1.060000e-06	-3.424929e-06	-1.179740e-09	-2.377915e+01	-8.011307e+01
1.070000e-06	-3.387887e-06	-1.175978e-09	-2.352196e+01	-7.981915e+01
1.080000e-06	-3.350649e-06	-1.173792e-09	-2.326342e+01	-7.952280e+01
1.090000e-06	-3.313170e-06	-1.165558e-09	-2.300321e+01	-7.922392e+01
1.100000e-06	-3.275528e-06	-1.152057e-09	-2.274186e+01	-7.892241e+01
1.110000e-06	-3.237652e-06	-1.142877e-09	-2.247889e+01	-7.861814e+01
1.120000e-06	-3.199439e-06	-1.139047e-09	-2.221358e+01	-7.831094e+01
1.130000e-06	-3.160994e-06	-1.133407e-09	-2.194665e+01	-7.800065e+01
1.140000e-06	-3.122423e-06	-1.130775e-09	-2.167885e+01	-7.768709e+01
1.150000e-06	-3.083655e-06	-1.129941e-09	-2.140970e+01	-7.737007e+01
1.160000e-06	-3.044691e-06	-1.126694e-09	-2.113916e+01	-7.704938e+01
1.170000e-06	-3.005524e-06	-1.117511e-09	-2.086723e+01	-7.672479e+01
1.180000e-06	-2.966139e-06	-1.110153e-09	-2.059379e+01	-7.639607e+01
1.190000e-06	-2.926583e-06	-1.104658e-09	-2.031915e+01	-7.606298e+01
1.200000e-06	-2.886878e-06	-1.097843e-09	-2.004348e+01	-7.572529e+01
1.210000e-06	-2.847073e-06	-1.093713e-09	-1.976711e+01	-7.538273e+01
1.220000e-06	-2.807162e-06	-1.091581e-09	-1.949001e+01	-7.503504e+01
1.230000e-06	-2.767118e-06	-1.085972e-09	-1.921199e+01	-7.468198e+01
1.240000e-06	-2.726883e-06	-1.080681e-09	-1.893264e+01	-7.432328e+01
1.250000e-06	-2.686432e-06	-1.075206e-09	-1.865179e+01	-7.395869e+01
1.260000e-06	-2.645742e-06	-1.067471e-09	-1.836928e+01	-7.358793e+01
1.270000e-06	-2.604785e-06	-1.057280e-09	-1.808492e+01	-7.321077e+01
1.280000e-06	-2.563513e-06	-1.048822e-09	-1.779837e+01	-7.282693e+01
1.290000e-06	-2.521977e-06	-1.042578e-09	-1.750999e+01	-7.243618e+01
1.300000e-06	-2.480178e-06	-1.037062e-09	-1.721977e+01	-7.203826e+01
1.310000e-06	-2.438023e-06	-1.029841e-09	-1.692710e+01	-7.163293e+01
1.320000e-06	-2.395516e-06	-1.023475e-09	-1.663197e+01	-7.121995e+01
1.330000e-06	-2.352606e-06	-1.015573e-09	-1.633405e+01	-7.079909e+01
1.340000e-06	-2.309503e-06	-1.005807e-09	-1.603479e+01	-7.037010e+01
1.350000e-06	-2.266286e-06	-9.984257e-10	-1.573473e+01	-6.993275e+01
1.360000e-06	-2.222859e-06	-9.946151e-10	-1.543322e+01	-6.948681e+01
1.370000e-06	-2.179297e-06	-9.905592e-10	-1.513077e+01	-6.903203e+01
1.380000e-06	-2.135656e-06	-9.839352e-10	-1.482777e+01	-6.856819e+01
1.390000e-06	-2.091965e-06	-9.748132e-10	-1.452443e+01	-6.809504e+01
1.400000e-06	-2.048199e-06	-9.643331e-10	-1.422056e+01	-6.761232e+01
1.410000e-06	-2.004348e-06	-9.516509e-10	-1.391611e+01	-6.711977e+01
1.420000e-06	-1.960464e-06	-9.398203e-10	-1.361143e+01	-6.661713e+01
1.430000e-06	-1.916523e-06	-9.287605e-10	-1.330634e+01	-6.610410e+01
1.440000e-06	-1.872456e-06	-9.197349e-10	-1.300039e+01	-6.558038e+01
1.450000e-06	-1.828239e-06	-9.132723e-10	-1.269339e+01	-6.504565e+01
1.460000e-06	-1.783902e-06	-9.073342e-10	-1.238556e+01	-6.449957e+01
1.470000e-06	-1.739451e-06	-8.984416e-10	-1.207694e+01	-6.394177e+01
1.480000e-06	-1.694854e-06	-8.837328e-10	-1.176730e+01	-6.337185e+01
1.490000e-06	-1.650130e-06	-8.681073e-10	-1.145678e+01	-6.278940e+01
1.500000e-06	-1.605301e-06	-8.518544e-10	-1.114554e+01	-6.219396e+01
1.510000e-06	-1.560327e-06	-8.366261e-10	-1.083328e+01	-6.158505e+01
1.520000e-06	-1.515193e-06	-8.246656e-10	-1.051992e+01	-6.096215e+01
1.530000e-06	-1.469917e-06	-8.148526e-10	-1.020557e+01	-6.032471e+01
1.540000e-06	-1.424556e-06	-8.041756e-10	-9.890636e+00	-5.967213e+01
1.550000e-06	-1.379088e-06	-7.934886e-10	-9.574950e+00	-5.900381e+01
1.560000e-06	-1.333561e-06	-7.809582e-10	-9.258860e+00	-5.831907e+01
1.570000e-06	-1.288014e-06	-7.678177e-10	-8.942628e+00	-5.761721e+01
1.580000e-06	-1.242328e-06	-7.550172e-10	-8.625431e+00	-5.689752e+01
1.590000e-06	-1.196509e-06	-7.420697e-10	-8.307310e+00	-5.615922e+01
1.600000e-06	-1.150591e-06	-7.282927e-10	-7.988505e+00	-5.540151e+01
1.610000e-06	-1.104682e-06	-7.165777e-10	-7.669759e+00	-5.462358e+01
1.620000e-06	-1.058672e-06	-7.056165e-10	-7.350319e+00	-5.382457e+01
1.630000e-06	-1.012455e-06	-6.966675e-10	-7.029436e+00	-5.300359e+01
1.640000e-06	-9.662418e-07	-6.875884e-10	-6.708578e+00	-5.215977e+01
1.650000e-06	-9.200869e-07	-6.743370e-10	-6.388126e+00	-5.129217e+01
1.660000e-06	-8.738255e-07	-6.583519e-10	-6.066935e+00	-5.039990e+01
1.670000e-06	-8.274627e-07	-6.423786e-10	-5.745040e+00	-4.948200e+01
1.680000e-06	-7.811291e-07	-6.257226e-10	-5.423348e+00	-4.853757e+01
1.690000e-06	-7.347589e-07	-6.093408e-10	-5.101402e+00	-4.756567e+01
1.700000e-06	-6.882073e-07	-5.946760e-10	-4.778195e+00	-4.656541e+01
1.710000e-06	-6.415757e-07	-5.795085e-10	-4.454434e+00	-4.553589e+01
1.720000e-06	-5.949869e-07	-5.634777e-10	-4.130970e+00	-4.447626e+01
1.730000e-06	-5.483470e-07	-5.460322e-10	-3.807151e+00	-4.338568e+01
1.740000e-06	-5.016541e-07	-5.261687e-10	-3.482964e+00	-4.226338e+01
1.750000e-06	-4.548754e-07	-5.064138e-10	-3.158181e+00	-4.110860e+01
1.760000e-06	-4.080533e-07	-4.875919e-10	-2.833098e+00	-3.992068e+01
1.770000e-06	-3.612459e-07	-4.688537e-10	-2.508116e+00	-3.869899e+01
1.780000e-06	-3.143618e-07	-4.511876e-10	-2.182601e+00	-3.744298e+01
1.790000e-06	-2.674162e-07	-4.352434e-10	-1.856660e+00	-3.615219e+01
1.800000e-06	-2.204488e-07	-4.191889e-10	-1.530567e+00	-3.482622e+01
1.810000e-06	-1.736049e-07	-4.000408e-10	-1.205332e+00	-3.346479e+01
1.820000e-06	-1.268108e-07	-3.794093e-10	-8.804426e-01	-3.206770e+01
1.830000e-06	-7.994661e-08	-3.582948e-10	-5.550661e-01	-3.063484e+01
1.840000e-06	-3.304692e-08	-3.376518e-10	-2.294435e-01	-2.916625e+01
1.850000e-06	1.385646e-08	-3.186866e-10	9.620482e-02	-2.766204e+01
1.860000e-06	6.071939e-08	-3.013068e-10	4.215723e-01	-2.612247e+01
1.870000e-06	1.075637e-07	-2.818925e-10	7.468105e-01	-2.454790e+01
1.880000e-06	1.543835e-07	-2.598409e-10	1.071878e+00	-2.293882e+01
1.890000e-06	2.012101e-07	-2.365765e-10	1.396994e+00	-2.129585e+01
1.900000e-06	2.480499e-07	-2.105213e-10	1.722200e+00	-1.961973e+01
1.910000e-06	2.948630e-07	-1.840059e-10	2.047222e+00	-1.791134e+01
1.920000e-06	3.416531e-07	-1.589883e-10	2.372084e+00	-1.617169e+01
1.930000e-06	3.884184e-07	-1.340265e-10	2.696773e+00	-1.440189e+01
1.940000e-06	4.351656e-07	-1.096416e-10	3.021337e+00	-1.260321e+01
1.950000e-06	4.819050e-07	-8.329985e-11	3.345847e+00	-1.077701e+01
1.960000e-06	5.285892e-07	-5.745025e-11	3.669974e+00	-8.924796e+00
1.970000e-06	5.751923e-07	-3.086519e-11	3.993537e+00	-7.048173e+00
1.980000e-06	6.216469e-07	-5.478132e-12	4.316070e+00	-5.148860e+00
1.990000e-06	6.680703e-07	1.844849e-11	4.638385e+00	-3.228677e+00
2.000000e-06	7.145619e-07	4.345653e-11	4.961174e+00	-1.289543e+00
2.010000e-06	7.610205e-07	7.339346e-11	5.283735e+00	6.665349e-01
2.020000e-06	8.073222e-07	1.055968e-10	5.605205e+00	2.637467e+00
2.030000e-06	8.535086e-07	1.364425e-10	5.925876e+00	4.621092e+00
2.040000e-06	8.996926e-07	1.664840e-10	6.246529e+00	6.615185e+00
2.050000e-06	9.458269e-07	1.940037e-10	6.566838e+00	8.617464e+00
2.060000e-06	9.918718e-07	2.200181e-10	6.886526e+00	1.062561e+01
2.070000e-06	1.037804e-06	2.455879e-10	7.205431e+00	1.263726e+01
2.080000e-06	1.083635e-06	2.734474e-10	7.523634e+00	1.465003e+01
2.090000e-06	1.129455e-06	3.019076e-10	7.841762e+00	1.666153e+01
2.100000e-06	1.175255e-06	3.314220e-10	8.159748e+00	1.866936e+01
2.110000e-06	1.220993e-06	3.636478e-10	8.477308e+00	2.067114e+01
2.120000e-06	1.266644e-06	3.964153e-10	8.794258e+00	2.266449e+01
2.130000e-06	1.312134e-06	4.260446e-10	9.110091e+00	2.464709e+01
2.140000e-06	1.357543e-06	4.503832e-10	9.425370e+00	2.661662e+01
2.150000e-06	1.402886e-06	4.701475e-10	9.740180e+00	2.857085e+01
2.160000e-06	1.448085e-06	4.924519e-10	1.005400e+01	3.050759e+01
2.170000e-06	1.493200e-06	5.192133e-10	1.036722e+01	3.242472e+01
2.180000e-06	1.538261e-06	5.486357e-10	1.068009e+01	3.432021e+01
2.190000e-06	1.583216e-06	5.767472e-10	1.099221e+01	3.619210e+01
2.200000e-06	1.628059e-06	6.040825e-10	1.130355e+01	3.803854e+01
2.210000e-06	1.672765e-06	6.309183e-10	1.161394e+01	3.985778e+01
2.220000e-06	1.717282e-06	6.554357e-10	1.192302e+01	4.164816e+01
2.230000e-06	1.761651e-06	6.790210e-10	1.223107e+01	4.340816e+01
2.240000e-06	1.805975e-06	7.009964e-10	1.253881e+01	4.513637e+01
2.250000e-06	1.850176e-06	7.220494e-10	1.284570e+01	4.683148e+01
2.260000e-06	1.894258e-06	7.425261e-10	1.315176e+01	4.849235e+01
2.270000e-06	1.938279e-06	7.630662e-10	1.345740e+01	5.011792e+01
2.280000e-06	1.982197e-06	7.853664e-10	1.376232e+01	5.170729e+01
2.290000e-06	2.026053e-06	8.060593e-10	1.406680e+01	5.325969e+01
2.300000e-06	2.069843e-06	8.245269e-10	1.437084e+01	5.477447e+01
2.310000e-06	2.113550e-06	8.432828e-10	1.467429e+01	5.625111e+01
2.320000e-06	2.157167e-06	8.628329e-10	1.497713e+01	5.768921e+01
2.330000e-06	2.200663e-06	8.828747e-10	1.527911e+01	5.908852e+01
2.340000e-06	2.244018e-06	9.026835e-10	1.558013e+01	6.044889e+01
2.350000e-06	2.287299e-06	9.217933e-10	1.588063e+01	6.177031e+01
2.360000e-06	2.330371e-06	9.392350e-10	1.617967e+01	6.305285e+01
2.370000e-06	2.373151e-06	9.545392e-10	1.647669e+01	6.429672e+01
2.380000e-06	2.415665e-06	9.685851e-10	1.677186e+01	6.550222e+01
2.390000e-06	2.457798e-06	9.817001e-10	1.706439e+01	6.666975e+01
2.400000e-06	2.499613e-06	9.954080e-10	1.735471e+01	6.779980e+01
2.410000e-06	2.541180e-06	1.010461e-09	1.764331e+01	6.889295e+01
2.420000e-06	2.582448e-06	1.026288e-09	1.792983e+01	6.994985e+01
2.430000e-06	2.623481e-06	1.040555e-09	1.821472e+01	7.097122e+01
2.440000e-06	2.664264e-06	1.052418e-09	1.849788e+01	7.195785e+01
2.450000e-06	2.704793e-06	1.062642e-09	1.877927e+01	7.291058e+01
2.460000e-06	2.745145e-06	1.071577e-09	1.905943e+01	7.383030e+01
2.470000e-06	2.785288e-06	1.081858e-09	1.933815e+01	7.471794e+01
2.480000e-06	2.825268e-06	1.093256e-09	1.961572e+01	7.557446e+01
2.490000e-06	2.865158e-06	1.102965e-09	1.989268e+01	7.640084e+01
2.500000e-06	2.904927e-06	1.112663e-09	2.016879e+01	7.719811e+01
2.510000e-06	2.944525e-06	1.124836e-09	2.044372e+01	7.796726e+01
2.520000e-06	2.983921e-06	1.138509e-09	2.071725e+01	7.870933e+01
2.530000e-06	3.023081e-06	1.149506e-09	2.098913e+01	7.942535e+01
2.540000e-06	3.062048e-06	1.157536e-09	2.125968e+01	8.011632e+01
2.550000e-06	3.100849e-06	1.167108e-09	2.152907e+01	8.078326e+01
2.560000e-06	3.139426e-06	1.176832e-09	2.179691e+01	8.142715e+01
2.570000e-06	3.177765e-06	1.185111e-09	2.206310e+01	8.204896e+01
2.580000e-06	3.215947e-06	1.190023e-09	2.232819e+01	8.264964e+01
2.590000e-06	3.253949e-06	1.195096e-09	2.259204e+01	8.323010e+01
2.600000e-06	3.291705e-06	1.200368e-09	2.285418e+01	8.379122e+01
2.610000e-06	3.329204e-06	1.208708e-09	2.311453e+01	8.433384e+01
2.620000e-06	3.366441e-06	1.220017e-09	2.337307e+01	8.485880e+01
2.630000e-06	3.403481e-06	1.233406e-09	2.363023e+01	8.536685e+01
2.640000e-06	3.440251e-06	1.247657e-09	2.388552e+01	8.585874e+01
2.650000e-06	3.476717e-06	1.255906e-09	2.413870e+01	8.633516e+01
2.660000e-06	3.513023e-06	1.258589e-09	2.439078e+01	8.679676e+01
2.670000e-06	3.549147e-06	1.260538e-09	2.464159e+01	8.724418e+01
2.680000e-06	3.585054e-06	1.263502e-09	2.489089e+01	8.767798e+01
2.690000e-06	3.620798e-06	1.268924e-09	2.513906e+01	8.809871e+01
2.700000e-06	3.656404e-06	1.277488e-09	2.538627e+01	8.850686e+01
2.710000e-06	3.691864e-06	1.289523e-09	2.563246e+01	8.890291e+01
2.720000e-06	3.727195e-06	1.300554e-09	2.587776e+01	8.928729e+01
2.730000e-06	3.762288e-06	1.307776e-09	2.612141e+01	8.966040e+01
2.740000e-06	3.797028e-06	1.312427e-09	2.636262e+01	9.002261e+01
2.750000e-06	3.831271e-06	1.314184e-09	2.660036e+01	9.037426e+01
2.760000e-06	3.864933e-06	1.315213e-09	2.683407e+01	9.071568e+01
2.770000e-06	3.898060e-06	1.315925e-09	2.706407e+01	9.104714e+01
2.780000e-06	3.930740e-06	1.319588e-09	2.729097e+01	9.136893e+01
2.790000e-06	3.963139e-06	1.326739e-09	2.751591e+01	9.168130e+01
2.800000e-06	3.995366e-06	1.337069e-09	2.773966e+01	9.198448e+01
2.810000e-06	4.027486e-06	1.346386e-09	2.796267e+01	9.227869e+01
2.820000e-06	4.059397e-06	1.350750e-09	2.818423e+01	9.256415e+01
2.830000e-06	4.091051e-06	1.352976e-09	2.840400e+01	9.284103e+01
2.840000e-06	4.122459e-06	1.354832e-09	2.862206e+01	9.310954e+01
2.850000e-06	4.153584e-06	1.355461e-09	2.883817e+01	9.336985e+01
2.860000e-06	4.184296e-06	1.355532e-09	2.905140e+01	9.362214e+01
2.870000e-06	4.214632e-06	1.358112e-09	2.926202e+01	9.386657e+01
2.880000e-06	4.244719e-06	1.364839e-09	2.947092e+01	9.410330e+01
2.890000e-06	4.274650e-06	1.370389e-09	2.967872e+01	9.433251e+01
2.900000e-06	4.304334e-06	1.373877e-09	2.988482e+01	9.455434e+01
2.910000e-06	4.333754e-06	1.373822e-09	3.008908e+01	9.476895e+01
2.920000e-06	4.362899e-06	1.375024e-09	3.029143e+01	9.497650e+01
2.930000e-06	4.391624e-06	1.377258e-09	3.049087e+01	9.517715e+01
2.940000e-06	4.419997e-06	1.379242e-09	3.068786e+01	9.537104e+01
2.950000e-06	4.448139e-06	1.381934e-09	3.088325e+01	9.555833e+01
2.960000e-06	4.476153e-06	1.386270e-09	3.107775e+01	9.573916e+01
2.970000e-06	4.503965e-06	1.391098e-09	3.127085e+01	9.591369e+01
2.980000e-06	4.531543e-06	1.395440e-09	3.146232e+01	9.608205e+01
2.990000e-06	4.558851e-06	1.402016e-09	3.165192e+01	9.624440e+01
3.000000e-06	4.585822e-06	1.405997e-09	3.183917e+01	9.640087e+01
3.010000e-06	4.612376e-06	1.409007e-09	3.202354e+01	9.655159e+01
3.020000e-06	4.638398e-06	1.409687e-09	3.220421e+01	9.669670e+01
3.030000e-06	4.663867e-06	1.409856e-09	3.238104e+01	9.683632e+01
3.040000e-06	4.688817e-06	1.409866e-09	3.255427e+01	9.697057e+01
3.050000e-06	4.713406e-06	1.411461e-09	3.272499e+01	9.709956e+01
3.060000e-06	4.737607e-06	1.417357e-09	3.289301e+01	9.722339e+01
3.070000e-06	4.761386e-06	1.421739e-09	3.305811e+01	9.734218e+01
3.080000e-06	4.784937e-06	1.425237e-09	3.322163e+01	9.745600e+01
3.090000e-06	4.808320e-06	1.427319e-09	3.338397e+01	9.756494e+01
3.100000e-06	4.831444e-06	1.428311e-09	3.354452e+01	9.766908e+01
3.110000e-06	4.854203e-06	1.427583e-09	3.370253e+01	9.776849e+01
3.120000e-06	4.876636e-06	1.430062e-09	3.385828e+01	9.786323e+01
3.130000e-06	4.898658e-06	1.437551e-09	3.401119e+01	9.795336e+01
3.140000e-06	4.920269e-06	1.443030e-09	3.416123e+01	9.803892e+01
3.150000e-06	4.941610e-06	1.446759e-09	3.430940e+01	9.811995e+01
3.160000e-06	4.962604e-06	1.448266e-09	3.445516e+01	9.819650e+01
3.170000e-06	4.983219e-06	1.446515e-09	3.459829e+01	9.826859e+01
3.180000e-06	5.003503e-06	1.443849e-09	3.473912e+01	9.833626e+01
3.190000e-06	5.023545e-06	1.443546e-09	3.487827e+01	9.839952e+01
3.200000e-06	5.043428e-06	1.446649e-09	3.501632e+01	9.845842e+01
3.210000e-06	5.063027e-06	1.449508e-09	3.515239e+01	9.851296e+01
3.220000e-06	5.082264e-06	1.451222e-09	3.528596e+01	9.856319e+01
3.230000e-06	5.101242e-06	1.453472e-09	3.541772e+01	9.860911e+01
3.240000e-06	5.119849e-06	1.455119e-09	3.554691e+01	9.865077e+01
3.250000e-06	5.137950e-06	1.455796e-09	3.567258e+01	9.868821e+01
3.260000e-06	5.155615e-06	1.456232e-09	3.579522e+01	9.872145e+01
3.270000e-06	5.172917e-06	1.457545e-09	3.591536e+01	9.875055e+01
3.280000e-06	5.189861e-06	1.459872e-09	3.603300e+01	9.877556e+01
3.290000e-06	5.206473e-06	1.463971e-09	3.614833e+01	9.879655e+01
3.300000e-06	5.222818e-06	1.467306e-09	3.626182e+01	9.881358e+01
3.310000e-06	5.238812e-06	1.468959e-09	3.637286e+01	9.882675e+01
3.320000e-06	5.254330e-06	1.468384e-09	3.648060e+01	9.883613e+01
3.330000e-06	5.269415e-06	1.466414e-09	3.658533e+01	9.884185e+01
3.340000e-06	5.284073e-06	1.465775e-09	3.668710e+01	9.884400e+01
3.350000e-06	5.298255e-06	1.466706e-09	3.678557e+01	9.884273e+01
3.360000e-06	5.312052e-06	1.470932e-09	3.688136e+01	9.883816e+01
3.370000e-06	5.325445e-06	1.476418e-09	3.697435e+01	9.883045e+01
3.380000e-06	5.338413e-06	1.478046e-09	3.706438e+01	9.881975e+01
3.390000e-06	5.351017e-06	1.476685e-09	3.715190e+01	9.880624e+01
3.400000e-06	5.363277e-06	1.474142e-09	3.723702e+01	9.879008e+01
3.410000e-06	5.375213e-06	1.471681e-09	3.731989e+01	9.877148e+01
3.420000e-06	5.386759e-06	1.471345e-09	3.740005e+01	9.875061e+01
3.430000e-06	5.397840e-06	1.475361e-09	3.747699e+01	9.872768e+01
3.440000e-06	5.408442e-06	1.481943e-09	3.755060e+01	9.870290e+01
3.450000e-06	5.418498e-06	1.486362e-09	3.762042e+01	9.867646e+01
3.460000e-06	5.427935e-06	1.487608e-09	3.768593e+01	9.864857e+01
3.470000e-06	5.436772e-06	1.486615e-09	3.774729e+01	9.861943e+01
3.480000e-06	5.445128e-06	1.483878e-09	3.780531e+01	9.858925e+01
3.490000e-06	5.453172e-06	1.479282e-09	3.786116e+01	9.855823e+01
3.500000e-06	5.460956e-06	1.475636e-09	3.791520e+01	9.852655e+01
3.510000e-06	5.468455e-06	1.475348e-09	3.796726e+01	9.849439e+01
3.520000e-06	5.475611e-06	1.476585e-09	3.801695e+01	9.846193e+01
3.530000e-06	5.482348e-06	1.480407e-09	3.806372e+01	9.842932e+01
3.540000e-06	5.488703e-06	1.486501e-09	3.810785e+01	9.839671e+01
3.550000e-06	5.494706e-06	1.490944e-09	3.814952e+01	9.836422e+01
3.560000e-06	5.500327e-06	1.492297e-09	3.818855e+01	9.833197e+01
3.570000e-06	5.505591e-06	1.489152e-09	3.822509e+01	9.830004e+01
3.580000e-06	5.510437e-06	1.482799e-09	3.825874e+01	9.826851e+01
3.590000e-06	5.514891e-06	1.477237e-09	3.828967e+01	9.823744e+01
3.600000e-06	5.519074e-06	1.478109e-09	3.831871e+01	9.820684e+01
3.610000e-06	5.522994e-06	1.484073e-09	3.834593e+01	9.817672e+01
3.620000e-06	5.526717e-06	1.490722e-09	3.837177e+01	9.814707e+01
3.630000e-06	5.530120e-06	1.495168e-09	3.839540e+01	9.811785e+01
3.640000e-06	5.532961e-06	1.495061e-09	3.841513e+01	9.808898e+01
3.650000e-06	5.535342e-06	1.492612e-09	3.843165e+01	9.806039e+01
3.660000e-06	5.537236e-06	1.489443e-09	3.844481e+01	9.803196e+01
3.670000e-06	5.538486e-06	1.484888e-09	3.845348e+01	9.800357e+01
3.680000e-06	5.539171e-06	1.480951e-09	3.845824e+01	9.797506e+01
3.690000e-06	5.539424e-06	1.479174e-09	3.846000e+01	9.794626e+01
3.700000e-06	5.539359e-06	1.478812e-09	3.845955e+01	9.791698e+01
3.710000e-06	5.539048e-06	1.480419e-09	3.845739e+01	9.788702e+01
3.720000e-06	5.538501e-06	1.479800e-09	3.845359e+01	9.785615e+01
3.730000e-06	5.537590e-06	1.477092e-09	3.844727e+01	9.782415e+01
3.740000e-06	5.536207e-06	1.474222e-09	3.843766e+01	9.779077e+01
3.750000e-06	5.534411e-06	1.471019e-09	3.842519e+01	9.775577e+01
3.760000e-06	5.532361e-06	1.459920e-09	3.841096e+01	9.771889e+01
3.770000e-06	5.530025e-06	1.428009e-09	3.839474e+01	9.767987e+01
3.780000e-06	5.527276e-06	1.427632e-09	3.837566e+01	9.763845e+01
3.790000e-06	5.524046e-06	1.487452e-09	3.835323e+01	9.759438e+01
3.800000e-06	5.520302e-06	1.487184e-09	3.832723e+01	9.754741e+01
3.810000e-06	5.516232e-06	1.468591e-09	3.829898e+01	9.749730e+01
3.820000e-06	5.511970e-06	1.490566e-09	3.826939e+01	9.744381e+01
3.830000e-06	5.507409e-06	1.478992e-09	3.823772e+01	9.738672e+01
3.840000e-06	5.502378e-06	1.484793e-09	3.820279e+01	9.732582e+01
3.850000e-06	5.496901e-06	1.436759e-09	3.816476e+01	9.726094e+01
3.860000e-06	5.491069e-06	1.458509e-09	3.812427e+01	9.719189e+01
3.870000e-06	5.484836e-06	1.519911e-09	3.808099e+01	9.711853e+01
3.880000e-06	5.478171e-06	1.499984e-09	3.803472e+01	9.704073e+01
3.890000e-06	5.470999e-06	1.448569e-09	3.798492e+01	9.695838e+01
3.900000e-06	5.463336e-06	1.434256e-09	3.793172e+01	9.687140e+01
3.910000e-06	5.455237e-06	1.474734e-09	3.787549e+01	9.677974e+01
3.920000e-06	5.446734e-06	1.437186e-09	3.781646e+01	9.668337e+01
3.930000e-06	5.437948e-06	1.429607e-09	3.775545e+01	9.658228e+01
3.940000e-06	5.428876e-06	1.465552e-09	3.769247e+01	9.647649e+01
3.950000e-06	5.419421e-06	1.490835e-09	3.762682e+01	9.636606e+01
3.960000e-06	5.409542e-06	1.431099e-09	3.755823e+01	9.625106e+01
3.970000e-06	5.399219e-06	1.426159e-09	3.748656e+01	9.613158e+01
3.980000e-06	5.388491e-06	1.463199e-09	3.741208e+01	9.600773e+01
3.990000e-06	5.377432e-06	1.459398e-09	3.733529e+01	9.587967e+01
4.000000e-06	5.366002e-06	1.431566e-09	3.725594e+01	9.574756e+01
4.010000e-06	5.354106e-06	1.450660e-09	3.717335e+01	9.561156e+01
4.020000e-06	5.341757e-06	1.473525e-09	3.708761e+01	9.547188e+01
4.030000e-06	5.329058e-06	1.465726e-09	3.699944e+01	9.532873e+01
4.040000e-06	5.315948e-06	1.461725e-09	3.690842e+01	9.518233e+01
4.050000e-06	5.302316e-06	1.446323e-09	3.681377e+01	9.503290e+01
4.060000e-06	5.288217e-06	1.452718e-09	3.671588e+01	9.488069e+01
4.070000e-06	5.273614e-06	1.476299e-09	3.661449e+01	9.472594e+01
4.080000e-06	5.258346e-06	1.474064e-09	3.650849e+01	9.456888e+01
4.090000e-06	5.242543e-06	1.435555e-09	3.639877e+01	9.440977e+01
4.100000e-06	5.226432e-06	1.471569e-09	3.628691e+01	9.424883e+01
4.110000e-06	5.210055e-06	1.488020e-09	3.617320e+01	9.408629e+01
4.120000e-06	5.193403e-06	1.418636e-09	3.605759e+01	9.392239e+01
4.130000e-06	5.176375e-06	1.416781e-09	3.593936e+01	9.375733e+01
4.140000e-06	5.158943e-06	1.506054e-09	3.581834e+01	9.359131e+01
4.150000e-06	5.141227e-06	1.443308e-09	3.569533e+01	9.342452e+01
4.160000e-06	5.123214e-06	1.371403e-09	3.557027e+01	9.325711e+01
4.170000e-06	5.104840e-06	1.471600e-09	3.544270e+01	9.308923e+01
4.180000e-06	5.086158e-06	1.497522e-09	3.531299e+01	9.292102e+01
4.190000e-06	5.067115e-06	1.368296e-09	3.518078e+01	9.275258e+01
4.200000e-06	5.047675e-06	1.414588e-09	3.504581e+01	9.258399e+01
4.210000e-06	5.027888e-06	1.503079e-09	3.490842e+01	9.241530e+01
4.220000e-06	5.007866e-06	1.392441e-09	3.476941e+01	9.224657e+01
4.230000e-06	4.987654e-06	1.367838e-09	3.462908e+01	9.207780e+01
4.240000e-06	4.967218e-06	1.493830e-09	3.448720e+01	9.190898e+01
4.250000e-06	4.946387e-06	1.438223e-09	3.434256e+01	9.174008e+01
4.260000e-06	4.924998e-06	1.354165e-09	3.419406e+01	9.157104e+01
4.270000e-06	4.903167e-06	1.455082e-09	3.404249e+01	9.140180e+01
4.280000e-06	4.880854e-06	1.457797e-09	3.388757e+01	9.123225e+01
4.290000e-06	4.857987e-06	1.357894e-09	3.372881e+01	9.106229e+01
4.300000e-06	4.834623e-06	1.408344e-09	3.356659e+01	9.089178e+01
4.310000e-06	4.810836e-06	1.448475e-09	3.340144e+01	9.072058e+01
4.320000e-06	4.786715e-06	1.367747e-09	3.323397e+01	9.054852e+01
4.330000e-06	4.762373e-06	1.385523e-09	3.306496e+01	9.037545e+01
4.340000e-06	4.737845e-06	1.434701e-09	3.289467e+01	9.020118e+01
4.350000e-06	4.713069e-06	1.382365e-09	3.272264e+01	9.002552e+01
4.360000e-06	4.687936e-06	1.370201e-09	3.254815e+01	8.984829e+01
4.370000e-06	4.662471e-06	1.414777e-09	3.237135e+01	8.966929e+01
4.380000e-06	4.636658e-06	1.389623e-09	3.219213e+01	8.948834e+01
4.390000e-06	4.610451e-06	1.371774e-09	3.201018e+01	8.930524e+01
4.400000e-06	4.583925e-06	1.388746e-09	3.182600e+01	8.911982e+01
4.410000e-06	4.557110e-06	1.375103e-09	3.163983e+01	8.893188e+01
4.420000e-06	4.530014e-06	1.359873e-09	3.145170e+01	8.874127e+01
4.430000e-06	4.502634e-06	1.376415e-09	3.126160e+01	8.854782e+01
4.440000e-06	4.474932e-06	1.368140e-09	3.106927e+01	8.835140e+01
4.450000e-06	4.446907e-06	1.356519e-09	3.087469e+01	8.815185e+01
4.460000e-06	4.418691e-06	1.361135e-09	3.067879e+01	8.794908e+01
4.470000e-06	4.390325e-06	1.352242e-09	3.048185e+01	8.774297e+01
4.480000e-06	4.361800e-06	1.336627e-09	3.028380e+01	8.753344e+01
4.490000e-06	4.332966e-06	1.339848e-09	3.008361e+01	8.732042e+01
4.500000e-06	4.303654e-06	1.336375e-09	2.988010e+01	8.710386e+01
4.510000e-06	4.273855e-06	1.324860e-09	2.967320e+01	8.688372e+01
4.520000e-06	4.243538e-06	1.327116e-09	2.946271e+01	8.666000e+01
4.530000e-06	4.212779e-06	1.336166e-09	2.924915e+01	8.643269e+01
4.540000e-06	4.181643e-06	1.328597e-09	2.903298e+01	8.620180e+01
4.550000e-06	4.150136e-06	1.318818e-09	2.881423e+01	8.596738e+01
4.560000e-06	4.118313e-06	1.323297e-09	2.859328e+01	8.572946e+01
4.570000e-06	4.086214e-06	1.320694e-09	2.837042e+01	8.548810e+01
4.580000e-06	4.053977e-06	1.306424e-09	2.814660e+01	8.524339e+01
4.590000e-06	4.021614e-06	1.304998e-09	2.792191e+01	8.499539e+01
4.600000e-06	3.988973e-06	1.308892e-09	2.769528e+01	8.474419e+01
4.610000e-06	3.955993e-06	1.296605e-09	2.746630e+01	8.448989e+01
4.620000e-06	3.922763e-06	1.292178e-09	2.723558e+01	8.423259e+01
4.630000e-06	3.889248e-06	1.301343e-09	2.700289e+01	8.397239e+01
4.640000e-06	3.855446e-06	1.298518e-09	2.676821e+01	8.370939e+01
4.650000e-06	3.821435e-06	1.286483e-09	2.653207e+01	8.344368e+01
4.660000e-06	3.787176e-06	1.288360e-09	2.629421e+01	8.317536e+01
4.670000e-06	3.752680e-06	1.284672e-09	2.605470e+01	8.290453e+01
4.680000e-06	3.717917e-06	1.271691e-09	2.581335e+01	8.263125e+01
4.690000e-06	3.682886e-06	1.268576e-09	2.557013e+01	8.235560e+01
4.700000e-06	3.647565e-06	1.273024e-09	2.532490e+01	8.207763e+01
4.710000e-06	3.611979e-06	1.265900e-09	2.507783e+01	8.179740e+01
4.720000e-06	3.576181e-06	1.260062e-09	2.482928e+01	8.151493e+01
4.730000e-06	3.540201e-06	1.262233e-09	2.457947e+01	8.123024e+01
4.740000e-06	3.504102e-06	1.258450e-09	2.432884e+01	8.094332e+01
4.750000e-06	3.467865e-06	1.247700e-09	2.407725e+01	8.065415e+01
4.760000e-06	3.431466e-06	1.246007e-09	2.382453e+01	8.036270e+01
4.770000e-06	3.394908e-06	1.247422e-09	2.357071e+01	8.006891e+01
4.780000e-06	3.358170e-06	1.245002e-09	2.331564e+01	7.977269e+01
4.790000e-06	3.321181e-06	1.241959e-09	2.305882e+01	7.947397e+01
4.800000e-06	3.283869e-06	1.241023e-09	2.279977e+01	7.917262e+01
4.810000e-06	3.246218e-06	1.235455e-09	2.253836e+01	7.886851e+01
4.820000e-06	3.208099e-06	1.229163e-09	2.227370e+01	7.856149e+01
4.830000e-06	3.169476e-06	1.227514e-09	2.200554e+01	7.825140e+01
4.840000e-06	3.130428e-06	1.223867e-09	2.173444e+01	7.793806e+01
4.850000e-06	3.090993e-06	1.217256e-09	2.146064e+01	7.762127e+01
4.860000e-06	3.051322e-06	1.214489e-09	2.118520e+01	7.730082e+01
4.870000e-06	3.011506e-06	1.216080e-09	2.090876e+01	7.697650e+01
4.880000e-06	2.971550e-06	1.213140e-09	2.063135e+01	7.664807e+01
4.890000e-06	2.931482e-06	1.207116e-09	2.035316e+01	7.631529e+01
4.900000e-06	2.891304e-06	1.201654e-09	2.007421e+01	7.597792e+01
4.910000e-06	2.850992e-06	1.195000e-09	1.979432e+01	7.563571e+01
4.920000e-06	2.810520e-06	1.186832e-09	1.951332e+01	7.528840e+01
4.930000e-06	2.769826e-06	1.182937e-09	1.923079e+01	7.493573e+01
4.940000e-06	2.728957e-06	1.182074e-09	1.894704e+01	7.457744e+01
4.950000e-06	2.687933e-06	1.180846e-09	1.866221e+01	7.421328e+01
4.960000e-06	2.646697e-06	1.177691e-09	1.837591e+01	7.384298e+01
4.970000e-06	2.605267e-06	1.176168e-09	1.808826e+01	7.346629e+01
4.980000e-06	2.563679e-06	1.173394e-09	1.779952e+01	7.308296e+01
4.990000e-06	2.521884e-06	1.164399e-09	1.750934e+01	7.269272e+01
5.000000e-06	2.479897e-06	1.151235e-09	1.721783e+01	7.229535e+01
5.010000e-06	2.437768e-06	1.141063e-09	1.692532e+01	7.189058e+01
5.020000e-06	2.395497e-06	1.134081e-09	1.663184e+01	7.147818e+01
5.030000e-06	2.353075e-06	1.129624e-09	1.633731e+01	7.105791e+01
5.040000e-06	2.310534e-06	1.127957e-09	1.604194e+01	7.062954e+01
5.050000e-06	2.267908e-06	1.125527e-09	1.574599e+01	7.019283e+01
5.060000e-06	2.225062e-06	1.119524e-09	1.544851e+01	6.974755e+01
5.070000e-06	2.181988e-06	1.113356e-09	1.514945e+01	6.929346e+01
5.080000e-06	2.138670e-06	1.105993e-09	1.484870e+01	6.883031e+01
5.090000e-06	2.095125e-06	1.095963e-09	1.454637e+01	6.835788e+01
5.100000e-06	2.051478e-06	1.085055e-09	1.424333e+01	6.787590e+01
5.110000e-06	2.007728e-06	1.077771e-09	1.393957e+01	6.738411e+01
5.120000e-06	1.963843e-06	1.075008e-09	1.363488e+01	6.688226e+01
5.130000e-06	1.919902e-06	1.071227e-09	1.332980e+01	6.637004e+01
5.140000e-06	1.875923e-06	1.065481e-09	1.302446e+01	6.584715e+01
5.150000e-06	1.831858e-06	1.056244e-09	1.271851e+01	6.531329e+01
5.160000e-06	1.787709e-06	1.045350e-09	1.241199e+01	6.476810e+01
5.170000e-06	1.743513e-06	1.035703e-09	1.210514e+01	6.421123e+01
5.180000e-06	1.699254e-06	1.032070e-09	1.179785e+01	6.364227e+01
5.190000e-06	1.654881e-06	1.025990e-09	1.148977e+01	6.306081e+01
5.200000e-06	1.610425e-06	1.015191e-09	1.118112e+01	6.246641e+01
5.210000e-06	1.565907e-06	1.003795e-09	1.087203e+01	6.185857e+01
5.220000e-06	1.521326e-06	9.928150e-10	1.056251e+01	6.123679e+01
5.230000e-06	1.476699e-06	9.843360e-10	1.025266e+01	6.060051e+01
5.240000e-06	1.432062e-06	9.760999e-10	9.942749e+00	5.994916e+01
5.250000e-06	1.387294e-06	9.688615e-10	9.631924e+00	5.928210e+01
5.260000e-06	1.342357e-06	9.613315e-10	9.319928e+00	5.859869e+01
5.270000e-06	1.297224e-06	9.533091e-10	9.006571e+00	5.789822e+01
5.280000e-06	1.251966e-06	9.447356e-10	8.692350e+00	5.717998e+01
5.290000e-06	1.206675e-06	9.346349e-10	8.377896e+00	5.644319e+01
5.300000e-06	1.161199e-06	9.231038e-10	8.062155e+00	5.568707e+01
5.310000e-06	1.115643e-06	9.118086e-10	7.745867e+00	5.491079e+01
5.320000e-06	1.069981e-06	8.984720e-10	7.428834e+00	5.411350e+01
5.330000e-06	1.024156e-06	8.863856e-10	7.110676e+00	5.329432e+01
5.340000e-06	9.783046e-07	8.752254e-10	6.792330e+00	5.245237e+01
5.350000e-06	9.324226e-07	8.655054e-10	6.473772e+00	5.158672e+01
5.360000e-06	8.864777e-07	8.548715e-10	6.154779e+00	5.069647e+01
5.370000e-06	8.404490e-07	8.429463e-10	5.835203e+00	4.978068e+01
5.380000e-06	7.944056e-07	8.323121e-10	5.515526e+00	4.883843e+01
5.390000e-06	7.483000e-07	8.192518e-10	5.195416e+00	4.786879e+01
5.400000e-06	7.020375e-07	8.033269e-10	4.874218e+00	4.687086e+01
5.410000e-06	6.556420e-07	7.849856e-10	4.552096e+00	4.584375e+01
5.420000e-06	6.091961e-07	7.665865e-10	4.229624e+00	4.478659e+01
5.430000e-06	5.627357e-07	7.500986e-10	3.907051e+00	4.369856e+01
5.440000e-06	5.162645e-07	7.340987e-10	3.584404e+00	4.257886e+01
5.450000e-06	4.697666e-07	7.184693e-10	3.261571e+00	4.142675e+01
5.460000e-06	4.232248e-07	7.027149e-10	2.938433e+00	4.024155e+01
5.470000e-06	3.766226e-07	6.856234e-10	2.614875e+00	3.902262e+01
5.480000e-06	3.299494e-07	6.692129e-10	2.290826e+00	3.776943e+01
5.490000e-06	2.833177e-07	6.513752e-10	1.967064e+00	3.648148e+01
5.500000e-06	2.366967e-07	6.293472e-10	1.643375e+00	3.515840e+01
5.510000e-06	1.900126e-07	6.079063e-10	1.319250e+00	3.379986e+01
5.520000e-06	1.433470e-07	5.869636e-10	9.952521e-01	3.240568e+01
5.530000e-06	9.664442e-08	5.655090e-10	6.709983e-01	3.097574e+01
5.540000e-06	4.990194e-08	5.423549e-10	3.464671e-01	2.951005e+01
5.550000e-06	3.286589e-09	5.196290e-10	2.281865e-02	2.800874e+01
5.560000e-06	-4.329662e-08	4.965472e-10	-3.006067e-01	2.647204e+01
5.570000e-06	-8.992672e-08	4.724291e-10	-6.243576e-01	2.490030e+01
5.580000e-06	-1.365317e-07	4.467201e-10	-9.479339e-01	2.329400e+01
5.590000e-06	-1.831568e-07	4.195497e-10	-1.271650e+00	2.165376e+01
5.600000e-06	-2.297429e-07	3.952316e-10	-1.595096e+00	1.998031e+01
5.610000e-06	-2.762650e-07	3.672097e-10	-1.918097e+00	1.827451e+01
5.620000e-06	-3.227700e-07	3.369889e-10	-2.240979e+00	1.653735e+01
5.630000e-06	-3.692394e-07	3.029117e-10	-2.563615e+00	1.476996e+01
5.640000e-06	-4.156040e-07	2.704212e-10	-2.885522e+00	1.297356e+01
5.650000e-06	-4.619278e-07	2.398592e-10	-3.207146e+00	1.114954e+01
5.660000e-06	-5.083524e-07	2.100193e-10	-3.529470e+00	9.299364e+00
5.670000e-06	-5.547495e-07	1.824912e-10	-3.851604e+00	7.424644e+00
5.680000e-06	-6.010996e-07	1.563796e-10	-4.173411e+00	5.527087e+00
5.690000e-06	-6.473982e-07	1.257889e-10	-4.494860e+00	3.608504e+00
5.700000e-06	-6.936412e-07	8.930675e-11	-4.815923e+00	1.670808e+00
5.710000e-06	-7.399006e-07	4.987093e-11	-5.137100e+00	-2.840030e-01
5.720000e-06	-7.860704e-07	1.011102e-11	-5.457655e+00	-2.253845e+00
5.730000e-06	-8.321120e-07	-2.713806e-11	-5.777320e+00	-4.236563e+00
5.740000e-06	-8.781267e-07	-6.114554e-11	-6.096798e+00	-6.229936e+00
5.750000e-06	-9.241192e-07	-9.307636e-11	-6.416123e+00	-8.231689e+00
5.760000e-06	-9.700169e-07	-1.235654e-10	-6.734788e+00	-1.023950e+01
5.770000e-06	-1.015786e-06	-1.523016e-10	-7.052563e+00	-1.225101e+01
5.780000e-06	-1.061506e-06	-1.862257e-10	-7.369993e+00	-1.426385e+01
5.790000e-06	-1.107121e-06	-2.252449e-10	-7.686694e+00	-1.627561e+01
5.800000e-06	-1.152563e-06	-2.654742e-10	-8.002197e+00	-1.828391e+01
5.810000e-06	-1.197907e-06	-3.063753e-10	-8.317018e+00	-2.028635e+01
5.820000e-06	-1.243153e-06	-3.437128e-10	-8.631164e+00	-2.228056e+01
5.830000e-06	-1.288334e-06	-3.749242e-10	-8.944851e+00	-2.426421e+01
5.840000e-06	-1.333347e-06	-4.048537e-10	-9.257372e+00	-2.623498e+01
5.850000e-06	-1.378189e-06	-4.353842e-10	-9.568707e+00	-2.819064e+01
5.860000e-06	-1.423004e-06	-4.664344e-10	-9.879858e+00	-3.012898e+01
5.870000e-06	-1.467710e-06	-4.967218e-10	-1.019025e+01	-3.204790e+01
5.880000e-06	-1.512293e-06	-5.277647e-10	-1.049979e+01	-3.394533e+01
5.890000e-06	-1.556872e-06	-5.597973e-10	-1.080930e+01	-3.581932e+01
5.900000e-06	-1.601341e-06	-5.932196e-10	-1.111805e+01	-3.766802e+01
5.910000e-06	-1.645663e-06	-6.254759e-10	-1.142577e+01	-3.948965e+01
5.920000e-06	-1.689919e-06	-6.559242e-10	-1.173304e+01	-4.128257e+01
5.930000e-06	-1.734128e-06	-6.836236e-10	-1.203998e+01	-4.304522e+01
5.940000e-06	-1.778281e-06	-7.104790e-10	-1.234654e+01	-4.477620e+01
5.950000e-06	-1.822366e-06	-7.384688e-10	-1.265261e+01	-4.647418e+01
5.960000e-06	-1.866416e-06	-7.673827e-10	-1.295845e+01	-4.813801e+01
5.970000e-06	-1.910398e-06	-7.951980e-10	-1.326381e+01	-4.976663e+01
5.980000e-06	-1.954241e-06	-8.220427e-10	-1.356822e+01	-5.135911e+01
5.990000e-06	-1.997971e-06	-8.488348e-10	-1.387183e+01	-5.291469e+01
6.000000e-06	-2.041655e-06	-8.759521e-10	-1.417513e+01	-5.443269e+01
6.010000e-06	-2.085202e-06	-9.019237e-10	-1.447748e+01	-5.591258e+01
6.020000e-06	-2.128560e-06	-9.246588e-10	-1.477850e+01	-5.735398e+01
6.030000e-06	-2.171793e-06	-9.461152e-10	-1.507867e+01	-5.875659e+01
6.040000e-06	-2.214908e-06	-9.669768e-10	-1.537802e+01	-6.012028e+01
6.050000e-06	-2.257816e-06	-9.872093e-10	-1.567593e+01	-6.144501e+01
6.060000e-06	-2.300472e-06	-1.005279e-09	-1.597209e+01	-6.273085e+01
6.070000e-06	-2.342961e-06	-1.022117e-09	-1.626708e+01	-6.397799e+01
6.080000e-06	-2.385301e-06	-1.041660e-09	-1.656105e+01	-6.518674e+01
6.090000e-06	-2.427451e-06	-1.061517e-09	-1.685370e+01	-6.635749e+01
6.100000e-06	-2.469388e-06	-1.081715e-09	-1.714486e+01	-6.749071e+01
6.110000e-06	-2.511145e-06	-1.101590e-09	-1.743478e+01	-6.858697e+01
6.120000e-06	-2.552767e-06	-1.118798e-09	-1.772376e+01	-6.964693e+01
6.130000e-06	-2.594247e-06	-1.134815e-09	-1.801175e+01	-7.067130e+01
6.140000e-06	-2.635511e-06	-1.151601e-09	-1.829825e+01	-7.166086e+01
6.150000e-06	-2.676526e-06	-1.169691e-09	-1.858301e+01	-7.261645e+01
6.160000e-06	-2.717340e-06	-1.184743e-09	-1.886638e+01	-7.353896e+01
6.170000e-06	-2.758027e-06	-1.197749e-09	-1.914887e+01	-7.442930e+01
6.180000e-06	-2.798557e-06	-1.207874e-09	-1.943027e+01	-7.528844e+01
6.190000e-06	-2.838887e-06	-1.218359e-09	-1.971028e+01	-7.611736e+01
6.200000e-06	-2.879139e-06	-1.230122e-09	-1.998975e+01	-7.691708e+01
6.210000e-06	-2.919339e-06	-1.242371e-09	-2.026885e+01	-7.768861e+01
6.220000e-06	-2.959345e-06	-1.255545e-09	-2.054661e+01	-7.843296e+01
6.230000e-06	-2.999188e-06	-1.269058e-09	-2.082324e+01	-7.915118e+01
6.240000e-06	-3.038886e-06	-1.282523e-09	-2.109886e+01	-7.984426e+01
6.250000e-06	-3.078344e-06	-1.295552e-09	-2.137282e+01	-8.051323e+01
6.260000e-06	-3.117496e-06	-1.307620e-09	-2.164465e+01	-8.115907e+01
6.270000e-06	-3.156312e-06	-1.314533e-09	-2.191414e+01	-8.178276e+01
6.280000e-06	-3.194799e-06	-1.319901e-09	-2.218136e+01	-8.238523e+01
6.290000e-06	-3.232915e-06	-1.328653e-09	-2.244600e+01	-8.296740e+01
6.300000e-06	-3.270672e-06	-1.338772e-09	-2.270814e+01	-8.353016e+01
6.310000e-06	-3.308001e-06	-1.350537e-09	-2.296732e+01	-8.407437e+01
6.320000e-06	-3.344985e-06	-1.363308e-09	-2.322410e+01	-8.460083e+01
6.330000e-06	-3.381744e-06	-1.376318e-09	-2.347932e+01	-8.511033e+01
6.340000e-06	-3.418298e-06	-1.388307e-09	-2.373311e+01	-8.560360e+01
6.350000e-06	-3.454705e-06	-1.398796e-09	-2.398588e+01	-8.608135e+01
6.360000e-06	-3.490960e-06	-1.405804e-09	-2.423759e+01	-8.654424e+01
6.370000e-06	-3.527078e-06	-1.408729e-09	-2.448836e+01	-8.699288e+01
6.380000e-06	-3.562992e-06	-1.413270e-09	-2.473771e+01	-8.742786e+01
6.390000e-06	-3.598627e-06	-1.422851e-09	-2.498512e+01	-8.784972e+01
6.400000e-06	-3.634051e-06	-1.434355e-09	-2.523107e+01	-8.825897e+01
6.410000e-06	-3.669198e-06	-1.445471e-09	-2.547509e+01	-8.865608e+01
6.420000e-06	-3.704006e-06	-1.457409e-09	-2.571676e+01	-8.904148e+01
6.430000e-06	-3.738593e-06	-1.466926e-09	-2.595690e+01	-8.941558e+01
6.440000e-06	-3.772997e-06	-1.472201e-09	-2.619577e+01	-8.977875e+01
6.450000e-06	-3.807160e-06	-1.474058e-09	-2.643296e+01	-9.013134e+01
6.460000e-06	-3.841059e-06	-1.473791e-09	-2.666832e+01	-9.047366e+01
6.470000e-06	-3.874657e-06	-1.474057e-09	-2.690159e+01	-9.080601e+01
6.480000e-06	-3.907925e-06	-1.476578e-09	-2.713257e+01	-9.112867e+01
6.490000e-06	-3.940907e-06	-1.483020e-09	-2.736156e+01	-9.144188e+01
6.500000e-06	-3.973586e-06	-1.492796e-09	-2.758845e+01	-9.174588e+01
6.510000e-06	-4.006025e-06	-1.501134e-09	-2.781367e+01	-9.204090e+01
6.520000e-06	-4.038236e-06	-1.507431e-09	-2.803731e+01	-9.232714e+01
6.530000e-06	-4.070283e-06	-1.513326e-09	-2.825981e+01	-9.260480e+01
6.540000e-06	-4.102137e-06	-1.516375e-09	-2.848097e+01	-9.287407e+01
6.550000e-06	-4.133650e-06	-1.516414e-09	-2.869976e+01	-9.313512e+01
6.560000e-06	-4.164874e-06	-1.518492e-09	-2.891655e+01	-9.338814e+01
6.570000e-06	-4.195753e-06	-1.521176e-09	-2.913095e+01	-9.363328e+01
6.580000e-06	-4.226150e-06	-1.522916e-09	-2.934199e+01	-9.387072e+01
6.590000e-06	-4.256069e-06	-1.526069e-09	-2.954971e+01	-9.410061e+01
6.600000e-06	-4.285569e-06	-1.531997e-09	-2.975453e+01	-9.432311e+01
6.610000e-06	-4.314682e-06	-1.539446e-09	-2.995666e+01	-9.453839e+01
6.620000e-06	-4.343399e-06	-1.545093e-09	-3.015604e+01	-9.474659e+01
6.630000e-06	-4.371810e-06	-1.548670e-09	-3.035330e+01	-9.494787e+01
6.640000e-06	-4.399987e-06	-1.551318e-09	-3.054893e+01	-9.514238e+01
6.650000e-06	-4.427997e-06	-1.552945e-09	-3.074341e+01	-9.533028e+01
6.660000e-06	-4.455785e-06	-1.553552e-09	-3.093634e+01	-9.551171e+01
6.670000e-06	-4.483270e-06	-1.554640e-09	-3.112717e+01	-9.568683e+01
6.680000e-06	-4.510470e-06	-1.555270e-09	-3.131601e+01	-9.585577e+01
6.690000e-06	-4.537345e-06	-1.554627e-09	-3.150260e+01	-9.601868e+01
6.700000e-06	-4.563927e-06	-1.556565e-09	-3.168716e+01	-9.617570e+01
6.710000e-06	-4.590179e-06	-1.559369e-09	-3.186943e+01	-9.632696e+01
6.720000e-06	-4.616070e-06	-1.559537e-09	-3.204919e+01	-9.647260e+01
6.730000e-06	-4.641675e-06	-1.560104e-09	-3.222696e+01	-9.661274e+01
6.740000e-06	-4.667005e-06	-1.562991e-09	-3.240283e+01	-9.674750e+01
6.750000e-06	-4.691938e-06	-1.566543e-09	-3.257594e+01	-9.687698e+01
6.760000e-06	-4.716505e-06	-1.569436e-09	-3.274651e+01	-9.700131e+01
6.770000e-06	-4.740845e-06	-1.570391e-09	-3.291550e+01	-9.712058e+01
6.780000e-06	-4.765016e-06	-1.570945e-09	-3.308331e+01	-9.723488e+01
6.790000e-06	-4.788977e-06	-1.571915e-09	-3.324967e+01	-9.734429e+01
6.800000e-06	-4.812612e-06	-1.572720e-09	-3.341377e+01	-9.744890e+01
6.810000e-06	-4.835897e-06	-1.574039e-09	-3.357544e+01	-9.754877e+01
6.820000e-06	-4.858807e-06	-1.575510e-09	-3.373450e+01	-9.764396e+01
6.830000e-06	-4.881173e-06	-1.575387e-09	-3.388979e+01	-9.773453e+01
6.840000e-06	-4.902900e-06	-1.575582e-09	-3.404063e+01	-9.782054e+01
6.850000e-06	-4.924108e-06	-1.578413e-09	-3.418789e+01	-9.790201e+01
6.860000e-06	-4.944975e-06	-1.578064e-09	-3.433276e+01	-9.797900e+01
6.870000e-06	-4.965544e-06	-1.574681e-09	-3.447557e+01	-9.805153e+01
6.880000e-06	-4.985879e-06	-1.567812e-09	-3.461676e+01	-9.811963e+01
6.890000e-06	-5.005982e-06	-1.563878e-09	-3.475633e+01	-9.818333e+01
6.900000e-06	-5.025780e-06	-1.564768e-09	-3.489379e+01	-9.824265e+01
6.910000e-06	-5.045213e-06	-1.565390e-09	-3.502871e+01	-9.829763e+01
6.920000e-06	-5.064235e-06	-1.567061e-09	-3.516078e+01	-9.834827e+01
6.930000e-06	-5.082914e-06	-1.571020e-09	-3.529047e+01	-9.839462e+01
6.940000e-06	-5.101333e-06	-1.575102e-09	-3.541835e+01	-9.843671e+01
6.950000e-06	-5.119450e-06	-1.575932e-09	-3.554414e+01	-9.847456e+01
6.960000e-06	-5.137131e-06	-1.573085e-09	-3.566690e+01	-9.850821e+01
6.970000e-06	-5.154381e-06	-1.569707e-09	-3.578666e+01	-9.853772e+01
6.980000e-06	-5.171344e-06	-1.565690e-09	-3.590444e+01	-9.856314e+01
6.990000e-06	-5.188032e-06	-1.562486e-09	-3.602030e+01	-9.858452e+01
7.000000e-06	-5.204437e-06	-1.562227e-09	-3.613419e+01	-9.860195e+01
7.010000e-06	-5.220613e-06	-1.561312e-09	-3.624650e+01	-9.861550e+01
7.020000e-06	-5.236447e-06	-1.563015e-09	-3.635644e+01	-9.862527e+01
7.030000e-06	-5.251724e-06	-1.566262e-09	-3.646251e+01	-9.863135e+01
7.040000e-06	-5.266484e-06	-1.566194e-09	-3.656499e+01	-9.863386e+01
7.050000e-06	-5.280747e-06	-1.565031e-09	-3.666401e+01	-9.863294e+01
7.060000e-06	-5.294415e-06	-1.567949e-09	-3.675891e+01	-9.862870e+01
7.070000e-06	-5.307573e-06	-1.570147e-09	-3.685027e+01	-9.862131e+01
7.080000e-06	-5.320283e-06	-1.569879e-09	-3.693851e+01	-9.861092e+01
7.090000e-06	-5.332553e-06	-1.569132e-09	-3.702370e+01	-9.859770e+01
7.100000e-06	-5.344449e-06	-1.568408e-09	-3.710629e+01	-9.858183e+01
7.110000e-06	-5.355949e-06	-1.567599e-09	-3.718614e+01	-9.856349e+01
7.120000e-06	-5.366997e-06	-1.569478e-09	-3.726285e+01	-9.854287e+01
7.130000e-06	-5.377724e-06	-1.569934e-09	-3.733732e+01	-9.852017e+01
7.140000e-06	-5.388189e-06	-1.567176e-09	-3.740998e+01	-9.849560e+01
7.150000e-06	-5.398272e-06	-1.564205e-09	-3.747999e+01	-9.846935e+01
7.160000e-06	-5.407874e-06	-1.562531e-09	-3.754665e+01	-9.844164e+01
7.170000e-06	-5.417044e-06	-1.563978e-09	-3.761032e+01	-9.841267e+01
7.180000e-06	-5.425915e-06	-1.562786e-09	-3.767191e+01	-9.838264e+01
7.190000e-06	-5.434504e-06	-1.559925e-09	-3.773154e+01	-9.835174e+01
7.200000e-06	-5.442836e-06	-1.555972e-09	-3.778939e+01	-9.832018e+01
7.210000e-06	-5.450933e-06	-1.552528e-09	-3.784560e+01	-9.828812e+01
7.220000e-06	-5.458678e-06	-1.548584e-09	-3.789938e+01	-9.825574e+01
7.230000e-06	-5.466009e-06	-1.545956e-09	-3.795028e+01	-9.822320e+01
7.240000e-06	-5.472854e-06	-1.547145e-09	-3.799780e+01	-9.819065e+01
7.250000e-06	-5.479142e-06	-1.549134e-09	-3.804146e+01	-9.815822e+01
7.260000e-06	-5.484882e-06	-1.551131e-09	-3.808132e+01	-9.812601e+01
7.270000e-06	-5.490063e-06	-1.551306e-09	-3.811729e+01	-9.809412e+01
7.280000e-06	-5.494787e-06	-1.547185e-09	-3.815008e+01	-9.806262e+01
7.290000e-06	-5.499219e-06	-1.541039e-09	-3.818085e+01	-9.803158e+01
7.300000e-06	-5.503428e-06	-1.534195e-09	-3.821008e+01	-9.800100e+01
7.310000e-06	-5.507308e-06	-1.529582e-09	-3.823702e+01	-9.797091e+01
7.320000e-06	-5.510823e-06	-1.528296e-09	-3.826142e+01	-9.794129e+01
7.330000e-06	-5.513990e-06	-1.527823e-09	-3.828341e+01	-9.791210e+01
7.340000e-06	-5.516782e-06	-1.527143e-09	-3.830279e+01	-9.788327e+01
7.350000e-06	-5.519202e-06	-1.524878e-09	-3.831960e+01	-9.785473e+01
7.360000e-06	-5.521277e-06	-1.521679e-09	-3.833400e+01	-9.782636e+01
7.370000e-06	-5.522961e-06	-1.518025e-09	-3.834570e+01	-9.779804e+01
7.380000e-06	-5.524137e-06	-1.514610e-09	-3.835386e+01	-9.776961e+01
7.390000e-06	-5.525062e-06	-1.510320e-09	-3.836029e+01	-9.774091e+01
7.400000e-06	-5.525794e-06	-1.508998e-09	-3.836537e+01	-9.771174e+01
