# Temperatura_=_10.6
# Concentracion g/m^3_=_1620.0
# C_Vs_to_Am_M_A/Vsm_=_65563218390.804596
# pendiente_HvsI_1/m_=_3716.3
# ordenada_HvsI_A/m_=_1297.0
# frecuencia_Hz_=_135096.350117968

Tiempo_(s)	Campo_(V.s)	Magnetizacion_(V.s)	Campo_(kA/m)	Magnetizacion_(A/m)
0.000000e+00	-5.532686e-06	-1.630536e-09	-3.837293e+01	-1.062397e+02
1.000000e-08	-5.533028e-06	-1.627303e-09	-3.837530e+01	-1.062225e+02
2.000000e-08	-5.533079e-06	-1.626326e-09	-3.837566e+01	-1.062065e+02
3.000000e-08	-5.532771e-06	-1.627145e-09	-3.837352e+01	-1.061915e+02
4.000000e-08	-5.532051e-06	-1.628208e-09	-3.836853e+01	-1.061774e+02
5.000000e-08	-5.530844e-06	-1.629464e-09	-3.836015e+01	-1.061639e+02
6.000000e-08	-5.529019e-06	-1.632234e-09	-3.834750e+01	-1.061506e+02
7.000000e-08	-5.526590e-06	-1.637085e-09	-3.833065e+01	-1.061373e+02
8.000000e-08	-5.523640e-06	-1.640605e-09	-3.831019e+01	-1.061237e+02
9.000000e-08	-5.520159e-06	-1.640277e-09	-3.828605e+01	-1.061093e+02
1.000000e-07	-5.516217e-06	-1.630428e-09	-3.825871e+01	-1.060938e+02
1.100000e-07	-5.511893e-06	-1.607757e-09	-3.822872e+01	-1.060769e+02
1.200000e-07	-5.507383e-06	-1.617316e-09	-3.819744e+01	-1.060581e+02
1.300000e-07	-5.502712e-06	-1.630834e-09	-3.816504e+01	-1.060371e+02
1.400000e-07	-5.497628e-06	-1.642025e-09	-3.812978e+01	-1.060134e+02
1.500000e-07	-5.492117e-06	-1.620320e-09	-3.809156e+01	-1.059868e+02
1.600000e-07	-5.486289e-06	-1.617745e-09	-3.805114e+01	-1.059567e+02
1.700000e-07	-5.480102e-06	-1.625058e-09	-3.800823e+01	-1.059228e+02
1.800000e-07	-5.473489e-06	-1.626131e-09	-3.796236e+01	-1.058849e+02
1.900000e-07	-5.466452e-06	-1.612678e-09	-3.791355e+01	-1.058425e+02
2.000000e-07	-5.459081e-06	-1.598643e-09	-3.786243e+01	-1.057954e+02
2.100000e-07	-5.451491e-06	-1.627283e-09	-3.780979e+01	-1.057432e+02
2.200000e-07	-5.443662e-06	-1.663011e-09	-3.775549e+01	-1.056858e+02
2.300000e-07	-5.435464e-06	-1.670552e-09	-3.769863e+01	-1.056229e+02
2.400000e-07	-5.426909e-06	-1.630994e-09	-3.763930e+01	-1.055544e+02
2.500000e-07	-5.417805e-06	-1.619767e-09	-3.757615e+01	-1.054800e+02
2.600000e-07	-5.407952e-06	-1.632520e-09	-3.750782e+01	-1.053997e+02
2.700000e-07	-5.397520e-06	-1.639397e-09	-3.743547e+01	-1.053133e+02
2.800000e-07	-5.386591e-06	-1.619390e-09	-3.735967e+01	-1.052209e+02
2.900000e-07	-5.375102e-06	-1.625897e-09	-3.727998e+01	-1.051223e+02
3.000000e-07	-5.363235e-06	-1.633017e-09	-3.719768e+01	-1.050177e+02
3.100000e-07	-5.351068e-06	-1.626612e-09	-3.711329e+01	-1.049071e+02
3.200000e-07	-5.338445e-06	-1.607172e-09	-3.702574e+01	-1.047905e+02
3.300000e-07	-5.325406e-06	-1.615462e-09	-3.693530e+01	-1.046681e+02
3.400000e-07	-5.312048e-06	-1.619936e-09	-3.684266e+01	-1.045400e+02
3.500000e-07	-5.298336e-06	-1.610906e-09	-3.674755e+01	-1.044064e+02
3.600000e-07	-5.284117e-06	-1.601042e-09	-3.664894e+01	-1.042675e+02
3.700000e-07	-5.269412e-06	-1.614607e-09	-3.654695e+01	-1.041234e+02
3.800000e-07	-5.254175e-06	-1.614203e-09	-3.644127e+01	-1.039745e+02
3.900000e-07	-5.238305e-06	-1.598728e-09	-3.633120e+01	-1.038209e+02
4.000000e-07	-5.222060e-06	-1.594303e-09	-3.621853e+01	-1.036628e+02
4.100000e-07	-5.205654e-06	-1.594653e-09	-3.610474e+01	-1.035006e+02
4.200000e-07	-5.188839e-06	-1.585618e-09	-3.598812e+01	-1.033345e+02
4.300000e-07	-5.171644e-06	-1.584346e-09	-3.586886e+01	-1.031647e+02
4.400000e-07	-5.154171e-06	-1.598188e-09	-3.574767e+01	-1.029916e+02
4.500000e-07	-5.136308e-06	-1.584952e-09	-3.562378e+01	-1.028152e+02
4.600000e-07	-5.118010e-06	-1.567527e-09	-3.549687e+01	-1.026360e+02
4.700000e-07	-5.099277e-06	-1.569953e-09	-3.536695e+01	-1.024540e+02
4.800000e-07	-5.080150e-06	-1.577155e-09	-3.523429e+01	-1.022695e+02
4.900000e-07	-5.060770e-06	-1.558745e-09	-3.509987e+01	-1.020827e+02
5.000000e-07	-5.041237e-06	-1.560874e-09	-3.496440e+01	-1.018938e+02
5.100000e-07	-5.021512e-06	-1.576909e-09	-3.482759e+01	-1.017028e+02
5.200000e-07	-5.001459e-06	-1.566266e-09	-3.468852e+01	-1.015100e+02
5.300000e-07	-4.981029e-06	-1.545575e-09	-3.454681e+01	-1.013153e+02
5.400000e-07	-4.960317e-06	-1.561843e-09	-3.440316e+01	-1.011190e+02
5.500000e-07	-4.939256e-06	-1.554791e-09	-3.425709e+01	-1.009209e+02
5.600000e-07	-4.917734e-06	-1.527845e-09	-3.410782e+01	-1.007212e+02
5.700000e-07	-4.895835e-06	-1.533882e-09	-3.395594e+01	-1.005198e+02
5.800000e-07	-4.873571e-06	-1.555112e-09	-3.380152e+01	-1.003167e+02
5.900000e-07	-4.850967e-06	-1.534610e-09	-3.364475e+01	-1.001118e+02
6.000000e-07	-4.828046e-06	-1.524879e-09	-3.348578e+01	-9.990508e+01
6.100000e-07	-4.804776e-06	-1.537958e-09	-3.332438e+01	-9.969642e+01
6.200000e-07	-4.781290e-06	-1.524205e-09	-3.316149e+01	-9.948569e+01
6.300000e-07	-4.757616e-06	-1.501734e-09	-3.299730e+01	-9.927276e+01
6.400000e-07	-4.733668e-06	-1.517756e-09	-3.283120e+01	-9.905748e+01
6.500000e-07	-4.709374e-06	-1.520986e-09	-3.266270e+01	-9.883968e+01
6.600000e-07	-4.684662e-06	-1.503143e-09	-3.249131e+01	-9.861919e+01
6.700000e-07	-4.659508e-06	-1.509668e-09	-3.231685e+01	-9.839582e+01
6.800000e-07	-4.633805e-06	-1.517804e-09	-3.213858e+01	-9.816940e+01
6.900000e-07	-4.607499e-06	-1.498669e-09	-3.195613e+01	-9.793974e+01
7.000000e-07	-4.580800e-06	-1.491958e-09	-3.177095e+01	-9.770665e+01
7.100000e-07	-4.553723e-06	-1.501898e-09	-3.158316e+01	-9.746995e+01
7.200000e-07	-4.526312e-06	-1.488468e-09	-3.139305e+01	-9.722947e+01
7.300000e-07	-4.498728e-06	-1.478932e-09	-3.120173e+01	-9.698505e+01
7.400000e-07	-4.470995e-06	-1.488905e-09	-3.100938e+01	-9.673652e+01
7.500000e-07	-4.443048e-06	-1.482178e-09	-3.081555e+01	-9.648376e+01
7.600000e-07	-4.414849e-06	-1.461077e-09	-3.061997e+01	-9.622663e+01
7.700000e-07	-4.386315e-06	-1.460795e-09	-3.042207e+01	-9.596504e+01
7.800000e-07	-4.357391e-06	-1.459892e-09	-3.022146e+01	-9.569890e+01
7.900000e-07	-4.328094e-06	-1.450522e-09	-3.001827e+01	-9.542813e+01
8.000000e-07	-4.298559e-06	-1.450141e-09	-2.981342e+01	-9.515270e+01
8.100000e-07	-4.268853e-06	-1.452369e-09	-2.960739e+01	-9.487257e+01
8.200000e-07	-4.238833e-06	-1.437165e-09	-2.939918e+01	-9.458775e+01
8.300000e-07	-4.208521e-06	-1.427282e-09	-2.918895e+01	-9.429824e+01
8.400000e-07	-4.177880e-06	-1.424926e-09	-2.897643e+01	-9.400409e+01
8.500000e-07	-4.146834e-06	-1.418892e-09	-2.876111e+01	-9.370535e+01
8.600000e-07	-4.115562e-06	-1.414496e-09	-2.854421e+01	-9.340209e+01
8.700000e-07	-4.084111e-06	-1.418260e-09	-2.832608e+01	-9.309441e+01
8.800000e-07	-4.052452e-06	-1.409064e-09	-2.810651e+01	-9.278242e+01
8.900000e-07	-4.020604e-06	-1.396413e-09	-2.788562e+01	-9.246623e+01
9.000000e-07	-3.988542e-06	-1.391523e-09	-2.766324e+01	-9.214598e+01
9.100000e-07	-3.956211e-06	-1.384414e-09	-2.743901e+01	-9.182181e+01
9.200000e-07	-3.923594e-06	-1.371702e-09	-2.721278e+01	-9.149387e+01
9.300000e-07	-3.890651e-06	-1.370250e-09	-2.698431e+01	-9.116230e+01
9.400000e-07	-3.857297e-06	-1.372055e-09	-2.675297e+01	-9.082726e+01
9.500000e-07	-3.823506e-06	-1.365495e-09	-2.651861e+01	-9.048891e+01
9.600000e-07	-3.789132e-06	-1.358718e-09	-2.628020e+01	-9.014738e+01
9.700000e-07	-3.754295e-06	-1.353296e-09	-2.603859e+01	-8.980283e+01
9.800000e-07	-3.719181e-06	-1.339663e-09	-2.579505e+01	-8.945537e+01
9.900000e-07	-3.683835e-06	-1.326379e-09	-2.554989e+01	-8.910514e+01
1.000000e-06	-3.648324e-06	-1.321326e-09	-2.530360e+01	-8.875223e+01
1.010000e-06	-3.612670e-06	-1.312749e-09	-2.505632e+01	-8.839674e+01
1.020000e-06	-3.576895e-06	-1.303692e-09	-2.480820e+01	-8.803874e+01
1.030000e-06	-3.540922e-06	-1.302988e-09	-2.455869e+01	-8.767828e+01
1.040000e-06	-3.504740e-06	-1.303262e-09	-2.430775e+01	-8.731539e+01
1.050000e-06	-3.468353e-06	-1.295819e-09	-2.405538e+01	-8.695007e+01
1.060000e-06	-3.431651e-06	-1.288621e-09	-2.380083e+01	-8.658232e+01
1.070000e-06	-3.394665e-06	-1.282139e-09	-2.354430e+01	-8.621208e+01
1.080000e-06	-3.357424e-06	-1.273962e-09	-2.328601e+01	-8.583930e+01
1.090000e-06	-3.319901e-06	-1.266209e-09	-2.302577e+01	-8.546389e+01
1.100000e-06	-3.282104e-06	-1.264469e-09	-2.276362e+01	-8.508574e+01
1.110000e-06	-3.244105e-06	-1.259942e-09	-2.250007e+01	-8.470470e+01
1.120000e-06	-3.205868e-06	-1.252252e-09	-2.223487e+01	-8.432063e+01
1.130000e-06	-3.167400e-06	-1.246005e-09	-2.196807e+01	-8.393334e+01
1.140000e-06	-3.128764e-06	-1.239295e-09	-2.170010e+01	-8.354263e+01
1.150000e-06	-3.089993e-06	-1.228635e-09	-2.143120e+01	-8.314829e+01
1.160000e-06	-3.050987e-06	-1.221075e-09	-2.116067e+01	-8.275007e+01
1.170000e-06	-3.011807e-06	-1.211926e-09	-2.088893e+01	-8.234774e+01
1.180000e-06	-2.972512e-06	-1.202137e-09	-2.061639e+01	-8.194103e+01
1.190000e-06	-2.933009e-06	-1.197115e-09	-2.034241e+01	-8.152968e+01
1.200000e-06	-2.893397e-06	-1.194621e-09	-2.006767e+01	-8.111340e+01
1.210000e-06	-2.853662e-06	-1.188258e-09	-1.979208e+01	-8.069191e+01
1.220000e-06	-2.813767e-06	-1.180126e-09	-1.951538e+01	-8.026493e+01
1.230000e-06	-2.773692e-06	-1.173734e-09	-1.923744e+01	-7.983217e+01
1.240000e-06	-2.733435e-06	-1.164105e-09	-1.895823e+01	-7.939334e+01
1.250000e-06	-2.693041e-06	-1.153949e-09	-1.867807e+01	-7.894816e+01
1.260000e-06	-2.652345e-06	-1.147993e-09	-1.839581e+01	-7.849636e+01
1.270000e-06	-2.611273e-06	-1.142890e-09	-1.811095e+01	-7.803766e+01
1.280000e-06	-2.569920e-06	-1.134593e-09	-1.782414e+01	-7.757180e+01
1.290000e-06	-2.528280e-06	-1.126196e-09	-1.753534e+01	-7.709853e+01
1.300000e-06	-2.486361e-06	-1.117707e-09	-1.724460e+01	-7.661761e+01
1.310000e-06	-2.444199e-06	-1.107826e-09	-1.695218e+01	-7.612880e+01
1.320000e-06	-2.401659e-06	-1.094984e-09	-1.665713e+01	-7.563188e+01
1.330000e-06	-2.358773e-06	-1.085153e-09	-1.635969e+01	-7.512663e+01
1.340000e-06	-2.315746e-06	-1.074328e-09	-1.606127e+01	-7.461285e+01
1.350000e-06	-2.272494e-06	-1.066264e-09	-1.576129e+01	-7.409035e+01
1.360000e-06	-2.229077e-06	-1.064786e-09	-1.546016e+01	-7.355894e+01
1.370000e-06	-2.185629e-06	-1.060208e-09	-1.515882e+01	-7.301843e+01
1.380000e-06	-2.142074e-06	-1.050595e-09	-1.485674e+01	-7.246863e+01
1.390000e-06	-2.098342e-06	-1.037693e-09	-1.455343e+01	-7.190938e+01
1.400000e-06	-2.054515e-06	-1.024321e-09	-1.424946e+01	-7.134048e+01
1.410000e-06	-2.010636e-06	-1.009420e-09	-1.394512e+01	-7.076174e+01
1.420000e-06	-1.966704e-06	-9.979425e-10	-1.364043e+01	-7.017298e+01
1.430000e-06	-1.922695e-06	-9.924125e-10	-1.333519e+01	-6.957397e+01
1.440000e-06	-1.878597e-06	-9.890363e-10	-1.302934e+01	-6.896450e+01
1.450000e-06	-1.834378e-06	-9.812154e-10	-1.272265e+01	-6.834432e+01
1.460000e-06	-1.790068e-06	-9.693800e-10	-1.241534e+01	-6.771316e+01
1.470000e-06	-1.745698e-06	-9.556763e-10	-1.210760e+01	-6.707074e+01
1.480000e-06	-1.701175e-06	-9.404829e-10	-1.179881e+01	-6.641672e+01
1.490000e-06	-1.656479e-06	-9.265690e-10	-1.148881e+01	-6.575075e+01
1.500000e-06	-1.611585e-06	-9.138425e-10	-1.117744e+01	-6.507244e+01
1.510000e-06	-1.566484e-06	-9.016135e-10	-1.086463e+01	-6.438136e+01
1.520000e-06	-1.521237e-06	-8.909790e-10	-1.055081e+01	-6.367703e+01
1.530000e-06	-1.475896e-06	-8.815760e-10	-1.023634e+01	-6.295893e+01
1.540000e-06	-1.430499e-06	-8.720188e-10	-9.921485e+00	-6.222650e+01
1.550000e-06	-1.385031e-06	-8.611894e-10	-9.606130e+00	-6.147913e+01
1.560000e-06	-1.339476e-06	-8.492122e-10	-9.290174e+00	-6.071615e+01
1.570000e-06	-1.293810e-06	-8.349509e-10	-8.973453e+00	-5.993686e+01
1.580000e-06	-1.248102e-06	-8.201544e-10	-8.656434e+00	-5.914049e+01
1.590000e-06	-1.202383e-06	-8.060337e-10	-8.339339e+00	-5.832624e+01
1.600000e-06	-1.156610e-06	-7.912592e-10	-8.021876e+00	-5.749327e+01
1.610000e-06	-1.110785e-06	-7.776898e-10	-7.704050e+00	-5.664067e+01
1.620000e-06	-1.064776e-06	-7.673857e-10	-7.384943e+00	-5.576751e+01
1.630000e-06	-1.018604e-06	-7.593728e-10	-7.064707e+00	-5.487282e+01
1.640000e-06	-9.723908e-07	-7.494132e-10	-6.744190e+00	-5.395559e+01
1.650000e-06	-9.261257e-07	-7.371083e-10	-6.423310e+00	-5.301479e+01
1.660000e-06	-8.797879e-07	-7.213415e-10	-6.101926e+00	-5.204936e+01
1.670000e-06	-8.333193e-07	-7.015746e-10	-5.779635e+00	-5.105824e+01
1.680000e-06	-7.868562e-07	-6.812187e-10	-5.457382e+00	-5.004035e+01
1.690000e-06	-7.404093e-07	-6.642088e-10	-5.135241e+00	-4.899461e+01
1.700000e-06	-6.937917e-07	-6.469901e-10	-4.811916e+00	-4.791994e+01
1.710000e-06	-6.471679e-07	-6.294891e-10	-4.488548e+00	-4.681529e+01
1.720000e-06	-6.005924e-07	-6.137362e-10	-4.165516e+00	-4.567962e+01
1.730000e-06	-5.538842e-07	-5.960399e-10	-3.841563e+00	-4.451193e+01
1.740000e-06	-5.070257e-07	-5.758584e-10	-3.516567e+00	-4.331127e+01
1.750000e-06	-4.601847e-07	-5.563142e-10	-3.191693e+00	-4.207673e+01
1.760000e-06	-4.133581e-07	-5.369553e-10	-2.866919e+00	-4.080746e+01
1.770000e-06	-3.665113e-07	-5.148693e-10	-2.542004e+00	-3.950269e+01
1.780000e-06	-3.196127e-07	-4.922193e-10	-2.216731e+00	-3.816173e+01
1.790000e-06	-2.726871e-07	-4.711900e-10	-1.891270e+00	-3.678397e+01
1.800000e-06	-2.257947e-07	-4.497524e-10	-1.566040e+00	-3.536890e+01
1.810000e-06	-1.788590e-07	-4.307221e-10	-1.240508e+00	-3.391612e+01
1.820000e-06	-1.318943e-07	-4.135769e-10	-9.147767e-01	-3.242535e+01
1.830000e-06	-8.490803e-08	-3.941254e-10	-5.888948e-01	-3.089644e+01
1.840000e-06	-3.794831e-08	-3.716469e-10	-2.631973e-01	-2.932933e+01
1.850000e-06	8.952560e-09	-3.495526e-10	6.209208e-02	-2.772415e+01
1.860000e-06	5.590520e-08	-3.276093e-10	3.877405e-01	-2.608113e+01
1.870000e-06	1.028999e-07	-3.030906e-10	7.136804e-01	-2.440065e+01
1.880000e-06	1.498612e-07	-2.781769e-10	1.039389e+00	-2.268327e+01
1.890000e-06	1.968251e-07	-2.544369e-10	1.365116e+00	-2.092967e+01
1.900000e-06	2.437675e-07	-2.299973e-10	1.690693e+00	-1.914068e+01
1.910000e-06	2.907105e-07	-2.028569e-10	2.016275e+00	-1.731731e+01
1.920000e-06	3.376595e-07	-1.739896e-10	2.341898e+00	-1.546071e+01
1.930000e-06	3.845229e-07	-1.427243e-10	2.666927e+00	-1.357218e+01
1.940000e-06	4.313056e-07	-1.127371e-10	2.991397e+00	-1.165317e+01
1.950000e-06	4.781111e-07	-8.550416e-11	3.316025e+00	-9.705267e+00
1.960000e-06	5.248899e-07	-5.943757e-11	3.640467e+00	-7.730219e+00
1.970000e-06	5.716109e-07	-3.566704e-11	3.964509e+00	-5.729890e+00
1.980000e-06	6.182459e-07	-1.051951e-11	4.287955e+00	-3.706280e+00
1.990000e-06	6.647698e-07	1.819686e-11	4.610630e+00	-1.661505e+00
2.000000e-06	7.112297e-07	5.045647e-11	4.932860e+00	4.022087e-01
2.010000e-06	7.576818e-07	8.460975e-11	5.255037e+00	2.482532e+00
2.020000e-06	8.041616e-07	1.165174e-10	5.577406e+00	4.577046e+00
2.030000e-06	8.505705e-07	1.463875e-10	5.899283e+00	6.683256e+00
2.040000e-06	8.969285e-07	1.735845e-10	6.220808e+00	8.798596e+00
2.050000e-06	9.432002e-07	1.983555e-10	6.541733e+00	1.092045e+01
2.060000e-06	9.893062e-07	2.254577e-10	6.861510e+00	1.304615e+01
2.070000e-06	1.035333e-06	2.565484e-10	7.180738e+00	1.517302e+01
2.080000e-06	1.081331e-06	2.892291e-10	7.499763e+00	1.729836e+01
2.090000e-06	1.127200e-06	3.213777e-10	7.817897e+00	1.941945e+01
2.100000e-06	1.172905e-06	3.524842e-10	8.134891e+00	2.153362e+01
2.110000e-06	1.218615e-06	3.828017e-10	8.451923e+00	2.363819e+01
2.120000e-06	1.264325e-06	4.121384e-10	8.768952e+00	2.573054e+01
2.130000e-06	1.309912e-06	4.413507e-10	9.085128e+00	2.780811e+01
2.140000e-06	1.355459e-06	4.704628e-10	9.401030e+00	2.986839e+01
2.150000e-06	1.400922e-06	4.970456e-10	9.716343e+00	3.190896e+01
2.160000e-06	1.446246e-06	5.232212e-10	1.003069e+01	3.392747e+01
2.170000e-06	1.491529e-06	5.503499e-10	1.034477e+01	3.592169e+01
2.180000e-06	1.536716e-06	5.778453e-10	1.065817e+01	3.788951e+01
2.190000e-06	1.581730e-06	6.062069e-10	1.097037e+01	3.982892e+01
2.200000e-06	1.626620e-06	6.334736e-10	1.128171e+01	4.173804e+01
2.210000e-06	1.671380e-06	6.600683e-10	1.159215e+01	4.361515e+01
2.220000e-06	1.716045e-06	6.867144e-10	1.190194e+01	4.545863e+01
2.230000e-06	1.760510e-06	7.122743e-10	1.221033e+01	4.726706e+01
2.240000e-06	1.804782e-06	7.355556e-10	1.251739e+01	4.903914e+01
2.250000e-06	1.848989e-06	7.573414e-10	1.282399e+01	5.077373e+01
2.260000e-06	1.893057e-06	7.787709e-10	1.312963e+01	5.246986e+01
2.270000e-06	1.937023e-06	7.995668e-10	1.343457e+01	5.412670e+01
2.280000e-06	1.980912e-06	8.199828e-10	1.373897e+01	5.574359e+01
2.290000e-06	2.024693e-06	8.412247e-10	1.404262e+01	5.732004e+01
2.300000e-06	2.068413e-06	8.615598e-10	1.434585e+01	5.885568e+01
2.310000e-06	2.112091e-06	8.807052e-10	1.464878e+01	6.035032e+01
2.320000e-06	2.155694e-06	9.003195e-10	1.495120e+01	6.180392e+01
2.330000e-06	2.199211e-06	9.203055e-10	1.525302e+01	6.321655e+01
2.340000e-06	2.242586e-06	9.387975e-10	1.555385e+01	6.458844e+01
2.350000e-06	2.285795e-06	9.568620e-10	1.585354e+01	6.591995e+01
2.360000e-06	2.328899e-06	9.755408e-10	1.615250e+01	6.721155e+01
2.370000e-06	2.371893e-06	9.936759e-10	1.645069e+01	6.846381e+01
2.380000e-06	2.414641e-06	1.009630e-09	1.674717e+01	6.967743e+01
2.390000e-06	2.457087e-06	1.023118e-09	1.704157e+01	7.085317e+01
2.400000e-06	2.499289e-06	1.037570e-09	1.733426e+01	7.199191e+01
2.410000e-06	2.541163e-06	1.053391e-09	1.762469e+01	7.309458e+01
2.420000e-06	2.582674e-06	1.070017e-09	1.791260e+01	7.416216e+01
2.430000e-06	2.623926e-06	1.085031e-09	1.819871e+01	7.519571e+01
2.440000e-06	2.664831e-06	1.097241e-09	1.848241e+01	7.619632e+01
2.450000e-06	2.705345e-06	1.108306e-09	1.876340e+01	7.716510e+01
2.460000e-06	2.745588e-06	1.118794e-09	1.904252e+01	7.810321e+01
2.470000e-06	2.785750e-06	1.129257e-09	1.932107e+01	7.901179e+01
2.480000e-06	2.825814e-06	1.141666e-09	1.959894e+01	7.989201e+01
2.490000e-06	2.865635e-06	1.155218e-09	1.987513e+01	8.074501e+01
2.500000e-06	2.905321e-06	1.170550e-09	2.015037e+01	8.157192e+01
2.510000e-06	2.944937e-06	1.183759e-09	2.042513e+01	8.237386e+01
2.520000e-06	2.984418e-06	1.194297e-09	2.069896e+01	8.315192e+01
2.530000e-06	3.023703e-06	1.202235e-09	2.097143e+01	8.390715e+01
2.540000e-06	3.062789e-06	1.209042e-09	2.124252e+01	8.464054e+01
2.550000e-06	3.101691e-06	1.218364e-09	2.151233e+01	8.535306e+01
2.560000e-06	3.140269e-06	1.229584e-09	2.177990e+01	8.604562e+01
2.570000e-06	3.178549e-06	1.241998e-09	2.204539e+01	8.671907e+01
2.580000e-06	3.216667e-06	1.253482e-09	2.230977e+01	8.737421e+01
2.590000e-06	3.254592e-06	1.263329e-09	2.257281e+01	8.801179e+01
2.600000e-06	3.292349e-06	1.271758e-09	2.283468e+01	8.863248e+01
2.610000e-06	3.329951e-06	1.280489e-09	2.309547e+01	8.923691e+01
2.620000e-06	3.367295e-06	1.290606e-09	2.335448e+01	8.982564e+01
2.630000e-06	3.404377e-06	1.299546e-09	2.361166e+01	9.039918e+01
2.640000e-06	3.441224e-06	1.306631e-09	2.386722e+01	9.095798e+01
2.650000e-06	3.477804e-06	1.313806e-09	2.412093e+01	9.150243e+01
2.660000e-06	3.514094e-06	1.319546e-09	2.437263e+01	9.203289e+01
2.670000e-06	3.550118e-06	1.326285e-09	2.462248e+01	9.254965e+01
2.680000e-06	3.585927e-06	1.335848e-09	2.487084e+01	9.305298e+01
2.690000e-06	3.621590e-06	1.345144e-09	2.511819e+01	9.354310e+01
2.700000e-06	3.657188e-06	1.352657e-09	2.536508e+01	9.402018e+01
2.710000e-06	3.692648e-06	1.360350e-09	2.561102e+01	9.448440e+01
2.720000e-06	3.727970e-06	1.368460e-09	2.585600e+01	9.493589e+01
2.730000e-06	3.763083e-06	1.376913e-09	2.609954e+01	9.537476e+01
2.740000e-06	3.797824e-06	1.385223e-09	2.634048e+01	9.580111e+01
2.750000e-06	3.832194e-06	1.392537e-09	2.657887e+01	9.621504e+01
2.760000e-06	3.866133e-06	1.397110e-09	2.681426e+01	9.661663e+01
2.770000e-06	3.899603e-06	1.400519e-09	2.704639e+01	9.700598e+01
2.780000e-06	3.932559e-06	1.405013e-09	2.727497e+01	9.738317e+01
2.790000e-06	3.965049e-06	1.410446e-09	2.750031e+01	9.774830e+01
2.800000e-06	3.997224e-06	1.417323e-09	2.772346e+01	9.810150e+01
2.810000e-06	4.029147e-06	1.425311e-09	2.794487e+01	9.844289e+01
2.820000e-06	4.060890e-06	1.429650e-09	2.816503e+01	9.877262e+01
2.830000e-06	4.092457e-06	1.433733e-09	2.838396e+01	9.909086e+01
2.840000e-06	4.123868e-06	1.437449e-09	2.860182e+01	9.939779e+01
2.850000e-06	4.154968e-06	1.439685e-09	2.881752e+01	9.969364e+01
2.860000e-06	4.185732e-06	1.440314e-09	2.903089e+01	9.997864e+01
2.870000e-06	4.216235e-06	1.443348e-09	2.924245e+01	1.002531e+02
2.880000e-06	4.246385e-06	1.451711e-09	2.945156e+01	1.005172e+02
2.890000e-06	4.276232e-06	1.459116e-09	2.965857e+01	1.007713e+02
2.900000e-06	4.305870e-06	1.464166e-09	2.986413e+01	1.010158e+02
2.910000e-06	4.335305e-06	1.464330e-09	3.006828e+01	1.012510e+02
2.920000e-06	4.364415e-06	1.466583e-09	3.027018e+01	1.014773e+02
2.930000e-06	4.393269e-06	1.470503e-09	3.047030e+01	1.016951e+02
2.940000e-06	4.421898e-06	1.474703e-09	3.066886e+01	1.019047e+02
2.950000e-06	4.450196e-06	1.479767e-09	3.086513e+01	1.021067e+02
2.960000e-06	4.478160e-06	1.484365e-09	3.105908e+01	1.023014e+02
2.970000e-06	4.505910e-06	1.488957e-09	3.125154e+01	1.024893e+02
2.980000e-06	4.533518e-06	1.493853e-09	3.144303e+01	1.026707e+02
2.990000e-06	4.560927e-06	1.500701e-09	3.163312e+01	1.028462e+02
3.000000e-06	4.588040e-06	1.506560e-09	3.182117e+01	1.030162e+02
3.010000e-06	4.614781e-06	1.510391e-09	3.200663e+01	1.031810e+02
3.020000e-06	4.641101e-06	1.513844e-09	3.218918e+01	1.033410e+02
3.030000e-06	4.666809e-06	1.515108e-09	3.236749e+01	1.034967e+02
3.040000e-06	4.691904e-06	1.515871e-09	3.254154e+01	1.036484e+02
3.050000e-06	4.716436e-06	1.517050e-09	3.271168e+01	1.037964e+02
3.060000e-06	4.740483e-06	1.521111e-09	3.287847e+01	1.039410e+02
3.070000e-06	4.764225e-06	1.525129e-09	3.304313e+01	1.040825e+02
3.080000e-06	4.787767e-06	1.527737e-09	3.320641e+01	1.042212e+02
3.090000e-06	4.811135e-06	1.533103e-09	3.336849e+01	1.043573e+02
3.100000e-06	4.834211e-06	1.536102e-09	3.352853e+01	1.044909e+02
3.110000e-06	4.856905e-06	1.537692e-09	3.368593e+01	1.046222e+02
3.120000e-06	4.879254e-06	1.539644e-09	3.384094e+01	1.047512e+02
3.130000e-06	4.901315e-06	1.543446e-09	3.399395e+01	1.048781e+02
3.140000e-06	4.923079e-06	1.549728e-09	3.414489e+01	1.050030e+02
3.150000e-06	4.944575e-06	1.555690e-09	3.429398e+01	1.051256e+02
3.160000e-06	4.965738e-06	1.557760e-09	3.444076e+01	1.052462e+02
3.170000e-06	4.986504e-06	1.556872e-09	3.458479e+01	1.053645e+02
3.180000e-06	5.006911e-06	1.557589e-09	3.472633e+01	1.054805e+02
3.190000e-06	5.026999e-06	1.559474e-09	3.486565e+01	1.055940e+02
3.200000e-06	5.046863e-06	1.563346e-09	3.500342e+01	1.057049e+02
3.210000e-06	5.066492e-06	1.570348e-09	3.513956e+01	1.058131e+02
3.220000e-06	5.085872e-06	1.576706e-09	3.527398e+01	1.059182e+02
3.230000e-06	5.104960e-06	1.581067e-09	3.540636e+01	1.060202e+02
3.240000e-06	5.123627e-06	1.580839e-09	3.553583e+01	1.061187e+02
3.250000e-06	5.141877e-06	1.580150e-09	3.566240e+01	1.062137e+02
3.260000e-06	5.159735e-06	1.580936e-09	3.578626e+01	1.063047e+02
3.270000e-06	5.177166e-06	1.581180e-09	3.590716e+01	1.063917e+02
3.280000e-06	5.194180e-06	1.583364e-09	3.602517e+01	1.064744e+02
3.290000e-06	5.210876e-06	1.587620e-09	3.614096e+01	1.065525e+02
3.300000e-06	5.227390e-06	1.593625e-09	3.625549e+01	1.066259e+02
3.310000e-06	5.243580e-06	1.599295e-09	3.636778e+01	1.066944e+02
3.320000e-06	5.259257e-06	1.602506e-09	3.647652e+01	1.067578e+02
3.330000e-06	5.274402e-06	1.602756e-09	3.658156e+01	1.068159e+02
3.340000e-06	5.289084e-06	1.602256e-09	3.668339e+01	1.068687e+02
3.350000e-06	5.303265e-06	1.601412e-09	3.678174e+01	1.069161e+02
3.360000e-06	5.316968e-06	1.601588e-09	3.687678e+01	1.069579e+02
3.370000e-06	5.330357e-06	1.604926e-09	3.696964e+01	1.069942e+02
3.380000e-06	5.343452e-06	1.607491e-09	3.706046e+01	1.070250e+02
3.390000e-06	5.356108e-06	1.606391e-09	3.714824e+01	1.070504e+02
3.400000e-06	5.368355e-06	1.605917e-09	3.723318e+01	1.070703e+02
3.410000e-06	5.380378e-06	1.609679e-09	3.731658e+01	1.070849e+02
3.420000e-06	5.392120e-06	1.613855e-09	3.739801e+01	1.070943e+02
3.430000e-06	5.403385e-06	1.616987e-09	3.747614e+01	1.070988e+02
3.440000e-06	5.414196e-06	1.619222e-09	3.755113e+01	1.070985e+02
3.450000e-06	5.424485e-06	1.618515e-09	3.762249e+01	1.070937e+02
3.460000e-06	5.434003e-06	1.618059e-09	3.768850e+01	1.070847e+02
3.470000e-06	5.442822e-06	1.619847e-09	3.774967e+01	1.070716e+02
3.480000e-06	5.451189e-06	1.622931e-09	3.780769e+01	1.070549e+02
3.490000e-06	5.459212e-06	1.625168e-09	3.786334e+01	1.070349e+02
3.500000e-06	5.466938e-06	1.626618e-09	3.791692e+01	1.070119e+02
3.510000e-06	5.474373e-06	1.627546e-09	3.796849e+01	1.069863e+02
3.520000e-06	5.481471e-06	1.627694e-09	3.801772e+01	1.069585e+02
3.530000e-06	5.488231e-06	1.629302e-09	3.806461e+01	1.069288e+02
3.540000e-06	5.494652e-06	1.631199e-09	3.810914e+01	1.068976e+02
3.550000e-06	5.500693e-06	1.630464e-09	3.815104e+01	1.068653e+02
3.560000e-06	5.506369e-06	1.629113e-09	3.819041e+01	1.068322e+02
3.570000e-06	5.511661e-06	1.629251e-09	3.822711e+01	1.067987e+02
3.580000e-06	5.516577e-06	1.631102e-09	3.826121e+01	1.067651e+02
3.590000e-06	5.521134e-06	1.632447e-09	3.829281e+01	1.067318e+02
3.600000e-06	5.525269e-06	1.634700e-09	3.832149e+01	1.066990e+02
3.610000e-06	5.529149e-06	1.638736e-09	3.834840e+01	1.066669e+02
3.620000e-06	5.532837e-06	1.642113e-09	3.837398e+01	1.066359e+02
3.630000e-06	5.536252e-06	1.642550e-09	3.839767e+01	1.066061e+02
3.640000e-06	5.539221e-06	1.639774e-09	3.841825e+01	1.065776e+02
3.650000e-06	5.541564e-06	1.637125e-09	3.843451e+01	1.065507e+02
3.660000e-06	5.543394e-06	1.636020e-09	3.844720e+01	1.065253e+02
3.670000e-06	5.544602e-06	1.636461e-09	3.845558e+01	1.065016e+02
3.680000e-06	5.545107e-06	1.637486e-09	3.845908e+01	1.064795e+02
3.690000e-06	5.545240e-06	1.639254e-09	3.846000e+01	1.064591e+02
3.700000e-06	5.545148e-06	1.640031e-09	3.845936e+01	1.064401e+02
3.710000e-06	5.544788e-06	1.637784e-09	3.845687e+01	1.064226e+02
3.720000e-06	5.544144e-06	1.635625e-09	3.845240e+01	1.064064e+02
3.730000e-06	5.543168e-06	1.630809e-09	3.844563e+01	1.063912e+02
3.740000e-06	5.541812e-06	1.624787e-09	3.843623e+01	1.063770e+02
3.750000e-06	5.540111e-06	1.620765e-09	3.842443e+01	1.063633e+02
3.760000e-06	5.538074e-06	1.614295e-09	3.841030e+01	1.063500e+02
3.770000e-06	5.535683e-06	1.606681e-09	3.839372e+01	1.063367e+02
3.780000e-06	5.532888e-06	1.597849e-09	3.837434e+01	1.063231e+02
3.790000e-06	5.529635e-06	1.598788e-09	3.835177e+01	1.063089e+02
3.800000e-06	5.525907e-06	1.625641e-09	3.832591e+01	1.062936e+02
3.810000e-06	5.521788e-06	1.634435e-09	3.829735e+01	1.062769e+02
3.820000e-06	5.517523e-06	1.623587e-09	3.826777e+01	1.062584e+02
3.830000e-06	5.513104e-06	1.607824e-09	3.823712e+01	1.062378e+02
3.840000e-06	5.508205e-06	1.616249e-09	3.820314e+01	1.062145e+02
3.850000e-06	5.502725e-06	1.633837e-09	3.816513e+01	1.061883e+02
3.860000e-06	5.496842e-06	1.625120e-09	3.812433e+01	1.061588e+02
3.870000e-06	5.490628e-06	1.620784e-09	3.808123e+01	1.061256e+02
3.880000e-06	5.483885e-06	1.628645e-09	3.803446e+01	1.060883e+02
3.890000e-06	5.476595e-06	1.656436e-09	3.798390e+01	1.060467e+02
3.900000e-06	5.468922e-06	1.632438e-09	3.793069e+01	1.060003e+02
3.910000e-06	5.460827e-06	1.583497e-09	3.787454e+01	1.059490e+02
3.920000e-06	5.452235e-06	1.578636e-09	3.781495e+01	1.058925e+02
3.930000e-06	5.443286e-06	1.627606e-09	3.775288e+01	1.058305e+02
3.940000e-06	5.434076e-06	1.631370e-09	3.768900e+01	1.057628e+02
3.950000e-06	5.424572e-06	1.592064e-09	3.762309e+01	1.056894e+02
3.960000e-06	5.414631e-06	1.590971e-09	3.755414e+01	1.056100e+02
3.970000e-06	5.404256e-06	1.619781e-09	3.748218e+01	1.055246e+02
3.980000e-06	5.393657e-06	1.610272e-09	3.740867e+01	1.054332e+02
3.990000e-06	5.382763e-06	1.567362e-09	3.733311e+01	1.053356e+02
4.000000e-06	5.371386e-06	1.574277e-09	3.725421e+01	1.052320e+02
4.010000e-06	5.359665e-06	1.606712e-09	3.717291e+01	1.051223e+02
4.020000e-06	5.347593e-06	1.607118e-09	3.708918e+01	1.050067e+02
4.030000e-06	5.334913e-06	1.578933e-09	3.700124e+01	1.048852e+02
4.040000e-06	5.321713e-06	1.589270e-09	3.690969e+01	1.047580e+02
4.050000e-06	5.308199e-06	1.608635e-09	3.681596e+01	1.046253e+02
4.060000e-06	5.294177e-06	1.591831e-09	3.671871e+01	1.044872e+02
4.070000e-06	5.279478e-06	1.556170e-09	3.661676e+01	1.043440e+02
4.080000e-06	5.264287e-06	1.579978e-09	3.651140e+01	1.041958e+02
4.090000e-06	5.248608e-06	1.612106e-09	3.640266e+01	1.040429e+02
4.100000e-06	5.232501e-06	1.595615e-09	3.629094e+01	1.038856e+02
4.110000e-06	5.216092e-06	1.568986e-09	3.617714e+01	1.037240e+02
4.120000e-06	5.199394e-06	1.591507e-09	3.606133e+01	1.035585e+02
4.130000e-06	5.182469e-06	1.595617e-09	3.594394e+01	1.033893e+02
4.140000e-06	5.165179e-06	1.563368e-09	3.582402e+01	1.032166e+02
4.150000e-06	5.147415e-06	1.560698e-09	3.570082e+01	1.030408e+02
4.160000e-06	5.129293e-06	1.577190e-09	3.557513e+01	1.028620e+02
4.170000e-06	5.110876e-06	1.559330e-09	3.544740e+01	1.026804e+02
4.180000e-06	5.092110e-06	1.551757e-09	3.531724e+01	1.024963e+02
4.190000e-06	5.073037e-06	1.576049e-09	3.518495e+01	1.023098e+02
4.200000e-06	5.053654e-06	1.561125e-09	3.505052e+01	1.021212e+02
4.210000e-06	5.033873e-06	1.532418e-09	3.491332e+01	1.019305e+02
4.220000e-06	5.013832e-06	1.556432e-09	3.477433e+01	1.017380e+02
4.230000e-06	4.993609e-06	1.569937e-09	3.463407e+01	1.015436e+02
4.240000e-06	4.973116e-06	1.531619e-09	3.449193e+01	1.013475e+02
4.250000e-06	4.952285e-06	1.544118e-09	3.434746e+01	1.011496e+02
4.260000e-06	4.931013e-06	1.575253e-09	3.419992e+01	1.009502e+02
4.270000e-06	4.909255e-06	1.534399e-09	3.404902e+01	1.007490e+02
4.280000e-06	4.886946e-06	1.507376e-09	3.389429e+01	1.005461e+02
4.290000e-06	4.864107e-06	1.555562e-09	3.373588e+01	1.003415e+02
4.300000e-06	4.840884e-06	1.545132e-09	3.357481e+01	1.001351e+02
4.310000e-06	4.817276e-06	1.499627e-09	3.341108e+01	9.992674e+01
4.320000e-06	4.793347e-06	1.526604e-09	3.324511e+01	9.971634e+01
4.330000e-06	4.769107e-06	1.553844e-09	3.307699e+01	9.950375e+01
4.340000e-06	4.744519e-06	1.511147e-09	3.290646e+01	9.928884e+01
4.350000e-06	4.719619e-06	1.509100e-09	3.273376e+01	9.907144e+01
4.360000e-06	4.694425e-06	1.533982e-09	3.255902e+01	9.885138e+01
4.370000e-06	4.668890e-06	1.504517e-09	3.238192e+01	9.862847e+01
4.380000e-06	4.642997e-06	1.490451e-09	3.220234e+01	9.840254e+01
4.390000e-06	4.616818e-06	1.524658e-09	3.202077e+01	9.817340e+01
4.400000e-06	4.590359e-06	1.511790e-09	3.183726e+01	9.794086e+01
4.410000e-06	4.563607e-06	1.485077e-09	3.165171e+01	9.770474e+01
4.420000e-06	4.536538e-06	1.504140e-09	3.146397e+01	9.746487e+01
4.430000e-06	4.509123e-06	1.504077e-09	3.127383e+01	9.722108e+01
4.440000e-06	4.481394e-06	1.474441e-09	3.108151e+01	9.697322e+01
4.450000e-06	4.453401e-06	1.482016e-09	3.088736e+01	9.672114e+01
4.460000e-06	4.425186e-06	1.490471e-09	3.069167e+01	9.646471e+01
4.470000e-06	4.396832e-06	1.462551e-09	3.049501e+01	9.620384e+01
4.480000e-06	4.368334e-06	1.458548e-09	3.029736e+01	9.593843e+01
4.490000e-06	4.339483e-06	1.473336e-09	3.009726e+01	9.566840e+01
4.500000e-06	4.310184e-06	1.459210e-09	2.989405e+01	9.539372e+01
4.510000e-06	4.280480e-06	1.445440e-09	2.968803e+01	9.511434e+01
4.520000e-06	4.250347e-06	1.454025e-09	2.947904e+01	9.483027e+01
4.530000e-06	4.219674e-06	1.446238e-09	2.926631e+01	9.454150e+01
4.540000e-06	4.188475e-06	1.434793e-09	2.904992e+01	9.424809e+01
4.550000e-06	4.156941e-06	1.442259e-09	2.883121e+01	9.395008e+01
4.560000e-06	4.125121e-06	1.442405e-09	2.861051e+01	9.364753e+01
4.570000e-06	4.093018e-06	1.425679e-09	2.838786e+01	9.334055e+01
4.580000e-06	4.060733e-06	1.426803e-09	2.816394e+01	9.302924e+01
4.590000e-06	4.028344e-06	1.430315e-09	2.793930e+01	9.271371e+01
4.600000e-06	3.995721e-06	1.421556e-09	2.771304e+01	9.239409e+01
4.610000e-06	3.962832e-06	1.417554e-09	2.748493e+01	9.207053e+01
4.620000e-06	3.929658e-06	1.422037e-09	2.725484e+01	9.174318e+01
4.630000e-06	3.896074e-06	1.411714e-09	2.702192e+01	9.141217e+01
4.640000e-06	3.862234e-06	1.402403e-09	2.678721e+01	9.107767e+01
4.650000e-06	3.828229e-06	1.404664e-09	2.655137e+01	9.073982e+01
4.660000e-06	3.793936e-06	1.398801e-09	2.631352e+01	9.039878e+01
4.670000e-06	3.759369e-06	1.384914e-09	2.607377e+01	9.005469e+01
4.680000e-06	3.724530e-06	1.385093e-09	2.583214e+01	8.970768e+01
4.690000e-06	3.689377e-06	1.387843e-09	2.558834e+01	8.935787e+01
4.700000e-06	3.654037e-06	1.377634e-09	2.534323e+01	8.900537e+01
4.710000e-06	3.618497e-06	1.372745e-09	2.509673e+01	8.865027e+01
4.720000e-06	3.582712e-06	1.374902e-09	2.484854e+01	8.829265e+01
4.730000e-06	3.546746e-06	1.366680e-09	2.459909e+01	8.793256e+01
4.740000e-06	3.510614e-06	1.360981e-09	2.434849e+01	8.757004e+01
4.750000e-06	3.474360e-06	1.364602e-09	2.409704e+01	8.720510e+01
4.760000e-06	3.437964e-06	1.359070e-09	2.384462e+01	8.683772e+01
4.770000e-06	3.401338e-06	1.349508e-09	2.359058e+01	8.646787e+01
4.780000e-06	3.364439e-06	1.347390e-09	2.333466e+01	8.609549e+01
4.790000e-06	3.327265e-06	1.345629e-09	2.307684e+01	8.572049e+01
4.800000e-06	3.289746e-06	1.338195e-09	2.281662e+01	8.534277e+01
4.810000e-06	3.251812e-06	1.336445e-09	2.255352e+01	8.496219e+01
4.820000e-06	3.213591e-06	1.336919e-09	2.228844e+01	8.457860e+01
4.830000e-06	3.174975e-06	1.332410e-09	2.202061e+01	8.419183e+01
4.840000e-06	3.135925e-06	1.326627e-09	2.174977e+01	8.380167e+01
4.850000e-06	3.096558e-06	1.323611e-09	2.147673e+01	8.340792e+01
4.860000e-06	3.056883e-06	1.315261e-09	2.120156e+01	8.301033e+01
4.870000e-06	3.016969e-06	1.307341e-09	2.092472e+01	8.260867e+01
4.880000e-06	2.976892e-06	1.306361e-09	2.064677e+01	8.220268e+01
4.890000e-06	2.936723e-06	1.305187e-09	2.036816e+01	8.179209e+01
4.900000e-06	2.896418e-06	1.298783e-09	2.008862e+01	8.137661e+01
4.910000e-06	2.856001e-06	1.293294e-09	1.980831e+01	8.095598e+01
4.920000e-06	2.815505e-06	1.287945e-09	1.952744e+01	8.052990e+01
4.930000e-06	2.774849e-06	1.280021e-09	1.924546e+01	8.009809e+01
4.940000e-06	2.733975e-06	1.272345e-09	1.896197e+01	7.966026e+01
4.950000e-06	2.692949e-06	1.268152e-09	1.867743e+01	7.921612e+01
4.960000e-06	2.651777e-06	1.263289e-09	1.839187e+01	7.876541e+01
4.970000e-06	2.610390e-06	1.259003e-09	1.810482e+01	7.830785e+01
4.980000e-06	2.568764e-06	1.257989e-09	1.781612e+01	7.784317e+01
4.990000e-06	2.526925e-06	1.253155e-09	1.752594e+01	7.737112e+01
5.000000e-06	2.484975e-06	1.241423e-09	1.723499e+01	7.689146e+01
5.010000e-06	2.442899e-06	1.231889e-09	1.694317e+01	7.640394e+01
5.020000e-06	2.400641e-06	1.224734e-09	1.665008e+01	7.590836e+01
5.030000e-06	2.358196e-06	1.215349e-09	1.635569e+01	7.540448e+01
5.040000e-06	2.315582e-06	1.208410e-09	1.606013e+01	7.489211e+01
5.050000e-06	2.272859e-06	1.204960e-09	1.576382e+01	7.437104e+01
5.060000e-06	2.230001e-06	1.199539e-09	1.546657e+01	7.384109e+01
5.070000e-06	2.186930e-06	1.192136e-09	1.516784e+01	7.330207e+01
5.080000e-06	2.143591e-06	1.186628e-09	1.486726e+01	7.275381e+01
5.090000e-06	2.100054e-06	1.176944e-09	1.456530e+01	7.219611e+01
5.100000e-06	2.056459e-06	1.162498e-09	1.426294e+01	7.162880e+01
5.110000e-06	2.012768e-06	1.152125e-09	1.395991e+01	7.105168e+01
5.120000e-06	1.968866e-06	1.147305e-09	1.365542e+01	7.046457e+01
5.130000e-06	1.924854e-06	1.141884e-09	1.335017e+01	6.986726e+01
5.140000e-06	1.880783e-06	1.136519e-09	1.304450e+01	6.925951e+01
5.150000e-06	1.836613e-06	1.129649e-09	1.273816e+01	6.864110e+01
5.160000e-06	1.792398e-06	1.118349e-09	1.243150e+01	6.801176e+01
5.170000e-06	1.748142e-06	1.106024e-09	1.212455e+01	6.737120e+01
5.180000e-06	1.703807e-06	1.096948e-09	1.181706e+01	6.671911e+01
5.190000e-06	1.659376e-06	1.086817e-09	1.150890e+01	6.605512e+01
5.200000e-06	1.614834e-06	1.073793e-09	1.119997e+01	6.537887e+01
5.210000e-06	1.570250e-06	1.063115e-09	1.089075e+01	6.468991e+01
5.220000e-06	1.525611e-06	1.054302e-09	1.058115e+01	6.398779e+01
5.230000e-06	1.480873e-06	1.045192e-09	1.027086e+01	6.327199e+01
5.240000e-06	1.436142e-06	1.036589e-09	9.960616e+00	6.254196e+01
5.250000e-06	1.391391e-06	1.026920e-09	9.650238e+00	6.179709e+01
5.260000e-06	1.346526e-06	1.014439e-09	9.339070e+00	6.103673e+01
5.270000e-06	1.301506e-06	1.001999e-09	9.026826e+00	6.026017e+01
5.280000e-06	1.256347e-06	9.900291e-10	8.713616e+00	5.946667e+01
5.290000e-06	1.211072e-06	9.772585e-10	8.399609e+00	5.865543e+01
5.300000e-06	1.165663e-06	9.677112e-10	8.084666e+00	5.782561e+01
5.310000e-06	1.120131e-06	9.586935e-10	7.768872e+00	5.697631e+01
5.320000e-06	1.074405e-06	9.493920e-10	7.451726e+00	5.610661e+01
5.330000e-06	1.028519e-06	9.396879e-10	7.133476e+00	5.521555e+01
5.340000e-06	9.826342e-07	9.281449e-10	6.815235e+00	5.430211e+01
5.350000e-06	9.367052e-07	9.138721e-10	6.496686e+00	5.336528e+01
5.360000e-06	8.907351e-07	8.964832e-10	6.177852e+00	5.240400e+01
5.370000e-06	8.446813e-07	8.794309e-10	5.858438e+00	5.141720e+01
5.380000e-06	7.985464e-07	8.634173e-10	5.538461e+00	5.040382e+01
5.390000e-06	7.523647e-07	8.473770e-10	5.218160e+00	4.936276e+01
5.400000e-06	7.060782e-07	8.324418e-10	4.897132e+00	4.829295e+01
5.410000e-06	6.597375e-07	8.175105e-10	4.575727e+00	4.719334e+01
5.420000e-06	6.133412e-07	7.995610e-10	4.253938e+00	4.606287e+01
5.430000e-06	5.669060e-07	7.795816e-10	3.931878e+00	4.490056e+01
5.440000e-06	5.204738e-07	7.570899e-10	3.609839e+00	4.370543e+01
5.450000e-06	4.740285e-07	7.331799e-10	3.287709e+00	4.247656e+01
5.460000e-06	4.275038e-07	7.122074e-10	2.965029e+00	4.121310e+01
5.470000e-06	3.809279e-07	6.947221e-10	2.641994e+00	3.991427e+01
5.480000e-06	3.342838e-07	6.797897e-10	2.318485e+00	3.857935e+01
5.490000e-06	2.875856e-07	6.628106e-10	1.994601e+00	3.720772e+01
5.500000e-06	2.409386e-07	6.416302e-10	1.671073e+00	3.579887e+01
5.510000e-06	1.943287e-07	6.180735e-10	1.347801e+00	3.435237e+01
5.520000e-06	1.477442e-07	5.926457e-10	1.024707e+00	3.286792e+01
5.530000e-06	1.012192e-07	5.671348e-10	7.020235e-01	3.134533e+01
5.540000e-06	5.468084e-08	5.408984e-10	3.792487e-01	2.978456e+01
5.550000e-06	8.060274e-09	5.167389e-10	5.590347e-02	2.818567e+01
5.560000e-06	-3.856061e-08	4.926027e-10	-2.674440e-01	2.654890e+01
5.570000e-06	-8.515001e-08	4.668762e-10	-5.905731e-01	2.487460e+01
5.580000e-06	-1.317340e-07	4.382305e-10	-9.136649e-01	2.316330e+01
5.590000e-06	-1.783524e-07	4.086854e-10	-1.236995e+00	2.141564e+01
5.600000e-06	-2.249670e-07	3.813347e-10	-1.560299e+00	1.963245e+01
5.610000e-06	-2.715597e-07	3.511142e-10	-1.883451e+00	1.781471e+01
5.620000e-06	-3.181840e-07	3.201132e-10	-2.206822e+00	1.596353e+01
5.630000e-06	-3.647256e-07	2.886297e-10	-2.529620e+00	1.408019e+01
5.640000e-06	-4.111711e-07	2.586056e-10	-2.851751e+00	1.216611e+01
5.650000e-06	-4.576372e-07	2.263639e-10	-3.174024e+00	1.022288e+01
5.660000e-06	-5.041055e-07	1.910606e-10	-3.496313e+00	8.252197e+00
5.670000e-06	-5.504898e-07	1.583686e-10	-3.818020e+00	6.255914e+00
5.680000e-06	-5.968157e-07	1.277060e-10	-4.139322e+00	4.236008e+00
5.690000e-06	-6.431908e-07	9.477631e-11	-4.460965e+00	2.194575e+00
5.700000e-06	-6.896478e-07	5.896561e-11	-4.783175e+00	1.338263e-01
5.710000e-06	-7.359818e-07	2.067489e-11	-5.104533e+00	-1.943927e+00
5.720000e-06	-7.821788e-07	-1.774766e-11	-5.424941e+00	-4.036280e+00
5.730000e-06	-8.284012e-07	-5.278584e-11	-5.745524e+00	-6.140749e+00
5.740000e-06	-8.745638e-07	-8.683762e-11	-6.065693e+00	-8.254781e+00
5.750000e-06	-9.205992e-07	-1.203995e-10	-6.384980e+00	-1.037576e+01
5.760000e-06	-9.664545e-07	-1.540884e-10	-6.703017e+00	-1.250105e+01
5.770000e-06	-1.012186e-06	-1.864340e-10	-7.020195e+00	-1.462794e+01
5.780000e-06	-1.057825e-06	-2.215568e-10	-7.336735e+00	-1.675375e+01
5.790000e-06	-1.103349e-06	-2.615688e-10	-7.652473e+00	-1.887577e+01
5.800000e-06	-1.148873e-06	-2.998703e-10	-7.968216e+00	-2.099131e+01
5.810000e-06	-1.194375e-06	-3.357600e-10	-8.283802e+00	-2.309770e+01
5.820000e-06	-1.239754e-06	-3.704908e-10	-8.598534e+00	-2.519230e+01
5.830000e-06	-1.284920e-06	-4.024821e-10	-8.911795e+00	-2.727255e+01
5.840000e-06	-1.329907e-06	-4.346503e-10	-9.223806e+00	-2.933591e+01
5.850000e-06	-1.374802e-06	-4.680875e-10	-9.535188e+00	-3.137996e+01
5.860000e-06	-1.419578e-06	-5.027094e-10	-9.845736e+00	-3.340233e+01
5.870000e-06	-1.464308e-06	-5.371898e-10	-1.015597e+01	-3.540079e+01
5.880000e-06	-1.509012e-06	-5.698149e-10	-1.046602e+01	-3.737319e+01
5.890000e-06	-1.553612e-06	-6.019423e-10	-1.077535e+01	-3.931749e+01
5.900000e-06	-1.598087e-06	-6.333751e-10	-1.108382e+01	-4.123182e+01
5.910000e-06	-1.642516e-06	-6.623586e-10	-1.139196e+01	-4.311441e+01
5.920000e-06	-1.686926e-06	-6.919441e-10	-1.169997e+01	-4.496364e+01
5.930000e-06	-1.731251e-06	-7.222173e-10	-1.200740e+01	-4.677804e+01
5.940000e-06	-1.775467e-06	-7.508058e-10	-1.231407e+01	-4.855629e+01
5.950000e-06	-1.819622e-06	-7.789751e-10	-1.262031e+01	-5.029723e+01
5.960000e-06	-1.863730e-06	-8.070180e-10	-1.292623e+01	-5.199987e+01
5.970000e-06	-1.907759e-06	-8.341386e-10	-1.323160e+01	-5.366334e+01
5.980000e-06	-1.951711e-06	-8.625752e-10	-1.353644e+01	-5.528696e+01
5.990000e-06	-1.995591e-06	-8.922578e-10	-1.384078e+01	-5.687020e+01
6.000000e-06	-2.039323e-06	-9.208337e-10	-1.414409e+01	-5.841270e+01
6.010000e-06	-2.082889e-06	-9.465466e-10	-1.444625e+01	-5.991422e+01
6.020000e-06	-2.126350e-06	-9.683805e-10	-1.474768e+01	-6.137468e+01
6.030000e-06	-2.169634e-06	-9.890424e-10	-1.504788e+01	-6.279416e+01
6.040000e-06	-2.212680e-06	-1.009805e-09	-1.534643e+01	-6.417286e+01
6.050000e-06	-2.255550e-06	-1.030648e-09	-1.564377e+01	-6.551110e+01
6.060000e-06	-2.298312e-06	-1.051866e-09	-1.594035e+01	-6.680934e+01
6.070000e-06	-2.340916e-06	-1.072446e-09	-1.623584e+01	-6.806815e+01
6.080000e-06	-2.383294e-06	-1.094461e-09	-1.652976e+01	-6.928819e+01
6.090000e-06	-2.425488e-06	-1.115134e-09	-1.682241e+01	-7.047022e+01
6.100000e-06	-2.467524e-06	-1.133184e-09	-1.711395e+01	-7.161510e+01
6.110000e-06	-2.509372e-06	-1.150878e-09	-1.740420e+01	-7.272374e+01
6.120000e-06	-2.551111e-06	-1.166194e-09	-1.769369e+01	-7.379713e+01
6.130000e-06	-2.592685e-06	-1.181802e-09	-1.798203e+01	-7.483631e+01
6.140000e-06	-2.634009e-06	-1.201481e-09	-1.826864e+01	-7.584236e+01
6.150000e-06	-2.675194e-06	-1.225130e-09	-1.855428e+01	-7.681641e+01
6.160000e-06	-2.716212e-06	-1.245085e-09	-1.883877e+01	-7.775958e+01
6.170000e-06	-2.756999e-06	-1.259926e-09	-1.912166e+01	-7.867304e+01
6.180000e-06	-2.797580e-06	-1.272342e-09	-1.940312e+01	-7.955793e+01
6.190000e-06	-2.838011e-06	-1.283386e-09	-1.968353e+01	-8.041542e+01
6.200000e-06	-2.878325e-06	-1.292566e-09	-1.996314e+01	-8.124663e+01
6.210000e-06	-2.918555e-06	-1.304537e-09	-2.024216e+01	-8.205270e+01
6.220000e-06	-2.958706e-06	-1.319293e-09	-2.052063e+01	-8.283470e+01
6.230000e-06	-2.998727e-06	-1.334947e-09	-2.079821e+01	-8.359369e+01
6.240000e-06	-3.038591e-06	-1.351064e-09	-2.107469e+01	-8.433068e+01
6.250000e-06	-3.078273e-06	-1.365357e-09	-2.134991e+01	-8.504665e+01
6.260000e-06	-3.117716e-06	-1.374633e-09	-2.162348e+01	-8.574251e+01
6.270000e-06	-3.156748e-06	-1.377889e-09	-2.189419e+01	-8.641912e+01
6.280000e-06	-3.195299e-06	-1.382128e-09	-2.216157e+01	-8.707729e+01
6.290000e-06	-3.233558e-06	-1.392169e-09	-2.242692e+01	-8.771778e+01
6.300000e-06	-3.271483e-06	-1.407131e-09	-2.268995e+01	-8.834128e+01
6.310000e-06	-3.308866e-06	-1.424187e-09	-2.294923e+01	-8.894841e+01
6.320000e-06	-3.345828e-06	-1.440493e-09	-2.320559e+01	-8.953975e+01
6.330000e-06	-3.382575e-06	-1.451648e-09	-2.346045e+01	-9.011582e+01
6.340000e-06	-3.419117e-06	-1.457910e-09	-2.371390e+01	-9.067708e+01
6.350000e-06	-3.455482e-06	-1.461188e-09	-2.396611e+01	-9.122393e+01
6.360000e-06	-3.491704e-06	-1.463626e-09	-2.421733e+01	-9.175673e+01
6.370000e-06	-3.527784e-06	-1.467424e-09	-2.446758e+01	-9.227579e+01
6.380000e-06	-3.563702e-06	-1.475003e-09	-2.471669e+01	-9.278137e+01
6.390000e-06	-3.599477e-06	-1.486948e-09	-2.496481e+01	-9.327371e+01
6.400000e-06	-3.635047e-06	-1.499779e-09	-2.521152e+01	-9.375299e+01
6.410000e-06	-3.670331e-06	-1.509381e-09	-2.545624e+01	-9.421938e+01
6.420000e-06	-3.705337e-06	-1.515710e-09	-2.569903e+01	-9.467301e+01
6.430000e-06	-3.740060e-06	-1.519998e-09	-2.593985e+01	-9.511401e+01
6.440000e-06	-3.774450e-06	-1.522551e-09	-2.617838e+01	-9.554247e+01
6.450000e-06	-3.808574e-06	-1.524049e-09	-2.641505e+01	-9.595850e+01
6.460000e-06	-3.842495e-06	-1.527997e-09	-2.665031e+01	-9.636217e+01
6.470000e-06	-3.876129e-06	-1.534020e-09	-2.688358e+01	-9.675358e+01
6.480000e-06	-3.909484e-06	-1.541724e-09	-2.711492e+01	-9.713282e+01
6.490000e-06	-3.942529e-06	-1.550193e-09	-2.734412e+01	-9.750000e+01
6.500000e-06	-3.975294e-06	-1.557908e-09	-2.757136e+01	-9.785521e+01
6.510000e-06	-4.007872e-06	-1.564168e-09	-2.779731e+01	-9.819859e+01
6.520000e-06	-4.040264e-06	-1.568486e-09	-2.802197e+01	-9.853029e+01
6.530000e-06	-4.072447e-06	-1.572193e-09	-2.824518e+01	-9.885046e+01
6.540000e-06	-4.104433e-06	-1.574537e-09	-2.846703e+01	-9.915929e+01
6.550000e-06	-4.136140e-06	-1.575367e-09	-2.868694e+01	-9.945701e+01
6.560000e-06	-4.167489e-06	-1.578919e-09	-2.890436e+01	-9.974383e+01
6.570000e-06	-4.198398e-06	-1.585589e-09	-2.911874e+01	-1.000200e+02
6.580000e-06	-4.228833e-06	-1.591106e-09	-2.932983e+01	-1.002859e+02
6.590000e-06	-4.258795e-06	-1.595935e-09	-2.953763e+01	-1.005417e+02
6.600000e-06	-4.288255e-06	-1.601087e-09	-2.974196e+01	-1.007878e+02
6.610000e-06	-4.317282e-06	-1.606694e-09	-2.994328e+01	-1.010245e+02
6.620000e-06	-4.346006e-06	-1.611066e-09	-3.014250e+01	-1.012523e+02
6.630000e-06	-4.374516e-06	-1.614076e-09	-3.034024e+01	-1.014715e+02
6.640000e-06	-4.402773e-06	-1.616807e-09	-3.053622e+01	-1.016825e+02
6.650000e-06	-4.430775e-06	-1.618681e-09	-3.073043e+01	-1.018858e+02
6.660000e-06	-4.458558e-06	-1.620775e-09	-3.092313e+01	-1.020817e+02
6.670000e-06	-4.486104e-06	-1.623897e-09	-3.111418e+01	-1.022707e+02
6.680000e-06	-4.513394e-06	-1.626444e-09	-3.130345e+01	-1.024533e+02
6.690000e-06	-4.540405e-06	-1.628049e-09	-3.149079e+01	-1.026298e+02
6.700000e-06	-4.567098e-06	-1.630836e-09	-3.167593e+01	-1.028006e+02
6.710000e-06	-4.593500e-06	-1.633070e-09	-3.185904e+01	-1.029663e+02
6.720000e-06	-4.619575e-06	-1.632532e-09	-3.203989e+01	-1.031271e+02
6.730000e-06	-4.645234e-06	-1.631924e-09	-3.221785e+01	-1.032835e+02
6.740000e-06	-4.670496e-06	-1.632918e-09	-3.239306e+01	-1.034359e+02
6.750000e-06	-4.695423e-06	-1.635655e-09	-3.256594e+01	-1.035845e+02
6.760000e-06	-4.720127e-06	-1.640304e-09	-3.273728e+01	-1.037297e+02
6.770000e-06	-4.744650e-06	-1.644188e-09	-3.290737e+01	-1.038718e+02
6.780000e-06	-4.768930e-06	-1.647720e-09	-3.307576e+01	-1.040110e+02
6.790000e-06	-4.793005e-06	-1.651370e-09	-3.324274e+01	-1.041475e+02
6.800000e-06	-4.816784e-06	-1.652953e-09	-3.340767e+01	-1.042815e+02
6.810000e-06	-4.840100e-06	-1.654111e-09	-3.356937e+01	-1.044132e+02
6.820000e-06	-4.862950e-06	-1.655543e-09	-3.372786e+01	-1.045427e+02
6.830000e-06	-4.885206e-06	-1.654313e-09	-3.388222e+01	-1.046700e+02
6.840000e-06	-4.906741e-06	-1.652587e-09	-3.403158e+01	-1.047952e+02
6.850000e-06	-4.927786e-06	-1.654026e-09	-3.417754e+01	-1.049182e+02
6.860000e-06	-4.948522e-06	-1.655261e-09	-3.432136e+01	-1.050392e+02
6.870000e-06	-4.968986e-06	-1.653552e-09	-3.446329e+01	-1.051579e+02
6.880000e-06	-4.989319e-06	-1.650687e-09	-3.460431e+01	-1.052743e+02
6.890000e-06	-5.009491e-06	-1.649116e-09	-3.474422e+01	-1.053883e+02
6.900000e-06	-5.029357e-06	-1.649785e-09	-3.488200e+01	-1.054997e+02
6.910000e-06	-5.048838e-06	-1.651031e-09	-3.501712e+01	-1.056083e+02
6.920000e-06	-5.067922e-06	-1.653133e-09	-3.514948e+01	-1.057140e+02
6.930000e-06	-5.086669e-06	-1.656566e-09	-3.527950e+01	-1.058166e+02
6.940000e-06	-5.105070e-06	-1.662093e-09	-3.540712e+01	-1.059158e+02
6.950000e-06	-5.123200e-06	-1.667935e-09	-3.553287e+01	-1.060113e+02
6.960000e-06	-5.140992e-06	-1.670998e-09	-3.565627e+01	-1.061031e+02
6.970000e-06	-5.158399e-06	-1.671529e-09	-3.577700e+01	-1.061908e+02
6.980000e-06	-5.175512e-06	-1.666372e-09	-3.589569e+01	-1.062742e+02
6.990000e-06	-5.192281e-06	-1.662258e-09	-3.601199e+01	-1.063532e+02
7.000000e-06	-5.208782e-06	-1.661245e-09	-3.612643e+01	-1.064274e+02
7.010000e-06	-5.225014e-06	-1.660266e-09	-3.623902e+01	-1.064967e+02
7.020000e-06	-5.240845e-06	-1.662248e-09	-3.634882e+01	-1.065610e+02
7.030000e-06	-5.256241e-06	-1.666566e-09	-3.645560e+01	-1.066201e+02
7.040000e-06	-5.271081e-06	-1.667029e-09	-3.655852e+01	-1.066738e+02
7.050000e-06	-5.285254e-06	-1.663097e-09	-3.665682e+01	-1.067221e+02
7.060000e-06	-5.298847e-06	-1.658496e-09	-3.675110e+01	-1.067649e+02
7.070000e-06	-5.312052e-06	-1.654971e-09	-3.684269e+01	-1.068022e+02
7.080000e-06	-5.324856e-06	-1.655250e-09	-3.693149e+01	-1.068339e+02
7.090000e-06	-5.337212e-06	-1.657158e-09	-3.701719e+01	-1.068602e+02
7.100000e-06	-5.349168e-06	-1.660000e-09	-3.710011e+01	-1.068810e+02
7.110000e-06	-5.360723e-06	-1.665111e-09	-3.718025e+01	-1.068966e+02
7.120000e-06	-5.371928e-06	-1.669879e-09	-3.725796e+01	-1.069069e+02
7.130000e-06	-5.382752e-06	-1.669145e-09	-3.733304e+01	-1.069122e+02
7.140000e-06	-5.393177e-06	-1.662799e-09	-3.740534e+01	-1.069128e+02
7.150000e-06	-5.403191e-06	-1.656370e-09	-3.747480e+01	-1.069087e+02
7.160000e-06	-5.412907e-06	-1.651548e-09	-3.754218e+01	-1.069004e+02
7.170000e-06	-5.422291e-06	-1.649777e-09	-3.760727e+01	-1.068880e+02
7.180000e-06	-5.431255e-06	-1.650703e-09	-3.766944e+01	-1.068719e+02
7.190000e-06	-5.439874e-06	-1.653104e-09	-3.772921e+01	-1.068525e+02
7.200000e-06	-5.448222e-06	-1.655667e-09	-3.778711e+01	-1.068300e+02
7.210000e-06	-5.456379e-06	-1.655698e-09	-3.784369e+01	-1.068048e+02
7.220000e-06	-5.464225e-06	-1.654645e-09	-3.789811e+01	-1.067774e+02
7.230000e-06	-5.471540e-06	-1.653583e-09	-3.794884e+01	-1.067480e+02
7.240000e-06	-5.478381e-06	-1.651567e-09	-3.799629e+01	-1.067170e+02
7.250000e-06	-5.484715e-06	-1.649212e-09	-3.804022e+01	-1.066849e+02
7.260000e-06	-5.490471e-06	-1.651015e-09	-3.808014e+01	-1.066520e+02
7.270000e-06	-5.495652e-06	-1.656044e-09	-3.811607e+01	-1.066186e+02
7.280000e-06	-5.500411e-06	-1.658647e-09	-3.814908e+01	-1.065850e+02
7.290000e-06	-5.504951e-06	-1.655854e-09	-3.818057e+01	-1.065517e+02
7.300000e-06	-5.509209e-06	-1.651281e-09	-3.821011e+01	-1.065188e+02
7.310000e-06	-5.513148e-06	-1.647902e-09	-3.823742e+01	-1.064866e+02
7.320000e-06	-5.516715e-06	-1.645727e-09	-3.826216e+01	-1.064554e+02
7.330000e-06	-5.519914e-06	-1.643270e-09	-3.828435e+01	-1.064254e+02
7.340000e-06	-5.522773e-06	-1.639582e-09	-3.830418e+01	-1.063968e+02
7.350000e-06	-5.525318e-06	-1.636078e-09	-3.832183e+01	-1.063696e+02
7.360000e-06	-5.527563e-06	-1.634820e-09	-3.833740e+01	-1.063440e+02
7.370000e-06	-5.529367e-06	-1.633768e-09	-3.834991e+01	-1.063200e+02
7.380000e-06	-5.530643e-06	-1.632542e-09	-3.835876e+01	-1.062977e+02
7.390000e-06	-5.531538e-06	-1.632820e-09	-3.836497e+01	-1.062770e+02
7.400000e-06	-5.532183e-06	-1.632190e-09	-3.836945e+01	-1.062579e+02
