# Temperatura_=_14.97
# Concentracion g/m^3_=_1620.0
# C_Vs_to_Am_M_A/Vsm_=_65563218390.804596
# pendiente_HvsI_1/m_=_3716.3
# ordenada_HvsI_A/m_=_1297.0
# frecuencia_Hz_=_135093.73957668364

Tiempo_(s)	Campo_(V.s)	Magnetizacion_(V.s)	Campo_(kA/m)	Magnetizacion_(A/m)
0.000000e+00	-5.530530e-06	-1.612004e-09	-3.837542e+01	-1.070368e+02
1.000000e-08	-5.530669e-06	-1.605335e-09	-3.837638e+01	-1.070359e+02
2.000000e-08	-5.530633e-06	-1.602209e-09	-3.837613e+01	-1.070356e+02
3.000000e-08	-5.530364e-06	-1.604019e-09	-3.837426e+01	-1.070355e+02
4.000000e-08	-5.529555e-06	-1.607124e-09	-3.836865e+01	-1.070352e+02
5.000000e-08	-5.528119e-06	-1.607985e-09	-3.835869e+01	-1.070343e+02
6.000000e-08	-5.526196e-06	-1.601154e-09	-3.834534e+01	-1.070323e+02
7.000000e-08	-5.523680e-06	-1.595886e-09	-3.832789e+01	-1.070289e+02
8.000000e-08	-5.520561e-06	-1.576989e-09	-3.830625e+01	-1.070235e+02
9.000000e-08	-5.516929e-06	-1.605866e-09	-3.828104e+01	-1.070157e+02
1.000000e-07	-5.512930e-06	-1.697093e-09	-3.825329e+01	-1.070050e+02
1.100000e-07	-5.508645e-06	-1.690455e-09	-3.822356e+01	-1.069909e+02
1.200000e-07	-5.504099e-06	-1.524352e-09	-3.819202e+01	-1.069730e+02
1.300000e-07	-5.499409e-06	-1.473749e-09	-3.815947e+01	-1.069508e+02
1.400000e-07	-5.494405e-06	-1.605921e-09	-3.812475e+01	-1.069239e+02
1.500000e-07	-5.488837e-06	-1.708429e-09	-3.808612e+01	-1.068917e+02
1.600000e-07	-5.482805e-06	-1.554790e-09	-3.804426e+01	-1.068540e+02
1.700000e-07	-5.476512e-06	-1.492528e-09	-3.800060e+01	-1.068104e+02
1.800000e-07	-5.469866e-06	-1.611288e-09	-3.795448e+01	-1.067604e+02
1.900000e-07	-5.462698e-06	-1.704480e-09	-3.790475e+01	-1.067038e+02
2.000000e-07	-5.455158e-06	-1.579958e-09	-3.785242e+01	-1.066403e+02
2.100000e-07	-5.447380e-06	-1.516397e-09	-3.779845e+01	-1.065696e+02
2.200000e-07	-5.439397e-06	-1.602861e-09	-3.774306e+01	-1.064917e+02
2.300000e-07	-5.431205e-06	-1.671765e-09	-3.768622e+01	-1.064062e+02
2.400000e-07	-5.422648e-06	-1.605601e-09	-3.762684e+01	-1.063132e+02
2.500000e-07	-5.413497e-06	-1.544917e-09	-3.756335e+01	-1.062126e+02
2.600000e-07	-5.403553e-06	-1.591936e-09	-3.749435e+01	-1.061043e+02
2.700000e-07	-5.392916e-06	-1.630673e-09	-3.742054e+01	-1.059884e+02
2.800000e-07	-5.381890e-06	-1.615689e-09	-3.734403e+01	-1.058649e+02
2.900000e-07	-5.370434e-06	-1.568104e-09	-3.726454e+01	-1.057341e+02
3.000000e-07	-5.358486e-06	-1.603158e-09	-3.718163e+01	-1.055960e+02
3.100000e-07	-5.346168e-06	-1.614355e-09	-3.709616e+01	-1.054508e+02
3.200000e-07	-5.333486e-06	-1.603431e-09	-3.700816e+01	-1.052989e+02
3.300000e-07	-5.320356e-06	-1.539676e-09	-3.691705e+01	-1.051405e+02
3.400000e-07	-5.306785e-06	-1.582471e-09	-3.682289e+01	-1.049759e+02
3.500000e-07	-5.292927e-06	-1.618403e-09	-3.672673e+01	-1.048054e+02
3.600000e-07	-5.278696e-06	-1.596613e-09	-3.662798e+01	-1.046294e+02
3.700000e-07	-5.263959e-06	-1.551390e-09	-3.652572e+01	-1.044483e+02
3.800000e-07	-5.248763e-06	-1.617585e-09	-3.642029e+01	-1.042625e+02
3.900000e-07	-5.233021e-06	-1.609285e-09	-3.631105e+01	-1.040723e+02
4.000000e-07	-5.216572e-06	-1.532935e-09	-3.619691e+01	-1.038783e+02
4.100000e-07	-5.199696e-06	-1.566758e-09	-3.607982e+01	-1.036808e+02
4.200000e-07	-5.182698e-06	-1.643902e-09	-3.596187e+01	-1.034803e+02
4.300000e-07	-5.165340e-06	-1.542520e-09	-3.584142e+01	-1.032771e+02
4.400000e-07	-5.147590e-06	-1.498803e-09	-3.571826e+01	-1.030717e+02
4.500000e-07	-5.129585e-06	-1.622174e-09	-3.559333e+01	-1.028644e+02
4.600000e-07	-5.111171e-06	-1.609106e-09	-3.546556e+01	-1.026556e+02
4.700000e-07	-5.092242e-06	-1.474754e-09	-3.533421e+01	-1.024456e+02
4.800000e-07	-5.072969e-06	-1.545030e-09	-3.520048e+01	-1.022347e+02
4.900000e-07	-5.053466e-06	-1.624297e-09	-3.506515e+01	-1.020233e+02
5.000000e-07	-5.033674e-06	-1.503714e-09	-3.492781e+01	-1.018115e+02
5.100000e-07	-5.013646e-06	-1.493184e-09	-3.478885e+01	-1.015996e+02
5.200000e-07	-4.993409e-06	-1.601043e-09	-3.464843e+01	-1.013877e+02
5.300000e-07	-4.972844e-06	-1.529582e-09	-3.450573e+01	-1.011760e+02
5.400000e-07	-4.951890e-06	-1.459013e-09	-3.436033e+01	-1.009645e+02
5.500000e-07	-4.930628e-06	-1.580602e-09	-3.421280e+01	-1.007534e+02
5.600000e-07	-4.909026e-06	-1.569383e-09	-3.406291e+01	-1.005427e+02
5.700000e-07	-4.887050e-06	-1.451182e-09	-3.391042e+01	-1.003322e+02
5.800000e-07	-4.864793e-06	-1.510539e-09	-3.375598e+01	-1.001220e+02
5.900000e-07	-4.842187e-06	-1.578004e-09	-3.359912e+01	-9.991198e+01
6.000000e-07	-4.819089e-06	-1.472899e-09	-3.343885e+01	-9.970195e+01
6.100000e-07	-4.795639e-06	-1.470475e-09	-3.327614e+01	-9.949176e+01
6.200000e-07	-4.772013e-06	-1.542570e-09	-3.311219e+01	-9.928120e+01
6.300000e-07	-4.748169e-06	-1.492276e-09	-3.294675e+01	-9.907005e+01
6.400000e-07	-4.724117e-06	-1.446542e-09	-3.277985e+01	-9.885805e+01
6.500000e-07	-4.699800e-06	-1.513080e-09	-3.261112e+01	-9.864491e+01
6.600000e-07	-4.675156e-06	-1.501993e-09	-3.244012e+01	-9.843034e+01
6.700000e-07	-4.650004e-06	-1.459229e-09	-3.226560e+01	-9.821402e+01
6.800000e-07	-4.624243e-06	-1.489947e-09	-3.208685e+01	-9.799563e+01
6.900000e-07	-4.597928e-06	-1.502250e-09	-3.190425e+01	-9.777484e+01
7.000000e-07	-4.570982e-06	-1.450442e-09	-3.171728e+01	-9.755131e+01
7.100000e-07	-4.543604e-06	-1.461678e-09	-3.152730e+01	-9.732470e+01
7.200000e-07	-4.516020e-06	-1.482628e-09	-3.133591e+01	-9.709469e+01
7.300000e-07	-4.488266e-06	-1.457016e-09	-3.114332e+01	-9.686096e+01
7.400000e-07	-4.460342e-06	-1.445241e-09	-3.094957e+01	-9.662319e+01
7.500000e-07	-4.432212e-06	-1.461242e-09	-3.075437e+01	-9.638108e+01
7.600000e-07	-4.403721e-06	-1.443544e-09	-3.055668e+01	-9.613437e+01
7.700000e-07	-4.374875e-06	-1.428018e-09	-3.035652e+01	-9.588280e+01
7.800000e-07	-4.345766e-06	-1.441616e-09	-3.015454e+01	-9.562612e+01
7.900000e-07	-4.316399e-06	-1.435543e-09	-2.995077e+01	-9.536415e+01
8.000000e-07	-4.286787e-06	-1.421776e-09	-2.974529e+01	-9.509669e+01
8.100000e-07	-4.256878e-06	-1.428747e-09	-2.953776e+01	-9.482360e+01
8.200000e-07	-4.226666e-06	-1.420628e-09	-2.932812e+01	-9.454476e+01
8.300000e-07	-4.196102e-06	-1.392800e-09	-2.911605e+01	-9.426009e+01
8.400000e-07	-4.165180e-06	-1.394233e-09	-2.890149e+01	-9.396952e+01
8.500000e-07	-4.134041e-06	-1.401973e-09	-2.868542e+01	-9.367303e+01
8.600000e-07	-4.102741e-06	-1.392280e-09	-2.846823e+01	-9.337062e+01
8.700000e-07	-4.071209e-06	-1.386240e-09	-2.824944e+01	-9.306234e+01
8.800000e-07	-4.039439e-06	-1.395697e-09	-2.802899e+01	-9.274823e+01
8.900000e-07	-4.007460e-06	-1.378681e-09	-2.780709e+01	-9.242840e+01
9.000000e-07	-3.975271e-06	-1.363834e-09	-2.758374e+01	-9.210296e+01
9.100000e-07	-3.942896e-06	-1.363098e-09	-2.735909e+01	-9.177204e+01
9.200000e-07	-3.910205e-06	-1.354655e-09	-2.713225e+01	-9.143581e+01
9.300000e-07	-3.877181e-06	-1.334740e-09	-2.690311e+01	-9.109443e+01
9.400000e-07	-3.843778e-06	-1.339351e-09	-2.667133e+01	-9.074810e+01
9.500000e-07	-3.809771e-06	-1.339315e-09	-2.643536e+01	-9.039701e+01
9.600000e-07	-3.775295e-06	-1.324385e-09	-2.619614e+01	-9.004139e+01
9.700000e-07	-3.740521e-06	-1.318235e-09	-2.595485e+01	-8.968144e+01
9.800000e-07	-3.705326e-06	-1.324140e-09	-2.571063e+01	-8.931737e+01
9.900000e-07	-3.669794e-06	-1.312002e-09	-2.546408e+01	-8.894941e+01
1.000000e-06	-3.634067e-06	-1.297384e-09	-2.521618e+01	-8.857776e+01
1.010000e-06	-3.598197e-06	-1.298336e-09	-2.496728e+01	-8.820262e+01
1.020000e-06	-3.562259e-06	-1.297734e-09	-2.471791e+01	-8.782419e+01
1.030000e-06	-3.526163e-06	-1.286109e-09	-2.446745e+01	-8.744265e+01
1.040000e-06	-3.489975e-06	-1.287954e-09	-2.421635e+01	-8.705814e+01
1.050000e-06	-3.453578e-06	-1.286565e-09	-2.396380e+01	-8.667083e+01
1.060000e-06	-3.416823e-06	-1.273121e-09	-2.370876e+01	-8.628082e+01
1.070000e-06	-3.379771e-06	-1.264542e-09	-2.345166e+01	-8.588822e+01
1.080000e-06	-3.342422e-06	-1.264044e-09	-2.319251e+01	-8.549310e+01
1.090000e-06	-3.304828e-06	-1.256072e-09	-2.293165e+01	-8.509551e+01
1.100000e-06	-3.267012e-06	-1.247801e-09	-2.266925e+01	-8.469547e+01
1.110000e-06	-3.228973e-06	-1.246273e-09	-2.240530e+01	-8.429298e+01
1.120000e-06	-3.190724e-06	-1.235401e-09	-2.213989e+01	-8.388801e+01
1.130000e-06	-3.152157e-06	-1.220712e-09	-2.187229e+01	-8.348050e+01
1.140000e-06	-3.113378e-06	-1.216165e-09	-2.160321e+01	-8.307035e+01
1.150000e-06	-3.074447e-06	-1.217123e-09	-2.133307e+01	-8.265746e+01
1.160000e-06	-3.035263e-06	-1.206984e-09	-2.106118e+01	-8.224169e+01
1.170000e-06	-2.995964e-06	-1.201741e-09	-2.078849e+01	-8.182287e+01
1.180000e-06	-2.956594e-06	-1.195588e-09	-2.051531e+01	-8.140082e+01
1.190000e-06	-2.917023e-06	-1.185868e-09	-2.024074e+01	-8.097532e+01
1.200000e-06	-2.877242e-06	-1.177427e-09	-1.996470e+01	-8.054614e+01
1.210000e-06	-2.837331e-06	-1.175984e-09	-1.968776e+01	-8.011304e+01
1.220000e-06	-2.797292e-06	-1.169000e-09	-1.940994e+01	-7.967576e+01
1.230000e-06	-2.757127e-06	-1.159488e-09	-1.913124e+01	-7.923400e+01
1.240000e-06	-2.716858e-06	-1.153244e-09	-1.885182e+01	-7.878748e+01
1.250000e-06	-2.676394e-06	-1.146543e-09	-1.857105e+01	-7.833590e+01
1.260000e-06	-2.635570e-06	-1.134845e-09	-1.828778e+01	-7.787894e+01
1.270000e-06	-2.594544e-06	-1.126148e-09	-1.800311e+01	-7.741628e+01
1.280000e-06	-2.553352e-06	-1.121065e-09	-1.771728e+01	-7.694760e+01
1.290000e-06	-2.511835e-06	-1.115626e-09	-1.742920e+01	-7.647256e+01
1.300000e-06	-2.469919e-06	-1.107294e-09	-1.713835e+01	-7.599084e+01
1.310000e-06	-2.427643e-06	-1.098780e-09	-1.684501e+01	-7.550210e+01
1.320000e-06	-2.385119e-06	-1.085597e-09	-1.654994e+01	-7.500601e+01
1.330000e-06	-2.342350e-06	-1.072720e-09	-1.625317e+01	-7.450222e+01
1.340000e-06	-2.299246e-06	-1.061726e-09	-1.595408e+01	-7.399040e+01
1.350000e-06	-2.255913e-06	-1.055908e-09	-1.565340e+01	-7.347023e+01
1.360000e-06	-2.212481e-06	-1.053116e-09	-1.535204e+01	-7.294135e+01
1.370000e-06	-2.168869e-06	-1.049596e-09	-1.504942e+01	-7.240344e+01
1.380000e-06	-2.125170e-06	-1.042327e-09	-1.474619e+01	-7.185616e+01
1.390000e-06	-2.081378e-06	-1.030026e-09	-1.444233e+01	-7.129916e+01
1.400000e-06	-2.037468e-06	-1.017009e-09	-1.413765e+01	-7.073211e+01
1.410000e-06	-1.993513e-06	-1.003401e-09	-1.383265e+01	-7.015464e+01
1.420000e-06	-1.949524e-06	-9.895965e-10	-1.352742e+01	-6.956641e+01
1.430000e-06	-1.905395e-06	-9.785704e-10	-1.322122e+01	-6.896705e+01
1.440000e-06	-1.861137e-06	-9.714980e-10	-1.291412e+01	-6.835617e+01
1.450000e-06	-1.816818e-06	-9.624425e-10	-1.260659e+01	-6.773338e+01
1.460000e-06	-1.772361e-06	-9.503766e-10	-1.229811e+01	-6.709828e+01
1.470000e-06	-1.727724e-06	-9.372643e-10	-1.198839e+01	-6.645044e+01
1.480000e-06	-1.682992e-06	-9.245106e-10	-1.167800e+01	-6.578941e+01
1.490000e-06	-1.638208e-06	-9.096997e-10	-1.136725e+01	-6.511473e+01
1.500000e-06	-1.593268e-06	-8.949988e-10	-1.105542e+01	-6.442588e+01
1.510000e-06	-1.548182e-06	-8.797948e-10	-1.074257e+01	-6.372236e+01
1.520000e-06	-1.502934e-06	-8.673071e-10	-1.042861e+01	-6.300361e+01
1.530000e-06	-1.457572e-06	-8.560072e-10	-1.011385e+01	-6.226905e+01
1.540000e-06	-1.412167e-06	-8.438461e-10	-9.798792e+00	-6.151806e+01
1.550000e-06	-1.366678e-06	-8.282642e-10	-9.483151e+00	-6.075000e+01
1.560000e-06	-1.321203e-06	-8.138717e-10	-9.167603e+00	-5.996420e+01
1.570000e-06	-1.275633e-06	-8.011500e-10	-8.851404e+00	-5.915993e+01
1.580000e-06	-1.229941e-06	-7.901758e-10	-8.534351e+00	-5.833646e+01
1.590000e-06	-1.184173e-06	-7.801611e-10	-8.216779e+00	-5.749301e+01
1.600000e-06	-1.138240e-06	-7.681628e-10	-7.898053e+00	-5.662878e+01
1.610000e-06	-1.092229e-06	-7.545075e-10	-7.578794e+00	-5.574294e+01
1.620000e-06	-1.046140e-06	-7.406438e-10	-7.258989e+00	-5.483462e+01
1.630000e-06	-9.999728e-07	-7.279619e-10	-6.938643e+00	-5.390294e+01
1.640000e-06	-9.538156e-07	-7.154952e-10	-6.618366e+00	-5.294701e+01
1.650000e-06	-9.075760e-07	-6.992527e-10	-6.297517e+00	-5.196592e+01
1.660000e-06	-8.612094e-07	-6.851090e-10	-5.975788e+00	-5.095874e+01
1.670000e-06	-8.148120e-07	-6.724735e-10	-5.653844e+00	-4.992455e+01
1.680000e-06	-7.683208e-07	-6.581407e-10	-5.331249e+00	-4.886242e+01
1.690000e-06	-7.217777e-07	-6.404908e-10	-5.008294e+00	-4.777144e+01
1.700000e-06	-6.752093e-07	-6.209805e-10	-4.685164e+00	-4.665070e+01
1.710000e-06	-6.285700e-07	-6.001136e-10	-4.361541e+00	-4.549933e+01
1.720000e-06	-5.819261e-07	-5.819295e-10	-4.037887e+00	-4.431648e+01
1.730000e-06	-5.352409e-07	-5.661010e-10	-3.713946e+00	-4.310133e+01
1.740000e-06	-4.885447e-07	-5.478632e-10	-3.389930e+00	-4.185313e+01
1.750000e-06	-4.417702e-07	-5.291017e-10	-3.065369e+00	-4.057114e+01
1.760000e-06	-3.949920e-07	-5.083738e-10	-2.740783e+00	-3.925473e+01
1.770000e-06	-3.482352e-07	-4.868800e-10	-2.416345e+00	-3.790330e+01
1.780000e-06	-3.014404e-07	-4.687730e-10	-2.091644e+00	-3.651635e+01
1.790000e-06	-2.546815e-07	-4.529625e-10	-1.767192e+00	-3.509347e+01
1.800000e-06	-2.077299e-07	-4.346469e-10	-1.441403e+00	-3.363431e+01
1.810000e-06	-1.606595e-07	-4.137907e-10	-1.114790e+00	-3.213865e+01
1.820000e-06	-1.136816e-07	-3.911290e-10	-7.888173e-01	-3.060638e+01
1.830000e-06	-6.682077e-08	-3.680001e-10	-4.636581e-01	-2.903748e+01
1.840000e-06	-1.998454e-08	-3.433228e-10	-1.386694e-01	-2.743206e+01
1.850000e-06	2.693659e-08	-3.228978e-10	1.869085e-01	-2.579037e+01
1.860000e-06	7.387413e-08	-3.044314e-10	5.126002e-01	-2.411276e+01
1.870000e-06	1.208332e-07	-2.823343e-10	8.384414e-01	-2.239973e+01
1.880000e-06	1.677885e-07	-2.563036e-10	1.164256e+00	-2.065192e+01
1.890000e-06	2.146732e-07	-2.295707e-10	1.489581e+00	-1.887011e+01
1.900000e-06	2.614428e-07	-1.999474e-10	1.814108e+00	-1.705519e+01
1.910000e-06	3.082396e-07	-1.693650e-10	2.138823e+00	-1.520823e+01
1.920000e-06	3.550568e-07	-1.416938e-10	2.463679e+00	-1.333042e+01
1.930000e-06	4.018369e-07	-1.179291e-10	2.788279e+00	-1.142308e+01
1.940000e-06	4.486633e-07	-9.448113e-11	3.113199e+00	-9.487684e+00
1.950000e-06	4.954340e-07	-6.794765e-11	3.437734e+00	-7.525823e+00
1.960000e-06	5.420604e-07	-3.752340e-11	3.761266e+00	-5.539222e+00
1.970000e-06	5.886666e-07	-4.963137e-12	4.084659e+00	-3.529727e+00
1.980000e-06	6.352166e-07	2.637872e-11	4.407661e+00	-1.499299e+00
1.990000e-06	6.815602e-07	5.469571e-11	4.729231e+00	5.499925e-01
2.000000e-06	7.278350e-07	8.446844e-11	5.050325e+00	2.615977e+00
2.010000e-06	7.741318e-07	1.159617e-10	5.371571e+00	4.696393e+00
2.020000e-06	8.204153e-07	1.468084e-10	5.692724e+00	6.788897e+00
2.030000e-06	8.666655e-07	1.788271e-10	6.013646e+00	8.891075e+00
2.040000e-06	9.129072e-07	2.099393e-10	6.334510e+00	1.100045e+01
2.050000e-06	9.591128e-07	2.415925e-10	6.655123e+00	1.311450e+01
2.060000e-06	1.005213e-06	2.728368e-10	6.975003e+00	1.523067e+01
2.070000e-06	1.051320e-06	3.037627e-10	7.294933e+00	1.734635e+01
2.080000e-06	1.097388e-06	3.333784e-10	7.614591e+00	1.945897e+01
2.090000e-06	1.143287e-06	3.605168e-10	7.933079e+00	2.156590e+01
2.100000e-06	1.189077e-06	3.889994e-10	8.250803e+00	2.366458e+01
2.110000e-06	1.234750e-06	4.203424e-10	8.567721e+00	2.575243e+01
2.120000e-06	1.280384e-06	4.529786e-10	8.884372e+00	2.782693e+01
2.130000e-06	1.325913e-06	4.856343e-10	9.200291e+00	2.988560e+01
2.140000e-06	1.371311e-06	5.152910e-10	9.515294e+00	3.192603e+01
2.150000e-06	1.416671e-06	5.402769e-10	9.830043e+00	3.394589e+01
2.160000e-06	1.462006e-06	5.624549e-10	1.014461e+01	3.594290e+01
2.170000e-06	1.507302e-06	5.859365e-10	1.045891e+01	3.791492e+01
2.180000e-06	1.552445e-06	6.106407e-10	1.077215e+01	3.985989e+01
2.190000e-06	1.597434e-06	6.370603e-10	1.108432e+01	4.177585e+01
2.200000e-06	1.642220e-06	6.666043e-10	1.139509e+01	4.366099e+01
2.210000e-06	1.686810e-06	6.972545e-10	1.170449e+01	4.551361e+01
2.220000e-06	1.731335e-06	7.246500e-10	1.201345e+01	4.733216e+01
2.230000e-06	1.775786e-06	7.474896e-10	1.232188e+01	4.911521e+01
2.240000e-06	1.820115e-06	7.676839e-10	1.262947e+01	5.086148e+01
2.250000e-06	1.864322e-06	7.868796e-10	1.293622e+01	5.256985e+01
2.260000e-06	1.908386e-06	8.065656e-10	1.324197e+01	5.423935e+01
2.270000e-06	1.952361e-06	8.279144e-10	1.354711e+01	5.586915e+01
2.280000e-06	1.996301e-06	8.501254e-10	1.385200e+01	5.745857e+01
2.290000e-06	2.040192e-06	8.707418e-10	1.415655e+01	5.900710e+01
2.300000e-06	2.083998e-06	8.902807e-10	1.446052e+01	6.051436e+01
2.310000e-06	2.127763e-06	9.091960e-10	1.476419e+01	6.198012e+01
2.320000e-06	2.171484e-06	9.269217e-10	1.506756e+01	6.340431e+01
2.330000e-06	2.215110e-06	9.446332e-10	1.537028e+01	6.478697e+01
2.340000e-06	2.258623e-06	9.622999e-10	1.567221e+01	6.612830e+01
2.350000e-06	2.301995e-06	9.801771e-10	1.597315e+01	6.742861e+01
2.360000e-06	2.345083e-06	9.991612e-10	1.627213e+01	6.868833e+01
2.370000e-06	2.387885e-06	1.017574e-09	1.656914e+01	6.990802e+01
2.380000e-06	2.430465e-06	1.033221e-09	1.686459e+01	7.108832e+01
2.390000e-06	2.472622e-06	1.046832e-09	1.715711e+01	7.222998e+01
2.400000e-06	2.514389e-06	1.060380e-09	1.744692e+01	7.333384e+01
2.410000e-06	2.555836e-06	1.074639e-09	1.773452e+01	7.440081e+01
2.420000e-06	2.596950e-06	1.088957e-09	1.801980e+01	7.543187e+01
2.430000e-06	2.637888e-06	1.102398e-09	1.830386e+01	7.642805e+01
2.440000e-06	2.678674e-06	1.114685e-09	1.858687e+01	7.739046e+01
2.450000e-06	2.719183e-06	1.125518e-09	1.886795e+01	7.832021e+01
2.460000e-06	2.759448e-06	1.136782e-09	1.914735e+01	7.921847e+01
2.470000e-06	2.799590e-06	1.148060e-09	1.942589e+01	8.008642e+01
2.480000e-06	2.839632e-06	1.159411e-09	1.970373e+01	8.092525e+01
2.490000e-06	2.879567e-06	1.171318e-09	1.998083e+01	8.173615e+01
2.500000e-06	2.919353e-06	1.182603e-09	2.025690e+01	8.252032e+01
2.510000e-06	2.958966e-06	1.192489e-09	2.053176e+01	8.327894e+01
2.520000e-06	2.998453e-06	1.201640e-09	2.080576e+01	8.401317e+01
2.530000e-06	3.037758e-06	1.210997e-09	2.107849e+01	8.472415e+01
2.540000e-06	3.076777e-06	1.220453e-09	2.134924e+01	8.541298e+01
2.550000e-06	3.115572e-06	1.230626e-09	2.161843e+01	8.608072e+01
2.560000e-06	3.154138e-06	1.240443e-09	2.188603e+01	8.672841e+01
2.570000e-06	3.192430e-06	1.249365e-09	2.215174e+01	8.735701e+01
2.580000e-06	3.230540e-06	1.257530e-09	2.241617e+01	8.796748e+01
2.590000e-06	3.268485e-06	1.265562e-09	2.267947e+01	8.856067e+01
2.600000e-06	3.306248e-06	1.272204e-09	2.294150e+01	8.913743e+01
2.610000e-06	3.343814e-06	1.278706e-09	2.320216e+01	8.969852e+01
2.620000e-06	3.381168e-06	1.288099e-09	2.346136e+01	9.024467e+01
2.630000e-06	3.418155e-06	1.299315e-09	2.371800e+01	9.077654e+01
2.640000e-06	3.454786e-06	1.313922e-09	2.397218e+01	9.129474e+01
2.650000e-06	3.491176e-06	1.327523e-09	2.422468e+01	9.179982e+01
2.660000e-06	3.527335e-06	1.334595e-09	2.447558e+01	9.229230e+01
2.670000e-06	3.563393e-06	1.339026e-09	2.472578e+01	9.277263e+01
2.680000e-06	3.599402e-06	1.342930e-09	2.497565e+01	9.324123e+01
2.690000e-06	3.635313e-06	1.346929e-09	2.522483e+01	9.369846e+01
2.700000e-06	3.671076e-06	1.351869e-09	2.547298e+01	9.414466e+01
2.710000e-06	3.706598e-06	1.359084e-09	2.571946e+01	9.458012e+01
2.720000e-06	3.741771e-06	1.370154e-09	2.596352e+01	9.500510e+01
2.730000e-06	3.776589e-06	1.380527e-09	2.620511e+01	9.541984e+01
2.740000e-06	3.811087e-06	1.386996e-09	2.644449e+01	9.582454e+01
2.750000e-06	3.845110e-06	1.392396e-09	2.668058e+01	9.621940e+01
2.760000e-06	3.878557e-06	1.395955e-09	2.691265e+01	9.660457e+01
2.770000e-06	3.911593e-06	1.397475e-09	2.714189e+01	9.698023e+01
2.780000e-06	3.944239e-06	1.400580e-09	2.736841e+01	9.734651e+01
2.790000e-06	3.976502e-06	1.408559e-09	2.759228e+01	9.770355e+01
2.800000e-06	4.008583e-06	1.419481e-09	2.781488e+01	9.805150e+01
2.810000e-06	4.040483e-06	1.427397e-09	2.803623e+01	9.839050e+01
2.820000e-06	4.072220e-06	1.433418e-09	2.825645e+01	9.872067e+01
2.830000e-06	4.103810e-06	1.438896e-09	2.847564e+01	9.904217e+01
2.840000e-06	4.135249e-06	1.441938e-09	2.869380e+01	9.935514e+01
2.850000e-06	4.166439e-06	1.444441e-09	2.891022e+01	9.965974e+01
2.860000e-06	4.197215e-06	1.447310e-09	2.912377e+01	9.995614e+01
2.870000e-06	4.227591e-06	1.450454e-09	2.933454e+01	1.002445e+02
2.880000e-06	4.257676e-06	1.455629e-09	2.954330e+01	1.005250e+02
2.890000e-06	4.287567e-06	1.461154e-09	2.975070e+01	1.007979e+02
2.900000e-06	4.317200e-06	1.464147e-09	2.995632e+01	1.010633e+02
2.910000e-06	4.346553e-06	1.463997e-09	3.016000e+01	1.013215e+02
2.920000e-06	4.375598e-06	1.465626e-09	3.036154e+01	1.015726e+02
2.930000e-06	4.404305e-06	1.469560e-09	3.056073e+01	1.018170e+02
2.940000e-06	4.432672e-06	1.475091e-09	3.075757e+01	1.020548e+02
2.950000e-06	4.460778e-06	1.480168e-09	3.095259e+01	1.022862e+02
2.960000e-06	4.488729e-06	1.486158e-09	3.114654e+01	1.025116e+02
2.970000e-06	4.516540e-06	1.492121e-09	3.133951e+01	1.027310e+02
2.980000e-06	4.544180e-06	1.494005e-09	3.153130e+01	1.029448e+02
2.990000e-06	4.571583e-06	1.495997e-09	3.172145e+01	1.031532e+02
3.000000e-06	4.598652e-06	1.499280e-09	3.190927e+01	1.033564e+02
3.010000e-06	4.625217e-06	1.502369e-09	3.209360e+01	1.035546e+02
3.020000e-06	4.651078e-06	1.505455e-09	3.227305e+01	1.037480e+02
3.030000e-06	4.676264e-06	1.510150e-09	3.244781e+01	1.039367e+02
3.040000e-06	4.700885e-06	1.514986e-09	3.261865e+01	1.041209e+02
3.050000e-06	4.725177e-06	1.519465e-09	3.278721e+01	1.043008e+02
3.060000e-06	4.749272e-06	1.524143e-09	3.295440e+01	1.044765e+02
3.070000e-06	4.773123e-06	1.526089e-09	3.311990e+01	1.046480e+02
3.080000e-06	4.796737e-06	1.526817e-09	3.328375e+01	1.048156e+02
3.090000e-06	4.819964e-06	1.527993e-09	3.344492e+01	1.049791e+02
3.100000e-06	4.842827e-06	1.528558e-09	3.360356e+01	1.051387e+02
3.110000e-06	4.865351e-06	1.532454e-09	3.375985e+01	1.052944e+02
3.120000e-06	4.887529e-06	1.538609e-09	3.391374e+01	1.054461e+02
3.130000e-06	4.909430e-06	1.546303e-09	3.406571e+01	1.055939e+02
3.140000e-06	4.931002e-06	1.553627e-09	3.421540e+01	1.057376e+02
3.150000e-06	4.952236e-06	1.558783e-09	3.436273e+01	1.058773e+02
3.160000e-06	4.973109e-06	1.560170e-09	3.450757e+01	1.060127e+02
3.170000e-06	4.993607e-06	1.558531e-09	3.464980e+01	1.061439e+02
3.180000e-06	5.013797e-06	1.557622e-09	3.478989e+01	1.062707e+02
3.190000e-06	5.033780e-06	1.559089e-09	3.492855e+01	1.063930e+02
3.200000e-06	5.053566e-06	1.564364e-09	3.506585e+01	1.065106e+02
3.210000e-06	5.073167e-06	1.571468e-09	3.520185e+01	1.066233e+02
3.220000e-06	5.092501e-06	1.575292e-09	3.533601e+01	1.067312e+02
3.230000e-06	5.111442e-06	1.576791e-09	3.546743e+01	1.068339e+02
3.240000e-06	5.129890e-06	1.576092e-09	3.559544e+01	1.069314e+02
3.250000e-06	5.147782e-06	1.577324e-09	3.571960e+01	1.070236e+02
3.260000e-06	5.165299e-06	1.580323e-09	3.584114e+01	1.071102e+02
3.270000e-06	5.182488e-06	1.583445e-09	3.596041e+01	1.071912e+02
3.280000e-06	5.199431e-06	1.587526e-09	3.607798e+01	1.072666e+02
3.290000e-06	5.215990e-06	1.592501e-09	3.619288e+01	1.073361e+02
3.300000e-06	5.232113e-06	1.599386e-09	3.630476e+01	1.073998e+02
3.310000e-06	5.247929e-06	1.604610e-09	3.641450e+01	1.074577e+02
3.320000e-06	5.263336e-06	1.605740e-09	3.652140e+01	1.075097e+02
3.330000e-06	5.278241e-06	1.603786e-09	3.662482e+01	1.075558e+02
3.340000e-06	5.292601e-06	1.602829e-09	3.672447e+01	1.075961e+02
3.350000e-06	5.306515e-06	1.603775e-09	3.682101e+01	1.076307e+02
3.360000e-06	5.320100e-06	1.608109e-09	3.691528e+01	1.076596e+02
3.370000e-06	5.333405e-06	1.614504e-09	3.700760e+01	1.076831e+02
3.380000e-06	5.346377e-06	1.620570e-09	3.709761e+01	1.077012e+02
3.390000e-06	5.358879e-06	1.622949e-09	3.718436e+01	1.077142e+02
3.400000e-06	5.370980e-06	1.623402e-09	3.726833e+01	1.077224e+02
3.410000e-06	5.382822e-06	1.622309e-09	3.735050e+01	1.077259e+02
3.420000e-06	5.394297e-06	1.619219e-09	3.743012e+01	1.077251e+02
3.430000e-06	5.405302e-06	1.619520e-09	3.750648e+01	1.077202e+02
3.440000e-06	5.415736e-06	1.624252e-09	3.757888e+01	1.077116e+02
3.450000e-06	5.425457e-06	1.631704e-09	3.764634e+01	1.076996e+02
3.460000e-06	5.434508e-06	1.639014e-09	3.770914e+01	1.076846e+02
3.470000e-06	5.443017e-06	1.644519e-09	3.776818e+01	1.076670e+02
3.480000e-06	5.451178e-06	1.646494e-09	3.782481e+01	1.076472e+02
3.490000e-06	5.459117e-06	1.642208e-09	3.787989e+01	1.076255e+02
3.500000e-06	5.466763e-06	1.636128e-09	3.793295e+01	1.076023e+02
3.510000e-06	5.474189e-06	1.632626e-09	3.798448e+01	1.075781e+02
3.520000e-06	5.481322e-06	1.633818e-09	3.803397e+01	1.075531e+02
3.530000e-06	5.487995e-06	1.640532e-09	3.808027e+01	1.075278e+02
3.540000e-06	5.494232e-06	1.647916e-09	3.812355e+01	1.075026e+02
3.550000e-06	5.500147e-06	1.650965e-09	3.816459e+01	1.074777e+02
3.560000e-06	5.505764e-06	1.649294e-09	3.820357e+01	1.074534e+02
3.570000e-06	5.510961e-06	1.645755e-09	3.823963e+01	1.074301e+02
3.580000e-06	5.515690e-06	1.642826e-09	3.827245e+01	1.074081e+02
3.590000e-06	5.520025e-06	1.641127e-09	3.830252e+01	1.073874e+02
3.600000e-06	5.524134e-06	1.643557e-09	3.833104e+01	1.073684e+02
3.610000e-06	5.528060e-06	1.649239e-09	3.835828e+01	1.073511e+02
3.620000e-06	5.531729e-06	1.654287e-09	3.838374e+01	1.073357e+02
3.630000e-06	5.535065e-06	1.655821e-09	3.840689e+01	1.073223e+02
3.640000e-06	5.537862e-06	1.653806e-09	3.842629e+01	1.073108e+02
3.650000e-06	5.540017e-06	1.651477e-09	3.844125e+01	1.073012e+02
3.660000e-06	5.541461e-06	1.649499e-09	3.845126e+01	1.072935e+02
3.670000e-06	5.542249e-06	1.649606e-09	3.845674e+01	1.072875e+02
3.680000e-06	5.542610e-06	1.651269e-09	3.845924e+01	1.072832e+02
3.690000e-06	5.542720e-06	1.653531e-09	3.846000e+01	1.072802e+02
3.700000e-06	5.542680e-06	1.656245e-09	3.845973e+01	1.072784e+02
3.710000e-06	5.542352e-06	1.656721e-09	3.845745e+01	1.072775e+02
3.720000e-06	5.541676e-06	1.655167e-09	3.845276e+01	1.072772e+02
3.730000e-06	5.540744e-06	1.652879e-09	3.844629e+01	1.072771e+02
3.740000e-06	5.539386e-06	1.648185e-09	3.843687e+01	1.072768e+02
3.750000e-06	5.537563e-06	1.646522e-09	3.842422e+01	1.072759e+02
3.760000e-06	5.535423e-06	1.648451e-09	3.840937e+01	1.072740e+02
3.770000e-06	5.532879e-06	1.658908e-09	3.839172e+01	1.072707e+02
3.780000e-06	5.529919e-06	1.664269e-09	3.837118e+01	1.072655e+02
3.790000e-06	5.526525e-06	1.575940e-09	3.834763e+01	1.072580e+02
3.800000e-06	5.522688e-06	1.492590e-09	3.832100e+01	1.072475e+02
3.810000e-06	5.518523e-06	1.652849e-09	3.829210e+01	1.072338e+02
3.820000e-06	5.514190e-06	1.781887e-09	3.826204e+01	1.072162e+02
3.830000e-06	5.509705e-06	1.722074e-09	3.823092e+01	1.071944e+02
3.840000e-06	5.504965e-06	1.562900e-09	3.819803e+01	1.071678e+02
3.850000e-06	5.499482e-06	1.606916e-09	3.815998e+01	1.071361e+02
3.860000e-06	5.493104e-06	1.776096e-09	3.811573e+01	1.070989e+02
3.870000e-06	5.486509e-06	1.678728e-09	3.806996e+01	1.070557e+02
3.880000e-06	5.479694e-06	1.498608e-09	3.802268e+01	1.070063e+02
3.890000e-06	5.472237e-06	1.579686e-09	3.797093e+01	1.069502e+02
3.900000e-06	5.464269e-06	1.835271e-09	3.791565e+01	1.068873e+02
3.910000e-06	5.456090e-06	1.706622e-09	3.785889e+01	1.068173e+02
3.920000e-06	5.447654e-06	1.451055e-09	3.780036e+01	1.067399e+02
3.930000e-06	5.438720e-06	1.512366e-09	3.773837e+01	1.066551e+02
3.940000e-06	5.429440e-06	1.782994e-09	3.767397e+01	1.065628e+02
3.950000e-06	5.419994e-06	1.697064e-09	3.760843e+01	1.064627e+02
3.960000e-06	5.410118e-06	1.505188e-09	3.753990e+01	1.063551e+02
3.970000e-06	5.399574e-06	1.577285e-09	3.746673e+01	1.062398e+02
3.980000e-06	5.388606e-06	1.715267e-09	3.739063e+01	1.061170e+02
3.990000e-06	5.377560e-06	1.614586e-09	3.731398e+01	1.059867e+02
4.000000e-06	5.366117e-06	1.513669e-09	3.723458e+01	1.058492e+02
4.010000e-06	5.354075e-06	1.614037e-09	3.715103e+01	1.057047e+02
4.020000e-06	5.341719e-06	1.674041e-09	3.706529e+01	1.055533e+02
4.030000e-06	5.329057e-06	1.592811e-09	3.697743e+01	1.053954e+02
4.040000e-06	5.315645e-06	1.523315e-09	3.688437e+01	1.052313e+02
4.050000e-06	5.301561e-06	1.608577e-09	3.678664e+01	1.050612e+02
4.060000e-06	5.287267e-06	1.661434e-09	3.668746e+01	1.048857e+02
4.070000e-06	5.272455e-06	1.582949e-09	3.658468e+01	1.047050e+02
4.080000e-06	5.256866e-06	1.507024e-09	3.647651e+01	1.045196e+02
4.090000e-06	5.240897e-06	1.631670e-09	3.636570e+01	1.043298e+02
4.100000e-06	5.224765e-06	1.698117e-09	3.625377e+01	1.041361e+02
4.110000e-06	5.208196e-06	1.545336e-09	3.613879e+01	1.039389e+02
4.120000e-06	5.191275e-06	1.467192e-09	3.602138e+01	1.037386e+02
4.130000e-06	5.174218e-06	1.660776e-09	3.590303e+01	1.035356e+02
4.140000e-06	5.156806e-06	1.646201e-09	3.578221e+01	1.033303e+02
4.150000e-06	5.138926e-06	1.458683e-09	3.565814e+01	1.031232e+02
4.160000e-06	5.120729e-06	1.547690e-09	3.553188e+01	1.029144e+02
4.170000e-06	5.102280e-06	1.699028e-09	3.540386e+01	1.027045e+02
4.180000e-06	5.083374e-06	1.505485e-09	3.527268e+01	1.024937e+02
4.190000e-06	5.064078e-06	1.456302e-09	3.513878e+01	1.022823e+02
4.200000e-06	5.044552e-06	1.673770e-09	3.500330e+01	1.020705e+02
4.210000e-06	5.024731e-06	1.598074e-09	3.486577e+01	1.018586e+02
4.220000e-06	5.004633e-06	1.410387e-09	3.472631e+01	1.016467e+02
4.230000e-06	4.984327e-06	1.583756e-09	3.458540e+01	1.014350e+02
4.240000e-06	4.963808e-06	1.645902e-09	3.444303e+01	1.012235e+02
4.250000e-06	4.942846e-06	1.440578e-09	3.429758e+01	1.010124e+02
4.260000e-06	4.921342e-06	1.512198e-09	3.414837e+01	1.008016e+02
4.270000e-06	4.899293e-06	1.656257e-09	3.399537e+01	1.005911e+02
4.280000e-06	4.876499e-06	1.485516e-09	3.383721e+01	1.003809e+02
4.290000e-06	4.853116e-06	1.446436e-09	3.367495e+01	1.001709e+02
4.300000e-06	4.829552e-06	1.622518e-09	3.351145e+01	9.996084e+01
4.310000e-06	4.805755e-06	1.540085e-09	3.334633e+01	9.975066e+01
4.320000e-06	4.781689e-06	1.421239e-09	3.317934e+01	9.954014e+01
4.330000e-06	4.757515e-06	1.545718e-09	3.301160e+01	9.932905e+01
4.340000e-06	4.733042e-06	1.572410e-09	3.284178e+01	9.911712e+01
4.350000e-06	4.708132e-06	1.458218e-09	3.266893e+01	9.890408e+01
4.360000e-06	4.682877e-06	1.505338e-09	3.249370e+01	9.868964e+01
4.370000e-06	4.657335e-06	1.550871e-09	3.231646e+01	9.847348e+01
4.380000e-06	4.631404e-06	1.475740e-09	3.213653e+01	9.825527e+01
4.390000e-06	4.605112e-06	1.474966e-09	3.195410e+01	9.803469e+01
4.400000e-06	4.578563e-06	1.535465e-09	3.176988e+01	9.781140e+01
4.410000e-06	4.551682e-06	1.495882e-09	3.158336e+01	9.758506e+01
4.420000e-06	4.524447e-06	1.466364e-09	3.139437e+01	9.735534e+01
4.430000e-06	4.496895e-06	1.496335e-09	3.120320e+01	9.712193e+01
4.440000e-06	4.469080e-06	1.493582e-09	3.101019e+01	9.688450e+01
4.450000e-06	4.441052e-06	1.461614e-09	3.081572e+01	9.664277e+01
4.460000e-06	4.412893e-06	1.470630e-09	3.062032e+01	9.639645e+01
4.470000e-06	4.384536e-06	1.471621e-09	3.042356e+01	9.614528e+01
4.480000e-06	4.355794e-06	1.451970e-09	3.022412e+01	9.588904e+01
4.490000e-06	4.326749e-06	1.454510e-09	3.002259e+01	9.562751e+01
4.500000e-06	4.297283e-06	1.466883e-09	2.981812e+01	9.536051e+01
4.510000e-06	4.267180e-06	1.446943e-09	2.960925e+01	9.508790e+01
4.520000e-06	4.236525e-06	1.438765e-09	2.939653e+01	9.480954e+01
4.530000e-06	4.205426e-06	1.444981e-09	2.918075e+01	9.452535e+01
4.540000e-06	4.173966e-06	1.430021e-09	2.896245e+01	9.423527e+01
4.550000e-06	4.142211e-06	1.423297e-09	2.874210e+01	9.393927e+01
4.560000e-06	4.110281e-06	1.440356e-09	2.852055e+01	9.363735e+01
4.570000e-06	4.078237e-06	1.429700e-09	2.829820e+01	9.332955e+01
4.580000e-06	4.046024e-06	1.411157e-09	2.807468e+01	9.301593e+01
4.590000e-06	4.013593e-06	1.425846e-09	2.784965e+01	9.269657e+01
4.600000e-06	3.980878e-06	1.426661e-09	2.762264e+01	9.237158e+01
4.610000e-06	3.947842e-06	1.401819e-09	2.739341e+01	9.204111e+01
4.620000e-06	3.914507e-06	1.400197e-09	2.716211e+01	9.170531e+01
4.630000e-06	3.880924e-06	1.409450e-09	2.692908e+01	9.136435e+01
4.640000e-06	3.847155e-06	1.392426e-09	2.669476e+01	9.101842e+01
4.650000e-06	3.813100e-06	1.389546e-09	2.645846e+01	9.066773e+01
4.660000e-06	3.778765e-06	1.400260e-09	2.622021e+01	9.031247e+01
4.670000e-06	3.744206e-06	1.387660e-09	2.598041e+01	8.995287e+01
4.680000e-06	3.709297e-06	1.369712e-09	2.573819e+01	8.958913e+01
4.690000e-06	3.674092e-06	1.382134e-09	2.549391e+01	8.922148e+01
4.700000e-06	3.638657e-06	1.380281e-09	2.524803e+01	8.885013e+01
4.710000e-06	3.602995e-06	1.359281e-09	2.500058e+01	8.847527e+01
4.720000e-06	3.567202e-06	1.359145e-09	2.475221e+01	8.809711e+01
4.730000e-06	3.531283e-06	1.369922e-09	2.450298e+01	8.771581e+01
4.740000e-06	3.495209e-06	1.354905e-09	2.425267e+01	8.733155e+01
4.750000e-06	3.458957e-06	1.346078e-09	2.400112e+01	8.694446e+01
4.760000e-06	3.422551e-06	1.352901e-09	2.374850e+01	8.655467e+01
4.770000e-06	3.385977e-06	1.346856e-09	2.349473e+01	8.616227e+01
4.780000e-06	3.349031e-06	1.334190e-09	2.323836e+01	8.576736e+01
4.790000e-06	3.311643e-06	1.337266e-09	2.297893e+01	8.536997e+01
4.800000e-06	3.273922e-06	1.334610e-09	2.271719e+01	8.497014e+01
4.810000e-06	3.235886e-06	1.320021e-09	2.245327e+01	8.456785e+01
4.820000e-06	3.197339e-06	1.316939e-09	2.218580e+01	8.416309e+01
4.830000e-06	3.158282e-06	1.319536e-09	2.191479e+01	8.375578e+01
4.840000e-06	3.118942e-06	1.309251e-09	2.164182e+01	8.334586e+01
4.850000e-06	3.079402e-06	1.300416e-09	2.136745e+01	8.293320e+01
4.860000e-06	3.039688e-06	1.300124e-09	2.109188e+01	8.251767e+01
4.870000e-06	2.999807e-06	1.293686e-09	2.081516e+01	8.209911e+01
4.880000e-06	2.959839e-06	1.282829e-09	2.053783e+01	8.167733e+01
4.890000e-06	2.919789e-06	1.277699e-09	2.025993e+01	8.125212e+01
4.900000e-06	2.879604e-06	1.272429e-09	1.998109e+01	8.082326e+01
4.910000e-06	2.839223e-06	1.260029e-09	1.970089e+01	8.039050e+01
4.920000e-06	2.798701e-06	1.255320e-09	1.941972e+01	7.995357e+01
4.930000e-06	2.758011e-06	1.255297e-09	1.913737e+01	7.951219e+01
4.940000e-06	2.717088e-06	1.250585e-09	1.885342e+01	7.906608e+01
4.950000e-06	2.675960e-06	1.245199e-09	1.856803e+01	7.861493e+01
4.960000e-06	2.634596e-06	1.242162e-09	1.828102e+01	7.815842e+01
4.970000e-06	2.593066e-06	1.233223e-09	1.799285e+01	7.769625e+01
4.980000e-06	2.551390e-06	1.223437e-09	1.770366e+01	7.722808e+01
4.990000e-06	2.509593e-06	1.217273e-09	1.741364e+01	7.675358e+01
5.000000e-06	2.467630e-06	1.210730e-09	1.712247e+01	7.627243e+01
5.010000e-06	2.425433e-06	1.199718e-09	1.682967e+01	7.578428e+01
5.020000e-06	2.383063e-06	1.194357e-09	1.653568e+01	7.528881e+01
5.030000e-06	2.340589e-06	1.189916e-09	1.624095e+01	7.478567e+01
5.040000e-06	2.297978e-06	1.181186e-09	1.594528e+01	7.427454e+01
5.050000e-06	2.255159e-06	1.170484e-09	1.564817e+01	7.375507e+01
5.060000e-06	2.212150e-06	1.163011e-09	1.534973e+01	7.322693e+01
5.070000e-06	2.168930e-06	1.156688e-09	1.504984e+01	7.268978e+01
5.080000e-06	2.125554e-06	1.147867e-09	1.474886e+01	7.214329e+01
5.090000e-06	2.082069e-06	1.137718e-09	1.444713e+01	7.158711e+01
5.100000e-06	2.038459e-06	1.130483e-09	1.414452e+01	7.102091e+01
5.110000e-06	1.994722e-06	1.123179e-09	1.384104e+01	7.044432e+01
5.120000e-06	1.950897e-06	1.114237e-09	1.353695e+01	6.985700e+01
5.130000e-06	1.907037e-06	1.105754e-09	1.323261e+01	6.925857e+01
5.140000e-06	1.863145e-06	1.096117e-09	1.292805e+01	6.864866e+01
5.150000e-06	1.819163e-06	1.088045e-09	1.262286e+01	6.802688e+01
5.160000e-06	1.775097e-06	1.081065e-09	1.231710e+01	6.739282e+01
5.170000e-06	1.730933e-06	1.074029e-09	1.201065e+01	6.674606e+01
5.180000e-06	1.686684e-06	1.065914e-09	1.170362e+01	6.608614e+01
5.190000e-06	1.642423e-06	1.056865e-09	1.139650e+01	6.541261e+01
5.200000e-06	1.598032e-06	1.044868e-09	1.108848e+01	6.472496e+01
5.210000e-06	1.553501e-06	1.032301e-09	1.077948e+01	6.402268e+01
5.220000e-06	1.508871e-06	1.022954e-09	1.046980e+01	6.330522e+01
5.230000e-06	1.464061e-06	1.014970e-09	1.015887e+01	6.257199e+01
5.240000e-06	1.419133e-06	1.005429e-09	9.847124e+00	6.182240e+01
5.250000e-06	1.374178e-06	9.961618e-10	9.535192e+00	6.105578e+01
5.260000e-06	1.329154e-06	9.867578e-10	9.222773e+00	6.027148e+01
5.270000e-06	1.284021e-06	9.757819e-10	8.909608e+00	5.946878e+01
5.280000e-06	1.238710e-06	9.648249e-10	8.595199e+00	5.864694e+01
5.290000e-06	1.193182e-06	9.541007e-10	8.279289e+00	5.780518e+01
5.300000e-06	1.147523e-06	9.408307e-10	7.962469e+00	5.694271e+01
5.310000e-06	1.101842e-06	9.283101e-10	7.645494e+00	5.605869e+01
5.320000e-06	1.056200e-06	9.168448e-10	7.328796e+00	5.515228e+01
5.330000e-06	1.010418e-06	9.037071e-10	7.011119e+00	5.422258e+01
5.340000e-06	9.645062e-07	8.910426e-10	6.692547e+00	5.326870e+01
5.350000e-06	9.185041e-07	8.803323e-10	6.373345e+00	5.228974e+01
5.360000e-06	8.723817e-07	8.648385e-10	6.053310e+00	5.128477e+01
5.370000e-06	8.262486e-07	8.456026e-10	5.733200e+00	5.025286e+01
5.380000e-06	7.800425e-07	8.278186e-10	5.412584e+00	4.919309e+01
5.390000e-06	7.338128e-07	8.116176e-10	5.091804e+00	4.810454e+01
5.400000e-06	6.875749e-07	7.947315e-10	4.770967e+00	4.698632e+01
5.410000e-06	6.411383e-07	7.784829e-10	4.448751e+00	4.583753e+01
5.420000e-06	5.946780e-07	7.615682e-10	4.126370e+00	4.465733e+01
5.430000e-06	5.483703e-07	7.420988e-10	3.805049e+00	4.344490e+01
5.440000e-06	5.020507e-07	7.207799e-10	3.483645e+00	4.219948e+01
5.450000e-06	4.556128e-07	7.006683e-10	3.161421e+00	4.092033e+01
5.460000e-06	4.090340e-07	6.801455e-10	2.838218e+00	3.960681e+01
5.470000e-06	3.623995e-07	6.590086e-10	2.514629e+00	3.825831e+01
5.480000e-06	3.158217e-07	6.402573e-10	2.191433e+00	3.687434e+01
5.490000e-06	2.692485e-07	6.197911e-10	1.868270e+00	3.545446e+01
5.500000e-06	2.226697e-07	5.962465e-10	1.545068e+00	3.399833e+01
5.510000e-06	1.761388e-07	5.726313e-10	1.222198e+00	3.250572e+01
5.520000e-06	1.295768e-07	5.508772e-10	8.991120e-01	3.097650e+01
5.530000e-06	8.300347e-08	5.264071e-10	5.759471e-01	2.941064e+01
5.540000e-06	3.640846e-08	5.012881e-10	2.526322e-01	2.780826e+01
5.550000e-06	-1.010277e-08	4.779560e-10	-7.010145e-02	2.616957e+01
5.560000e-06	-5.653981e-08	4.511878e-10	-3.923202e-01	2.449494e+01
5.570000e-06	-1.030453e-07	4.223632e-10	-7.150141e-01	2.278484e+01
5.580000e-06	-1.496016e-07	3.923226e-10	-1.038061e+00	2.103990e+01
5.590000e-06	-1.961790e-07	3.637455e-10	-1.361253e+00	1.926088e+01
5.600000e-06	-2.427625e-07	3.380381e-10	-1.684488e+00	1.744868e+01
5.610000e-06	-2.893264e-07	3.097051e-10	-2.007587e+00	1.560435e+01
5.620000e-06	-3.358008e-07	2.791407e-10	-2.330066e+00	1.372905e+01
5.630000e-06	-3.822478e-07	2.433451e-10	-2.652353e+00	1.182412e+01
5.640000e-06	-4.287084e-07	2.074158e-10	-2.974736e+00	9.890996e+00
5.650000e-06	-4.751823e-07	1.714133e-10	-3.297210e+00	7.931273e+00
5.660000e-06	-5.216048e-07	1.372729e-10	-3.619328e+00	5.946662e+00
5.670000e-06	-5.679932e-07	1.066256e-10	-3.941209e+00	3.938999e+00
5.680000e-06	-6.142851e-07	7.790982e-11	-4.262421e+00	1.910234e+00
5.690000e-06	-6.604589e-07	4.766333e-11	-4.582813e+00	-1.375692e-01
5.700000e-06	-7.067508e-07	1.327948e-11	-4.904025e+00	-2.202250e+00
5.710000e-06	-7.531249e-07	-2.627799e-11	-5.225807e+00	-4.281555e+00
5.720000e-06	-7.992855e-07	-6.710755e-11	-5.546108e+00	-6.373146e+00
5.730000e-06	-8.454007e-07	-1.057533e-10	-5.866093e+00	-8.474615e+00
5.740000e-06	-8.914990e-07	-1.438015e-10	-6.185962e+00	-1.058349e+01
5.750000e-06	-9.374570e-07	-1.777009e-10	-6.504857e+00	-1.269725e+01
5.760000e-06	-9.834121e-07	-2.071509e-10	-6.823731e+00	-1.481334e+01
5.770000e-06	-1.029300e-06	-2.369506e-10	-7.142143e+00	-1.692917e+01
5.780000e-06	-1.075055e-06	-2.730545e-10	-7.459627e+00	-1.904214e+01
5.790000e-06	-1.120667e-06	-3.118751e-10	-7.776120e+00	-2.114965e+01
5.800000e-06	-1.166128e-06	-3.513317e-10	-8.091567e+00	-2.324912e+01
5.810000e-06	-1.211502e-06	-3.910899e-10	-8.406406e+00	-2.533797e+01
5.820000e-06	-1.256751e-06	-4.267748e-10	-8.720382e+00	-2.741368e+01
5.830000e-06	-1.301766e-06	-4.578930e-10	-9.032738e+00	-2.947377e+01
5.840000e-06	-1.346647e-06	-4.874561e-10	-9.344154e+00	-3.151581e+01
5.850000e-06	-1.391450e-06	-5.177946e-10	-9.655036e+00	-3.353747e+01
5.860000e-06	-1.436206e-06	-5.494454e-10	-9.965592e+00	-3.553648e+01
5.870000e-06	-1.480853e-06	-5.810936e-10	-1.027539e+01	-3.751067e+01
5.880000e-06	-1.525367e-06	-6.143553e-10	-1.058426e+01	-3.945796e+01
5.890000e-06	-1.569807e-06	-6.480543e-10	-1.089262e+01	-4.137642e+01
5.900000e-06	-1.614175e-06	-6.806578e-10	-1.120049e+01	-4.326420e+01
5.910000e-06	-1.658436e-06	-7.111395e-10	-1.150761e+01	-4.511959e+01
5.920000e-06	-1.702564e-06	-7.399428e-10	-1.181381e+01	-4.694104e+01
5.930000e-06	-1.746637e-06	-7.666459e-10	-1.211962e+01	-4.872709e+01
5.940000e-06	-1.790699e-06	-7.939577e-10	-1.242536e+01	-5.047648e+01
5.950000e-06	-1.834720e-06	-8.229982e-10	-1.273081e+01	-5.218806e+01
5.960000e-06	-1.878649e-06	-8.512643e-10	-1.303563e+01	-5.386083e+01
5.970000e-06	-1.922551e-06	-8.779157e-10	-1.334026e+01	-5.549397e+01
5.980000e-06	-1.966380e-06	-9.049523e-10	-1.364438e+01	-5.708678e+01
5.990000e-06	-2.010137e-06	-9.310805e-10	-1.394801e+01	-5.863873e+01
6.000000e-06	-2.053834e-06	-9.531055e-10	-1.425121e+01	-6.014944e+01
6.010000e-06	-2.097299e-06	-9.739286e-10	-1.455280e+01	-6.161867e+01
6.020000e-06	-2.140592e-06	-9.960253e-10	-1.485321e+01	-6.304633e+01
6.030000e-06	-2.183766e-06	-1.017214e-09	-1.515279e+01	-6.443245e+01
6.040000e-06	-2.226769e-06	-1.039097e-09	-1.545118e+01	-6.577721e+01
6.050000e-06	-2.269551e-06	-1.060813e-09	-1.574804e+01	-6.708093e+01
6.060000e-06	-2.312193e-06	-1.080223e-09	-1.604392e+01	-6.834402e+01
6.070000e-06	-2.354664e-06	-1.097880e-09	-1.633862e+01	-6.956702e+01
6.080000e-06	-2.396955e-06	-1.116380e-09	-1.663207e+01	-7.075058e+01
6.090000e-06	-2.439118e-06	-1.134172e-09	-1.692463e+01	-7.189543e+01
6.100000e-06	-2.481096e-06	-1.151638e-09	-1.721591e+01	-7.300241e+01
6.110000e-06	-2.522918e-06	-1.171284e-09	-1.750611e+01	-7.407242e+01
6.120000e-06	-2.564581e-06	-1.190774e-09	-1.779520e+01	-7.510643e+01
6.130000e-06	-2.606064e-06	-1.208572e-09	-1.808304e+01	-7.610549e+01
6.140000e-06	-2.647260e-06	-1.227939e-09	-1.836889e+01	-7.707067e+01
6.150000e-06	-2.688256e-06	-1.247108e-09	-1.865336e+01	-7.800310e+01
6.160000e-06	-2.729178e-06	-1.260778e-09	-1.893731e+01	-7.890394e+01
6.170000e-06	-2.769921e-06	-1.273438e-09	-1.922002e+01	-7.977438e+01
6.180000e-06	-2.810377e-06	-1.286808e-09	-1.950074e+01	-8.061559e+01
6.190000e-06	-2.850569e-06	-1.299851e-09	-1.977962e+01	-8.142877e+01
6.200000e-06	-2.890633e-06	-1.313038e-09	-2.005762e+01	-8.221513e+01
6.210000e-06	-2.930633e-06	-1.327576e-09	-2.033517e+01	-8.297584e+01
6.220000e-06	-2.970579e-06	-1.341532e-09	-2.061235e+01	-8.371206e+01
6.230000e-06	-3.010458e-06	-1.355875e-09	-2.088906e+01	-8.442494e+01
6.240000e-06	-3.050211e-06	-1.372181e-09	-2.116490e+01	-8.511557e+01
6.250000e-06	-3.089800e-06	-1.388584e-09	-2.143960e+01	-8.578504e+01
6.260000e-06	-3.129100e-06	-1.399215e-09	-2.171230e+01	-8.643436e+01
6.270000e-06	-3.168055e-06	-1.404812e-09	-2.198260e+01	-8.706452e+01
6.280000e-06	-3.206729e-06	-1.411110e-09	-2.225096e+01	-8.767646e+01
6.290000e-06	-3.245135e-06	-1.420425e-09	-2.251745e+01	-8.827107e+01
6.300000e-06	-3.283201e-06	-1.433359e-09	-2.278158e+01	-8.884917e+01
6.310000e-06	-3.320785e-06	-1.447756e-09	-2.304237e+01	-8.941154e+01
6.320000e-06	-3.357873e-06	-1.460081e-09	-2.329972e+01	-8.995891e+01
6.330000e-06	-3.394686e-06	-1.468670e-09	-2.355516e+01	-9.049195e+01
6.340000e-06	-3.431185e-06	-1.475073e-09	-2.380842e+01	-9.101127e+01
6.350000e-06	-3.467339e-06	-1.482097e-09	-2.405928e+01	-9.151743e+01
6.360000e-06	-3.503355e-06	-1.488341e-09	-2.430919e+01	-9.201094e+01
6.370000e-06	-3.539283e-06	-1.494180e-09	-2.455849e+01	-9.249227e+01
6.380000e-06	-3.575085e-06	-1.501702e-09	-2.480691e+01	-9.296183e+01
6.390000e-06	-3.610735e-06	-1.510916e-09	-2.505428e+01	-9.342000e+01
6.400000e-06	-3.646189e-06	-1.520402e-09	-2.530029e+01	-9.386711e+01
6.410000e-06	-3.681351e-06	-1.528882e-09	-2.554427e+01	-9.430346e+01
6.420000e-06	-3.716198e-06	-1.537523e-09	-2.578608e+01	-9.472931e+01
6.430000e-06	-3.750744e-06	-1.546640e-09	-2.602578e+01	-9.514490e+01
6.440000e-06	-3.785029e-06	-1.552893e-09	-2.626368e+01	-9.555043e+01
6.450000e-06	-3.819060e-06	-1.555987e-09	-2.649982e+01	-9.594610e+01
6.460000e-06	-3.852782e-06	-1.559632e-09	-2.673381e+01	-9.633208e+01
6.470000e-06	-3.886242e-06	-1.564101e-09	-2.696598e+01	-9.670852e+01
6.480000e-06	-3.919442e-06	-1.568775e-09	-2.719635e+01	-9.707558e+01
6.490000e-06	-3.952372e-06	-1.574466e-09	-2.742484e+01	-9.743340e+01
6.500000e-06	-3.985007e-06	-1.579001e-09	-2.765129e+01	-9.778210e+01
6.510000e-06	-4.017386e-06	-1.582770e-09	-2.787596e+01	-9.812184e+01
6.520000e-06	-4.049600e-06	-1.590114e-09	-2.809949e+01	-9.845275e+01
6.530000e-06	-4.081599e-06	-1.597990e-09	-2.832153e+01	-9.877497e+01
6.540000e-06	-4.113359e-06	-1.602508e-09	-2.854190e+01	-9.908864e+01
6.550000e-06	-4.144941e-06	-1.603935e-09	-2.876105e+01	-9.939394e+01
6.560000e-06	-4.176294e-06	-1.606441e-09	-2.897860e+01	-9.969101e+01
6.570000e-06	-4.207181e-06	-1.610514e-09	-2.919292e+01	-9.998004e+01
6.580000e-06	-4.237624e-06	-1.613681e-09	-2.940416e+01	-1.002612e+02
6.590000e-06	-4.267677e-06	-1.617171e-09	-2.961269e+01	-1.005347e+02
6.600000e-06	-4.297164e-06	-1.622083e-09	-2.981730e+01	-1.008007e+02
6.610000e-06	-4.326078e-06	-1.627481e-09	-3.001792e+01	-1.010595e+02
6.620000e-06	-4.354619e-06	-1.631876e-09	-3.021597e+01	-1.013112e+02
6.630000e-06	-4.382915e-06	-1.634208e-09	-3.041231e+01	-1.015562e+02
6.640000e-06	-4.411004e-06	-1.635011e-09	-3.060721e+01	-1.017945e+02
6.650000e-06	-4.438954e-06	-1.635026e-09	-3.080116e+01	-1.020265e+02
6.660000e-06	-4.466764e-06	-1.637173e-09	-3.099413e+01	-1.022523e+02
6.670000e-06	-4.494333e-06	-1.640504e-09	-3.118542e+01	-1.024723e+02
6.680000e-06	-4.521577e-06	-1.640857e-09	-3.137446e+01	-1.026865e+02
6.690000e-06	-4.548474e-06	-1.640754e-09	-3.156110e+01	-1.028954e+02
6.700000e-06	-4.575040e-06	-1.643472e-09	-3.174543e+01	-1.030990e+02
6.710000e-06	-4.601349e-06	-1.646710e-09	-3.192799e+01	-1.032976e+02
6.720000e-06	-4.627398e-06	-1.650047e-09	-3.210873e+01	-1.034913e+02
6.730000e-06	-4.653007e-06	-1.654302e-09	-3.228643e+01	-1.036804e+02
6.740000e-06	-4.678166e-06	-1.657731e-09	-3.246101e+01	-1.038650e+02
6.750000e-06	-4.702943e-06	-1.661466e-09	-3.263293e+01	-1.040453e+02
6.760000e-06	-4.727384e-06	-1.664314e-09	-3.280253e+01	-1.042213e+02
6.770000e-06	-4.751606e-06	-1.665681e-09	-3.297060e+01	-1.043932e+02
6.780000e-06	-4.775697e-06	-1.667819e-09	-3.313776e+01	-1.045611e+02
6.790000e-06	-4.799656e-06	-1.669313e-09	-3.330401e+01	-1.047250e+02
6.800000e-06	-4.823323e-06	-1.670029e-09	-3.346822e+01	-1.048849e+02
6.810000e-06	-4.846615e-06	-1.671079e-09	-3.362984e+01	-1.050409e+02
6.820000e-06	-4.869436e-06	-1.670506e-09	-3.378820e+01	-1.051930e+02
6.830000e-06	-4.891657e-06	-1.669536e-09	-3.394239e+01	-1.053411e+02
6.840000e-06	-4.913283e-06	-1.668078e-09	-3.409245e+01	-1.054851e+02
6.850000e-06	-4.934356e-06	-1.667244e-09	-3.423867e+01	-1.056251e+02
6.860000e-06	-4.954951e-06	-1.670018e-09	-3.438157e+01	-1.057610e+02
6.870000e-06	-4.975246e-06	-1.672949e-09	-3.452239e+01	-1.058925e+02
6.880000e-06	-4.995354e-06	-1.671908e-09	-3.466192e+01	-1.060197e+02
6.890000e-06	-5.015306e-06	-1.669976e-09	-3.480037e+01	-1.061423e+02
6.900000e-06	-5.035010e-06	-1.671376e-09	-3.493709e+01	-1.062603e+02
6.910000e-06	-5.054393e-06	-1.671862e-09	-3.507158e+01	-1.063735e+02
6.920000e-06	-5.073436e-06	-1.673092e-09	-3.520372e+01	-1.064818e+02
6.930000e-06	-5.092120e-06	-1.676947e-09	-3.533336e+01	-1.065849e+02
6.940000e-06	-5.110422e-06	-1.680156e-09	-3.546036e+01	-1.066829e+02
6.950000e-06	-5.128356e-06	-1.684681e-09	-3.558480e+01	-1.067755e+02
6.960000e-06	-5.146017e-06	-1.687106e-09	-3.570734e+01	-1.068626e+02
6.970000e-06	-5.163295e-06	-1.683997e-09	-3.582724e+01	-1.069441e+02
6.980000e-06	-5.180123e-06	-1.677483e-09	-3.594400e+01	-1.070199e+02
6.990000e-06	-5.196655e-06	-1.675517e-09	-3.605871e+01	-1.070899e+02
7.000000e-06	-5.212919e-06	-1.676406e-09	-3.617157e+01	-1.071542e+02
7.010000e-06	-5.228948e-06	-1.678613e-09	-3.628279e+01	-1.072125e+02
7.020000e-06	-5.244798e-06	-1.682888e-09	-3.639277e+01	-1.072650e+02
7.030000e-06	-5.260262e-06	-1.686099e-09	-3.650008e+01	-1.073116e+02
7.040000e-06	-5.275091e-06	-1.685395e-09	-3.660297e+01	-1.073524e+02
7.050000e-06	-5.289186e-06	-1.682236e-09	-3.670077e+01	-1.073874e+02
7.060000e-06	-5.302599e-06	-1.678760e-09	-3.679384e+01	-1.074168e+02
7.070000e-06	-5.315490e-06	-1.678101e-09	-3.688329e+01	-1.074407e+02
7.080000e-06	-5.327964e-06	-1.681117e-09	-3.696984e+01	-1.074593e+02
7.090000e-06	-5.340103e-06	-1.684800e-09	-3.705408e+01	-1.074728e+02
7.100000e-06	-5.351973e-06	-1.688709e-09	-3.713644e+01	-1.074813e+02
7.110000e-06	-5.363442e-06	-1.689853e-09	-3.721602e+01	-1.074852e+02
7.120000e-06	-5.374420e-06	-1.686245e-09	-3.729220e+01	-1.074847e+02
7.130000e-06	-5.384936e-06	-1.678678e-09	-3.736517e+01	-1.074802e+02
7.140000e-06	-5.395114e-06	-1.674110e-09	-3.743579e+01	-1.074719e+02
7.150000e-06	-5.405043e-06	-1.673278e-09	-3.750468e+01	-1.074602e+02
7.160000e-06	-5.414606e-06	-1.673906e-09	-3.757104e+01	-1.074454e+02
7.170000e-06	-5.423853e-06	-1.674630e-09	-3.763521e+01	-1.074280e+02
7.180000e-06	-5.432706e-06	-1.671065e-09	-3.769664e+01	-1.074084e+02
7.190000e-06	-5.441103e-06	-1.664927e-09	-3.775490e+01	-1.073868e+02
7.200000e-06	-5.449261e-06	-1.661395e-09	-3.781150e+01	-1.073637e+02
7.210000e-06	-5.457202e-06	-1.657819e-09	-3.786661e+01	-1.073396e+02
7.220000e-06	-5.464884e-06	-1.655418e-09	-3.791991e+01	-1.073147e+02
7.230000e-06	-5.472205e-06	-1.655025e-09	-3.797071e+01	-1.072894e+02
7.240000e-06	-5.479065e-06	-1.655753e-09	-3.801831e+01	-1.072641e+02
7.250000e-06	-5.485389e-06	-1.657178e-09	-3.806219e+01	-1.072392e+02
7.260000e-06	-5.491110e-06	-1.657445e-09	-3.810189e+01	-1.072149e+02
7.270000e-06	-5.496157e-06	-1.653885e-09	-3.813691e+01	-1.071915e+02
7.280000e-06	-5.500647e-06	-1.648319e-09	-3.816807e+01	-1.071693e+02
7.290000e-06	-5.504827e-06	-1.644340e-09	-3.819707e+01	-1.071486e+02
7.300000e-06	-5.508800e-06	-1.643116e-09	-3.822464e+01	-1.071294e+02
7.310000e-06	-5.512587e-06	-1.640917e-09	-3.825091e+01	-1.071120e+02
7.320000e-06	-5.516095e-06	-1.638107e-09	-3.827526e+01	-1.070964e+02
7.330000e-06	-5.519203e-06	-1.637293e-09	-3.829682e+01	-1.070828e+02
7.340000e-06	-5.521865e-06	-1.635398e-09	-3.831529e+01	-1.070711e+02
7.350000e-06	-5.524134e-06	-1.633684e-09	-3.833103e+01	-1.070614e+02
7.360000e-06	-5.526115e-06	-1.633474e-09	-3.834478e+01	-1.070536e+02
7.370000e-06	-5.527755e-06	-1.631488e-09	-3.835616e+01	-1.070475e+02
7.380000e-06	-5.529005e-06	-1.627457e-09	-3.836484e+01	-1.070430e+02
7.390000e-06	-5.529847e-06	-1.623090e-09	-3.837068e+01	-1.070399e+02
7.400000e-06	-5.530279e-06	-1.618126e-09	-3.837367e+01	-1.070381e+02
