# Temperatura_=_-8.95
# Concentracion g/m^3_=_1620.0
# C_Vs_to_Am_M_A/Vsm_=_65563218390.804596
# pendiente_HvsI_1/m_=_3716.3
# ordenada_HvsI_A/m_=_1297.0
# frecuencia_Hz_=_135105.50237849422

Tiempo_(s)	Campo_(V.s)	Magnetizacion_(V.s)	Campo_(kA/m)	Magnetizacion_(A/m)
0.000000e+00	-5.523082e-06	-1.195530e-09	-3.837049e+01	-7.816462e+01
1.000000e-08	-5.523170e-06	-1.193119e-09	-3.837110e+01	-7.814155e+01
2.000000e-08	-5.522928e-06	-1.190389e-09	-3.836941e+01	-7.812055e+01
3.000000e-08	-5.522320e-06	-1.188571e-09	-3.836519e+01	-7.810135e+01
4.000000e-08	-5.521262e-06	-1.188903e-09	-3.835784e+01	-7.808367e+01
5.000000e-08	-5.519633e-06	-1.192033e-09	-3.834653e+01	-7.806721e+01
6.000000e-08	-5.517325e-06	-1.209489e-09	-3.833049e+01	-7.805163e+01
7.000000e-08	-5.514451e-06	-1.213492e-09	-3.831052e+01	-7.803658e+01
8.000000e-08	-5.511143e-06	-1.155882e-09	-3.828754e+01	-7.802169e+01
9.000000e-08	-5.507413e-06	-1.092236e-09	-3.826163e+01	-7.800657e+01
1.000000e-07	-5.503302e-06	-1.152257e-09	-3.823307e+01	-7.799084e+01
1.100000e-07	-5.498904e-06	-1.240169e-09	-3.820251e+01	-7.797407e+01
1.200000e-07	-5.494173e-06	-1.208560e-09	-3.816964e+01	-7.795589e+01
1.300000e-07	-5.489125e-06	-1.109136e-09	-3.813457e+01	-7.793587e+01
1.400000e-07	-5.483796e-06	-1.148901e-09	-3.809756e+01	-7.791364e+01
1.500000e-07	-5.478035e-06	-1.238398e-09	-3.805753e+01	-7.788881e+01
1.600000e-07	-5.471870e-06	-1.202705e-09	-3.801470e+01	-7.786101e+01
1.700000e-07	-5.465356e-06	-1.082560e-09	-3.796944e+01	-7.782989e+01
1.800000e-07	-5.458490e-06	-1.120781e-09	-3.792175e+01	-7.779513e+01
1.900000e-07	-5.451225e-06	-1.221633e-09	-3.787127e+01	-7.775643e+01
2.000000e-07	-5.443601e-06	-1.233678e-09	-3.781831e+01	-7.771352e+01
2.100000e-07	-5.435796e-06	-1.165159e-09	-3.776409e+01	-7.766616e+01
2.200000e-07	-5.427706e-06	-1.167150e-09	-3.770788e+01	-7.761415e+01
2.300000e-07	-5.419150e-06	-1.203056e-09	-3.764844e+01	-7.755733e+01
2.400000e-07	-5.410168e-06	-1.190198e-09	-3.758604e+01	-7.749557e+01
2.500000e-07	-5.400663e-06	-1.157115e-09	-3.752000e+01	-7.742878e+01
2.600000e-07	-5.390454e-06	-1.159502e-09	-3.744908e+01	-7.735692e+01
2.700000e-07	-5.379579e-06	-1.196612e-09	-3.737353e+01	-7.727999e+01
2.800000e-07	-5.368222e-06	-1.184055e-09	-3.729463e+01	-7.719802e+01
2.900000e-07	-5.356441e-06	-1.152534e-09	-3.721278e+01	-7.711110e+01
3.000000e-07	-5.344233e-06	-1.136375e-09	-3.712797e+01	-7.701934e+01
3.100000e-07	-5.331670e-06	-1.179528e-09	-3.704069e+01	-7.692290e+01
3.200000e-07	-5.318785e-06	-1.180463e-09	-3.695117e+01	-7.682198e+01
3.300000e-07	-5.305532e-06	-1.156221e-09	-3.685910e+01	-7.671680e+01
3.400000e-07	-5.291871e-06	-1.149960e-09	-3.676419e+01	-7.660764e+01
3.500000e-07	-5.277814e-06	-1.197375e-09	-3.666654e+01	-7.649478e+01
3.600000e-07	-5.263244e-06	-1.169318e-09	-3.656531e+01	-7.637853e+01
3.700000e-07	-5.248100e-06	-1.133159e-09	-3.646011e+01	-7.625924e+01
3.800000e-07	-5.232533e-06	-1.157516e-09	-3.635195e+01	-7.613727e+01
3.900000e-07	-5.216585e-06	-1.181392e-09	-3.624116e+01	-7.601300e+01
4.000000e-07	-5.200094e-06	-1.118767e-09	-3.612659e+01	-7.588680e+01
4.100000e-07	-5.183205e-06	-1.130999e-09	-3.600926e+01	-7.575906e+01
4.200000e-07	-5.166077e-06	-1.197592e-09	-3.589027e+01	-7.563019e+01
4.300000e-07	-5.148585e-06	-1.155915e-09	-3.576874e+01	-7.550057e+01
4.400000e-07	-5.130709e-06	-1.094437e-09	-3.564455e+01	-7.537058e+01
4.500000e-07	-5.112387e-06	-1.160691e-09	-3.551727e+01	-7.524061e+01
4.600000e-07	-5.093618e-06	-1.183313e-09	-3.538687e+01	-7.511101e+01
4.700000e-07	-5.074503e-06	-1.101710e-09	-3.525407e+01	-7.498213e+01
4.800000e-07	-5.055144e-06	-1.113592e-09	-3.511958e+01	-7.485429e+01
4.900000e-07	-5.035638e-06	-1.170828e-09	-3.498407e+01	-7.472779e+01
5.000000e-07	-5.015906e-06	-1.122466e-09	-3.484699e+01	-7.460289e+01
5.100000e-07	-4.995868e-06	-1.104652e-09	-3.470778e+01	-7.447984e+01
5.200000e-07	-4.975544e-06	-1.173406e-09	-3.456657e+01	-7.435884e+01
5.300000e-07	-4.954927e-06	-1.140166e-09	-3.442335e+01	-7.424006e+01
5.400000e-07	-4.933958e-06	-1.076449e-09	-3.427767e+01	-7.412364e+01
5.500000e-07	-4.912575e-06	-1.128420e-09	-3.412911e+01	-7.400968e+01
5.600000e-07	-4.890784e-06	-1.156635e-09	-3.397773e+01	-7.389824e+01
5.700000e-07	-4.868596e-06	-1.087756e-09	-3.382358e+01	-7.378934e+01
5.800000e-07	-4.845997e-06	-1.102293e-09	-3.366657e+01	-7.368297e+01
5.900000e-07	-4.823117e-06	-1.149559e-09	-3.350763e+01	-7.357908e+01
6.000000e-07	-4.799989e-06	-1.110114e-09	-3.334694e+01	-7.347758e+01
6.100000e-07	-4.776579e-06	-1.084130e-09	-3.318431e+01	-7.337835e+01
6.200000e-07	-4.752977e-06	-1.125237e-09	-3.302034e+01	-7.328124e+01
6.300000e-07	-4.729164e-06	-1.110430e-09	-3.285490e+01	-7.318606e+01
6.400000e-07	-4.705110e-06	-1.082893e-09	-3.268779e+01	-7.309260e+01
6.500000e-07	-4.680684e-06	-1.105766e-09	-3.251810e+01	-7.300063e+01
6.600000e-07	-4.655690e-06	-1.117702e-09	-3.234446e+01	-7.290988e+01
6.700000e-07	-4.630056e-06	-1.094559e-09	-3.216637e+01	-7.282008e+01
6.800000e-07	-4.603853e-06	-1.106147e-09	-3.198433e+01	-7.273093e+01
6.900000e-07	-4.577244e-06	-1.116134e-09	-3.179947e+01	-7.264214e+01
7.000000e-07	-4.550274e-06	-1.097647e-09	-3.161210e+01	-7.255338e+01
7.100000e-07	-4.522965e-06	-1.090908e-09	-3.142238e+01	-7.246435e+01
7.200000e-07	-4.495430e-06	-1.103588e-09	-3.123108e+01	-7.237473e+01
7.300000e-07	-4.467726e-06	-1.095600e-09	-3.103861e+01	-7.228420e+01
7.400000e-07	-4.439828e-06	-1.086976e-09	-3.084480e+01	-7.219245e+01
7.500000e-07	-4.411679e-06	-1.092719e-09	-3.064924e+01	-7.209920e+01
7.600000e-07	-4.383241e-06	-1.093401e-09	-3.045167e+01	-7.200414e+01
7.700000e-07	-4.354559e-06	-1.087545e-09	-3.025241e+01	-7.190703e+01
7.800000e-07	-4.325532e-06	-1.087377e-09	-3.005075e+01	-7.180760e+01
7.900000e-07	-4.296051e-06	-1.081822e-09	-2.984594e+01	-7.170563e+01
8.000000e-07	-4.266252e-06	-1.070964e-09	-2.963891e+01	-7.160091e+01
8.100000e-07	-4.236226e-06	-1.070290e-09	-2.943032e+01	-7.149327e+01
8.200000e-07	-4.205933e-06	-1.067443e-09	-2.921986e+01	-7.138255e+01
8.300000e-07	-4.175328e-06	-1.059362e-09	-2.900724e+01	-7.126862e+01
8.400000e-07	-4.144398e-06	-1.061245e-09	-2.879236e+01	-7.115140e+01
8.500000e-07	-4.113197e-06	-1.071877e-09	-2.857560e+01	-7.103081e+01
8.600000e-07	-4.081833e-06	-1.065759e-09	-2.835770e+01	-7.090680e+01
8.700000e-07	-4.050309e-06	-1.056017e-09	-2.813870e+01	-7.077938e+01
8.800000e-07	-4.018565e-06	-1.050570e-09	-2.791816e+01	-7.064856e+01
8.900000e-07	-3.986577e-06	-1.042145e-09	-2.769593e+01	-7.051438e+01
9.000000e-07	-3.954371e-06	-1.033426e-09	-2.747219e+01	-7.037689e+01
9.100000e-07	-3.921860e-06	-1.042057e-09	-2.724632e+01	-7.023621e+01
9.200000e-07	-3.888875e-06	-1.045984e-09	-2.701716e+01	-7.009242e+01
9.300000e-07	-3.855439e-06	-1.041353e-09	-2.678488e+01	-6.994566e+01
9.400000e-07	-3.821696e-06	-1.041787e-09	-2.655045e+01	-6.979608e+01
9.500000e-07	-3.787559e-06	-1.044882e-09	-2.631329e+01	-6.964383e+01
9.600000e-07	-3.752916e-06	-1.033339e-09	-2.607262e+01	-6.948907e+01
9.700000e-07	-3.717887e-06	-1.025284e-09	-2.582926e+01	-6.933198e+01
9.800000e-07	-3.682553e-06	-1.026336e-09	-2.558379e+01	-6.917274e+01
9.900000e-07	-3.647004e-06	-1.023447e-09	-2.533681e+01	-6.901151e+01
1.000000e-06	-3.611294e-06	-1.016210e-09	-2.508873e+01	-6.884848e+01
1.010000e-06	-3.575430e-06	-1.018935e-09	-2.483957e+01	-6.868381e+01
1.020000e-06	-3.539468e-06	-1.020376e-09	-2.458973e+01	-6.851766e+01
1.030000e-06	-3.503380e-06	-1.014209e-09	-2.433902e+01	-6.835018e+01
1.040000e-06	-3.467079e-06	-1.011049e-09	-2.408683e+01	-6.818150e+01
1.050000e-06	-3.430470e-06	-1.009395e-09	-2.383249e+01	-6.801173e+01
1.060000e-06	-3.393505e-06	-1.002445e-09	-2.357569e+01	-6.784098e+01
1.070000e-06	-3.356246e-06	-9.983419e-10	-2.331683e+01	-6.766932e+01
1.080000e-06	-3.318807e-06	-9.986894e-10	-2.305673e+01	-6.749680e+01
1.090000e-06	-3.281177e-06	-9.959076e-10	-2.279531e+01	-6.732346e+01
1.100000e-06	-3.243307e-06	-9.929239e-10	-2.253221e+01	-6.714928e+01
1.110000e-06	-3.205242e-06	-9.908780e-10	-2.226777e+01	-6.697425e+01
1.120000e-06	-3.166898e-06	-9.861538e-10	-2.200138e+01	-6.679831e+01
1.130000e-06	-3.128254e-06	-9.769372e-10	-2.173291e+01	-6.662139e+01
1.140000e-06	-3.089462e-06	-9.723805e-10	-2.146340e+01	-6.644338e+01
1.150000e-06	-3.050555e-06	-9.715259e-10	-2.119311e+01	-6.626415e+01
1.160000e-06	-3.011425e-06	-9.669274e-10	-2.092126e+01	-6.608354e+01
1.170000e-06	-2.972038e-06	-9.609062e-10	-2.064763e+01	-6.590136e+01
1.180000e-06	-2.932446e-06	-9.602125e-10	-2.037257e+01	-6.571741e+01
1.190000e-06	-2.892708e-06	-9.577528e-10	-2.009650e+01	-6.553145e+01
1.200000e-06	-2.852923e-06	-9.548830e-10	-1.982010e+01	-6.534324e+01
1.210000e-06	-2.813074e-06	-9.533240e-10	-1.954326e+01	-6.515251e+01
1.220000e-06	-2.773130e-06	-9.491821e-10	-1.926575e+01	-6.495896e+01
1.230000e-06	-2.733001e-06	-9.427527e-10	-1.898696e+01	-6.476230e+01
1.240000e-06	-2.692642e-06	-9.401610e-10	-1.870658e+01	-6.456222e+01
1.250000e-06	-2.651982e-06	-9.397035e-10	-1.842411e+01	-6.435840e+01
1.260000e-06	-2.610949e-06	-9.392861e-10	-1.813904e+01	-6.415049e+01
1.270000e-06	-2.569738e-06	-9.360358e-10	-1.785273e+01	-6.393816e+01
1.280000e-06	-2.528312e-06	-9.336090e-10	-1.756493e+01	-6.372108e+01
1.290000e-06	-2.486546e-06	-9.275625e-10	-1.727477e+01	-6.349889e+01
1.300000e-06	-2.444441e-06	-9.186467e-10	-1.698226e+01	-6.327126e+01
1.310000e-06	-2.401997e-06	-9.113649e-10	-1.668738e+01	-6.303784e+01
1.320000e-06	-2.359304e-06	-9.070233e-10	-1.639078e+01	-6.279830e+01
1.330000e-06	-2.316406e-06	-9.019961e-10	-1.609276e+01	-6.255230e+01
1.340000e-06	-2.273298e-06	-8.992591e-10	-1.579327e+01	-6.229950e+01
1.350000e-06	-2.229983e-06	-9.012958e-10	-1.549235e+01	-6.203959e+01
1.360000e-06	-2.186547e-06	-9.020216e-10	-1.519059e+01	-6.177223e+01
1.370000e-06	-2.143042e-06	-8.977283e-10	-1.488835e+01	-6.149713e+01
1.380000e-06	-2.099423e-06	-8.900292e-10	-1.458531e+01	-6.121397e+01
1.390000e-06	-2.055727e-06	-8.805394e-10	-1.428175e+01	-6.092244e+01
1.400000e-06	-2.011991e-06	-8.714938e-10	-1.397789e+01	-6.062225e+01
1.410000e-06	-1.968173e-06	-8.665728e-10	-1.367348e+01	-6.031310e+01
1.420000e-06	-1.924242e-06	-8.631538e-10	-1.336828e+01	-5.999467e+01
1.430000e-06	-1.880202e-06	-8.586558e-10	-1.306232e+01	-5.966669e+01
1.440000e-06	-1.836091e-06	-8.521507e-10	-1.275587e+01	-5.932884e+01
1.450000e-06	-1.791943e-06	-8.451070e-10	-1.244916e+01	-5.898081e+01
1.460000e-06	-1.747603e-06	-8.347657e-10	-1.214112e+01	-5.862228e+01
1.470000e-06	-1.703058e-06	-8.216406e-10	-1.183165e+01	-5.825293e+01
1.480000e-06	-1.658449e-06	-8.102845e-10	-1.152174e+01	-5.787241e+01
1.490000e-06	-1.613736e-06	-8.029232e-10	-1.121110e+01	-5.748037e+01
1.500000e-06	-1.568881e-06	-7.968035e-10	-1.089948e+01	-5.707643e+01
1.510000e-06	-1.523881e-06	-7.924280e-10	-1.058685e+01	-5.666018e+01
1.520000e-06	-1.478636e-06	-7.878484e-10	-1.027252e+01	-5.623121e+01
1.530000e-06	-1.433290e-06	-7.804835e-10	-9.957491e+00	-5.578906e+01
1.540000e-06	-1.387919e-06	-7.684947e-10	-9.642282e+00	-5.533325e+01
1.550000e-06	-1.342450e-06	-7.565568e-10	-9.326395e+00	-5.486328e+01
1.560000e-06	-1.296931e-06	-7.482944e-10	-9.010164e+00	-5.437858e+01
1.570000e-06	-1.251278e-06	-7.423979e-10	-8.692995e+00	-5.387860e+01
1.580000e-06	-1.205492e-06	-7.366108e-10	-8.374910e+00	-5.336271e+01
1.590000e-06	-1.159745e-06	-7.295140e-10	-8.057090e+00	-5.283027e+01
1.600000e-06	-1.114001e-06	-7.202377e-10	-7.739297e+00	-5.228059e+01
1.610000e-06	-1.068105e-06	-7.104044e-10	-7.420443e+00	-5.171294e+01
1.620000e-06	-1.022080e-06	-7.001679e-10	-7.100695e+00	-5.112658e+01
1.630000e-06	-9.759509e-07	-6.904174e-10	-6.780220e+00	-5.052072e+01
1.640000e-06	-9.297027e-07	-6.813925e-10	-6.458920e+00	-4.989453e+01
1.650000e-06	-8.833802e-07	-6.730071e-10	-6.137104e+00	-4.924718e+01
1.660000e-06	-8.370727e-07	-6.640681e-10	-5.815392e+00	-4.857778e+01
1.670000e-06	-7.907539e-07	-6.528599e-10	-5.493601e+00	-4.788546e+01
1.680000e-06	-7.443753e-07	-6.404999e-10	-5.171395e+00	-4.716929e+01
1.690000e-06	-6.979483e-07	-6.260942e-10	-4.848853e+00	-4.642835e+01
1.700000e-06	-6.513540e-07	-6.108259e-10	-4.525149e+00	-4.566173e+01
1.710000e-06	-6.047099e-07	-5.999386e-10	-4.201098e+00	-4.486848e+01
1.720000e-06	-5.581235e-07	-5.920313e-10	-3.877449e+00	-4.404769e+01
1.730000e-06	-5.114263e-07	-5.813945e-10	-3.553030e+00	-4.319844e+01
1.740000e-06	-4.647245e-07	-5.670179e-10	-3.228579e+00	-4.231985e+01
1.750000e-06	-4.180221e-07	-5.496504e-10	-2.904123e+00	-4.141106e+01
1.760000e-06	-3.711968e-07	-5.310646e-10	-2.578814e+00	-4.047123e+01
1.770000e-06	-3.243804e-07	-5.133047e-10	-2.253567e+00	-3.949958e+01
1.780000e-06	-2.776204e-07	-4.987624e-10	-1.928711e+00	-3.849538e+01
1.790000e-06	-2.308621e-07	-4.850898e-10	-1.603867e+00	-3.745794e+01
1.800000e-06	-1.840942e-07	-4.725558e-10	-1.278957e+00	-3.638666e+01
1.810000e-06	-1.372979e-07	-4.581916e-10	-9.538494e-01	-3.528101e+01
1.820000e-06	-9.051841e-08	-4.425155e-10	-6.288582e-01	-3.414053e+01
1.830000e-06	-4.371286e-08	-4.261871e-10	-3.036861e-01	-3.296486e+01
1.840000e-06	3.176363e-09	-4.095128e-10	2.206713e-02	-3.175374e+01
1.850000e-06	5.009137e-08	-3.937525e-10	3.479996e-01	-3.050699e+01
1.860000e-06	9.695061e-08	-3.765090e-10	6.735446e-01	-2.922458e+01
1.870000e-06	1.437843e-07	-3.570650e-10	9.989123e-01	-2.790655e+01
1.880000e-06	1.906147e-07	-3.352686e-10	1.324257e+00	-2.655309e+01
1.890000e-06	2.374233e-07	-3.120071e-10	1.649450e+00	-2.516451e+01
1.900000e-06	2.842081e-07	-2.887488e-10	1.974478e+00	-2.374124e+01
1.910000e-06	3.309944e-07	-2.673835e-10	2.299516e+00	-2.228384e+01
1.920000e-06	3.778533e-07	-2.456945e-10	2.625058e+00	-2.079302e+01
1.930000e-06	4.246506e-07	-2.247728e-10	2.950173e+00	-1.926961e+01
1.940000e-06	4.713060e-07	-2.042431e-10	3.274302e+00	-1.771456e+01
1.950000e-06	5.178921e-07	-1.823144e-10	3.597950e+00	-1.612898e+01
1.960000e-06	5.644776e-07	-1.595514e-10	3.921593e+00	-1.451409e+01
1.970000e-06	6.110651e-07	-1.366209e-10	4.245250e+00	-1.287126e+01
1.980000e-06	6.575872e-07	-1.148193e-10	4.568453e+00	-1.120196e+01
1.990000e-06	7.040287e-07	-9.124297e-11	4.891096e+00	-9.507805e+00
2.000000e-06	7.503762e-07	-6.511221e-11	5.213086e+00	-7.790505e+00
2.010000e-06	7.966536e-07	-4.067985e-11	5.534589e+00	-6.051890e+00
2.020000e-06	8.428375e-07	-1.720880e-11	5.855441e+00	-4.293890e+00
2.030000e-06	8.889112e-07	6.420570e-12	6.175529e+00	-2.518526e+00
2.040000e-06	9.350134e-07	2.956820e-11	6.495815e+00	-7.279095e-01
2.050000e-06	9.811223e-07	5.411312e-11	6.816147e+00	1.075776e+00
2.060000e-06	1.027104e-06	8.066747e-11	7.135595e+00	2.890279e+00
2.070000e-06	1.073041e-06	1.067473e-10	7.454731e+00	4.713292e+00
2.080000e-06	1.118957e-06	1.315091e-10	7.773725e+00	6.542463e+00
2.090000e-06	1.164851e-06	1.578182e-10	8.092563e+00	8.375406e+00
2.100000e-06	1.210696e-06	1.862377e-10	8.411066e+00	1.020971e+01
2.110000e-06	1.256356e-06	2.138302e-10	8.728275e+00	1.204296e+01
2.120000e-06	1.301904e-06	2.403623e-10	9.044716e+00	1.387273e+01
2.130000e-06	1.347350e-06	2.663551e-10	9.360442e+00	1.569662e+01
2.140000e-06	1.392761e-06	2.878095e-10	9.675925e+00	1.751225e+01
2.150000e-06	1.438122e-06	3.087915e-10	9.991061e+00	1.931726e+01
2.160000e-06	1.483293e-06	3.309873e-10	1.030487e+01	2.110937e+01
2.170000e-06	1.528289e-06	3.555935e-10	1.061748e+01	2.288632e+01
2.180000e-06	1.573167e-06	3.810414e-10	1.092926e+01	2.464596e+01
2.190000e-06	1.618055e-06	4.063663e-10	1.124110e+01	2.638617e+01
2.200000e-06	1.662798e-06	4.328872e-10	1.155195e+01	2.810495e+01
2.210000e-06	1.707255e-06	4.578340e-10	1.186081e+01	2.980040e+01
2.220000e-06	1.751519e-06	4.836386e-10	1.216832e+01	3.147071e+01
2.230000e-06	1.795695e-06	5.075525e-10	1.247522e+01	3.311417e+01
2.240000e-06	1.839825e-06	5.271701e-10	1.278181e+01	3.472921e+01
2.250000e-06	1.883856e-06	5.433306e-10	1.308771e+01	3.631437e+01
2.260000e-06	1.927775e-06	5.604709e-10	1.339282e+01	3.786833e+01
2.270000e-06	1.971628e-06	5.799411e-10	1.369748e+01	3.938988e+01
2.280000e-06	2.015436e-06	6.012978e-10	1.400183e+01	4.087797e+01
2.290000e-06	2.059189e-06	6.216715e-10	1.430580e+01	4.233165e+01
2.300000e-06	2.102894e-06	6.409318e-10	1.460942e+01	4.375015e+01
2.310000e-06	2.146522e-06	6.602421e-10	1.491252e+01	4.513279e+01
2.320000e-06	2.190035e-06	6.774258e-10	1.521482e+01	4.647907e+01
2.330000e-06	2.233397e-06	6.927675e-10	1.551607e+01	4.778858e+01
2.340000e-06	2.276621e-06	7.094334e-10	1.581636e+01	4.906106e+01
2.350000e-06	2.319633e-06	7.275965e-10	1.611518e+01	5.029639e+01
2.360000e-06	2.362382e-06	7.454005e-10	1.641216e+01	5.149454e+01
2.370000e-06	2.404904e-06	7.617202e-10	1.670758e+01	5.265562e+01
2.380000e-06	2.447115e-06	7.771846e-10	1.700083e+01	5.377985e+01
2.390000e-06	2.489096e-06	7.925248e-10	1.729248e+01	5.486753e+01
2.400000e-06	2.530824e-06	8.074065e-10	1.758239e+01	5.591909e+01
2.410000e-06	2.572175e-06	8.218293e-10	1.786966e+01	5.693503e+01
2.420000e-06	2.613254e-06	8.335772e-10	1.815505e+01	5.791594e+01
2.430000e-06	2.654093e-06	8.430215e-10	1.843877e+01	5.886247e+01
2.440000e-06	2.694650e-06	8.522328e-10	1.872053e+01	5.977535e+01
2.450000e-06	2.734984e-06	8.634276e-10	1.900074e+01	6.065537e+01
2.460000e-06	2.775188e-06	8.749902e-10	1.928005e+01	6.150336e+01
2.470000e-06	2.815202e-06	8.846296e-10	1.955804e+01	6.232019e+01
2.480000e-06	2.854977e-06	8.931095e-10	1.983437e+01	6.310677e+01
2.490000e-06	2.894634e-06	9.036521e-10	2.010988e+01	6.386403e+01
2.500000e-06	2.934229e-06	9.151383e-10	2.038495e+01	6.459291e+01
2.510000e-06	2.973650e-06	9.254400e-10	2.065882e+01	6.529439e+01
2.520000e-06	3.012903e-06	9.336180e-10	2.093153e+01	6.596940e+01
2.530000e-06	3.051941e-06	9.404031e-10	2.120274e+01	6.661892e+01
2.540000e-06	3.090672e-06	9.487102e-10	2.147182e+01	6.724388e+01
2.550000e-06	3.129196e-06	9.586435e-10	2.173945e+01	6.784521e+01
2.560000e-06	3.167566e-06	9.676857e-10	2.200602e+01	6.842382e+01
2.570000e-06	3.205741e-06	9.748008e-10	2.227123e+01	6.898058e+01
2.580000e-06	3.243713e-06	9.799669e-10	2.253503e+01	6.951635e+01
2.590000e-06	3.281489e-06	9.851855e-10	2.279747e+01	7.003194e+01
2.600000e-06	3.318984e-06	9.913627e-10	2.305797e+01	7.052814e+01
2.610000e-06	3.356241e-06	9.983191e-10	2.331680e+01	7.100567e+01
2.620000e-06	3.393224e-06	1.004180e-09	2.357373e+01	7.146526e+01
2.630000e-06	3.429930e-06	1.010829e-09	2.382874e+01	7.190755e+01
2.640000e-06	3.466430e-06	1.019063e-09	2.408232e+01	7.233317e+01
2.650000e-06	3.502741e-06	1.025913e-09	2.433458e+01	7.274270e+01
2.660000e-06	3.538872e-06	1.030550e-09	2.458559e+01	7.313667e+01
2.670000e-06	3.574809e-06	1.034029e-09	2.483526e+01	7.351559e+01
2.680000e-06	3.610588e-06	1.036967e-09	2.508382e+01	7.387993e+01
2.690000e-06	3.646238e-06	1.039783e-09	2.533150e+01	7.423010e+01
2.700000e-06	3.681784e-06	1.045641e-09	2.557844e+01	7.456650e+01
2.710000e-06	3.717154e-06	1.053098e-09	2.582417e+01	7.488951e+01
2.720000e-06	3.752243e-06	1.060731e-09	2.606794e+01	7.519945e+01
2.730000e-06	3.786980e-06	1.067134e-09	2.630927e+01	7.549664e+01
2.740000e-06	3.821230e-06	1.071373e-09	2.654721e+01	7.578138e+01
2.750000e-06	3.855014e-06	1.072887e-09	2.678192e+01	7.605394e+01
2.760000e-06	3.888367e-06	1.074241e-09	2.701363e+01	7.631459e+01
2.770000e-06	3.921224e-06	1.076791e-09	2.724191e+01	7.656356e+01
2.780000e-06	3.953702e-06	1.081314e-09	2.746754e+01	7.680111e+01
2.790000e-06	3.985890e-06	1.088880e-09	2.769116e+01	7.702748e+01
2.800000e-06	4.017887e-06	1.095856e-09	2.791345e+01	7.724290e+01
2.810000e-06	4.049743e-06	1.098078e-09	2.813477e+01	7.744760e+01
2.820000e-06	4.081368e-06	1.099681e-09	2.835447e+01	7.764183e+01
2.830000e-06	4.112738e-06	1.103007e-09	2.857241e+01	7.782584e+01
2.840000e-06	4.143835e-06	1.106364e-09	2.878845e+01	7.799988e+01
2.850000e-06	4.174626e-06	1.108919e-09	2.900237e+01	7.816421e+01
2.860000e-06	4.205161e-06	1.112561e-09	2.921450e+01	7.831911e+01
2.870000e-06	4.235441e-06	1.117250e-09	2.942486e+01	7.846486e+01
2.880000e-06	4.265341e-06	1.120652e-09	2.963259e+01	7.860175e+01
2.890000e-06	4.294891e-06	1.124599e-09	2.983788e+01	7.873010e+01
2.900000e-06	4.324242e-06	1.125457e-09	3.004179e+01	7.885022e+01
2.910000e-06	4.353373e-06	1.126467e-09	3.024417e+01	7.896244e+01
2.920000e-06	4.382197e-06	1.130420e-09	3.044442e+01	7.906710e+01
2.930000e-06	4.410654e-06	1.133484e-09	3.064212e+01	7.916454e+01
2.940000e-06	4.438783e-06	1.132813e-09	3.083754e+01	7.925513e+01
2.950000e-06	4.466772e-06	1.130862e-09	3.103199e+01	7.933922e+01
2.960000e-06	4.494628e-06	1.131956e-09	3.122551e+01	7.941718e+01
2.970000e-06	4.522279e-06	1.135143e-09	3.141761e+01	7.948936e+01
2.980000e-06	4.549742e-06	1.139445e-09	3.160841e+01	7.955614e+01
2.990000e-06	4.576822e-06	1.143754e-09	3.179654e+01	7.961786e+01
3.000000e-06	4.603408e-06	1.147011e-09	3.198124e+01	7.967490e+01
3.010000e-06	4.629523e-06	1.148848e-09	3.216267e+01	7.972758e+01
3.020000e-06	4.655066e-06	1.149244e-09	3.234012e+01	7.977625e+01
3.030000e-06	4.680127e-06	1.150526e-09	3.251423e+01	7.982122e+01
3.040000e-06	4.704773e-06	1.151793e-09	3.268545e+01	7.986280e+01
3.050000e-06	4.729001e-06	1.155134e-09	3.285377e+01	7.990127e+01
3.060000e-06	4.752929e-06	1.158791e-09	3.302001e+01	7.993690e+01
3.070000e-06	4.776504e-06	1.158625e-09	3.318379e+01	7.996994e+01
3.080000e-06	4.799747e-06	1.156549e-09	3.334527e+01	8.000060e+01
3.090000e-06	4.822724e-06	1.154102e-09	3.350489e+01	8.002908e+01
3.100000e-06	4.845455e-06	1.154857e-09	3.366281e+01	8.005555e+01
3.110000e-06	4.867906e-06	1.157642e-09	3.381878e+01	8.008015e+01
3.120000e-06	4.890010e-06	1.162418e-09	3.397235e+01	8.010300e+01
3.130000e-06	4.911767e-06	1.169754e-09	3.412350e+01	8.012419e+01
3.140000e-06	4.933171e-06	1.175473e-09	3.427220e+01	8.014377e+01
3.150000e-06	4.954232e-06	1.177993e-09	3.441852e+01	8.016178e+01
3.160000e-06	4.974954e-06	1.179404e-09	3.456248e+01	8.017823e+01
3.170000e-06	4.995384e-06	1.179966e-09	3.470441e+01	8.019312e+01
3.180000e-06	5.015495e-06	1.179936e-09	3.484413e+01	8.020639e+01
3.190000e-06	5.035328e-06	1.180463e-09	3.498191e+01	8.021799e+01
3.200000e-06	5.054959e-06	1.182365e-09	3.511830e+01	8.022785e+01
3.210000e-06	5.074322e-06	1.186837e-09	3.525281e+01	8.023588e+01
3.220000e-06	5.093393e-06	1.190400e-09	3.538531e+01	8.024196e+01
3.230000e-06	5.112083e-06	1.191330e-09	3.551516e+01	8.024598e+01
3.240000e-06	5.130318e-06	1.189853e-09	3.564184e+01	8.024782e+01
3.250000e-06	5.148166e-06	1.189603e-09	3.576583e+01	8.024734e+01
3.260000e-06	5.165620e-06	1.189930e-09	3.588709e+01	8.024442e+01
3.270000e-06	5.182565e-06	1.189513e-09	3.600481e+01	8.023892e+01
3.280000e-06	5.199161e-06	1.190965e-09	3.612011e+01	8.023072e+01
3.290000e-06	5.215551e-06	1.193912e-09	3.623398e+01	8.021970e+01
3.300000e-06	5.231554e-06	1.197536e-09	3.634515e+01	8.020575e+01
3.310000e-06	5.247047e-06	1.201166e-09	3.645279e+01	8.018878e+01
3.320000e-06	5.262071e-06	1.203066e-09	3.655717e+01	8.016870e+01
3.330000e-06	5.276696e-06	1.203368e-09	3.665877e+01	8.014546e+01
3.340000e-06	5.290872e-06	1.202008e-09	3.675726e+01	8.011902e+01
3.350000e-06	5.304731e-06	1.199562e-09	3.685353e+01	8.008936e+01
3.360000e-06	5.318325e-06	1.198442e-09	3.694798e+01	8.005649e+01
3.370000e-06	5.331488e-06	1.198617e-09	3.703943e+01	8.002043e+01
3.380000e-06	5.344255e-06	1.198771e-09	3.712812e+01	7.998124e+01
3.390000e-06	5.356661e-06	1.199093e-09	3.721431e+01	7.993902e+01
3.400000e-06	5.368677e-06	1.202432e-09	3.729779e+01	7.989387e+01
3.410000e-06	5.380355e-06	1.205163e-09	3.737892e+01	7.984593e+01
3.420000e-06	5.391565e-06	1.205388e-09	3.745680e+01	7.979535e+01
3.430000e-06	5.402227e-06	1.205933e-09	3.753087e+01	7.974235e+01
3.440000e-06	5.412418e-06	1.206866e-09	3.760167e+01	7.968711e+01
3.450000e-06	5.421989e-06	1.207390e-09	3.766817e+01	7.962989e+01
3.460000e-06	5.430928e-06	1.208959e-09	3.773027e+01	7.957093e+01
3.470000e-06	5.439427e-06	1.212178e-09	3.778931e+01	7.951050e+01
3.480000e-06	5.447563e-06	1.215468e-09	3.784583e+01	7.944891e+01
3.490000e-06	5.455359e-06	1.216896e-09	3.790000e+01	7.938643e+01
3.500000e-06	5.462868e-06	1.217253e-09	3.795216e+01	7.932339e+01
3.510000e-06	5.470133e-06	1.216768e-09	3.800264e+01	7.926009e+01
3.520000e-06	5.477008e-06	1.217410e-09	3.805040e+01	7.919686e+01
3.530000e-06	5.483462e-06	1.219168e-09	3.809523e+01	7.913401e+01
3.540000e-06	5.489548e-06	1.219010e-09	3.813751e+01	7.907184e+01
3.550000e-06	5.495236e-06	1.216420e-09	3.817703e+01	7.901066e+01
3.560000e-06	5.500525e-06	1.213751e-09	3.821378e+01	7.895077e+01
3.570000e-06	5.505471e-06	1.212574e-09	3.824814e+01	7.889242e+01
3.580000e-06	5.510100e-06	1.211715e-09	3.828030e+01	7.883588e+01
3.590000e-06	5.514369e-06	1.212300e-09	3.830995e+01	7.878138e+01
3.600000e-06	5.518315e-06	1.215281e-09	3.833737e+01	7.872913e+01
3.610000e-06	5.522016e-06	1.219319e-09	3.836308e+01	7.867930e+01
3.620000e-06	5.525476e-06	1.222058e-09	3.838712e+01	7.863204e+01
3.630000e-06	5.528539e-06	1.222192e-09	3.840840e+01	7.858747e+01
3.640000e-06	5.531106e-06	1.220467e-09	3.842623e+01	7.854567e+01
3.650000e-06	5.533204e-06	1.218165e-09	3.844081e+01	7.850668e+01
3.660000e-06	5.534662e-06	1.215227e-09	3.845094e+01	7.847050e+01
3.670000e-06	5.535479e-06	1.212813e-09	3.845662e+01	7.843712e+01
3.680000e-06	5.535898e-06	1.212917e-09	3.845952e+01	7.840645e+01
3.690000e-06	5.535967e-06	1.214037e-09	3.846000e+01	7.837840e+01
3.700000e-06	5.535700e-06	1.215039e-09	3.845815e+01	7.835281e+01
3.710000e-06	5.535144e-06	1.216065e-09	3.845429e+01	7.832951e+01
3.720000e-06	5.534263e-06	1.216034e-09	3.844816e+01	7.830829e+01
3.730000e-06	5.532996e-06	1.214558e-09	3.843936e+01	7.828889e+01
3.740000e-06	5.531376e-06	1.208543e-09	3.842811e+01	7.827104e+01
3.750000e-06	5.529445e-06	1.188090e-09	3.841469e+01	7.825444e+01
3.760000e-06	5.527120e-06	1.158195e-09	3.839854e+01	7.823875e+01
3.770000e-06	5.524354e-06	1.189639e-09	3.837932e+01	7.822361e+01
3.780000e-06	5.521122e-06	1.285181e-09	3.835687e+01	7.820867e+01
3.790000e-06	5.517396e-06	1.277074e-09	3.833098e+01	7.819353e+01
3.800000e-06	5.513343e-06	1.169324e-09	3.830282e+01	7.817781e+01
3.810000e-06	5.509099e-06	1.150080e-09	3.827334e+01	7.816109e+01
3.820000e-06	5.504553e-06	1.253198e-09	3.824176e+01	7.814298e+01
3.830000e-06	5.499605e-06	1.280418e-09	3.820738e+01	7.812308e+01
3.840000e-06	5.494278e-06	1.189482e-09	3.817038e+01	7.810100e+01
3.850000e-06	5.488549e-06	1.172187e-09	3.813058e+01	7.807634e+01
3.860000e-06	5.482345e-06	1.320980e-09	3.808747e+01	7.804874e+01
3.870000e-06	5.475667e-06	1.344492e-09	3.804108e+01	7.801786e+01
3.880000e-06	5.468559e-06	1.136461e-09	3.799170e+01	7.798336e+01
3.890000e-06	5.461016e-06	1.066211e-09	3.793930e+01	7.794494e+01
3.900000e-06	5.452965e-06	1.242838e-09	3.788336e+01	7.790234e+01
3.910000e-06	5.444478e-06	1.345339e-09	3.782440e+01	7.785530e+01
3.920000e-06	5.435720e-06	1.184830e-09	3.776356e+01	7.780363e+01
3.930000e-06	5.426632e-06	1.130751e-09	3.770042e+01	7.774716e+01
3.940000e-06	5.417130e-06	1.250084e-09	3.763441e+01	7.768576e+01
3.950000e-06	5.407357e-06	1.282311e-09	3.756651e+01	7.761934e+01
3.960000e-06	5.397345e-06	1.146911e-09	3.749696e+01	7.754785e+01
3.970000e-06	5.386886e-06	1.145848e-09	3.742429e+01	7.747129e+01
3.980000e-06	5.375907e-06	1.247377e-09	3.734802e+01	7.738968e+01
3.990000e-06	5.364510e-06	1.243005e-09	3.726884e+01	7.730311e+01
4.000000e-06	5.352784e-06	1.163961e-09	3.718738e+01	7.721170e+01
4.010000e-06	5.340610e-06	1.182077e-09	3.710280e+01	7.711559e+01
4.020000e-06	5.328018e-06	1.245926e-09	3.701532e+01	7.701498e+01
4.030000e-06	5.315092e-06	1.204426e-09	3.692552e+01	7.691009e+01
4.040000e-06	5.301601e-06	1.134570e-09	3.683179e+01	7.680119e+01
4.050000e-06	5.287449e-06	1.156614e-09	3.673347e+01	7.668857e+01
4.060000e-06	5.272800e-06	1.250934e-09	3.663170e+01	7.657254e+01
4.070000e-06	5.257744e-06	1.222543e-09	3.652710e+01	7.645344e+01
4.080000e-06	5.242186e-06	1.134232e-09	3.641902e+01	7.633162e+01
4.090000e-06	5.226194e-06	1.168325e-09	3.630792e+01	7.620747e+01
4.100000e-06	5.209965e-06	1.270636e-09	3.619517e+01	7.608136e+01
4.110000e-06	5.193422e-06	1.194785e-09	3.608024e+01	7.595368e+01
4.120000e-06	5.176447e-06	1.109281e-09	3.596231e+01	7.582483e+01
4.130000e-06	5.159096e-06	1.201350e-09	3.584177e+01	7.569520e+01
4.140000e-06	5.141413e-06	1.247662e-09	3.571892e+01	7.556518e+01
4.150000e-06	5.123354e-06	1.117196e-09	3.559346e+01	7.543514e+01
4.160000e-06	5.104975e-06	1.139419e-09	3.546577e+01	7.530544e+01
4.170000e-06	5.086344e-06	1.253256e-09	3.533633e+01	7.517644e+01
4.180000e-06	5.067324e-06	1.169315e-09	3.520420e+01	7.504844e+01
4.190000e-06	5.047869e-06	1.089263e-09	3.506904e+01	7.492176e+01
4.200000e-06	5.028190e-06	1.211698e-09	3.493232e+01	7.479667e+01
4.210000e-06	5.008315e-06	1.214135e-09	3.479425e+01	7.467340e+01
4.220000e-06	4.988137e-06	1.098831e-09	3.465406e+01	7.455216e+01
4.230000e-06	4.967688e-06	1.162165e-09	3.451200e+01	7.443314e+01
4.240000e-06	4.947000e-06	1.223776e-09	3.436827e+01	7.431646e+01
4.250000e-06	4.925914e-06	1.118991e-09	3.422178e+01	7.420224e+01
4.260000e-06	4.904244e-06	1.130258e-09	3.407123e+01	7.409053e+01
4.270000e-06	4.882106e-06	1.226702e-09	3.391744e+01	7.398137e+01
4.280000e-06	4.859455e-06	1.150142e-09	3.376008e+01	7.387474e+01
4.290000e-06	4.836216e-06	1.095797e-09	3.359863e+01	7.377059e+01
4.300000e-06	4.812560e-06	1.187663e-09	3.343428e+01	7.366884e+01
4.310000e-06	4.788577e-06	1.181615e-09	3.326766e+01	7.356937e+01
4.320000e-06	4.764302e-06	1.100713e-09	3.309901e+01	7.347203e+01
4.330000e-06	4.739804e-06	1.140655e-09	3.292882e+01	7.337665e+01
4.340000e-06	4.715076e-06	1.169612e-09	3.275703e+01	7.328300e+01
4.350000e-06	4.689995e-06	1.123177e-09	3.258279e+01	7.319085e+01
4.360000e-06	4.664561e-06	1.131784e-09	3.240609e+01	7.309996e+01
4.370000e-06	4.638858e-06	1.169957e-09	3.222752e+01	7.301003e+01
4.380000e-06	4.612798e-06	1.140981e-09	3.204647e+01	7.292079e+01
4.390000e-06	4.586310e-06	1.120855e-09	3.186245e+01	7.283192e+01
4.400000e-06	4.559556e-06	1.140743e-09	3.167659e+01	7.274312e+01
4.410000e-06	4.532508e-06	1.144835e-09	3.148868e+01	7.265407e+01
4.420000e-06	4.505097e-06	1.129472e-09	3.129824e+01	7.256446e+01
4.430000e-06	4.477409e-06	1.131638e-09	3.110588e+01	7.247396e+01
4.440000e-06	4.449469e-06	1.131369e-09	3.091178e+01	7.238227e+01
4.450000e-06	4.421335e-06	1.123970e-09	3.071632e+01	7.228910e+01
4.460000e-06	4.393051e-06	1.119294e-09	3.051983e+01	7.219415e+01
4.470000e-06	4.364595e-06	1.120601e-09	3.032214e+01	7.209716e+01
4.480000e-06	4.335867e-06	1.110943e-09	3.012255e+01	7.199788e+01
4.490000e-06	4.306753e-06	1.105173e-09	2.992029e+01	7.189607e+01
4.500000e-06	4.277117e-06	1.108891e-09	2.971440e+01	7.179154e+01
4.510000e-06	4.246964e-06	1.110599e-09	2.950492e+01	7.168409e+01
4.520000e-06	4.216368e-06	1.109072e-09	2.929235e+01	7.157357e+01
4.530000e-06	4.185278e-06	1.112342e-09	2.907637e+01	7.145987e+01
4.540000e-06	4.153758e-06	1.108547e-09	2.885739e+01	7.134287e+01
4.550000e-06	4.121939e-06	1.105246e-09	2.863633e+01	7.122250e+01
4.560000e-06	4.089913e-06	1.110615e-09	2.841384e+01	7.109873e+01
4.570000e-06	4.057739e-06	1.105836e-09	2.819031e+01	7.097154e+01
4.580000e-06	4.025375e-06	1.094595e-09	2.796547e+01	7.084094e+01
4.590000e-06	3.992805e-06	1.098757e-09	2.773920e+01	7.070698e+01
4.600000e-06	3.960002e-06	1.101918e-09	2.751130e+01	7.056972e+01
4.610000e-06	3.926896e-06	1.093869e-09	2.728131e+01	7.042924e+01
4.620000e-06	3.893466e-06	1.096884e-09	2.704906e+01	7.028565e+01
4.630000e-06	3.859717e-06	1.102003e-09	2.681460e+01	7.013908e+01
4.640000e-06	3.825717e-06	1.090681e-09	2.657839e+01	6.998967e+01
4.650000e-06	3.791525e-06	1.080033e-09	2.634085e+01	6.983758e+01
4.660000e-06	3.757153e-06	1.083589e-09	2.610205e+01	6.968297e+01
4.670000e-06	3.722560e-06	1.076761e-09	2.586172e+01	6.952602e+01
4.680000e-06	3.687648e-06	1.069335e-09	2.561918e+01	6.936689e+01
4.690000e-06	3.652448e-06	1.075550e-09	2.537464e+01	6.920577e+01
4.700000e-06	3.616974e-06	1.082943e-09	2.512819e+01	6.904282e+01
4.710000e-06	3.581253e-06	1.077077e-09	2.488003e+01	6.887823e+01
4.720000e-06	3.545339e-06	1.074082e-09	2.463052e+01	6.871214e+01
4.730000e-06	3.509278e-06	1.073928e-09	2.437999e+01	6.854471e+01
4.740000e-06	3.473089e-06	1.065252e-09	2.412858e+01	6.837607e+01
4.750000e-06	3.436774e-06	1.056882e-09	2.387628e+01	6.820634e+01
4.760000e-06	3.400309e-06	1.061384e-09	2.362295e+01	6.803561e+01
4.770000e-06	3.363612e-06	1.061111e-09	2.336801e+01	6.786397e+01
4.780000e-06	3.326603e-06	1.055453e-09	2.311090e+01	6.769147e+01
4.790000e-06	3.289255e-06	1.055632e-09	2.285143e+01	6.751813e+01
4.800000e-06	3.251526e-06	1.057765e-09	2.258931e+01	6.734397e+01
4.810000e-06	3.213412e-06	1.052787e-09	2.232452e+01	6.716896e+01
4.820000e-06	3.174989e-06	1.050527e-09	2.205759e+01	6.699305e+01
4.830000e-06	3.136177e-06	1.051462e-09	2.178795e+01	6.681616e+01
4.840000e-06	3.096943e-06	1.047488e-09	2.151538e+01	6.663819e+01
4.850000e-06	3.057366e-06	1.043670e-09	2.124043e+01	6.645901e+01
4.860000e-06	3.017582e-06	1.046472e-09	2.096404e+01	6.627846e+01
4.870000e-06	2.977664e-06	1.047433e-09	2.068671e+01	6.609637e+01
4.880000e-06	2.937579e-06	1.042031e-09	2.040823e+01	6.591252e+01
4.890000e-06	2.897344e-06	1.039362e-09	2.012871e+01	6.572668e+01
4.900000e-06	2.857037e-06	1.037725e-09	1.984868e+01	6.553862e+01
4.910000e-06	2.816597e-06	1.033017e-09	1.956773e+01	6.534805e+01
4.920000e-06	2.776000e-06	1.028765e-09	1.928569e+01	6.515469e+01
4.930000e-06	2.735285e-06	1.026815e-09	1.900283e+01	6.495825e+01
4.940000e-06	2.694313e-06	1.023899e-09	1.871819e+01	6.475841e+01
4.950000e-06	2.653129e-06	1.023722e-09	1.843207e+01	6.455486e+01
4.960000e-06	2.611834e-06	1.025373e-09	1.814519e+01	6.434725e+01
4.970000e-06	2.570354e-06	1.023972e-09	1.785701e+01	6.413525e+01
4.980000e-06	2.528590e-06	1.016946e-09	1.756687e+01	6.391852e+01
4.990000e-06	2.486574e-06	1.009235e-09	1.727497e+01	6.369672e+01
5.000000e-06	2.444423e-06	1.003473e-09	1.698213e+01	6.346950e+01
5.010000e-06	2.402230e-06	1.000733e-09	1.668901e+01	6.323652e+01
5.020000e-06	2.359934e-06	9.994292e-10	1.639516e+01	6.299745e+01
5.030000e-06	2.317423e-06	1.001289e-09	1.609982e+01	6.275194e+01
5.040000e-06	2.274678e-06	9.996826e-10	1.580286e+01	6.249966e+01
5.050000e-06	2.231707e-06	9.952497e-10	1.550433e+01	6.224030e+01
5.060000e-06	2.188616e-06	9.912572e-10	1.520497e+01	6.197353e+01
5.070000e-06	2.145434e-06	9.867505e-10	1.490497e+01	6.169903e+01
5.080000e-06	2.102092e-06	9.779898e-10	1.460385e+01	6.141650e+01
5.090000e-06	2.058551e-06	9.684960e-10	1.430136e+01	6.112562e+01
5.100000e-06	2.014791e-06	9.644963e-10	1.399735e+01	6.082611e+01
5.110000e-06	1.970893e-06	9.631054e-10	1.369238e+01	6.051766e+01
5.120000e-06	1.926976e-06	9.624282e-10	1.338727e+01	6.019996e+01
5.130000e-06	1.883027e-06	9.613068e-10	1.308194e+01	5.987273e+01
5.140000e-06	1.838979e-06	9.586862e-10	1.277593e+01	5.953566e+01
5.150000e-06	1.794831e-06	9.540572e-10	1.246922e+01	5.918843e+01
5.160000e-06	1.750624e-06	9.505276e-10	1.216210e+01	5.883074e+01
5.170000e-06	1.706390e-06	9.466350e-10	1.185480e+01	5.846225e+01
5.180000e-06	1.662096e-06	9.399261e-10	1.154707e+01	5.808262e+01
5.190000e-06	1.617698e-06	9.331853e-10	1.123863e+01	5.769150e+01
5.200000e-06	1.573176e-06	9.297037e-10	1.092932e+01	5.728851e+01
5.210000e-06	1.528566e-06	9.266280e-10	1.061940e+01	5.687325e+01
5.220000e-06	1.483935e-06	9.224171e-10	1.030933e+01	5.644530e+01
5.230000e-06	1.439210e-06	9.142550e-10	9.998618e+00	5.600421e+01
5.240000e-06	1.394330e-06	9.055064e-10	9.686824e+00	5.554951e+01
5.250000e-06	1.349397e-06	9.015132e-10	9.374660e+00	5.508067e+01
5.260000e-06	1.304451e-06	8.962289e-10	9.062406e+00	5.459718e+01
5.270000e-06	1.259341e-06	8.873424e-10	8.749016e+00	5.409844e+01
5.280000e-06	1.214044e-06	8.792137e-10	8.434322e+00	5.358384e+01
5.290000e-06	1.168653e-06	8.742638e-10	8.118981e+00	5.305275e+01
5.300000e-06	1.123166e-06	8.681777e-10	7.802968e+00	5.250447e+01
5.310000e-06	1.077623e-06	8.616135e-10	7.486568e+00	5.193830e+01
5.320000e-06	1.032071e-06	8.551655e-10	7.170103e+00	5.135347e+01
5.330000e-06	9.864501e-07	8.474752e-10	6.853161e+00	5.074921e+01
5.340000e-06	9.407175e-07	8.383116e-10	6.535443e+00	5.012470e+01
5.350000e-06	8.949321e-07	8.276323e-10	6.217358e+00	4.947909e+01
5.360000e-06	8.491388e-07	8.163951e-10	5.899218e+00	4.881151e+01
5.370000e-06	8.031547e-07	8.046887e-10	5.579754e+00	4.812107e+01
5.380000e-06	7.569765e-07	7.944166e-10	5.258940e+00	4.740687e+01
5.390000e-06	7.107335e-07	7.852881e-10	4.937676e+00	4.666798e+01
5.400000e-06	6.644808e-07	7.745166e-10	4.616345e+00	4.590347e+01
5.410000e-06	6.182125e-07	7.606817e-10	4.294905e+00	4.511242e+01
5.420000e-06	5.718776e-07	7.478527e-10	3.973003e+00	4.429391e+01
5.430000e-06	5.255560e-07	7.338658e-10	3.651193e+00	4.344701e+01
5.440000e-06	4.792247e-07	7.195907e-10	3.329316e+00	4.257085e+01
5.450000e-06	4.328174e-07	7.069442e-10	3.006911e+00	4.166455e+01
5.460000e-06	3.862534e-07	6.930363e-10	2.683417e+00	4.072728e+01
5.470000e-06	3.396125e-07	6.778511e-10	2.359388e+00	3.975826e+01
5.480000e-06	2.930768e-07	6.627568e-10	2.036091e+00	3.875674e+01
5.490000e-06	2.465706e-07	6.493168e-10	1.712999e+00	3.772204e+01
5.500000e-06	2.000255e-07	6.348350e-10	1.389637e+00	3.665355e+01
5.510000e-06	1.534760e-07	6.180173e-10	1.066243e+00	3.555073e+01
5.520000e-06	1.068895e-07	5.987102e-10	7.425929e-01	3.441311e+01
5.530000e-06	6.038718e-08	5.779273e-10	4.195276e-01	3.324033e+01
5.540000e-06	1.397595e-08	5.569087e-10	9.709506e-02	3.203212e+01
5.550000e-06	-3.254567e-08	5.356360e-10	-2.261044e-01	3.078829e+01
5.560000e-06	-7.917261e-08	5.132379e-10	-5.500355e-01	2.950879e+01
5.570000e-06	-1.257272e-07	4.896851e-10	-8.734643e-01	2.819367e+01
5.580000e-06	-1.722014e-07	4.677777e-10	-1.196334e+00	2.684309e+01
5.590000e-06	-2.186773e-07	4.501267e-10	-1.519216e+00	2.545737e+01
5.600000e-06	-2.651607e-07	4.322151e-10	-1.842150e+00	2.403692e+01
5.610000e-06	-3.116575e-07	4.088076e-10	-2.165177e+00	2.258229e+01
5.620000e-06	-3.581996e-07	3.791101e-10	-2.488518e+00	2.109417e+01
5.630000e-06	-4.047367e-07	3.496222e-10	-2.811825e+00	1.957338e+01
5.640000e-06	-4.511867e-07	3.221515e-10	-3.134528e+00	1.802087e+01
5.650000e-06	-4.975997e-07	2.958927e-10	-3.456972e+00	1.643773e+01
5.660000e-06	-5.439763e-07	2.718188e-10	-3.779164e+00	1.482519e+01
5.670000e-06	-5.902525e-07	2.498680e-10	-4.100659e+00	1.318457e+01
5.680000e-06	-6.364192e-07	2.277766e-10	-4.421393e+00	1.151737e+01
5.690000e-06	-6.825945e-07	2.008129e-10	-4.742186e+00	9.825163e+00
5.700000e-06	-7.287987e-07	1.678193e-10	-5.063180e+00	8.109668e+00
5.710000e-06	-7.749428e-07	1.318870e-10	-5.383757e+00	6.372702e+00
5.720000e-06	-8.209659e-07	9.711007e-11	-5.703493e+00	4.616186e+00
5.730000e-06	-8.669126e-07	6.329256e-11	-6.022698e+00	2.842136e+00
5.740000e-06	-9.128538e-07	3.376930e-11	-6.341865e+00	1.052653e+00
5.750000e-06	-9.586638e-07	1.059887e-11	-6.660121e+00	-7.500838e-01
5.760000e-06	-1.004387e-06	-8.825809e-12	-6.977773e+00	-2.563828e+00
5.770000e-06	-1.050060e-06	-3.314221e-11	-7.295080e+00	-4.386276e+00
5.780000e-06	-1.095572e-06	-6.520931e-11	-7.611260e+00	-6.215079e+00
5.790000e-06	-1.140955e-06	-1.004515e-10	-7.926550e+00	-8.047854e+00
5.800000e-06	-1.186161e-06	-1.376879e-10	-8.240613e+00	-9.882193e+00
5.810000e-06	-1.231272e-06	-1.735190e-10	-8.554011e+00	-1.171568e+01
5.820000e-06	-1.276385e-06	-2.029803e-10	-8.867427e+00	-1.354588e+01
5.830000e-06	-1.321340e-06	-2.278288e-10	-9.179741e+00	-1.537041e+01
5.840000e-06	-1.366220e-06	-2.519368e-10	-9.491535e+00	-1.718687e+01
5.850000e-06	-1.411092e-06	-2.786806e-10	-9.803272e+00	-1.899291e+01
5.860000e-06	-1.455859e-06	-3.087962e-10	-1.011428e+01	-2.078624e+01
5.870000e-06	-1.500511e-06	-3.423197e-10	-1.042450e+01	-2.256459e+01
5.880000e-06	-1.545056e-06	-3.769436e-10	-1.073396e+01	-2.432580e+01
5.890000e-06	-1.589541e-06	-4.110124e-10	-1.104301e+01	-2.606777e+01
5.900000e-06	-1.633937e-06	-4.410018e-10	-1.135144e+01	-2.778847e+01
5.910000e-06	-1.678247e-06	-4.668692e-10	-1.165928e+01	-2.948599e+01
5.920000e-06	-1.722531e-06	-4.913516e-10	-1.196693e+01	-3.115851e+01
5.930000e-06	-1.766742e-06	-5.148843e-10	-1.227408e+01	-3.280432e+01
5.940000e-06	-1.810835e-06	-5.401385e-10	-1.258041e+01	-3.442184e+01
5.950000e-06	-1.854855e-06	-5.675481e-10	-1.288623e+01	-3.600960e+01
5.960000e-06	-1.898814e-06	-5.954232e-10	-1.319162e+01	-3.756626e+01
5.970000e-06	-1.942673e-06	-6.222069e-10	-1.349633e+01	-3.909062e+01
5.980000e-06	-1.986422e-06	-6.486578e-10	-1.380026e+01	-4.058158e+01
5.990000e-06	-2.030076e-06	-6.749209e-10	-1.410354e+01	-4.203822e+01
6.000000e-06	-2.073591e-06	-6.998072e-10	-1.440585e+01	-4.345973e+01
6.010000e-06	-2.116920e-06	-7.224373e-10	-1.470687e+01	-4.484544e+01
6.020000e-06	-2.160100e-06	-7.446625e-10	-1.500685e+01	-4.619482e+01
6.030000e-06	-2.203141e-06	-7.666255e-10	-1.530587e+01	-4.750746e+01
6.040000e-06	-2.245978e-06	-7.884626e-10	-1.560347e+01	-4.878309e+01
6.050000e-06	-2.288638e-06	-8.102225e-10	-1.589984e+01	-5.002157e+01
6.060000e-06	-2.331137e-06	-8.306466e-10	-1.619510e+01	-5.122287e+01
6.070000e-06	-2.373470e-06	-8.510618e-10	-1.648920e+01	-5.238709e+01
6.080000e-06	-2.415704e-06	-8.696685e-10	-1.678261e+01	-5.351443e+01
6.090000e-06	-2.457771e-06	-8.874298e-10	-1.707487e+01	-5.460520e+01
6.100000e-06	-2.499647e-06	-9.049785e-10	-1.736579e+01	-5.565981e+01
6.110000e-06	-2.541308e-06	-9.206343e-10	-1.765522e+01	-5.667875e+01
6.120000e-06	-2.582719e-06	-9.360894e-10	-1.794292e+01	-5.766261e+01
6.130000e-06	-2.623975e-06	-9.508545e-10	-1.822953e+01	-5.861203e+01
6.140000e-06	-2.665079e-06	-9.691743e-10	-1.851509e+01	-5.952774e+01
6.150000e-06	-2.706021e-06	-9.889464e-10	-1.879953e+01	-6.041052e+01
6.160000e-06	-2.746772e-06	-1.004950e-09	-1.908264e+01	-6.126120e+01
6.170000e-06	-2.787337e-06	-1.017223e-09	-1.936446e+01	-6.208065e+01
6.180000e-06	-2.827821e-06	-1.028905e-09	-1.964571e+01	-6.286977e+01
6.190000e-06	-2.868179e-06	-1.038980e-09	-1.992609e+01	-6.362949e+01
6.200000e-06	-2.908316e-06	-1.047510e-09	-2.020493e+01	-6.436076e+01
6.210000e-06	-2.948328e-06	-1.059349e-09	-2.048291e+01	-6.506454e+01
6.220000e-06	-2.988267e-06	-1.074523e-09	-2.076037e+01	-6.574178e+01
6.230000e-06	-3.027979e-06	-1.087633e-09	-2.103627e+01	-6.639344e+01
6.240000e-06	-3.067393e-06	-1.099865e-09	-2.131009e+01	-6.702046e+01
6.250000e-06	-3.106600e-06	-1.110962e-09	-2.158247e+01	-6.762378e+01
6.260000e-06	-3.145550e-06	-1.116974e-09	-2.185306e+01	-6.820430e+01
6.270000e-06	-3.184115e-06	-1.120540e-09	-2.212099e+01	-6.876291e+01
6.280000e-06	-3.222235e-06	-1.126555e-09	-2.238582e+01	-6.930045e+01
6.290000e-06	-3.260006e-06	-1.137037e-09	-2.264823e+01	-6.981775e+01
6.300000e-06	-3.297535e-06	-1.149340e-09	-2.290896e+01	-7.031558e+01
6.310000e-06	-3.334694e-06	-1.162709e-09	-2.316711e+01	-7.079470e+01
6.320000e-06	-3.371459e-06	-1.175181e-09	-2.342253e+01	-7.125581e+01
6.330000e-06	-3.407954e-06	-1.184472e-09	-2.367607e+01	-7.169958e+01
6.340000e-06	-3.444282e-06	-1.192348e-09	-2.392845e+01	-7.212662e+01
6.350000e-06	-3.480529e-06	-1.198175e-09	-2.418026e+01	-7.253752e+01
6.360000e-06	-3.516627e-06	-1.198705e-09	-2.443105e+01	-7.293282e+01
6.370000e-06	-3.552512e-06	-1.199807e-09	-2.468035e+01	-7.331304e+01
6.380000e-06	-3.588225e-06	-1.207189e-09	-2.492846e+01	-7.367862e+01
6.390000e-06	-3.623728e-06	-1.217246e-09	-2.517511e+01	-7.403001e+01
6.400000e-06	-3.658996e-06	-1.225563e-09	-2.542013e+01	-7.436761e+01
6.410000e-06	-3.694013e-06	-1.234039e-09	-2.566340e+01	-7.469177e+01
6.420000e-06	-3.728730e-06	-1.241989e-09	-2.590459e+01	-7.500284e+01
6.430000e-06	-3.763142e-06	-1.245627e-09	-2.614366e+01	-7.530114e+01
6.440000e-06	-3.797336e-06	-1.244386e-09	-2.638121e+01	-7.558696e+01
6.450000e-06	-3.831312e-06	-1.243147e-09	-2.661726e+01	-7.586058e+01
6.460000e-06	-3.864926e-06	-1.243626e-09	-2.685078e+01	-7.612227e+01
6.470000e-06	-3.898207e-06	-1.246636e-09	-2.708200e+01	-7.637226e+01
6.480000e-06	-3.931239e-06	-1.254239e-09	-2.731148e+01	-7.661081e+01
6.490000e-06	-3.963996e-06	-1.263917e-09	-2.753906e+01	-7.683815e+01
6.500000e-06	-3.996488e-06	-1.270763e-09	-2.776479e+01	-7.705453e+01
6.510000e-06	-4.028778e-06	-1.275175e-09	-2.798912e+01	-7.726017e+01
6.520000e-06	-4.060916e-06	-1.278438e-09	-2.821239e+01	-7.745532e+01
6.530000e-06	-4.092802e-06	-1.278448e-09	-2.843391e+01	-7.764023e+01
6.540000e-06	-4.124359e-06	-1.275162e-09	-2.865314e+01	-7.781514e+01
6.550000e-06	-4.155676e-06	-1.273142e-09	-2.887071e+01	-7.798033e+01
6.560000e-06	-4.186762e-06	-1.274993e-09	-2.908667e+01	-7.813606e+01
6.570000e-06	-4.217383e-06	-1.277801e-09	-2.929941e+01	-7.828261e+01
6.580000e-06	-4.247409e-06	-1.280646e-09	-2.950801e+01	-7.842028e+01
6.590000e-06	-4.276983e-06	-1.284692e-09	-2.971347e+01	-7.854939e+01
6.600000e-06	-4.306197e-06	-1.289649e-09	-2.991642e+01	-7.867023e+01
6.610000e-06	-4.335006e-06	-1.291490e-09	-3.011657e+01	-7.878315e+01
6.620000e-06	-4.363498e-06	-1.289726e-09	-3.031451e+01	-7.888848e+01
6.630000e-06	-4.391779e-06	-1.289923e-09	-3.051099e+01	-7.898657e+01
6.640000e-06	-4.419867e-06	-1.292158e-09	-3.070613e+01	-7.907777e+01
6.650000e-06	-4.447748e-06	-1.294450e-09	-3.089983e+01	-7.916244e+01
6.660000e-06	-4.475350e-06	-1.298643e-09	-3.109158e+01	-7.924095e+01
6.670000e-06	-4.502612e-06	-1.301452e-09	-3.128098e+01	-7.931366e+01
6.680000e-06	-4.529539e-06	-1.299884e-09	-3.146805e+01	-7.938092e+01
6.690000e-06	-4.556180e-06	-1.297604e-09	-3.165313e+01	-7.944311e+01
6.700000e-06	-4.582492e-06	-1.295974e-09	-3.183593e+01	-7.950058e+01
6.710000e-06	-4.608516e-06	-1.294139e-09	-3.201672e+01	-7.955367e+01
6.720000e-06	-4.634227e-06	-1.295019e-09	-3.219534e+01	-7.960271e+01
6.730000e-06	-4.659574e-06	-1.297424e-09	-3.237144e+01	-7.964803e+01
6.740000e-06	-4.684590e-06	-1.298726e-09	-3.254524e+01	-7.968994e+01
6.750000e-06	-4.709299e-06	-1.298556e-09	-3.271690e+01	-7.972872e+01
6.760000e-06	-4.733766e-06	-1.296850e-09	-3.288687e+01	-7.976463e+01
6.770000e-06	-4.757983e-06	-1.296235e-09	-3.305511e+01	-7.979793e+01
6.780000e-06	-4.781887e-06	-1.296490e-09	-3.322119e+01	-7.982884e+01
6.790000e-06	-4.805527e-06	-1.296547e-09	-3.338542e+01	-7.985755e+01
6.800000e-06	-4.828898e-06	-1.297976e-09	-3.354778e+01	-7.988423e+01
6.810000e-06	-4.851771e-06	-1.300406e-09	-3.370669e+01	-7.990904e+01
6.820000e-06	-4.874025e-06	-1.300556e-09	-3.386130e+01	-7.993209e+01
6.830000e-06	-4.895755e-06	-1.297721e-09	-3.401226e+01	-7.995346e+01
6.840000e-06	-4.917056e-06	-1.294197e-09	-3.416025e+01	-7.997323e+01
6.850000e-06	-4.937926e-06	-1.291834e-09	-3.430524e+01	-7.999143e+01
6.860000e-06	-4.958398e-06	-1.289936e-09	-3.444746e+01	-8.000806e+01
6.870000e-06	-4.978537e-06	-1.287671e-09	-3.458737e+01	-8.002313e+01
6.880000e-06	-4.998422e-06	-1.287043e-09	-3.472552e+01	-8.003660e+01
6.890000e-06	-5.018135e-06	-1.288997e-09	-3.486247e+01	-8.004840e+01
6.900000e-06	-5.037566e-06	-1.291082e-09	-3.499746e+01	-8.005846e+01
6.910000e-06	-5.056624e-06	-1.290211e-09	-3.512987e+01	-8.006670e+01
6.920000e-06	-5.075403e-06	-1.287612e-09	-3.526032e+01	-8.007300e+01
6.930000e-06	-5.093860e-06	-1.286488e-09	-3.538855e+01	-8.007725e+01
6.940000e-06	-5.111968e-06	-1.288031e-09	-3.551435e+01	-8.007933e+01
6.950000e-06	-5.129735e-06	-1.290633e-09	-3.563779e+01	-8.007911e+01
6.960000e-06	-5.147184e-06	-1.290454e-09	-3.575901e+01	-8.007645e+01
6.970000e-06	-5.164306e-06	-1.285748e-09	-3.587796e+01	-8.007123e+01
6.980000e-06	-5.181064e-06	-1.278833e-09	-3.599438e+01	-8.006331e+01
6.990000e-06	-5.197512e-06	-1.273643e-09	-3.610866e+01	-8.005258e+01
7.000000e-06	-5.213681e-06	-1.270115e-09	-3.622099e+01	-8.003894e+01
7.010000e-06	-5.229498e-06	-1.268649e-09	-3.633087e+01	-8.002227e+01
7.020000e-06	-5.244926e-06	-1.268536e-09	-3.643805e+01	-8.000251e+01
7.030000e-06	-5.259825e-06	-1.268450e-09	-3.654156e+01	-7.997960e+01
7.040000e-06	-5.274025e-06	-1.265361e-09	-3.664021e+01	-7.995348e+01
7.050000e-06	-5.287657e-06	-1.260405e-09	-3.673492e+01	-7.992414e+01
7.060000e-06	-5.300830e-06	-1.257493e-09	-3.682644e+01	-7.989159e+01
7.070000e-06	-5.313506e-06	-1.255234e-09	-3.691450e+01	-7.985585e+01
7.080000e-06	-5.325758e-06	-1.257689e-09	-3.699962e+01	-7.981697e+01
7.090000e-06	-5.337691e-06	-1.261433e-09	-3.708252e+01	-7.977506e+01
7.100000e-06	-5.349299e-06	-1.262893e-09	-3.716317e+01	-7.973020e+01
7.110000e-06	-5.360562e-06	-1.260259e-09	-3.724141e+01	-7.968254e+01
7.120000e-06	-5.371451e-06	-1.254611e-09	-3.731706e+01	-7.963223e+01
7.130000e-06	-5.382012e-06	-1.247831e-09	-3.739043e+01	-7.957947e+01
7.140000e-06	-5.392199e-06	-1.241960e-09	-3.746120e+01	-7.952447e+01
7.150000e-06	-5.401934e-06	-1.239769e-09	-3.752883e+01	-7.946746e+01
7.160000e-06	-5.411283e-06	-1.240142e-09	-3.759378e+01	-7.940869e+01
7.170000e-06	-5.420308e-06	-1.240822e-09	-3.765648e+01	-7.934843e+01
7.180000e-06	-5.429034e-06	-1.239238e-09	-3.771711e+01	-7.928697e+01
7.190000e-06	-5.437441e-06	-1.234070e-09	-3.777551e+01	-7.922461e+01
7.200000e-06	-5.445581e-06	-1.229383e-09	-3.783206e+01	-7.916166e+01
7.210000e-06	-5.453431e-06	-1.226566e-09	-3.788660e+01	-7.909843e+01
7.220000e-06	-5.460876e-06	-1.225120e-09	-3.793832e+01	-7.903523e+01
7.230000e-06	-5.467823e-06	-1.225459e-09	-3.798658e+01	-7.897239e+01
7.240000e-06	-5.474233e-06	-1.226210e-09	-3.803112e+01	-7.891021e+01
7.250000e-06	-5.480123e-06	-1.227841e-09	-3.807204e+01	-7.884900e+01
7.260000e-06	-5.485478e-06	-1.227381e-09	-3.810924e+01	-7.878904e+01
7.270000e-06	-5.490305e-06	-1.224257e-09	-3.814277e+01	-7.873061e+01
7.280000e-06	-5.494734e-06	-1.219400e-09	-3.817354e+01	-7.867396e+01
7.290000e-06	-5.498935e-06	-1.215355e-09	-3.820273e+01	-7.861934e+01
7.300000e-06	-5.502906e-06	-1.212023e-09	-3.823031e+01	-7.856695e+01
7.310000e-06	-5.506518e-06	-1.210141e-09	-3.825541e+01	-7.851697e+01
7.320000e-06	-5.509709e-06	-1.209063e-09	-3.827758e+01	-7.846954e+01
7.330000e-06	-5.512568e-06	-1.208445e-09	-3.829744e+01	-7.842480e+01
7.340000e-06	-5.515140e-06	-1.206216e-09	-3.831531e+01	-7.838282e+01
7.350000e-06	-5.517360e-06	-1.203509e-09	-3.833074e+01	-7.834365e+01
7.360000e-06	-5.519190e-06	-1.201897e-09	-3.834345e+01	-7.830729e+01
7.370000e-06	-5.520546e-06	-1.200227e-09	-3.835287e+01	-7.827373e+01
7.380000e-06	-5.521503e-06	-1.200138e-09	-3.835951e+01	-7.824290e+01
7.390000e-06	-5.522236e-06	-1.200953e-09	-3.836461e+01	-7.821468e+01
7.400000e-06	-5.522747e-06	-1.199768e-09	-3.836816e+01	-7.818895e+01
