# Temperatura_=_8.83
# Concentracion g/m^3_=_1620.0
# C_Vs_to_Am_M_A/Vsm_=_65563218390.804596
# pendiente_HvsI_1/m_=_3716.3
# ordenada_HvsI_A/m_=_1297.0
# frecuencia_Hz_=_135103.8655468387

Tiempo_(s)	Campo_(V.s)	Magnetizacion_(V.s)	Campo_(kA/m)	Magnetizacion_(A/m)
0.000000e+00	-5.528056e-06	-1.394885e-09	-3.835756e+01	-9.399165e+01
1.000000e-08	-5.528306e-06	-1.394282e-09	-3.835929e+01	-9.398157e+01
2.000000e-08	-5.528326e-06	-1.393658e-09	-3.835943e+01	-9.397266e+01
3.000000e-08	-5.528055e-06	-1.392354e-09	-3.835755e+01	-9.396474e+01
4.000000e-08	-5.527446e-06	-1.390599e-09	-3.835332e+01	-9.395763e+01
5.000000e-08	-5.526375e-06	-1.387418e-09	-3.834589e+01	-9.395109e+01
6.000000e-08	-5.524709e-06	-1.383736e-09	-3.833433e+01	-9.394487e+01
7.000000e-08	-5.522433e-06	-1.382067e-09	-3.831854e+01	-9.393868e+01
8.000000e-08	-5.519513e-06	-1.372113e-09	-3.829828e+01	-9.393222e+01
9.000000e-08	-5.516029e-06	-1.371324e-09	-3.827410e+01	-9.392514e+01
1.000000e-07	-5.512140e-06	-1.405119e-09	-3.824712e+01	-9.391712e+01
1.100000e-07	-5.507848e-06	-1.425427e-09	-3.821734e+01	-9.390777e+01
1.200000e-07	-5.503282e-06	-1.384795e-09	-3.818566e+01	-9.389674e+01
1.300000e-07	-5.498551e-06	-1.320888e-09	-3.815283e+01	-9.388363e+01
1.400000e-07	-5.493519e-06	-1.337427e-09	-3.811791e+01	-9.386807e+01
1.500000e-07	-5.488044e-06	-1.403155e-09	-3.807992e+01	-9.384967e+01
1.600000e-07	-5.482141e-06	-1.385396e-09	-3.803897e+01	-9.382806e+01
1.700000e-07	-5.475971e-06	-1.353625e-09	-3.799615e+01	-9.380288e+01
1.800000e-07	-5.469461e-06	-1.364918e-09	-3.795098e+01	-9.377376e+01
1.900000e-07	-5.462402e-06	-1.459321e-09	-3.790200e+01	-9.374037e+01
2.000000e-07	-5.454873e-06	-1.439328e-09	-3.784976e+01	-9.370239e+01
2.100000e-07	-5.447193e-06	-1.381336e-09	-3.779647e+01	-9.365952e+01
2.200000e-07	-5.439286e-06	-1.352570e-09	-3.774161e+01	-9.361150e+01
2.300000e-07	-5.431067e-06	-1.411135e-09	-3.768458e+01	-9.355808e+01
2.400000e-07	-5.422601e-06	-1.424661e-09	-3.762583e+01	-9.349906e+01
2.500000e-07	-5.413613e-06	-1.408648e-09	-3.756347e+01	-9.343425e+01
2.600000e-07	-5.403803e-06	-1.402066e-09	-3.749540e+01	-9.336351e+01
2.700000e-07	-5.393328e-06	-1.411383e-09	-3.742272e+01	-9.328673e+01
2.800000e-07	-5.382334e-06	-1.394908e-09	-3.734643e+01	-9.320384e+01
2.900000e-07	-5.370859e-06	-1.369871e-09	-3.726681e+01	-9.311480e+01
3.000000e-07	-5.359025e-06	-1.387765e-09	-3.718470e+01	-9.301961e+01
3.100000e-07	-5.346844e-06	-1.397889e-09	-3.710018e+01	-9.291832e+01
3.200000e-07	-5.334273e-06	-1.410876e-09	-3.701295e+01	-9.281098e+01
3.300000e-07	-5.321248e-06	-1.392544e-09	-3.692258e+01	-9.269770e+01
3.400000e-07	-5.307814e-06	-1.405226e-09	-3.682936e+01	-9.257863e+01
3.500000e-07	-5.293995e-06	-1.396270e-09	-3.673347e+01	-9.245392e+01
3.600000e-07	-5.279748e-06	-1.394773e-09	-3.663462e+01	-9.232378e+01
3.700000e-07	-5.265054e-06	-1.366639e-09	-3.653266e+01	-9.218843e+01
3.800000e-07	-5.249939e-06	-1.382548e-09	-3.642778e+01	-9.204810e+01
3.900000e-07	-5.234264e-06	-1.384402e-09	-3.631902e+01	-9.190307e+01
4.000000e-07	-5.217993e-06	-1.376175e-09	-3.620612e+01	-9.175361e+01
4.100000e-07	-5.201324e-06	-1.359427e-09	-3.609046e+01	-9.160002e+01
4.200000e-07	-5.184354e-06	-1.387204e-09	-3.597271e+01	-9.144260e+01
4.300000e-07	-5.167022e-06	-1.374841e-09	-3.585244e+01	-9.128166e+01
4.400000e-07	-5.149409e-06	-1.352242e-09	-3.573024e+01	-9.111751e+01
4.500000e-07	-5.131534e-06	-1.365133e-09	-3.560621e+01	-9.095046e+01
4.600000e-07	-5.113144e-06	-1.391587e-09	-3.547860e+01	-9.078082e+01
4.700000e-07	-5.094300e-06	-1.352525e-09	-3.534785e+01	-9.060888e+01
4.800000e-07	-5.075129e-06	-1.335274e-09	-3.521483e+01	-9.043493e+01
4.900000e-07	-5.055618e-06	-1.361919e-09	-3.507945e+01	-9.025924e+01
5.000000e-07	-5.035888e-06	-1.363409e-09	-3.494255e+01	-9.008206e+01
5.100000e-07	-5.016010e-06	-1.338803e-09	-3.480462e+01	-8.990364e+01
5.200000e-07	-4.995899e-06	-1.353954e-09	-3.466507e+01	-8.972418e+01
5.300000e-07	-4.975397e-06	-1.358619e-09	-3.452282e+01	-8.954386e+01
5.400000e-07	-4.954448e-06	-1.329054e-09	-3.437746e+01	-8.936286e+01
5.500000e-07	-4.933164e-06	-1.328780e-09	-3.422977e+01	-8.918129e+01
5.600000e-07	-4.911660e-06	-1.341634e-09	-3.408057e+01	-8.899927e+01
5.700000e-07	-4.889855e-06	-1.316078e-09	-3.392926e+01	-8.881686e+01
5.800000e-07	-4.867709e-06	-1.299212e-09	-3.377560e+01	-8.863410e+01
5.900000e-07	-4.845154e-06	-1.327362e-09	-3.361910e+01	-8.845102e+01
6.000000e-07	-4.822231e-06	-1.327123e-09	-3.346004e+01	-8.826758e+01
6.100000e-07	-4.799007e-06	-1.306219e-09	-3.329890e+01	-8.808375e+01
6.200000e-07	-4.775518e-06	-1.306894e-09	-3.313592e+01	-8.789944e+01
6.300000e-07	-4.751781e-06	-1.315802e-09	-3.297121e+01	-8.771454e+01
6.400000e-07	-4.727773e-06	-1.293640e-09	-3.280463e+01	-8.752893e+01
6.500000e-07	-4.703463e-06	-1.293436e-09	-3.263595e+01	-8.734244e+01
6.600000e-07	-4.678729e-06	-1.303812e-09	-3.246432e+01	-8.715491e+01
6.700000e-07	-4.653619e-06	-1.303877e-09	-3.229010e+01	-8.696613e+01
6.800000e-07	-4.628121e-06	-1.292520e-09	-3.211317e+01	-8.677588e+01
6.900000e-07	-4.602028e-06	-1.301181e-09	-3.193212e+01	-8.658394e+01
7.000000e-07	-4.575344e-06	-1.295457e-09	-3.174697e+01	-8.639006e+01
7.100000e-07	-4.548230e-06	-1.282690e-09	-3.155883e+01	-8.619399e+01
7.200000e-07	-4.520763e-06	-1.271251e-09	-3.136825e+01	-8.599546e+01
7.300000e-07	-4.493032e-06	-1.272422e-09	-3.117583e+01	-8.579423e+01
7.400000e-07	-4.465102e-06	-1.266246e-09	-3.098203e+01	-8.559001e+01
7.500000e-07	-4.437044e-06	-1.267016e-09	-3.078735e+01	-8.538256e+01
7.600000e-07	-4.408841e-06	-1.267460e-09	-3.059165e+01	-8.517161e+01
7.700000e-07	-4.380317e-06	-1.263740e-09	-3.039373e+01	-8.495692e+01
7.800000e-07	-4.351381e-06	-1.251455e-09	-3.019295e+01	-8.473824e+01
7.900000e-07	-4.322102e-06	-1.244681e-09	-2.998980e+01	-8.451535e+01
8.000000e-07	-4.292510e-06	-1.239590e-09	-2.978446e+01	-8.428805e+01
8.100000e-07	-4.262662e-06	-1.235894e-09	-2.957736e+01	-8.405612e+01
8.200000e-07	-4.232536e-06	-1.232451e-09	-2.936833e+01	-8.381940e+01
8.300000e-07	-4.202051e-06	-1.230803e-09	-2.915680e+01	-8.357772e+01
8.400000e-07	-4.171305e-06	-1.228731e-09	-2.894346e+01	-8.333095e+01
8.500000e-07	-4.140261e-06	-1.225116e-09	-2.872806e+01	-8.307897e+01
8.600000e-07	-4.108957e-06	-1.221706e-09	-2.851084e+01	-8.282169e+01
8.700000e-07	-4.077498e-06	-1.213395e-09	-2.829256e+01	-8.255903e+01
8.800000e-07	-4.045830e-06	-1.205539e-09	-2.807282e+01	-8.229095e+01
8.900000e-07	-4.013996e-06	-1.197110e-09	-2.785194e+01	-8.201740e+01
9.000000e-07	-3.982019e-06	-1.192621e-09	-2.763006e+01	-8.173840e+01
9.100000e-07	-3.949835e-06	-1.186895e-09	-2.740675e+01	-8.145395e+01
9.200000e-07	-3.917331e-06	-1.184196e-09	-2.718121e+01	-8.116408e+01
9.300000e-07	-3.884437e-06	-1.178658e-09	-2.695296e+01	-8.086885e+01
9.400000e-07	-3.851082e-06	-1.177533e-09	-2.672152e+01	-8.056832e+01
9.500000e-07	-3.817146e-06	-1.174157e-09	-2.648605e+01	-8.026259e+01
9.600000e-07	-3.782747e-06	-1.169329e-09	-2.624737e+01	-7.995174e+01
9.700000e-07	-3.747963e-06	-1.157229e-09	-2.600601e+01	-7.963589e+01
9.800000e-07	-3.712885e-06	-1.148711e-09	-2.576262e+01	-7.931516e+01
9.900000e-07	-3.677533e-06	-1.140811e-09	-2.551732e+01	-7.898968e+01
1.000000e-06	-3.641884e-06	-1.135562e-09	-2.526996e+01	-7.865958e+01
1.010000e-06	-3.606110e-06	-1.131033e-09	-2.502174e+01	-7.832500e+01
1.020000e-06	-3.570223e-06	-1.131791e-09	-2.477273e+01	-7.798607e+01
1.030000e-06	-3.534191e-06	-1.129638e-09	-2.452271e+01	-7.764294e+01
1.040000e-06	-3.497987e-06	-1.124886e-09	-2.427150e+01	-7.729575e+01
1.050000e-06	-3.461588e-06	-1.115966e-09	-2.401894e+01	-7.694463e+01
1.060000e-06	-3.424875e-06	-1.108693e-09	-2.376420e+01	-7.658970e+01
1.070000e-06	-3.387775e-06	-1.100266e-09	-2.350678e+01	-7.623109e+01
1.080000e-06	-3.350378e-06	-1.095222e-09	-2.324729e+01	-7.586890e+01
1.090000e-06	-3.312776e-06	-1.090835e-09	-2.298638e+01	-7.550325e+01
1.100000e-06	-3.274988e-06	-1.085372e-09	-2.272418e+01	-7.513421e+01
1.110000e-06	-3.237059e-06	-1.081848e-09	-2.246100e+01	-7.476187e+01
1.120000e-06	-3.198954e-06	-1.080159e-09	-2.219660e+01	-7.438630e+01
1.130000e-06	-3.160594e-06	-1.077553e-09	-2.193043e+01	-7.400754e+01
1.140000e-06	-3.122003e-06	-1.070829e-09	-2.166266e+01	-7.362564e+01
1.150000e-06	-3.083115e-06	-1.063565e-09	-2.139283e+01	-7.324061e+01
1.160000e-06	-3.043998e-06	-1.054263e-09	-2.112141e+01	-7.285246e+01
1.170000e-06	-3.004771e-06	-1.045720e-09	-2.084922e+01	-7.246120e+01
1.180000e-06	-2.965368e-06	-1.039276e-09	-2.057581e+01	-7.206680e+01
1.190000e-06	-2.925794e-06	-1.037446e-09	-2.030122e+01	-7.166923e+01
1.200000e-06	-2.886136e-06	-1.034685e-09	-2.002605e+01	-7.126845e+01
1.210000e-06	-2.846354e-06	-1.029161e-09	-1.975001e+01	-7.086439e+01
1.220000e-06	-2.806349e-06	-1.019964e-09	-1.947243e+01	-7.045699e+01
1.230000e-06	-2.766138e-06	-1.012190e-09	-1.919342e+01	-7.004616e+01
1.240000e-06	-2.725806e-06	-1.002090e-09	-1.891356e+01	-6.963181e+01
1.250000e-06	-2.685336e-06	-9.941014e-10	-1.863275e+01	-6.921384e+01
1.260000e-06	-2.644659e-06	-9.908747e-10	-1.835051e+01	-6.879214e+01
1.270000e-06	-2.603650e-06	-9.890849e-10	-1.806596e+01	-6.836659e+01
1.280000e-06	-2.562298e-06	-9.861402e-10	-1.777903e+01	-6.793704e+01
1.290000e-06	-2.520787e-06	-9.823800e-10	-1.749100e+01	-6.750338e+01
1.300000e-06	-2.479129e-06	-9.726200e-10	-1.720195e+01	-6.706544e+01
1.310000e-06	-2.437052e-06	-9.595919e-10	-1.690999e+01	-6.662308e+01
1.320000e-06	-2.394614e-06	-9.467800e-10	-1.661552e+01	-6.617613e+01
1.330000e-06	-2.351973e-06	-9.359898e-10	-1.631965e+01	-6.572442e+01
1.340000e-06	-2.309112e-06	-9.272411e-10	-1.602225e+01	-6.526778e+01
1.350000e-06	-2.266051e-06	-9.224953e-10	-1.572346e+01	-6.480602e+01
1.360000e-06	-2.222748e-06	-9.196807e-10	-1.542299e+01	-6.433893e+01
1.370000e-06	-2.179260e-06	-9.143808e-10	-1.512125e+01	-6.386632e+01
1.380000e-06	-2.135616e-06	-9.061669e-10	-1.481841e+01	-6.338796e+01
1.390000e-06	-2.091842e-06	-8.970065e-10	-1.451468e+01	-6.290362e+01
1.400000e-06	-2.048039e-06	-8.847533e-10	-1.421074e+01	-6.241305e+01
1.410000e-06	-2.004225e-06	-8.719338e-10	-1.390673e+01	-6.191599e+01
1.420000e-06	-1.960346e-06	-8.614059e-10	-1.360227e+01	-6.141217e+01
1.430000e-06	-1.916315e-06	-8.550648e-10	-1.329675e+01	-6.090128e+01
1.440000e-06	-1.872176e-06	-8.518715e-10	-1.299048e+01	-6.038301e+01
1.450000e-06	-1.827964e-06	-8.485694e-10	-1.268370e+01	-5.985701e+01
1.460000e-06	-1.783611e-06	-8.420798e-10	-1.237595e+01	-5.932291e+01
1.470000e-06	-1.739111e-06	-8.289172e-10	-1.206718e+01	-5.878033e+01
1.480000e-06	-1.694473e-06	-8.133062e-10	-1.175745e+01	-5.822885e+01
1.490000e-06	-1.649736e-06	-7.998266e-10	-1.144703e+01	-5.766801e+01
1.500000e-06	-1.604939e-06	-7.887575e-10	-1.113620e+01	-5.709733e+01
1.510000e-06	-1.559910e-06	-7.793916e-10	-1.082376e+01	-5.651630e+01
1.520000e-06	-1.514699e-06	-7.733847e-10	-1.051005e+01	-5.592439e+01
1.530000e-06	-1.469444e-06	-7.686527e-10	-1.019604e+01	-5.532099e+01
1.540000e-06	-1.424090e-06	-7.628858e-10	-9.881339e+00	-5.470551e+01
1.550000e-06	-1.378691e-06	-7.537085e-10	-9.566330e+00	-5.407728e+01
1.560000e-06	-1.333173e-06	-7.422496e-10	-9.250495e+00	-5.343563e+01
1.570000e-06	-1.287556e-06	-7.274834e-10	-8.933973e+00	-5.277984e+01
1.580000e-06	-1.241833e-06	-7.122023e-10	-8.616714e+00	-5.210915e+01
1.590000e-06	-1.195921e-06	-7.004990e-10	-8.298146e+00	-5.142279e+01
1.600000e-06	-1.149924e-06	-6.938263e-10	-7.978986e+00	-5.071993e+01
1.610000e-06	-1.103959e-06	-6.853716e-10	-7.660049e+00	-4.999974e+01
1.620000e-06	-1.057951e-06	-6.753650e-10	-7.340808e+00	-4.926135e+01
1.630000e-06	-1.011799e-06	-6.667113e-10	-7.020579e+00	-4.850386e+01
1.640000e-06	-9.655129e-07	-6.560999e-10	-6.699410e+00	-4.772638e+01
1.650000e-06	-9.191964e-07	-6.413596e-10	-6.378034e+00	-4.692799e+01
1.660000e-06	-8.728849e-07	-6.264208e-10	-6.056691e+00	-4.610775e+01
1.670000e-06	-8.264907e-07	-6.118223e-10	-5.734776e+00	-4.526474e+01
1.680000e-06	-7.800741e-07	-5.954113e-10	-5.412705e+00	-4.439801e+01
1.690000e-06	-7.336001e-07	-5.795996e-10	-5.090236e+00	-4.350665e+01
1.700000e-06	-6.870449e-07	-5.643816e-10	-4.767203e+00	-4.258975e+01
1.710000e-06	-6.404878e-07	-5.482400e-10	-4.444156e+00	-4.164641e+01
1.720000e-06	-5.939171e-07	-5.339156e-10	-4.121016e+00	-4.067577e+01
1.730000e-06	-5.472789e-07	-5.217290e-10	-3.797407e+00	-3.967700e+01
1.740000e-06	-5.005583e-07	-5.079795e-10	-3.473227e+00	-3.864932e+01
1.750000e-06	-4.538107e-07	-4.906878e-10	-3.148859e+00	-3.759199e+01
1.760000e-06	-4.070192e-07	-4.710885e-10	-2.824187e+00	-3.650431e+01
1.770000e-06	-3.601599e-07	-4.521205e-10	-2.499044e+00	-3.538568e+01
1.780000e-06	-3.132640e-07	-4.338599e-10	-2.173647e+00	-3.423554e+01
1.790000e-06	-2.662776e-07	-4.186538e-10	-1.847622e+00	-3.305341e+01
1.800000e-06	-2.193039e-07	-4.063746e-10	-1.521685e+00	-3.183892e+01
1.810000e-06	-1.724192e-07	-3.927829e-10	-1.196366e+00	-3.059176e+01
1.820000e-06	-1.255299e-07	-3.761003e-10	-8.710153e-01	-2.931174e+01
1.830000e-06	-7.866632e-08	-3.588883e-10	-5.458425e-01	-2.799875e+01
1.840000e-06	-3.182233e-08	-3.411341e-10	-2.208058e-01	-2.665282e+01
1.850000e-06	1.503349e-08	-3.227504e-10	1.043130e-01	-2.527405e+01
1.860000e-06	6.182388e-08	-3.027689e-10	4.289778e-01	-2.386270e+01
1.870000e-06	1.085581e-07	-2.812955e-10	7.532527e-01	-2.241913e+01
1.880000e-06	1.553510e-07	-2.598119e-10	1.077935e+00	-2.094382e+01
1.890000e-06	2.021952e-07	-2.400224e-10	1.402973e+00	-1.943738e+01
1.900000e-06	2.490604e-07	-2.204072e-10	1.728157e+00	-1.790054e+01
1.910000e-06	2.959088e-07	-1.985880e-10	2.053224e+00	-1.633418e+01
1.920000e-06	3.427435e-07	-1.754021e-10	2.378196e+00	-1.473928e+01
1.930000e-06	3.896189e-07	-1.528671e-10	2.703451e+00	-1.311696e+01
1.940000e-06	4.364792e-07	-1.294367e-10	3.028601e+00	-1.146845e+01
1.950000e-06	4.832339e-07	-1.045642e-10	3.353018e+00	-9.795114e+00
1.960000e-06	5.298491e-07	-8.061668e-11	3.676467e+00	-8.098422e+00
1.970000e-06	5.764433e-07	-5.852683e-11	3.999770e+00	-6.379960e+00
1.980000e-06	6.229967e-07	-3.593270e-11	4.322791e+00	-4.641418e+00
1.990000e-06	6.694865e-07	-1.333000e-11	4.645370e+00	-2.884585e+00
2.000000e-06	7.159599e-07	1.142752e-11	4.967835e+00	-1.111341e+00
2.010000e-06	7.624012e-07	4.045065e-11	5.290078e+00	6.763475e-01
2.020000e-06	8.088169e-07	7.061213e-11	5.612143e+00	2.476442e+00
2.030000e-06	8.551428e-07	9.823591e-11	5.933585e+00	4.286834e+00
2.040000e-06	9.013329e-07	1.230554e-10	6.254084e+00	6.105363e+00
2.050000e-06	9.474027e-07	1.460203e-10	6.573749e+00	7.929818e+00
2.060000e-06	9.934330e-07	1.679752e-10	6.893139e+00	9.757954e+00
2.070000e-06	1.039474e-06	1.914478e-10	7.212601e+00	1.158750e+01
2.080000e-06	1.085453e-06	2.170877e-10	7.531641e+00	1.341618e+01
2.090000e-06	1.131283e-06	2.470504e-10	7.849639e+00	1.524169e+01
2.100000e-06	1.177016e-06	2.783625e-10	8.166969e+00	1.706178e+01
2.110000e-06	1.222689e-06	3.083416e-10	8.483877e+00	1.887417e+01
2.120000e-06	1.268287e-06	3.348493e-10	8.800273e+00	2.067664e+01
2.130000e-06	1.313899e-06	3.593839e-10	9.116757e+00	2.246701e+01
2.140000e-06	1.359470e-06	3.798050e-10	9.432966e+00	2.424315e+01
2.150000e-06	1.404938e-06	3.975357e-10	9.748455e+00	2.600300e+01
2.160000e-06	1.450293e-06	4.196673e-10	1.006316e+01	2.774456e+01
2.170000e-06	1.495526e-06	4.446373e-10	1.037702e+01	2.946592e+01
2.180000e-06	1.540624e-06	4.699414e-10	1.068994e+01	3.116527e+01
2.190000e-06	1.585595e-06	4.941022e-10	1.100198e+01	3.284089e+01
2.200000e-06	1.630420e-06	5.199252e-10	1.131300e+01	3.449116e+01
2.210000e-06	1.675032e-06	5.421641e-10	1.162256e+01	3.611460e+01
2.220000e-06	1.719569e-06	5.587750e-10	1.193158e+01	3.770982e+01
2.230000e-06	1.764032e-06	5.742842e-10	1.224010e+01	3.927557e+01
2.240000e-06	1.808311e-06	5.912418e-10	1.254734e+01	4.081073e+01
2.250000e-06	1.852394e-06	6.104137e-10	1.285322e+01	4.231431e+01
2.260000e-06	1.896389e-06	6.314011e-10	1.315848e+01	4.378545e+01
2.270000e-06	1.940363e-06	6.554425e-10	1.346361e+01	4.522342e+01
2.280000e-06	1.984246e-06	6.776833e-10	1.376810e+01	4.662765e+01
2.290000e-06	2.028053e-06	6.955975e-10	1.407206e+01	4.799766e+01
2.300000e-06	2.071835e-06	7.108694e-10	1.437585e+01	4.933315e+01
2.310000e-06	2.115543e-06	7.241116e-10	1.467913e+01	5.063392e+01
2.320000e-06	2.159153e-06	7.393600e-10	1.498173e+01	5.189991e+01
2.330000e-06	2.202699e-06	7.561983e-10	1.528388e+01	5.313119e+01
2.340000e-06	2.246179e-06	7.729172e-10	1.558557e+01	5.432791e+01
2.350000e-06	2.289550e-06	7.888617e-10	1.588652e+01	5.549039e+01
2.360000e-06	2.332763e-06	8.027936e-10	1.618635e+01	5.661900e+01
2.370000e-06	2.375715e-06	8.155834e-10	1.648439e+01	5.771424e+01
2.380000e-06	2.418343e-06	8.283649e-10	1.678017e+01	5.877671e+01
2.390000e-06	2.460548e-06	8.447156e-10	1.707302e+01	5.980706e+01
2.400000e-06	2.502263e-06	8.605262e-10	1.736246e+01	6.080603e+01
2.410000e-06	2.543650e-06	8.760007e-10	1.764964e+01	6.177445e+01
2.420000e-06	2.584855e-06	8.915890e-10	1.793555e+01	6.271317e+01
2.430000e-06	2.625889e-06	9.051920e-10	1.822027e+01	6.362311e+01
2.440000e-06	2.666729e-06	9.155512e-10	1.850365e+01	6.450523e+01
2.450000e-06	2.707258e-06	9.259550e-10	1.878487e+01	6.536051e+01
2.460000e-06	2.747464e-06	9.373913e-10	1.906384e+01	6.618997e+01
2.470000e-06	2.787515e-06	9.500432e-10	1.934175e+01	6.699462e+01
2.480000e-06	2.827482e-06	9.644964e-10	1.961906e+01	6.777549e+01
2.490000e-06	2.867351e-06	9.794464e-10	1.989570e+01	6.853362e+01
2.500000e-06	2.907177e-06	9.930840e-10	2.017205e+01	6.927001e+01
2.510000e-06	2.946845e-06	1.003555e-09	2.044729e+01	6.998567e+01
2.520000e-06	2.986280e-06	1.010950e-09	2.072092e+01	7.068156e+01
2.530000e-06	3.025534e-06	1.017766e-09	2.099329e+01	7.135864e+01
2.540000e-06	3.064549e-06	1.026676e-09	2.126400e+01	7.201781e+01
2.550000e-06	3.103302e-06	1.037588e-09	2.153290e+01	7.265994e+01
2.560000e-06	3.141836e-06	1.047808e-09	2.180027e+01	7.328586e+01
2.570000e-06	3.180162e-06	1.058293e-09	2.206621e+01	7.389634e+01
2.580000e-06	3.218250e-06	1.068564e-09	2.233049e+01	7.449211e+01
2.590000e-06	3.256155e-06	1.077599e-09	2.259350e+01	7.507386e+01
2.600000e-06	3.293810e-06	1.086130e-09	2.285478e+01	7.564218e+01
2.610000e-06	3.331245e-06	1.091072e-09	2.311453e+01	7.619766e+01
2.620000e-06	3.368594e-06	1.094476e-09	2.337368e+01	7.674080e+01
2.630000e-06	3.405746e-06	1.098883e-09	2.363147e+01	7.727206e+01
2.640000e-06	3.442606e-06	1.107197e-09	2.388723e+01	7.779185e+01
2.650000e-06	3.479170e-06	1.116850e-09	2.414094e+01	7.830051e+01
2.660000e-06	3.515466e-06	1.125450e-09	2.439279e+01	7.879835e+01
2.670000e-06	3.551579e-06	1.133319e-09	2.464336e+01	7.928563e+01
2.680000e-06	3.587518e-06	1.139212e-09	2.489273e+01	7.976255e+01
2.690000e-06	3.623341e-06	1.142347e-09	2.514130e+01	8.022930e+01
2.700000e-06	3.659034e-06	1.145450e-09	2.538896e+01	8.068601e+01
2.710000e-06	3.694564e-06	1.151178e-09	2.563549e+01	8.113278e+01
2.720000e-06	3.729912e-06	1.159896e-09	2.588077e+01	8.156970e+01
2.730000e-06	3.764977e-06	1.168861e-09	2.612407e+01	8.199682e+01
2.740000e-06	3.799609e-06	1.177115e-09	2.636437e+01	8.241417e+01
2.750000e-06	3.833733e-06	1.183333e-09	2.660115e+01	8.282178e+01
2.760000e-06	3.867433e-06	1.189387e-09	2.683498e+01	8.321965e+01
2.770000e-06	3.900741e-06	1.194081e-09	2.706609e+01	8.360780e+01
2.780000e-06	3.933552e-06	1.198821e-09	2.729376e+01	8.398622e+01
2.790000e-06	3.965960e-06	1.205421e-09	2.751863e+01	8.435493e+01
2.800000e-06	3.998144e-06	1.212321e-09	2.774194e+01	8.471393e+01
2.810000e-06	4.030119e-06	1.219650e-09	2.796381e+01	8.506324e+01
2.820000e-06	4.061945e-06	1.226234e-09	2.818465e+01	8.540291e+01
2.830000e-06	4.093611e-06	1.232545e-09	2.840436e+01	8.573298e+01
2.840000e-06	4.125094e-06	1.238071e-09	2.862281e+01	8.605350e+01
2.850000e-06	4.156307e-06	1.242257e-09	2.883940e+01	8.636458e+01
2.860000e-06	4.187180e-06	1.245877e-09	2.905361e+01	8.666631e+01
2.870000e-06	4.217716e-06	1.251968e-09	2.926549e+01	8.695883e+01
2.880000e-06	4.247907e-06	1.259348e-09	2.947498e+01	8.724227e+01
2.890000e-06	4.277818e-06	1.266687e-09	2.968252e+01	8.751682e+01
2.900000e-06	4.307469e-06	1.273352e-09	2.988826e+01	8.778266e+01
2.910000e-06	4.336872e-06	1.278830e-09	3.009228e+01	8.804001e+01
2.920000e-06	4.366003e-06	1.282475e-09	3.029441e+01	8.828911e+01
2.930000e-06	4.394776e-06	1.282847e-09	3.049406e+01	8.853020e+01
2.940000e-06	4.423242e-06	1.283098e-09	3.069158e+01	8.876357e+01
2.950000e-06	4.451473e-06	1.285789e-09	3.088747e+01	8.898948e+01
2.960000e-06	4.479484e-06	1.288618e-09	3.108182e+01	8.920824e+01
2.970000e-06	4.507319e-06	1.292569e-09	3.127496e+01	8.942015e+01
2.980000e-06	4.534998e-06	1.298497e-09	3.146702e+01	8.962553e+01
2.990000e-06	4.562477e-06	1.305410e-09	3.165769e+01	8.982469e+01
3.000000e-06	4.589577e-06	1.312163e-09	3.184573e+01	9.001795e+01
3.010000e-06	4.616160e-06	1.316590e-09	3.203018e+01	9.020563e+01
3.020000e-06	4.642240e-06	1.318848e-09	3.221114e+01	9.038803e+01
3.030000e-06	4.667713e-06	1.319497e-09	3.238789e+01	9.056546e+01
3.040000e-06	4.692557e-06	1.319675e-09	3.256027e+01	9.073820e+01
3.050000e-06	4.716973e-06	1.321783e-09	3.272969e+01	9.090653e+01
3.060000e-06	4.741090e-06	1.325512e-09	3.289703e+01	9.107070e+01
3.070000e-06	4.764949e-06	1.329882e-09	3.306258e+01	9.123097e+01
3.080000e-06	4.788544e-06	1.334275e-09	3.322630e+01	9.138753e+01
3.090000e-06	4.811822e-06	1.338689e-09	3.338782e+01	9.154059e+01
3.100000e-06	4.834805e-06	1.341676e-09	3.354729e+01	9.169032e+01
3.110000e-06	4.857457e-06	1.343497e-09	3.370447e+01	9.183686e+01
3.120000e-06	4.879733e-06	1.345286e-09	3.385903e+01	9.198031e+01
3.130000e-06	4.901738e-06	1.347319e-09	3.401172e+01	9.212078e+01
3.140000e-06	4.923450e-06	1.349058e-09	3.416237e+01	9.225831e+01
3.150000e-06	4.944830e-06	1.351525e-09	3.431072e+01	9.239294e+01
3.160000e-06	4.965855e-06	1.355688e-09	3.445661e+01	9.252467e+01
3.170000e-06	4.986446e-06	1.359650e-09	3.459949e+01	9.265349e+01
3.180000e-06	5.006687e-06	1.362835e-09	3.473993e+01	9.277933e+01
3.190000e-06	5.026698e-06	1.365495e-09	3.487878e+01	9.290214e+01
3.200000e-06	5.046527e-06	1.368051e-09	3.501637e+01	9.302181e+01
3.210000e-06	5.066217e-06	1.370107e-09	3.515299e+01	9.313824e+01
3.220000e-06	5.085701e-06	1.372004e-09	3.528818e+01	9.325130e+01
3.230000e-06	5.104760e-06	1.373397e-09	3.542043e+01	9.336084e+01
3.240000e-06	5.123349e-06	1.373845e-09	3.554941e+01	9.346672e+01
3.250000e-06	5.141460e-06	1.375019e-09	3.567508e+01	9.356876e+01
3.260000e-06	5.159082e-06	1.377791e-09	3.579736e+01	9.366681e+01
3.270000e-06	5.176341e-06	1.380722e-09	3.591711e+01	9.376070e+01
3.280000e-06	5.193319e-06	1.383522e-09	3.603491e+01	9.385025e+01
3.290000e-06	5.210110e-06	1.386279e-09	3.615142e+01	9.393532e+01
3.300000e-06	5.226593e-06	1.389090e-09	3.626579e+01	9.401574e+01
3.310000e-06	5.242619e-06	1.392214e-09	3.637699e+01	9.409137e+01
3.320000e-06	5.258135e-06	1.395000e-09	3.648465e+01	9.416210e+01
3.330000e-06	5.273156e-06	1.397046e-09	3.658888e+01	9.422780e+01
3.340000e-06	5.287689e-06	1.398620e-09	3.668972e+01	9.428840e+01
3.350000e-06	5.301733e-06	1.400651e-09	3.678717e+01	9.434382e+01
3.360000e-06	5.315441e-06	1.402295e-09	3.688228e+01	9.439402e+01
3.370000e-06	5.328853e-06	1.403166e-09	3.697534e+01	9.443899e+01
3.380000e-06	5.341888e-06	1.403978e-09	3.706579e+01	9.447873e+01
3.390000e-06	5.354517e-06	1.404872e-09	3.715342e+01	9.451329e+01
3.400000e-06	5.366757e-06	1.407102e-09	3.723835e+01	9.454273e+01
3.410000e-06	5.378638e-06	1.410516e-09	3.732079e+01	9.456716e+01
3.420000e-06	5.390184e-06	1.414004e-09	3.740090e+01	9.458669e+01
3.430000e-06	5.401342e-06	1.417206e-09	3.747833e+01	9.460149e+01
3.440000e-06	5.411999e-06	1.421140e-09	3.755227e+01	9.461174e+01
3.450000e-06	5.422128e-06	1.425096e-09	3.762255e+01	9.461766e+01
3.460000e-06	5.431570e-06	1.427735e-09	3.768807e+01	9.461947e+01
3.470000e-06	5.440330e-06	1.428521e-09	3.774885e+01	9.461744e+01
3.480000e-06	5.448610e-06	1.427548e-09	3.780630e+01	9.461185e+01
3.490000e-06	5.456555e-06	1.428156e-09	3.786143e+01	9.460299e+01
3.500000e-06	5.464288e-06	1.431574e-09	3.791509e+01	9.459118e+01
3.510000e-06	5.471755e-06	1.435750e-09	3.796690e+01	9.457675e+01
3.520000e-06	5.478907e-06	1.438079e-09	3.801652e+01	9.456002e+01
3.530000e-06	5.485680e-06	1.440419e-09	3.806352e+01	9.454135e+01
3.540000e-06	5.492064e-06	1.441600e-09	3.810782e+01	9.452106e+01
3.550000e-06	5.498056e-06	1.437902e-09	3.814939e+01	9.449951e+01
3.560000e-06	5.503672e-06	1.434006e-09	3.818836e+01	9.447702e+01
3.570000e-06	5.508942e-06	1.434801e-09	3.822493e+01	9.445392e+01
3.580000e-06	5.513802e-06	1.438210e-09	3.825865e+01	9.443052e+01
3.590000e-06	5.518276e-06	1.440788e-09	3.828969e+01	9.440712e+01
3.600000e-06	5.522436e-06	1.444126e-09	3.831856e+01	9.438399e+01
3.610000e-06	5.526352e-06	1.448796e-09	3.834573e+01	9.436139e+01
3.620000e-06	5.530061e-06	1.450530e-09	3.837147e+01	9.433954e+01
3.630000e-06	5.533474e-06	1.449700e-09	3.839515e+01	9.431864e+01
3.640000e-06	5.536443e-06	1.449192e-09	3.841575e+01	9.429886e+01
3.650000e-06	5.538924e-06	1.448618e-09	3.843296e+01	9.428033e+01
3.660000e-06	5.540869e-06	1.448427e-09	3.844646e+01	9.426316e+01
3.670000e-06	5.542057e-06	1.451398e-09	3.845470e+01	9.424740e+01
3.680000e-06	5.542610e-06	1.455911e-09	3.845854e+01	9.423309e+01
3.690000e-06	5.542820e-06	1.456404e-09	3.846000e+01	9.422021e+01
3.700000e-06	5.542766e-06	1.457080e-09	3.845962e+01	9.420870e+01
3.710000e-06	5.542527e-06	1.455770e-09	3.845796e+01	9.419850e+01
3.720000e-06	5.541998e-06	1.450860e-09	3.845430e+01	9.418947e+01
3.730000e-06	5.541017e-06	1.447323e-09	3.844749e+01	9.418145e+01
3.740000e-06	5.539627e-06	1.445682e-09	3.843784e+01	9.417425e+01
3.750000e-06	5.537916e-06	1.446056e-09	3.842597e+01	9.416765e+01
3.760000e-06	5.535843e-06	1.440965e-09	3.841159e+01	9.416139e+01
3.770000e-06	5.533398e-06	1.445716e-09	3.839462e+01	9.415519e+01
3.780000e-06	5.530630e-06	1.461670e-09	3.837541e+01	9.414874e+01
3.790000e-06	5.527424e-06	1.439277e-09	3.835317e+01	9.414170e+01
3.800000e-06	5.523684e-06	1.402197e-09	3.832722e+01	9.413375e+01
3.810000e-06	5.519506e-06	1.428955e-09	3.829823e+01	9.412450e+01
3.820000e-06	5.515115e-06	1.504050e-09	3.826776e+01	9.411360e+01
3.830000e-06	5.510669e-06	1.536639e-09	3.823691e+01	9.410065e+01
3.840000e-06	5.505921e-06	1.455278e-09	3.820397e+01	9.408528e+01
3.850000e-06	5.500462e-06	1.428144e-09	3.816609e+01	9.406711e+01
3.860000e-06	5.494369e-06	1.458042e-09	3.812381e+01	9.404576e+01
3.870000e-06	5.487986e-06	1.462068e-09	3.807952e+01	9.402086e+01
3.880000e-06	5.481254e-06	1.374294e-09	3.803281e+01	9.399206e+01
3.890000e-06	5.473931e-06	1.353674e-09	3.798199e+01	9.395901e+01
3.900000e-06	5.466091e-06	1.481031e-09	3.792760e+01	9.392140e+01
3.910000e-06	5.457957e-06	1.508137e-09	3.787116e+01	9.387893e+01
3.920000e-06	5.449493e-06	1.405599e-09	3.781243e+01	9.383133e+01
3.930000e-06	5.440608e-06	1.325983e-09	3.775078e+01	9.377834e+01
3.940000e-06	5.431411e-06	1.425271e-09	3.768696e+01	9.371977e+01
3.950000e-06	5.421999e-06	1.451526e-09	3.762165e+01	9.365542e+01
3.960000e-06	5.412176e-06	1.400142e-09	3.755350e+01	9.358516e+01
3.970000e-06	5.401829e-06	1.383495e-09	3.748170e+01	9.350886e+01
3.980000e-06	5.391177e-06	1.469537e-09	3.740779e+01	9.342646e+01
3.990000e-06	5.380199e-06	1.461764e-09	3.733162e+01	9.333791e+01
4.000000e-06	5.368748e-06	1.392220e-09	3.725216e+01	9.324321e+01
4.010000e-06	5.356832e-06	1.385963e-09	3.716948e+01	9.314239e+01
4.020000e-06	5.344571e-06	1.431572e-09	3.708441e+01	9.303553e+01
4.030000e-06	5.331859e-06	1.421505e-09	3.699620e+01	9.292272e+01
4.040000e-06	5.318504e-06	1.392601e-09	3.690353e+01	9.280410e+01
4.050000e-06	5.304701e-06	1.424100e-09	3.680776e+01	9.267983e+01
4.060000e-06	5.290518e-06	1.447702e-09	3.670935e+01	9.255011e+01
4.070000e-06	5.275789e-06	1.411485e-09	3.660715e+01	9.241516e+01
4.080000e-06	5.260438e-06	1.356918e-09	3.650063e+01	9.227521e+01
4.090000e-06	5.244642e-06	1.385028e-09	3.639103e+01	9.213054e+01
4.100000e-06	5.228651e-06	1.425916e-09	3.628007e+01	9.198142e+01
4.110000e-06	5.212407e-06	1.410821e-09	3.616736e+01	9.182813e+01
4.120000e-06	5.195830e-06	1.361172e-09	3.605233e+01	9.167100e+01
4.130000e-06	5.178925e-06	1.393630e-09	3.593504e+01	9.151031e+01
4.140000e-06	5.161631e-06	1.406279e-09	3.581504e+01	9.134639e+01
4.150000e-06	5.143848e-06	1.356065e-09	3.569165e+01	9.117955e+01
4.160000e-06	5.125724e-06	1.324832e-09	3.556589e+01	9.101008e+01
4.170000e-06	5.107327e-06	1.380622e-09	3.543824e+01	9.083830e+01
4.180000e-06	5.088476e-06	1.372094e-09	3.530744e+01	9.066448e+01
4.190000e-06	5.069296e-06	1.337471e-09	3.517435e+01	9.048890e+01
4.200000e-06	5.049884e-06	1.367405e-09	3.503966e+01	9.031182e+01
4.210000e-06	5.030150e-06	1.398298e-09	3.490273e+01	9.013347e+01
4.220000e-06	5.010110e-06	1.340082e-09	3.476368e+01	8.995406e+01
4.230000e-06	4.989871e-06	1.327483e-09	3.462325e+01	8.977379e+01
4.240000e-06	4.969366e-06	1.365066e-09	3.448097e+01	8.959281e+01
4.250000e-06	4.948499e-06	1.354867e-09	3.433618e+01	8.941126e+01
4.260000e-06	4.927270e-06	1.332728e-09	3.418888e+01	8.922925e+01
4.270000e-06	4.905497e-06	1.366271e-09	3.403780e+01	8.904684e+01
4.280000e-06	4.882947e-06	1.366039e-09	3.388133e+01	8.886409e+01
4.290000e-06	4.859732e-06	1.336247e-09	3.372025e+01	8.868101e+01
4.300000e-06	4.836248e-06	1.354177e-09	3.355730e+01	8.849758e+01
4.310000e-06	4.812553e-06	1.372133e-09	3.339289e+01	8.831376e+01
4.320000e-06	4.788559e-06	1.340664e-09	3.322640e+01	8.812947e+01
4.330000e-06	4.764239e-06	1.332260e-09	3.305766e+01	8.794460e+01
4.340000e-06	4.739659e-06	1.359953e-09	3.288710e+01	8.775903e+01
4.350000e-06	4.714874e-06	1.352822e-09	3.271512e+01	8.757260e+01
4.360000e-06	4.689722e-06	1.331289e-09	3.254060e+01	8.738514e+01
4.370000e-06	4.664218e-06	1.332897e-09	3.236364e+01	8.719644e+01
4.380000e-06	4.638404e-06	1.336658e-09	3.218452e+01	8.700630e+01
4.390000e-06	4.612248e-06	1.321940e-09	3.200303e+01	8.681449e+01
4.400000e-06	4.585765e-06	1.327874e-09	3.181928e+01	8.662075e+01
4.410000e-06	4.559003e-06	1.341014e-09	3.163358e+01	8.642485e+01
4.420000e-06	4.531930e-06	1.335689e-09	3.144573e+01	8.622651e+01
4.430000e-06	4.504486e-06	1.317508e-09	3.125530e+01	8.602549e+01
4.440000e-06	4.476741e-06	1.323247e-09	3.106279e+01	8.582151e+01
4.450000e-06	4.448757e-06	1.327074e-09	3.086861e+01	8.561431e+01
4.460000e-06	4.420614e-06	1.317306e-09	3.067334e+01	8.540364e+01
4.470000e-06	4.392381e-06	1.306123e-09	3.047744e+01	8.518924e+01
4.480000e-06	4.363935e-06	1.311159e-09	3.028006e+01	8.497088e+01
4.490000e-06	4.335037e-06	1.307171e-09	3.007955e+01	8.474833e+01
4.500000e-06	4.305604e-06	1.303480e-09	2.987532e+01	8.452137e+01
4.510000e-06	4.275622e-06	1.305375e-09	2.966728e+01	8.428981e+01
4.520000e-06	4.245190e-06	1.305645e-09	2.945613e+01	8.405347e+01
4.530000e-06	4.214218e-06	1.293879e-09	2.924122e+01	8.381219e+01
4.540000e-06	4.182718e-06	1.290816e-09	2.902265e+01	8.356583e+01
4.550000e-06	4.151021e-06	1.292629e-09	2.880271e+01	8.331426e+01
4.560000e-06	4.119145e-06	1.288082e-09	2.858154e+01	8.305740e+01
4.570000e-06	4.087036e-06	1.278027e-09	2.835874e+01	8.279517e+01
4.580000e-06	4.054742e-06	1.275266e-09	2.813466e+01	8.252751e+01
4.590000e-06	4.022279e-06	1.275426e-09	2.790941e+01	8.225440e+01
4.600000e-06	3.989639e-06	1.275657e-09	2.768293e+01	8.197583e+01
4.610000e-06	3.956710e-06	1.275360e-09	2.745445e+01	8.169180e+01
4.620000e-06	3.923492e-06	1.270566e-09	2.722396e+01	8.140236e+01
4.630000e-06	3.889999e-06	1.260138e-09	2.699156e+01	8.110755e+01
4.640000e-06	3.856193e-06	1.250756e-09	2.675699e+01	8.080744e+01
4.650000e-06	3.822169e-06	1.248165e-09	2.652091e+01	8.050211e+01
4.660000e-06	3.787919e-06	1.245004e-09	2.628326e+01	8.019166e+01
4.670000e-06	3.753326e-06	1.242073e-09	2.604323e+01	7.987620e+01
4.680000e-06	3.718375e-06	1.238979e-09	2.580071e+01	7.955585e+01
4.690000e-06	3.683165e-06	1.239270e-09	2.555640e+01	7.923073e+01
4.700000e-06	3.647710e-06	1.238896e-09	2.531039e+01	7.890099e+01
4.710000e-06	3.612043e-06	1.238016e-09	2.506290e+01	7.856675e+01
4.720000e-06	3.576192e-06	1.231820e-09	2.481414e+01	7.822816e+01
4.730000e-06	3.540174e-06	1.226388e-09	2.456423e+01	7.788535e+01
4.740000e-06	3.504027e-06	1.221193e-09	2.431341e+01	7.753846e+01
4.750000e-06	3.467751e-06	1.217453e-09	2.406171e+01	7.718764e+01
4.760000e-06	3.431357e-06	1.210124e-09	2.380918e+01	7.683300e+01
4.770000e-06	3.394760e-06	1.203667e-09	2.355524e+01	7.647466e+01
4.780000e-06	3.357805e-06	1.195190e-09	2.329882e+01	7.611275e+01
4.790000e-06	3.320527e-06	1.189109e-09	2.304016e+01	7.574736e+01
4.800000e-06	3.282921e-06	1.185691e-09	2.277922e+01	7.537857e+01
4.810000e-06	3.244812e-06	1.183315e-09	2.251479e+01	7.500649e+01
4.820000e-06	3.206229e-06	1.176648e-09	2.224708e+01	7.463115e+01
4.830000e-06	3.167289e-06	1.172217e-09	2.197689e+01	7.425263e+01
4.840000e-06	3.128088e-06	1.169220e-09	2.170488e+01	7.387097e+01
4.850000e-06	3.088721e-06	1.163855e-09	2.143172e+01	7.348617e+01
4.860000e-06	3.049136e-06	1.156022e-09	2.115706e+01	7.309826e+01
4.870000e-06	3.009391e-06	1.149004e-09	2.088128e+01	7.270724e+01
4.880000e-06	2.969459e-06	1.143433e-09	2.060420e+01	7.231308e+01
4.890000e-06	2.929351e-06	1.139837e-09	2.032591e+01	7.191575e+01
4.900000e-06	2.889145e-06	1.140177e-09	2.004693e+01	7.151521e+01
4.910000e-06	2.848777e-06	1.140224e-09	1.976682e+01	7.111140e+01
4.920000e-06	2.808284e-06	1.134132e-09	1.948586e+01	7.070426e+01
4.930000e-06	2.767633e-06	1.125557e-09	1.920379e+01	7.029369e+01
4.940000e-06	2.726781e-06	1.119647e-09	1.892033e+01	6.987962e+01
4.950000e-06	2.685702e-06	1.111091e-09	1.863530e+01	6.946193e+01
4.960000e-06	2.644438e-06	1.100298e-09	1.834898e+01	6.904052e+01
4.970000e-06	2.603120e-06	1.092596e-09	1.806228e+01	6.861527e+01
4.980000e-06	2.561612e-06	1.089481e-09	1.777427e+01	6.818604e+01
4.990000e-06	2.519854e-06	1.086629e-09	1.748453e+01	6.775270e+01
5.000000e-06	2.477952e-06	1.084171e-09	1.719378e+01	6.731510e+01
5.010000e-06	2.435858e-06	1.077510e-09	1.690170e+01	6.687308e+01
5.020000e-06	2.393550e-06	1.066991e-09	1.660814e+01	6.642650e+01
5.030000e-06	2.351111e-06	1.056401e-09	1.631367e+01	6.597517e+01
5.040000e-06	2.308503e-06	1.050129e-09	1.601803e+01	6.551893e+01
5.050000e-06	2.265691e-06	1.042560e-09	1.572097e+01	6.505757e+01
5.060000e-06	2.222714e-06	1.034362e-09	1.542276e+01	6.459091e+01
5.070000e-06	2.179603e-06	1.028503e-09	1.512362e+01	6.411874e+01
5.080000e-06	2.136321e-06	1.022281e-09	1.482330e+01	6.364085e+01
5.090000e-06	2.092808e-06	1.012728e-09	1.452138e+01	6.315699e+01
5.100000e-06	2.049144e-06	1.004273e-09	1.421841e+01	6.266693e+01
5.110000e-06	2.005422e-06	9.968581e-10	1.391503e+01	6.217040e+01
5.120000e-06	1.961640e-06	9.909960e-10	1.361124e+01	6.166713e+01
5.130000e-06	1.917754e-06	9.860225e-10	1.330673e+01	6.115681e+01
5.140000e-06	1.873782e-06	9.814964e-10	1.300162e+01	6.063914e+01
5.150000e-06	1.829721e-06	9.749006e-10	1.269590e+01	6.011378e+01
5.160000e-06	1.785612e-06	9.657514e-10	1.238984e+01	5.958035e+01
5.170000e-06	1.741438e-06	9.559360e-10	1.208333e+01	5.903846e+01
5.180000e-06	1.697173e-06	9.454348e-10	1.177618e+01	5.848771e+01
5.190000e-06	1.652819e-06	9.354864e-10	1.146842e+01	5.792765e+01
5.200000e-06	1.608411e-06	9.296953e-10	1.116029e+01	5.735778e+01
5.210000e-06	1.563903e-06	9.271362e-10	1.085146e+01	5.677762e+01
5.220000e-06	1.519297e-06	9.214291e-10	1.054195e+01	5.618660e+01
5.230000e-06	1.474656e-06	9.141022e-10	1.023221e+01	5.558416e+01
5.240000e-06	1.429838e-06	9.041654e-10	9.921229e+00	5.496969e+01
5.250000e-06	1.384851e-06	8.904826e-10	9.609076e+00	5.434252e+01
5.260000e-06	1.339843e-06	8.762186e-10	9.296779e+00	5.370200e+01
5.270000e-06	1.294787e-06	8.646226e-10	8.984148e+00	5.304739e+01
5.280000e-06	1.249500e-06	8.537705e-10	8.669916e+00	5.237795e+01
5.290000e-06	1.203993e-06	8.442747e-10	8.354154e+00	5.169290e+01
5.300000e-06	1.158371e-06	8.368603e-10	8.037593e+00	5.099142e+01
5.310000e-06	1.112708e-06	8.298651e-10	7.720751e+00	5.027268e+01
5.320000e-06	1.067017e-06	8.220131e-10	7.403714e+00	4.953581e+01
5.330000e-06	1.021238e-06	8.131818e-10	7.086071e+00	4.877993e+01
5.340000e-06	9.753037e-07	8.005649e-10	6.767346e+00	4.800413e+01
5.350000e-06	9.292556e-07	7.850519e-10	6.447831e+00	4.720749e+01
5.360000e-06	8.832736e-07	7.697200e-10	6.128775e+00	4.638908e+01
5.370000e-06	8.372772e-07	7.555672e-10	5.809620e+00	4.554798e+01
5.380000e-06	7.911812e-07	7.414590e-10	5.489774e+00	4.468324e+01
5.390000e-06	7.449849e-07	7.281576e-10	5.169231e+00	4.379394e+01
5.400000e-06	6.986920e-07	7.146404e-10	4.848018e+00	4.287918e+01
5.410000e-06	6.524550e-07	6.999942e-10	4.527194e+00	4.193805e+01
5.420000e-06	6.061222e-07	6.846563e-10	4.205704e+00	4.096969e+01
5.430000e-06	5.596305e-07	6.677424e-10	3.883112e+00	3.997328e+01
5.440000e-06	5.131645e-07	6.490671e-10	3.560698e+00	3.894801e+01
5.450000e-06	4.667752e-07	6.291713e-10	3.238816e+00	3.789315e+01
5.460000e-06	4.203413e-07	6.100912e-10	2.916625e+00	3.680800e+01
5.470000e-06	3.738091e-07	5.926033e-10	2.593751e+00	3.569195e+01
5.480000e-06	3.272670e-07	5.761730e-10	2.270809e+00	3.454443e+01
5.490000e-06	2.807290e-07	5.610288e-10	1.947896e+00	3.336496e+01
5.500000e-06	2.341898e-07	5.457804e-10	1.624974e+00	3.215315e+01
5.510000e-06	1.876425e-07	5.270603e-10	1.301996e+00	3.090870e+01
5.520000e-06	1.410521e-07	5.062581e-10	9.787193e-01	2.963140e+01
5.530000e-06	9.449596e-08	4.842142e-10	6.556797e-01	2.832114e+01
5.540000e-06	4.796987e-08	4.604727e-10	3.328488e-01	2.697792e+01
5.550000e-06	1.368880e-09	4.373096e-10	9.498257e-03	2.560186e+01
5.560000e-06	-4.524251e-08	4.149074e-10	-3.139245e-01	2.419319e+01
5.570000e-06	-9.184422e-08	3.937454e-10	-6.372800e-01	2.275226e+01
5.580000e-06	-1.384314e-07	3.721055e-10	-9.605345e-01	2.127954e+01
5.590000e-06	-1.849717e-07	3.470467e-10	-1.283464e+00	1.977565e+01
5.600000e-06	-2.315317e-07	3.237460e-10	-1.606530e+00	1.824129e+01
5.610000e-06	-2.781854e-07	3.018443e-10	-1.930247e+00	1.667733e+01
5.620000e-06	-3.249028e-07	2.777150e-10	-2.254405e+00	1.508474e+01
5.630000e-06	-3.715324e-07	2.511967e-10	-2.577954e+00	1.346464e+01
5.640000e-06	-4.180243e-07	2.231820e-10	-2.900548e+00	1.181823e+01
5.650000e-06	-4.644990e-07	1.932638e-10	-3.223022e+00	1.014689e+01
5.660000e-06	-5.109253e-07	1.605968e-10	-3.545161e+00	8.452058e+00
5.670000e-06	-5.573272e-07	1.302383e-10	-3.867130e+00	6.735323e+00
5.680000e-06	-6.036567e-07	1.024440e-10	-4.188596e+00	4.998363e+00
5.690000e-06	-6.498883e-07	7.289569e-11	-4.509384e+00	3.242959e+00
5.700000e-06	-6.961154e-07	4.157595e-11	-4.830140e+00	1.470985e+00
5.710000e-06	-7.422985e-07	1.128749e-11	-5.150591e+00	-3.156018e-01
5.720000e-06	-7.884534e-07	-1.902836e-11	-5.470846e+00	-2.114766e+00
5.730000e-06	-8.345631e-07	-5.083231e-11	-5.790788e+00	-3.924407e+00
5.740000e-06	-8.805634e-07	-8.233285e-11	-6.109970e+00	-5.742365e+00
5.750000e-06	-9.264777e-07	-1.133460e-10	-6.428556e+00	-7.566436e+00
5.760000e-06	-9.723228e-07	-1.447055e-10	-6.746662e+00	-9.394376e+00
5.770000e-06	-1.018125e-06	-1.747936e-10	-7.064468e+00	-1.122392e+01
5.780000e-06	-1.063808e-06	-2.028077e-10	-7.381450e+00	-1.305278e+01
5.790000e-06	-1.109414e-06	-2.324179e-10	-7.697899e+00	-1.487867e+01
5.800000e-06	-1.154972e-06	-2.635899e-10	-8.014010e+00	-1.669932e+01
5.810000e-06	-1.200408e-06	-2.955233e-10	-8.329281e+00	-1.851246e+01
5.820000e-06	-1.245718e-06	-3.275984e-10	-8.643671e+00	-2.031586e+01
5.830000e-06	-1.290866e-06	-3.592008e-10	-8.956937e+00	-2.210735e+01
5.840000e-06	-1.335888e-06	-3.899862e-10	-9.269335e+00	-2.388478e+01
5.850000e-06	-1.380806e-06	-4.192959e-10	-9.581004e+00	-2.564609e+01
5.860000e-06	-1.425638e-06	-4.491121e-10	-9.892083e+00	-2.738927e+01
5.870000e-06	-1.470343e-06	-4.785927e-10	-1.020227e+01	-2.911241e+01
5.880000e-06	-1.514972e-06	-5.068731e-10	-1.051194e+01	-3.081369e+01
5.890000e-06	-1.559514e-06	-5.372003e-10	-1.082101e+01	-3.249137e+01
5.900000e-06	-1.603914e-06	-5.675842e-10	-1.112909e+01	-3.414384e+01
5.910000e-06	-1.648251e-06	-5.931712e-10	-1.143673e+01	-3.576959e+01
5.920000e-06	-1.692539e-06	-6.173099e-10	-1.174403e+01	-3.736723e+01
5.930000e-06	-1.736761e-06	-6.415389e-10	-1.205087e+01	-3.893551e+01
5.940000e-06	-1.780876e-06	-6.658776e-10	-1.235697e+01	-4.047329e+01
5.950000e-06	-1.824897e-06	-6.928787e-10	-1.266242e+01	-4.197956e+01
5.960000e-06	-1.868917e-06	-7.201891e-10	-1.296787e+01	-4.345345e+01
5.970000e-06	-1.912933e-06	-7.448731e-10	-1.327328e+01	-4.489424e+01
5.980000e-06	-1.956819e-06	-7.673158e-10	-1.357779e+01	-4.630132e+01
5.990000e-06	-2.000582e-06	-7.890824e-10	-1.388145e+01	-4.767422e+01
6.000000e-06	-2.044232e-06	-8.106376e-10	-1.418433e+01	-4.901262e+01
6.010000e-06	-2.087748e-06	-8.295554e-10	-1.448627e+01	-5.031631e+01
6.020000e-06	-2.131199e-06	-8.469399e-10	-1.478776e+01	-5.158523e+01
6.030000e-06	-2.174469e-06	-8.660286e-10	-1.508800e+01	-5.281941e+01
6.040000e-06	-2.217546e-06	-8.866682e-10	-1.538690e+01	-5.401903e+01
6.050000e-06	-2.260464e-06	-9.070453e-10	-1.568469e+01	-5.518437e+01
6.060000e-06	-2.303174e-06	-9.263422e-10	-1.598105e+01	-5.631581e+01
6.070000e-06	-2.345694e-06	-9.432662e-10	-1.627608e+01	-5.741384e+01
6.080000e-06	-2.388051e-06	-9.606352e-10	-1.656999e+01	-5.847904e+01
6.090000e-06	-2.430266e-06	-9.799267e-10	-1.686290e+01	-5.951206e+01
6.100000e-06	-2.472288e-06	-9.957514e-10	-1.715448e+01	-6.051364e+01
6.110000e-06	-2.514124e-06	-1.006685e-09	-1.744477e+01	-6.148460e+01
6.120000e-06	-2.555772e-06	-1.017656e-09	-1.773375e+01	-6.242578e+01
6.130000e-06	-2.597284e-06	-1.031188e-09	-1.802179e+01	-6.333811e+01
6.140000e-06	-2.638627e-06	-1.045478e-09	-1.830865e+01	-6.422253e+01
6.150000e-06	-2.679706e-06	-1.063171e-09	-1.859369e+01	-6.508004e+01
6.160000e-06	-2.720557e-06	-1.080033e-09	-1.887715e+01	-6.591163e+01
6.170000e-06	-2.761187e-06	-1.093653e-09	-1.915907e+01	-6.671834e+01
6.180000e-06	-2.801661e-06	-1.106533e-09	-1.943990e+01	-6.750118e+01
6.190000e-06	-2.842002e-06	-1.118566e-09	-1.971982e+01	-6.826118e+01
6.200000e-06	-2.882227e-06	-1.127597e-09	-1.999893e+01	-6.899937e+01
6.210000e-06	-2.922354e-06	-1.136446e-09	-2.027735e+01	-6.971674e+01
6.220000e-06	-2.962275e-06	-1.146564e-09	-2.055435e+01	-7.041427e+01
6.230000e-06	-3.002081e-06	-1.154724e-09	-2.083056e+01	-7.109291e+01
6.240000e-06	-3.041792e-06	-1.162998e-09	-2.110610e+01	-7.175356e+01
6.250000e-06	-3.081313e-06	-1.173772e-09	-2.138032e+01	-7.239710e+01
6.260000e-06	-3.120636e-06	-1.187106e-09	-2.165318e+01	-7.302437e+01
6.270000e-06	-3.159635e-06	-1.200122e-09	-2.192378e+01	-7.363613e+01
6.280000e-06	-3.198273e-06	-1.209417e-09	-2.219188e+01	-7.423313e+01
6.290000e-06	-3.236482e-06	-1.216595e-09	-2.245700e+01	-7.481604e+01
6.300000e-06	-3.274200e-06	-1.224083e-09	-2.271871e+01	-7.538549e+01
6.310000e-06	-3.311506e-06	-1.233308e-09	-2.297757e+01	-7.594204e+01
6.320000e-06	-3.348499e-06	-1.244286e-09	-2.323425e+01	-7.648621e+01
6.330000e-06	-3.385230e-06	-1.256101e-09	-2.348912e+01	-7.701847e+01
6.340000e-06	-3.421693e-06	-1.268249e-09	-2.374212e+01	-7.753923e+01
6.350000e-06	-3.457945e-06	-1.277070e-09	-2.399366e+01	-7.804883e+01
6.360000e-06	-3.494028e-06	-1.284517e-09	-2.424403e+01	-7.854758e+01
6.370000e-06	-3.530010e-06	-1.291199e-09	-2.449370e+01	-7.903575e+01
6.380000e-06	-3.565914e-06	-1.299597e-09	-2.474283e+01	-7.951356e+01
6.390000e-06	-3.601627e-06	-1.308544e-09	-2.499063e+01	-7.998117e+01
6.400000e-06	-3.637165e-06	-1.316475e-09	-2.523722e+01	-8.043874e+01
6.410000e-06	-3.672481e-06	-1.325016e-09	-2.548227e+01	-8.088636e+01
6.420000e-06	-3.707423e-06	-1.331729e-09	-2.572472e+01	-8.132412e+01
6.430000e-06	-3.742090e-06	-1.334917e-09	-2.596527e+01	-8.175208e+01
6.440000e-06	-3.776538e-06	-1.337450e-09	-2.620429e+01	-8.217027e+01
6.450000e-06	-3.810681e-06	-1.341345e-09	-2.644119e+01	-8.257871e+01
6.460000e-06	-3.844556e-06	-1.347156e-09	-2.667625e+01	-8.297742e+01
6.470000e-06	-3.878230e-06	-1.355146e-09	-2.690990e+01	-8.336640e+01
6.480000e-06	-3.911548e-06	-1.363724e-09	-2.714108e+01	-8.374566e+01
6.490000e-06	-3.944472e-06	-1.372771e-09	-2.736953e+01	-8.411520e+01
6.500000e-06	-3.977138e-06	-1.381111e-09	-2.759619e+01	-8.447503e+01
6.510000e-06	-4.009586e-06	-1.386662e-09	-2.782134e+01	-8.482518e+01
6.520000e-06	-4.041888e-06	-1.389643e-09	-2.804548e+01	-8.516567e+01
6.530000e-06	-4.074037e-06	-1.391313e-09	-2.826855e+01	-8.549656e+01
6.540000e-06	-4.105963e-06	-1.393339e-09	-2.849007e+01	-8.581790e+01
6.550000e-06	-4.137640e-06	-1.396688e-09	-2.870986e+01	-8.612979e+01
6.560000e-06	-4.169062e-06	-1.401892e-09	-2.892789e+01	-8.643232e+01
6.570000e-06	-4.200109e-06	-1.409055e-09	-2.914332e+01	-8.672562e+01
6.580000e-06	-4.230579e-06	-1.414521e-09	-2.935474e+01	-8.700984e+01
6.590000e-06	-4.260632e-06	-1.417666e-09	-2.956327e+01	-8.728515e+01
6.600000e-06	-4.290282e-06	-1.420478e-09	-2.976901e+01	-8.755173e+01
6.610000e-06	-4.319366e-06	-1.422638e-09	-2.997081e+01	-8.780981e+01
6.620000e-06	-4.348000e-06	-1.423552e-09	-3.016949e+01	-8.805961e+01
6.630000e-06	-4.376331e-06	-1.424523e-09	-3.036607e+01	-8.830138e+01
6.640000e-06	-4.404457e-06	-1.426529e-09	-3.056123e+01	-8.853540e+01
6.650000e-06	-4.432462e-06	-1.431234e-09	-3.075555e+01	-8.876195e+01
6.660000e-06	-4.460258e-06	-1.438222e-09	-3.094842e+01	-8.898131e+01
6.670000e-06	-4.487729e-06	-1.445115e-09	-3.113903e+01	-8.919381e+01
6.680000e-06	-4.514911e-06	-1.448987e-09	-3.132764e+01	-8.939975e+01
6.690000e-06	-4.541785e-06	-1.451813e-09	-3.151411e+01	-8.959944e+01
6.700000e-06	-4.568240e-06	-1.452216e-09	-3.169768e+01	-8.979321e+01
6.710000e-06	-4.594370e-06	-1.448961e-09	-3.187898e+01	-8.998136e+01
6.720000e-06	-4.620283e-06	-1.446574e-09	-3.205878e+01	-9.016421e+01
6.730000e-06	-4.645846e-06	-1.447320e-09	-3.223616e+01	-9.034207e+01
6.740000e-06	-4.671065e-06	-1.450064e-09	-3.241114e+01	-9.051521e+01
6.750000e-06	-4.695971e-06	-1.454374e-09	-3.258396e+01	-9.068392e+01
6.760000e-06	-4.720559e-06	-1.460028e-09	-3.275457e+01	-9.084846e+01
6.770000e-06	-4.744907e-06	-1.464614e-09	-3.292352e+01	-9.100906e+01
6.780000e-06	-4.769063e-06	-1.465161e-09	-3.309112e+01	-9.116595e+01
6.790000e-06	-4.793036e-06	-1.462710e-09	-3.325747e+01	-9.131933e+01
6.800000e-06	-4.816704e-06	-1.460272e-09	-3.342169e+01	-9.146935e+01
6.810000e-06	-4.839918e-06	-1.459164e-09	-3.358277e+01	-9.161617e+01
6.820000e-06	-4.862650e-06	-1.459928e-09	-3.374050e+01	-9.175990e+01
6.830000e-06	-4.884896e-06	-1.461967e-09	-3.389486e+01	-9.190064e+01
6.840000e-06	-4.906588e-06	-1.466599e-09	-3.404537e+01	-9.203844e+01
6.850000e-06	-4.927688e-06	-1.467836e-09	-3.419178e+01	-9.217334e+01
6.860000e-06	-4.948397e-06	-1.467053e-09	-3.433547e+01	-9.230534e+01
6.870000e-06	-4.968840e-06	-1.464847e-09	-3.447732e+01	-9.243442e+01
6.880000e-06	-4.989025e-06	-1.463283e-09	-3.461738e+01	-9.256054e+01
6.890000e-06	-5.009032e-06	-1.464196e-09	-3.475620e+01	-9.268362e+01
6.900000e-06	-5.028811e-06	-1.466704e-09	-3.489344e+01	-9.280359e+01
6.910000e-06	-5.048221e-06	-1.470401e-09	-3.502812e+01	-9.292032e+01
6.920000e-06	-5.067201e-06	-1.473481e-09	-3.515982e+01	-9.303368e+01
6.930000e-06	-5.085809e-06	-1.474779e-09	-3.528893e+01	-9.314355e+01
6.940000e-06	-5.104130e-06	-1.474644e-09	-3.541606e+01	-9.324976e+01
6.950000e-06	-5.122156e-06	-1.471606e-09	-3.554114e+01	-9.335216e+01
6.960000e-06	-5.139868e-06	-1.468149e-09	-3.566403e+01	-9.345057e+01
6.970000e-06	-5.157200e-06	-1.469546e-09	-3.578429e+01	-9.354483e+01
6.980000e-06	-5.174122e-06	-1.473191e-09	-3.590171e+01	-9.363478e+01
6.990000e-06	-5.190696e-06	-1.478665e-09	-3.601671e+01	-9.372025e+01
7.000000e-06	-5.207015e-06	-1.481079e-09	-3.612995e+01	-9.380108e+01
7.010000e-06	-5.223098e-06	-1.477807e-09	-3.624154e+01	-9.387715e+01
7.020000e-06	-5.238829e-06	-1.471592e-09	-3.635070e+01	-9.394831e+01
7.030000e-06	-5.254184e-06	-1.465945e-09	-3.645724e+01	-9.401446e+01
7.040000e-06	-5.269052e-06	-1.463112e-09	-3.656041e+01	-9.407551e+01
7.050000e-06	-5.283233e-06	-1.462720e-09	-3.665880e+01	-9.413139e+01
7.060000e-06	-5.296833e-06	-1.464922e-09	-3.675317e+01	-9.418205e+01
7.070000e-06	-5.309921e-06	-1.468484e-09	-3.684398e+01	-9.422748e+01
7.080000e-06	-5.322535e-06	-1.470232e-09	-3.693151e+01	-9.426768e+01
7.090000e-06	-5.334822e-06	-1.471897e-09	-3.701676e+01	-9.430269e+01
7.100000e-06	-5.346789e-06	-1.471063e-09	-3.709980e+01	-9.433258e+01
7.110000e-06	-5.358354e-06	-1.466077e-09	-3.718004e+01	-9.435745e+01
7.120000e-06	-5.369482e-06	-1.459009e-09	-3.725725e+01	-9.437741e+01
7.130000e-06	-5.380205e-06	-1.454256e-09	-3.733166e+01	-9.439262e+01
7.140000e-06	-5.390527e-06	-1.453666e-09	-3.740328e+01	-9.440327e+01
7.150000e-06	-5.400544e-06	-1.455236e-09	-3.747279e+01	-9.440956e+01
7.160000e-06	-5.410236e-06	-1.457362e-09	-3.754004e+01	-9.441173e+01
7.170000e-06	-5.419523e-06	-1.461171e-09	-3.760447e+01	-9.441003e+01
7.180000e-06	-5.428395e-06	-1.462620e-09	-3.766604e+01	-9.440475e+01
7.190000e-06	-5.436928e-06	-1.459648e-09	-3.772524e+01	-9.439617e+01
7.200000e-06	-5.445209e-06	-1.454507e-09	-3.778270e+01	-9.438462e+01
7.210000e-06	-5.453291e-06	-1.448117e-09	-3.783878e+01	-9.437042e+01
7.220000e-06	-5.461148e-06	-1.442838e-09	-3.789330e+01	-9.435390e+01
7.230000e-06	-5.468612e-06	-1.439579e-09	-3.794509e+01	-9.433540e+01
7.240000e-06	-5.475479e-06	-1.438761e-09	-3.799274e+01	-9.431526e+01
7.250000e-06	-5.481717e-06	-1.441528e-09	-3.803603e+01	-9.429382e+01
7.260000e-06	-5.487443e-06	-1.444788e-09	-3.807575e+01	-9.427142e+01
7.270000e-06	-5.492558e-06	-1.443593e-09	-3.811124e+01	-9.424838e+01
7.280000e-06	-5.497144e-06	-1.439903e-09	-3.814307e+01	-9.422502e+01
7.290000e-06	-5.501434e-06	-1.434507e-09	-3.817283e+01	-9.420163e+01
7.300000e-06	-5.505493e-06	-1.428530e-09	-3.820100e+01	-9.417850e+01
7.310000e-06	-5.509322e-06	-1.426011e-09	-3.822756e+01	-9.415587e+01
7.320000e-06	-5.512807e-06	-1.426905e-09	-3.825175e+01	-9.413397e+01
7.330000e-06	-5.515926e-06	-1.427669e-09	-3.827339e+01	-9.411301e+01
7.340000e-06	-5.518693e-06	-1.426328e-09	-3.829259e+01	-9.409316e+01
7.350000e-06	-5.521072e-06	-1.422927e-09	-3.830910e+01	-9.407455e+01
7.360000e-06	-5.523146e-06	-1.417932e-09	-3.832348e+01	-9.405728e+01
7.370000e-06	-5.524907e-06	-1.412736e-09	-3.833571e+01	-9.404143e+01
7.380000e-06	-5.526234e-06	-1.408405e-09	-3.834491e+01	-9.402702e+01
7.390000e-06	-5.527154e-06	-1.402974e-09	-3.835129e+01	-9.401404e+01
7.400000e-06	-5.527707e-06	-1.397616e-09	-3.835513e+01	-9.400245e+01
