# Temperatura_=_-14.22
# Concentracion g/m^3_=_1620.0
# C_Vs_to_Am_M_A/Vsm_=_65563218390.804596
# pendiente_HvsI_1/m_=_3716.3
# ordenada_HvsI_A/m_=_1297.0
# frecuencia_Hz_=_135112.90076109118

Tiempo_(s)	Campo_(V.s)	Magnetizacion_(V.s)	Campo_(kA/m)	Magnetizacion_(A/m)
0.000000e+00	-5.494540e-06	-8.173227e-10	-3.836193e+01	-5.557503e+01
1.000000e-08	-5.494870e-06	-8.158247e-10	-3.836424e+01	-5.556419e+01
2.000000e-08	-5.494941e-06	-8.143418e-10	-3.836473e+01	-5.555561e+01
3.000000e-08	-5.494698e-06	-8.119005e-10	-3.836303e+01	-5.554917e+01
4.000000e-08	-5.493985e-06	-8.087806e-10	-3.835806e+01	-5.554473e+01
5.000000e-08	-5.492667e-06	-8.049678e-10	-3.834885e+01	-5.554211e+01
6.000000e-08	-5.490820e-06	-8.021235e-10	-3.833596e+01	-5.554112e+01
7.000000e-08	-5.488421e-06	-8.068455e-10	-3.831921e+01	-5.554154e+01
8.000000e-08	-5.485420e-06	-8.172331e-10	-3.829825e+01	-5.554315e+01
9.000000e-08	-5.481939e-06	-8.087781e-10	-3.827395e+01	-5.554571e+01
1.000000e-07	-5.478027e-06	-7.781458e-10	-3.824664e+01	-5.554896e+01
1.100000e-07	-5.473810e-06	-7.855117e-10	-3.821720e+01	-5.555265e+01
1.200000e-07	-5.469477e-06	-8.133736e-10	-3.818695e+01	-5.555651e+01
1.300000e-07	-5.464860e-06	-8.312446e-10	-3.815471e+01	-5.556030e+01
1.400000e-07	-5.459713e-06	-7.754214e-10	-3.811877e+01	-5.556376e+01
1.500000e-07	-5.454204e-06	-7.756123e-10	-3.808031e+01	-5.556664e+01
1.600000e-07	-5.448492e-06	-8.153966e-10	-3.804043e+01	-5.556871e+01
1.700000e-07	-5.442408e-06	-8.463637e-10	-3.799795e+01	-5.556973e+01
1.800000e-07	-5.435709e-06	-8.214689e-10	-3.795119e+01	-5.556951e+01
1.900000e-07	-5.428540e-06	-8.099107e-10	-3.790113e+01	-5.556786e+01
2.000000e-07	-5.421195e-06	-8.417247e-10	-3.784985e+01	-5.556461e+01
2.100000e-07	-5.413599e-06	-8.340903e-10	-3.779681e+01	-5.555960e+01
2.200000e-07	-5.405744e-06	-8.195361e-10	-3.774197e+01	-5.555273e+01
2.300000e-07	-5.397704e-06	-8.142988e-10	-3.768584e+01	-5.554388e+01
2.400000e-07	-5.389230e-06	-8.607868e-10	-3.762668e+01	-5.553300e+01
2.500000e-07	-5.380122e-06	-8.642337e-10	-3.756309e+01	-5.552004e+01
2.600000e-07	-5.370403e-06	-8.620421e-10	-3.749523e+01	-5.550498e+01
2.700000e-07	-5.360065e-06	-8.210801e-10	-3.742305e+01	-5.548784e+01
2.800000e-07	-5.349193e-06	-8.239499e-10	-3.734715e+01	-5.546864e+01
2.900000e-07	-5.337893e-06	-8.239492e-10	-3.726825e+01	-5.544745e+01
3.000000e-07	-5.326209e-06	-8.417967e-10	-3.718667e+01	-5.542436e+01
3.100000e-07	-5.314137e-06	-8.275574e-10	-3.710239e+01	-5.539948e+01
3.200000e-07	-5.301654e-06	-8.422679e-10	-3.701524e+01	-5.537293e+01
3.300000e-07	-5.288735e-06	-8.653902e-10	-3.692504e+01	-5.534487e+01
3.400000e-07	-5.275432e-06	-8.604704e-10	-3.683216e+01	-5.531546e+01
3.500000e-07	-5.261710e-06	-8.245402e-10	-3.673635e+01	-5.528488e+01
3.600000e-07	-5.247529e-06	-8.214704e-10	-3.663734e+01	-5.525332e+01
3.700000e-07	-5.232923e-06	-8.343847e-10	-3.653537e+01	-5.522098e+01
3.800000e-07	-5.217858e-06	-8.242931e-10	-3.643019e+01	-5.518807e+01
3.900000e-07	-5.202211e-06	-8.355001e-10	-3.632094e+01	-5.515480e+01
4.000000e-07	-5.186080e-06	-8.549504e-10	-3.620831e+01	-5.512138e+01
4.100000e-07	-5.169589e-06	-8.362045e-10	-3.609318e+01	-5.508801e+01
4.200000e-07	-5.152723e-06	-8.067257e-10	-3.597542e+01	-5.505490e+01
4.300000e-07	-5.135473e-06	-8.409694e-10	-3.585499e+01	-5.502223e+01
4.400000e-07	-5.117930e-06	-8.421846e-10	-3.573250e+01	-5.499020e+01
4.500000e-07	-5.100157e-06	-8.090317e-10	-3.560842e+01	-5.495898e+01
4.600000e-07	-5.082010e-06	-8.107605e-10	-3.548172e+01	-5.492871e+01
4.700000e-07	-5.063393e-06	-8.495600e-10	-3.535174e+01	-5.489953e+01
4.800000e-07	-5.044368e-06	-8.113387e-10	-3.521891e+01	-5.487157e+01
4.900000e-07	-5.025077e-06	-7.966563e-10	-3.508422e+01	-5.484492e+01
5.000000e-07	-5.005575e-06	-8.295111e-10	-3.494806e+01	-5.481966e+01
5.100000e-07	-4.985858e-06	-8.348099e-10	-3.481040e+01	-5.479584e+01
5.200000e-07	-4.965894e-06	-7.955412e-10	-3.467102e+01	-5.477349e+01
5.300000e-07	-4.945653e-06	-8.264371e-10	-3.452970e+01	-5.475262e+01
5.400000e-07	-4.925041e-06	-8.424959e-10	-3.438579e+01	-5.473323e+01
5.500000e-07	-4.903994e-06	-8.051249e-10	-3.423884e+01	-5.471526e+01
5.600000e-07	-4.882587e-06	-7.913634e-10	-3.408938e+01	-5.469867e+01
5.700000e-07	-4.860871e-06	-8.224607e-10	-3.393777e+01	-5.468338e+01
5.800000e-07	-4.838842e-06	-8.031426e-10	-3.378396e+01	-5.466929e+01
5.900000e-07	-4.816406e-06	-7.950002e-10	-3.362732e+01	-5.465628e+01
6.000000e-07	-4.793551e-06	-8.276714e-10	-3.346774e+01	-5.464423e+01
6.100000e-07	-4.770436e-06	-8.297750e-10	-3.330636e+01	-5.463299e+01
6.200000e-07	-4.747075e-06	-7.994503e-10	-3.314326e+01	-5.462241e+01
6.300000e-07	-4.723509e-06	-8.090199e-10	-3.297872e+01	-5.461231e+01
6.400000e-07	-4.699732e-06	-8.169351e-10	-3.281272e+01	-5.460255e+01
6.500000e-07	-4.675554e-06	-7.952932e-10	-3.264391e+01	-5.459292e+01
6.600000e-07	-4.650941e-06	-8.010448e-10	-3.247207e+01	-5.458327e+01
6.700000e-07	-4.625905e-06	-8.186561e-10	-3.229727e+01	-5.457342e+01
6.800000e-07	-4.600319e-06	-8.095551e-10	-3.211864e+01	-5.456319e+01
6.900000e-07	-4.574257e-06	-8.063843e-10	-3.193668e+01	-5.455242e+01
7.000000e-07	-4.547705e-06	-8.250785e-10	-3.175129e+01	-5.454095e+01
7.100000e-07	-4.520649e-06	-8.143110e-10	-3.156239e+01	-5.452864e+01
7.200000e-07	-4.493309e-06	-7.999340e-10	-3.137151e+01	-5.451535e+01
7.300000e-07	-4.465775e-06	-8.051080e-10	-3.117927e+01	-5.450097e+01
7.400000e-07	-4.438035e-06	-8.121891e-10	-3.098560e+01	-5.448538e+01
7.500000e-07	-4.410129e-06	-8.048980e-10	-3.079076e+01	-5.446851e+01
7.600000e-07	-4.382047e-06	-8.157403e-10	-3.059470e+01	-5.445029e+01
7.700000e-07	-4.353736e-06	-8.183993e-10	-3.039703e+01	-5.443066e+01
7.800000e-07	-4.325053e-06	-8.121969e-10	-3.019678e+01	-5.440960e+01
7.900000e-07	-4.295916e-06	-8.090923e-10	-2.999335e+01	-5.438710e+01
8.000000e-07	-4.266483e-06	-8.155461e-10	-2.978785e+01	-5.436316e+01
8.100000e-07	-4.236837e-06	-8.062605e-10	-2.958087e+01	-5.433781e+01
8.200000e-07	-4.206875e-06	-8.060439e-10	-2.937168e+01	-5.431110e+01
8.300000e-07	-4.176634e-06	-8.131717e-10	-2.916054e+01	-5.428310e+01
8.400000e-07	-4.146133e-06	-8.148373e-10	-2.894758e+01	-5.425387e+01
8.500000e-07	-4.115319e-06	-8.090719e-10	-2.873245e+01	-5.422351e+01
8.600000e-07	-4.084306e-06	-8.155051e-10	-2.851592e+01	-5.419213e+01
8.700000e-07	-4.053060e-06	-8.149147e-10	-2.829777e+01	-5.415983e+01
8.800000e-07	-4.021555e-06	-8.084812e-10	-2.807780e+01	-5.412674e+01
8.900000e-07	-3.989847e-06	-8.081957e-10	-2.785642e+01	-5.409298e+01
9.000000e-07	-3.957979e-06	-8.118811e-10	-2.763393e+01	-5.405868e+01
9.100000e-07	-3.925894e-06	-8.072764e-10	-2.740991e+01	-5.402396e+01
9.200000e-07	-3.893455e-06	-8.060387e-10	-2.718343e+01	-5.398896e+01
9.300000e-07	-3.860618e-06	-8.099480e-10	-2.695417e+01	-5.395378e+01
9.400000e-07	-3.827436e-06	-8.072633e-10	-2.672250e+01	-5.391855e+01
9.500000e-07	-3.793837e-06	-8.053054e-10	-2.648792e+01	-5.388336e+01
9.600000e-07	-3.759719e-06	-8.075913e-10	-2.624971e+01	-5.384829e+01
9.700000e-07	-3.725192e-06	-8.039018e-10	-2.600865e+01	-5.381343e+01
9.800000e-07	-3.690298e-06	-7.939709e-10	-2.576502e+01	-5.377882e+01
9.900000e-07	-3.655051e-06	-7.932864e-10	-2.551894e+01	-5.374449e+01
1.000000e-06	-3.619569e-06	-7.945009e-10	-2.527121e+01	-5.371047e+01
1.010000e-06	-3.583941e-06	-7.932597e-10	-2.502246e+01	-5.367673e+01
1.020000e-06	-3.548193e-06	-7.931824e-10	-2.477287e+01	-5.364326e+01
1.030000e-06	-3.512347e-06	-7.994042e-10	-2.452260e+01	-5.360999e+01
1.040000e-06	-3.476395e-06	-7.965535e-10	-2.427159e+01	-5.357684e+01
1.050000e-06	-3.440253e-06	-7.926207e-10	-2.401925e+01	-5.354370e+01
1.060000e-06	-3.403803e-06	-7.892809e-10	-2.376476e+01	-5.351044e+01
1.070000e-06	-3.367017e-06	-7.859483e-10	-2.350793e+01	-5.347692e+01
1.080000e-06	-3.329988e-06	-7.806810e-10	-2.324940e+01	-5.344294e+01
1.090000e-06	-3.292762e-06	-7.849556e-10	-2.298950e+01	-5.340832e+01
1.100000e-06	-3.255277e-06	-7.895839e-10	-2.272779e+01	-5.337283e+01
1.110000e-06	-3.217546e-06	-7.886291e-10	-2.246435e+01	-5.333624e+01
1.120000e-06	-3.179609e-06	-7.858814e-10	-2.219948e+01	-5.329829e+01
1.130000e-06	-3.141476e-06	-7.861144e-10	-2.193325e+01	-5.325872e+01
1.140000e-06	-3.103103e-06	-7.813511e-10	-2.166533e+01	-5.321724e+01
1.150000e-06	-3.064462e-06	-7.777336e-10	-2.139555e+01	-5.317358e+01
1.160000e-06	-3.025632e-06	-7.770632e-10	-2.112444e+01	-5.312745e+01
1.170000e-06	-2.986660e-06	-7.760776e-10	-2.085235e+01	-5.307854e+01
1.180000e-06	-2.947487e-06	-7.735830e-10	-2.057885e+01	-5.302657e+01
1.190000e-06	-2.908064e-06	-7.757423e-10	-2.030360e+01	-5.297126e+01
1.200000e-06	-2.868482e-06	-7.769955e-10	-2.002725e+01	-5.291231e+01
1.210000e-06	-2.828793e-06	-7.727178e-10	-1.975015e+01	-5.284945e+01
1.220000e-06	-2.789040e-06	-7.699198e-10	-1.947260e+01	-5.278244e+01
1.230000e-06	-2.749176e-06	-7.706148e-10	-1.919427e+01	-5.271102e+01
1.240000e-06	-2.709100e-06	-7.694662e-10	-1.891447e+01	-5.263497e+01
1.250000e-06	-2.668835e-06	-7.680790e-10	-1.863334e+01	-5.255408e+01
1.260000e-06	-2.628334e-06	-7.699225e-10	-1.835057e+01	-5.246817e+01
1.270000e-06	-2.587569e-06	-7.698258e-10	-1.806596e+01	-5.237706e+01
1.280000e-06	-2.546641e-06	-7.682203e-10	-1.778021e+01	-5.228063e+01
1.290000e-06	-2.505499e-06	-7.664068e-10	-1.749296e+01	-5.217876e+01
1.300000e-06	-2.463973e-06	-7.646174e-10	-1.720303e+01	-5.207136e+01
1.310000e-06	-2.422149e-06	-7.596319e-10	-1.691102e+01	-5.195835e+01
1.320000e-06	-2.380200e-06	-7.578541e-10	-1.661815e+01	-5.183970e+01
1.330000e-06	-2.337950e-06	-7.569633e-10	-1.632317e+01	-5.171539e+01
1.340000e-06	-2.295292e-06	-7.569050e-10	-1.602533e+01	-5.158541e+01
1.350000e-06	-2.252402e-06	-7.555698e-10	-1.572588e+01	-5.144978e+01
1.360000e-06	-2.209293e-06	-7.538833e-10	-1.542490e+01	-5.130853e+01
1.370000e-06	-2.165927e-06	-7.493955e-10	-1.512213e+01	-5.116170e+01
1.380000e-06	-2.122443e-06	-7.439182e-10	-1.481853e+01	-5.100936e+01
1.390000e-06	-2.078908e-06	-7.372225e-10	-1.451458e+01	-5.085156e+01
1.400000e-06	-2.035288e-06	-7.342009e-10	-1.421003e+01	-5.068836e+01
1.410000e-06	-1.991564e-06	-7.331193e-10	-1.390476e+01	-5.051981e+01
1.420000e-06	-1.947773e-06	-7.322047e-10	-1.359901e+01	-5.034596e+01
1.430000e-06	-1.903945e-06	-7.312201e-10	-1.329302e+01	-5.016686e+01
1.440000e-06	-1.859995e-06	-7.284436e-10	-1.298616e+01	-4.998251e+01
1.450000e-06	-1.815917e-06	-7.219526e-10	-1.267842e+01	-4.979291e+01
1.460000e-06	-1.771819e-06	-7.158743e-10	-1.237053e+01	-4.959802e+01
1.470000e-06	-1.727655e-06	-7.114745e-10	-1.206219e+01	-4.939777e+01
1.480000e-06	-1.683350e-06	-7.077140e-10	-1.175286e+01	-4.919207e+01
1.490000e-06	-1.638915e-06	-7.056625e-10	-1.144262e+01	-4.898076e+01
1.500000e-06	-1.594359e-06	-7.050371e-10	-1.113154e+01	-4.876363e+01
1.510000e-06	-1.549645e-06	-7.056465e-10	-1.081935e+01	-4.854045e+01
1.520000e-06	-1.504705e-06	-7.052524e-10	-1.050559e+01	-4.831091e+01
1.530000e-06	-1.459604e-06	-7.012051e-10	-1.019070e+01	-4.807463e+01
1.540000e-06	-1.414479e-06	-6.924649e-10	-9.875650e+00	-4.783121e+01
1.550000e-06	-1.369321e-06	-6.823159e-10	-9.560362e+00	-4.758015e+01
1.560000e-06	-1.324021e-06	-6.725933e-10	-9.244087e+00	-4.732088e+01
1.570000e-06	-1.278592e-06	-6.654865e-10	-8.926908e+00	-4.705280e+01
1.580000e-06	-1.233115e-06	-6.604937e-10	-8.609395e+00	-4.677521e+01
1.590000e-06	-1.187574e-06	-6.602918e-10	-8.291434e+00	-4.648736e+01
1.600000e-06	-1.141918e-06	-6.617624e-10	-7.972674e+00	-4.618843e+01
1.610000e-06	-1.096177e-06	-6.592437e-10	-7.653320e+00	-4.587754e+01
1.620000e-06	-1.050410e-06	-6.514240e-10	-7.333778e+00	-4.555373e+01
1.630000e-06	-1.004597e-06	-6.402385e-10	-7.013923e+00	-4.521601e+01
1.640000e-06	-9.586581e-07	-6.280276e-10	-6.693185e+00	-4.486333e+01
1.650000e-06	-9.125547e-07	-6.203995e-10	-6.371299e+00	-4.449459e+01
1.660000e-06	-8.663718e-07	-6.131776e-10	-6.048859e+00	-4.410865e+01
1.670000e-06	-8.201441e-07	-6.071293e-10	-5.726105e+00	-4.370432e+01
1.680000e-06	-7.739045e-07	-5.998575e-10	-5.403268e+00	-4.328040e+01
1.690000e-06	-7.277296e-07	-5.934286e-10	-5.080882e+00	-4.283568e+01
1.700000e-06	-6.815714e-07	-5.874357e-10	-4.758614e+00	-4.236890e+01
1.710000e-06	-6.353690e-07	-5.781804e-10	-4.436037e+00	-4.187884e+01
1.720000e-06	-5.890197e-07	-5.684965e-10	-4.112434e+00	-4.136425e+01
1.730000e-06	-5.426010e-07	-5.578257e-10	-3.788347e+00	-4.082393e+01
1.740000e-06	-4.962507e-07	-5.492654e-10	-3.464737e+00	-4.025667e+01
1.750000e-06	-4.499285e-07	-5.417006e-10	-3.141323e+00	-3.966133e+01
1.760000e-06	-4.034548e-07	-5.343556e-10	-2.816852e+00	-3.903679e+01
1.770000e-06	-3.568119e-07	-5.255486e-10	-2.491199e+00	-3.838200e+01
1.780000e-06	-3.101611e-07	-5.151847e-10	-2.165491e+00	-3.769598e+01
1.790000e-06	-2.634310e-07	-5.041477e-10	-1.839230e+00	-3.697781e+01
1.800000e-06	-2.167174e-07	-4.928752e-10	-1.513084e+00	-3.622667e+01
1.810000e-06	-1.701430e-07	-4.808269e-10	-1.187909e+00	-3.544182e+01
1.820000e-06	-1.235315e-07	-4.689757e-10	-8.624756e-01	-3.462265e+01
1.830000e-06	-7.685954e-08	-4.582540e-10	-5.366201e-01	-3.376863e+01
1.840000e-06	-3.013888e-08	-4.460188e-10	-2.104244e-01	-3.287938e+01
1.850000e-06	1.660603e-08	-4.324464e-10	1.159404e-01	-3.195461e+01
1.860000e-06	6.327268e-08	-4.180735e-10	4.417589e-01	-3.099420e+01
1.870000e-06	1.098772e-07	-4.002126e-10	7.671437e-01	-2.999814e+01
1.880000e-06	1.564339e-07	-3.826287e-10	1.092195e+00	-2.896658e+01
1.890000e-06	2.030610e-07	-3.677822e-10	1.417737e+00	-2.789981e+01
1.900000e-06	2.497124e-07	-3.547848e-10	1.743449e+00	-2.679825e+01
1.910000e-06	2.962618e-07	-3.407773e-10	2.068449e+00	-2.566249e+01
1.920000e-06	3.427403e-07	-3.265924e-10	2.392954e+00	-2.449327e+01
1.930000e-06	3.892611e-07	-3.110751e-10	2.717754e+00	-2.329146e+01
1.940000e-06	4.357752e-07	-2.911631e-10	3.042508e+00	-2.205808e+01
1.950000e-06	4.821798e-07	-2.693747e-10	3.366496e+00	-2.079431e+01
1.960000e-06	5.285612e-07	-2.501202e-10	3.690323e+00	-1.950146e+01
1.970000e-06	5.749222e-07	-2.345575e-10	4.014008e+00	-1.818095e+01
1.980000e-06	6.211845e-07	-2.199440e-10	4.337003e+00	-1.683437e+01
1.990000e-06	6.674109e-07	-2.039986e-10	4.659748e+00	-1.546339e+01
2.000000e-06	7.135815e-07	-1.839539e-10	4.982103e+00	-1.406981e+01
2.010000e-06	7.595992e-07	-1.607115e-10	5.303391e+00	-1.265554e+01
2.020000e-06	8.055785e-07	-1.371088e-10	5.624411e+00	-1.122258e+01
2.030000e-06	8.516008e-07	-1.139105e-10	5.945730e+00	-9.772992e+00
2.040000e-06	8.975993e-07	-9.231129e-11	6.266883e+00	-8.308940e+00
2.050000e-06	9.434923e-07	-7.397568e-11	6.587301e+00	-6.832631e+00
2.060000e-06	9.893049e-07	-5.639789e-11	6.907156e+00	-5.346325e+00
2.070000e-06	1.035063e-06	-3.758310e-11	7.226633e+00	-3.852317e+00
2.080000e-06	1.080761e-06	-1.858541e-11	7.545690e+00	-2.352927e+00
2.090000e-06	1.126378e-06	1.540638e-12	7.864179e+00	-8.504866e-01
2.100000e-06	1.172001e-06	2.423162e-11	8.182706e+00	6.526753e-01
2.110000e-06	1.217591e-06	4.637731e-11	8.501009e+00	2.154243e+00
2.120000e-06	1.263029e-06	6.798959e-11	8.818248e+00	3.651928e+00
2.130000e-06	1.308342e-06	8.859280e-11	9.134617e+00	5.143480e+00
2.140000e-06	1.353540e-06	1.058089e-10	9.450184e+00	6.626698e+00
2.150000e-06	1.398629e-06	1.224274e-10	9.764988e+00	8.099442e+00
2.160000e-06	1.443619e-06	1.424359e-10	1.007910e+01	9.559647e+00
2.170000e-06	1.488534e-06	1.632922e-10	1.039268e+01	1.100533e+01
2.180000e-06	1.533346e-06	1.837087e-10	1.070555e+01	1.243459e+01
2.190000e-06	1.578031e-06	2.048516e-10	1.101754e+01	1.384563e+01
2.200000e-06	1.622538e-06	2.251037e-10	1.132828e+01	1.523677e+01
2.210000e-06	1.666860e-06	2.419811e-10	1.163773e+01	1.660644e+01
2.220000e-06	1.711099e-06	2.560011e-10	1.194660e+01	1.795318e+01
2.230000e-06	1.755227e-06	2.691570e-10	1.225469e+01	1.927566e+01
2.240000e-06	1.799194e-06	2.823716e-10	1.256166e+01	2.057268e+01
2.250000e-06	1.843058e-06	2.973872e-10	1.286791e+01	2.184316e+01
2.260000e-06	1.886885e-06	3.157547e-10	1.317391e+01	2.308617e+01
2.270000e-06	1.930683e-06	3.367576e-10	1.347970e+01	2.430090e+01
2.280000e-06	1.974391e-06	3.568973e-10	1.378486e+01	2.548667e+01
2.290000e-06	2.018030e-06	3.742037e-10	1.408953e+01	2.664294e+01
2.300000e-06	2.061636e-06	3.886702e-10	1.439399e+01	2.776929e+01
2.310000e-06	2.105187e-06	4.011517e-10	1.469806e+01	2.886543e+01
2.320000e-06	2.148661e-06	4.137059e-10	1.500158e+01	2.993120e+01
2.330000e-06	2.191970e-06	4.277125e-10	1.530396e+01	3.096653e+01
2.340000e-06	2.235141e-06	4.423524e-10	1.560537e+01	3.197149e+01
2.350000e-06	2.278144e-06	4.573690e-10	1.590561e+01	3.294622e+01
2.360000e-06	2.320893e-06	4.733451e-10	1.620408e+01	3.389100e+01
2.370000e-06	2.363338e-06	4.879083e-10	1.650042e+01	3.480616e+01
2.380000e-06	2.405396e-06	4.995578e-10	1.679406e+01	3.569213e+01
2.390000e-06	2.447155e-06	5.094371e-10	1.708561e+01	3.654942e+01
2.400000e-06	2.488620e-06	5.186861e-10	1.737512e+01	3.737858e+01
2.410000e-06	2.529829e-06	5.299788e-10	1.766283e+01	3.818024e+01
2.420000e-06	2.570712e-06	5.437620e-10	1.794827e+01	3.895506e+01
2.430000e-06	2.611248e-06	5.571906e-10	1.823128e+01	3.970376e+01
2.440000e-06	2.651646e-06	5.687222e-10	1.851334e+01	4.042707e+01
2.450000e-06	2.691774e-06	5.803398e-10	1.879350e+01	4.112575e+01
2.460000e-06	2.731644e-06	5.904832e-10	1.907187e+01	4.180057e+01
2.470000e-06	2.771480e-06	5.995231e-10	1.935000e+01	4.245231e+01
2.480000e-06	2.811252e-06	6.106174e-10	1.962768e+01	4.308174e+01
2.490000e-06	2.850906e-06	6.213428e-10	1.990453e+01	4.368964e+01
2.500000e-06	2.890473e-06	6.296156e-10	2.018079e+01	4.427676e+01
2.510000e-06	2.929879e-06	6.371418e-10	2.045591e+01	4.484383e+01
2.520000e-06	2.969113e-06	6.455113e-10	2.072984e+01	4.539156e+01
2.530000e-06	3.008201e-06	6.539408e-10	2.100274e+01	4.592063e+01
2.540000e-06	3.047065e-06	6.603950e-10	2.127409e+01	4.643167e+01
2.550000e-06	3.085609e-06	6.651494e-10	2.154319e+01	4.692530e+01
2.560000e-06	3.123843e-06	6.692294e-10	2.181013e+01	4.740208e+01
2.570000e-06	3.161884e-06	6.740499e-10	2.207573e+01	4.786253e+01
2.580000e-06	3.199756e-06	6.804362e-10	2.234014e+01	4.830714e+01
2.590000e-06	3.237467e-06	6.861680e-10	2.260344e+01	4.873636e+01
2.600000e-06	3.275072e-06	6.917225e-10	2.286599e+01	4.915057e+01
2.610000e-06	3.312467e-06	6.981291e-10	2.312708e+01	4.955014e+01
2.620000e-06	3.349600e-06	7.028019e-10	2.338633e+01	4.993538e+01
2.630000e-06	3.386484e-06	7.061017e-10	2.364385e+01	5.030658e+01
2.640000e-06	3.423052e-06	7.098924e-10	2.389916e+01	5.066398e+01
2.650000e-06	3.459338e-06	7.149479e-10	2.415250e+01	5.100780e+01
2.660000e-06	3.495396e-06	7.210819e-10	2.440425e+01	5.133821e+01
2.670000e-06	3.531309e-06	7.268591e-10	2.465499e+01	5.165539e+01
2.680000e-06	3.567114e-06	7.300775e-10	2.490497e+01	5.195948e+01
2.690000e-06	3.602772e-06	7.313566e-10	2.515393e+01	5.225060e+01
2.700000e-06	3.638280e-06	7.345749e-10	2.540185e+01	5.252886e+01
2.710000e-06	3.673606e-06	7.385954e-10	2.564849e+01	5.279437e+01
2.720000e-06	3.708703e-06	7.421635e-10	2.589353e+01	5.304724e+01
2.730000e-06	3.743545e-06	7.469457e-10	2.613679e+01	5.328757e+01
2.740000e-06	3.777944e-06	7.512371e-10	2.637695e+01	5.351548e+01
2.750000e-06	3.811747e-06	7.564710e-10	2.661296e+01	5.373107e+01
2.760000e-06	3.845078e-06	7.621926e-10	2.684567e+01	5.393450e+01
2.770000e-06	3.877988e-06	7.664626e-10	2.707544e+01	5.412591e+01
2.780000e-06	3.910409e-06	7.692984e-10	2.730180e+01	5.430547e+01
2.790000e-06	3.942489e-06	7.697707e-10	2.752578e+01	5.447338e+01
2.800000e-06	3.974456e-06	7.710874e-10	2.774897e+01	5.462986e+01
2.810000e-06	4.006314e-06	7.728655e-10	2.797140e+01	5.477516e+01
2.820000e-06	4.037959e-06	7.753460e-10	2.819233e+01	5.490956e+01
2.830000e-06	4.069404e-06	7.794814e-10	2.841188e+01	5.503337e+01
2.840000e-06	4.100665e-06	7.834142e-10	2.863014e+01	5.514691e+01
2.850000e-06	4.131676e-06	7.863682e-10	2.884665e+01	5.525056e+01
2.860000e-06	4.162430e-06	7.882157e-10	2.906137e+01	5.534471e+01
2.870000e-06	4.192816e-06	7.888571e-10	2.927352e+01	5.542979e+01
2.880000e-06	4.222725e-06	7.905076e-10	2.948234e+01	5.550624e+01
2.890000e-06	4.252343e-06	7.937538e-10	2.968912e+01	5.557455e+01
2.900000e-06	4.281768e-06	7.963717e-10	2.989457e+01	5.563521e+01
2.910000e-06	4.310946e-06	7.979437e-10	3.009828e+01	5.568873e+01
2.920000e-06	4.339812e-06	7.979120e-10	3.029982e+01	5.573566e+01
2.930000e-06	4.368342e-06	7.955235e-10	3.049901e+01	5.577653e+01
2.940000e-06	4.396575e-06	7.947375e-10	3.069613e+01	5.581189e+01
2.950000e-06	4.424538e-06	7.963056e-10	3.089136e+01	5.584232e+01
2.960000e-06	4.452333e-06	7.986786e-10	3.108542e+01	5.586835e+01
2.970000e-06	4.480021e-06	8.016591e-10	3.127873e+01	5.589057e+01
2.980000e-06	4.507538e-06	8.020586e-10	3.147085e+01	5.590950e+01
2.990000e-06	4.534820e-06	8.026912e-10	3.166133e+01	5.592568e+01
3.000000e-06	4.561768e-06	8.031674e-10	3.184948e+01	5.593965e+01
3.010000e-06	4.588264e-06	8.019762e-10	3.203447e+01	5.595189e+01
3.020000e-06	4.614107e-06	8.008883e-10	3.221490e+01	5.596288e+01
3.030000e-06	4.639340e-06	8.011782e-10	3.239107e+01	5.597307e+01
3.040000e-06	4.664072e-06	8.039780e-10	3.256375e+01	5.598287e+01
3.050000e-06	4.688395e-06	8.056692e-10	3.273356e+01	5.599267e+01
3.060000e-06	4.712412e-06	8.080611e-10	3.290125e+01	5.600281e+01
3.070000e-06	4.736141e-06	8.113698e-10	3.306692e+01	5.601361e+01
3.080000e-06	4.759609e-06	8.131066e-10	3.323077e+01	5.602531e+01
3.090000e-06	4.782789e-06	8.128229e-10	3.339261e+01	5.603815e+01
3.100000e-06	4.805665e-06	8.121738e-10	3.355232e+01	5.605229e+01
3.110000e-06	4.828178e-06	8.128291e-10	3.370951e+01	5.606789e+01
3.120000e-06	4.850313e-06	8.157115e-10	3.386405e+01	5.608502e+01
3.130000e-06	4.872086e-06	8.191548e-10	3.401607e+01	5.610373e+01
3.140000e-06	4.893631e-06	8.222183e-10	3.416649e+01	5.612403e+01
3.150000e-06	4.914909e-06	8.236302e-10	3.431505e+01	5.614586e+01
3.160000e-06	4.935789e-06	8.233621e-10	3.446083e+01	5.616917e+01
3.170000e-06	4.956307e-06	8.234101e-10	3.460408e+01	5.619382e+01
3.180000e-06	4.976518e-06	8.238631e-10	3.474519e+01	5.621968e+01
3.190000e-06	4.996457e-06	8.250997e-10	3.488440e+01	5.624655e+01
3.200000e-06	5.016148e-06	8.277246e-10	3.502188e+01	5.627422e+01
3.210000e-06	5.035612e-06	8.311750e-10	3.515778e+01	5.630246e+01
3.220000e-06	5.054849e-06	8.334370e-10	3.529208e+01	5.633101e+01
3.230000e-06	5.073717e-06	8.342684e-10	3.542381e+01	5.635959e+01
3.240000e-06	5.092168e-06	8.345049e-10	3.555264e+01	5.638792e+01
3.250000e-06	5.110240e-06	8.365966e-10	3.567882e+01	5.641570e+01
3.260000e-06	5.127872e-06	8.401783e-10	3.580192e+01	5.644263e+01
3.270000e-06	5.145149e-06	8.429154e-10	3.592254e+01	5.646841e+01
3.280000e-06	5.162176e-06	8.434348e-10	3.604142e+01	5.649275e+01
3.290000e-06	5.178832e-06	8.417742e-10	3.615771e+01	5.651535e+01
3.300000e-06	5.195038e-06	8.393008e-10	3.627086e+01	5.653595e+01
3.310000e-06	5.210902e-06	8.385088e-10	3.638162e+01	5.655427e+01
3.320000e-06	5.226342e-06	8.395151e-10	3.648942e+01	5.657009e+01
3.330000e-06	5.241284e-06	8.420721e-10	3.659374e+01	5.658319e+01
3.340000e-06	5.255754e-06	8.452672e-10	3.669477e+01	5.659338e+01
3.350000e-06	5.269776e-06	8.481089e-10	3.679267e+01	5.660050e+01
3.360000e-06	5.283411e-06	8.477392e-10	3.688787e+01	5.660441e+01
3.370000e-06	5.296664e-06	8.454940e-10	3.698040e+01	5.660502e+01
3.380000e-06	5.309630e-06	8.436486e-10	3.707092e+01	5.660227e+01
3.390000e-06	5.322296e-06	8.431315e-10	3.715935e+01	5.659611e+01
3.400000e-06	5.334512e-06	8.443972e-10	3.724465e+01	5.658657e+01
3.410000e-06	5.346330e-06	8.468684e-10	3.732715e+01	5.657367e+01
3.420000e-06	5.357757e-06	8.498971e-10	3.740693e+01	5.655750e+01
3.430000e-06	5.368793e-06	8.516582e-10	3.748399e+01	5.653816e+01
3.440000e-06	5.379454e-06	8.520279e-10	3.755842e+01	5.651580e+01
3.450000e-06	5.389477e-06	8.509818e-10	3.762840e+01	5.649057e+01
3.460000e-06	5.398771e-06	8.486253e-10	3.769329e+01	5.646269e+01
3.470000e-06	5.407523e-06	8.456652e-10	3.775440e+01	5.643238e+01
3.480000e-06	5.415808e-06	8.435698e-10	3.781224e+01	5.639988e+01
3.490000e-06	5.423719e-06	8.445766e-10	3.786747e+01	5.636547e+01
3.500000e-06	5.431366e-06	8.466461e-10	3.792086e+01	5.632943e+01
3.510000e-06	5.438702e-06	8.475554e-10	3.797208e+01	5.629207e+01
3.520000e-06	5.445730e-06	8.468452e-10	3.802115e+01	5.625369e+01
3.530000e-06	5.452367e-06	8.457681e-10	3.806749e+01	5.621460e+01
3.540000e-06	5.458652e-06	8.453255e-10	3.811136e+01	5.617512e+01
3.550000e-06	5.464669e-06	8.435430e-10	3.815338e+01	5.613558e+01
3.560000e-06	5.470322e-06	8.426694e-10	3.819284e+01	5.609628e+01
3.570000e-06	5.475519e-06	8.444360e-10	3.822913e+01	5.605753e+01
3.580000e-06	5.480281e-06	8.477161e-10	3.826238e+01	5.601961e+01
3.590000e-06	5.484703e-06	8.513218e-10	3.829325e+01	5.598280e+01
3.600000e-06	5.488822e-06	8.528522e-10	3.832201e+01	5.594736e+01
3.610000e-06	5.492691e-06	8.521599e-10	3.834902e+01	5.591351e+01
3.620000e-06	5.496305e-06	8.514025e-10	3.837426e+01	5.588148e+01
3.630000e-06	5.499560e-06	8.508598e-10	3.839698e+01	5.585145e+01
3.640000e-06	5.502398e-06	8.510518e-10	3.841679e+01	5.582356e+01
3.650000e-06	5.504742e-06	8.522453e-10	3.843316e+01	5.579796e+01
3.660000e-06	5.506534e-06	8.551005e-10	3.844567e+01	5.577472e+01
3.670000e-06	5.507776e-06	8.595517e-10	3.845434e+01	5.575392e+01
3.680000e-06	5.508412e-06	8.628781e-10	3.845878e+01	5.573559e+01
3.690000e-06	5.508586e-06	8.630516e-10	3.846000e+01	5.571972e+01
3.700000e-06	5.508485e-06	8.632695e-10	3.845929e+01	5.570628e+01
3.710000e-06	5.508109e-06	8.640735e-10	3.845667e+01	5.569521e+01
3.720000e-06	5.507419e-06	8.633306e-10	3.845185e+01	5.568642e+01
3.730000e-06	5.506377e-06	8.627296e-10	3.844458e+01	5.567979e+01
3.740000e-06	5.504974e-06	8.641118e-10	3.843478e+01	5.567516e+01
3.750000e-06	5.503218e-06	8.668882e-10	3.842252e+01	5.567237e+01
3.760000e-06	5.501096e-06	8.669671e-10	3.840770e+01	5.567122e+01
3.770000e-06	5.498631e-06	8.559453e-10	3.839050e+01	5.567151e+01
3.780000e-06	5.495852e-06	8.596615e-10	3.837109e+01	5.567300e+01
3.790000e-06	5.492506e-06	8.990726e-10	3.834773e+01	5.567546e+01
3.800000e-06	5.488602e-06	9.188404e-10	3.832047e+01	5.567863e+01
3.810000e-06	5.484481e-06	9.008128e-10	3.829170e+01	5.568226e+01
3.820000e-06	5.480201e-06	8.655404e-10	3.826182e+01	5.568610e+01
3.830000e-06	5.475689e-06	8.989148e-10	3.823032e+01	5.568988e+01
3.840000e-06	5.470751e-06	9.278196e-10	3.819584e+01	5.569335e+01
3.850000e-06	5.465241e-06	8.785058e-10	3.815737e+01	5.569626e+01
3.860000e-06	5.459354e-06	8.256268e-10	3.811627e+01	5.569837e+01
3.870000e-06	5.453231e-06	8.270658e-10	3.807352e+01	5.569946e+01
3.880000e-06	5.446570e-06	8.889938e-10	3.802702e+01	5.569933e+01
3.890000e-06	5.439296e-06	8.574432e-10	3.797622e+01	5.569778e+01
3.900000e-06	5.431629e-06	8.276079e-10	3.792269e+01	5.569463e+01
3.910000e-06	5.423561e-06	8.475492e-10	3.786637e+01	5.568975e+01
3.920000e-06	5.415058e-06	8.913965e-10	3.780700e+01	5.568301e+01
3.930000e-06	5.406217e-06	8.477462e-10	3.774527e+01	5.567430e+01
3.940000e-06	5.397182e-06	7.904781e-10	3.768219e+01	5.566357e+01
3.950000e-06	5.387826e-06	8.171687e-10	3.761687e+01	5.565075e+01
3.960000e-06	5.377948e-06	8.646452e-10	3.754791e+01	5.563584e+01
3.970000e-06	5.367687e-06	8.715402e-10	3.747626e+01	5.561884e+01
3.980000e-06	5.357148e-06	8.496180e-10	3.740269e+01	5.559979e+01
3.990000e-06	5.346177e-06	8.665701e-10	3.732609e+01	5.557874e+01
4.000000e-06	5.334720e-06	8.664693e-10	3.724609e+01	5.555577e+01
4.010000e-06	5.322905e-06	8.505070e-10	3.716361e+01	5.553101e+01
4.020000e-06	5.310714e-06	8.221570e-10	3.707849e+01	5.550457e+01
4.030000e-06	5.298052e-06	8.451789e-10	3.699008e+01	5.547660e+01
4.040000e-06	5.284887e-06	8.733471e-10	3.689817e+01	5.544726e+01
4.050000e-06	5.271367e-06	8.856683e-10	3.680377e+01	5.541674e+01
4.060000e-06	5.257447e-06	8.460502e-10	3.670659e+01	5.538523e+01
4.070000e-06	5.242834e-06	8.470401e-10	3.660456e+01	5.535292e+01
4.080000e-06	5.227687e-06	8.590478e-10	3.649881e+01	5.532002e+01
4.090000e-06	5.212158e-06	8.417510e-10	3.639039e+01	5.528675e+01
4.100000e-06	5.196192e-06	8.175267e-10	3.627892e+01	5.525330e+01
4.110000e-06	5.179879e-06	8.638300e-10	3.616503e+01	5.521989e+01
4.120000e-06	5.163237e-06	8.736401e-10	3.604883e+01	5.518673e+01
4.130000e-06	5.146301e-06	8.185413e-10	3.593058e+01	5.515399e+01
4.140000e-06	5.128980e-06	8.228919e-10	3.580965e+01	5.512188e+01
4.150000e-06	5.111299e-06	8.675795e-10	3.568621e+01	5.509055e+01
4.160000e-06	5.093310e-06	8.279843e-10	3.556061e+01	5.506017e+01
4.170000e-06	5.074915e-06	7.945942e-10	3.543218e+01	5.503087e+01
4.180000e-06	5.056197e-06	8.605726e-10	3.530150e+01	5.500277e+01
4.190000e-06	5.037182e-06	8.626678e-10	3.516874e+01	5.497598e+01
4.200000e-06	5.017745e-06	8.029995e-10	3.503303e+01	5.495057e+01
4.210000e-06	4.997924e-06	8.266301e-10	3.489464e+01	5.492660e+01
4.220000e-06	4.977898e-06	8.685432e-10	3.475483e+01	5.490410e+01
4.230000e-06	4.957682e-06	8.040157e-10	3.461368e+01	5.488309e+01
4.240000e-06	4.937197e-06	8.005456e-10	3.447066e+01	5.486354e+01
4.250000e-06	4.916472e-06	8.682351e-10	3.432596e+01	5.484543e+01
4.260000e-06	4.895495e-06	8.516267e-10	3.417950e+01	5.482871e+01
4.270000e-06	4.873993e-06	8.048407e-10	3.402938e+01	5.481328e+01
4.280000e-06	4.851906e-06	8.604765e-10	3.387517e+01	5.479907e+01
4.290000e-06	4.829264e-06	8.713794e-10	3.371709e+01	5.478595e+01
4.300000e-06	4.806024e-06	8.209041e-10	3.355483e+01	5.477379e+01
4.310000e-06	4.782373e-06	8.364802e-10	3.338971e+01	5.476246e+01
4.320000e-06	4.758450e-06	8.750539e-10	3.322268e+01	5.475180e+01
4.330000e-06	4.734262e-06	8.355659e-10	3.305380e+01	5.474165e+01
4.340000e-06	4.709794e-06	8.302077e-10	3.288297e+01	5.473183e+01
4.350000e-06	4.685007e-06	8.609818e-10	3.270991e+01	5.472218e+01
4.360000e-06	4.659940e-06	8.427355e-10	3.253490e+01	5.471251e+01
4.370000e-06	4.634610e-06	8.202236e-10	3.235805e+01	5.470265e+01
4.380000e-06	4.608872e-06	8.541000e-10	3.217835e+01	5.469243e+01
4.390000e-06	4.582739e-06	8.562613e-10	3.199590e+01	5.468168e+01
4.400000e-06	4.556350e-06	8.357188e-10	3.181165e+01	5.467025e+01
4.410000e-06	4.529722e-06	8.534142e-10	3.162574e+01	5.465799e+01
4.420000e-06	4.502827e-06	8.631913e-10	3.143796e+01	5.464476e+01
4.430000e-06	4.475506e-06	8.385090e-10	3.124721e+01	5.463044e+01
4.440000e-06	4.447856e-06	8.436361e-10	3.105417e+01	5.461493e+01
4.450000e-06	4.420034e-06	8.655910e-10	3.085991e+01	5.459815e+01
4.460000e-06	4.392011e-06	8.548593e-10	3.066426e+01	5.458001e+01
4.470000e-06	4.363787e-06	8.507361e-10	3.046721e+01	5.456047e+01
4.480000e-06	4.335263e-06	8.625469e-10	3.026806e+01	5.453951e+01
4.490000e-06	4.306487e-06	8.590901e-10	3.006715e+01	5.451709e+01
4.500000e-06	4.277468e-06	8.499171e-10	2.986454e+01	5.449325e+01
4.510000e-06	4.248072e-06	8.579402e-10	2.965931e+01	5.446799e+01
4.520000e-06	4.218113e-06	8.533140e-10	2.945014e+01	5.444137e+01
4.530000e-06	4.187536e-06	8.456672e-10	2.923665e+01	5.441344e+01
4.540000e-06	4.156542e-06	8.545842e-10	2.902026e+01	5.438428e+01
4.550000e-06	4.125211e-06	8.630915e-10	2.880151e+01	5.435399e+01
4.560000e-06	4.093527e-06	8.521932e-10	2.858030e+01	5.432266e+01
4.570000e-06	4.061574e-06	8.527881e-10	2.835721e+01	5.429040e+01
4.580000e-06	4.029438e-06	8.577474e-10	2.813284e+01	5.425735e+01
4.590000e-06	3.997082e-06	8.539711e-10	2.790693e+01	5.422361e+01
4.600000e-06	3.964497e-06	8.516892e-10	2.767943e+01	5.418932e+01
4.610000e-06	3.931637e-06	8.636571e-10	2.745001e+01	5.415461e+01
4.620000e-06	3.898462e-06	8.614820e-10	2.721839e+01	5.411959e+01
4.630000e-06	3.865099e-06	8.533424e-10	2.698545e+01	5.408440e+01
4.640000e-06	3.831518e-06	8.555944e-10	2.675100e+01	5.404914e+01
4.650000e-06	3.797685e-06	8.575318e-10	2.651478e+01	5.401392e+01
4.660000e-06	3.763589e-06	8.465739e-10	2.627673e+01	5.397881e+01
4.670000e-06	3.729220e-06	8.447217e-10	2.603677e+01	5.394390e+01
4.680000e-06	3.694633e-06	8.488448e-10	2.579529e+01	5.390924e+01
4.690000e-06	3.659792e-06	8.453503e-10	2.555204e+01	5.387486e+01
4.700000e-06	3.624689e-06	8.451934e-10	2.530695e+01	5.384078e+01
4.710000e-06	3.589373e-06	8.525486e-10	2.506039e+01	5.380700e+01
4.720000e-06	3.553755e-06	8.489622e-10	2.481171e+01	5.377348e+01
4.730000e-06	3.517820e-06	8.416679e-10	2.456082e+01	5.374016e+01
4.740000e-06	3.481721e-06	8.468923e-10	2.430877e+01	5.370698e+01
4.750000e-06	3.445524e-06	8.496351e-10	2.405606e+01	5.367382e+01
4.760000e-06	3.409228e-06	8.421006e-10	2.380264e+01	5.364055e+01
4.770000e-06	3.372787e-06	8.376968e-10	2.354821e+01	5.360702e+01
4.780000e-06	3.336110e-06	8.397601e-10	2.329215e+01	5.357307e+01
4.790000e-06	3.299116e-06	8.366844e-10	2.303386e+01	5.353848e+01
4.800000e-06	3.261814e-06	8.358866e-10	2.277342e+01	5.350304e+01
4.810000e-06	3.224278e-06	8.380882e-10	2.251135e+01	5.346653e+01
4.820000e-06	3.186390e-06	8.364641e-10	2.224682e+01	5.342867e+01
4.830000e-06	3.148050e-06	8.311176e-10	2.197915e+01	5.338922e+01
4.840000e-06	3.109338e-06	8.333388e-10	2.170886e+01	5.334789e+01
4.850000e-06	3.070184e-06	8.350838e-10	2.143550e+01	5.330439e+01
4.860000e-06	3.030705e-06	8.312106e-10	2.115986e+01	5.325845e+01
4.870000e-06	2.991028e-06	8.281870e-10	2.088284e+01	5.320975e+01
4.880000e-06	2.951095e-06	8.308837e-10	2.060404e+01	5.315802e+01
4.890000e-06	2.910990e-06	8.324719e-10	2.032403e+01	5.310297e+01
4.900000e-06	2.870776e-06	8.366205e-10	2.004327e+01	5.304431e+01
4.910000e-06	2.830474e-06	8.408862e-10	1.976188e+01	5.298176e+01
4.920000e-06	2.790094e-06	8.401564e-10	1.947996e+01	5.291508e+01
4.930000e-06	2.749626e-06	8.368094e-10	1.919741e+01	5.284401e+01
4.940000e-06	2.709018e-06	8.392801e-10	1.891389e+01	5.276832e+01
4.950000e-06	2.668239e-06	8.394044e-10	1.862919e+01	5.268782e+01
4.960000e-06	2.627261e-06	8.341689e-10	1.834308e+01	5.260230e+01
4.970000e-06	2.586067e-06	8.323732e-10	1.805548e+01	5.251161e+01
4.980000e-06	2.544700e-06	8.359120e-10	1.776666e+01	5.241560e+01
4.990000e-06	2.503064e-06	8.373223e-10	1.747596e+01	5.231416e+01
5.000000e-06	2.461229e-06	8.368105e-10	1.718388e+01	5.220719e+01
5.010000e-06	2.419347e-06	8.358477e-10	1.689146e+01	5.209462e+01
5.020000e-06	2.377367e-06	8.308435e-10	1.659837e+01	5.197642e+01
5.030000e-06	2.335172e-06	8.245774e-10	1.630377e+01	5.185255e+01
5.040000e-06	2.292757e-06	8.226930e-10	1.600763e+01	5.172301e+01
5.050000e-06	2.250254e-06	8.238447e-10	1.571088e+01	5.158782e+01
5.060000e-06	2.207595e-06	8.221002e-10	1.541305e+01	5.144701e+01
5.070000e-06	2.164725e-06	8.200480e-10	1.511373e+01	5.130063e+01
5.080000e-06	2.121713e-06	8.177125e-10	1.481343e+01	5.114871e+01
5.090000e-06	2.078525e-06	8.134411e-10	1.451191e+01	5.099134e+01
5.100000e-06	2.035141e-06	8.100018e-10	1.420900e+01	5.082855e+01
5.110000e-06	1.991639e-06	8.100946e-10	1.390528e+01	5.066042e+01
5.120000e-06	1.948057e-06	8.102031e-10	1.360100e+01	5.048699e+01
5.130000e-06	1.904297e-06	8.097285e-10	1.329547e+01	5.030829e+01
5.140000e-06	1.860407e-06	8.086942e-10	1.298904e+01	5.012435e+01
5.150000e-06	1.816427e-06	8.048589e-10	1.268198e+01	4.993516e+01
5.160000e-06	1.772313e-06	7.977564e-10	1.237398e+01	4.974069e+01
5.170000e-06	1.728139e-06	7.915579e-10	1.206557e+01	4.954087e+01
5.180000e-06	1.683934e-06	7.884390e-10	1.175694e+01	4.933560e+01
5.190000e-06	1.639695e-06	7.891998e-10	1.144807e+01	4.912473e+01
5.200000e-06	1.595398e-06	7.898498e-10	1.113879e+01	4.890807e+01
5.210000e-06	1.551025e-06	7.889618e-10	1.082899e+01	4.868538e+01
5.220000e-06	1.506599e-06	7.853416e-10	1.051882e+01	4.845635e+01
5.230000e-06	1.462170e-06	7.818473e-10	1.020862e+01	4.822063e+01
5.240000e-06	1.417716e-06	7.790928e-10	9.898247e+00	4.797779e+01
5.250000e-06	1.373165e-06	7.755492e-10	9.587199e+00	4.772735e+01
5.260000e-06	1.328504e-06	7.720727e-10	9.275383e+00	4.746877e+01
5.270000e-06	1.283719e-06	7.689158e-10	8.962703e+00	4.720142e+01
5.280000e-06	1.238790e-06	7.633308e-10	8.649018e+00	4.692463e+01
5.290000e-06	1.193751e-06	7.559816e-10	8.334566e+00	4.663763e+01
5.300000e-06	1.148642e-06	7.484429e-10	8.019622e+00	4.633963e+01
5.310000e-06	1.103475e-06	7.440717e-10	7.704272e+00	4.602974e+01
5.320000e-06	1.058255e-06	7.415008e-10	7.388553e+00	4.570702e+01
5.330000e-06	1.012982e-06	7.388367e-10	7.072468e+00	4.537047e+01
5.340000e-06	9.675673e-07	7.353580e-10	6.755388e+00	4.501906e+01
5.350000e-06	9.220103e-07	7.287407e-10	6.437317e+00	4.465167e+01
5.360000e-06	8.763941e-07	7.195566e-10	6.118833e+00	4.426717e+01
5.370000e-06	8.307409e-07	7.112371e-10	5.800090e+00	4.386440e+01
5.380000e-06	7.851072e-07	7.041749e-10	5.481483e+00	4.344213e+01
5.390000e-06	7.394390e-07	6.958214e-10	5.162636e+00	4.299916e+01
5.400000e-06	6.935807e-07	6.911822e-10	4.842461e+00	4.253424e+01
5.410000e-06	6.475813e-07	6.892995e-10	4.521301e+00	4.204614e+01
5.420000e-06	6.015618e-07	6.846990e-10	4.200001e+00	4.153361e+01
5.430000e-06	5.554924e-07	6.744613e-10	3.878352e+00	4.099545e+01
5.440000e-06	5.093317e-07	6.618378e-10	3.556066e+00	4.043046e+01
5.450000e-06	4.631155e-07	6.481557e-10	3.233393e+00	3.983747e+01
5.460000e-06	4.169172e-07	6.338949e-10	2.910844e+00	3.921538e+01
5.470000e-06	3.707016e-07	6.224564e-10	2.588175e+00	3.856312e+01
5.480000e-06	3.244624e-07	6.145735e-10	2.265340e+00	3.787971e+01
5.490000e-06	2.782285e-07	6.073666e-10	1.942544e+00	3.716423e+01
5.500000e-06	2.319640e-07	5.998703e-10	1.619533e+00	3.641583e+01
5.510000e-06	1.856479e-07	5.912166e-10	1.296162e+00	3.563380e+01
5.520000e-06	1.393786e-07	5.798369e-10	9.731172e-01	3.481748e+01
5.530000e-06	9.315143e-08	5.661090e-10	6.503672e-01	3.396635e+01
5.540000e-06	4.690359e-08	5.510081e-10	3.274728e-01	3.308002e+01
5.550000e-06	6.516067e-10	5.348858e-10	4.549405e-03	3.215819e+01
5.560000e-06	-4.565105e-08	5.202561e-10	-3.187278e-01	3.120072e+01
5.570000e-06	-9.203738e-08	5.077830e-10	-6.425891e-01	3.020761e+01
5.580000e-06	-1.383864e-07	4.950558e-10	-9.661903e-01	2.917897e+01
5.590000e-06	-1.846076e-07	4.802972e-10	-1.288899e+00	2.811508e+01
5.600000e-06	-2.308777e-07	4.645980e-10	-1.611948e+00	2.701638e+01
5.610000e-06	-2.772551e-07	4.484126e-10	-1.935747e+00	2.588342e+01
5.620000e-06	-3.235873e-07	4.282943e-10	-2.259231e+00	2.471692e+01
5.630000e-06	-3.699161e-07	4.033305e-10	-2.582691e+00	2.351776e+01
5.640000e-06	-4.162492e-07	3.781695e-10	-2.906180e+00	2.228695e+01
5.650000e-06	-4.624432e-07	3.538866e-10	-3.228699e+00	2.102564e+01
5.660000e-06	-5.085925e-07	3.309722e-10	-3.550905e+00	1.973512e+01
5.670000e-06	-5.546979e-07	3.106425e-10	-3.872805e+00	1.841684e+01
5.680000e-06	-6.007090e-07	2.897095e-10	-4.194047e+00	1.707234e+01
5.690000e-06	-6.466694e-07	2.670048e-10	-4.514934e+00	1.570329e+01
5.700000e-06	-6.925505e-07	2.442348e-10	-4.835268e+00	1.431150e+01
5.710000e-06	-7.384097e-07	2.210162e-10	-5.155449e+00	1.289886e+01
5.720000e-06	-7.841961e-07	1.944140e-10	-5.475122e+00	1.146734e+01
5.730000e-06	-8.298901e-07	1.683066e-10	-5.794149e+00	1.001903e+01
5.740000e-06	-8.755855e-07	1.439973e-10	-6.113187e+00	8.556077e+00
5.750000e-06	-9.212385e-07	1.198676e-10	-6.431928e+00	7.080676e+00
5.760000e-06	-9.667677e-07	9.680258e-11	-6.749806e+00	5.595088e+00
5.770000e-06	-1.012067e-06	7.491080e-11	-7.066081e+00	4.101606e+00
5.780000e-06	-1.057254e-06	5.031361e-11	-7.381562e+00	2.602548e+00
5.790000e-06	-1.102479e-06	2.098038e-11	-7.697317e+00	1.100246e+00
5.800000e-06	-1.147599e-06	-8.881545e-12	-8.012337e+00	-4.029723e-01
5.810000e-06	-1.192483e-06	-3.757647e-11	-8.325710e+00	-1.904788e+00
5.820000e-06	-1.237172e-06	-6.547964e-11	-8.637725e+00	-3.402911e+00
5.830000e-06	-1.281791e-06	-9.015886e-11	-8.949241e+00	-4.895086e+00
5.840000e-06	-1.326407e-06	-1.112042e-10	-9.260747e+00	-6.379108e+00
5.850000e-06	-1.371041e-06	-1.300302e-10	-9.572372e+00	-7.852833e+00
5.860000e-06	-1.415688e-06	-1.509928e-10	-9.884088e+00	-9.314187e+00
5.870000e-06	-1.460261e-06	-1.776536e-10	-1.019529e+01	-1.076118e+01
5.880000e-06	-1.504704e-06	-2.052277e-10	-1.050558e+01	-1.219190e+01
5.890000e-06	-1.549066e-06	-2.308308e-10	-1.081531e+01	-1.360456e+01
5.900000e-06	-1.593360e-06	-2.548735e-10	-1.112456e+01	-1.499745e+01
5.910000e-06	-1.637586e-06	-2.777959e-10	-1.143335e+01	-1.636899e+01
5.920000e-06	-1.681770e-06	-3.007615e-10	-1.174183e+01	-1.771772e+01
5.930000e-06	-1.725893e-06	-3.223456e-10	-1.204989e+01	-1.904230e+01
5.940000e-06	-1.769973e-06	-3.423466e-10	-1.235765e+01	-2.034151e+01
5.950000e-06	-1.813993e-06	-3.649889e-10	-1.266498e+01	-2.161427e+01
5.960000e-06	-1.857924e-06	-3.890238e-10	-1.297171e+01	-2.285963e+01
5.970000e-06	-1.901745e-06	-4.140622e-10	-1.327766e+01	-2.407676e+01
5.980000e-06	-1.945431e-06	-4.390757e-10	-1.358266e+01	-2.526500e+01
5.990000e-06	-1.988999e-06	-4.610364e-10	-1.388685e+01	-2.642377e+01
6.000000e-06	-2.032424e-06	-4.789444e-10	-1.419003e+01	-2.755266e+01
6.010000e-06	-2.075629e-06	-4.930207e-10	-1.449168e+01	-2.865135e+01
6.020000e-06	-2.118560e-06	-5.042940e-10	-1.479142e+01	-2.971968e+01
6.030000e-06	-2.161305e-06	-5.165451e-10	-1.508986e+01	-3.075758e+01
6.040000e-06	-2.203959e-06	-5.343168e-10	-1.538767e+01	-3.176509e+01
6.050000e-06	-2.246478e-06	-5.556012e-10	-1.568452e+01	-3.274236e+01
6.060000e-06	-2.288825e-06	-5.765049e-10	-1.598018e+01	-3.368965e+01
6.070000e-06	-2.331084e-06	-5.963236e-10	-1.627522e+01	-3.460729e+01
6.080000e-06	-2.373190e-06	-6.144713e-10	-1.656921e+01	-3.549571e+01
6.090000e-06	-2.415111e-06	-6.281656e-10	-1.686189e+01	-3.635539e+01
6.100000e-06	-2.456930e-06	-6.368687e-10	-1.715386e+01	-3.718690e+01
6.110000e-06	-2.498599e-06	-6.444789e-10	-1.744479e+01	-3.799085e+01
6.120000e-06	-2.540016e-06	-6.564447e-10	-1.773395e+01	-3.876791e+01
6.130000e-06	-2.581192e-06	-6.739276e-10	-1.802143e+01	-3.951879e+01
6.140000e-06	-2.622165e-06	-6.939305e-10	-1.830751e+01	-4.024421e+01
6.150000e-06	-2.662931e-06	-7.107179e-10	-1.859213e+01	-4.094494e+01
6.160000e-06	-2.703553e-06	-7.207675e-10	-1.887574e+01	-4.162175e+01
6.170000e-06	-2.744042e-06	-7.248443e-10	-1.915842e+01	-4.227541e+01
6.180000e-06	-2.784390e-06	-7.293936e-10	-1.944013e+01	-4.290670e+01
6.190000e-06	-2.824593e-06	-7.375207e-10	-1.972082e+01	-4.351639e+01
6.200000e-06	-2.864697e-06	-7.468466e-10	-2.000082e+01	-4.410524e+01
6.210000e-06	-2.904729e-06	-7.587179e-10	-2.028031e+01	-4.467398e+01
6.220000e-06	-2.944657e-06	-7.714751e-10	-2.055909e+01	-4.522333e+01
6.230000e-06	-2.984412e-06	-7.813387e-10	-2.083665e+01	-4.575395e+01
6.240000e-06	-3.023877e-06	-7.879488e-10	-2.111218e+01	-4.626650e+01
6.250000e-06	-3.063004e-06	-7.944882e-10	-2.138537e+01	-4.676158e+01
6.260000e-06	-3.101822e-06	-7.992703e-10	-2.165639e+01	-4.723977e+01
6.270000e-06	-3.140343e-06	-8.026119e-10	-2.192534e+01	-4.770159e+01
6.280000e-06	-3.178497e-06	-8.072410e-10	-2.219172e+01	-4.814754e+01
6.290000e-06	-3.216282e-06	-8.117343e-10	-2.245553e+01	-4.857805e+01
6.300000e-06	-3.253646e-06	-8.180880e-10	-2.271639e+01	-4.899352e+01
6.310000e-06	-3.290531e-06	-8.251338e-10	-2.297392e+01	-4.939433e+01
6.320000e-06	-3.327157e-06	-8.328163e-10	-2.322964e+01	-4.978078e+01
6.330000e-06	-3.363643e-06	-8.401683e-10	-2.348437e+01	-5.015317e+01
6.340000e-06	-3.399963e-06	-8.458126e-10	-2.373796e+01	-5.051173e+01
6.350000e-06	-3.436170e-06	-8.475180e-10	-2.399074e+01	-5.085670e+01
6.360000e-06	-3.472265e-06	-8.479898e-10	-2.424275e+01	-5.118826e+01
6.370000e-06	-3.508223e-06	-8.479822e-10	-2.449381e+01	-5.150656e+01
6.380000e-06	-3.543984e-06	-8.503339e-10	-2.474349e+01	-5.181176e+01
6.390000e-06	-3.579462e-06	-8.565892e-10	-2.499119e+01	-5.210398e+01
6.400000e-06	-3.614701e-06	-8.652057e-10	-2.523722e+01	-5.238334e+01
6.410000e-06	-3.649694e-06	-8.763849e-10	-2.548153e+01	-5.264994e+01
6.420000e-06	-3.684374e-06	-8.846854e-10	-2.572366e+01	-5.290389e+01
6.430000e-06	-3.718832e-06	-8.867877e-10	-2.596424e+01	-5.314528e+01
6.440000e-06	-3.753050e-06	-8.843185e-10	-2.620315e+01	-5.337425e+01
6.450000e-06	-3.787000e-06	-8.821309e-10	-2.644018e+01	-5.359089e+01
6.460000e-06	-3.820675e-06	-8.836166e-10	-2.667529e+01	-5.379535e+01
6.470000e-06	-3.854073e-06	-8.875200e-10	-2.690848e+01	-5.398778e+01
6.480000e-06	-3.887163e-06	-8.928256e-10	-2.713950e+01	-5.416835e+01
6.490000e-06	-3.919932e-06	-8.975432e-10	-2.736829e+01	-5.433726e+01
6.500000e-06	-3.952515e-06	-9.003918e-10	-2.759578e+01	-5.449471e+01
6.510000e-06	-3.984891e-06	-9.022716e-10	-2.782182e+01	-5.464096e+01
6.520000e-06	-4.017051e-06	-9.007543e-10	-2.804636e+01	-5.477628e+01
6.530000e-06	-4.049049e-06	-8.966062e-10	-2.826976e+01	-5.490098e+01
6.540000e-06	-4.080855e-06	-8.925587e-10	-2.849182e+01	-5.501539e+01
6.550000e-06	-4.112290e-06	-8.934635e-10	-2.871130e+01	-5.511988e+01
6.560000e-06	-4.143254e-06	-8.987632e-10	-2.892749e+01	-5.521483e+01
6.570000e-06	-4.173815e-06	-9.069878e-10	-2.914086e+01	-5.530068e+01
6.580000e-06	-4.203866e-06	-9.149721e-10	-2.935066e+01	-5.537786e+01
6.590000e-06	-4.233364e-06	-9.175697e-10	-2.955662e+01	-5.544686e+01
6.600000e-06	-4.262511e-06	-9.140045e-10	-2.976012e+01	-5.550816e+01
6.610000e-06	-4.291403e-06	-9.094136e-10	-2.996183e+01	-5.556229e+01
6.620000e-06	-4.319994e-06	-9.064861e-10	-3.016145e+01	-5.560977e+01
6.630000e-06	-4.348310e-06	-9.064147e-10	-3.035915e+01	-5.565115e+01
6.640000e-06	-4.376469e-06	-9.096642e-10	-3.055575e+01	-5.568698e+01
6.650000e-06	-4.404429e-06	-9.134046e-10	-3.075096e+01	-5.571782e+01
6.660000e-06	-4.432097e-06	-9.145335e-10	-3.094414e+01	-5.574423e+01
6.670000e-06	-4.459454e-06	-9.139575e-10	-3.113514e+01	-5.576677e+01
6.680000e-06	-4.486494e-06	-9.120685e-10	-3.132393e+01	-5.578598e+01
6.690000e-06	-4.513279e-06	-9.098435e-10	-3.151094e+01	-5.580240e+01
6.700000e-06	-4.539748e-06	-9.075137e-10	-3.169574e+01	-5.581656e+01
6.710000e-06	-4.565835e-06	-9.056151e-10	-3.187787e+01	-5.582895e+01
6.720000e-06	-4.591535e-06	-9.048544e-10	-3.205731e+01	-5.584006e+01
6.730000e-06	-4.616991e-06	-9.053215e-10	-3.223504e+01	-5.585033e+01
6.740000e-06	-4.642205e-06	-9.069896e-10	-3.241108e+01	-5.586017e+01
6.750000e-06	-4.667042e-06	-9.087839e-10	-3.258449e+01	-5.586999e+01
6.760000e-06	-4.691543e-06	-9.101428e-10	-3.275555e+01	-5.588012e+01
6.770000e-06	-4.715844e-06	-9.092303e-10	-3.292521e+01	-5.589087e+01
6.780000e-06	-4.739979e-06	-9.072492e-10	-3.309371e+01	-5.590252e+01
6.790000e-06	-4.763813e-06	-9.055874e-10	-3.326012e+01	-5.591528e+01
6.800000e-06	-4.787304e-06	-9.052395e-10	-3.342413e+01	-5.592934e+01
6.810000e-06	-4.810373e-06	-9.031612e-10	-3.358520e+01	-5.594484e+01
6.820000e-06	-4.832885e-06	-8.987682e-10	-3.374237e+01	-5.596187e+01
6.830000e-06	-4.854872e-06	-8.969414e-10	-3.389588e+01	-5.598047e+01
6.840000e-06	-4.876399e-06	-8.988506e-10	-3.404618e+01	-5.600066e+01
6.850000e-06	-4.897411e-06	-9.010028e-10	-3.419288e+01	-5.602240e+01
6.860000e-06	-4.918041e-06	-9.022016e-10	-3.433692e+01	-5.604562e+01
6.870000e-06	-4.938441e-06	-9.014423e-10	-3.447935e+01	-5.607019e+01
6.880000e-06	-4.958646e-06	-9.004662e-10	-3.462041e+01	-5.609598e+01
6.890000e-06	-4.978633e-06	-8.996445e-10	-3.475996e+01	-5.612280e+01
6.900000e-06	-4.998280e-06	-8.982463e-10	-3.489713e+01	-5.615044e+01
6.910000e-06	-5.017563e-06	-8.965780e-10	-3.503176e+01	-5.617867e+01
6.920000e-06	-5.036477e-06	-8.943310e-10	-3.516381e+01	-5.620723e+01
6.930000e-06	-5.055007e-06	-8.932408e-10	-3.529319e+01	-5.623585e+01
6.940000e-06	-5.073213e-06	-8.935688e-10	-3.542030e+01	-5.626424e+01
6.950000e-06	-5.091062e-06	-8.931398e-10	-3.554491e+01	-5.629210e+01
6.960000e-06	-5.108549e-06	-8.912821e-10	-3.566701e+01	-5.631915e+01
6.970000e-06	-5.125735e-06	-8.881007e-10	-3.578699e+01	-5.634506e+01
6.980000e-06	-5.142630e-06	-8.854319e-10	-3.590495e+01	-5.636956e+01
6.990000e-06	-5.159259e-06	-8.849369e-10	-3.602105e+01	-5.639234e+01
7.000000e-06	-5.175627e-06	-8.844106e-10	-3.613533e+01	-5.641314e+01
7.010000e-06	-5.191699e-06	-8.815524e-10	-3.624755e+01	-5.643169e+01
7.020000e-06	-5.207430e-06	-8.768864e-10	-3.635738e+01	-5.644776e+01
7.030000e-06	-5.222739e-06	-8.721826e-10	-3.646427e+01	-5.646112e+01
7.040000e-06	-5.237475e-06	-8.679807e-10	-3.656715e+01	-5.647159e+01
7.050000e-06	-5.251503e-06	-8.655289e-10	-3.666509e+01	-5.647899e+01
7.060000e-06	-5.264930e-06	-8.638171e-10	-3.675884e+01	-5.648320e+01
7.070000e-06	-5.277849e-06	-8.615894e-10	-3.684903e+01	-5.648412e+01
7.080000e-06	-5.290350e-06	-8.610733e-10	-3.693631e+01	-5.648167e+01
7.090000e-06	-5.302600e-06	-8.624203e-10	-3.702184e+01	-5.647583e+01
7.100000e-06	-5.314476e-06	-8.628769e-10	-3.710476e+01	-5.646660e+01
7.110000e-06	-5.325871e-06	-8.602113e-10	-3.718431e+01	-5.645401e+01
7.120000e-06	-5.336897e-06	-8.556160e-10	-3.726129e+01	-5.643813e+01
7.130000e-06	-5.347603e-06	-8.516819e-10	-3.733604e+01	-5.641908e+01
7.140000e-06	-5.357943e-06	-8.481127e-10	-3.740824e+01	-5.639699e+01
7.150000e-06	-5.367954e-06	-8.450827e-10	-3.747813e+01	-5.637202e+01
7.160000e-06	-5.377627e-06	-8.441363e-10	-3.754567e+01	-5.634438e+01
7.170000e-06	-5.386886e-06	-8.463263e-10	-3.761031e+01	-5.631429e+01
7.180000e-06	-5.395752e-06	-8.491332e-10	-3.767221e+01	-5.628199e+01
7.190000e-06	-5.404273e-06	-8.495195e-10	-3.773171e+01	-5.624776e+01
7.200000e-06	-5.412551e-06	-8.483448e-10	-3.778950e+01	-5.621187e+01
7.210000e-06	-5.420589e-06	-8.454577e-10	-3.784562e+01	-5.617463e+01
7.220000e-06	-5.428279e-06	-8.399233e-10	-3.789931e+01	-5.613635e+01
7.230000e-06	-5.435529e-06	-8.366999e-10	-3.794992e+01	-5.609733e+01
7.240000e-06	-5.442296e-06	-8.364524e-10	-3.799717e+01	-5.605791e+01
7.250000e-06	-5.448492e-06	-8.375724e-10	-3.804043e+01	-5.601839e+01
7.260000e-06	-5.454005e-06	-8.385849e-10	-3.807893e+01	-5.597908e+01
7.270000e-06	-5.458938e-06	-8.373806e-10	-3.811337e+01	-5.594030e+01
7.280000e-06	-5.463538e-06	-8.344278e-10	-3.814548e+01	-5.590233e+01
7.290000e-06	-5.467946e-06	-8.320825e-10	-3.817626e+01	-5.586544e+01
7.300000e-06	-5.472106e-06	-8.321677e-10	-3.820530e+01	-5.582991e+01
7.310000e-06	-5.475963e-06	-8.330643e-10	-3.823223e+01	-5.579595e+01
7.320000e-06	-5.479483e-06	-8.338638e-10	-3.825681e+01	-5.576379e+01
7.330000e-06	-5.482657e-06	-8.341157e-10	-3.827897e+01	-5.573361e+01
7.340000e-06	-5.485424e-06	-8.333011e-10	-3.829829e+01	-5.570557e+01
7.350000e-06	-5.487742e-06	-8.302837e-10	-3.831447e+01	-5.567979e+01
7.360000e-06	-5.489772e-06	-8.256887e-10	-3.832864e+01	-5.565638e+01
7.370000e-06	-5.491473e-06	-8.229967e-10	-3.834052e+01	-5.563541e+01
7.380000e-06	-5.492709e-06	-8.211681e-10	-3.834915e+01	-5.561689e+01
7.390000e-06	-5.493571e-06	-8.193797e-10	-3.835516e+01	-5.560085e+01
7.400000e-06	-5.494125e-06	-8.188324e-10	-3.835903e+01	-5.558724e+01
