# Temperatura_=_-6.3
# Concentracion g/m^3_=_1620.0
# C_Vs_to_Am_M_A/Vsm_=_65563218390.804596
# pendiente_HvsI_1/m_=_3716.3
# ordenada_HvsI_A/m_=_1297.0
# frecuencia_Hz_=_135105.32235541198

Tiempo_(s)	Campo_(V.s)	Magnetizacion_(V.s)	Campo_(kA/m)	Magnetizacion_(A/m)
0.000000e+00	-5.515951e-06	-1.103338e-09	-3.836227e+01	-7.366760e+01
1.000000e-08	-5.516075e-06	-1.101005e-09	-3.836312e+01	-7.367695e+01
2.000000e-08	-5.515977e-06	-1.098196e-09	-3.836245e+01	-7.368490e+01
3.000000e-08	-5.515517e-06	-1.096858e-09	-3.835925e+01	-7.369097e+01
4.000000e-08	-5.514574e-06	-1.094979e-09	-3.835268e+01	-7.369470e+01
5.000000e-08	-5.513143e-06	-1.091462e-09	-3.834274e+01	-7.369560e+01
6.000000e-08	-5.511117e-06	-1.084583e-09	-3.832864e+01	-7.369319e+01
7.000000e-08	-5.508479e-06	-1.085328e-09	-3.831029e+01	-7.368701e+01
8.000000e-08	-5.505345e-06	-1.094837e-09	-3.828850e+01	-7.367660e+01
9.000000e-08	-5.501727e-06	-1.083108e-09	-3.826334e+01	-7.366151e+01
1.000000e-07	-5.497602e-06	-1.081444e-09	-3.823465e+01	-7.364133e+01
1.100000e-07	-5.493187e-06	-1.133930e-09	-3.820395e+01	-7.361567e+01
1.200000e-07	-5.488653e-06	-1.085956e-09	-3.817241e+01	-7.358415e+01
1.300000e-07	-5.483881e-06	-1.038456e-09	-3.813922e+01	-7.354646e+01
1.400000e-07	-5.478659e-06	-1.040099e-09	-3.810291e+01	-7.350230e+01
1.500000e-07	-5.472962e-06	-1.101146e-09	-3.806328e+01	-7.345144e+01
1.600000e-07	-5.466900e-06	-1.114607e-09	-3.802113e+01	-7.339367e+01
1.700000e-07	-5.460490e-06	-1.025668e-09	-3.797654e+01	-7.332885e+01
1.800000e-07	-5.453664e-06	-1.070420e-09	-3.792907e+01	-7.325687e+01
1.900000e-07	-5.446359e-06	-1.119000e-09	-3.787826e+01	-7.317769e+01
2.000000e-07	-5.438762e-06	-1.137210e-09	-3.782543e+01	-7.309131e+01
2.100000e-07	-5.430992e-06	-1.059906e-09	-3.777139e+01	-7.299779e+01
2.200000e-07	-5.423008e-06	-1.074876e-09	-3.771586e+01	-7.289724e+01
2.300000e-07	-5.414790e-06	-1.102271e-09	-3.765871e+01	-7.278984e+01
2.400000e-07	-5.406122e-06	-1.113221e-09	-3.759843e+01	-7.267580e+01
2.500000e-07	-5.396681e-06	-1.074650e-09	-3.753277e+01	-7.255538e+01
2.600000e-07	-5.386581e-06	-1.064371e-09	-3.746252e+01	-7.242891e+01
2.700000e-07	-5.375880e-06	-1.055346e-09	-3.738810e+01	-7.229673e+01
2.800000e-07	-5.364653e-06	-1.046984e-09	-3.731002e+01	-7.215926e+01
2.900000e-07	-5.353130e-06	-1.038537e-09	-3.722988e+01	-7.201693e+01
3.000000e-07	-5.341212e-06	-1.035948e-09	-3.714699e+01	-7.187022e+01
3.100000e-07	-5.328839e-06	-1.048870e-09	-3.706094e+01	-7.171962e+01
3.200000e-07	-5.316077e-06	-1.055984e-09	-3.697218e+01	-7.156566e+01
3.300000e-07	-5.302881e-06	-1.057629e-09	-3.688040e+01	-7.140888e+01
3.400000e-07	-5.289245e-06	-1.016851e-09	-3.678557e+01	-7.124985e+01
3.500000e-07	-5.275291e-06	-1.035062e-09	-3.668853e+01	-7.108913e+01
3.600000e-07	-5.261013e-06	-1.049318e-09	-3.658923e+01	-7.092729e+01
3.700000e-07	-5.246323e-06	-1.027888e-09	-3.648706e+01	-7.076490e+01
3.800000e-07	-5.231061e-06	-1.011557e-09	-3.638091e+01	-7.060251e+01
3.900000e-07	-5.215293e-06	-1.069084e-09	-3.627125e+01	-7.044066e+01
4.000000e-07	-5.198981e-06	-1.036380e-09	-3.615780e+01	-7.027989e+01
4.100000e-07	-5.182211e-06	-9.934738e-10	-3.604117e+01	-7.012070e+01
4.200000e-07	-5.165178e-06	-1.037334e-09	-3.592271e+01	-6.996356e+01
4.300000e-07	-5.147835e-06	-1.069289e-09	-3.580210e+01	-6.980890e+01
4.400000e-07	-5.130117e-06	-9.803951e-10	-3.567887e+01	-6.965713e+01
4.500000e-07	-5.112019e-06	-1.005709e-09	-3.555301e+01	-6.950862e+01
4.600000e-07	-5.093501e-06	-1.077234e-09	-3.542421e+01	-6.936367e+01
4.700000e-07	-5.074496e-06	-1.011936e-09	-3.529203e+01	-6.922256e+01
4.800000e-07	-5.055190e-06	-9.537874e-10	-3.515777e+01	-6.908551e+01
4.900000e-07	-5.035675e-06	-1.056275e-09	-3.502205e+01	-6.895269e+01
5.000000e-07	-5.015973e-06	-1.047475e-09	-3.488502e+01	-6.882422e+01
5.100000e-07	-4.996055e-06	-9.611637e-10	-3.474650e+01	-6.870016e+01
5.200000e-07	-4.975813e-06	-1.019348e-09	-3.460572e+01	-6.858053e+01
5.300000e-07	-4.955211e-06	-1.070471e-09	-3.446244e+01	-6.846529e+01
5.400000e-07	-4.934187e-06	-9.701423e-10	-3.431622e+01	-6.835434e+01
5.500000e-07	-4.912826e-06	-9.739356e-10	-3.416766e+01	-6.824756e+01
5.600000e-07	-4.891242e-06	-1.049441e-09	-3.401755e+01	-6.814475e+01
5.700000e-07	-4.869360e-06	-9.853326e-10	-3.386536e+01	-6.804568e+01
5.800000e-07	-4.847099e-06	-9.498623e-10	-3.371054e+01	-6.795008e+01
5.900000e-07	-4.824448e-06	-1.036718e-09	-3.355301e+01	-6.785765e+01
6.000000e-07	-4.801419e-06	-1.024244e-09	-3.339285e+01	-6.776803e+01
6.100000e-07	-4.777983e-06	-9.537662e-10	-3.322986e+01	-6.768086e+01
6.200000e-07	-4.754305e-06	-1.001606e-09	-3.306518e+01	-6.759574e+01
6.300000e-07	-4.730477e-06	-1.016353e-09	-3.289946e+01	-6.751223e+01
6.400000e-07	-4.706387e-06	-9.596105e-10	-3.273192e+01	-6.742992e+01
6.500000e-07	-4.681986e-06	-9.735409e-10	-3.256221e+01	-6.734835e+01
6.600000e-07	-4.657200e-06	-1.013177e-09	-3.238983e+01	-6.726706e+01
6.700000e-07	-4.631904e-06	-9.734280e-10	-3.221391e+01	-6.718561e+01
6.800000e-07	-4.606035e-06	-9.729926e-10	-3.203399e+01	-6.710354e+01
6.900000e-07	-4.579580e-06	-1.003518e-09	-3.185000e+01	-6.702041e+01
7.000000e-07	-4.552591e-06	-9.874079e-10	-3.166230e+01	-6.693579e+01
7.100000e-07	-4.525252e-06	-9.609435e-10	-3.147216e+01	-6.684927e+01
7.200000e-07	-4.497719e-06	-9.820795e-10	-3.128067e+01	-6.676046e+01
7.300000e-07	-4.470051e-06	-9.758463e-10	-3.108825e+01	-6.666898e+01
7.400000e-07	-4.442209e-06	-9.611291e-10	-3.089462e+01	-6.657451e+01
7.500000e-07	-4.414115e-06	-9.675755e-10	-3.069923e+01	-6.647674e+01
7.600000e-07	-4.385835e-06	-9.747932e-10	-3.050255e+01	-6.637539e+01
7.700000e-07	-4.357329e-06	-9.560122e-10	-3.030429e+01	-6.627023e+01
7.800000e-07	-4.328392e-06	-9.560248e-10	-3.010304e+01	-6.616107e+01
7.900000e-07	-4.299060e-06	-9.584661e-10	-2.989905e+01	-6.604773e+01
8.000000e-07	-4.269498e-06	-9.516134e-10	-2.969345e+01	-6.593011e+01
8.100000e-07	-4.239670e-06	-9.471231e-10	-2.948600e+01	-6.580812e+01
8.200000e-07	-4.209493e-06	-9.544335e-10	-2.927613e+01	-6.568172e+01
8.300000e-07	-4.179018e-06	-9.490848e-10	-2.906418e+01	-6.555090e+01
8.400000e-07	-4.148269e-06	-9.420433e-10	-2.885033e+01	-6.541570e+01
8.500000e-07	-4.117216e-06	-9.456834e-10	-2.863436e+01	-6.527620e+01
8.600000e-07	-4.085836e-06	-9.434419e-10	-2.841612e+01	-6.513248e+01
8.700000e-07	-4.054266e-06	-9.317600e-10	-2.819656e+01	-6.498469e+01
8.800000e-07	-4.022557e-06	-9.332518e-10	-2.797603e+01	-6.483298e+01
8.900000e-07	-3.990670e-06	-9.382895e-10	-2.775426e+01	-6.467754e+01
9.000000e-07	-3.958549e-06	-9.277231e-10	-2.753087e+01	-6.451857e+01
9.100000e-07	-3.926187e-06	-9.257385e-10	-2.730580e+01	-6.435630e+01
9.200000e-07	-3.893520e-06	-9.297264e-10	-2.707860e+01	-6.419096e+01
9.300000e-07	-3.860459e-06	-9.242784e-10	-2.684867e+01	-6.402281e+01
9.400000e-07	-3.827021e-06	-9.153157e-10	-2.661611e+01	-6.385208e+01
9.500000e-07	-3.793084e-06	-9.219005e-10	-2.638009e+01	-6.367903e+01
9.600000e-07	-3.758641e-06	-9.139559e-10	-2.614055e+01	-6.350392e+01
9.700000e-07	-3.723794e-06	-9.031074e-10	-2.589819e+01	-6.332699e+01
9.800000e-07	-3.688556e-06	-9.047417e-10	-2.565312e+01	-6.314847e+01
9.900000e-07	-3.653049e-06	-9.081642e-10	-2.540618e+01	-6.296859e+01
1.000000e-06	-3.617423e-06	-8.953541e-10	-2.515840e+01	-6.278754e+01
1.010000e-06	-3.581676e-06	-8.924666e-10	-2.490979e+01	-6.260551e+01
1.020000e-06	-3.545788e-06	-8.956351e-10	-2.466020e+01	-6.242266e+01
1.030000e-06	-3.509707e-06	-8.923873e-10	-2.440926e+01	-6.223913e+01
1.040000e-06	-3.473428e-06	-8.881297e-10	-2.415695e+01	-6.205502e+01
1.050000e-06	-3.436935e-06	-8.931844e-10	-2.390315e+01	-6.187042e+01
1.060000e-06	-3.400154e-06	-8.878880e-10	-2.364734e+01	-6.168538e+01
1.070000e-06	-3.362987e-06	-8.795084e-10	-2.338886e+01	-6.149991e+01
1.080000e-06	-3.325498e-06	-8.788740e-10	-2.312813e+01	-6.131400e+01
1.090000e-06	-3.287888e-06	-8.823664e-10	-2.286656e+01	-6.112761e+01
1.100000e-06	-3.250135e-06	-8.765450e-10	-2.260399e+01	-6.094067e+01
1.110000e-06	-3.212107e-06	-8.750679e-10	-2.233952e+01	-6.075306e+01
1.120000e-06	-3.173891e-06	-8.778426e-10	-2.207373e+01	-6.056467e+01
1.130000e-06	-3.135518e-06	-8.729921e-10	-2.180686e+01	-6.037532e+01
1.140000e-06	-3.096967e-06	-8.677434e-10	-2.153875e+01	-6.018483e+01
1.150000e-06	-3.058200e-06	-8.663624e-10	-2.126913e+01	-5.999300e+01
1.160000e-06	-3.019194e-06	-8.614963e-10	-2.099785e+01	-5.979958e+01
1.170000e-06	-2.980049e-06	-8.505338e-10	-2.072561e+01	-5.960434e+01
1.180000e-06	-2.940716e-06	-8.469294e-10	-2.045205e+01	-5.940700e+01
1.190000e-06	-2.901162e-06	-8.476145e-10	-2.017696e+01	-5.920729e+01
1.200000e-06	-2.861409e-06	-8.431004e-10	-1.990049e+01	-5.900493e+01
1.210000e-06	-2.821550e-06	-8.382133e-10	-1.962328e+01	-5.879962e+01
1.220000e-06	-2.781597e-06	-8.371895e-10	-1.934541e+01	-5.859106e+01
1.230000e-06	-2.741469e-06	-8.345029e-10	-1.906634e+01	-5.837896e+01
1.240000e-06	-2.701141e-06	-8.346136e-10	-1.878586e+01	-5.816302e+01
1.250000e-06	-2.660684e-06	-8.360914e-10	-1.850449e+01	-5.794294e+01
1.260000e-06	-2.620120e-06	-8.353449e-10	-1.822237e+01	-5.771846e+01
1.270000e-06	-2.579221e-06	-8.272704e-10	-1.793793e+01	-5.748929e+01
1.280000e-06	-2.537939e-06	-8.211065e-10	-1.765082e+01	-5.725516e+01
1.290000e-06	-2.496325e-06	-8.157704e-10	-1.736141e+01	-5.701584e+01
1.300000e-06	-2.454401e-06	-8.112566e-10	-1.706984e+01	-5.677107e+01
1.310000e-06	-2.412285e-06	-8.090227e-10	-1.677693e+01	-5.652065e+01
1.320000e-06	-2.369947e-06	-8.106927e-10	-1.648248e+01	-5.626437e+01
1.330000e-06	-2.327243e-06	-8.079216e-10	-1.618548e+01	-5.600203e+01
1.340000e-06	-2.284202e-06	-8.017956e-10	-1.588614e+01	-5.573346e+01
1.350000e-06	-2.241010e-06	-7.965566e-10	-1.558575e+01	-5.545851e+01
1.360000e-06	-2.197739e-06	-7.890328e-10	-1.528481e+01	-5.517701e+01
1.370000e-06	-2.154329e-06	-7.804099e-10	-1.498290e+01	-5.488883e+01
1.380000e-06	-2.110789e-06	-7.764592e-10	-1.468009e+01	-5.459385e+01
1.390000e-06	-2.067126e-06	-7.741505e-10	-1.437642e+01	-5.429195e+01
1.400000e-06	-2.023305e-06	-7.715619e-10	-1.407166e+01	-5.398300e+01
1.410000e-06	-1.979392e-06	-7.680355e-10	-1.376625e+01	-5.366690e+01
1.420000e-06	-1.935413e-06	-7.665632e-10	-1.346039e+01	-5.334352e+01
1.430000e-06	-1.891336e-06	-7.608446e-10	-1.315384e+01	-5.301274e+01
1.440000e-06	-1.847205e-06	-7.514672e-10	-1.284691e+01	-5.267443e+01
1.450000e-06	-1.803014e-06	-7.434946e-10	-1.253958e+01	-5.232844e+01
1.460000e-06	-1.758637e-06	-7.354764e-10	-1.223095e+01	-5.197462e+01
1.470000e-06	-1.714113e-06	-7.258899e-10	-1.192129e+01	-5.161276e+01
1.480000e-06	-1.669520e-06	-7.179072e-10	-1.161116e+01	-5.124268e+01
1.490000e-06	-1.624815e-06	-7.118191e-10	-1.130024e+01	-5.086412e+01
1.500000e-06	-1.580026e-06	-7.055137e-10	-1.098875e+01	-5.047682e+01
1.510000e-06	-1.535115e-06	-6.999985e-10	-1.067640e+01	-5.008047e+01
1.520000e-06	-1.490030e-06	-6.939965e-10	-1.036284e+01	-4.967474e+01
1.530000e-06	-1.444771e-06	-6.863530e-10	-1.004807e+01	-4.925923e+01
1.540000e-06	-1.399380e-06	-6.765531e-10	-9.732389e+00	-4.883352e+01
1.550000e-06	-1.353905e-06	-6.699502e-10	-9.416119e+00	-4.839714e+01
1.560000e-06	-1.308359e-06	-6.656841e-10	-9.099358e+00	-4.794956e+01
1.570000e-06	-1.262761e-06	-6.619290e-10	-8.782234e+00	-4.749022e+01
1.580000e-06	-1.217034e-06	-6.582431e-10	-8.464213e+00	-4.701850e+01
1.590000e-06	-1.171259e-06	-6.559649e-10	-8.145855e+00	-4.653374e+01
1.600000e-06	-1.125461e-06	-6.504895e-10	-7.827339e+00	-4.603523e+01
1.610000e-06	-1.079563e-06	-6.416545e-10	-7.508134e+00	-4.552222e+01
1.620000e-06	-1.033619e-06	-6.325868e-10	-7.188601e+00	-4.499392e+01
1.630000e-06	-9.875550e-07	-6.236620e-10	-6.868235e+00	-4.444948e+01
1.640000e-06	-9.413993e-07	-6.147527e-10	-6.547231e+00	-4.388804e+01
1.650000e-06	-8.952287e-07	-6.061318e-10	-6.226125e+00	-4.330869e+01
1.660000e-06	-8.490294e-07	-5.962788e-10	-5.904819e+00	-4.271051e+01
1.670000e-06	-8.027804e-07	-5.856376e-10	-5.583167e+00	-4.209255e+01
1.680000e-06	-7.564365e-07	-5.731670e-10	-5.260855e+00	-4.145383e+01
1.690000e-06	-7.099755e-07	-5.604126e-10	-4.937729e+00	-4.079339e+01
1.700000e-06	-6.633907e-07	-5.465765e-10	-4.613741e+00	-4.011025e+01
1.710000e-06	-6.168501e-07	-5.349455e-10	-4.290061e+00	-3.940343e+01
1.720000e-06	-5.703990e-07	-5.272390e-10	-3.967003e+00	-3.867199e+01
1.730000e-06	-5.239231e-07	-5.211461e-10	-3.643773e+00	-3.791497e+01
1.740000e-06	-4.772851e-07	-5.114237e-10	-3.319416e+00	-3.713149e+01
1.750000e-06	-4.305183e-07	-4.965680e-10	-2.994163e+00	-3.632065e+01
1.760000e-06	-3.838137e-07	-4.791768e-10	-2.669342e+00	-3.548166e+01
1.770000e-06	-3.370881e-07	-4.631508e-10	-2.344376e+00	-3.461372e+01
1.780000e-06	-2.903170e-07	-4.514299e-10	-2.019093e+00	-3.371615e+01
1.790000e-06	-2.435582e-07	-4.415115e-10	-1.693896e+00	-3.278831e+01
1.800000e-06	-1.967513e-07	-4.312792e-10	-1.368364e+00	-3.182963e+01
1.810000e-06	-1.498807e-07	-4.185010e-10	-1.042388e+00	-3.083965e+01
1.820000e-06	-1.030405e-07	-4.032072e-10	-7.166245e-01	-2.981800e+01
1.830000e-06	-5.630312e-08	-3.862308e-10	-3.915762e-01	-2.876440e+01
1.840000e-06	-9.543787e-09	-3.695719e-10	-6.637501e-02	-2.767868e+01
1.850000e-06	3.721703e-08	-3.523354e-10	2.588365e-01	-2.656078e+01
1.860000e-06	8.396176e-08	-3.354751e-10	5.839361e-01	-2.541076e+01
1.870000e-06	1.307817e-07	-3.181159e-10	9.095590e-01	-2.422879e+01
1.880000e-06	1.776598e-07	-3.019883e-10	1.235586e+00	-2.301519e+01
1.890000e-06	2.245335e-07	-2.878819e-10	1.561583e+00	-2.177037e+01
1.900000e-06	2.713809e-07	-2.734771e-10	1.887396e+00	-2.049488e+01
1.910000e-06	3.181869e-07	-2.575391e-10	2.212922e+00	-1.918942e+01
1.920000e-06	3.648950e-07	-2.411576e-10	2.537767e+00	-1.785479e+01
1.930000e-06	4.115949e-07	-2.226795e-10	2.862555e+00	-1.649192e+01
1.940000e-06	4.581816e-07	-1.999950e-10	3.186556e+00	-1.510188e+01
1.950000e-06	5.046129e-07	-1.755032e-10	3.509475e+00	-1.368583e+01
1.960000e-06	5.510473e-07	-1.551181e-10	3.832416e+00	-1.224509e+01
1.970000e-06	5.975281e-07	-1.377345e-10	4.155680e+00	-1.078104e+01
1.980000e-06	6.439548e-07	-1.214458e-10	4.478569e+00	-9.295213e+00
1.990000e-06	6.902846e-07	-1.029024e-10	4.800782e+00	-7.789214e+00
2.000000e-06	7.365879e-07	-7.999083e-11	5.122812e+00	-6.264748e+00
2.010000e-06	7.828095e-07	-5.384588e-11	5.444273e+00	-4.723604e+00
2.020000e-06	8.290375e-07	-2.768835e-11	5.765779e+00	-3.167646e+00
2.030000e-06	8.753115e-07	-5.071421e-12	6.087605e+00	-1.598804e+00
2.040000e-06	9.215083e-07	1.417144e-11	6.408894e+00	-1.906489e-02
2.050000e-06	9.675758e-07	3.274381e-11	6.729283e+00	1.569537e+00
2.060000e-06	1.013503e-06	5.295855e-11	7.048697e+00	3.164931e+00
2.070000e-06	1.059383e-06	7.478181e-11	7.367780e+00	4.765022e+00
2.080000e-06	1.105272e-06	1.002229e-10	7.686930e+00	6.367699e+00
2.090000e-06	1.151133e-06	1.275093e-10	8.005882e+00	7.970846e+00
2.100000e-06	1.196915e-06	1.542108e-10	8.324287e+00	9.572355e+00
2.110000e-06	1.242585e-06	1.785012e-10	8.641912e+00	1.117013e+01
2.120000e-06	1.288101e-06	2.000245e-10	8.958470e+00	1.276212e+01
2.130000e-06	1.333492e-06	2.189873e-10	9.274155e+00	1.434629e+01
2.140000e-06	1.378820e-06	2.377086e-10	9.589401e+00	1.592066e+01
2.150000e-06	1.424064e-06	2.585373e-10	9.904061e+00	1.748331e+01
2.160000e-06	1.469151e-06	2.808307e-10	1.021763e+01	1.903238e+01
2.170000e-06	1.514103e-06	3.035616e-10	1.053026e+01	2.056609e+01
2.180000e-06	1.558951e-06	3.263802e-10	1.084217e+01	2.208275e+01
2.190000e-06	1.603673e-06	3.481717e-10	1.115320e+01	2.358073e+01
2.200000e-06	1.648314e-06	3.689452e-10	1.146367e+01	2.505852e+01
2.210000e-06	1.692812e-06	3.852012e-10	1.177315e+01	2.651471e+01
2.220000e-06	1.737146e-06	3.987469e-10	1.208148e+01	2.794797e+01
2.230000e-06	1.781469e-06	4.135066e-10	1.238974e+01	2.935710e+01
2.240000e-06	1.825768e-06	4.294191e-10	1.269783e+01	3.074101e+01
2.250000e-06	1.869885e-06	4.472748e-10	1.300465e+01	3.209870e+01
2.260000e-06	1.913840e-06	4.706146e-10	1.331035e+01	3.342933e+01
2.270000e-06	1.957718e-06	4.962309e-10	1.361551e+01	3.473212e+01
2.280000e-06	2.001556e-06	5.185735e-10	1.392039e+01	3.600643e+01
2.290000e-06	2.045336e-06	5.352129e-10	1.422488e+01	3.725174e+01
2.300000e-06	2.089050e-06	5.482301e-10	1.452889e+01	3.846763e+01
2.310000e-06	2.132717e-06	5.583937e-10	1.483260e+01	3.965379e+01
2.320000e-06	2.176283e-06	5.657740e-10	1.513558e+01	4.081000e+01
2.330000e-06	2.219719e-06	5.760790e-10	1.543767e+01	4.193617e+01
2.340000e-06	2.262965e-06	5.912844e-10	1.573844e+01	4.303226e+01
2.350000e-06	2.305941e-06	6.116159e-10	1.603733e+01	4.409836e+01
2.360000e-06	2.348683e-06	6.311699e-10	1.633459e+01	4.513464e+01
2.370000e-06	2.391216e-06	6.472519e-10	1.663040e+01	4.614131e+01
2.380000e-06	2.433556e-06	6.601967e-10	1.692487e+01	4.711871e+01
2.390000e-06	2.475697e-06	6.697118e-10	1.721794e+01	4.806718e+01
2.400000e-06	2.517488e-06	6.781173e-10	1.750859e+01	4.898718e+01
2.410000e-06	2.558802e-06	6.885594e-10	1.779592e+01	4.987918e+01
2.420000e-06	2.599700e-06	7.010523e-10	1.808036e+01	5.074370e+01
2.430000e-06	2.640352e-06	7.160388e-10	1.836309e+01	5.158132e+01
2.440000e-06	2.680827e-06	7.314178e-10	1.864458e+01	5.239263e+01
2.450000e-06	2.721141e-06	7.456250e-10	1.892496e+01	5.317825e+01
2.460000e-06	2.761301e-06	7.583142e-10	1.920426e+01	5.393882e+01
2.470000e-06	2.801269e-06	7.681721e-10	1.948223e+01	5.467498e+01
2.480000e-06	2.841111e-06	7.752575e-10	1.975932e+01	5.538741e+01
2.490000e-06	2.880884e-06	7.826919e-10	2.003594e+01	5.607675e+01
2.500000e-06	2.920574e-06	7.926067e-10	2.031197e+01	5.674367e+01
2.510000e-06	2.960128e-06	8.025800e-10	2.058706e+01	5.738881e+01
2.520000e-06	2.999434e-06	8.116560e-10	2.086042e+01	5.801281e+01
2.530000e-06	3.038517e-06	8.216749e-10	2.113224e+01	5.861629e+01
2.540000e-06	3.077481e-06	8.323330e-10	2.140322e+01	5.919986e+01
2.550000e-06	3.116219e-06	8.413205e-10	2.167264e+01	5.976411e+01
2.560000e-06	3.154662e-06	8.478558e-10	2.194000e+01	6.030959e+01
2.570000e-06	3.192819e-06	8.527394e-10	2.220538e+01	6.083685e+01
2.580000e-06	3.230743e-06	8.578534e-10	2.246913e+01	6.134641e+01
2.590000e-06	3.268525e-06	8.626982e-10	2.273189e+01	6.183875e+01
2.600000e-06	3.306136e-06	8.698188e-10	2.299347e+01	6.231435e+01
2.610000e-06	3.343444e-06	8.811692e-10	2.325294e+01	6.277366e+01
2.620000e-06	3.380462e-06	8.920772e-10	2.351039e+01	6.321710e+01
2.630000e-06	3.417236e-06	9.006782e-10	2.376615e+01	6.364506e+01
2.640000e-06	3.453694e-06	9.051313e-10	2.401971e+01	6.405794e+01
2.650000e-06	3.489921e-06	9.060468e-10	2.427165e+01	6.445610e+01
2.660000e-06	3.526044e-06	9.071288e-10	2.452288e+01	6.483989e+01
2.670000e-06	3.562070e-06	9.091141e-10	2.477344e+01	6.520965e+01
2.680000e-06	3.597940e-06	9.128301e-10	2.502291e+01	6.556570e+01
2.690000e-06	3.633659e-06	9.196744e-10	2.527132e+01	6.590836e+01
2.700000e-06	3.669153e-06	9.292234e-10	2.551818e+01	6.623795e+01
2.710000e-06	3.704445e-06	9.373876e-10	2.576362e+01	6.655476e+01
2.720000e-06	3.739546e-06	9.442721e-10	2.600774e+01	6.685912e+01
2.730000e-06	3.774273e-06	9.487258e-10	2.624926e+01	6.715132e+01
2.740000e-06	3.808482e-06	9.521195e-10	2.648718e+01	6.743168e+01
2.750000e-06	3.842248e-06	9.556497e-10	2.672201e+01	6.770052e+01
2.760000e-06	3.875610e-06	9.595371e-10	2.695404e+01	6.795815e+01
2.770000e-06	3.908508e-06	9.644823e-10	2.718284e+01	6.820490e+01
2.780000e-06	3.941033e-06	9.698660e-10	2.740904e+01	6.844112e+01
2.790000e-06	3.973231e-06	9.752889e-10	2.763297e+01	6.866716e+01
2.800000e-06	4.005184e-06	9.803172e-10	2.785520e+01	6.888336e+01
2.810000e-06	4.036985e-06	9.842545e-10	2.807637e+01	6.909011e+01
2.820000e-06	4.068642e-06	9.893054e-10	2.829653e+01	6.928778e+01
2.830000e-06	4.100081e-06	9.941615e-10	2.851519e+01	6.947676e+01
2.840000e-06	4.131280e-06	9.972689e-10	2.873217e+01	6.965745e+01
2.850000e-06	4.162249e-06	9.992346e-10	2.894755e+01	6.983025e+01
2.860000e-06	4.192829e-06	1.001947e-09	2.916023e+01	6.999557e+01
2.870000e-06	4.223052e-06	1.005383e-09	2.937043e+01	7.015383e+01
2.880000e-06	4.253018e-06	1.010436e-09	2.957884e+01	7.030545e+01
2.890000e-06	4.282637e-06	1.017057e-09	2.978483e+01	7.045085e+01
2.900000e-06	4.311966e-06	1.021117e-09	2.998881e+01	7.059045e+01
2.910000e-06	4.341147e-06	1.023447e-09	3.019175e+01	7.072465e+01
2.920000e-06	4.370053e-06	1.022331e-09	3.039279e+01	7.085386e+01
2.930000e-06	4.398567e-06	1.018954e-09	3.059110e+01	7.097848e+01
2.940000e-06	4.426825e-06	1.017077e-09	3.078762e+01	7.109889e+01
2.950000e-06	4.454881e-06	1.016267e-09	3.098275e+01	7.121546e+01
2.960000e-06	4.482759e-06	1.015644e-09	3.117663e+01	7.132854e+01
2.970000e-06	4.510505e-06	1.018450e-09	3.136960e+01	7.143847e+01
2.980000e-06	4.538060e-06	1.023794e-09	3.156124e+01	7.154554e+01
2.990000e-06	4.565348e-06	1.029273e-09	3.175102e+01	7.165005e+01
3.000000e-06	4.592195e-06	1.031193e-09	3.193774e+01	7.175226e+01
3.010000e-06	4.618438e-06	1.030590e-09	3.212025e+01	7.185238e+01
3.020000e-06	4.644126e-06	1.029813e-09	3.229891e+01	7.195063e+01
3.030000e-06	4.669217e-06	1.027765e-09	3.247341e+01	7.204718e+01
3.040000e-06	4.693757e-06	1.027629e-09	3.264408e+01	7.214215e+01
3.050000e-06	4.717964e-06	1.030780e-09	3.281243e+01	7.223566e+01
3.060000e-06	4.741907e-06	1.035610e-09	3.297895e+01	7.232778e+01
3.070000e-06	4.765634e-06	1.040811e-09	3.314397e+01	7.241855e+01
3.080000e-06	4.789141e-06	1.044728e-09	3.330746e+01	7.250799e+01
3.090000e-06	4.812310e-06	1.044674e-09	3.346859e+01	7.259607e+01
3.100000e-06	4.835137e-06	1.042548e-09	3.362735e+01	7.268275e+01
3.110000e-06	4.857622e-06	1.042637e-09	3.378373e+01	7.276796e+01
3.120000e-06	4.879723e-06	1.044560e-09	3.393743e+01	7.285159e+01
3.130000e-06	4.901499e-06	1.046970e-09	3.408888e+01	7.293353e+01
3.140000e-06	4.922971e-06	1.049574e-09	3.423821e+01	7.301363e+01
3.150000e-06	4.944145e-06	1.053105e-09	3.438547e+01	7.309173e+01
3.160000e-06	4.964956e-06	1.056371e-09	3.453021e+01	7.316767e+01
3.170000e-06	4.985330e-06	1.058972e-09	3.467191e+01	7.324126e+01
3.180000e-06	5.005401e-06	1.061184e-09	3.481150e+01	7.331231e+01
3.190000e-06	5.025284e-06	1.063743e-09	3.494978e+01	7.338062e+01
3.200000e-06	5.044977e-06	1.067913e-09	3.508674e+01	7.344601e+01
3.210000e-06	5.064485e-06	1.072527e-09	3.522241e+01	7.350829e+01
3.220000e-06	5.083684e-06	1.076942e-09	3.535594e+01	7.356727e+01
3.230000e-06	5.102424e-06	1.078134e-09	3.548627e+01	7.362277e+01
3.240000e-06	5.120768e-06	1.075907e-09	3.561385e+01	7.367466e+01
3.250000e-06	5.138570e-06	1.074630e-09	3.573766e+01	7.372277e+01
3.260000e-06	5.155864e-06	1.076270e-09	3.585793e+01	7.376700e+01
3.270000e-06	5.172941e-06	1.079244e-09	3.597671e+01	7.380724e+01
3.280000e-06	5.189760e-06	1.081172e-09	3.609367e+01	7.384342e+01
3.290000e-06	5.206259e-06	1.082244e-09	3.620842e+01	7.387549e+01
3.300000e-06	5.222398e-06	1.082854e-09	3.632067e+01	7.390345e+01
3.310000e-06	5.238143e-06	1.084030e-09	3.643017e+01	7.392729e+01
3.320000e-06	5.253344e-06	1.086120e-09	3.653588e+01	7.394707e+01
3.330000e-06	5.267990e-06	1.087464e-09	3.663775e+01	7.396286e+01
3.340000e-06	5.282221e-06	1.089483e-09	3.673672e+01	7.397477e+01
3.350000e-06	5.296126e-06	1.090852e-09	3.683343e+01	7.398293e+01
3.360000e-06	5.309739e-06	1.090153e-09	3.692811e+01	7.398752e+01
3.370000e-06	5.322982e-06	1.089575e-09	3.702021e+01	7.398874e+01
3.380000e-06	5.335800e-06	1.089551e-09	3.710935e+01	7.398679e+01
3.390000e-06	5.348164e-06	1.089630e-09	3.719534e+01	7.398195e+01
3.400000e-06	5.360170e-06	1.091491e-09	3.727884e+01	7.397448e+01
3.410000e-06	5.371921e-06	1.094577e-09	3.736057e+01	7.396467e+01
3.420000e-06	5.383309e-06	1.095927e-09	3.743977e+01	7.395283e+01
3.430000e-06	5.394195e-06	1.095281e-09	3.751548e+01	7.393928e+01
3.440000e-06	5.404477e-06	1.095792e-09	3.758698e+01	7.392436e+01
3.450000e-06	5.414068e-06	1.096695e-09	3.765369e+01	7.390841e+01
3.460000e-06	5.423028e-06	1.098853e-09	3.771600e+01	7.389177e+01
3.470000e-06	5.431508e-06	1.100820e-09	3.777498e+01	7.387477e+01
3.480000e-06	5.439617e-06	1.103101e-09	3.783138e+01	7.385774e+01
3.490000e-06	5.447480e-06	1.106345e-09	3.788607e+01	7.384100e+01
3.500000e-06	5.455124e-06	1.108594e-09	3.793922e+01	7.382487e+01
3.510000e-06	5.462443e-06	1.109461e-09	3.799013e+01	7.380962e+01
3.520000e-06	5.469422e-06	1.109346e-09	3.803867e+01	7.379552e+01
3.530000e-06	5.475995e-06	1.110173e-09	3.808438e+01	7.378280e+01
3.540000e-06	5.482192e-06	1.108831e-09	3.812748e+01	7.377167e+01
3.550000e-06	5.488049e-06	1.107119e-09	3.816821e+01	7.376231e+01
3.560000e-06	5.493513e-06	1.108217e-09	3.820621e+01	7.375485e+01
3.570000e-06	5.498538e-06	1.110091e-09	3.824116e+01	7.374939e+01
3.580000e-06	5.503159e-06	1.111678e-09	3.827330e+01	7.374598e+01
3.590000e-06	5.507489e-06	1.112844e-09	3.830342e+01	7.374465e+01
3.600000e-06	5.511530e-06	1.113907e-09	3.833152e+01	7.374536e+01
3.610000e-06	5.515295e-06	1.115168e-09	3.835770e+01	7.374805e+01
3.620000e-06	5.518804e-06	1.115426e-09	3.838210e+01	7.375260e+01
3.630000e-06	5.522046e-06	1.115977e-09	3.840465e+01	7.375885e+01
3.640000e-06	5.524887e-06	1.115301e-09	3.842441e+01	7.376660e+01
3.650000e-06	5.527093e-06	1.114563e-09	3.843976e+01	7.377561e+01
3.660000e-06	5.528600e-06	1.116291e-09	3.845023e+01	7.378560e+01
3.670000e-06	5.529490e-06	1.119799e-09	3.845642e+01	7.379624e+01
3.680000e-06	5.529912e-06	1.122488e-09	3.845936e+01	7.380719e+01
3.690000e-06	5.530004e-06	1.123128e-09	3.846000e+01	7.381807e+01
3.700000e-06	5.529837e-06	1.123116e-09	3.845884e+01	7.382846e+01
3.710000e-06	5.529414e-06	1.123621e-09	3.845590e+01	7.383794e+01
3.720000e-06	5.528722e-06	1.123037e-09	3.845108e+01	7.384604e+01
3.730000e-06	5.527680e-06	1.121687e-09	3.844383e+01	7.385231e+01
3.740000e-06	5.526158e-06	1.121225e-09	3.843325e+01	7.385627e+01
3.750000e-06	5.524281e-06	1.122496e-09	3.842020e+01	7.385745e+01
3.760000e-06	5.522070e-06	1.125741e-09	3.840482e+01	7.385536e+01
3.770000e-06	5.519465e-06	1.109698e-09	3.838670e+01	7.384953e+01
3.780000e-06	5.516437e-06	1.110240e-09	3.836564e+01	7.383951e+01
3.790000e-06	5.512927e-06	1.137496e-09	3.834123e+01	7.382485e+01
3.800000e-06	5.509000e-06	1.086009e-09	3.831392e+01	7.380514e+01
3.810000e-06	5.504786e-06	1.105343e-09	3.828461e+01	7.377996e+01
3.820000e-06	5.500474e-06	1.182969e-09	3.825462e+01	7.374897e+01
3.830000e-06	5.495882e-06	1.177113e-09	3.822269e+01	7.371183e+01
3.840000e-06	5.490625e-06	1.141590e-09	3.818612e+01	7.366824e+01
3.850000e-06	5.484804e-06	1.059615e-09	3.814564e+01	7.361797e+01
3.860000e-06	5.478632e-06	1.126046e-09	3.810272e+01	7.356081e+01
3.870000e-06	5.472088e-06	1.167162e-09	3.805720e+01	7.349660e+01
3.880000e-06	5.465111e-06	1.109423e-09	3.800868e+01	7.342524e+01
3.890000e-06	5.457542e-06	1.063667e-09	3.795604e+01	7.334668e+01
3.900000e-06	5.449544e-06	1.137766e-09	3.790042e+01	7.326092e+01
3.910000e-06	5.441297e-06	1.197616e-09	3.784306e+01	7.316802e+01
3.920000e-06	5.432634e-06	1.072530e-09	3.778281e+01	7.306808e+01
3.930000e-06	5.423620e-06	1.027799e-09	3.772012e+01	7.296126e+01
3.940000e-06	5.414327e-06	1.113489e-09	3.765549e+01	7.284778e+01
3.950000e-06	5.404650e-06	1.183533e-09	3.758819e+01	7.272791e+01
3.960000e-06	5.394530e-06	1.082376e-09	3.751780e+01	7.260195e+01
3.970000e-06	5.384027e-06	1.075902e-09	3.744476e+01	7.247026e+01
3.980000e-06	5.373144e-06	1.146109e-09	3.736907e+01	7.233323e+01
3.990000e-06	5.361914e-06	1.148559e-09	3.729097e+01	7.219132e+01
4.000000e-06	5.350314e-06	1.073031e-09	3.721030e+01	7.204497e+01
4.010000e-06	5.338262e-06	1.083816e-09	3.712647e+01	7.189470e+01
4.020000e-06	5.325681e-06	1.118858e-09	3.703898e+01	7.174102e+01
4.030000e-06	5.312632e-06	1.112992e-09	3.694823e+01	7.158448e+01
4.040000e-06	5.299260e-06	1.092308e-09	3.685523e+01	7.142564e+01
4.050000e-06	5.285445e-06	1.092577e-09	3.675914e+01	7.126506e+01
4.060000e-06	5.271142e-06	1.096901e-09	3.665967e+01	7.110331e+01
4.070000e-06	5.256318e-06	1.105124e-09	3.655657e+01	7.094097e+01
4.080000e-06	5.240856e-06	1.078132e-09	3.644904e+01	7.077857e+01
4.090000e-06	5.224913e-06	1.050014e-09	3.633815e+01	7.061669e+01
4.100000e-06	5.208687e-06	1.116570e-09	3.622531e+01	7.045583e+01
4.110000e-06	5.192247e-06	1.132064e-09	3.611097e+01	7.029651e+01
4.120000e-06	5.175490e-06	1.041038e-09	3.599443e+01	7.013920e+01
4.130000e-06	5.158311e-06	1.044406e-09	3.587496e+01	6.998434e+01
4.140000e-06	5.140758e-06	1.153926e-09	3.575288e+01	6.983234e+01
4.150000e-06	5.122840e-06	1.067815e-09	3.562826e+01	6.968357e+01
4.160000e-06	5.104597e-06	9.859339e-10	3.550138e+01	6.953833e+01
4.170000e-06	5.086050e-06	1.113167e-09	3.537239e+01	6.939692e+01
4.180000e-06	5.067189e-06	1.140623e-09	3.524122e+01	6.925955e+01
4.190000e-06	5.047999e-06	9.819466e-10	3.510776e+01	6.912639e+01
4.200000e-06	5.028459e-06	1.056970e-09	3.497186e+01	6.899758e+01
4.210000e-06	5.008536e-06	1.161085e-09	3.483330e+01	6.887317e+01
4.220000e-06	4.988351e-06	1.012672e-09	3.469292e+01	6.875320e+01
4.230000e-06	4.967977e-06	9.803412e-10	3.455122e+01	6.863761e+01
4.240000e-06	4.947393e-06	1.150946e-09	3.440807e+01	6.852634e+01
4.250000e-06	4.926575e-06	1.075667e-09	3.426328e+01	6.841923e+01
4.260000e-06	4.905274e-06	9.685259e-10	3.411514e+01	6.831612e+01
4.270000e-06	4.883195e-06	1.101864e-09	3.396158e+01	6.821678e+01
4.280000e-06	4.860537e-06	1.115706e-09	3.380400e+01	6.812093e+01
4.290000e-06	4.837500e-06	9.799349e-10	3.364378e+01	6.802826e+01
4.300000e-06	4.814008e-06	1.060049e-09	3.348040e+01	6.793845e+01
4.310000e-06	4.790160e-06	1.128133e-09	3.331454e+01	6.785111e+01
4.320000e-06	4.766045e-06	1.018250e-09	3.314683e+01	6.776585e+01
4.330000e-06	4.741658e-06	1.028298e-09	3.297722e+01	6.768225e+01
4.340000e-06	4.717010e-06	1.112473e-09	3.280580e+01	6.759988e+01
4.350000e-06	4.692142e-06	1.046322e-09	3.263285e+01	6.751829e+01
4.360000e-06	4.666884e-06	1.011510e-09	3.245719e+01	6.743702e+01
4.370000e-06	4.641166e-06	1.072338e-09	3.227832e+01	6.735562e+01
4.380000e-06	4.615148e-06	1.049422e-09	3.209737e+01	6.727364e+01
4.390000e-06	4.588870e-06	1.016350e-09	3.191461e+01	6.719064e+01
4.400000e-06	4.562323e-06	1.057546e-09	3.172998e+01	6.710618e+01
4.410000e-06	4.535467e-06	1.066202e-09	3.154321e+01	6.701986e+01
4.420000e-06	4.508207e-06	1.033728e-09	3.135362e+01	6.693127e+01
4.430000e-06	4.480616e-06	1.043717e-09	3.116173e+01	6.684005e+01
4.440000e-06	4.452793e-06	1.054469e-09	3.096823e+01	6.674587e+01
4.450000e-06	4.424747e-06	1.044155e-09	3.077317e+01	6.664840e+01
4.460000e-06	4.396528e-06	1.034538e-09	3.057692e+01	6.654739e+01
4.470000e-06	4.368184e-06	1.041956e-09	3.037979e+01	6.644258e+01
4.480000e-06	4.339567e-06	1.038233e-09	3.018076e+01	6.633377e+01
4.490000e-06	4.310550e-06	1.034061e-09	2.997895e+01	6.622082e+01
4.500000e-06	4.281130e-06	1.035410e-09	2.977435e+01	6.610358e+01
4.510000e-06	4.251215e-06	1.039216e-09	2.956629e+01	6.598197e+01
4.520000e-06	4.220764e-06	1.027501e-09	2.935451e+01	6.585596e+01
4.530000e-06	4.189865e-06	1.029498e-09	2.913962e+01	6.572554e+01
4.540000e-06	4.158544e-06	1.031495e-09	2.892179e+01	6.559072e+01
4.550000e-06	4.126809e-06	1.022176e-09	2.870108e+01	6.545160e+01
4.560000e-06	4.094837e-06	1.020315e-09	2.847872e+01	6.530825e+01
4.570000e-06	4.062725e-06	1.029877e-09	2.825539e+01	6.516081e+01
4.580000e-06	4.030465e-06	1.022335e-09	2.803103e+01	6.500944e+01
4.590000e-06	3.997955e-06	1.025203e-09	2.780493e+01	6.485433e+01
4.600000e-06	3.965158e-06	1.038059e-09	2.757683e+01	6.469567e+01
4.610000e-06	3.932147e-06	1.031460e-09	2.734724e+01	6.453369e+01
4.620000e-06	3.898796e-06	1.019792e-09	2.711529e+01	6.436862e+01
4.630000e-06	3.865139e-06	1.024791e-09	2.688122e+01	6.420071e+01
4.640000e-06	3.831311e-06	1.021031e-09	2.664595e+01	6.403021e+01
4.650000e-06	3.797279e-06	1.007815e-09	2.640927e+01	6.385737e+01
4.660000e-06	3.763013e-06	1.010718e-09	2.617095e+01	6.368245e+01
4.670000e-06	3.728514e-06	1.014813e-09	2.593102e+01	6.350568e+01
4.680000e-06	3.693689e-06	1.008907e-09	2.568882e+01	6.332731e+01
4.690000e-06	3.658521e-06	1.010260e-09	2.544423e+01	6.314755e+01
4.700000e-06	3.623048e-06	1.020528e-09	2.519753e+01	6.296661e+01
4.710000e-06	3.587347e-06	1.013205e-09	2.494923e+01	6.278468e+01
4.720000e-06	3.551523e-06	1.002181e-09	2.470009e+01	6.260192e+01
4.730000e-06	3.515563e-06	1.006600e-09	2.444999e+01	6.241846e+01
4.740000e-06	3.479465e-06	1.010992e-09	2.419894e+01	6.223442e+01
4.750000e-06	3.443197e-06	1.002131e-09	2.394670e+01	6.204988e+01
4.760000e-06	3.406735e-06	1.003314e-09	2.369312e+01	6.186490e+01
4.770000e-06	3.370026e-06	1.004168e-09	2.343781e+01	6.167948e+01
4.780000e-06	3.333091e-06	9.949916e-10	2.318093e+01	6.149364e+01
4.790000e-06	3.295841e-06	9.882145e-10	2.292187e+01	6.130732e+01
4.800000e-06	3.258200e-06	9.919630e-10	2.266009e+01	6.112044e+01
4.810000e-06	3.220148e-06	9.844234e-10	2.239544e+01	6.093292e+01
4.820000e-06	3.181615e-06	9.755833e-10	2.212746e+01	6.074462e+01
4.830000e-06	3.142720e-06	9.783987e-10	2.185695e+01	6.055538e+01
4.840000e-06	3.103580e-06	9.831025e-10	2.158474e+01	6.036502e+01
4.850000e-06	3.064184e-06	9.784402e-10	2.131074e+01	6.017333e+01
4.860000e-06	3.024539e-06	9.743810e-10	2.103503e+01	5.998008e+01
4.870000e-06	2.984696e-06	9.716790e-10	2.075793e+01	5.978502e+01
4.880000e-06	2.944683e-06	9.665490e-10	2.047964e+01	5.958789e+01
4.890000e-06	2.904531e-06	9.659991e-10	2.020039e+01	5.938841e+01
4.900000e-06	2.864279e-06	9.708161e-10	1.992045e+01	5.918630e+01
4.910000e-06	2.823915e-06	9.701126e-10	1.963972e+01	5.898127e+01
4.920000e-06	2.783380e-06	9.650972e-10	1.935782e+01	5.877302e+01
4.930000e-06	2.742609e-06	9.633432e-10	1.907426e+01	5.856124e+01
4.940000e-06	2.701696e-06	9.598941e-10	1.878972e+01	5.834566e+01
4.950000e-06	2.660704e-06	9.510492e-10	1.850463e+01	5.812596e+01
4.960000e-06	2.619490e-06	9.442663e-10	1.821800e+01	5.790188e+01
4.970000e-06	2.577985e-06	9.418096e-10	1.792934e+01	5.767313e+01
4.980000e-06	2.536324e-06	9.379010e-10	1.763959e+01	5.743945e+01
4.990000e-06	2.494589e-06	9.343931e-10	1.734933e+01	5.720059e+01
5.000000e-06	2.452736e-06	9.331969e-10	1.705825e+01	5.695631e+01
5.010000e-06	2.410762e-06	9.290927e-10	1.676634e+01	5.670639e+01
5.020000e-06	2.368616e-06	9.204154e-10	1.647322e+01	5.645063e+01
5.030000e-06	2.326230e-06	9.150414e-10	1.617843e+01	5.618882e+01
5.040000e-06	2.283617e-06	9.110736e-10	1.588207e+01	5.592080e+01
5.050000e-06	2.240844e-06	9.067174e-10	1.558459e+01	5.564641e+01
5.060000e-06	2.197926e-06	9.018581e-10	1.528611e+01	5.536548e+01
5.070000e-06	2.154851e-06	8.994598e-10	1.498653e+01	5.507789e+01
5.080000e-06	2.111592e-06	8.942617e-10	1.468567e+01	5.478350e+01
5.090000e-06	2.068177e-06	8.880634e-10	1.438373e+01	5.448220e+01
5.100000e-06	2.024615e-06	8.827877e-10	1.408077e+01	5.417387e+01
5.110000e-06	1.980934e-06	8.804748e-10	1.377698e+01	5.385839e+01
5.120000e-06	1.937180e-06	8.769917e-10	1.347267e+01	5.353565e+01
5.130000e-06	1.893334e-06	8.727343e-10	1.316774e+01	5.320551e+01
5.140000e-06	1.849351e-06	8.681228e-10	1.286184e+01	5.286786e+01
5.150000e-06	1.805285e-06	8.612998e-10	1.255537e+01	5.252254e+01
5.160000e-06	1.761188e-06	8.531327e-10	1.224868e+01	5.216939e+01
5.170000e-06	1.717039e-06	8.454955e-10	1.194164e+01	5.180824e+01
5.180000e-06	1.672823e-06	8.403261e-10	1.163413e+01	5.143887e+01
5.190000e-06	1.628556e-06	8.348217e-10	1.132626e+01	5.106105e+01
5.200000e-06	1.584209e-06	8.320329e-10	1.101784e+01	5.067451e+01
5.210000e-06	1.539716e-06	8.313975e-10	1.070840e+01	5.027896e+01
5.220000e-06	1.495105e-06	8.282783e-10	1.039814e+01	4.987404e+01
5.230000e-06	1.450396e-06	8.232027e-10	1.008720e+01	4.945939e+01
5.240000e-06	1.405615e-06	8.150423e-10	9.775750e+00	4.903457e+01
5.250000e-06	1.360826e-06	8.043550e-10	9.464253e+00	4.859911e+01
5.260000e-06	1.315922e-06	7.948714e-10	9.151957e+00	4.815251e+01
5.270000e-06	1.270833e-06	7.883573e-10	8.838371e+00	4.769419e+01
5.280000e-06	1.225710e-06	7.819571e-10	8.524553e+00	4.722355e+01
5.290000e-06	1.180534e-06	7.746877e-10	8.210362e+00	4.673993e+01
5.300000e-06	1.135169e-06	7.673254e-10	7.894857e+00	4.624262e+01
5.310000e-06	1.089574e-06	7.618031e-10	7.577757e+00	4.573087e+01
5.320000e-06	1.043958e-06	7.567733e-10	7.260505e+00	4.520390e+01
5.330000e-06	9.983528e-07	7.498847e-10	6.943331e+00	4.466086e+01
5.340000e-06	9.525237e-07	7.419448e-10	6.624599e+00	4.410089e+01
5.350000e-06	9.065729e-07	7.334796e-10	6.305022e+00	4.352310e+01
5.360000e-06	8.606335e-07	7.245032e-10	5.985523e+00	4.292654e+01
5.370000e-06	8.146536e-07	7.137259e-10	5.665742e+00	4.231029e+01
5.380000e-06	7.686004e-07	7.030963e-10	5.345452e+00	4.167336e+01
5.390000e-06	7.224186e-07	6.925142e-10	5.024268e+00	4.101479e+01
5.400000e-06	6.760775e-07	6.836015e-10	4.701975e+00	4.033360e+01
5.410000e-06	6.297438e-07	6.748044e-10	4.379734e+00	3.962881e+01
5.420000e-06	5.835041e-07	6.647291e-10	4.058146e+00	3.889948e+01
5.430000e-06	5.372049e-07	6.514229e-10	3.736146e+00	3.814465e+01
5.440000e-06	4.908553e-07	6.339488e-10	3.413794e+00	3.736343e+01
5.450000e-06	4.444574e-07	6.141534e-10	3.091106e+00	3.655493e+01
5.460000e-06	3.979812e-07	5.958767e-10	2.767875e+00	3.571833e+01
5.470000e-06	3.514053e-07	5.806108e-10	2.443949e+00	3.485286e+01
5.480000e-06	3.048390e-07	5.695339e-10	2.120090e+00	3.395781e+01
5.490000e-06	2.583394e-07	5.611076e-10	1.796696e+00	3.303253e+01
5.500000e-06	2.118661e-07	5.514297e-10	1.473483e+00	3.207647e+01
5.510000e-06	1.653826e-07	5.383290e-10	1.150201e+00	3.108914e+01
5.520000e-06	1.188260e-07	5.219397e-10	8.264097e-01	3.007016e+01
5.530000e-06	7.229999e-08	5.037831e-10	5.028310e-01	2.901925e+01
5.540000e-06	2.586163e-08	4.849800e-10	1.798621e-01	2.793623e+01
5.550000e-06	-2.059914e-08	4.664243e-10	-1.432626e-01	2.682103e+01
5.560000e-06	-6.719386e-08	4.490723e-10	-4.673190e-01	2.567371e+01
5.570000e-06	-1.138125e-07	4.312654e-10	-7.915419e-01	2.449442e+01
5.580000e-06	-1.603575e-07	4.105963e-10	-1.115252e+00	2.328346e+01
5.590000e-06	-2.069216e-07	3.901789e-10	-1.439096e+00	2.204124e+01
5.600000e-06	-2.534540e-07	3.731808e-10	-1.762718e+00	2.076831e+01
5.610000e-06	-2.999163e-07	3.522949e-10	-2.085854e+00	1.946534e+01
5.620000e-06	-3.464243e-07	3.255974e-10	-2.409307e+00	1.813313e+01
5.630000e-06	-3.929979e-07	2.984096e-10	-2.733217e+00	1.677260e+01
5.640000e-06	-4.395795e-07	2.735564e-10	-3.057181e+00	1.538480e+01
5.650000e-06	-4.860402e-07	2.489108e-10	-3.380306e+00	1.397089e+01
5.660000e-06	-5.323798e-07	2.239921e-10	-3.702588e+00	1.253217e+01
5.670000e-06	-5.786779e-07	2.010367e-10	-4.024581e+00	1.107004e+01
5.680000e-06	-6.249397e-07	1.757119e-10	-4.346322e+00	9.585987e+00
5.690000e-06	-6.711913e-07	1.472275e-10	-4.667993e+00	8.081628e+00
5.700000e-06	-7.173431e-07	1.186371e-10	-4.988968e+00	6.558656e+00
5.710000e-06	-7.633082e-07	9.030878e-11	-5.308646e+00	5.018854e+00
5.720000e-06	-8.093418e-07	6.192856e-11	-5.628800e+00	3.464080e+00
5.730000e-06	-8.553707e-07	3.496427e-11	-5.948921e+00	1.896259e+00
5.740000e-06	-9.011832e-07	9.474583e-12	-6.267537e+00	3.173740e-01
5.750000e-06	-9.469099e-07	-1.656705e-11	-6.585556e+00	-1.270545e+00
5.760000e-06	-9.925941e-07	-4.418825e-11	-6.903281e+00	-2.865430e+00
5.770000e-06	-1.038227e-06	-7.035011e-11	-7.220650e+00	-4.465188e+00
5.780000e-06	-1.083782e-06	-9.660549e-11	-7.537469e+00	-6.067707e+00
5.790000e-06	-1.129197e-06	-1.222934e-10	-7.853327e+00	-7.670873e+00
5.800000e-06	-1.174467e-06	-1.485291e-10	-8.168168e+00	-9.272577e+00
5.810000e-06	-1.219700e-06	-1.763663e-10	-8.482751e+00	-1.087072e+01
5.820000e-06	-1.264876e-06	-2.019231e-10	-8.796942e+00	-1.246325e+01
5.830000e-06	-1.309859e-06	-2.257817e-10	-9.109789e+00	-1.404812e+01
5.840000e-06	-1.354676e-06	-2.510498e-10	-9.421481e+00	-1.562336e+01
5.850000e-06	-1.399428e-06	-2.780577e-10	-9.732727e+00	-1.718703e+01
5.860000e-06	-1.444065e-06	-3.075447e-10	-1.004316e+01	-1.873728e+01
5.870000e-06	-1.488612e-06	-3.365463e-10	-1.035298e+01	-2.027232e+01
5.880000e-06	-1.533126e-06	-3.627878e-10	-1.066256e+01	-2.179044e+01
5.890000e-06	-1.577497e-06	-3.892046e-10	-1.097115e+01	-2.329001e+01
5.900000e-06	-1.621767e-06	-4.157369e-10	-1.127905e+01	-2.476952e+01
5.910000e-06	-1.666047e-06	-4.413316e-10	-1.158700e+01	-2.622754e+01
5.920000e-06	-1.710271e-06	-4.658268e-10	-1.189457e+01	-2.766273e+01
5.930000e-06	-1.754392e-06	-4.888860e-10	-1.220142e+01	-2.907389e+01
5.940000e-06	-1.798437e-06	-5.117103e-10	-1.250775e+01	-3.045992e+01
5.950000e-06	-1.842422e-06	-5.345445e-10	-1.281365e+01	-3.181981e+01
5.960000e-06	-1.886386e-06	-5.561653e-10	-1.311941e+01	-3.315270e+01
5.970000e-06	-1.930276e-06	-5.766160e-10	-1.342466e+01	-3.445781e+01
5.980000e-06	-1.974059e-06	-5.957403e-10	-1.372916e+01	-3.573450e+01
5.990000e-06	-2.017752e-06	-6.164514e-10	-1.403304e+01	-3.698223e+01
6.000000e-06	-2.061272e-06	-6.389517e-10	-1.433571e+01	-3.820056e+01
6.010000e-06	-2.104606e-06	-6.602072e-10	-1.463708e+01	-3.938918e+01
6.020000e-06	-2.147766e-06	-6.776899e-10	-1.493726e+01	-4.054787e+01
6.030000e-06	-2.190720e-06	-6.940347e-10	-1.523599e+01	-4.167652e+01
6.040000e-06	-2.233524e-06	-7.125587e-10	-1.553368e+01	-4.277509e+01
6.050000e-06	-2.276145e-06	-7.314281e-10	-1.583011e+01	-4.384367e+01
6.060000e-06	-2.318568e-06	-7.483034e-10	-1.612515e+01	-4.488240e+01
6.070000e-06	-2.360851e-06	-7.646334e-10	-1.641922e+01	-4.589151e+01
6.080000e-06	-2.402999e-06	-7.815017e-10	-1.671234e+01	-4.687130e+01
6.090000e-06	-2.445045e-06	-7.973562e-10	-1.700477e+01	-4.782215e+01
6.100000e-06	-2.486944e-06	-8.101892e-10	-1.729616e+01	-4.874448e+01
6.110000e-06	-2.528568e-06	-8.213267e-10	-1.758565e+01	-4.963877e+01
6.120000e-06	-2.569947e-06	-8.334858e-10	-1.787343e+01	-5.050554e+01
6.130000e-06	-2.611181e-06	-8.481948e-10	-1.816021e+01	-5.134536e+01
6.140000e-06	-2.652232e-06	-8.647687e-10	-1.844571e+01	-5.215881e+01
6.150000e-06	-2.693069e-06	-8.800424e-10	-1.872972e+01	-5.294652e+01
6.160000e-06	-2.733692e-06	-8.918535e-10	-1.901224e+01	-5.370913e+01
6.170000e-06	-2.774158e-06	-9.010257e-10	-1.929368e+01	-5.444729e+01
6.180000e-06	-2.814501e-06	-9.108442e-10	-1.957425e+01	-5.516164e+01
6.190000e-06	-2.854672e-06	-9.229779e-10	-1.985363e+01	-5.585286e+01
6.200000e-06	-2.894762e-06	-9.370535e-10	-2.013246e+01	-5.652160e+01
6.210000e-06	-2.934782e-06	-9.503498e-10	-2.041079e+01	-5.716851e+01
6.220000e-06	-2.974659e-06	-9.615573e-10	-2.068812e+01	-5.779422e+01
6.230000e-06	-3.014337e-06	-9.679873e-10	-2.096407e+01	-5.839937e+01
6.240000e-06	-3.053861e-06	-9.738179e-10	-2.123895e+01	-5.898455e+01
6.250000e-06	-3.093227e-06	-9.826287e-10	-2.151274e+01	-5.955036e+01
6.260000e-06	-3.132263e-06	-9.927790e-10	-2.178422e+01	-6.009737e+01
6.270000e-06	-3.170852e-06	-1.002034e-09	-2.205260e+01	-6.062610e+01
6.280000e-06	-3.209020e-06	-1.009580e-09	-2.231805e+01	-6.113709e+01
6.290000e-06	-3.246842e-06	-1.019285e-09	-2.258109e+01	-6.163083e+01
6.300000e-06	-3.284365e-06	-1.027077e-09	-2.284206e+01	-6.210779e+01
6.310000e-06	-3.321547e-06	-1.031577e-09	-2.310065e+01	-6.256841e+01
6.320000e-06	-3.358338e-06	-1.038321e-09	-2.335652e+01	-6.301313e+01
6.330000e-06	-3.394851e-06	-1.047027e-09	-2.361047e+01	-6.344235e+01
6.340000e-06	-3.431182e-06	-1.054241e-09	-2.386314e+01	-6.385645e+01
6.350000e-06	-3.467343e-06	-1.061344e-09	-2.411463e+01	-6.425580e+01
6.360000e-06	-3.503363e-06	-1.068486e-09	-2.436515e+01	-6.464075e+01
6.370000e-06	-3.539248e-06	-1.074316e-09	-2.461472e+01	-6.501164e+01
6.380000e-06	-3.574937e-06	-1.079740e-09	-2.486292e+01	-6.536880e+01
6.390000e-06	-3.610375e-06	-1.086812e-09	-2.510939e+01	-6.571254e+01
6.400000e-06	-3.645554e-06	-1.095800e-09	-2.535405e+01	-6.604319e+01
6.410000e-06	-3.680509e-06	-1.103649e-09	-2.559716e+01	-6.636103e+01
6.420000e-06	-3.715266e-06	-1.108731e-09	-2.583888e+01	-6.666639e+01
6.430000e-06	-3.749725e-06	-1.111670e-09	-2.607854e+01	-6.695957e+01
6.440000e-06	-3.783896e-06	-1.112530e-09	-2.631619e+01	-6.724089e+01
6.450000e-06	-3.817798e-06	-1.113974e-09	-2.655197e+01	-6.751065e+01
6.460000e-06	-3.851345e-06	-1.118544e-09	-2.678528e+01	-6.776918e+01
6.470000e-06	-3.884641e-06	-1.123715e-09	-2.701685e+01	-6.801680e+01
6.480000e-06	-3.917711e-06	-1.128343e-09	-2.724685e+01	-6.825386e+01
6.490000e-06	-3.950494e-06	-1.133783e-09	-2.747485e+01	-6.848071e+01
6.500000e-06	-3.982998e-06	-1.138777e-09	-2.770090e+01	-6.869770e+01
6.510000e-06	-4.015283e-06	-1.141791e-09	-2.792544e+01	-6.890520e+01
6.520000e-06	-4.047428e-06	-1.144358e-09	-2.814900e+01	-6.910359e+01
6.530000e-06	-4.079416e-06	-1.146112e-09	-2.837147e+01	-6.929325e+01
6.540000e-06	-4.111181e-06	-1.147468e-09	-2.859238e+01	-6.947459e+01
6.550000e-06	-4.142668e-06	-1.149963e-09	-2.881137e+01	-6.964801e+01
6.560000e-06	-4.173785e-06	-1.154253e-09	-2.902779e+01	-6.981392e+01
6.570000e-06	-4.204455e-06	-1.157740e-09	-2.924109e+01	-6.997273e+01
6.580000e-06	-4.234623e-06	-1.159052e-09	-2.945090e+01	-7.012487e+01
6.590000e-06	-4.264233e-06	-1.159480e-09	-2.965683e+01	-7.027075e+01
6.600000e-06	-4.293390e-06	-1.159889e-09	-2.985962e+01	-7.041079e+01
6.610000e-06	-4.322200e-06	-1.160038e-09	-3.005998e+01	-7.054540e+01
6.620000e-06	-4.350690e-06	-1.160355e-09	-3.025812e+01	-7.067499e+01
6.630000e-06	-4.378923e-06	-1.161478e-09	-3.045447e+01	-7.079995e+01
6.640000e-06	-4.406983e-06	-1.162773e-09	-3.064963e+01	-7.092068e+01
6.650000e-06	-4.434882e-06	-1.164436e-09	-3.084366e+01	-7.103753e+01
6.660000e-06	-4.462564e-06	-1.167520e-09	-3.103618e+01	-7.115087e+01
6.670000e-06	-4.489896e-06	-1.170392e-09	-3.122627e+01	-7.126102e+01
6.680000e-06	-4.516852e-06	-1.173779e-09	-3.141374e+01	-7.136830e+01
6.690000e-06	-4.543464e-06	-1.175963e-09	-3.159882e+01	-7.147299e+01
6.700000e-06	-4.569823e-06	-1.174001e-09	-3.178215e+01	-7.157536e+01
6.710000e-06	-4.595942e-06	-1.170718e-09	-3.196379e+01	-7.167563e+01
6.720000e-06	-4.621682e-06	-1.167743e-09	-3.214281e+01	-7.177400e+01
6.730000e-06	-4.647057e-06	-1.166095e-09	-3.231929e+01	-7.187066e+01
6.740000e-06	-4.672003e-06	-1.166020e-09	-3.249279e+01	-7.196574e+01
6.750000e-06	-4.696582e-06	-1.169191e-09	-3.266373e+01	-7.205934e+01
6.760000e-06	-4.721011e-06	-1.172295e-09	-3.283362e+01	-7.215155e+01
6.770000e-06	-4.745263e-06	-1.173296e-09	-3.300229e+01	-7.224242e+01
6.780000e-06	-4.769308e-06	-1.173349e-09	-3.316952e+01	-7.233194e+01
6.790000e-06	-4.793131e-06	-1.173827e-09	-3.333520e+01	-7.242012e+01
6.800000e-06	-4.816601e-06	-1.174219e-09	-3.349843e+01	-7.250690e+01
6.810000e-06	-4.839666e-06	-1.171283e-09	-3.365884e+01	-7.259221e+01
6.820000e-06	-4.862235e-06	-1.168855e-09	-3.381580e+01	-7.267595e+01
6.830000e-06	-4.884248e-06	-1.170822e-09	-3.396891e+01	-7.275801e+01
6.840000e-06	-4.905738e-06	-1.172780e-09	-3.411836e+01	-7.283825e+01
6.850000e-06	-4.926752e-06	-1.173960e-09	-3.426451e+01	-7.291650e+01
6.860000e-06	-4.947378e-06	-1.175979e-09	-3.440796e+01	-7.299260e+01
6.870000e-06	-4.967704e-06	-1.178212e-09	-3.454932e+01	-7.306637e+01
6.880000e-06	-4.987789e-06	-1.178671e-09	-3.468901e+01	-7.313762e+01
6.890000e-06	-5.007660e-06	-1.177747e-09	-3.482721e+01	-7.320614e+01
6.900000e-06	-5.027264e-06	-1.178334e-09	-3.496355e+01	-7.327176e+01
6.910000e-06	-5.046409e-06	-1.178090e-09	-3.509670e+01	-7.333428e+01
6.920000e-06	-5.065113e-06	-1.176022e-09	-3.522678e+01	-7.339352e+01
6.930000e-06	-5.083577e-06	-1.176268e-09	-3.535520e+01	-7.344930e+01
6.940000e-06	-5.101779e-06	-1.178567e-09	-3.548178e+01	-7.350147e+01
6.950000e-06	-5.119673e-06	-1.178782e-09	-3.560624e+01	-7.354988e+01
6.960000e-06	-5.137232e-06	-1.178238e-09	-3.572836e+01	-7.359441e+01
6.970000e-06	-5.154346e-06	-1.178760e-09	-3.584738e+01	-7.363496e+01
6.980000e-06	-5.171068e-06	-1.179757e-09	-3.596368e+01	-7.367146e+01
6.990000e-06	-5.187489e-06	-1.181069e-09	-3.607788e+01	-7.370386e+01
7.000000e-06	-5.203659e-06	-1.181981e-09	-3.619034e+01	-7.373213e+01
7.010000e-06	-5.219623e-06	-1.179611e-09	-3.630137e+01	-7.375629e+01
7.020000e-06	-5.235275e-06	-1.176460e-09	-3.641022e+01	-7.377639e+01
7.030000e-06	-5.250384e-06	-1.175486e-09	-3.651530e+01	-7.379249e+01
7.040000e-06	-5.264830e-06	-1.174203e-09	-3.661577e+01	-7.380469e+01
7.050000e-06	-5.278639e-06	-1.173148e-09	-3.671181e+01	-7.381314e+01
7.060000e-06	-5.291822e-06	-1.172606e-09	-3.680349e+01	-7.381800e+01
7.070000e-06	-5.304485e-06	-1.171213e-09	-3.689157e+01	-7.381946e+01
7.080000e-06	-5.316801e-06	-1.170071e-09	-3.697722e+01	-7.381775e+01
7.090000e-06	-5.328839e-06	-1.169081e-09	-3.706094e+01	-7.381311e+01
7.100000e-06	-5.340648e-06	-1.168315e-09	-3.714307e+01	-7.380583e+01
7.110000e-06	-5.352082e-06	-1.166007e-09	-3.722259e+01	-7.379617e+01
7.120000e-06	-5.362947e-06	-1.164177e-09	-3.729815e+01	-7.378447e+01
7.130000e-06	-5.373469e-06	-1.163008e-09	-3.737133e+01	-7.377103e+01
7.140000e-06	-5.383750e-06	-1.162245e-09	-3.744284e+01	-7.375619e+01
7.150000e-06	-5.393619e-06	-1.164259e-09	-3.751147e+01	-7.374029e+01
7.160000e-06	-5.403052e-06	-1.166698e-09	-3.757708e+01	-7.372367e+01
7.170000e-06	-5.412064e-06	-1.167060e-09	-3.763975e+01	-7.370666e+01
7.180000e-06	-5.420699e-06	-1.162796e-09	-3.769981e+01	-7.368960e+01
7.190000e-06	-5.429019e-06	-1.157742e-09	-3.775767e+01	-7.367281e+01
7.200000e-06	-5.437113e-06	-1.152930e-09	-3.781396e+01	-7.365659e+01
7.210000e-06	-5.445079e-06	-1.149664e-09	-3.786937e+01	-7.364123e+01
7.220000e-06	-5.452722e-06	-1.148588e-09	-3.792252e+01	-7.362700e+01
7.230000e-06	-5.459899e-06	-1.146946e-09	-3.797243e+01	-7.361414e+01
7.240000e-06	-5.466566e-06	-1.144131e-09	-3.801880e+01	-7.360285e+01
7.250000e-06	-5.472627e-06	-1.142657e-09	-3.806096e+01	-7.359331e+01
7.260000e-06	-5.477994e-06	-1.142313e-09	-3.809828e+01	-7.358567e+01
7.270000e-06	-5.482740e-06	-1.140548e-09	-3.813129e+01	-7.358001e+01
7.280000e-06	-5.487197e-06	-1.137908e-09	-3.816229e+01	-7.357641e+01
7.290000e-06	-5.491461e-06	-1.135312e-09	-3.819194e+01	-7.357489e+01
7.300000e-06	-5.495422e-06	-1.134657e-09	-3.821949e+01	-7.357541e+01
7.310000e-06	-5.499091e-06	-1.133821e-09	-3.824501e+01	-7.357791e+01
7.320000e-06	-5.502395e-06	-1.131656e-09	-3.826799e+01	-7.358229e+01
7.330000e-06	-5.505304e-06	-1.130041e-09	-3.828821e+01	-7.358838e+01
7.340000e-06	-5.507881e-06	-1.127454e-09	-3.830614e+01	-7.359599e+01
7.350000e-06	-5.510128e-06	-1.124073e-09	-3.832176e+01	-7.360489e+01
7.360000e-06	-5.512036e-06	-1.121363e-09	-3.833503e+01	-7.361478e+01
7.370000e-06	-5.513555e-06	-1.120873e-09	-3.834560e+01	-7.362536e+01
7.380000e-06	-5.514612e-06	-1.118027e-09	-3.835295e+01	-7.363628e+01
7.390000e-06	-5.515276e-06	-1.110811e-09	-3.835757e+01	-7.364716e+01
7.400000e-06	-5.515686e-06	-1.105620e-09	-3.836042e+01	-7.365758e+01
