# Temperatura_=_-6.6
# Concentracion g/m^3_=_1620.0
# C_Vs_to_Am_M_A/Vsm_=_65563218390.804596
# pendiente_HvsI_1/m_=_3716.3
# ordenada_HvsI_A/m_=_1297.0
# frecuencia_Hz_=_135108.05724632146

Tiempo_(s)	Campo_(V.s)	Magnetizacion_(V.s)	Campo_(kA/m)	Magnetizacion_(A/m)
0.000000e+00	-5.525692e-06	-1.078950e-09	-3.834764e+01	-7.229962e+01
1.000000e-08	-5.525879e-06	-1.076285e-09	-3.834893e+01	-7.230162e+01
2.000000e-08	-5.525868e-06	-1.074065e-09	-3.834886e+01	-7.230203e+01
3.000000e-08	-5.525606e-06	-1.072029e-09	-3.834704e+01	-7.230035e+01
4.000000e-08	-5.524874e-06	-1.069330e-09	-3.834195e+01	-7.229607e+01
5.000000e-08	-5.523544e-06	-1.066091e-09	-3.833273e+01	-7.228868e+01
6.000000e-08	-5.521617e-06	-1.068735e-09	-3.831935e+01	-7.227767e+01
7.000000e-08	-5.519064e-06	-1.069428e-09	-3.830164e+01	-7.226253e+01
8.000000e-08	-5.515938e-06	-1.056544e-09	-3.827994e+01	-7.224278e+01
9.000000e-08	-5.512399e-06	-1.043429e-09	-3.825538e+01	-7.221793e+01
1.000000e-07	-5.508500e-06	-1.071854e-09	-3.822833e+01	-7.218753e+01
1.100000e-07	-5.504283e-06	-1.124678e-09	-3.819906e+01	-7.215116e+01
1.200000e-07	-5.499764e-06	-1.105115e-09	-3.816769e+01	-7.210843e+01
1.300000e-07	-5.494959e-06	-9.958872e-10	-3.813435e+01	-7.205898e+01
1.400000e-07	-5.489890e-06	-1.000959e-09	-3.809917e+01	-7.200250e+01
1.500000e-07	-5.484433e-06	-1.074839e-09	-3.806130e+01	-7.193873e+01
1.600000e-07	-5.478570e-06	-1.108412e-09	-3.802061e+01	-7.186744e+01
1.700000e-07	-5.472337e-06	-1.026626e-09	-3.797736e+01	-7.178848e+01
1.800000e-07	-5.465663e-06	-1.011675e-09	-3.793104e+01	-7.170173e+01
1.900000e-07	-5.458581e-06	-1.109339e-09	-3.788189e+01	-7.160714e+01
2.000000e-07	-5.451188e-06	-1.126657e-09	-3.783059e+01	-7.150471e+01
2.100000e-07	-5.443466e-06	-1.058764e-09	-3.777700e+01	-7.139452e+01
2.200000e-07	-5.435447e-06	-1.004395e-09	-3.772134e+01	-7.127667e+01
2.300000e-07	-5.427232e-06	-1.060933e-09	-3.766433e+01	-7.115135e+01
2.400000e-07	-5.418719e-06	-1.075073e-09	-3.760525e+01	-7.101881e+01
2.500000e-07	-5.409675e-06	-1.052929e-09	-3.754249e+01	-7.087933e+01
2.600000e-07	-5.399851e-06	-1.020322e-09	-3.747432e+01	-7.073327e+01
2.700000e-07	-5.389290e-06	-1.037699e-09	-3.740102e+01	-7.058101e+01
2.800000e-07	-5.378228e-06	-1.023700e-09	-3.732425e+01	-7.042302e+01
2.900000e-07	-5.366711e-06	-9.993762e-10	-3.724433e+01	-7.025977e+01
3.000000e-07	-5.354772e-06	-9.822188e-10	-3.716147e+01	-7.009180e+01
3.100000e-07	-5.342520e-06	-1.006733e-09	-3.707644e+01	-6.991968e+01
3.200000e-07	-5.329879e-06	-1.019192e-09	-3.698872e+01	-6.974399e+01
3.300000e-07	-5.316794e-06	-1.007595e-09	-3.689791e+01	-6.956535e+01
3.400000e-07	-5.303375e-06	-9.896337e-10	-3.680478e+01	-6.938441e+01
3.500000e-07	-5.289555e-06	-1.000275e-09	-3.670887e+01	-6.920180e+01
3.600000e-07	-5.275276e-06	-1.013492e-09	-3.660978e+01	-6.901819e+01
3.700000e-07	-5.260601e-06	-9.868946e-10	-3.650793e+01	-6.883423e+01
3.800000e-07	-5.245442e-06	-9.795265e-10	-3.640273e+01	-6.865057e+01
3.900000e-07	-5.229660e-06	-1.009632e-09	-3.629321e+01	-6.846784e+01
4.000000e-07	-5.213340e-06	-1.006997e-09	-3.617995e+01	-6.828668e+01
4.100000e-07	-5.196645e-06	-9.733161e-10	-3.606409e+01	-6.810767e+01
4.200000e-07	-5.179712e-06	-1.009084e-09	-3.594657e+01	-6.793139e+01
4.300000e-07	-5.162534e-06	-1.029935e-09	-3.582736e+01	-6.775837e+01
4.400000e-07	-5.144976e-06	-9.785267e-10	-3.570551e+01	-6.758910e+01
4.500000e-07	-5.127028e-06	-9.634621e-10	-3.558095e+01	-6.742404e+01
4.600000e-07	-5.108613e-06	-1.025890e-09	-3.545316e+01	-6.726359e+01
4.700000e-07	-5.089676e-06	-9.939481e-10	-3.532174e+01	-6.710810e+01
4.800000e-07	-5.070373e-06	-9.426735e-10	-3.518777e+01	-6.695788e+01
4.900000e-07	-5.050846e-06	-9.886421e-10	-3.505226e+01	-6.681316e+01
5.000000e-07	-5.031120e-06	-1.024945e-09	-3.491536e+01	-6.667413e+01
5.100000e-07	-5.011186e-06	-9.690049e-10	-3.477702e+01	-6.654091e+01
5.200000e-07	-4.990973e-06	-9.844219e-10	-3.463675e+01	-6.641357e+01
5.300000e-07	-4.970369e-06	-1.021352e-09	-3.449376e+01	-6.629211e+01
5.400000e-07	-4.949445e-06	-9.736316e-10	-3.434855e+01	-6.617647e+01
5.500000e-07	-4.928224e-06	-9.492745e-10	-3.420128e+01	-6.606653e+01
5.600000e-07	-4.906618e-06	-1.008335e-09	-3.405133e+01	-6.596214e+01
5.700000e-07	-4.884666e-06	-9.877359e-10	-3.389899e+01	-6.586305e+01
5.800000e-07	-4.862376e-06	-9.412356e-10	-3.374430e+01	-6.576898e+01
5.900000e-07	-4.839724e-06	-9.811508e-10	-3.358710e+01	-6.567962e+01
6.000000e-07	-4.816740e-06	-9.982890e-10	-3.342759e+01	-6.559458e+01
6.100000e-07	-4.793485e-06	-9.451469e-10	-3.326621e+01	-6.551345e+01
6.200000e-07	-4.769976e-06	-9.530008e-10	-3.310306e+01	-6.543579e+01
6.300000e-07	-4.746224e-06	-9.867039e-10	-3.293822e+01	-6.536110e+01
6.400000e-07	-4.722281e-06	-9.611692e-10	-3.277206e+01	-6.528889e+01
6.500000e-07	-4.698038e-06	-9.537081e-10	-3.260382e+01	-6.521862e+01
6.600000e-07	-4.673380e-06	-9.796352e-10	-3.243270e+01	-6.514974e+01
6.700000e-07	-4.648228e-06	-9.641092e-10	-3.225814e+01	-6.508171e+01
6.800000e-07	-4.622541e-06	-9.447237e-10	-3.207987e+01	-6.501396e+01
6.900000e-07	-4.596232e-06	-9.651742e-10	-3.189729e+01	-6.494594e+01
7.000000e-07	-4.569373e-06	-9.671517e-10	-3.171089e+01	-6.487708e+01
7.100000e-07	-4.542163e-06	-9.543595e-10	-3.152206e+01	-6.480686e+01
7.200000e-07	-4.514670e-06	-9.589158e-10	-3.133126e+01	-6.473475e+01
7.300000e-07	-4.487006e-06	-9.631381e-10	-3.113928e+01	-6.466024e+01
7.400000e-07	-4.459181e-06	-9.474858e-10	-3.094618e+01	-6.458286e+01
7.500000e-07	-4.431136e-06	-9.494498e-10	-3.075155e+01	-6.450215e+01
7.600000e-07	-4.402832e-06	-9.529278e-10	-3.055512e+01	-6.441772e+01
7.700000e-07	-4.374213e-06	-9.465542e-10	-3.035651e+01	-6.432917e+01
7.800000e-07	-4.345335e-06	-9.410570e-10	-3.015610e+01	-6.423618e+01
7.900000e-07	-4.316167e-06	-9.449101e-10	-2.995368e+01	-6.413844e+01
8.000000e-07	-4.286603e-06	-9.401801e-10	-2.974851e+01	-6.403570e+01
8.100000e-07	-4.256708e-06	-9.397123e-10	-2.954104e+01	-6.392776e+01
8.200000e-07	-4.226592e-06	-9.424290e-10	-2.933203e+01	-6.381445e+01
8.300000e-07	-4.196264e-06	-9.412537e-10	-2.912157e+01	-6.369566e+01
8.400000e-07	-4.165625e-06	-9.342841e-10	-2.890894e+01	-6.357132e+01
8.500000e-07	-4.134606e-06	-9.373637e-10	-2.869366e+01	-6.344140e+01
8.600000e-07	-4.103254e-06	-9.351858e-10	-2.847609e+01	-6.330592e+01
8.700000e-07	-4.071698e-06	-9.260598e-10	-2.825709e+01	-6.316493e+01
8.800000e-07	-4.040047e-06	-9.214256e-10	-2.803744e+01	-6.301854e+01
8.900000e-07	-4.008261e-06	-9.220913e-10	-2.781684e+01	-6.286688e+01
9.000000e-07	-3.976237e-06	-9.163365e-10	-2.759460e+01	-6.271012e+01
9.100000e-07	-3.943985e-06	-9.154513e-10	-2.737078e+01	-6.254846e+01
9.200000e-07	-3.911360e-06	-9.184889e-10	-2.714437e+01	-6.238213e+01
9.300000e-07	-3.878311e-06	-9.122641e-10	-2.691501e+01	-6.221136e+01
9.400000e-07	-3.844899e-06	-9.042293e-10	-2.668313e+01	-6.203645e+01
9.500000e-07	-3.810988e-06	-9.029224e-10	-2.644780e+01	-6.185766e+01
9.600000e-07	-3.776500e-06	-8.977356e-10	-2.620846e+01	-6.167530e+01
9.700000e-07	-3.741592e-06	-8.867170e-10	-2.596620e+01	-6.148966e+01
9.800000e-07	-3.706321e-06	-8.846695e-10	-2.572142e+01	-6.130106e+01
9.900000e-07	-3.670790e-06	-8.853298e-10	-2.547484e+01	-6.110979e+01
1.000000e-06	-3.635151e-06	-8.839608e-10	-2.522751e+01	-6.091615e+01
1.010000e-06	-3.599387e-06	-8.838953e-10	-2.497931e+01	-6.072044e+01
1.020000e-06	-3.563526e-06	-8.868682e-10	-2.473044e+01	-6.052293e+01
1.030000e-06	-3.527585e-06	-8.800983e-10	-2.448101e+01	-6.032389e+01
1.040000e-06	-3.491384e-06	-8.706881e-10	-2.422978e+01	-6.012355e+01
1.050000e-06	-3.454807e-06	-8.663468e-10	-2.397594e+01	-5.992213e+01
1.060000e-06	-3.418017e-06	-8.621849e-10	-2.372063e+01	-5.971983e+01
1.070000e-06	-3.381012e-06	-8.547810e-10	-2.346381e+01	-5.951683e+01
1.080000e-06	-3.343704e-06	-8.553396e-10	-2.320490e+01	-5.931325e+01
1.090000e-06	-3.306123e-06	-8.562999e-10	-2.294410e+01	-5.910923e+01
1.100000e-06	-3.268313e-06	-8.529431e-10	-2.268170e+01	-5.890483e+01
1.110000e-06	-3.230309e-06	-8.483180e-10	-2.241796e+01	-5.870012e+01
1.120000e-06	-3.192083e-06	-8.485611e-10	-2.215267e+01	-5.849511e+01
1.130000e-06	-3.153633e-06	-8.455886e-10	-2.188584e+01	-5.828979e+01
1.140000e-06	-3.114939e-06	-8.406371e-10	-2.161730e+01	-5.808414e+01
1.150000e-06	-3.076107e-06	-8.373338e-10	-2.134781e+01	-5.787808e+01
1.160000e-06	-3.037149e-06	-8.338270e-10	-2.107744e+01	-5.767152e+01
1.170000e-06	-2.997966e-06	-8.267699e-10	-2.080552e+01	-5.746433e+01
1.180000e-06	-2.958542e-06	-8.237222e-10	-2.053192e+01	-5.725638e+01
1.190000e-06	-2.918927e-06	-8.245104e-10	-2.025700e+01	-5.704750e+01
1.200000e-06	-2.879252e-06	-8.230183e-10	-1.998166e+01	-5.683750e+01
1.210000e-06	-2.839474e-06	-8.194858e-10	-1.970561e+01	-5.662618e+01
1.220000e-06	-2.799494e-06	-8.157110e-10	-1.942815e+01	-5.641332e+01
1.230000e-06	-2.759330e-06	-8.115644e-10	-1.914942e+01	-5.619869e+01
1.240000e-06	-2.719062e-06	-8.088589e-10	-1.886996e+01	-5.598203e+01
1.250000e-06	-2.678601e-06	-8.089504e-10	-1.858917e+01	-5.576312e+01
1.260000e-06	-2.637865e-06	-8.077316e-10	-1.830646e+01	-5.554167e+01
1.270000e-06	-2.596845e-06	-8.069491e-10	-1.802179e+01	-5.531745e+01
1.280000e-06	-2.555533e-06	-8.059497e-10	-1.773509e+01	-5.509017e+01
1.290000e-06	-2.514039e-06	-8.028731e-10	-1.744712e+01	-5.485958e+01
1.300000e-06	-2.472211e-06	-7.965098e-10	-1.715685e+01	-5.462542e+01
1.310000e-06	-2.429951e-06	-7.880851e-10	-1.686357e+01	-5.438742e+01
1.320000e-06	-2.387411e-06	-7.804053e-10	-1.656834e+01	-5.414533e+01
1.330000e-06	-2.344678e-06	-7.782745e-10	-1.627178e+01	-5.389891e+01
1.340000e-06	-2.301787e-06	-7.782695e-10	-1.597413e+01	-5.364789e+01
1.350000e-06	-2.258671e-06	-7.774362e-10	-1.567491e+01	-5.339204e+01
1.360000e-06	-2.215282e-06	-7.735105e-10	-1.537379e+01	-5.313112e+01
1.370000e-06	-2.171657e-06	-7.665178e-10	-1.507104e+01	-5.286489e+01
1.380000e-06	-2.127892e-06	-7.565132e-10	-1.476731e+01	-5.259312e+01
1.390000e-06	-2.084082e-06	-7.449032e-10	-1.446328e+01	-5.231558e+01
1.400000e-06	-2.040278e-06	-7.356096e-10	-1.415928e+01	-5.203203e+01
1.410000e-06	-1.996413e-06	-7.300683e-10	-1.385487e+01	-5.174224e+01
1.420000e-06	-1.952469e-06	-7.295870e-10	-1.354990e+01	-5.144597e+01
1.430000e-06	-1.908442e-06	-7.315191e-10	-1.324435e+01	-5.114297e+01
1.440000e-06	-1.864287e-06	-7.324197e-10	-1.293793e+01	-5.083298e+01
1.450000e-06	-1.820026e-06	-7.287537e-10	-1.263076e+01	-5.051574e+01
1.460000e-06	-1.775667e-06	-7.198477e-10	-1.232291e+01	-5.019095e+01
1.470000e-06	-1.731168e-06	-7.081720e-10	-1.201410e+01	-4.985832e+01
1.480000e-06	-1.686547e-06	-6.947250e-10	-1.170443e+01	-4.951751e+01
1.490000e-06	-1.641795e-06	-6.855442e-10	-1.139386e+01	-4.916819e+01
1.500000e-06	-1.596938e-06	-6.797984e-10	-1.108256e+01	-4.880999e+01
1.510000e-06	-1.551953e-06	-6.776953e-10	-1.077037e+01	-4.844248e+01
1.520000e-06	-1.506808e-06	-6.769736e-10	-1.045706e+01	-4.806525e+01
1.530000e-06	-1.461490e-06	-6.745760e-10	-1.014257e+01	-4.767782e+01
1.540000e-06	-1.416000e-06	-6.680092e-10	-9.826871e+00	-4.727970e+01
1.550000e-06	-1.370475e-06	-6.575750e-10	-9.510934e+00	-4.687033e+01
1.560000e-06	-1.324871e-06	-6.442983e-10	-9.194444e+00	-4.644916e+01
1.570000e-06	-1.279195e-06	-6.306552e-10	-8.877455e+00	-4.601555e+01
1.580000e-06	-1.233580e-06	-6.201445e-10	-8.560893e+00	-4.556887e+01
1.590000e-06	-1.187892e-06	-6.154820e-10	-8.243829e+00	-4.510841e+01
1.600000e-06	-1.142065e-06	-6.140999e-10	-7.925790e+00	-4.463346e+01
1.610000e-06	-1.096125e-06	-6.127592e-10	-7.606976e+00	-4.414324e+01
1.620000e-06	-1.050067e-06	-6.089352e-10	-7.287335e+00	-4.363697e+01
1.630000e-06	-1.003943e-06	-6.028489e-10	-6.967246e+00	-4.311382e+01
1.640000e-06	-9.577696e-07	-5.944204e-10	-6.646805e+00	-4.257293e+01
1.650000e-06	-9.115469e-07	-5.825113e-10	-6.326025e+00	-4.201343e+01
1.660000e-06	-8.652672e-07	-5.690793e-10	-6.004850e+00	-4.143441e+01
1.670000e-06	-8.189175e-07	-5.558332e-10	-5.683188e+00	-4.083498e+01
1.680000e-06	-7.725093e-07	-5.439763e-10	-5.361121e+00	-4.021421e+01
1.690000e-06	-7.261033e-07	-5.333648e-10	-5.039069e+00	-3.957116e+01
1.700000e-06	-6.796348e-07	-5.256128e-10	-4.716583e+00	-3.890493e+01
1.710000e-06	-6.330709e-07	-5.174184e-10	-4.393436e+00	-3.821459e+01
1.720000e-06	-5.864712e-07	-5.087397e-10	-4.070039e+00	-3.749926e+01
1.730000e-06	-5.397747e-07	-4.992270e-10	-3.745971e+00	-3.675805e+01
1.740000e-06	-4.930744e-07	-4.868194e-10	-3.421876e+00	-3.599012e+01
1.750000e-06	-4.464480e-07	-4.721460e-10	-3.098295e+00	-3.519467e+01
1.760000e-06	-3.997464e-07	-4.584161e-10	-2.774192e+00	-3.437094e+01
1.770000e-06	-3.529347e-07	-4.467678e-10	-2.449324e+00	-3.351821e+01
1.780000e-06	-3.060216e-07	-4.357942e-10	-2.123753e+00	-3.263585e+01
1.790000e-06	-2.591405e-07	-4.242596e-10	-1.798403e+00	-3.172328e+01
1.800000e-06	-2.123382e-07	-4.121633e-10	-1.473602e+00	-3.077998e+01
1.810000e-06	-1.654841e-07	-3.982314e-10	-1.148440e+00	-2.980555e+01
1.820000e-06	-1.186484e-07	-3.826325e-10	-8.234057e-01	-2.879965e+01
1.830000e-06	-7.184298e-08	-3.668853e-10	-4.985816e-01	-2.776205e+01
1.840000e-06	-2.495780e-08	-3.526029e-10	-1.732041e-01	-2.669260e+01
1.850000e-06	2.191648e-08	-3.380471e-10	1.520978e-01	-2.559127e+01
1.860000e-06	6.870449e-08	-3.214940e-10	4.768009e-01	-2.445815e+01
1.870000e-06	1.155202e-07	-3.029798e-10	8.016966e-01	-2.329342e+01
1.880000e-06	1.623832e-07	-2.845812e-10	1.126920e+00	-2.209740e+01
1.890000e-06	2.091899e-07	-2.683581e-10	1.451753e+00	-2.087051e+01
1.900000e-06	2.559951e-07	-2.522982e-10	1.776575e+00	-1.961331e+01
1.910000e-06	3.027579e-07	-2.364245e-10	2.101103e+00	-1.832646e+01
1.920000e-06	3.494663e-07	-2.216555e-10	2.425254e+00	-1.701075e+01
1.930000e-06	3.962571e-07	-2.067601e-10	2.749976e+00	-1.566711e+01
1.940000e-06	4.430064e-07	-1.884503e-10	3.074411e+00	-1.429655e+01
1.950000e-06	4.896915e-07	-1.655366e-10	3.398399e+00	-1.290024e+01
1.960000e-06	5.363108e-07	-1.432467e-10	3.721932e+00	-1.147941e+01
1.970000e-06	5.828633e-07	-1.233595e-10	4.045001e+00	-1.003545e+01
1.980000e-06	6.293908e-07	-1.045287e-10	4.367896e+00	-8.569827e+00
1.990000e-06	6.758489e-07	-8.510032e-11	4.690310e+00	-7.084099e+00
2.000000e-06	7.222837e-07	-6.349444e-11	5.012561e+00	-5.579928e+00
2.010000e-06	7.687233e-07	-3.926917e-11	5.334847e+00	-4.059054e+00
2.020000e-06	8.150980e-07	-1.377800e-11	5.656682e+00	-2.523292e+00
2.030000e-06	8.614095e-07	9.572930e-12	5.978078e+00	-9.745231e-01
2.040000e-06	9.076277e-07	2.889330e-11	6.298826e+00	5.853120e-01
2.050000e-06	9.537731e-07	4.671769e-11	6.619070e+00	2.154226e+00
2.060000e-06	9.998966e-07	6.605051e-11	6.939162e+00	3.730192e+00
2.070000e-06	1.045949e-06	8.639070e-11	7.258758e+00	5.311156e+00
2.080000e-06	1.091922e-06	1.086671e-10	7.577810e+00	6.895042e+00
2.090000e-06	1.137845e-06	1.330880e-10	7.896506e+00	8.479771e+00
2.100000e-06	1.183724e-06	1.588495e-10	8.214899e+00	1.006326e+01
2.110000e-06	1.229460e-06	1.829441e-10	8.532306e+00	1.164345e+01
2.120000e-06	1.275054e-06	2.047995e-10	8.848718e+00	1.321828e+01
2.130000e-06	1.320551e-06	2.246151e-10	9.164467e+00	1.478575e+01
2.140000e-06	1.365971e-06	2.422968e-10	9.479675e+00	1.634388e+01
2.150000e-06	1.411358e-06	2.608375e-10	9.794652e+00	1.789076e+01
2.160000e-06	1.456660e-06	2.832851e-10	1.010905e+01	1.942452e+01
2.170000e-06	1.501827e-06	3.083753e-10	1.042250e+01	2.094337e+01
2.180000e-06	1.546878e-06	3.329955e-10	1.073514e+01	2.244559e+01
2.190000e-06	1.591809e-06	3.562778e-10	1.104696e+01	2.392955e+01
2.200000e-06	1.636593e-06	3.772969e-10	1.135776e+01	2.539369e+01
2.210000e-06	1.681208e-06	3.936464e-10	1.166738e+01	2.683656e+01
2.220000e-06	1.725664e-06	4.075726e-10	1.197590e+01	2.825682e+01
2.230000e-06	1.770065e-06	4.229535e-10	1.228404e+01	2.965320e+01
2.240000e-06	1.814416e-06	4.394435e-10	1.259183e+01	3.102457e+01
2.250000e-06	1.858714e-06	4.567061e-10	1.289925e+01	3.236989e+01
2.260000e-06	1.902913e-06	4.775073e-10	1.320599e+01	3.368823e+01
2.270000e-06	1.946976e-06	5.012236e-10	1.351178e+01	3.497878e+01
2.280000e-06	1.990918e-06	5.231024e-10	1.381673e+01	3.624083e+01
2.290000e-06	2.034755e-06	5.413245e-10	1.412095e+01	3.747380e+01
2.300000e-06	2.078589e-06	5.565379e-10	1.442516e+01	3.867720e+01
2.310000e-06	2.122345e-06	5.694136e-10	1.472882e+01	3.985066e+01
2.320000e-06	2.165961e-06	5.819442e-10	1.503151e+01	4.099390e+01
2.330000e-06	2.209418e-06	5.957367e-10	1.533309e+01	4.210675e+01
2.340000e-06	2.252715e-06	6.096317e-10	1.563357e+01	4.318914e+01
2.350000e-06	2.295881e-06	6.241084e-10	1.593314e+01	4.424109e+01
2.360000e-06	2.338823e-06	6.397846e-10	1.623115e+01	4.526270e+01
2.370000e-06	2.381537e-06	6.544278e-10	1.652758e+01	4.625416e+01
2.380000e-06	2.424031e-06	6.661979e-10	1.682248e+01	4.721573e+01
2.390000e-06	2.466322e-06	6.764703e-10	1.711597e+01	4.814774e+01
2.400000e-06	2.508357e-06	6.854340e-10	1.740770e+01	4.905059e+01
2.410000e-06	2.550004e-06	6.955895e-10	1.769672e+01	4.992473e+01
2.420000e-06	2.591395e-06	7.094549e-10	1.798397e+01	5.077067e+01
2.430000e-06	2.632515e-06	7.237557e-10	1.826934e+01	5.158894e+01
2.440000e-06	2.673229e-06	7.363423e-10	1.855188e+01	5.238014e+01
2.450000e-06	2.713730e-06	7.476021e-10	1.883296e+01	5.314488e+01
2.460000e-06	2.754072e-06	7.570254e-10	1.911293e+01	5.388381e+01
2.470000e-06	2.794187e-06	7.658824e-10	1.939132e+01	5.459757e+01
2.480000e-06	2.834135e-06	7.765862e-10	1.966855e+01	5.528686e+01
2.490000e-06	2.873948e-06	7.876771e-10	1.994485e+01	5.595235e+01
2.500000e-06	2.913676e-06	7.975904e-10	2.022056e+01	5.659473e+01
2.510000e-06	2.953252e-06	8.057809e-10	2.049521e+01	5.721468e+01
2.520000e-06	2.992644e-06	8.128288e-10	2.076859e+01	5.781289e+01
2.530000e-06	3.031905e-06	8.194847e-10	2.104105e+01	5.839002e+01
2.540000e-06	3.070997e-06	8.254930e-10	2.131235e+01	5.894673e+01
2.550000e-06	3.109848e-06	8.310071e-10	2.158197e+01	5.948368e+01
2.560000e-06	3.148412e-06	8.364916e-10	2.184960e+01	6.000148e+01
2.570000e-06	3.186743e-06	8.441719e-10	2.211561e+01	6.050075e+01
2.580000e-06	3.224947e-06	8.527532e-10	2.238074e+01	6.098207e+01
2.590000e-06	3.262972e-06	8.603540e-10	2.264463e+01	6.144601e+01
2.600000e-06	3.300736e-06	8.683530e-10	2.290671e+01	6.189311e+01
2.610000e-06	3.338263e-06	8.756401e-10	2.316714e+01	6.232391e+01
2.620000e-06	3.375514e-06	8.813112e-10	2.342566e+01	6.273890e+01
2.630000e-06	3.412468e-06	8.859392e-10	2.368211e+01	6.313856e+01
2.640000e-06	3.449150e-06	8.907866e-10	2.393668e+01	6.352335e+01
2.650000e-06	3.485599e-06	8.961791e-10	2.418964e+01	6.389373e+01
2.660000e-06	3.521809e-06	9.020547e-10	2.444093e+01	6.425011e+01
2.670000e-06	3.557806e-06	9.084680e-10	2.469074e+01	6.459292e+01
2.680000e-06	3.593672e-06	9.147363e-10	2.493965e+01	6.492253e+01
2.690000e-06	3.629462e-06	9.213890e-10	2.518802e+01	6.523935e+01
2.700000e-06	3.665135e-06	9.271290e-10	2.543559e+01	6.554375e+01
2.710000e-06	3.700627e-06	9.313735e-10	2.568191e+01	6.583610e+01
2.720000e-06	3.735897e-06	9.362365e-10	2.592667e+01	6.611676e+01
2.730000e-06	3.770778e-06	9.419700e-10	2.616875e+01	6.638609e+01
2.740000e-06	3.805287e-06	9.467554e-10	2.640823e+01	6.664445e+01
2.750000e-06	3.839386e-06	9.510810e-10	2.664488e+01	6.689219e+01
2.760000e-06	3.873014e-06	9.557202e-10	2.687825e+01	6.712967e+01
2.770000e-06	3.906219e-06	9.595928e-10	2.710869e+01	6.735726e+01
2.780000e-06	3.938993e-06	9.640519e-10	2.733613e+01	6.757531e+01
2.790000e-06	3.971441e-06	9.704716e-10	2.756132e+01	6.778419e+01
2.800000e-06	4.003625e-06	9.759325e-10	2.778467e+01	6.798427e+01
2.810000e-06	4.035605e-06	9.785625e-10	2.800661e+01	6.817593e+01
2.820000e-06	4.067366e-06	9.798386e-10	2.822703e+01	6.835954e+01
2.830000e-06	4.098906e-06	9.809661e-10	2.844591e+01	6.853548e+01
2.840000e-06	4.130219e-06	9.817618e-10	2.866322e+01	6.870415e+01
2.850000e-06	4.161224e-06	9.835279e-10	2.887839e+01	6.886593e+01
2.860000e-06	4.191948e-06	9.876216e-10	2.909161e+01	6.902121e+01
2.870000e-06	4.222423e-06	9.937021e-10	2.930311e+01	6.917037e+01
2.880000e-06	4.252663e-06	1.000490e-09	2.951297e+01	6.931382e+01
2.890000e-06	4.282581e-06	1.007193e-09	2.972060e+01	6.945192e+01
2.900000e-06	4.312191e-06	1.013560e-09	2.992608e+01	6.958507e+01
2.910000e-06	4.341561e-06	1.016726e-09	3.012991e+01	6.971362e+01
2.920000e-06	4.370670e-06	1.016057e-09	3.033192e+01	6.983794e+01
2.930000e-06	4.399471e-06	1.014337e-09	3.053180e+01	6.995838e+01
2.940000e-06	4.427935e-06	1.014699e-09	3.072933e+01	7.007527e+01
2.950000e-06	4.456119e-06	1.016769e-09	3.092492e+01	7.018893e+01
2.960000e-06	4.484091e-06	1.017613e-09	3.111905e+01	7.029966e+01
2.970000e-06	4.511881e-06	1.018339e-09	3.131191e+01	7.040773e+01
2.980000e-06	4.539441e-06	1.020552e-09	3.150317e+01	7.051341e+01
2.990000e-06	4.566720e-06	1.022598e-09	3.169248e+01	7.061691e+01
3.000000e-06	4.593587e-06	1.024248e-09	3.187894e+01	7.071845e+01
3.010000e-06	4.619951e-06	1.025363e-09	3.206190e+01	7.081821e+01
3.020000e-06	4.645839e-06	1.025395e-09	3.224156e+01	7.091632e+01
3.030000e-06	4.671152e-06	1.024790e-09	3.241723e+01	7.101291e+01
3.040000e-06	4.695958e-06	1.023671e-09	3.258938e+01	7.110807e+01
3.050000e-06	4.720391e-06	1.023323e-09	3.275894e+01	7.120186e+01
3.060000e-06	4.744513e-06	1.025754e-09	3.292635e+01	7.129431e+01
3.070000e-06	4.768391e-06	1.030835e-09	3.309206e+01	7.138541e+01
3.080000e-06	4.791984e-06	1.035226e-09	3.325579e+01	7.147514e+01
3.090000e-06	4.815280e-06	1.037395e-09	3.341746e+01	7.156344e+01
3.100000e-06	4.838185e-06	1.038655e-09	3.357642e+01	7.165023e+01
3.110000e-06	4.860767e-06	1.039418e-09	3.373313e+01	7.173539e+01
3.120000e-06	4.883065e-06	1.039290e-09	3.388788e+01	7.181882e+01
3.130000e-06	4.905028e-06	1.039398e-09	3.404030e+01	7.190034e+01
3.140000e-06	4.926694e-06	1.040296e-09	3.419066e+01	7.197981e+01
3.150000e-06	4.947981e-06	1.041383e-09	3.433839e+01	7.205703e+01
3.160000e-06	4.968883e-06	1.042997e-09	3.448345e+01	7.213183e+01
3.170000e-06	4.989443e-06	1.045263e-09	3.462613e+01	7.220400e+01
3.180000e-06	5.009716e-06	1.047658e-09	3.476683e+01	7.227333e+01
3.190000e-06	5.029763e-06	1.050699e-09	3.490595e+01	7.233963e+01
3.200000e-06	5.049594e-06	1.053209e-09	3.504357e+01	7.240270e+01
3.210000e-06	5.069192e-06	1.054919e-09	3.517958e+01	7.246234e+01
3.220000e-06	5.088533e-06	1.057003e-09	3.531380e+01	7.251836e+01
3.230000e-06	5.107550e-06	1.059043e-09	3.544578e+01	7.257059e+01
3.240000e-06	5.126068e-06	1.060453e-09	3.557429e+01	7.261888e+01
3.250000e-06	5.144047e-06	1.062024e-09	3.569907e+01	7.266309e+01
3.260000e-06	5.161642e-06	1.064633e-09	3.582117e+01	7.270310e+01
3.270000e-06	5.178876e-06	1.067055e-09	3.594078e+01	7.273882e+01
3.280000e-06	5.195812e-06	1.069353e-09	3.605831e+01	7.277019e+01
3.290000e-06	5.212542e-06	1.071440e-09	3.617441e+01	7.279717e+01
3.300000e-06	5.228926e-06	1.072553e-09	3.628812e+01	7.281975e+01
3.310000e-06	5.244877e-06	1.073362e-09	3.639881e+01	7.283797e+01
3.320000e-06	5.260267e-06	1.075893e-09	3.650562e+01	7.285187e+01
3.330000e-06	5.275120e-06	1.078620e-09	3.660869e+01	7.286155e+01
3.340000e-06	5.289549e-06	1.079748e-09	3.670883e+01	7.286713e+01
3.350000e-06	5.303600e-06	1.082157e-09	3.680634e+01	7.286876e+01
3.360000e-06	5.317343e-06	1.084224e-09	3.690172e+01	7.286664e+01
3.370000e-06	5.330714e-06	1.082797e-09	3.699451e+01	7.286096e+01
3.380000e-06	5.343675e-06	1.081332e-09	3.708446e+01	7.285198e+01
3.390000e-06	5.356265e-06	1.083091e-09	3.717183e+01	7.283996e+01
3.400000e-06	5.368508e-06	1.086834e-09	3.725680e+01	7.282519e+01
3.410000e-06	5.380362e-06	1.090350e-09	3.733906e+01	7.280798e+01
3.420000e-06	5.391850e-06	1.092853e-09	3.741879e+01	7.278866e+01
3.430000e-06	5.402967e-06	1.093250e-09	3.749594e+01	7.276756e+01
3.440000e-06	5.413594e-06	1.092376e-09	3.756969e+01	7.274505e+01
3.450000e-06	5.423597e-06	1.091615e-09	3.763911e+01	7.272146e+01
3.460000e-06	5.432917e-06	1.091512e-09	3.770378e+01	7.269716e+01
3.470000e-06	5.441584e-06	1.092192e-09	3.776393e+01	7.267249e+01
3.480000e-06	5.449768e-06	1.094290e-09	3.782073e+01	7.264781e+01
3.490000e-06	5.457705e-06	1.097817e-09	3.787581e+01	7.262344e+01
3.500000e-06	5.465422e-06	1.100406e-09	3.792937e+01	7.259970e+01
3.510000e-06	5.472826e-06	1.102344e-09	3.798075e+01	7.257688e+01
3.520000e-06	5.479830e-06	1.103016e-09	3.802936e+01	7.255527e+01
3.530000e-06	5.486417e-06	1.102281e-09	3.807507e+01	7.253510e+01
3.540000e-06	5.492711e-06	1.101235e-09	3.811875e+01	7.251659e+01
3.550000e-06	5.498650e-06	1.099623e-09	3.815997e+01	7.249990e+01
3.560000e-06	5.504190e-06	1.099802e-09	3.819841e+01	7.248519e+01
3.570000e-06	5.509358e-06	1.102354e-09	3.823428e+01	7.247255e+01
3.580000e-06	5.514076e-06	1.106101e-09	3.826702e+01	7.246204e+01
3.590000e-06	5.518418e-06	1.109271e-09	3.829715e+01	7.245366e+01
3.600000e-06	5.522484e-06	1.110348e-09	3.832537e+01	7.244739e+01
3.610000e-06	5.526277e-06	1.111178e-09	3.835169e+01	7.244315e+01
3.620000e-06	5.529821e-06	1.112058e-09	3.837629e+01	7.244080e+01
3.630000e-06	5.533083e-06	1.113372e-09	3.839893e+01	7.244019e+01
3.640000e-06	5.535920e-06	1.114167e-09	3.841862e+01	7.244109e+01
3.650000e-06	5.538304e-06	1.115348e-09	3.843516e+01	7.244325e+01
3.660000e-06	5.540104e-06	1.117698e-09	3.844765e+01	7.244636e+01
3.670000e-06	5.541200e-06	1.119632e-09	3.845526e+01	7.245009e+01
3.680000e-06	5.541739e-06	1.121219e-09	3.845900e+01	7.245405e+01
3.690000e-06	5.541883e-06	1.122828e-09	3.846000e+01	7.245785e+01
3.700000e-06	5.541757e-06	1.124668e-09	3.845912e+01	7.246104e+01
3.710000e-06	5.541383e-06	1.126262e-09	3.845653e+01	7.246316e+01
3.720000e-06	5.540618e-06	1.126696e-09	3.845122e+01	7.246372e+01
3.730000e-06	5.539509e-06	1.125645e-09	3.844352e+01	7.246224e+01
3.740000e-06	5.538126e-06	1.123131e-09	3.843393e+01	7.245821e+01
3.750000e-06	5.536351e-06	1.114161e-09	3.842161e+01	7.245110e+01
3.760000e-06	5.534183e-06	1.100698e-09	3.840656e+01	7.244042e+01
3.770000e-06	5.531728e-06	1.109704e-09	3.838953e+01	7.242565e+01
3.780000e-06	5.528984e-06	1.139558e-09	3.837048e+01	7.240631e+01
3.790000e-06	5.525706e-06	1.138117e-09	3.834773e+01	7.238190e+01
3.800000e-06	5.521765e-06	1.079473e-09	3.832038e+01	7.235199e+01
3.810000e-06	5.517402e-06	1.049607e-09	3.829010e+01	7.231614e+01
3.820000e-06	5.512910e-06	1.153635e-09	3.825893e+01	7.227396e+01
3.830000e-06	5.508295e-06	1.205406e-09	3.822690e+01	7.222509e+01
3.840000e-06	5.503322e-06	1.136711e-09	3.819239e+01	7.216921e+01
3.850000e-06	5.497725e-06	1.083988e-09	3.815355e+01	7.210606e+01
3.860000e-06	5.491512e-06	1.135554e-09	3.811043e+01	7.203541e+01
3.870000e-06	5.484983e-06	1.209403e-09	3.806512e+01	7.195710e+01
3.880000e-06	5.478150e-06	1.093575e-09	3.801770e+01	7.187101e+01
3.890000e-06	5.470806e-06	1.007877e-09	3.796673e+01	7.177708e+01
3.900000e-06	5.462917e-06	1.108372e-09	3.791198e+01	7.167531e+01
3.910000e-06	5.454691e-06	1.233816e-09	3.785490e+01	7.156577e+01
3.920000e-06	5.446198e-06	1.132961e-09	3.779596e+01	7.144856e+01
3.930000e-06	5.437328e-06	1.004703e-09	3.773440e+01	7.132386e+01
3.940000e-06	5.428166e-06	1.082750e-09	3.767081e+01	7.119192e+01
3.950000e-06	5.418652e-06	1.172863e-09	3.760479e+01	7.105301e+01
3.960000e-06	5.408653e-06	1.101964e-09	3.753540e+01	7.090748e+01
3.970000e-06	5.398232e-06	1.030610e-09	3.746308e+01	7.075574e+01
3.980000e-06	5.387476e-06	1.122281e-09	3.738843e+01	7.059821e+01
3.990000e-06	5.376379e-06	1.163148e-09	3.731142e+01	7.043539e+01
4.000000e-06	5.364926e-06	1.089002e-09	3.723194e+01	7.026780e+01
4.010000e-06	5.353052e-06	1.046107e-09	3.714953e+01	7.009600e+01
4.020000e-06	5.340726e-06	1.102365e-09	3.706399e+01	6.992059e+01
4.030000e-06	5.327928e-06	1.102377e-09	3.697518e+01	6.974219e+01
4.040000e-06	5.314657e-06	1.051623e-09	3.688308e+01	6.956141e+01
4.050000e-06	5.300835e-06	1.044266e-09	3.678716e+01	6.937893e+01
4.060000e-06	5.286470e-06	1.103424e-09	3.668747e+01	6.919538e+01
4.070000e-06	5.271666e-06	1.103318e-09	3.658473e+01	6.901143e+01
4.080000e-06	5.256302e-06	1.042428e-09	3.647810e+01	6.882772e+01
4.090000e-06	5.240382e-06	1.020743e-09	3.636762e+01	6.864490e+01
4.100000e-06	5.224166e-06	1.094058e-09	3.625508e+01	6.846359e+01
4.110000e-06	5.207669e-06	1.111206e-09	3.614059e+01	6.828439e+01
4.120000e-06	5.190828e-06	1.029141e-09	3.602372e+01	6.810787e+01
4.130000e-06	5.173711e-06	1.025391e-09	3.590493e+01	6.793456e+01
4.140000e-06	5.156316e-06	1.107629e-09	3.578421e+01	6.776497e+01
4.150000e-06	5.138530e-06	1.072887e-09	3.566078e+01	6.759955e+01
4.160000e-06	5.120334e-06	9.894852e-10	3.553450e+01	6.743871e+01
4.170000e-06	5.101782e-06	1.057019e-09	3.540575e+01	6.728280e+01
4.180000e-06	5.082852e-06	1.094775e-09	3.527438e+01	6.713213e+01
4.190000e-06	5.063595e-06	9.998001e-10	3.514074e+01	6.698695e+01
4.200000e-06	5.044073e-06	1.006986e-09	3.500526e+01	6.684745e+01
4.210000e-06	5.024234e-06	1.105130e-09	3.486757e+01	6.671375e+01
4.220000e-06	5.004107e-06	1.039143e-09	3.472790e+01	6.658592e+01
4.230000e-06	4.983810e-06	9.813792e-10	3.458704e+01	6.646398e+01
4.240000e-06	4.963305e-06	1.064208e-09	3.444474e+01	6.634786e+01
4.250000e-06	4.942502e-06	1.057619e-09	3.430037e+01	6.623747e+01
4.260000e-06	4.921172e-06	9.669450e-10	3.415234e+01	6.613262e+01
4.270000e-06	4.899125e-06	1.027739e-09	3.399934e+01	6.603310e+01
4.280000e-06	4.876497e-06	1.069558e-09	3.384230e+01	6.593864e+01
4.290000e-06	4.853373e-06	9.923250e-10	3.368182e+01	6.584891e+01
4.300000e-06	4.829837e-06	1.011550e-09	3.351849e+01	6.576353e+01
4.310000e-06	4.806034e-06	1.087551e-09	3.335330e+01	6.568210e+01
4.320000e-06	4.781974e-06	1.025778e-09	3.318632e+01	6.560417e+01
4.330000e-06	4.757685e-06	9.870950e-10	3.301776e+01	6.552926e+01
4.340000e-06	4.733164e-06	1.041050e-09	3.284758e+01	6.545687e+01
4.350000e-06	4.708297e-06	1.032061e-09	3.267501e+01	6.538646e+01
4.360000e-06	4.683070e-06	9.900107e-10	3.249994e+01	6.531750e+01
4.370000e-06	4.657543e-06	1.021543e-09	3.232278e+01	6.524942e+01
4.380000e-06	4.631655e-06	1.027917e-09	3.214313e+01	6.518168e+01
4.390000e-06	4.605414e-06	9.956827e-10	3.196102e+01	6.511370e+01
4.400000e-06	4.578882e-06	1.007184e-09	3.177689e+01	6.504495e+01
4.410000e-06	4.552087e-06	1.024767e-09	3.159093e+01	6.497487e+01
4.420000e-06	4.524998e-06	1.007136e-09	3.140294e+01	6.490294e+01
4.430000e-06	4.497540e-06	1.001644e-09	3.121239e+01	6.482865e+01
4.440000e-06	4.469770e-06	1.010939e-09	3.101966e+01	6.475153e+01
4.450000e-06	4.441797e-06	1.006758e-09	3.082553e+01	6.467113e+01
4.460000e-06	4.413683e-06	1.003558e-09	3.063043e+01	6.458702e+01
4.470000e-06	4.385402e-06	1.002889e-09	3.043416e+01	6.449884e+01
4.480000e-06	4.356801e-06	9.985116e-10	3.023567e+01	6.440623e+01
4.490000e-06	4.327852e-06	9.940881e-10	3.003477e+01	6.430890e+01
4.500000e-06	4.298538e-06	9.979560e-10	2.983133e+01	6.420660e+01
4.510000e-06	4.268692e-06	9.988495e-10	2.962421e+01	6.409910e+01
4.520000e-06	4.238246e-06	9.976204e-10	2.941292e+01	6.398626e+01
4.530000e-06	4.207210e-06	9.928952e-10	2.919753e+01	6.386793e+01
4.540000e-06	4.175706e-06	9.898325e-10	2.897890e+01	6.374406e+01
4.550000e-06	4.143938e-06	9.827955e-10	2.875843e+01	6.361461e+01
4.560000e-06	4.111986e-06	9.841597e-10	2.853669e+01	6.347960e+01
4.570000e-06	4.079877e-06	9.849092e-10	2.831385e+01	6.333908e+01
4.580000e-06	4.047598e-06	9.806304e-10	2.808984e+01	6.319314e+01
4.590000e-06	4.015139e-06	9.814245e-10	2.786458e+01	6.304192e+01
4.600000e-06	3.982458e-06	9.931332e-10	2.763778e+01	6.288558e+01
4.610000e-06	3.949419e-06	9.898649e-10	2.740849e+01	6.272433e+01
4.620000e-06	3.916050e-06	9.790616e-10	2.717692e+01	6.255838e+01
4.630000e-06	3.882438e-06	9.776799e-10	2.694365e+01	6.238798e+01
4.640000e-06	3.848599e-06	9.743111e-10	2.670881e+01	6.221341e+01
4.650000e-06	3.814561e-06	9.643377e-10	2.647260e+01	6.203494e+01
4.660000e-06	3.780280e-06	9.654105e-10	2.623469e+01	6.185286e+01
4.670000e-06	3.745727e-06	9.683799e-10	2.599489e+01	6.166750e+01
4.680000e-06	3.710909e-06	9.630349e-10	2.575326e+01	6.147913e+01
4.690000e-06	3.675750e-06	9.609449e-10	2.550926e+01	6.128808e+01
4.700000e-06	3.640264e-06	9.665613e-10	2.526299e+01	6.109464e+01
4.710000e-06	3.604557e-06	9.639074e-10	2.501519e+01	6.089910e+01
4.720000e-06	3.568708e-06	9.555174e-10	2.476640e+01	6.070174e+01
4.730000e-06	3.532702e-06	9.567952e-10	2.451653e+01	6.050281e+01
4.740000e-06	3.496543e-06	9.573983e-10	2.426558e+01	6.030258e+01
4.750000e-06	3.460300e-06	9.526988e-10	2.401407e+01	6.010125e+01
4.760000e-06	3.423959e-06	9.516602e-10	2.376186e+01	5.989902e+01
4.770000e-06	3.387435e-06	9.528745e-10	2.350839e+01	5.969608e+01
4.780000e-06	3.350609e-06	9.454132e-10	2.325282e+01	5.949255e+01
4.790000e-06	3.313466e-06	9.395084e-10	2.299505e+01	5.928857e+01
4.800000e-06	3.275925e-06	9.400775e-10	2.273452e+01	5.908421e+01
4.810000e-06	3.237950e-06	9.376798e-10	2.247098e+01	5.887952e+01
4.820000e-06	3.199515e-06	9.307583e-10	2.220425e+01	5.867454e+01
4.830000e-06	3.160647e-06	9.302331e-10	2.193451e+01	5.846926e+01
4.840000e-06	3.121509e-06	9.299370e-10	2.166290e+01	5.826365e+01
4.850000e-06	3.082068e-06	9.248913e-10	2.138918e+01	5.805763e+01
4.860000e-06	3.042347e-06	9.197401e-10	2.111352e+01	5.785112e+01
4.870000e-06	3.002435e-06	9.170522e-10	2.083654e+01	5.764400e+01
4.880000e-06	2.962383e-06	9.120026e-10	2.055858e+01	5.743612e+01
4.890000e-06	2.922201e-06	9.096205e-10	2.027972e+01	5.722733e+01
4.900000e-06	2.881923e-06	9.130997e-10	2.000019e+01	5.701744e+01
4.910000e-06	2.841547e-06	9.181869e-10	1.971999e+01	5.680624e+01
4.920000e-06	2.800956e-06	9.183470e-10	1.943829e+01	5.659353e+01
4.930000e-06	2.760195e-06	9.165010e-10	1.915542e+01	5.637906e+01
4.940000e-06	2.719318e-06	9.118488e-10	1.887174e+01	5.616259e+01
4.950000e-06	2.678202e-06	9.038068e-10	1.858640e+01	5.594388e+01
4.960000e-06	2.636906e-06	8.955806e-10	1.829981e+01	5.572266e+01
4.970000e-06	2.595533e-06	8.904246e-10	1.801269e+01	5.549868e+01
4.980000e-06	2.554022e-06	8.888918e-10	1.772460e+01	5.527167e+01
4.990000e-06	2.512298e-06	8.891564e-10	1.743505e+01	5.504138e+01
5.000000e-06	2.470392e-06	8.887621e-10	1.714422e+01	5.480753e+01
5.010000e-06	2.428277e-06	8.859866e-10	1.685195e+01	5.456987e+01
5.020000e-06	2.385929e-06	8.779322e-10	1.655806e+01	5.432814e+01
5.030000e-06	2.343420e-06	8.697697e-10	1.626305e+01	5.408209e+01
5.040000e-06	2.300765e-06	8.668233e-10	1.596703e+01	5.383147e+01
5.050000e-06	2.257914e-06	8.657810e-10	1.566965e+01	5.357603e+01
5.060000e-06	2.214804e-06	8.643993e-10	1.537047e+01	5.331555e+01
5.070000e-06	2.171532e-06	8.611854e-10	1.507017e+01	5.304978e+01
5.080000e-06	2.128101e-06	8.557697e-10	1.476877e+01	5.277849e+01
5.090000e-06	2.084546e-06	8.475320e-10	1.446649e+01	5.250144e+01
5.100000e-06	2.040894e-06	8.405783e-10	1.416356e+01	5.221841e+01
5.110000e-06	1.997086e-06	8.360098e-10	1.385953e+01	5.192916e+01
5.120000e-06	1.953176e-06	8.340737e-10	1.355480e+01	5.163344e+01
5.130000e-06	1.909205e-06	8.292727e-10	1.324965e+01	5.133102e+01
5.140000e-06	1.865173e-06	8.217380e-10	1.294408e+01	5.102163e+01
5.150000e-06	1.821100e-06	8.133860e-10	1.263821e+01	5.070500e+01
5.160000e-06	1.776976e-06	8.063307e-10	1.233200e+01	5.038086e+01
5.170000e-06	1.732775e-06	7.987469e-10	1.202525e+01	5.004890e+01
5.180000e-06	1.688527e-06	7.907081e-10	1.171817e+01	4.970880e+01
5.190000e-06	1.644241e-06	7.837548e-10	1.141083e+01	4.936021e+01
5.200000e-06	1.599896e-06	7.823704e-10	1.110308e+01	4.900276e+01
5.210000e-06	1.555440e-06	7.857889e-10	1.079457e+01	4.863606e+01
5.220000e-06	1.510836e-06	7.876293e-10	1.048502e+01	4.825966e+01
5.230000e-06	1.466118e-06	7.839592e-10	1.017468e+01	4.787311e+01
5.240000e-06	1.421357e-06	7.774228e-10	9.864048e+00	4.747590e+01
5.250000e-06	1.376512e-06	7.695876e-10	9.552824e+00	4.706750e+01
5.260000e-06	1.331529e-06	7.620556e-10	9.240652e+00	4.664734e+01
5.270000e-06	1.286359e-06	7.547169e-10	8.927179e+00	4.621480e+01
5.280000e-06	1.241056e-06	7.467393e-10	8.612778e+00	4.576923e+01
5.290000e-06	1.195738e-06	7.389033e-10	8.298280e+00	4.530996e+01
5.300000e-06	1.150325e-06	7.326549e-10	7.983116e+00	4.483625e+01
5.310000e-06	1.104756e-06	7.289468e-10	7.666871e+00	4.434734e+01
5.320000e-06	1.059130e-06	7.245716e-10	7.350231e+00	4.384245e+01
5.330000e-06	1.013432e-06	7.187083e-10	7.033095e+00	4.332074e+01
5.340000e-06	9.675680e-07	7.100701e-10	6.714805e+00	4.278137e+01
5.350000e-06	9.215341e-07	6.993267e-10	6.395335e+00	4.222346e+01
5.360000e-06	8.754390e-07	6.885473e-10	6.075441e+00	4.164611e+01
5.370000e-06	8.293923e-07	6.798306e-10	5.755882e+00	4.104842e+01
5.380000e-06	7.833188e-07	6.738146e-10	5.436138e+00	4.042947e+01
5.390000e-06	7.371302e-07	6.700427e-10	5.115595e+00	3.978832e+01
5.400000e-06	6.908455e-07	6.653454e-10	4.794384e+00	3.912406e+01
5.410000e-06	6.444891e-07	6.577856e-10	4.472677e+00	3.843577e+01
5.420000e-06	5.980627e-07	6.451740e-10	4.150483e+00	3.772256e+01
5.430000e-06	5.516398e-07	6.281443e-10	3.828313e+00	3.698355e+01
5.440000e-06	5.052262e-07	6.091737e-10	3.506209e+00	3.621788e+01
5.450000e-06	4.587642e-07	5.923016e-10	3.183768e+00	3.542476e+01
5.460000e-06	4.122115e-07	5.791600e-10	2.860698e+00	3.460342e+01
5.470000e-06	3.657028e-07	5.692657e-10	2.537933e+00	3.375314e+01
5.480000e-06	3.192295e-07	5.586734e-10	2.215414e+00	3.287328e+01
5.490000e-06	2.726579e-07	5.482382e-10	1.892213e+00	3.196325e+01
5.500000e-06	2.260787e-07	5.363114e-10	1.568959e+00	3.102254e+01
5.510000e-06	1.794540e-07	5.209710e-10	1.245389e+00	3.005073e+01
5.520000e-06	1.327583e-07	5.034402e-10	9.213267e-01	2.904747e+01
5.530000e-06	8.612578e-08	4.857720e-10	5.977025e-01	2.801251e+01
5.540000e-06	3.958274e-08	4.679505e-10	2.746994e-01	2.694573e+01
5.550000e-06	-7.003862e-09	4.506059e-10	-4.860596e-02	2.584706e+01
5.560000e-06	-5.364486e-08	4.351663e-10	-3.722888e-01	2.471659e+01
5.570000e-06	-1.003057e-07	4.184703e-10	-6.961093e-01	2.355449e+01
5.580000e-06	-1.469144e-07	3.961113e-10	-1.019568e+00	2.236107e+01
5.590000e-06	-1.934106e-07	3.706563e-10	-1.342246e+00	2.113674e+01
5.600000e-06	-2.398754e-07	3.495797e-10	-1.664706e+00	1.988204e+01
5.610000e-06	-2.863933e-07	3.319083e-10	-1.987535e+00	1.859764e+01
5.620000e-06	-3.329687e-07	3.135184e-10	-2.310762e+00	1.728432e+01
5.630000e-06	-3.795252e-07	2.912975e-10	-2.633859e+00	1.594297e+01
5.640000e-06	-4.260635e-07	2.658200e-10	-2.956829e+00	1.457462e+01
5.650000e-06	-4.725261e-07	2.372389e-10	-3.279274e+00	1.318041e+01
5.660000e-06	-5.189318e-07	2.089286e-10	-3.601324e+00	1.176158e+01
5.670000e-06	-5.653144e-07	1.843539e-10	-3.923214e+00	1.031950e+01
5.680000e-06	-6.116600e-07	1.615906e-10	-4.244846e+00	8.855631e+00
5.690000e-06	-6.579353e-07	1.383377e-10	-4.565992e+00	7.371522e+00
5.700000e-06	-7.041071e-07	1.157500e-10	-4.886418e+00	5.868829e+00
5.710000e-06	-7.503003e-07	9.314485e-11	-5.206994e+00	4.349284e+00
5.720000e-06	-7.964610e-07	6.757838e-11	-5.527343e+00	2.814698e+00
5.730000e-06	-8.425554e-07	3.897134e-11	-5.847233e+00	1.266946e+00
5.740000e-06	-8.885516e-07	8.538903e-12	-6.166441e+00	-2.920357e-01
5.750000e-06	-9.344559e-07	-2.202555e-11	-6.485011e+00	-1.860264e+00
5.760000e-06	-9.803031e-07	-4.878571e-11	-6.803185e+00	-3.435714e+00
5.770000e-06	-1.026035e-06	-7.333022e-11	-7.120557e+00	-5.016334e+00
5.780000e-06	-1.071708e-06	-9.923353e-11	-7.437521e+00	-6.600051e+00
5.790000e-06	-1.117237e-06	-1.253795e-10	-7.753491e+00	-8.184782e+00
5.800000e-06	-1.162637e-06	-1.519458e-10	-8.068557e+00	-9.768449e+00
5.810000e-06	-1.207959e-06	-1.802153e-10	-8.383089e+00	-1.134898e+01
5.820000e-06	-1.253144e-06	-2.077766e-10	-8.696666e+00	-1.292433e+01
5.830000e-06	-1.298259e-06	-2.328632e-10	-9.009758e+00	-1.449249e+01
5.840000e-06	-1.343308e-06	-2.571133e-10	-9.322394e+00	-1.605147e+01
5.850000e-06	-1.388220e-06	-2.831454e-10	-9.634082e+00	-1.759935e+01
5.860000e-06	-1.433010e-06	-3.096072e-10	-9.944916e+00	-1.913426e+01
5.870000e-06	-1.477736e-06	-3.344006e-10	-1.025531e+01	-2.065442e+01
5.880000e-06	-1.522357e-06	-3.597748e-10	-1.056497e+01	-2.215808e+01
5.890000e-06	-1.566846e-06	-3.865953e-10	-1.087372e+01	-2.364361e+01
5.900000e-06	-1.611229e-06	-4.131023e-10	-1.118173e+01	-2.510945e+01
5.910000e-06	-1.655504e-06	-4.380541e-10	-1.148900e+01	-2.655415e+01
5.920000e-06	-1.699713e-06	-4.615459e-10	-1.179580e+01	-2.797633e+01
5.930000e-06	-1.743875e-06	-4.861281e-10	-1.210228e+01	-2.937474e+01
5.940000e-06	-1.788000e-06	-5.115509e-10	-1.240850e+01	-3.074823e+01
5.950000e-06	-1.832078e-06	-5.360932e-10	-1.271440e+01	-3.209575e+01
5.960000e-06	-1.876084e-06	-5.589955e-10	-1.301979e+01	-3.341637e+01
5.970000e-06	-1.919992e-06	-5.799484e-10	-1.332451e+01	-3.470925e+01
5.980000e-06	-1.963788e-06	-6.001152e-10	-1.362845e+01	-3.597370e+01
5.990000e-06	-2.007462e-06	-6.196413e-10	-1.393154e+01	-3.720911e+01
6.000000e-06	-2.051035e-06	-6.392346e-10	-1.423394e+01	-3.841498e+01
6.010000e-06	-2.094443e-06	-6.573714e-10	-1.453518e+01	-3.959094e+01
6.020000e-06	-2.137707e-06	-6.749726e-10	-1.483543e+01	-4.073670e+01
6.030000e-06	-2.180869e-06	-6.934113e-10	-1.513497e+01	-4.185208e+01
6.040000e-06	-2.223872e-06	-7.130127e-10	-1.543340e+01	-4.293701e+01
6.050000e-06	-2.266681e-06	-7.330875e-10	-1.573049e+01	-4.399148e+01
6.060000e-06	-2.309225e-06	-7.516040e-10	-1.602574e+01	-4.501561e+01
6.070000e-06	-2.351599e-06	-7.696185e-10	-1.631981e+01	-4.600957e+01
6.080000e-06	-2.393870e-06	-7.879626e-10	-1.661317e+01	-4.697361e+01
6.090000e-06	-2.436041e-06	-8.042624e-10	-1.690583e+01	-4.790806e+01
6.100000e-06	-2.478104e-06	-8.165362e-10	-1.719774e+01	-4.881332e+01
6.110000e-06	-2.520017e-06	-8.272386e-10	-1.748861e+01	-4.968983e+01
6.120000e-06	-2.561722e-06	-8.389987e-10	-1.777804e+01	-5.053808e+01
6.130000e-06	-2.603184e-06	-8.524782e-10	-1.806578e+01	-5.135863e+01
6.140000e-06	-2.644457e-06	-8.686434e-10	-1.835221e+01	-5.215206e+01
6.150000e-06	-2.685555e-06	-8.830001e-10	-1.863742e+01	-5.291898e+01
6.160000e-06	-2.726418e-06	-8.925837e-10	-1.892101e+01	-5.366002e+01
6.170000e-06	-2.767067e-06	-9.010023e-10	-1.920311e+01	-5.437585e+01
6.180000e-06	-2.807604e-06	-9.107288e-10	-1.948443e+01	-5.506715e+01
6.190000e-06	-2.847987e-06	-9.205772e-10	-1.976468e+01	-5.573459e+01
6.200000e-06	-2.888228e-06	-9.325765e-10	-2.004395e+01	-5.637886e+01
6.210000e-06	-2.928387e-06	-9.458939e-10	-2.032265e+01	-5.700065e+01
6.220000e-06	-2.968366e-06	-9.569172e-10	-2.060010e+01	-5.760064e+01
6.230000e-06	-3.008203e-06	-9.656580e-10	-2.087656e+01	-5.817949e+01
6.240000e-06	-3.047846e-06	-9.736245e-10	-2.115169e+01	-5.873788e+01
6.250000e-06	-3.087191e-06	-9.819930e-10	-2.142473e+01	-5.927644e+01
6.260000e-06	-3.126374e-06	-9.893376e-10	-2.169666e+01	-5.979581e+01
6.270000e-06	-3.165355e-06	-9.963099e-10	-2.196718e+01	-6.029659e+01
6.280000e-06	-3.203885e-06	-1.003669e-09	-2.223458e+01	-6.077938e+01
6.290000e-06	-3.241970e-06	-1.012082e-09	-2.249888e+01	-6.124474e+01
6.300000e-06	-3.279720e-06	-1.020820e-09	-2.276086e+01	-6.169322e+01
6.310000e-06	-3.317137e-06	-1.027624e-09	-2.302053e+01	-6.212535e+01
6.320000e-06	-3.354201e-06	-1.031647e-09	-2.327775e+01	-6.254163e+01
6.330000e-06	-3.390982e-06	-1.035928e-09	-2.353301e+01	-6.294254e+01
6.340000e-06	-3.427502e-06	-1.040935e-09	-2.378645e+01	-6.332855e+01
6.350000e-06	-3.463779e-06	-1.046054e-09	-2.403820e+01	-6.370011e+01
6.360000e-06	-3.499921e-06	-1.053687e-09	-2.428903e+01	-6.405764e+01
6.370000e-06	-3.535914e-06	-1.064049e-09	-2.453882e+01	-6.440155e+01
6.380000e-06	-3.571666e-06	-1.073732e-09	-2.478693e+01	-6.473224e+01
6.390000e-06	-3.607210e-06	-1.083017e-09	-2.503360e+01	-6.505011e+01
6.400000e-06	-3.642576e-06	-1.090659e-09	-2.527904e+01	-6.535552e+01
6.410000e-06	-3.677664e-06	-1.095462e-09	-2.552254e+01	-6.564885e+01
6.420000e-06	-3.712495e-06	-1.097270e-09	-2.576426e+01	-6.593047e+01
6.430000e-06	-3.747103e-06	-1.099727e-09	-2.600444e+01	-6.620072e+01
6.440000e-06	-3.781446e-06	-1.105301e-09	-2.624278e+01	-6.645997e+01
6.450000e-06	-3.815489e-06	-1.112753e-09	-2.647903e+01	-6.670858e+01
6.460000e-06	-3.849204e-06	-1.121585e-09	-2.671301e+01	-6.694690e+01
6.470000e-06	-3.882621e-06	-1.127016e-09	-2.694492e+01	-6.717529e+01
6.480000e-06	-3.915810e-06	-1.128585e-09	-2.717525e+01	-6.739412e+01
6.490000e-06	-3.948763e-06	-1.130150e-09	-2.740394e+01	-6.760374e+01
6.500000e-06	-3.981438e-06	-1.133166e-09	-2.763070e+01	-6.780454e+01
6.510000e-06	-4.013902e-06	-1.134794e-09	-2.785599e+01	-6.799687e+01
6.520000e-06	-4.046190e-06	-1.138054e-09	-2.808007e+01	-6.818113e+01
6.530000e-06	-4.078293e-06	-1.143590e-09	-2.830286e+01	-6.835769e+01
6.540000e-06	-4.110228e-06	-1.147733e-09	-2.852449e+01	-6.852695e+01
6.550000e-06	-4.141889e-06	-1.150666e-09	-2.874421e+01	-6.868928e+01
6.560000e-06	-4.173181e-06	-1.152875e-09	-2.896137e+01	-6.884508e+01
6.570000e-06	-4.204022e-06	-1.154017e-09	-2.917540e+01	-6.899473e+01
6.580000e-06	-4.234385e-06	-1.154646e-09	-2.938612e+01	-6.913864e+01
6.590000e-06	-4.264219e-06	-1.155128e-09	-2.959316e+01	-6.927716e+01
6.600000e-06	-4.293507e-06	-1.156701e-09	-2.979642e+01	-6.941070e+01
6.610000e-06	-4.322430e-06	-1.157879e-09	-2.999714e+01	-6.953962e+01
6.620000e-06	-4.351040e-06	-1.158657e-09	-3.019569e+01	-6.966427e+01
6.630000e-06	-4.379396e-06	-1.157983e-09	-3.039248e+01	-6.978501e+01
6.640000e-06	-4.407581e-06	-1.156850e-09	-3.058808e+01	-6.990218e+01
6.650000e-06	-4.435587e-06	-1.156611e-09	-3.078244e+01	-7.001609e+01
6.660000e-06	-4.463364e-06	-1.157079e-09	-3.097521e+01	-7.012705e+01
6.670000e-06	-4.490859e-06	-1.159449e-09	-3.116602e+01	-7.023533e+01
6.680000e-06	-4.518032e-06	-1.162774e-09	-3.135460e+01	-7.034119e+01
6.690000e-06	-4.544869e-06	-1.166223e-09	-3.154084e+01	-7.044486e+01
6.700000e-06	-4.571426e-06	-1.166515e-09	-3.172514e+01	-7.054655e+01
6.710000e-06	-4.597674e-06	-1.162473e-09	-3.190730e+01	-7.064644e+01
6.720000e-06	-4.623534e-06	-1.155582e-09	-3.208677e+01	-7.074468e+01
6.730000e-06	-4.649039e-06	-1.149607e-09	-3.226377e+01	-7.084139e+01
6.740000e-06	-4.674311e-06	-1.147240e-09	-3.243915e+01	-7.093666e+01
6.750000e-06	-4.699258e-06	-1.149434e-09	-3.261228e+01	-7.103055e+01
6.760000e-06	-4.723783e-06	-1.154375e-09	-3.278248e+01	-7.112310e+01
6.770000e-06	-4.748042e-06	-1.158487e-09	-3.295084e+01	-7.121431e+01
6.780000e-06	-4.772122e-06	-1.160109e-09	-3.311795e+01	-7.130415e+01
6.790000e-06	-4.795974e-06	-1.159541e-09	-3.328348e+01	-7.139257e+01
6.800000e-06	-4.819506e-06	-1.157255e-09	-3.344679e+01	-7.147948e+01
6.810000e-06	-4.842605e-06	-1.153386e-09	-3.360709e+01	-7.156478e+01
6.820000e-06	-4.865263e-06	-1.150533e-09	-3.376434e+01	-7.164835e+01
6.830000e-06	-4.887384e-06	-1.151270e-09	-3.391785e+01	-7.173003e+01
6.840000e-06	-4.908900e-06	-1.155668e-09	-3.406717e+01	-7.180967e+01
6.850000e-06	-4.929954e-06	-1.160492e-09	-3.421329e+01	-7.188708e+01
6.860000e-06	-4.950584e-06	-1.162805e-09	-3.435645e+01	-7.196208e+01
6.870000e-06	-4.970887e-06	-1.164126e-09	-3.449735e+01	-7.203447e+01
6.880000e-06	-4.991013e-06	-1.163212e-09	-3.463703e+01	-7.210404e+01
6.890000e-06	-5.010918e-06	-1.160203e-09	-3.477516e+01	-7.217060e+01
6.900000e-06	-5.030576e-06	-1.157319e-09	-3.491159e+01	-7.223393e+01
6.910000e-06	-5.049955e-06	-1.155265e-09	-3.504608e+01	-7.229386e+01
6.920000e-06	-5.068967e-06	-1.154536e-09	-3.517802e+01	-7.235018e+01
6.930000e-06	-5.087640e-06	-1.156133e-09	-3.530761e+01	-7.240273e+01
6.940000e-06	-5.105992e-06	-1.158944e-09	-3.543497e+01	-7.245135e+01
6.950000e-06	-5.123954e-06	-1.160653e-09	-3.555962e+01	-7.249589e+01
6.960000e-06	-5.141555e-06	-1.160990e-09	-3.568177e+01	-7.253625e+01
6.970000e-06	-5.158824e-06	-1.160980e-09	-3.580161e+01	-7.257232e+01
6.980000e-06	-5.175722e-06	-1.161724e-09	-3.591888e+01	-7.260405e+01
6.990000e-06	-5.192282e-06	-1.162697e-09	-3.603381e+01	-7.263139e+01
7.000000e-06	-5.208594e-06	-1.163066e-09	-3.614701e+01	-7.265434e+01
7.010000e-06	-5.224664e-06	-1.160529e-09	-3.625853e+01	-7.267291e+01
7.020000e-06	-5.240306e-06	-1.155543e-09	-3.636709e+01	-7.268716e+01
7.030000e-06	-5.255522e-06	-1.152231e-09	-3.647269e+01	-7.269718e+01
7.040000e-06	-5.270197e-06	-1.149796e-09	-3.657453e+01	-7.270309e+01
7.050000e-06	-5.284202e-06	-1.147039e-09	-3.667173e+01	-7.270504e+01
7.060000e-06	-5.297662e-06	-1.147511e-09	-3.676513e+01	-7.270321e+01
7.070000e-06	-5.310596e-06	-1.149310e-09	-3.685489e+01	-7.269782e+01
7.080000e-06	-5.323129e-06	-1.149067e-09	-3.694187e+01	-7.268909e+01
7.090000e-06	-5.335357e-06	-1.146282e-09	-3.702673e+01	-7.267731e+01
7.100000e-06	-5.347217e-06	-1.142944e-09	-3.710904e+01	-7.266275e+01
7.110000e-06	-5.358722e-06	-1.139939e-09	-3.718888e+01	-7.264573e+01
7.120000e-06	-5.369853e-06	-1.135797e-09	-3.726613e+01	-7.262656e+01
7.130000e-06	-5.380488e-06	-1.133000e-09	-3.733994e+01	-7.260560e+01
7.140000e-06	-5.390723e-06	-1.132517e-09	-3.741097e+01	-7.258318e+01
7.150000e-06	-5.400727e-06	-1.132704e-09	-3.748039e+01	-7.255966e+01
7.160000e-06	-5.410408e-06	-1.133160e-09	-3.754758e+01	-7.253540e+01
7.170000e-06	-5.419643e-06	-1.134243e-09	-3.761166e+01	-7.251074e+01
7.180000e-06	-5.428408e-06	-1.133925e-09	-3.767249e+01	-7.248604e+01
7.190000e-06	-5.436821e-06	-1.130047e-09	-3.773088e+01	-7.246163e+01
7.200000e-06	-5.445005e-06	-1.124633e-09	-3.778768e+01	-7.243782e+01
7.210000e-06	-5.453009e-06	-1.120266e-09	-3.784322e+01	-7.241491e+01
7.220000e-06	-5.460728e-06	-1.116909e-09	-3.789679e+01	-7.239318e+01
7.230000e-06	-5.467986e-06	-1.114077e-09	-3.794716e+01	-7.237288e+01
7.240000e-06	-5.474669e-06	-1.112842e-09	-3.799354e+01	-7.235421e+01
7.250000e-06	-5.480792e-06	-1.112758e-09	-3.803603e+01	-7.233736e+01
7.260000e-06	-5.486391e-06	-1.112692e-09	-3.807489e+01	-7.232248e+01
7.270000e-06	-5.491450e-06	-1.111921e-09	-3.811000e+01	-7.230965e+01
7.280000e-06	-5.496088e-06	-1.110524e-09	-3.814219e+01	-7.229895e+01
7.290000e-06	-5.500425e-06	-1.109703e-09	-3.817228e+01	-7.229039e+01
7.300000e-06	-5.504515e-06	-1.108720e-09	-3.820067e+01	-7.228395e+01
7.310000e-06	-5.508253e-06	-1.105756e-09	-3.822661e+01	-7.227953e+01
7.320000e-06	-5.511557e-06	-1.102265e-09	-3.824954e+01	-7.227703e+01
7.330000e-06	-5.514507e-06	-1.100433e-09	-3.827001e+01	-7.227627e+01
7.340000e-06	-5.517123e-06	-1.099097e-09	-3.828817e+01	-7.227705e+01
7.350000e-06	-5.519341e-06	-1.094371e-09	-3.830356e+01	-7.227911e+01
7.360000e-06	-5.521232e-06	-1.089417e-09	-3.831668e+01	-7.228215e+01
7.370000e-06	-5.522809e-06	-1.087451e-09	-3.832763e+01	-7.228583e+01
7.380000e-06	-5.523958e-06	-1.085966e-09	-3.833560e+01	-7.228979e+01
7.390000e-06	-5.524798e-06	-1.083304e-09	-3.834143e+01	-7.229360e+01
7.400000e-06	-5.525356e-06	-1.081341e-09	-3.834530e+01	-7.229685e+01
