# Temperatura_=_-3.09
# Concentracion g/m^3_=_1620.0
# C_Vs_to_Am_M_A/Vsm_=_65563218390.804596
# pendiente_HvsI_1/m_=_3716.3
# ordenada_HvsI_A/m_=_1297.0
# frecuencia_Hz_=_135110.2509756251

Tiempo_(s)	Campo_(V.s)	Magnetizacion_(V.s)	Campo_(kA/m)	Magnetizacion_(A/m)
0.000000e+00	-5.512923e-06	-7.352828e-10	-3.836299e+01	-5.054993e+01
1.000000e-08	-5.513075e-06	-7.336820e-10	-3.836405e+01	-5.052172e+01
2.000000e-08	-5.512906e-06	-7.342546e-10	-3.836287e+01	-5.049560e+01
3.000000e-08	-5.512334e-06	-7.328032e-10	-3.835889e+01	-5.047137e+01
4.000000e-08	-5.511280e-06	-7.278236e-10	-3.835156e+01	-5.044888e+01
5.000000e-08	-5.509728e-06	-7.238286e-10	-3.834076e+01	-5.042793e+01
6.000000e-08	-5.507548e-06	-7.271986e-10	-3.832559e+01	-5.040832e+01
7.000000e-08	-5.504714e-06	-7.427424e-10	-3.830586e+01	-5.038982e+01
8.000000e-08	-5.501428e-06	-7.466265e-10	-3.828300e+01	-5.037223e+01
9.000000e-08	-5.497743e-06	-7.396135e-10	-3.825735e+01	-5.035532e+01
1.000000e-07	-5.493665e-06	-7.265667e-10	-3.822898e+01	-5.033885e+01
1.100000e-07	-5.489253e-06	-7.257981e-10	-3.819828e+01	-5.032259e+01
1.200000e-07	-5.484617e-06	-7.112742e-10	-3.816601e+01	-5.030631e+01
1.300000e-07	-5.479643e-06	-7.605646e-10	-3.813140e+01	-5.028976e+01
1.400000e-07	-5.474221e-06	-7.248074e-10	-3.809368e+01	-5.027273e+01
1.500000e-07	-5.468565e-06	-7.251761e-10	-3.805431e+01	-5.025497e+01
1.600000e-07	-5.462586e-06	-6.959379e-10	-3.801271e+01	-5.023628e+01
1.700000e-07	-5.456186e-06	-7.571551e-10	-3.796817e+01	-5.021642e+01
1.800000e-07	-5.449329e-06	-7.664962e-10	-3.792046e+01	-5.019520e+01
1.900000e-07	-5.442119e-06	-7.254236e-10	-3.787029e+01	-5.017242e+01
2.000000e-07	-5.434666e-06	-7.161410e-10	-3.781842e+01	-5.014788e+01
2.100000e-07	-5.426895e-06	-7.542495e-10	-3.776435e+01	-5.012141e+01
2.200000e-07	-5.418817e-06	-8.075744e-10	-3.770813e+01	-5.009286e+01
2.300000e-07	-5.410521e-06	-7.618333e-10	-3.765040e+01	-5.006206e+01
2.400000e-07	-5.401685e-06	-7.529655e-10	-3.758892e+01	-5.002888e+01
2.500000e-07	-5.392035e-06	-7.605176e-10	-3.752176e+01	-4.999321e+01
2.600000e-07	-5.381759e-06	-7.997935e-10	-3.745025e+01	-4.995493e+01
2.700000e-07	-5.370982e-06	-7.446179e-10	-3.737526e+01	-4.991396e+01
2.800000e-07	-5.359736e-06	-7.581769e-10	-3.729701e+01	-4.987020e+01
2.900000e-07	-5.348126e-06	-7.720950e-10	-3.721621e+01	-4.982362e+01
3.000000e-07	-5.336197e-06	-7.853350e-10	-3.713320e+01	-4.977414e+01
3.100000e-07	-5.323784e-06	-7.299537e-10	-3.704682e+01	-4.972175e+01
3.200000e-07	-5.310922e-06	-7.607310e-10	-3.695732e+01	-4.966642e+01
3.300000e-07	-5.297664e-06	-7.730486e-10	-3.686506e+01	-4.960815e+01
3.400000e-07	-5.284058e-06	-7.672750e-10	-3.677038e+01	-4.954694e+01
3.500000e-07	-5.270036e-06	-7.342703e-10	-3.667280e+01	-4.948280e+01
3.600000e-07	-5.255528e-06	-7.616162e-10	-3.657185e+01	-4.941578e+01
3.700000e-07	-5.240569e-06	-7.627187e-10	-3.646775e+01	-4.934590e+01
3.800000e-07	-5.225112e-06	-7.584608e-10	-3.636019e+01	-4.927321e+01
3.900000e-07	-5.209060e-06	-7.543120e-10	-3.624849e+01	-4.919777e+01
4.000000e-07	-5.192682e-06	-7.628288e-10	-3.613452e+01	-4.911965e+01
4.100000e-07	-5.176052e-06	-7.525699e-10	-3.601879e+01	-4.903890e+01
4.200000e-07	-5.158972e-06	-7.438816e-10	-3.589994e+01	-4.895561e+01
4.300000e-07	-5.141555e-06	-7.594112e-10	-3.577874e+01	-4.886986e+01
4.400000e-07	-5.123878e-06	-7.641817e-10	-3.565573e+01	-4.878171e+01
4.500000e-07	-5.105855e-06	-7.646218e-10	-3.553031e+01	-4.869126e+01
4.600000e-07	-5.087338e-06	-7.471708e-10	-3.540145e+01	-4.859859e+01
4.700000e-07	-5.068375e-06	-7.630808e-10	-3.526950e+01	-4.850378e+01
4.800000e-07	-5.049141e-06	-7.594589e-10	-3.513566e+01	-4.840691e+01
4.900000e-07	-5.029682e-06	-7.539694e-10	-3.500024e+01	-4.830806e+01
5.000000e-07	-5.010032e-06	-7.388710e-10	-3.486351e+01	-4.820732e+01
5.100000e-07	-4.990108e-06	-7.636862e-10	-3.472486e+01	-4.810476e+01
5.200000e-07	-4.969748e-06	-7.525061e-10	-3.458318e+01	-4.800045e+01
5.300000e-07	-4.949020e-06	-7.519715e-10	-3.443894e+01	-4.789446e+01
5.400000e-07	-4.928004e-06	-7.541238e-10	-3.429269e+01	-4.778685e+01
5.500000e-07	-4.906653e-06	-7.598670e-10	-3.414412e+01	-4.767769e+01
5.600000e-07	-4.884891e-06	-7.218693e-10	-3.399268e+01	-4.756703e+01
5.700000e-07	-4.862872e-06	-7.350463e-10	-3.383945e+01	-4.745492e+01
5.800000e-07	-4.840534e-06	-7.522648e-10	-3.368401e+01	-4.734140e+01
5.900000e-07	-4.817739e-06	-7.446316e-10	-3.352539e+01	-4.722652e+01
6.000000e-07	-4.794697e-06	-7.253042e-10	-3.336504e+01	-4.711032e+01
6.100000e-07	-4.771450e-06	-7.507835e-10	-3.320327e+01	-4.699282e+01
6.200000e-07	-4.747919e-06	-7.383384e-10	-3.303952e+01	-4.687405e+01
6.300000e-07	-4.724105e-06	-7.148321e-10	-3.287381e+01	-4.675404e+01
6.400000e-07	-4.699946e-06	-7.191796e-10	-3.270570e+01	-4.663281e+01
6.500000e-07	-4.675323e-06	-7.304426e-10	-3.253435e+01	-4.651037e+01
6.600000e-07	-4.650198e-06	-7.096498e-10	-3.235952e+01	-4.638675e+01
6.700000e-07	-4.624623e-06	-7.134800e-10	-3.218154e+01	-4.626194e+01
6.800000e-07	-4.598601e-06	-7.305987e-10	-3.200046e+01	-4.613596e+01
6.900000e-07	-4.572177e-06	-7.197396e-10	-3.181659e+01	-4.600883e+01
7.000000e-07	-4.545353e-06	-7.054233e-10	-3.162992e+01	-4.588054e+01
7.100000e-07	-4.518135e-06	-7.087166e-10	-3.144052e+01	-4.575110e+01
7.200000e-07	-4.490647e-06	-7.049924e-10	-3.124924e+01	-4.562053e+01
7.300000e-07	-4.462981e-06	-6.882690e-10	-3.105672e+01	-4.548881e+01
7.400000e-07	-4.435136e-06	-6.914738e-10	-3.086295e+01	-4.535598e+01
7.500000e-07	-4.407077e-06	-6.948748e-10	-3.066770e+01	-4.522201e+01
7.600000e-07	-4.378771e-06	-6.912864e-10	-3.047073e+01	-4.508694e+01
7.700000e-07	-4.350126e-06	-6.819473e-10	-3.027139e+01	-4.495076e+01
7.800000e-07	-4.321119e-06	-6.878351e-10	-3.006954e+01	-4.481348e+01
7.900000e-07	-4.291796e-06	-6.795711e-10	-2.986549e+01	-4.467511e+01
8.000000e-07	-4.262193e-06	-6.722635e-10	-2.965949e+01	-4.453567e+01
8.100000e-07	-4.232305e-06	-6.628480e-10	-2.945150e+01	-4.439515e+01
8.200000e-07	-4.202080e-06	-6.649150e-10	-2.924118e+01	-4.425359e+01
8.300000e-07	-4.171576e-06	-6.574312e-10	-2.902891e+01	-4.411098e+01
8.400000e-07	-4.140838e-06	-6.594278e-10	-2.881501e+01	-4.396734e+01
8.500000e-07	-4.109790e-06	-6.546019e-10	-2.859896e+01	-4.382268e+01
8.600000e-07	-4.078464e-06	-6.539798e-10	-2.838097e+01	-4.367701e+01
8.700000e-07	-4.046931e-06	-6.451528e-10	-2.816153e+01	-4.353034e+01
8.800000e-07	-4.015240e-06	-6.433435e-10	-2.794101e+01	-4.338268e+01
8.900000e-07	-3.983367e-06	-6.371466e-10	-2.771921e+01	-4.323403e+01
9.000000e-07	-3.951279e-06	-6.344329e-10	-2.749592e+01	-4.308439e+01
9.100000e-07	-3.918932e-06	-6.297428e-10	-2.727082e+01	-4.293377e+01
9.200000e-07	-3.886200e-06	-6.288025e-10	-2.704305e+01	-4.278217e+01
9.300000e-07	-3.853028e-06	-6.253436e-10	-2.681222e+01	-4.262956e+01
9.400000e-07	-3.819424e-06	-6.243415e-10	-2.657838e+01	-4.247594e+01
9.500000e-07	-3.785393e-06	-6.191549e-10	-2.634156e+01	-4.232129e+01
9.600000e-07	-3.750923e-06	-6.128674e-10	-2.610170e+01	-4.216559e+01
9.700000e-07	-3.716126e-06	-6.064641e-10	-2.585955e+01	-4.200880e+01
9.800000e-07	-3.681047e-06	-6.018061e-10	-2.561544e+01	-4.185088e+01
9.900000e-07	-3.645732e-06	-6.010931e-10	-2.536970e+01	-4.169179e+01
1.000000e-06	-3.610193e-06	-6.023578e-10	-2.512239e+01	-4.153148e+01
1.010000e-06	-3.574433e-06	-6.034104e-10	-2.487355e+01	-4.136988e+01
1.020000e-06	-3.538523e-06	-6.016271e-10	-2.462365e+01	-4.120694e+01
1.030000e-06	-3.502433e-06	-6.004937e-10	-2.437251e+01	-4.104256e+01
1.040000e-06	-3.466184e-06	-5.938982e-10	-2.412027e+01	-4.087667e+01
1.050000e-06	-3.429708e-06	-5.889073e-10	-2.386644e+01	-4.070918e+01
1.060000e-06	-3.392972e-06	-5.825264e-10	-2.361081e+01	-4.053998e+01
1.070000e-06	-3.355979e-06	-5.801974e-10	-2.335338e+01	-4.036896e+01
1.080000e-06	-3.318708e-06	-5.759768e-10	-2.309403e+01	-4.019601e+01
1.090000e-06	-3.281248e-06	-5.765064e-10	-2.283335e+01	-4.002101e+01
1.100000e-06	-3.243576e-06	-5.746660e-10	-2.257120e+01	-3.984383e+01
1.110000e-06	-3.205633e-06	-5.741317e-10	-2.230716e+01	-3.966432e+01
1.120000e-06	-3.167428e-06	-5.688741e-10	-2.204130e+01	-3.948236e+01
1.130000e-06	-3.128988e-06	-5.657111e-10	-2.177381e+01	-3.929778e+01
1.140000e-06	-3.090288e-06	-5.592463e-10	-2.150451e+01	-3.911043e+01
1.150000e-06	-3.051406e-06	-5.557226e-10	-2.123393e+01	-3.892017e+01
1.160000e-06	-3.012359e-06	-5.512409e-10	-2.096222e+01	-3.872682e+01
1.170000e-06	-2.973173e-06	-5.495825e-10	-2.068953e+01	-3.853022e+01
1.180000e-06	-2.933877e-06	-5.471056e-10	-2.041608e+01	-3.833021e+01
1.190000e-06	-2.894377e-06	-5.450704e-10	-2.014121e+01	-3.812662e+01
1.200000e-06	-2.854737e-06	-5.400061e-10	-1.986537e+01	-3.791927e+01
1.210000e-06	-2.814980e-06	-5.374836e-10	-1.958871e+01	-3.770801e+01
1.220000e-06	-2.775099e-06	-5.341410e-10	-1.931119e+01	-3.749265e+01
1.230000e-06	-2.735063e-06	-5.300822e-10	-1.903259e+01	-3.727303e+01
1.240000e-06	-2.694857e-06	-5.236556e-10	-1.875281e+01	-3.704898e+01
1.250000e-06	-2.654507e-06	-5.193128e-10	-1.847202e+01	-3.682033e+01
1.260000e-06	-2.613830e-06	-5.164269e-10	-1.818896e+01	-3.658691e+01
1.270000e-06	-2.572716e-06	-5.107643e-10	-1.790286e+01	-3.634858e+01
1.280000e-06	-2.531249e-06	-5.072767e-10	-1.761430e+01	-3.610515e+01
1.290000e-06	-2.489571e-06	-5.037914e-10	-1.732428e+01	-3.585649e+01
1.300000e-06	-2.447660e-06	-4.999378e-10	-1.703263e+01	-3.560242e+01
1.310000e-06	-2.405481e-06	-4.943728e-10	-1.673911e+01	-3.534279e+01
1.320000e-06	-2.363070e-06	-4.887950e-10	-1.644399e+01	-3.507747e+01
1.330000e-06	-2.320416e-06	-4.833611e-10	-1.614717e+01	-3.480629e+01
1.340000e-06	-2.277521e-06	-4.789413e-10	-1.584867e+01	-3.452911e+01
1.350000e-06	-2.234342e-06	-4.740623e-10	-1.554820e+01	-3.424579e+01
1.360000e-06	-2.191005e-06	-4.690177e-10	-1.524663e+01	-3.395617e+01
1.370000e-06	-2.147548e-06	-4.649614e-10	-1.494422e+01	-3.366013e+01
1.380000e-06	-2.103987e-06	-4.636995e-10	-1.464109e+01	-3.335752e+01
1.390000e-06	-2.060415e-06	-4.597766e-10	-1.433789e+01	-3.304819e+01
1.400000e-06	-2.016748e-06	-4.555725e-10	-1.403402e+01	-3.273199e+01
1.410000e-06	-1.972972e-06	-4.502437e-10	-1.372940e+01	-3.240879e+01
1.420000e-06	-1.929111e-06	-4.452694e-10	-1.342418e+01	-3.207843e+01
1.430000e-06	-1.885135e-06	-4.379920e-10	-1.311816e+01	-3.174077e+01
1.440000e-06	-1.841024e-06	-4.310858e-10	-1.281121e+01	-3.139563e+01
1.450000e-06	-1.796787e-06	-4.243779e-10	-1.250337e+01	-3.104288e+01
1.460000e-06	-1.752442e-06	-4.193602e-10	-1.219479e+01	-3.068233e+01
1.470000e-06	-1.708008e-06	-4.124565e-10	-1.188558e+01	-3.031381e+01
1.480000e-06	-1.663484e-06	-4.036666e-10	-1.157575e+01	-2.993716e+01
1.490000e-06	-1.618832e-06	-3.944087e-10	-1.126503e+01	-2.955218e+01
1.500000e-06	-1.574003e-06	-3.882381e-10	-1.095308e+01	-2.915867e+01
1.510000e-06	-1.529026e-06	-3.846413e-10	-1.064009e+01	-2.875645e+01
1.520000e-06	-1.483944e-06	-3.820849e-10	-1.032638e+01	-2.834529e+01
1.530000e-06	-1.438790e-06	-3.783199e-10	-1.001217e+01	-2.792499e+01
1.540000e-06	-1.393528e-06	-3.730472e-10	-9.697200e+00	-2.749531e+01
1.550000e-06	-1.348116e-06	-3.644304e-10	-9.381186e+00	-2.705603e+01
1.560000e-06	-1.302589e-06	-3.555753e-10	-9.064375e+00	-2.660691e+01
1.570000e-06	-1.257008e-06	-3.473077e-10	-8.747193e+00	-2.614769e+01
1.580000e-06	-1.211395e-06	-3.423820e-10	-8.429784e+00	-2.567813e+01
1.590000e-06	-1.165713e-06	-3.399079e-10	-8.111892e+00	-2.519796e+01
1.600000e-06	-1.119941e-06	-3.373808e-10	-7.793377e+00	-2.470693e+01
1.610000e-06	-1.074097e-06	-3.312020e-10	-7.474361e+00	-2.420476e+01
1.620000e-06	-1.028176e-06	-3.241723e-10	-7.154807e+00	-2.369118e+01
1.630000e-06	-9.822143e-07	-3.203757e-10	-6.834973e+00	-2.316594e+01
1.640000e-06	-9.362297e-07	-3.168978e-10	-6.514978e+00	-2.262875e+01
1.650000e-06	-8.901534e-07	-3.112059e-10	-6.194345e+00	-2.207935e+01
1.660000e-06	-8.439752e-07	-3.020911e-10	-5.873003e+00	-2.151748e+01
1.670000e-06	-7.977383e-07	-2.915889e-10	-5.551253e+00	-2.094289e+01
1.680000e-06	-7.514072e-07	-2.794038e-10	-5.228846e+00	-2.035532e+01
1.690000e-06	-7.049019e-07	-2.710735e-10	-4.905228e+00	-1.975455e+01
1.700000e-06	-6.583339e-07	-2.630542e-10	-4.581173e+00	-1.914035e+01
1.710000e-06	-6.118064e-07	-2.561159e-10	-4.257401e+00	-1.851251e+01
1.720000e-06	-5.652867e-07	-2.453388e-10	-3.933683e+00	-1.787084e+01
1.730000e-06	-5.187504e-07	-2.313435e-10	-3.609848e+00	-1.721518e+01
1.740000e-06	-4.721456e-07	-2.171624e-10	-3.285538e+00	-1.654537e+01
1.750000e-06	-4.254657e-07	-2.037750e-10	-2.960705e+00	-1.586130e+01
1.760000e-06	-3.787796e-07	-1.928404e-10	-2.635829e+00	-1.516288e+01
1.770000e-06	-3.321264e-07	-1.859435e-10	-2.311181e+00	-1.445003e+01
1.780000e-06	-2.855017e-07	-1.810859e-10	-1.986732e+00	-1.372273e+01
1.790000e-06	-2.388619e-07	-1.743722e-10	-1.662178e+00	-1.298097e+01
1.800000e-06	-1.921431e-07	-1.604324e-10	-1.337074e+00	-1.222480e+01
1.810000e-06	-1.453491e-07	-1.440616e-10	-1.011446e+00	-1.145428e+01
1.820000e-06	-9.851448e-08	-1.302542e-10	-6.855365e-01	-1.066954e+01
1.830000e-06	-5.175260e-08	-1.218747e-10	-3.601328e-01	-9.870724e+00
1.840000e-06	-5.023811e-09	-1.131291e-10	-3.495939e-02	-9.058029e+00
1.850000e-06	4.175353e-08	-1.029572e-10	2.905519e-01	-8.231697e+00
1.860000e-06	8.850827e-08	-9.404357e-11	6.159059e-01	-7.392010e+00
1.870000e-06	1.353224e-07	-8.155407e-11	9.416734e-01	-6.539296e+00
1.880000e-06	1.821717e-07	-6.439059e-11	1.267686e+00	-5.673927e+00
1.890000e-06	2.289444e-07	-4.661899e-11	1.593164e+00	-4.796320e+00
1.900000e-06	2.756252e-07	-3.189554e-11	1.918004e+00	-3.906936e+00
1.910000e-06	3.223162e-07	-2.106564e-11	2.242914e+00	-3.006280e+00
1.920000e-06	3.690325e-07	-1.334659e-11	2.568001e+00	-2.094900e+00
1.930000e-06	4.156957e-07	-6.732612e-12	2.892718e+00	-1.173386e+00
1.940000e-06	4.623598e-07	3.684036e-12	3.217441e+00	-2.423689e-01
1.950000e-06	5.089828e-07	1.842321e-11	3.541878e+00	6.974813e-01
1.960000e-06	5.555063e-07	3.405975e-11	3.865623e+00	1.645458e+00
1.970000e-06	6.019842e-07	4.955650e-11	4.189051e+00	2.600818e+00
1.980000e-06	6.483991e-07	6.446481e-11	4.512040e+00	3.562788e+00
1.990000e-06	6.947260e-07	8.204566e-11	4.834417e+00	4.530563e+00
2.000000e-06	7.410386e-07	9.376604e-11	5.156694e+00	5.503310e+00
2.010000e-06	7.872980e-07	1.048507e-10	5.478601e+00	6.480172e+00
2.020000e-06	8.334443e-07	1.175872e-10	5.799721e+00	7.460272e+00
2.030000e-06	8.796072e-07	1.325447e-10	6.120957e+00	8.442714e+00
2.040000e-06	9.257758e-07	1.473377e-10	6.442232e+00	9.426587e+00
2.050000e-06	9.717863e-07	1.641314e-10	6.762407e+00	1.041097e+01
2.060000e-06	1.017647e-06	1.814689e-10	7.081540e+00	1.139493e+01
2.070000e-06	1.063500e-06	1.976603e-10	7.400620e+00	1.237754e+01
2.080000e-06	1.109301e-06	2.124411e-10	7.719336e+00	1.335787e+01
2.090000e-06	1.155017e-06	2.252958e-10	8.037462e+00	1.433498e+01
2.100000e-06	1.200649e-06	2.387760e-10	8.355001e+00	1.530795e+01
2.110000e-06	1.246218e-06	2.515016e-10	8.672108e+00	1.627588e+01
2.120000e-06	1.291742e-06	2.655840e-10	8.988895e+00	1.723786e+01
2.130000e-06	1.337132e-06	2.815102e-10	9.304753e+00	1.819301e+01
2.140000e-06	1.382434e-06	2.971308e-10	9.619997e+00	1.914048e+01
2.150000e-06	1.427663e-06	3.122869e-10	9.934737e+00	2.007942e+01
2.160000e-06	1.472784e-06	3.262862e-10	1.024872e+01	2.100904e+01
2.170000e-06	1.517723e-06	3.365775e-10	1.056144e+01	2.192856e+01
2.180000e-06	1.562600e-06	3.485103e-10	1.087373e+01	2.283722e+01
2.190000e-06	1.607436e-06	3.606452e-10	1.118573e+01	2.373432e+01
2.200000e-06	1.652031e-06	3.724286e-10	1.149605e+01	2.461919e+01
2.210000e-06	1.696477e-06	3.848528e-10	1.180534e+01	2.549119e+01
2.220000e-06	1.740821e-06	3.976998e-10	1.211392e+01	2.634973e+01
2.230000e-06	1.785068e-06	4.095334e-10	1.242182e+01	2.719425e+01
2.240000e-06	1.829266e-06	4.167339e-10	1.272939e+01	2.802424e+01
2.250000e-06	1.873308e-06	4.234904e-10	1.303586e+01	2.883925e+01
2.260000e-06	1.917203e-06	4.320025e-10	1.334132e+01	2.963886e+01
2.270000e-06	1.961025e-06	4.433515e-10	1.364626e+01	3.042268e+01
2.280000e-06	2.004790e-06	4.572652e-10	1.395081e+01	3.119038e+01
2.290000e-06	2.048478e-06	4.728869e-10	1.425482e+01	3.194170e+01
2.300000e-06	2.092065e-06	4.862620e-10	1.455813e+01	3.267637e+01
2.310000e-06	2.135554e-06	4.938593e-10	1.486076e+01	3.339422e+01
2.320000e-06	2.178953e-06	5.010770e-10	1.516276e+01	3.409508e+01
2.330000e-06	2.222257e-06	5.073508e-10	1.546410e+01	3.477885e+01
2.340000e-06	2.265434e-06	5.145176e-10	1.576456e+01	3.544546e+01
2.350000e-06	2.308409e-06	5.264355e-10	1.606361e+01	3.609488e+01
2.360000e-06	2.351127e-06	5.424504e-10	1.636088e+01	3.672711e+01
2.370000e-06	2.393640e-06	5.565875e-10	1.665672e+01	3.734220e+01
2.380000e-06	2.435927e-06	5.671886e-10	1.695098e+01	3.794023e+01
2.390000e-06	2.477836e-06	5.752772e-10	1.724261e+01	3.852131e+01
2.400000e-06	2.519228e-06	5.814649e-10	1.753065e+01	3.908559e+01
2.410000e-06	2.560345e-06	5.854206e-10	1.781677e+01	3.963322e+01
2.420000e-06	2.601332e-06	5.916228e-10	1.810199e+01	4.016442e+01
2.430000e-06	2.642013e-06	6.004489e-10	1.838508e+01	4.067940e+01
2.440000e-06	2.682403e-06	6.085821e-10	1.866614e+01	4.117840e+01
2.450000e-06	2.722613e-06	6.133267e-10	1.894595e+01	4.166168e+01
2.460000e-06	2.762687e-06	6.207659e-10	1.922482e+01	4.212952e+01
2.470000e-06	2.802592e-06	6.326676e-10	1.950251e+01	4.258223e+01
2.480000e-06	2.842357e-06	6.454569e-10	1.977922e+01	4.302009e+01
2.490000e-06	2.882034e-06	6.560464e-10	2.005532e+01	4.344344e+01
2.500000e-06	2.921606e-06	6.585940e-10	2.033069e+01	4.385261e+01
2.510000e-06	2.960965e-06	6.581002e-10	2.060458e+01	4.424792e+01
2.520000e-06	3.000119e-06	6.594280e-10	2.087704e+01	4.462972e+01
2.530000e-06	3.039136e-06	6.633221e-10	2.114855e+01	4.499836e+01
2.540000e-06	3.077991e-06	6.701698e-10	2.141893e+01	4.535418e+01
2.550000e-06	3.116622e-06	6.799836e-10	2.168776e+01	4.569754e+01
2.560000e-06	3.154982e-06	6.911268e-10	2.195470e+01	4.602878e+01
2.570000e-06	3.193073e-06	6.991871e-10	2.221976e+01	4.634825e+01
2.580000e-06	3.230938e-06	7.028291e-10	2.248325e+01	4.665631e+01
2.590000e-06	3.268621e-06	7.039762e-10	2.274548e+01	4.695328e+01
2.600000e-06	3.306046e-06	7.037047e-10	2.300591e+01	4.723952e+01
2.610000e-06	3.343270e-06	7.030619e-10	2.326494e+01	4.751535e+01
2.620000e-06	3.380391e-06	7.026723e-10	2.352326e+01	4.778110e+01
2.630000e-06	3.417254e-06	7.081277e-10	2.377978e+01	4.803711e+01
2.640000e-06	3.453825e-06	7.147630e-10	2.403427e+01	4.828368e+01
2.650000e-06	3.490103e-06	7.214862e-10	2.428671e+01	4.852112e+01
2.660000e-06	3.526102e-06	7.262409e-10	2.453722e+01	4.874975e+01
2.670000e-06	3.561987e-06	7.276123e-10	2.478693e+01	4.896986e+01
2.680000e-06	3.597718e-06	7.277167e-10	2.503558e+01	4.918173e+01
2.690000e-06	3.633272e-06	7.302886e-10	2.528299e+01	4.938565e+01
2.700000e-06	3.668740e-06	7.339085e-10	2.552981e+01	4.958191e+01
2.710000e-06	3.704053e-06	7.352062e-10	2.577554e+01	4.977076e+01
2.720000e-06	3.739097e-06	7.384060e-10	2.601940e+01	4.995246e+01
2.730000e-06	3.773831e-06	7.431312e-10	2.626110e+01	5.012728e+01
2.740000e-06	3.808188e-06	7.466994e-10	2.650019e+01	5.029546e+01
2.750000e-06	3.842105e-06	7.473537e-10	2.673621e+01	5.045724e+01
2.760000e-06	3.875547e-06	7.457850e-10	2.696892e+01	5.061286e+01
2.770000e-06	3.908492e-06	7.471498e-10	2.719818e+01	5.076254e+01
2.780000e-06	3.941047e-06	7.514509e-10	2.742471e+01	5.090650e+01
2.790000e-06	3.973307e-06	7.567014e-10	2.764920e+01	5.104495e+01
2.800000e-06	4.005294e-06	7.635205e-10	2.787179e+01	5.117810e+01
2.810000e-06	4.037049e-06	7.675949e-10	2.809277e+01	5.130614e+01
2.820000e-06	4.068614e-06	7.680294e-10	2.831242e+01	5.142928e+01
2.830000e-06	4.100029e-06	7.656887e-10	2.853103e+01	5.154768e+01
2.840000e-06	4.131299e-06	7.653360e-10	2.874863e+01	5.166152e+01
2.850000e-06	4.162257e-06	7.677030e-10	2.896406e+01	5.177098e+01
2.860000e-06	4.192811e-06	7.714787e-10	2.917668e+01	5.187621e+01
2.870000e-06	4.223037e-06	7.755787e-10	2.938701e+01	5.197736e+01
2.880000e-06	4.252928e-06	7.799349e-10	2.959501e+01	5.207457e+01
2.890000e-06	4.282562e-06	7.847231e-10	2.980123e+01	5.216797e+01
2.900000e-06	4.311998e-06	7.876670e-10	3.000607e+01	5.225770e+01
2.910000e-06	4.341180e-06	7.869355e-10	3.020914e+01	5.234386e+01
2.920000e-06	4.370097e-06	7.856926e-10	3.041036e+01	5.242655e+01
2.930000e-06	4.398698e-06	7.868151e-10	3.060939e+01	5.250587e+01
2.940000e-06	4.426936e-06	7.903396e-10	3.080589e+01	5.258191e+01
2.950000e-06	4.454897e-06	7.940071e-10	3.100047e+01	5.265473e+01
2.960000e-06	4.482626e-06	7.987135e-10	3.119342e+01	5.272440e+01
2.970000e-06	4.510160e-06	8.029383e-10	3.138503e+01	5.279098e+01
2.980000e-06	4.537512e-06	8.065556e-10	3.157536e+01	5.285450e+01
2.990000e-06	4.564667e-06	8.078180e-10	3.176433e+01	5.291499e+01
3.000000e-06	4.591502e-06	8.064227e-10	3.195106e+01	5.297249e+01
3.010000e-06	4.617860e-06	8.019496e-10	3.213448e+01	5.302699e+01
3.020000e-06	4.643716e-06	7.982310e-10	3.231441e+01	5.307851e+01
3.030000e-06	4.668926e-06	8.011662e-10	3.248984e+01	5.312702e+01
3.040000e-06	4.693524e-06	8.046328e-10	3.266101e+01	5.317253e+01
3.050000e-06	4.717711e-06	8.068092e-10	3.282932e+01	5.321499e+01
3.060000e-06	4.741582e-06	8.090965e-10	3.299543e+01	5.325438e+01
3.070000e-06	4.765207e-06	8.100463e-10	3.315983e+01	5.329067e+01
3.080000e-06	4.788587e-06	8.078941e-10	3.332253e+01	5.332380e+01
3.090000e-06	4.811651e-06	8.068368e-10	3.348302e+01	5.335372e+01
3.100000e-06	4.834453e-06	8.063549e-10	3.364169e+01	5.338038e+01
3.110000e-06	4.857020e-06	8.045779e-10	3.379874e+01	5.340372e+01
3.120000e-06	4.879208e-06	8.037934e-10	3.395314e+01	5.342369e+01
3.130000e-06	4.900951e-06	8.061494e-10	3.410444e+01	5.344021e+01
3.140000e-06	4.922361e-06	8.102348e-10	3.425342e+01	5.345324e+01
3.150000e-06	4.943506e-06	8.145558e-10	3.440057e+01	5.346271e+01
3.160000e-06	4.964330e-06	8.189773e-10	3.454548e+01	5.346856e+01
3.170000e-06	4.984786e-06	8.196086e-10	3.468783e+01	5.347075e+01
3.180000e-06	5.004906e-06	8.149855e-10	3.482783e+01	5.346922e+01
3.190000e-06	5.024774e-06	8.120889e-10	3.496609e+01	5.346394e+01
3.200000e-06	5.044412e-06	8.107802e-10	3.510274e+01	5.345487e+01
3.210000e-06	5.063779e-06	8.114069e-10	3.523752e+01	5.344199e+01
3.220000e-06	5.082862e-06	8.147843e-10	3.537031e+01	5.342529e+01
3.230000e-06	5.101642e-06	8.161076e-10	3.550099e+01	5.340475e+01
3.240000e-06	5.119967e-06	8.134340e-10	3.562851e+01	5.338040e+01
3.250000e-06	5.137836e-06	8.076772e-10	3.575286e+01	5.335226e+01
3.260000e-06	5.155304e-06	8.041713e-10	3.587441e+01	5.332035e+01
3.270000e-06	5.172318e-06	8.058827e-10	3.599281e+01	5.328473e+01
3.280000e-06	5.188941e-06	8.131366e-10	3.610849e+01	5.324547e+01
3.290000e-06	5.205246e-06	8.196984e-10	3.622194e+01	5.320264e+01
3.300000e-06	5.221200e-06	8.208688e-10	3.633297e+01	5.315633e+01
3.310000e-06	5.236835e-06	8.192234e-10	3.644176e+01	5.310667e+01
3.320000e-06	5.252025e-06	8.151229e-10	3.654747e+01	5.305377e+01
3.330000e-06	5.266694e-06	8.089832e-10	3.664954e+01	5.299778e+01
3.340000e-06	5.280931e-06	8.053502e-10	3.674862e+01	5.293885e+01
3.350000e-06	5.294761e-06	8.068581e-10	3.684486e+01	5.287715e+01
3.360000e-06	5.308250e-06	8.139293e-10	3.693872e+01	5.281287e+01
3.370000e-06	5.321409e-06	8.222592e-10	3.703030e+01	5.274621e+01
3.380000e-06	5.334185e-06	8.269585e-10	3.711920e+01	5.267738e+01
3.390000e-06	5.346526e-06	8.268583e-10	3.720508e+01	5.260659e+01
3.400000e-06	5.358447e-06	8.243255e-10	3.728804e+01	5.253408e+01
3.410000e-06	5.370021e-06	8.211959e-10	3.736858e+01	5.246010e+01
3.420000e-06	5.381287e-06	8.200393e-10	3.744697e+01	5.238487e+01
3.430000e-06	5.392099e-06	8.206194e-10	3.752221e+01	5.230867e+01
3.440000e-06	5.402337e-06	8.218417e-10	3.759345e+01	5.223174e+01
3.450000e-06	5.412003e-06	8.226090e-10	3.766072e+01	5.215434e+01
3.460000e-06	5.421148e-06	8.218457e-10	3.772435e+01	5.207674e+01
3.470000e-06	5.429792e-06	8.221619e-10	3.778450e+01	5.199919e+01
3.480000e-06	5.437936e-06	8.224812e-10	3.784118e+01	5.192195e+01
3.490000e-06	5.445692e-06	8.232086e-10	3.789515e+01	5.184526e+01
3.500000e-06	5.453228e-06	8.222246e-10	3.794759e+01	5.176939e+01
3.510000e-06	5.460513e-06	8.205212e-10	3.799829e+01	5.169455e+01
3.520000e-06	5.467488e-06	8.187583e-10	3.804682e+01	5.162098e+01
3.530000e-06	5.474113e-06	8.175802e-10	3.809292e+01	5.154890e+01
3.540000e-06	5.480267e-06	8.156775e-10	3.813575e+01	5.147851e+01
3.550000e-06	5.485988e-06	8.139763e-10	3.817556e+01	5.140999e+01
3.560000e-06	5.491321e-06	8.161307e-10	3.821267e+01	5.134351e+01
3.570000e-06	5.496212e-06	8.208210e-10	3.824670e+01	5.127924e+01
3.580000e-06	5.500765e-06	8.231351e-10	3.827839e+01	5.121731e+01
3.590000e-06	5.505050e-06	8.218732e-10	3.830820e+01	5.115783e+01
3.600000e-06	5.509006e-06	8.202880e-10	3.833573e+01	5.110091e+01
3.610000e-06	5.512705e-06	8.197290e-10	3.836147e+01	5.104663e+01
3.620000e-06	5.516144e-06	8.179604e-10	3.838540e+01	5.099502e+01
3.630000e-06	5.519218e-06	8.164321e-10	3.840680e+01	5.094614e+01
3.640000e-06	5.521911e-06	8.166025e-10	3.842553e+01	5.090000e+01
3.650000e-06	5.524073e-06	8.190229e-10	3.844058e+01	5.085657e+01
3.660000e-06	5.525559e-06	8.229593e-10	3.845092e+01	5.081584e+01
3.670000e-06	5.526437e-06	8.249932e-10	3.845703e+01	5.077776e+01
3.680000e-06	5.526837e-06	8.260907e-10	3.845981e+01	5.074224e+01
3.690000e-06	5.526864e-06	8.267961e-10	3.846000e+01	5.070919e+01
3.700000e-06	5.526574e-06	8.271794e-10	3.845798e+01	5.067851e+01
3.710000e-06	5.526020e-06	8.254733e-10	3.845413e+01	5.065006e+01
3.720000e-06	5.525159e-06	8.226458e-10	3.844814e+01	5.062370e+01
3.730000e-06	5.523950e-06	8.240969e-10	3.843973e+01	5.059926e+01
3.740000e-06	5.522412e-06	8.282037e-10	3.842902e+01	5.057657e+01
3.750000e-06	5.520521e-06	8.266295e-10	3.841586e+01	5.055543e+01
3.760000e-06	5.518234e-06	8.125148e-10	3.839995e+01	5.053564e+01
3.770000e-06	5.515521e-06	7.928139e-10	3.838107e+01	5.051700e+01
3.780000e-06	5.512411e-06	7.942837e-10	3.835943e+01	5.049927e+01
3.790000e-06	5.508892e-06	8.017972e-10	3.833494e+01	5.048224e+01
3.800000e-06	5.504927e-06	8.053632e-10	3.830735e+01	5.046568e+01
3.810000e-06	5.500635e-06	8.340953e-10	3.827749e+01	5.044935e+01
3.820000e-06	5.496188e-06	7.799304e-10	3.824654e+01	5.043301e+01
3.830000e-06	5.491491e-06	7.863197e-10	3.821385e+01	5.041643e+01
3.840000e-06	5.486391e-06	8.050426e-10	3.817836e+01	5.039938e+01
3.850000e-06	5.480871e-06	8.199827e-10	3.813995e+01	5.038163e+01
3.860000e-06	5.474909e-06	8.099892e-10	3.809846e+01	5.036295e+01
3.870000e-06	5.468470e-06	7.525487e-10	3.805366e+01	5.034313e+01
3.880000e-06	5.461335e-06	8.193632e-10	3.800400e+01	5.032197e+01
3.890000e-06	5.453632e-06	8.342946e-10	3.795040e+01	5.029925e+01
3.900000e-06	5.445685e-06	8.040351e-10	3.789510e+01	5.027480e+01
3.910000e-06	5.437361e-06	7.102850e-10	3.783718e+01	5.024844e+01
3.920000e-06	5.428581e-06	7.826985e-10	3.777607e+01	5.021999e+01
3.930000e-06	5.419487e-06	8.459762e-10	3.771280e+01	5.018932e+01
3.940000e-06	5.410199e-06	7.986236e-10	3.764816e+01	5.015628e+01
3.950000e-06	5.400540e-06	7.152366e-10	3.758095e+01	5.012076e+01
3.960000e-06	5.390432e-06	7.729698e-10	3.751061e+01	5.008263e+01
3.970000e-06	5.380015e-06	8.352041e-10	3.743812e+01	5.004182e+01
3.980000e-06	5.369303e-06	7.619979e-10	3.736358e+01	4.999824e+01
3.990000e-06	5.358089e-06	7.158571e-10	3.728554e+01	4.995182e+01
4.000000e-06	5.346351e-06	7.693278e-10	3.720386e+01	4.990252e+01
4.010000e-06	5.334344e-06	7.898792e-10	3.712031e+01	4.985031e+01
4.020000e-06	5.321929e-06	6.864975e-10	3.703391e+01	4.979516e+01
4.030000e-06	5.308925e-06	6.921520e-10	3.694342e+01	4.973706e+01
4.040000e-06	5.295495e-06	7.542389e-10	3.684997e+01	4.967603e+01
4.050000e-06	5.281619e-06	7.541865e-10	3.675340e+01	4.961207e+01
4.060000e-06	5.267113e-06	6.639365e-10	3.665247e+01	4.954522e+01
4.070000e-06	5.252015e-06	7.043999e-10	3.654740e+01	4.947551e+01
4.080000e-06	5.236476e-06	7.473096e-10	3.643927e+01	4.940299e+01
4.090000e-06	5.220576e-06	7.294837e-10	3.632862e+01	4.932771e+01
4.100000e-06	5.204282e-06	6.780253e-10	3.621524e+01	4.924974e+01
4.110000e-06	5.187722e-06	7.154418e-10	3.610000e+01	4.916914e+01
4.120000e-06	5.170911e-06	7.289159e-10	3.598302e+01	4.908600e+01
4.130000e-06	5.153719e-06	7.099940e-10	3.586338e+01	4.900038e+01
4.140000e-06	5.136169e-06	6.934229e-10	3.574126e+01	4.891236e+01
4.150000e-06	5.118307e-06	7.175503e-10	3.561696e+01	4.882203e+01
4.160000e-06	5.100046e-06	7.161117e-10	3.548989e+01	4.872948e+01
4.170000e-06	5.081437e-06	7.002349e-10	3.536039e+01	4.863477e+01
4.180000e-06	5.062527e-06	7.005979e-10	3.522880e+01	4.853801e+01
4.190000e-06	5.043238e-06	7.173426e-10	3.509458e+01	4.843926e+01
4.200000e-06	5.023560e-06	7.108565e-10	3.495764e+01	4.833861e+01
4.210000e-06	5.003632e-06	6.874652e-10	3.481897e+01	4.823613e+01
4.220000e-06	4.983475e-06	6.998280e-10	3.467870e+01	4.813189e+01
4.230000e-06	4.962988e-06	7.036000e-10	3.453614e+01	4.802597e+01
4.240000e-06	4.942220e-06	6.876359e-10	3.439162e+01	4.791843e+01
4.250000e-06	4.921151e-06	6.853931e-10	3.424500e+01	4.780933e+01
4.260000e-06	4.899675e-06	7.057842e-10	3.409556e+01	4.769873e+01
4.270000e-06	4.877680e-06	6.757559e-10	3.394250e+01	4.758667e+01
4.280000e-06	4.855111e-06	6.759546e-10	3.378545e+01	4.747320e+01
4.290000e-06	4.831979e-06	7.063342e-10	3.362448e+01	4.735837e+01
4.300000e-06	4.808316e-06	7.006850e-10	3.345981e+01	4.724220e+01
4.310000e-06	4.784338e-06	6.605073e-10	3.329296e+01	4.712475e+01
4.320000e-06	4.760183e-06	6.934059e-10	3.312487e+01	4.700602e+01
4.330000e-06	4.735754e-06	7.017074e-10	3.295487e+01	4.688604e+01
4.340000e-06	4.711067e-06	6.680718e-10	3.278308e+01	4.676485e+01
4.350000e-06	4.686113e-06	6.607516e-10	3.260944e+01	4.664244e+01
4.360000e-06	4.660765e-06	6.902302e-10	3.243304e+01	4.651885e+01
4.370000e-06	4.635086e-06	6.700859e-10	3.225435e+01	4.639407e+01
4.380000e-06	4.609181e-06	6.642600e-10	3.207408e+01	4.626813e+01
4.390000e-06	4.582972e-06	6.835358e-10	3.189170e+01	4.614102e+01
4.400000e-06	4.556407e-06	6.880654e-10	3.170685e+01	4.601276e+01
4.410000e-06	4.529530e-06	6.666458e-10	3.151982e+01	4.588336e+01
4.420000e-06	4.502334e-06	6.684882e-10	3.133057e+01	4.575281e+01
4.430000e-06	4.474776e-06	6.724911e-10	3.113879e+01	4.562113e+01
4.440000e-06	4.446915e-06	6.688942e-10	3.094492e+01	4.548831e+01
4.450000e-06	4.418846e-06	6.659368e-10	3.074960e+01	4.535438e+01
4.460000e-06	4.390580e-06	6.714485e-10	3.055290e+01	4.521933e+01
4.470000e-06	4.362120e-06	6.715583e-10	3.035485e+01	4.508317e+01
4.480000e-06	4.333402e-06	6.693984e-10	3.015501e+01	4.494592e+01
4.490000e-06	4.304384e-06	6.718589e-10	2.995308e+01	4.480758e+01
4.500000e-06	4.275017e-06	6.707653e-10	2.974872e+01	4.466815e+01
4.510000e-06	4.245152e-06	6.646127e-10	2.954090e+01	4.452766e+01
4.520000e-06	4.214761e-06	6.594304e-10	2.932942e+01	4.438612e+01
4.530000e-06	4.183869e-06	6.682794e-10	2.911445e+01	4.424353e+01
4.540000e-06	4.152543e-06	6.692412e-10	2.889646e+01	4.409991e+01
4.550000e-06	4.120869e-06	6.645902e-10	2.867605e+01	4.395527e+01
4.560000e-06	4.088942e-06	6.565873e-10	2.845388e+01	4.380961e+01
4.570000e-06	4.056803e-06	6.581286e-10	2.823023e+01	4.366296e+01
4.580000e-06	4.024460e-06	6.567728e-10	2.800517e+01	4.351532e+01
4.590000e-06	3.991866e-06	6.570096e-10	2.777836e+01	4.336668e+01
4.600000e-06	3.959028e-06	6.519393e-10	2.754984e+01	4.321706e+01
4.610000e-06	3.925914e-06	6.523958e-10	2.731941e+01	4.306646e+01
4.620000e-06	3.892515e-06	6.449151e-10	2.708700e+01	4.291487e+01
4.630000e-06	3.858869e-06	6.441748e-10	2.685286e+01	4.276228e+01
4.640000e-06	3.824961e-06	6.464065e-10	2.661690e+01	4.260868e+01
4.650000e-06	3.790828e-06	6.459141e-10	2.637938e+01	4.245405e+01
4.660000e-06	3.756454e-06	6.360641e-10	2.614019e+01	4.229837e+01
4.670000e-06	3.721856e-06	6.387946e-10	2.589942e+01	4.214160e+01
4.680000e-06	3.686991e-06	6.426499e-10	2.565681e+01	4.198372e+01
4.690000e-06	3.651818e-06	6.458949e-10	2.541205e+01	4.182466e+01
4.700000e-06	3.616438e-06	6.465431e-10	2.516585e+01	4.166439e+01
4.710000e-06	3.580825e-06	6.465803e-10	2.491802e+01	4.150284e+01
4.720000e-06	3.544876e-06	6.413245e-10	2.466786e+01	4.133994e+01
4.730000e-06	3.508785e-06	6.394754e-10	2.441672e+01	4.117562e+01
4.740000e-06	3.472644e-06	6.385109e-10	2.416522e+01	4.100979e+01
4.750000e-06	3.436349e-06	6.340185e-10	2.391266e+01	4.084237e+01
4.760000e-06	3.399850e-06	6.302968e-10	2.365867e+01	4.067325e+01
4.770000e-06	3.363060e-06	6.291877e-10	2.340266e+01	4.050232e+01
4.780000e-06	3.326037e-06	6.281816e-10	2.314503e+01	4.032947e+01
4.790000e-06	3.288838e-06	6.259733e-10	2.288617e+01	4.015458e+01
4.800000e-06	3.251304e-06	6.272638e-10	2.262497e+01	3.997752e+01
4.810000e-06	3.213297e-06	6.274724e-10	2.236050e+01	3.979814e+01
4.820000e-06	3.174836e-06	6.231225e-10	2.209286e+01	3.961632e+01
4.830000e-06	3.136103e-06	6.151342e-10	2.182332e+01	3.943190e+01
4.840000e-06	3.097052e-06	6.099384e-10	2.155158e+01	3.924472e+01
4.850000e-06	3.057716e-06	6.020820e-10	2.127785e+01	3.905464e+01
4.860000e-06	3.018094e-06	5.959804e-10	2.100213e+01	3.886149e+01
4.870000e-06	2.978230e-06	5.916611e-10	2.072472e+01	3.866510e+01
4.880000e-06	2.938206e-06	5.940745e-10	2.044621e+01	3.846532e+01
4.890000e-06	2.898010e-06	5.947501e-10	2.016649e+01	3.826196e+01
4.900000e-06	2.857714e-06	5.939678e-10	1.988608e+01	3.805487e+01
4.910000e-06	2.817285e-06	5.880531e-10	1.960475e+01	3.784387e+01
4.920000e-06	2.776744e-06	5.816366e-10	1.932264e+01	3.762880e+01
4.930000e-06	2.736052e-06	5.752472e-10	1.903947e+01	3.740947e+01
4.940000e-06	2.695159e-06	5.713531e-10	1.875491e+01	3.718573e+01
4.950000e-06	2.654032e-06	5.655880e-10	1.846871e+01	3.695740e+01
4.960000e-06	2.612712e-06	5.635974e-10	1.818118e+01	3.672433e+01
4.970000e-06	2.571211e-06	5.631633e-10	1.789239e+01	3.648634e+01
4.980000e-06	2.529562e-06	5.625183e-10	1.760256e+01	3.624328e+01
4.990000e-06	2.487842e-06	5.585532e-10	1.731224e+01	3.599499e+01
5.000000e-06	2.445978e-06	5.553699e-10	1.702092e+01	3.574131e+01
5.010000e-06	2.403869e-06	5.516857e-10	1.672790e+01	3.548209e+01
5.020000e-06	2.361604e-06	5.466250e-10	1.643379e+01	3.521718e+01
5.030000e-06	2.319199e-06	5.421797e-10	1.613870e+01	3.494642e+01
5.040000e-06	2.276563e-06	5.398025e-10	1.584201e+01	3.466968e+01
5.050000e-06	2.233758e-06	5.379433e-10	1.554414e+01	3.438681e+01
5.060000e-06	2.190890e-06	5.378297e-10	1.524583e+01	3.409766e+01
5.070000e-06	2.147875e-06	5.375484e-10	1.494650e+01	3.380210e+01
5.080000e-06	2.104628e-06	5.342287e-10	1.464556e+01	3.349997e+01
5.090000e-06	2.061200e-06	5.311866e-10	1.434335e+01	3.319114e+01
5.100000e-06	2.017658e-06	5.270070e-10	1.404036e+01	3.287545e+01
5.110000e-06	1.973970e-06	5.221269e-10	1.373634e+01	3.255278e+01
5.120000e-06	1.930082e-06	5.157196e-10	1.343094e+01	3.222295e+01
5.130000e-06	1.886122e-06	5.114729e-10	1.312503e+01	3.188584e+01
5.140000e-06	1.842058e-06	5.071531e-10	1.281840e+01	3.154127e+01
5.150000e-06	1.797858e-06	5.017748e-10	1.251082e+01	3.118908e+01
5.160000e-06	1.753639e-06	4.941856e-10	1.220312e+01	3.082912e+01
5.170000e-06	1.709387e-06	4.906502e-10	1.189518e+01	3.046121e+01
5.180000e-06	1.665071e-06	4.861912e-10	1.158679e+01	3.008518e+01
5.190000e-06	1.620716e-06	4.800190e-10	1.127814e+01	2.970083e+01
5.200000e-06	1.576279e-06	4.714435e-10	1.096892e+01	2.930798e+01
5.210000e-06	1.531765e-06	4.627360e-10	1.065915e+01	2.890642e+01
5.220000e-06	1.487193e-06	4.558601e-10	1.034898e+01	2.849595e+01
5.230000e-06	1.442512e-06	4.496501e-10	1.003807e+01	2.807635e+01
5.240000e-06	1.397788e-06	4.415382e-10	9.726842e+00	2.764740e+01
5.250000e-06	1.353042e-06	4.328892e-10	9.415469e+00	2.720886e+01
5.260000e-06	1.308207e-06	4.248673e-10	9.103468e+00	2.676050e+01
5.270000e-06	1.263221e-06	4.153694e-10	8.790422e+00	2.630207e+01
5.280000e-06	1.218149e-06	4.057700e-10	8.476781e+00	2.583331e+01
5.290000e-06	1.172969e-06	3.951060e-10	8.162387e+00	2.535397e+01
5.300000e-06	1.127519e-06	3.860418e-10	7.846112e+00	2.486379e+01
5.310000e-06	1.081968e-06	3.781691e-10	7.529134e+00	2.436249e+01
5.320000e-06	1.036387e-06	3.691876e-10	7.211947e+00	2.384981e+01
5.330000e-06	9.907586e-07	3.594743e-10	6.894430e+00	2.332548e+01
5.340000e-06	9.451019e-07	3.512443e-10	6.576717e+00	2.278923e+01
5.350000e-06	8.993165e-07	3.430976e-10	6.258108e+00	2.224079e+01
5.360000e-06	8.533827e-07	3.350690e-10	5.938467e+00	2.167991e+01
5.370000e-06	8.074324e-07	3.263424e-10	5.618711e+00	2.110632e+01
5.380000e-06	7.614773e-07	3.178503e-10	5.298922e+00	2.051978e+01
5.390000e-06	7.154045e-07	3.138572e-10	4.978313e+00	1.992005e+01
5.400000e-06	6.692391e-07	3.074200e-10	4.657060e+00	1.930690e+01
5.410000e-06	6.230122e-07	2.972334e-10	4.335379e+00	1.868014e+01
5.420000e-06	5.767614e-07	2.874779e-10	4.013532e+00	1.803957e+01
5.430000e-06	5.304354e-07	2.782857e-10	3.691162e+00	1.738501e+01
5.440000e-06	4.840610e-07	2.688249e-10	3.368454e+00	1.671632e+01
5.450000e-06	4.376628e-07	2.579322e-10	3.045581e+00	1.603338e+01
5.460000e-06	3.912789e-07	2.456579e-10	2.722807e+00	1.533609e+01
5.470000e-06	3.448625e-07	2.334132e-10	2.399808e+00	1.462438e+01
5.480000e-06	2.983670e-07	2.219508e-10	2.076258e+00	1.389821e+01
5.490000e-06	2.518748e-07	2.108690e-10	1.752731e+00	1.315760e+01
5.500000e-06	2.053489e-07	2.002986e-10	1.428969e+00	1.240256e+01
5.510000e-06	1.587582e-07	1.906377e-10	1.104757e+00	1.163317e+01
5.520000e-06	1.121779e-07	1.802127e-10	7.806170e-01	1.084954e+01
5.530000e-06	6.563569e-08	1.658813e-10	4.567417e-01	1.005182e+01
5.540000e-06	1.908373e-08	1.507603e-10	1.327987e-01	9.240206e+00
5.550000e-06	-2.742580e-08	1.355028e-10	-1.908490e-01	8.414933e+00
5.560000e-06	-7.383021e-08	1.194984e-10	-5.137651e-01	7.576281e+00
5.570000e-06	-1.202216e-07	1.045763e-10	-8.365904e-01	6.724573e+00
5.580000e-06	-1.667423e-07	9.140066e-11	-1.160316e+00	5.860177e+00
5.590000e-06	-2.133052e-07	8.003216e-11	-1.484335e+00	4.983506e+00
5.600000e-06	-2.598798e-07	6.972178e-11	-1.808436e+00	4.095019e+00
5.610000e-06	-3.064848e-07	5.576452e-11	-2.132748e+00	3.195215e+00
5.620000e-06	-3.530008e-07	3.858790e-11	-2.456440e+00	2.284640e+00
5.630000e-06	-3.993501e-07	2.181507e-11	-2.778973e+00	1.363881e+00
5.640000e-06	-4.456224e-07	5.311967e-12	-3.100970e+00	4.335648e-01
5.650000e-06	-4.919164e-07	-1.238305e-11	-3.423118e+00	-5.056421e-01
5.660000e-06	-5.381292e-07	-2.911513e-11	-3.744700e+00	-1.453036e+00
5.670000e-06	-5.842768e-07	-4.363227e-11	-4.065829e+00	-2.407876e+00
5.680000e-06	-6.303928e-07	-5.894142e-11	-4.386739e+00	-3.369392e+00
5.690000e-06	-6.764064e-07	-7.452216e-11	-4.706936e+00	-4.336781e+00
5.700000e-06	-7.223202e-07	-9.219584e-11	-5.026438e+00	-5.309212e+00
5.710000e-06	-7.682575e-07	-1.095738e-10	-5.346103e+00	-6.285831e+00
5.720000e-06	-8.142487e-07	-1.250381e-10	-5.666144e+00	-7.265762e+00
5.730000e-06	-8.600455e-07	-1.414323e-10	-5.984832e+00	-8.248109e+00
5.740000e-06	-9.056382e-07	-1.589005e-10	-6.302100e+00	-9.231964e+00
5.750000e-06	-9.511912e-07	-1.771328e-10	-6.619091e+00	-1.021641e+01
5.760000e-06	-9.966803e-07	-1.960847e-10	-6.935638e+00	-1.120051e+01
5.770000e-06	-1.042052e-06	-2.136971e-10	-7.251370e+00	-1.218333e+01
5.780000e-06	-1.087342e-06	-2.297578e-10	-7.566529e+00	-1.316395e+01
5.790000e-06	-1.132571e-06	-2.461305e-10	-7.881264e+00	-1.414143e+01
5.800000e-06	-1.177627e-06	-2.622575e-10	-8.194800e+00	-1.511485e+01
5.810000e-06	-1.222543e-06	-2.771035e-10	-8.507359e+00	-1.608330e+01
5.820000e-06	-1.267449e-06	-2.922817e-10	-8.819846e+00	-1.704587e+01
5.830000e-06	-1.312263e-06	-3.088560e-10	-9.131697e+00	-1.800169e+01
5.840000e-06	-1.356943e-06	-3.256118e-10	-9.442611e+00	-1.894990e+01
5.850000e-06	-1.401515e-06	-3.422884e-10	-9.752774e+00	-1.988965e+01
5.860000e-06	-1.446041e-06	-3.597061e-10	-1.006262e+01	-2.082015e+01
5.870000e-06	-1.490558e-06	-3.748914e-10	-1.037241e+01	-2.174060e+01
5.880000e-06	-1.535035e-06	-3.867856e-10	-1.068191e+01	-2.265026e+01
5.890000e-06	-1.579478e-06	-3.984085e-10	-1.099118e+01	-2.354842e+01
5.900000e-06	-1.623838e-06	-4.103691e-10	-1.129986e+01	-2.443440e+01
5.910000e-06	-1.668121e-06	-4.237745e-10	-1.160802e+01	-2.530756e+01
5.920000e-06	-1.712395e-06	-4.400121e-10	-1.191611e+01	-2.616730e+01
5.930000e-06	-1.756609e-06	-4.555018e-10	-1.222378e+01	-2.701308e+01
5.940000e-06	-1.800691e-06	-4.695950e-10	-1.253054e+01	-2.784437e+01
5.950000e-06	-1.844724e-06	-4.840178e-10	-1.283696e+01	-2.866071e+01
5.960000e-06	-1.888702e-06	-4.969744e-10	-1.314298e+01	-2.946168e+01
5.970000e-06	-1.932481e-06	-5.072766e-10	-1.344763e+01	-3.024689e+01
5.980000e-06	-1.976126e-06	-5.175633e-10	-1.375134e+01	-3.101602e+01
5.990000e-06	-2.019681e-06	-5.301271e-10	-1.405443e+01	-3.176878e+01
6.000000e-06	-2.063017e-06	-5.426490e-10	-1.435600e+01	-3.250492e+01
6.010000e-06	-2.106090e-06	-5.530613e-10	-1.465573e+01	-3.322424e+01
6.020000e-06	-2.149080e-06	-5.621512e-10	-1.495489e+01	-3.392659e+01
6.030000e-06	-2.192002e-06	-5.714113e-10	-1.525357e+01	-3.461185e+01
6.040000e-06	-2.234649e-06	-5.829248e-10	-1.555034e+01	-3.527996e+01
6.050000e-06	-2.277150e-06	-5.951635e-10	-1.584609e+01	-3.593087e+01
6.060000e-06	-2.319620e-06	-6.043732e-10	-1.614163e+01	-3.656460e+01
6.070000e-06	-2.361968e-06	-6.126080e-10	-1.643632e+01	-3.718118e+01
6.080000e-06	-2.404133e-06	-6.227010e-10	-1.672973e+01	-3.778070e+01
6.090000e-06	-2.446187e-06	-6.337733e-10	-1.702238e+01	-3.836325e+01
6.100000e-06	-2.488137e-06	-6.429940e-10	-1.731429e+01	-3.892899e+01
6.110000e-06	-2.529851e-06	-6.505490e-10	-1.760457e+01	-3.947807e+01
6.120000e-06	-2.571301e-06	-6.588629e-10	-1.789301e+01	-4.001070e+01
6.130000e-06	-2.612505e-06	-6.670791e-10	-1.817974e+01	-4.052708e+01
6.140000e-06	-2.653531e-06	-6.756946e-10	-1.846523e+01	-4.102747e+01
6.150000e-06	-2.694406e-06	-6.869825e-10	-1.874967e+01	-4.151212e+01
6.160000e-06	-2.735053e-06	-6.967738e-10	-1.903252e+01	-4.198130e+01
6.170000e-06	-2.775546e-06	-7.020512e-10	-1.931430e+01	-4.243532e+01
6.180000e-06	-2.815947e-06	-7.075063e-10	-1.959544e+01	-4.287448e+01
6.190000e-06	-2.856235e-06	-7.144222e-10	-1.987579e+01	-4.329910e+01
6.200000e-06	-2.896438e-06	-7.209912e-10	-2.015555e+01	-4.370950e+01
6.210000e-06	-2.936517e-06	-7.272615e-10	-2.043446e+01	-4.410601e+01
6.220000e-06	-2.976454e-06	-7.329181e-10	-2.071236e+01	-4.448900e+01
6.230000e-06	-3.016217e-06	-7.392340e-10	-2.098907e+01	-4.485878e+01
6.240000e-06	-3.055774e-06	-7.462203e-10	-2.126433e+01	-4.521573e+01
6.250000e-06	-3.095018e-06	-7.514177e-10	-2.153742e+01	-4.556018e+01
6.260000e-06	-3.133884e-06	-7.556407e-10	-2.180788e+01	-4.589248e+01
6.270000e-06	-3.172402e-06	-7.606471e-10	-2.207592e+01	-4.621299e+01
6.280000e-06	-3.210493e-06	-7.650598e-10	-2.234098e+01	-4.652204e+01
6.290000e-06	-3.248169e-06	-7.671273e-10	-2.260316e+01	-4.682000e+01
6.300000e-06	-3.285568e-06	-7.681477e-10	-2.286341e+01	-4.710718e+01
6.310000e-06	-3.322651e-06	-7.707864e-10	-2.312146e+01	-4.738393e+01
6.320000e-06	-3.359392e-06	-7.742440e-10	-2.337713e+01	-4.765058e+01
6.330000e-06	-3.395916e-06	-7.762505e-10	-2.363129e+01	-4.790745e+01
6.340000e-06	-3.432314e-06	-7.774525e-10	-2.388458e+01	-4.815486e+01
6.350000e-06	-3.468569e-06	-7.798206e-10	-2.413686e+01	-4.839312e+01
6.360000e-06	-3.504651e-06	-7.844863e-10	-2.438795e+01	-4.862254e+01
6.370000e-06	-3.540607e-06	-7.911706e-10	-2.463816e+01	-4.884341e+01
6.380000e-06	-3.576415e-06	-7.933408e-10	-2.488734e+01	-4.905603e+01
6.390000e-06	-3.611982e-06	-7.914402e-10	-2.513484e+01	-4.926067e+01
6.400000e-06	-3.647264e-06	-7.902437e-10	-2.538036e+01	-4.945762e+01
6.410000e-06	-3.682241e-06	-7.899251e-10	-2.562376e+01	-4.964714e+01
6.420000e-06	-3.716920e-06	-7.911054e-10	-2.586508e+01	-4.982950e+01
6.430000e-06	-3.751338e-06	-7.937247e-10	-2.610458e+01	-5.000495e+01
6.440000e-06	-3.785466e-06	-7.988437e-10	-2.634207e+01	-5.017374e+01
6.450000e-06	-3.819334e-06	-8.040589e-10	-2.657775e+01	-5.033611e+01
6.460000e-06	-3.852993e-06	-8.064002e-10	-2.681197e+01	-5.049230e+01
6.470000e-06	-3.886366e-06	-8.060795e-10	-2.704420e+01	-5.064253e+01
6.480000e-06	-3.919437e-06	-8.057299e-10	-2.727434e+01	-5.078702e+01
6.490000e-06	-3.952251e-06	-8.062235e-10	-2.750268e+01	-5.092599e+01
6.500000e-06	-3.984768e-06	-8.058371e-10	-2.772896e+01	-5.105964e+01
6.510000e-06	-4.017034e-06	-8.052888e-10	-2.795349e+01	-5.118817e+01
6.520000e-06	-4.049175e-06	-8.073350e-10	-2.817715e+01	-5.131177e+01
6.530000e-06	-4.081140e-06	-8.123976e-10	-2.839959e+01	-5.143063e+01
6.540000e-06	-4.112814e-06	-8.175376e-10	-2.862000e+01	-5.154491e+01
6.550000e-06	-4.144107e-06	-8.222869e-10	-2.883776e+01	-5.165480e+01
6.560000e-06	-4.174951e-06	-8.279211e-10	-2.905239e+01	-5.176044e+01
6.570000e-06	-4.205323e-06	-8.313951e-10	-2.926375e+01	-5.186199e+01
6.580000e-06	-4.235301e-06	-8.304488e-10	-2.947235e+01	-5.195959e+01
6.590000e-06	-4.264826e-06	-8.267809e-10	-2.967781e+01	-5.205337e+01
6.600000e-06	-4.293862e-06	-8.245229e-10	-2.987986e+01	-5.214346e+01
6.610000e-06	-4.322599e-06	-8.251865e-10	-3.007984e+01	-5.222998e+01
6.620000e-06	-4.351127e-06	-8.251709e-10	-3.027835e+01	-5.231302e+01
6.630000e-06	-4.379467e-06	-8.257758e-10	-3.047557e+01	-5.239269e+01
6.640000e-06	-4.407600e-06	-8.297637e-10	-3.067133e+01	-5.246906e+01
6.650000e-06	-4.435451e-06	-8.349142e-10	-3.086515e+01	-5.254222e+01
6.660000e-06	-4.463006e-06	-8.395937e-10	-3.105689e+01	-5.261222e+01
6.670000e-06	-4.490273e-06	-8.413953e-10	-3.124664e+01	-5.267912e+01
6.680000e-06	-4.517207e-06	-8.411376e-10	-3.143406e+01	-5.274296e+01
6.690000e-06	-4.543822e-06	-8.381648e-10	-3.161927e+01	-5.280377e+01
6.700000e-06	-4.570160e-06	-8.343825e-10	-3.180255e+01	-5.286158e+01
6.710000e-06	-4.596195e-06	-8.311382e-10	-3.198372e+01	-5.291640e+01
6.720000e-06	-4.621898e-06	-8.303241e-10	-3.216258e+01	-5.296823e+01
6.730000e-06	-4.647217e-06	-8.328841e-10	-3.233877e+01	-5.301706e+01
6.740000e-06	-4.672202e-06	-8.361018e-10	-3.251263e+01	-5.306288e+01
6.750000e-06	-4.696948e-06	-8.373044e-10	-3.268484e+01	-5.310567e+01
6.760000e-06	-4.721477e-06	-8.374187e-10	-3.285553e+01	-5.314539e+01
6.770000e-06	-4.745718e-06	-8.383906e-10	-3.302421e+01	-5.318200e+01
6.780000e-06	-4.769727e-06	-8.379501e-10	-3.319129e+01	-5.321546e+01
6.790000e-06	-4.793483e-06	-8.370673e-10	-3.335660e+01	-5.324571e+01
6.800000e-06	-4.816781e-06	-8.345687e-10	-3.351872e+01	-5.327272e+01
6.810000e-06	-4.839660e-06	-8.315951e-10	-3.367793e+01	-5.329640e+01
6.820000e-06	-4.862057e-06	-8.329963e-10	-3.383379e+01	-5.331672e+01
6.830000e-06	-4.883829e-06	-8.355424e-10	-3.398529e+01	-5.333360e+01
6.840000e-06	-4.905045e-06	-8.368792e-10	-3.413293e+01	-5.334699e+01
6.850000e-06	-4.925871e-06	-8.383783e-10	-3.427785e+01	-5.335682e+01
6.860000e-06	-4.946421e-06	-8.381117e-10	-3.442085e+01	-5.336304e+01
6.870000e-06	-4.966716e-06	-8.333376e-10	-3.456208e+01	-5.336560e+01
6.880000e-06	-4.986728e-06	-8.255449e-10	-3.470134e+01	-5.336445e+01
6.890000e-06	-5.006454e-06	-8.221702e-10	-3.483860e+01	-5.335955e+01
6.900000e-06	-5.025848e-06	-8.223029e-10	-3.497356e+01	-5.335086e+01
6.910000e-06	-5.044890e-06	-8.232757e-10	-3.510607e+01	-5.333837e+01
6.920000e-06	-5.063632e-06	-8.249825e-10	-3.523649e+01	-5.332205e+01
6.930000e-06	-5.082023e-06	-8.267648e-10	-3.536447e+01	-5.330191e+01
6.940000e-06	-5.100107e-06	-8.275683e-10	-3.549031e+01	-5.327794e+01
6.950000e-06	-5.117889e-06	-8.262014e-10	-3.561405e+01	-5.325017e+01
6.960000e-06	-5.135270e-06	-8.235163e-10	-3.573500e+01	-5.321865e+01
6.970000e-06	-5.152290e-06	-8.231188e-10	-3.585344e+01	-5.318340e+01
6.980000e-06	-5.169034e-06	-8.240981e-10	-3.596996e+01	-5.314450e+01
6.990000e-06	-5.185542e-06	-8.246674e-10	-3.608483e+01	-5.310203e+01
7.000000e-06	-5.201734e-06	-8.246568e-10	-3.619751e+01	-5.305608e+01
7.010000e-06	-5.217504e-06	-8.250482e-10	-3.630725e+01	-5.300676e+01
7.020000e-06	-5.232870e-06	-8.233796e-10	-3.641417e+01	-5.295419e+01
7.030000e-06	-5.247807e-06	-8.187848e-10	-3.651811e+01	-5.289851e+01
7.040000e-06	-5.262123e-06	-8.141266e-10	-3.661774e+01	-5.283989e+01
7.050000e-06	-5.275802e-06	-8.105821e-10	-3.671293e+01	-5.277848e+01
7.060000e-06	-5.289012e-06	-8.094823e-10	-3.680485e+01	-5.271448e+01
7.070000e-06	-5.301831e-06	-8.092770e-10	-3.689406e+01	-5.264808e+01
7.080000e-06	-5.314266e-06	-8.080738e-10	-3.698059e+01	-5.257948e+01
7.090000e-06	-5.326314e-06	-8.069981e-10	-3.706443e+01	-5.250891e+01
7.100000e-06	-5.337934e-06	-8.057166e-10	-3.714529e+01	-5.243661e+01
7.110000e-06	-5.349145e-06	-8.016640e-10	-3.722330e+01	-5.236280e+01
7.120000e-06	-5.360021e-06	-7.957705e-10	-3.729899e+01	-5.228774e+01
7.130000e-06	-5.370557e-06	-7.915779e-10	-3.737230e+01	-5.221167e+01
7.140000e-06	-5.380754e-06	-7.900732e-10	-3.744326e+01	-5.213486e+01
7.150000e-06	-5.390607e-06	-7.907623e-10	-3.751183e+01	-5.205756e+01
7.160000e-06	-5.400096e-06	-7.929363e-10	-3.757786e+01	-5.198003e+01
7.170000e-06	-5.409182e-06	-7.928856e-10	-3.764109e+01	-5.190253e+01
7.180000e-06	-5.417897e-06	-7.904313e-10	-3.770173e+01	-5.182532e+01
7.190000e-06	-5.426368e-06	-7.877477e-10	-3.776068e+01	-5.174865e+01
7.200000e-06	-5.434555e-06	-7.839650e-10	-3.781765e+01	-5.167276e+01
7.210000e-06	-5.442391e-06	-7.778567e-10	-3.787218e+01	-5.159789e+01
7.220000e-06	-5.449884e-06	-7.737894e-10	-3.792432e+01	-5.152428e+01
7.230000e-06	-5.456919e-06	-7.745388e-10	-3.797328e+01	-5.145213e+01
7.240000e-06	-5.463345e-06	-7.759050e-10	-3.801799e+01	-5.138165e+01
7.250000e-06	-5.469136e-06	-7.738501e-10	-3.805829e+01	-5.131304e+01
7.260000e-06	-5.474415e-06	-7.722195e-10	-3.809502e+01	-5.124645e+01
7.270000e-06	-5.479327e-06	-7.716850e-10	-3.812920e+01	-5.118206e+01
7.280000e-06	-5.483876e-06	-7.696196e-10	-3.816086e+01	-5.111999e+01
7.290000e-06	-5.488107e-06	-7.657573e-10	-3.819030e+01	-5.106038e+01
7.300000e-06	-5.492109e-06	-7.608672e-10	-3.821815e+01	-5.100331e+01
7.310000e-06	-5.495862e-06	-7.567836e-10	-3.824427e+01	-5.094886e+01
7.320000e-06	-5.499218e-06	-7.544959e-10	-3.826762e+01	-5.089710e+01
7.330000e-06	-5.502158e-06	-7.534615e-10	-3.828808e+01	-5.084806e+01
7.340000e-06	-5.504740e-06	-7.531145e-10	-3.830605e+01	-5.080175e+01
7.350000e-06	-5.506960e-06	-7.533371e-10	-3.832150e+01	-5.075817e+01
7.360000e-06	-5.508840e-06	-7.523457e-10	-3.833458e+01	-5.071728e+01
7.370000e-06	-5.510285e-06	-7.499529e-10	-3.834463e+01	-5.067904e+01
7.380000e-06	-5.511308e-06	-7.458810e-10	-3.835175e+01	-5.064338e+01
7.390000e-06	-5.512065e-06	-7.421257e-10	-3.835702e+01	-5.061020e+01
7.400000e-06	-5.512580e-06	-7.389731e-10	-3.836060e+01	-5.057939e+01
