# Temperatura_=_8.05
# Concentracion g/m^3_=_1620.0
# C_Vs_to_Am_M_A/Vsm_=_65563218390.804596
# pendiente_HvsI_1/m_=_3716.3
# ordenada_HvsI_A/m_=_1297.0
# frecuencia_Hz_=_135090.9262480024

Tiempo_(s)	Campo_(V.s)	Magnetizacion_(V.s)	Campo_(kA/m)	Magnetizacion_(A/m)
0.000000e+00	-5.522295e-06	-1.337681e-09	-3.837524e+01	-8.736280e+01
1.000000e-08	-5.522620e-06	-1.334448e-09	-3.837750e+01	-8.733156e+01
2.000000e-08	-5.522765e-06	-1.330990e-09	-3.837851e+01	-8.729854e+01
3.000000e-08	-5.522534e-06	-1.330002e-09	-3.837690e+01	-8.726371e+01
4.000000e-08	-5.521776e-06	-1.328356e-09	-3.837163e+01	-8.722708e+01
5.000000e-08	-5.520481e-06	-1.319081e-09	-3.836264e+01	-8.718861e+01
6.000000e-08	-5.518535e-06	-1.303052e-09	-3.834911e+01	-8.714827e+01
7.000000e-08	-5.515982e-06	-1.302059e-09	-3.833137e+01	-8.710602e+01
8.000000e-08	-5.513014e-06	-1.335818e-09	-3.831075e+01	-8.706182e+01
9.000000e-08	-5.509597e-06	-1.375903e-09	-3.828700e+01	-8.701562e+01
1.000000e-07	-5.505652e-06	-1.403474e-09	-3.825959e+01	-8.696735e+01
1.100000e-07	-5.501345e-06	-1.350076e-09	-3.822966e+01	-8.691696e+01
1.200000e-07	-5.496891e-06	-1.250641e-09	-3.819871e+01	-8.686437e+01
1.300000e-07	-5.492196e-06	-1.258619e-09	-3.816608e+01	-8.680952e+01
1.400000e-07	-5.487147e-06	-1.305108e-09	-3.813099e+01	-8.675233e+01
1.500000e-07	-5.481776e-06	-1.337997e-09	-3.809367e+01	-8.669270e+01
1.600000e-07	-5.476037e-06	-1.267458e-09	-3.805379e+01	-8.663057e+01
1.700000e-07	-5.469978e-06	-1.270745e-09	-3.801168e+01	-8.656584e+01
1.800000e-07	-5.463476e-06	-1.360521e-09	-3.796650e+01	-8.649843e+01
1.900000e-07	-5.456541e-06	-1.395541e-09	-3.791831e+01	-8.642823e+01
2.000000e-07	-5.449311e-06	-1.289907e-09	-3.786807e+01	-8.635517e+01
2.100000e-07	-5.441740e-06	-1.234093e-09	-3.781545e+01	-8.627913e+01
2.200000e-07	-5.433932e-06	-1.327727e-09	-3.776119e+01	-8.620003e+01
2.300000e-07	-5.425877e-06	-1.385638e-09	-3.770522e+01	-8.611776e+01
2.400000e-07	-5.417449e-06	-1.322345e-09	-3.764665e+01	-8.603223e+01
2.500000e-07	-5.408417e-06	-1.265845e-09	-3.758389e+01	-8.594334e+01
2.600000e-07	-5.398554e-06	-1.310968e-09	-3.751535e+01	-8.585099e+01
2.700000e-07	-5.388143e-06	-1.315484e-09	-3.744300e+01	-8.575507e+01
2.800000e-07	-5.377231e-06	-1.288804e-09	-3.736717e+01	-8.565548e+01
2.900000e-07	-5.365726e-06	-1.290912e-09	-3.728722e+01	-8.555213e+01
3.000000e-07	-5.353857e-06	-1.328727e-09	-3.720474e+01	-8.544491e+01
3.100000e-07	-5.341709e-06	-1.304494e-09	-3.712033e+01	-8.533372e+01
3.200000e-07	-5.329155e-06	-1.281404e-09	-3.703308e+01	-8.521847e+01
3.300000e-07	-5.316161e-06	-1.283144e-09	-3.694279e+01	-8.509905e+01
3.400000e-07	-5.302863e-06	-1.305648e-09	-3.685038e+01	-8.497536e+01
3.500000e-07	-5.289229e-06	-1.295962e-09	-3.675563e+01	-8.484732e+01
3.600000e-07	-5.275191e-06	-1.301744e-09	-3.665808e+01	-8.471482e+01
3.700000e-07	-5.260566e-06	-1.298529e-09	-3.655645e+01	-8.457777e+01
3.800000e-07	-5.245383e-06	-1.307565e-09	-3.645094e+01	-8.443609e+01
3.900000e-07	-5.229591e-06	-1.294124e-09	-3.634120e+01	-8.428967e+01
4.000000e-07	-5.213265e-06	-1.285736e-09	-3.622774e+01	-8.413844e+01
4.100000e-07	-5.196624e-06	-1.278968e-09	-3.611211e+01	-8.398232e+01
4.200000e-07	-5.179702e-06	-1.289722e-09	-3.599452e+01	-8.382122e+01
4.300000e-07	-5.162555e-06	-1.277467e-09	-3.587536e+01	-8.365507e+01
4.400000e-07	-5.145150e-06	-1.271295e-09	-3.575440e+01	-8.348381e+01
4.500000e-07	-5.127392e-06	-1.300957e-09	-3.563100e+01	-8.330736e+01
4.600000e-07	-5.109140e-06	-1.298186e-09	-3.550417e+01	-8.312567e+01
4.700000e-07	-5.090353e-06	-1.256874e-09	-3.537362e+01	-8.293868e+01
4.800000e-07	-5.071138e-06	-1.255790e-09	-3.524009e+01	-8.274635e+01
4.900000e-07	-5.051644e-06	-1.288145e-09	-3.510462e+01	-8.254864e+01
5.000000e-07	-5.031973e-06	-1.261141e-09	-3.496792e+01	-8.234551e+01
5.100000e-07	-5.012220e-06	-1.242394e-09	-3.483066e+01	-8.213695e+01
5.200000e-07	-4.992217e-06	-1.262910e-09	-3.469165e+01	-8.192293e+01
5.300000e-07	-4.971725e-06	-1.261798e-09	-3.454925e+01	-8.170344e+01
5.400000e-07	-4.950873e-06	-1.236303e-09	-3.440434e+01	-8.147850e+01
5.500000e-07	-4.929708e-06	-1.259612e-09	-3.425727e+01	-8.124811e+01
5.600000e-07	-4.908187e-06	-1.249545e-09	-3.410771e+01	-8.101230e+01
5.700000e-07	-4.886386e-06	-1.209897e-09	-3.395622e+01	-8.077108e+01
5.800000e-07	-4.864184e-06	-1.217536e-09	-3.380193e+01	-8.052452e+01
5.900000e-07	-4.841622e-06	-1.249914e-09	-3.364515e+01	-8.027264e+01
6.000000e-07	-4.818714e-06	-1.218648e-09	-3.348595e+01	-8.001553e+01
6.100000e-07	-4.795467e-06	-1.207144e-09	-3.332440e+01	-7.975324e+01
6.200000e-07	-4.772012e-06	-1.223631e-09	-3.316142e+01	-7.948586e+01
6.300000e-07	-4.748357e-06	-1.208062e-09	-3.299703e+01	-7.921348e+01
6.400000e-07	-4.724540e-06	-1.178525e-09	-3.283153e+01	-7.893620e+01
6.500000e-07	-4.700444e-06	-1.192655e-09	-3.266408e+01	-7.865412e+01
6.600000e-07	-4.675882e-06	-1.189725e-09	-3.249339e+01	-7.836736e+01
6.700000e-07	-4.650782e-06	-1.170416e-09	-3.231897e+01	-7.807605e+01
6.800000e-07	-4.625120e-06	-1.178387e-09	-3.214064e+01	-7.778031e+01
6.900000e-07	-4.598838e-06	-1.190156e-09	-3.195800e+01	-7.748028e+01
7.000000e-07	-4.572045e-06	-1.173798e-09	-3.177182e+01	-7.717610e+01
7.100000e-07	-4.544886e-06	-1.167410e-09	-3.158308e+01	-7.686792e+01
7.200000e-07	-4.517450e-06	-1.169210e-09	-3.139242e+01	-7.655588e+01
7.300000e-07	-4.489874e-06	-1.155434e-09	-3.120080e+01	-7.624013e+01
7.400000e-07	-4.462149e-06	-1.142579e-09	-3.100813e+01	-7.592082e+01
7.500000e-07	-4.434195e-06	-1.144501e-09	-3.081388e+01	-7.559810e+01
7.600000e-07	-4.406033e-06	-1.142640e-09	-3.061817e+01	-7.527211e+01
7.700000e-07	-4.377588e-06	-1.131465e-09	-3.042050e+01	-7.494301e+01
7.800000e-07	-4.348793e-06	-1.128568e-09	-3.022040e+01	-7.461093e+01
7.900000e-07	-4.319684e-06	-1.125384e-09	-3.001812e+01	-7.427601e+01
8.000000e-07	-4.290271e-06	-1.120265e-09	-2.981373e+01	-7.393837e+01
8.100000e-07	-4.260576e-06	-1.110743e-09	-2.960737e+01	-7.359813e+01
8.200000e-07	-4.230523e-06	-1.101861e-09	-2.939853e+01	-7.325541e+01
8.300000e-07	-4.200145e-06	-1.089427e-09	-2.918743e+01	-7.291031e+01
8.400000e-07	-4.169506e-06	-1.086510e-09	-2.897451e+01	-7.256292e+01
8.500000e-07	-4.138537e-06	-1.081530e-09	-2.875931e+01	-7.221332e+01
8.600000e-07	-4.107324e-06	-1.075190e-09	-2.854240e+01	-7.186157e+01
8.700000e-07	-4.076015e-06	-1.067345e-09	-2.832483e+01	-7.150772e+01
8.800000e-07	-4.044556e-06	-1.062069e-09	-2.810622e+01	-7.115183e+01
8.900000e-07	-4.012892e-06	-1.051995e-09	-2.788618e+01	-7.079390e+01
9.000000e-07	-3.981114e-06	-1.045850e-09	-2.766535e+01	-7.043395e+01
9.100000e-07	-3.949094e-06	-1.037465e-09	-2.744284e+01	-7.007199e+01
9.200000e-07	-3.916717e-06	-1.030894e-09	-2.721785e+01	-6.970798e+01
9.300000e-07	-3.883866e-06	-1.024406e-09	-2.698956e+01	-6.934189e+01
9.400000e-07	-3.850461e-06	-1.023982e-09	-2.675742e+01	-6.897368e+01
9.500000e-07	-3.816536e-06	-1.018588e-09	-2.652167e+01	-6.860329e+01
9.600000e-07	-3.782187e-06	-1.010901e-09	-2.628298e+01	-6.823063e+01
9.700000e-07	-3.747405e-06	-9.990436e-10	-2.604127e+01	-6.785563e+01
9.800000e-07	-3.712217e-06	-9.893234e-10	-2.579675e+01	-6.747818e+01
9.900000e-07	-3.676847e-06	-9.827207e-10	-2.555096e+01	-6.709817e+01
1.000000e-06	-3.641374e-06	-9.805112e-10	-2.530444e+01	-6.671547e+01
1.010000e-06	-3.605791e-06	-9.790356e-10	-2.505717e+01	-6.632997e+01
1.020000e-06	-3.570065e-06	-9.749184e-10	-2.480891e+01	-6.594153e+01
1.030000e-06	-3.534175e-06	-9.711062e-10	-2.455950e+01	-6.554999e+01
1.040000e-06	-3.498083e-06	-9.655751e-10	-2.430869e+01	-6.515523e+01
1.050000e-06	-3.461737e-06	-9.564558e-10	-2.405612e+01	-6.475707e+01
1.060000e-06	-3.425106e-06	-9.452437e-10	-2.380157e+01	-6.435538e+01
1.070000e-06	-3.388205e-06	-9.355348e-10	-2.354514e+01	-6.394999e+01
1.080000e-06	-3.351010e-06	-9.259995e-10	-2.328666e+01	-6.354077e+01
1.090000e-06	-3.313597e-06	-9.209363e-10	-2.302668e+01	-6.312755e+01
1.100000e-06	-3.276009e-06	-9.168162e-10	-2.276547e+01	-6.271020e+01
1.110000e-06	-3.238222e-06	-9.122747e-10	-2.250288e+01	-6.228857e+01
1.120000e-06	-3.200094e-06	-9.029701e-10	-2.223792e+01	-6.186253e+01
1.130000e-06	-3.161681e-06	-8.937441e-10	-2.197099e+01	-6.143196e+01
1.140000e-06	-3.123139e-06	-8.829587e-10	-2.170315e+01	-6.099674e+01
1.150000e-06	-3.084382e-06	-8.725920e-10	-2.143383e+01	-6.055676e+01
1.160000e-06	-3.045441e-06	-8.604766e-10	-2.116322e+01	-6.011193e+01
1.170000e-06	-3.006336e-06	-8.533559e-10	-2.089147e+01	-5.966215e+01
1.180000e-06	-2.967044e-06	-8.489686e-10	-2.061843e+01	-5.920736e+01
1.190000e-06	-2.927550e-06	-8.486222e-10	-2.034398e+01	-5.874750e+01
1.200000e-06	-2.887931e-06	-8.465351e-10	-2.006866e+01	-5.828250e+01
1.210000e-06	-2.848202e-06	-8.408629e-10	-1.979257e+01	-5.781233e+01
1.220000e-06	-2.808353e-06	-8.321359e-10	-1.951566e+01	-5.733696e+01
1.230000e-06	-2.768388e-06	-8.212954e-10	-1.923794e+01	-5.685637e+01
1.240000e-06	-2.728223e-06	-8.081578e-10	-1.895882e+01	-5.637055e+01
1.250000e-06	-2.687819e-06	-7.976350e-10	-1.867805e+01	-5.587949e+01
1.260000e-06	-2.647184e-06	-7.907861e-10	-1.839567e+01	-5.538321e+01
1.270000e-06	-2.606196e-06	-7.850226e-10	-1.811084e+01	-5.488171e+01
1.280000e-06	-2.565037e-06	-7.789618e-10	-1.782482e+01	-5.437500e+01
1.290000e-06	-2.523744e-06	-7.743225e-10	-1.753787e+01	-5.386311e+01
1.300000e-06	-2.481994e-06	-7.668465e-10	-1.724774e+01	-5.334605e+01
1.310000e-06	-2.439748e-06	-7.553063e-10	-1.695417e+01	-5.282384e+01
1.320000e-06	-2.397233e-06	-7.419762e-10	-1.665872e+01	-5.229650e+01
1.330000e-06	-2.354538e-06	-7.301034e-10	-1.636203e+01	-5.176402e+01
1.340000e-06	-2.311524e-06	-7.202654e-10	-1.606312e+01	-5.122641e+01
1.350000e-06	-2.268352e-06	-7.131611e-10	-1.576311e+01	-5.068366e+01
1.360000e-06	-2.225107e-06	-7.067495e-10	-1.546260e+01	-5.013574e+01
1.370000e-06	-2.181752e-06	-6.984105e-10	-1.516132e+01	-4.958262e+01
1.380000e-06	-2.138267e-06	-6.923980e-10	-1.485913e+01	-4.902424e+01
1.390000e-06	-2.094623e-06	-6.855325e-10	-1.455584e+01	-4.846053e+01
1.400000e-06	-2.050911e-06	-6.740392e-10	-1.425208e+01	-4.789139e+01
1.410000e-06	-2.007191e-06	-6.625482e-10	-1.394827e+01	-4.731670e+01
1.420000e-06	-1.963341e-06	-6.522338e-10	-1.364354e+01	-4.673633e+01
1.430000e-06	-1.919429e-06	-6.466288e-10	-1.333840e+01	-4.615009e+01
1.440000e-06	-1.875516e-06	-6.419812e-10	-1.303324e+01	-4.555780e+01
1.450000e-06	-1.831414e-06	-6.348759e-10	-1.272676e+01	-4.495923e+01
1.460000e-06	-1.787083e-06	-6.257806e-10	-1.241870e+01	-4.435413e+01
1.470000e-06	-1.742599e-06	-6.131619e-10	-1.210958e+01	-4.374220e+01
1.480000e-06	-1.698062e-06	-5.988918e-10	-1.180009e+01	-4.312313e+01
1.490000e-06	-1.653444e-06	-5.819070e-10	-1.149003e+01	-4.249658e+01
1.500000e-06	-1.608612e-06	-5.716110e-10	-1.117848e+01	-4.186217e+01
1.510000e-06	-1.563610e-06	-5.664748e-10	-1.086576e+01	-4.121950e+01
1.520000e-06	-1.518451e-06	-5.644756e-10	-1.055194e+01	-4.056813e+01
1.530000e-06	-1.473238e-06	-5.581637e-10	-1.023775e+01	-3.990761e+01
1.540000e-06	-1.427974e-06	-5.448879e-10	-9.923204e+00	-3.923744e+01
1.550000e-06	-1.382538e-06	-5.277681e-10	-9.607460e+00	-3.855712e+01
1.560000e-06	-1.337003e-06	-5.093910e-10	-9.291033e+00	-3.786612e+01
1.570000e-06	-1.291471e-06	-4.984639e-10	-8.974620e+00	-3.716390e+01
1.580000e-06	-1.245939e-06	-4.908086e-10	-8.658211e+00	-3.644989e+01
1.590000e-06	-1.200302e-06	-4.873228e-10	-8.341076e+00	-3.572352e+01
1.600000e-06	-1.154614e-06	-4.835650e-10	-8.023584e+00	-3.498422e+01
1.610000e-06	-1.108790e-06	-4.717281e-10	-7.705144e+00	-3.423139e+01
1.620000e-06	-1.062744e-06	-4.556281e-10	-7.385166e+00	-3.346446e+01
1.630000e-06	-1.016724e-06	-4.380065e-10	-7.065364e+00	-3.268284e+01
1.640000e-06	-9.707072e-07	-4.272276e-10	-6.745588e+00	-3.188596e+01
1.650000e-06	-9.246034e-07	-4.165923e-10	-6.425205e+00	-3.107328e+01
1.660000e-06	-8.783950e-07	-4.069207e-10	-6.104097e+00	-3.024425e+01
1.670000e-06	-8.320126e-07	-3.977002e-10	-5.781778e+00	-2.939835e+01
1.680000e-06	-7.855848e-07	-3.838581e-10	-5.459145e+00	-2.853509e+01
1.690000e-06	-7.391694e-07	-3.682424e-10	-5.136597e+00	-2.765403e+01
1.700000e-06	-6.927575e-07	-3.533522e-10	-4.814074e+00	-2.675473e+01
1.710000e-06	-6.462524e-07	-3.409134e-10	-4.490903e+00	-2.583683e+01
1.720000e-06	-5.996461e-07	-3.300465e-10	-4.167029e+00	-2.489999e+01
1.730000e-06	-5.530295e-07	-3.165729e-10	-3.843083e+00	-2.394393e+01
1.740000e-06	-5.063335e-07	-3.001126e-10	-3.518586e+00	-2.296843e+01
1.750000e-06	-4.595593e-07	-2.811506e-10	-3.193546e+00	-2.197330e+01
1.760000e-06	-4.128012e-07	-2.636857e-10	-2.868617e+00	-2.095844e+01
1.770000e-06	-3.660947e-07	-2.466181e-10	-2.544046e+00	-1.992382e+01
1.780000e-06	-3.192510e-07	-2.321132e-10	-2.218523e+00	-1.886944e+01
1.790000e-06	-2.722417e-07	-2.213069e-10	-1.891847e+00	-1.779540e+01
1.800000e-06	-2.253191e-07	-2.096118e-10	-1.565776e+00	-1.670186e+01
1.810000e-06	-1.784895e-07	-1.931531e-10	-1.240350e+00	-1.558905e+01
1.820000e-06	-1.315987e-07	-1.755609e-10	-9.144984e-01	-1.445729e+01
1.830000e-06	-8.463142e-08	-1.601528e-10	-5.881162e-01	-1.330695e+01
1.840000e-06	-3.775663e-08	-1.441831e-10	-2.623764e-01	-1.213850e+01
1.850000e-06	9.037025e-09	-1.278766e-10	6.279962e-02	-1.095245e+01
1.860000e-06	5.584182e-08	-1.122898e-10	3.880530e-01	-9.749408e+00
1.870000e-06	1.026636e-07	-9.710919e-11	7.134245e-01	-8.530054e+00
1.880000e-06	1.495953e-07	-7.991351e-11	1.039560e+00	-7.295127e+00
1.890000e-06	1.964938e-07	-6.059259e-11	1.365464e+00	-6.045436e+00
1.900000e-06	2.432378e-07	-4.070542e-11	1.690295e+00	-4.781855e+00
1.910000e-06	2.899631e-07	-2.410228e-11	2.014996e+00	-3.505319e+00
1.920000e-06	3.366741e-07	-8.796972e-12	2.339598e+00	-2.216820e+00
1.930000e-06	3.834126e-07	7.511566e-12	2.664391e+00	-9.174029e-01
1.940000e-06	4.301716e-07	2.620385e-11	2.989326e+00	3.918392e-01
1.950000e-06	4.768548e-07	4.673592e-11	3.313734e+00	1.709769e+00
1.960000e-06	5.235049e-07	6.811132e-11	3.637913e+00	3.035209e+00
1.970000e-06	5.701283e-07	8.855824e-11	3.961906e+00	4.366951e+00
1.980000e-06	6.166160e-07	1.088473e-10	4.284956e+00	5.703757e+00
1.990000e-06	6.630116e-07	1.263832e-10	4.607366e+00	7.044367e+00
2.000000e-06	7.094015e-07	1.425895e-10	4.929735e+00	8.387507e+00
2.010000e-06	7.557606e-07	1.591014e-10	5.251892e+00	9.731889e+00
2.020000e-06	8.021394e-07	1.782593e-10	5.574185e+00	1.107622e+01
2.030000e-06	8.483633e-07	2.012949e-10	5.895402e+00	1.241922e+01
2.040000e-06	8.944393e-07	2.250192e-10	6.215590e+00	1.375961e+01
2.050000e-06	9.405002e-07	2.454880e-10	6.535675e+00	1.509611e+01
2.060000e-06	9.864639e-07	2.629627e-10	6.855083e+00	1.642749e+01
2.070000e-06	1.032420e-06	2.791397e-10	7.174439e+00	1.775252e+01
2.080000e-06	1.078379e-06	2.963960e-10	7.493814e+00	1.907000e+01
2.090000e-06	1.124242e-06	3.146442e-10	7.812527e+00	2.037879e+01
2.100000e-06	1.169966e-06	3.347832e-10	8.130263e+00	2.167777e+01
2.110000e-06	1.215634e-06	3.555599e-10	8.447622e+00	2.296588e+01
2.120000e-06	1.261257e-06	3.729392e-10	8.764664e+00	2.424208e+01
2.130000e-06	1.306751e-06	3.887820e-10	9.080808e+00	2.550542e+01
2.140000e-06	1.352223e-06	4.037464e-10	9.396798e+00	2.675499e+01
2.150000e-06	1.397631e-06	4.194445e-10	9.712341e+00	2.798993e+01
2.160000e-06	1.442891e-06	4.359865e-10	1.002686e+01	2.920946e+01
2.170000e-06	1.488078e-06	4.546158e-10	1.034087e+01	3.041286e+01
2.180000e-06	1.533185e-06	4.742081e-10	1.065433e+01	3.159947e+01
2.190000e-06	1.578128e-06	4.925632e-10	1.096665e+01	3.276870e+01
2.200000e-06	1.622898e-06	5.087247e-10	1.127776e+01	3.392003e+01
2.210000e-06	1.667584e-06	5.232357e-10	1.158828e+01	3.505300e+01
2.220000e-06	1.712115e-06	5.357531e-10	1.189774e+01	3.616723e+01
2.230000e-06	1.756441e-06	5.498005e-10	1.220577e+01	3.726240e+01
2.240000e-06	1.800662e-06	5.647040e-10	1.251307e+01	3.833827e+01
2.250000e-06	1.844771e-06	5.798136e-10	1.281959e+01	3.939464e+01
2.260000e-06	1.888793e-06	5.953480e-10	1.312550e+01	4.043139e+01
2.270000e-06	1.932734e-06	6.095486e-10	1.343086e+01	4.144846e+01
2.280000e-06	1.976577e-06	6.263842e-10	1.373552e+01	4.244586e+01
2.290000e-06	2.020330e-06	6.402381e-10	1.403957e+01	4.342362e+01
2.300000e-06	2.064025e-06	6.540110e-10	1.434322e+01	4.438186e+01
2.310000e-06	2.107711e-06	6.654881e-10	1.464679e+01	4.532073e+01
2.320000e-06	2.151325e-06	6.756488e-10	1.494988e+01	4.624043e+01
2.330000e-06	2.194784e-06	6.877083e-10	1.525188e+01	4.714121e+01
2.340000e-06	2.238138e-06	6.996353e-10	1.555315e+01	4.802333e+01
2.350000e-06	2.281443e-06	7.116603e-10	1.585408e+01	4.888713e+01
2.360000e-06	2.324585e-06	7.283117e-10	1.615388e+01	4.973294e+01
2.370000e-06	2.367535e-06	7.459560e-10	1.645235e+01	5.056113e+01
2.380000e-06	2.410309e-06	7.588494e-10	1.674959e+01	5.137209e+01
2.390000e-06	2.452717e-06	7.687643e-10	1.704429e+01	5.216625e+01
2.400000e-06	2.494684e-06	7.755652e-10	1.733593e+01	5.294401e+01
2.410000e-06	2.536271e-06	7.828044e-10	1.762492e+01	5.370582e+01
2.420000e-06	2.577539e-06	7.910225e-10	1.791170e+01	5.445213e+01
2.430000e-06	2.618614e-06	8.052295e-10	1.819713e+01	5.518337e+01
2.440000e-06	2.659409e-06	8.209201e-10	1.848063e+01	5.589998e+01
2.450000e-06	2.699842e-06	8.340333e-10	1.876160e+01	5.660243e+01
2.460000e-06	2.739966e-06	8.430072e-10	1.904043e+01	5.729113e+01
2.470000e-06	2.779934e-06	8.523312e-10	1.931817e+01	5.796652e+01
2.480000e-06	2.819830e-06	8.609242e-10	1.959542e+01	5.862901e+01
2.490000e-06	2.859616e-06	8.703594e-10	1.987190e+01	5.927901e+01
2.500000e-06	2.899285e-06	8.806093e-10	2.014756e+01	5.991690e+01
2.510000e-06	2.938792e-06	8.890803e-10	2.042210e+01	6.054307e+01
2.520000e-06	2.978233e-06	8.969410e-10	2.069618e+01	6.115785e+01
2.530000e-06	3.017611e-06	9.047304e-10	2.096982e+01	6.176159e+01
2.540000e-06	3.056734e-06	9.117159e-10	2.124169e+01	6.235461e+01
2.550000e-06	3.095569e-06	9.184975e-10	2.151156e+01	6.293720e+01
2.560000e-06	3.134066e-06	9.278234e-10	2.177909e+01	6.350964e+01
2.570000e-06	3.172215e-06	9.387212e-10	2.204419e+01	6.407219e+01
2.580000e-06	3.210198e-06	9.473569e-10	2.230814e+01	6.462508e+01
2.590000e-06	3.248037e-06	9.542760e-10	2.257109e+01	6.516853e+01
2.600000e-06	3.285736e-06	9.613832e-10	2.283306e+01	6.570275e+01
2.610000e-06	3.323273e-06	9.680855e-10	2.309391e+01	6.622791e+01
2.620000e-06	3.360603e-06	9.724176e-10	2.335333e+01	6.674418e+01
2.630000e-06	3.397661e-06	9.756638e-10	2.361085e+01	6.725172e+01
2.640000e-06	3.434325e-06	9.815484e-10	2.386563e+01	6.775067e+01
2.650000e-06	3.470763e-06	9.913424e-10	2.411884e+01	6.824114e+01
2.660000e-06	3.507051e-06	1.002464e-09	2.437101e+01	6.872325e+01
2.670000e-06	3.543099e-06	1.009918e-09	2.462152e+01	6.919712e+01
2.680000e-06	3.578951e-06	1.015815e-09	2.487066e+01	6.966282e+01
2.690000e-06	3.614692e-06	1.023851e-09	2.511903e+01	7.012047e+01
2.700000e-06	3.650315e-06	1.031935e-09	2.536658e+01	7.057014e+01
2.710000e-06	3.685736e-06	1.036106e-09	2.561272e+01	7.101191e+01
2.720000e-06	3.721023e-06	1.040713e-09	2.585793e+01	7.144586e+01
2.730000e-06	3.755991e-06	1.047754e-09	2.610093e+01	7.187208e+01
2.740000e-06	3.790604e-06	1.055484e-09	2.634146e+01	7.229064e+01
2.750000e-06	3.824994e-06	1.061377e-09	2.658045e+01	7.270163e+01
2.760000e-06	3.858806e-06	1.067773e-09	2.681541e+01	7.310511e+01
2.770000e-06	3.891990e-06	1.075617e-09	2.704601e+01	7.350119e+01
2.780000e-06	3.924792e-06	1.083802e-09	2.727396e+01	7.388995e+01
2.790000e-06	3.957224e-06	1.092437e-09	2.749933e+01	7.427148e+01
2.800000e-06	3.989287e-06	1.100199e-09	2.772215e+01	7.464589e+01
2.810000e-06	4.021127e-06	1.104187e-09	2.794341e+01	7.501327e+01
2.820000e-06	4.052814e-06	1.107083e-09	2.816360e+01	7.537373e+01
2.830000e-06	4.084360e-06	1.111534e-09	2.838282e+01	7.572739e+01
2.840000e-06	4.115785e-06	1.118619e-09	2.860119e+01	7.607436e+01
2.850000e-06	4.146928e-06	1.125420e-09	2.881762e+01	7.641477e+01
2.860000e-06	4.177709e-06	1.133811e-09	2.903151e+01	7.674874e+01
2.870000e-06	4.208183e-06	1.140435e-09	2.924328e+01	7.707640e+01
2.880000e-06	4.238347e-06	1.144316e-09	2.945290e+01	7.739788e+01
2.890000e-06	4.268207e-06	1.148394e-09	2.966040e+01	7.771333e+01
2.900000e-06	4.297832e-06	1.152775e-09	2.986627e+01	7.802286e+01
2.910000e-06	4.327213e-06	1.157964e-09	3.007044e+01	7.832662e+01
2.920000e-06	4.356264e-06	1.162744e-09	3.027232e+01	7.862474e+01
2.930000e-06	4.385004e-06	1.170202e-09	3.047204e+01	7.891735e+01
2.940000e-06	4.413428e-06	1.179045e-09	3.066956e+01	7.920458e+01
2.950000e-06	4.441553e-06	1.184200e-09	3.086501e+01	7.948657e+01
2.960000e-06	4.469488e-06	1.185776e-09	3.105913e+01	7.976342e+01
2.970000e-06	4.497231e-06	1.189151e-09	3.125192e+01	8.003526e+01
2.980000e-06	4.524783e-06	1.192704e-09	3.144338e+01	8.030219e+01
2.990000e-06	4.552156e-06	1.196621e-09	3.163361e+01	8.056432e+01
3.000000e-06	4.579254e-06	1.204361e-09	3.182191e+01	8.082173e+01
3.010000e-06	4.605803e-06	1.210507e-09	3.200640e+01	8.107452e+01
3.020000e-06	4.631830e-06	1.211365e-09	3.218727e+01	8.132276e+01
3.030000e-06	4.657399e-06	1.214304e-09	3.236495e+01	8.156651e+01
3.040000e-06	4.682439e-06	1.221210e-09	3.253896e+01	8.180583e+01
3.050000e-06	4.706936e-06	1.225288e-09	3.270919e+01	8.204076e+01
3.060000e-06	4.731027e-06	1.227423e-09	3.287660e+01	8.227134e+01
3.070000e-06	4.754856e-06	1.231125e-09	3.304219e+01	8.249759e+01
3.080000e-06	4.778418e-06	1.233771e-09	3.320593e+01	8.271952e+01
3.090000e-06	4.801790e-06	1.236416e-09	3.336835e+01	8.293713e+01
3.100000e-06	4.824918e-06	1.241827e-09	3.352907e+01	8.315042e+01
3.110000e-06	4.847707e-06	1.246452e-09	3.368743e+01	8.335936e+01
3.120000e-06	4.870076e-06	1.248591e-09	3.384288e+01	8.356394e+01
3.130000e-06	4.892111e-06	1.251677e-09	3.399600e+01	8.376411e+01
3.140000e-06	4.913764e-06	1.256513e-09	3.414647e+01	8.395983e+01
3.150000e-06	4.935099e-06	1.262062e-09	3.429473e+01	8.415106e+01
3.160000e-06	4.956124e-06	1.267759e-09	3.444083e+01	8.433773e+01
3.170000e-06	4.976763e-06	1.271720e-09	3.458426e+01	8.451979e+01
3.180000e-06	4.997104e-06	1.270915e-09	3.472562e+01	8.469718e+01
3.190000e-06	5.017171e-06	1.271273e-09	3.486506e+01	8.486983e+01
3.200000e-06	5.036992e-06	1.274177e-09	3.500280e+01	8.503767e+01
3.210000e-06	5.056604e-06	1.276813e-09	3.513908e+01	8.520063e+01
3.220000e-06	5.076022e-06	1.281311e-09	3.527403e+01	8.535866e+01
3.230000e-06	5.095118e-06	1.285261e-09	3.540672e+01	8.551167e+01
3.240000e-06	5.113799e-06	1.287290e-09	3.553654e+01	8.565962e+01
3.250000e-06	5.131958e-06	1.286665e-09	3.566273e+01	8.580244e+01
3.260000e-06	5.149625e-06	1.284200e-09	3.578550e+01	8.594008e+01
3.270000e-06	5.166880e-06	1.283462e-09	3.590541e+01	8.607250e+01
3.280000e-06	5.183835e-06	1.287652e-09	3.602324e+01	8.619966e+01
3.290000e-06	5.200601e-06	1.295952e-09	3.613974e+01	8.632153e+01
3.300000e-06	5.217061e-06	1.301516e-09	3.625413e+01	8.643808e+01
3.310000e-06	5.233113e-06	1.301639e-09	3.636567e+01	8.654931e+01
3.320000e-06	5.248713e-06	1.301348e-09	3.647408e+01	8.665520e+01
3.330000e-06	5.263810e-06	1.298824e-09	3.657899e+01	8.675577e+01
3.340000e-06	5.278402e-06	1.296317e-09	3.668040e+01	8.685104e+01
3.350000e-06	5.292550e-06	1.297776e-09	3.677871e+01	8.694103e+01
3.360000e-06	5.306406e-06	1.304515e-09	3.687500e+01	8.702579e+01
3.370000e-06	5.319946e-06	1.312634e-09	3.696909e+01	8.710536e+01
3.380000e-06	5.333045e-06	1.317395e-09	3.706011e+01	8.717980e+01
3.390000e-06	5.345646e-06	1.318272e-09	3.714768e+01	8.724919e+01
3.400000e-06	5.357795e-06	1.316090e-09	3.723211e+01	8.731361e+01
3.410000e-06	5.369674e-06	1.314127e-09	3.731466e+01	8.737314e+01
3.420000e-06	5.381241e-06	1.314409e-09	3.739504e+01	8.742790e+01
3.430000e-06	5.392407e-06	1.314470e-09	3.747263e+01	8.747798e+01
3.440000e-06	5.403140e-06	1.317450e-09	3.754721e+01	8.752350e+01
3.450000e-06	5.413303e-06	1.322847e-09	3.761784e+01	8.756458e+01
3.460000e-06	5.422796e-06	1.324282e-09	3.768381e+01	8.760136e+01
3.470000e-06	5.431716e-06	1.323922e-09	3.774580e+01	8.763396e+01
3.480000e-06	5.440162e-06	1.322257e-09	3.780449e+01	8.766253e+01
3.490000e-06	5.448140e-06	1.324552e-09	3.785992e+01	8.768719e+01
3.500000e-06	5.455819e-06	1.328664e-09	3.791329e+01	8.770811e+01
3.510000e-06	5.463339e-06	1.329882e-09	3.796555e+01	8.772541e+01
3.520000e-06	5.470580e-06	1.329377e-09	3.801586e+01	8.773924e+01
3.530000e-06	5.477411e-06	1.329142e-09	3.806333e+01	8.774975e+01
3.540000e-06	5.483834e-06	1.328943e-09	3.810797e+01	8.775707e+01
3.550000e-06	5.489876e-06	1.327808e-09	3.814996e+01	8.776134e+01
3.560000e-06	5.495542e-06	1.327327e-09	3.818933e+01	8.776270e+01
3.570000e-06	5.500838e-06	1.329542e-09	3.822614e+01	8.776127e+01
3.580000e-06	5.505694e-06	1.332551e-09	3.825988e+01	8.775718e+01
3.590000e-06	5.510135e-06	1.334948e-09	3.829074e+01	8.775055e+01
3.600000e-06	5.514250e-06	1.336150e-09	3.831934e+01	8.774148e+01
3.610000e-06	5.518085e-06	1.337340e-09	3.834599e+01	8.773007e+01
3.620000e-06	5.521653e-06	1.337721e-09	3.837078e+01	8.771643e+01
3.630000e-06	5.524981e-06	1.335634e-09	3.839391e+01	8.770064e+01
3.640000e-06	5.527947e-06	1.332896e-09	3.841452e+01	8.768278e+01
3.650000e-06	5.530435e-06	1.333390e-09	3.843181e+01	8.766291e+01
3.660000e-06	5.532295e-06	1.336156e-09	3.844474e+01	8.764109e+01
3.670000e-06	5.533576e-06	1.338154e-09	3.845363e+01	8.761738e+01
3.680000e-06	5.534309e-06	1.341263e-09	3.845873e+01	8.759181e+01
3.690000e-06	5.534492e-06	1.345496e-09	3.846000e+01	8.756441e+01
3.700000e-06	5.534396e-06	1.348260e-09	3.845934e+01	8.753521e+01
3.710000e-06	5.534073e-06	1.348182e-09	3.845709e+01	8.750422e+01
3.720000e-06	5.533504e-06	1.346031e-09	3.845314e+01	8.747144e+01
3.730000e-06	5.532614e-06	1.343644e-09	3.844695e+01	8.743686e+01
3.740000e-06	5.531266e-06	1.343942e-09	3.843758e+01	8.740048e+01
3.750000e-06	5.529491e-06	1.357876e-09	3.842525e+01	8.736226e+01
3.760000e-06	5.527400e-06	1.372771e-09	3.841072e+01	8.732218e+01
3.770000e-06	5.524982e-06	1.351069e-09	3.839391e+01	8.728020e+01
3.780000e-06	5.522217e-06	1.308680e-09	3.837470e+01	8.723627e+01
3.790000e-06	5.519002e-06	1.253874e-09	3.835236e+01	8.719035e+01
3.800000e-06	5.515224e-06	1.261866e-09	3.832610e+01	8.714238e+01
3.810000e-06	5.511106e-06	1.378669e-09	3.829749e+01	8.709230e+01
3.820000e-06	5.506888e-06	1.434000e-09	3.826818e+01	8.704003e+01
3.830000e-06	5.502479e-06	1.403172e-09	3.823754e+01	8.698550e+01
3.840000e-06	5.497661e-06	1.343688e-09	3.820406e+01	8.692865e+01
3.850000e-06	5.492234e-06	1.365087e-09	3.816635e+01	8.686938e+01
3.860000e-06	5.486332e-06	1.388113e-09	3.812533e+01	8.680762e+01
3.870000e-06	5.480173e-06	1.311010e-09	3.808253e+01	8.674328e+01
3.880000e-06	5.473632e-06	1.272748e-09	3.803707e+01	8.667626e+01
3.890000e-06	5.466416e-06	1.374437e-09	3.798693e+01	8.660648e+01
3.900000e-06	5.458642e-06	1.473983e-09	3.793291e+01	8.653385e+01
3.910000e-06	5.450514e-06	1.338194e-09	3.787642e+01	8.645826e+01
3.920000e-06	5.442047e-06	1.203868e-09	3.781759e+01	8.637962e+01
3.930000e-06	5.433214e-06	1.286531e-09	3.775620e+01	8.629783e+01
3.940000e-06	5.424189e-06	1.422411e-09	3.769349e+01	8.621280e+01
3.950000e-06	5.414937e-06	1.349533e-09	3.762919e+01	8.612442e+01
3.960000e-06	5.405214e-06	1.256158e-09	3.756163e+01	8.603260e+01
3.970000e-06	5.394978e-06	1.323475e-09	3.749050e+01	8.593722e+01
3.980000e-06	5.384365e-06	1.385229e-09	3.741675e+01	8.583820e+01
3.990000e-06	5.373397e-06	1.292207e-09	3.734053e+01	8.573543e+01
4.000000e-06	5.361963e-06	1.256216e-09	3.726107e+01	8.562881e+01
4.010000e-06	5.350155e-06	1.336494e-09	3.717901e+01	8.551824e+01
4.020000e-06	5.338033e-06	1.333624e-09	3.709478e+01	8.540361e+01
4.030000e-06	5.325505e-06	1.248209e-09	3.700772e+01	8.528484e+01
4.040000e-06	5.312391e-06	1.257511e-09	3.691659e+01	8.516182e+01
4.050000e-06	5.298876e-06	1.328188e-09	3.682267e+01	8.503445e+01
4.060000e-06	5.284906e-06	1.279736e-09	3.672559e+01	8.490265e+01
4.070000e-06	5.270170e-06	1.224104e-09	3.662319e+01	8.476631e+01
4.080000e-06	5.254794e-06	1.252094e-09	3.651634e+01	8.462535e+01
4.090000e-06	5.239046e-06	1.321138e-09	3.640691e+01	8.447968e+01
4.100000e-06	5.222962e-06	1.293333e-09	3.629513e+01	8.432920e+01
4.110000e-06	5.206565e-06	1.238172e-09	3.618119e+01	8.417384e+01
4.120000e-06	5.189955e-06	1.234771e-09	3.606576e+01	8.401353e+01
4.130000e-06	5.173105e-06	1.282295e-09	3.594867e+01	8.384817e+01
4.140000e-06	5.155766e-06	1.276496e-09	3.582818e+01	8.367771e+01
4.150000e-06	5.137939e-06	1.235377e-09	3.570430e+01	8.350208e+01
4.160000e-06	5.119845e-06	1.246659e-09	3.557856e+01	8.332121e+01
4.170000e-06	5.101466e-06	1.287856e-09	3.545084e+01	8.313505e+01
4.180000e-06	5.082697e-06	1.247572e-09	3.532041e+01	8.294356e+01
4.190000e-06	5.063594e-06	1.220961e-09	3.518766e+01	8.274670e+01
4.200000e-06	5.044198e-06	1.270408e-09	3.505287e+01	8.254442e+01
4.210000e-06	5.024420e-06	1.267589e-09	3.491544e+01	8.233671e+01
4.220000e-06	5.004331e-06	1.203440e-09	3.477583e+01	8.212354e+01
4.230000e-06	4.984087e-06	1.223845e-09	3.463515e+01	8.190492e+01
4.240000e-06	4.963656e-06	1.267280e-09	3.449317e+01	8.168083e+01
4.250000e-06	4.943015e-06	1.224794e-09	3.434974e+01	8.145130e+01
4.260000e-06	4.922106e-06	1.215704e-09	3.420444e+01	8.121633e+01
4.270000e-06	4.900634e-06	1.243821e-09	3.405523e+01	8.097596e+01
4.280000e-06	4.878437e-06	1.214800e-09	3.390098e+01	8.073022e+01
4.290000e-06	4.855669e-06	1.200642e-09	3.374276e+01	8.047918e+01
4.300000e-06	4.832366e-06	1.248316e-09	3.358082e+01	8.022288e+01
4.310000e-06	4.808576e-06	1.226043e-09	3.341551e+01	7.996139e+01
4.320000e-06	4.784486e-06	1.187581e-09	3.324810e+01	7.969480e+01
4.330000e-06	4.760206e-06	1.218007e-09	3.307937e+01	7.942319e+01
4.340000e-06	4.735749e-06	1.233318e-09	3.290942e+01	7.914666e+01
4.350000e-06	4.711073e-06	1.186277e-09	3.273794e+01	7.886532e+01
4.360000e-06	4.686067e-06	1.182285e-09	3.256417e+01	7.857928e+01
4.370000e-06	4.660693e-06	1.191071e-09	3.238784e+01	7.828867e+01
4.380000e-06	4.635002e-06	1.171093e-09	3.220931e+01	7.799360e+01
4.390000e-06	4.608941e-06	1.168132e-09	3.202821e+01	7.769423e+01
4.400000e-06	4.582454e-06	1.195662e-09	3.184415e+01	7.739068e+01
4.410000e-06	4.555676e-06	1.186538e-09	3.165806e+01	7.708310e+01
4.420000e-06	4.528628e-06	1.164472e-09	3.147010e+01	7.677163e+01
4.430000e-06	4.501146e-06	1.161280e-09	3.127913e+01	7.645644e+01
4.440000e-06	4.473407e-06	1.165580e-09	3.108636e+01	7.613765e+01
4.450000e-06	4.445485e-06	1.159477e-09	3.089233e+01	7.581544e+01
4.460000e-06	4.417338e-06	1.154581e-09	3.069673e+01	7.548993e+01
4.470000e-06	4.389012e-06	1.151557e-09	3.049989e+01	7.516129e+01
4.480000e-06	4.360501e-06	1.148205e-09	3.030177e+01	7.482964e+01
4.490000e-06	4.331733e-06	1.146682e-09	3.010185e+01	7.449512e+01
4.500000e-06	4.302613e-06	1.144002e-09	2.989949e+01	7.415787e+01
4.510000e-06	4.273104e-06	1.135953e-09	2.969443e+01	7.381801e+01
4.520000e-06	4.243064e-06	1.127346e-09	2.948568e+01	7.347564e+01
4.530000e-06	4.212371e-06	1.125809e-09	2.927239e+01	7.313088e+01
4.540000e-06	4.181260e-06	1.127427e-09	2.905619e+01	7.278381e+01
4.550000e-06	4.149779e-06	1.128558e-09	2.883743e+01	7.243452e+01
4.560000e-06	4.117863e-06	1.118172e-09	2.861564e+01	7.208307e+01
4.570000e-06	4.085741e-06	1.103391e-09	2.839242e+01	7.172951e+01
4.580000e-06	4.053487e-06	1.096041e-09	2.816828e+01	7.137390e+01
4.590000e-06	4.021082e-06	1.099155e-09	2.794309e+01	7.101626e+01
4.600000e-06	3.988490e-06	1.093734e-09	2.771660e+01	7.065660e+01
4.610000e-06	3.955626e-06	1.087957e-09	2.748823e+01	7.029491e+01
4.620000e-06	3.922507e-06	1.083395e-09	2.725808e+01	6.993119e+01
4.630000e-06	3.889100e-06	1.076877e-09	2.702593e+01	6.956540e+01
4.640000e-06	3.855368e-06	1.066758e-09	2.679152e+01	6.919750e+01
4.650000e-06	3.821382e-06	1.067089e-09	2.655535e+01	6.882742e+01
4.660000e-06	3.787187e-06	1.059016e-09	2.631772e+01	6.845509e+01
4.670000e-06	3.752777e-06	1.049973e-09	2.607860e+01	6.808043e+01
4.680000e-06	3.718118e-06	1.048515e-09	2.583775e+01	6.770334e+01
4.690000e-06	3.683171e-06	1.052885e-09	2.559490e+01	6.732371e+01
4.700000e-06	3.647937e-06	1.050952e-09	2.535005e+01	6.694142e+01
4.710000e-06	3.612401e-06	1.043567e-09	2.510311e+01	6.655634e+01
4.720000e-06	3.576573e-06	1.035262e-09	2.485413e+01	6.616834e+01
4.730000e-06	3.540560e-06	1.027724e-09	2.460387e+01	6.577728e+01
4.740000e-06	3.504422e-06	1.022670e-09	2.435274e+01	6.538301e+01
4.750000e-06	3.468162e-06	1.017319e-09	2.410077e+01	6.498537e+01
4.760000e-06	3.431793e-06	1.009984e-09	2.384804e+01	6.458422e+01
4.770000e-06	3.395294e-06	1.001818e-09	2.359440e+01	6.417941e+01
4.780000e-06	3.358586e-06	9.956725e-10	2.333931e+01	6.377078e+01
4.790000e-06	3.321609e-06	9.906424e-10	2.308235e+01	6.335819e+01
4.800000e-06	3.284231e-06	9.840431e-10	2.282260e+01	6.294148e+01
4.810000e-06	3.246390e-06	9.792256e-10	2.255964e+01	6.252052e+01
4.820000e-06	3.208322e-06	9.744707e-10	2.229510e+01	6.209517e+01
4.830000e-06	3.170004e-06	9.657869e-10	2.202883e+01	6.166531e+01
4.840000e-06	3.131235e-06	9.607613e-10	2.175941e+01	6.123082e+01
4.850000e-06	3.091932e-06	9.539206e-10	2.148629e+01	6.079158e+01
4.860000e-06	3.052234e-06	9.460548e-10	2.121042e+01	6.034751e+01
4.870000e-06	3.012385e-06	9.360541e-10	2.093351e+01	5.989851e+01
4.880000e-06	2.972341e-06	9.319716e-10	2.065523e+01	5.944451e+01
4.890000e-06	2.932141e-06	9.278635e-10	2.037588e+01	5.898544e+01
4.900000e-06	2.891877e-06	9.210445e-10	2.009608e+01	5.852125e+01
4.910000e-06	2.851483e-06	9.115618e-10	1.981537e+01	5.805189e+01
4.920000e-06	2.810911e-06	9.011402e-10	1.953344e+01	5.757733e+01
4.930000e-06	2.770187e-06	8.931087e-10	1.925044e+01	5.709756e+01
4.940000e-06	2.729356e-06	8.880149e-10	1.896670e+01	5.661255e+01
4.950000e-06	2.688432e-06	8.824148e-10	1.868231e+01	5.612232e+01
4.960000e-06	2.647282e-06	8.763880e-10	1.839635e+01	5.562685e+01
4.970000e-06	2.605943e-06	8.679381e-10	1.810908e+01	5.512616e+01
4.980000e-06	2.564502e-06	8.606823e-10	1.782111e+01	5.462027e+01
4.990000e-06	2.522771e-06	8.529929e-10	1.753111e+01	5.410919e+01
5.000000e-06	2.480778e-06	8.459269e-10	1.723929e+01	5.359293e+01
5.010000e-06	2.438682e-06	8.432038e-10	1.694676e+01	5.307153e+01
5.020000e-06	2.396460e-06	8.411746e-10	1.665335e+01	5.254498e+01
5.030000e-06	2.354037e-06	8.339099e-10	1.635855e+01	5.201330e+01
5.040000e-06	2.311443e-06	8.263144e-10	1.606256e+01	5.147650e+01
5.050000e-06	2.268763e-06	8.187737e-10	1.576597e+01	5.093455e+01
5.060000e-06	2.225906e-06	8.080559e-10	1.546815e+01	5.038744e+01
5.070000e-06	2.182880e-06	8.002528e-10	1.516915e+01	4.983514e+01
5.080000e-06	2.139749e-06	7.934100e-10	1.486943e+01	4.927759e+01
5.090000e-06	2.096399e-06	7.854968e-10	1.456819e+01	4.871471e+01
5.100000e-06	2.052846e-06	7.795151e-10	1.426553e+01	4.814643e+01
5.110000e-06	2.009162e-06	7.759273e-10	1.396196e+01	4.757263e+01
5.120000e-06	1.965314e-06	7.676034e-10	1.365726e+01	4.699316e+01
5.130000e-06	1.921340e-06	7.577344e-10	1.335167e+01	4.640786e+01
5.140000e-06	1.877291e-06	7.492254e-10	1.304557e+01	4.581654e+01
5.150000e-06	1.833152e-06	7.412650e-10	1.273884e+01	4.521898e+01
5.160000e-06	1.788959e-06	7.307442e-10	1.243174e+01	4.461492e+01
5.170000e-06	1.744708e-06	7.198613e-10	1.212423e+01	4.400410e+01
5.180000e-06	1.700394e-06	7.107996e-10	1.181629e+01	4.338619e+01
5.190000e-06	1.656048e-06	7.035168e-10	1.150812e+01	4.276086e+01
5.200000e-06	1.611634e-06	6.954734e-10	1.119948e+01	4.212774e+01
5.210000e-06	1.567134e-06	6.859989e-10	1.089025e+01	4.148642e+01
5.220000e-06	1.522537e-06	6.725658e-10	1.058034e+01	4.083648e+01
5.230000e-06	1.477820e-06	6.584926e-10	1.026959e+01	4.017745e+01
5.240000e-06	1.433091e-06	6.426004e-10	9.958764e+00	3.950887e+01
5.250000e-06	1.388395e-06	6.258531e-10	9.648160e+00	3.883023e+01
5.260000e-06	1.343552e-06	6.149057e-10	9.336540e+00	3.814099e+01
5.270000e-06	1.298558e-06	6.058900e-10	9.023868e+00	3.744062e+01
5.280000e-06	1.253478e-06	5.990989e-10	8.710604e+00	3.672856e+01
5.290000e-06	1.208228e-06	5.871113e-10	8.396154e+00	3.600424e+01
5.300000e-06	1.162800e-06	5.714788e-10	8.080471e+00	3.526708e+01
5.310000e-06	1.117257e-06	5.567827e-10	7.763986e+00	3.451649e+01
5.320000e-06	1.071687e-06	5.420266e-10	7.447309e+00	3.375190e+01
5.330000e-06	1.026003e-06	5.294790e-10	7.129848e+00	3.297271e+01
5.340000e-06	9.802233e-07	5.209224e-10	6.811716e+00	3.217837e+01
5.350000e-06	9.343843e-07	5.064575e-10	6.493174e+00	3.136830e+01
5.360000e-06	8.884260e-07	4.901305e-10	6.173803e+00	3.054198e+01
5.370000e-06	8.424476e-07	4.765105e-10	5.854293e+00	2.969887e+01
5.380000e-06	7.963730e-07	4.643905e-10	5.534113e+00	2.883848e+01
5.390000e-06	7.502361e-07	4.534857e-10	5.213501e+00	2.796036e+01
5.400000e-06	7.041315e-07	4.432133e-10	4.893113e+00	2.706408e+01
5.410000e-06	6.579420e-07	4.308091e-10	4.572136e+00	2.614925e+01
5.420000e-06	6.116244e-07	4.155245e-10	4.250268e+00	2.521553e+01
5.430000e-06	5.652722e-07	3.994351e-10	3.928160e+00	2.426264e+01
5.440000e-06	5.188660e-07	3.830452e-10	3.605676e+00	2.329033e+01
5.450000e-06	4.723309e-07	3.645760e-10	3.282297e+00	2.229843e+01
5.460000e-06	4.258192e-07	3.457930e-10	2.959081e+00	2.128682e+01
5.470000e-06	3.793150e-07	3.319024e-10	2.635916e+00	2.025543e+01
5.480000e-06	3.327730e-07	3.183001e-10	2.312488e+00	1.920429e+01
5.490000e-06	2.862318e-07	3.064621e-10	1.989067e+00	1.813346e+01
5.500000e-06	2.396856e-07	2.906547e-10	1.665611e+00	1.704310e+01
5.510000e-06	1.932498e-07	2.700738e-10	1.342922e+00	1.593343e+01
5.520000e-06	1.468447e-07	2.492628e-10	1.020445e+00	1.480475e+01
5.530000e-06	1.003203e-07	2.285698e-10	6.971407e-01	1.365743e+01
5.540000e-06	5.373676e-08	2.055689e-10	3.734247e-01	1.249190e+01
5.550000e-06	7.200099e-09	1.867515e-10	5.003455e-02	1.130869e+01
5.560000e-06	-3.931618e-08	1.739306e-10	-2.732139e-01	1.010838e+01
5.570000e-06	-8.580763e-08	1.600465e-10	-5.962899e-01	8.891645e+00
5.580000e-06	-1.322813e-07	1.412624e-10	-9.192422e-01	7.659205e+00
5.590000e-06	-1.788598e-07	1.199918e-10	-1.242923e+00	6.411861e+00
5.600000e-06	-2.254494e-07	9.609897e-11	-1.566681e+00	5.150478e+00
5.610000e-06	-2.720678e-07	7.238170e-11	-1.890639e+00	3.875980e+00
5.620000e-06	-3.185502e-07	4.633476e-11	-2.213652e+00	2.589350e+00
5.630000e-06	-3.648593e-07	2.670670e-11	-2.535461e+00	1.291623e+00
5.640000e-06	-4.112979e-07	1.208371e-11	-2.858170e+00	-1.611338e-02
5.650000e-06	-4.577231e-07	-3.647043e-12	-3.180786e+00	-1.332730e+00
5.660000e-06	-5.040152e-07	-2.242746e-11	-3.502476e+00	-2.657056e+00
5.670000e-06	-5.502365e-07	-4.459183e-11	-3.823674e+00	-3.987887e+00
5.680000e-06	-5.963804e-07	-6.883827e-11	-4.144335e+00	-5.323989e+00
5.690000e-06	-6.424663e-07	-9.599462e-11	-4.464593e+00	-6.664108e+00
5.700000e-06	-6.884760e-07	-1.238085e-10	-4.784321e+00	-8.006969e+00
5.710000e-06	-7.345671e-07	-1.487265e-10	-5.104615e+00	-9.351288e+00
5.720000e-06	-7.806714e-07	-1.670137e-10	-5.425001e+00	-1.069577e+01
5.730000e-06	-8.266170e-07	-1.823342e-10	-5.744284e+00	-1.203914e+01
5.740000e-06	-8.725395e-07	-2.004828e-10	-6.063405e+00	-1.338010e+01
5.750000e-06	-9.183878e-07	-2.223715e-10	-6.382012e+00	-1.471740e+01
5.760000e-06	-9.641028e-07	-2.464793e-10	-6.699692e+00	-1.604977e+01
5.770000e-06	-1.009699e-06	-2.731490e-10	-7.016546e+00	-1.737599e+01
5.780000e-06	-1.055223e-06	-2.980557e-10	-7.332898e+00	-1.869487e+01
5.790000e-06	-1.100691e-06	-3.232785e-10	-7.648866e+00	-2.000524e+01
5.800000e-06	-1.146020e-06	-3.476157e-10	-7.963859e+00	-2.130598e+01
5.810000e-06	-1.191195e-06	-3.677003e-10	-8.277791e+00	-2.259603e+01
5.820000e-06	-1.236239e-06	-3.839725e-10	-8.590806e+00	-2.387434e+01
5.830000e-06	-1.281142e-06	-4.042597e-10	-8.902846e+00	-2.513994e+01
5.840000e-06	-1.325942e-06	-4.253853e-10	-9.214170e+00	-2.639192e+01
5.850000e-06	-1.370710e-06	-4.416993e-10	-9.525267e+00	-2.762941e+01
5.860000e-06	-1.415441e-06	-4.614133e-10	-9.836109e+00	-2.885162e+01
5.870000e-06	-1.460155e-06	-4.835761e-10	-1.014683e+01	-3.005781e+01
5.880000e-06	-1.504733e-06	-5.063946e-10	-1.045661e+01	-3.124731e+01
5.890000e-06	-1.549181e-06	-5.268559e-10	-1.076548e+01	-3.241953e+01
5.900000e-06	-1.593624e-06	-5.411443e-10	-1.107433e+01	-3.357392e+01
5.910000e-06	-1.638016e-06	-5.525475e-10	-1.138281e+01	-3.471004e+01
5.920000e-06	-1.682360e-06	-5.676794e-10	-1.169097e+01	-3.582747e+01
5.930000e-06	-1.726614e-06	-5.846095e-10	-1.199849e+01	-3.692589e+01
5.940000e-06	-1.770781e-06	-6.022319e-10	-1.230542e+01	-3.800504e+01
5.950000e-06	-1.814937e-06	-6.246136e-10	-1.261227e+01	-3.906473e+01
5.960000e-06	-1.859034e-06	-6.441437e-10	-1.291870e+01	-4.010481e+01
5.970000e-06	-1.903023e-06	-6.588213e-10	-1.322439e+01	-4.112522e+01
5.980000e-06	-1.946945e-06	-6.707747e-10	-1.352961e+01	-4.212595e+01
5.990000e-06	-1.990725e-06	-6.817952e-10	-1.383384e+01	-4.310703e+01
6.000000e-06	-2.034312e-06	-6.962754e-10	-1.413674e+01	-4.406857e+01
6.010000e-06	-2.077738e-06	-7.105356e-10	-1.443851e+01	-4.501071e+01
6.020000e-06	-2.121060e-06	-7.264517e-10	-1.473956e+01	-4.593364e+01
6.030000e-06	-2.164212e-06	-7.439853e-10	-1.503943e+01	-4.683760e+01
6.040000e-06	-2.207173e-06	-7.604501e-10	-1.533797e+01	-4.772287e+01
6.050000e-06	-2.249934e-06	-7.772485e-10	-1.563512e+01	-4.858975e+01
6.060000e-06	-2.292529e-06	-7.864822e-10	-1.593112e+01	-4.943859e+01
6.070000e-06	-2.335027e-06	-7.946791e-10	-1.622644e+01	-5.026974e+01
6.080000e-06	-2.377356e-06	-8.054461e-10	-1.652060e+01	-5.108361e+01
6.090000e-06	-2.419542e-06	-8.233137e-10	-1.681375e+01	-5.188059e+01
6.100000e-06	-2.461516e-06	-8.446867e-10	-1.710544e+01	-5.266111e+01
6.110000e-06	-2.503314e-06	-8.593919e-10	-1.739590e+01	-5.342560e+01
6.120000e-06	-2.545005e-06	-8.719562e-10	-1.768562e+01	-5.417451e+01
6.130000e-06	-2.586411e-06	-8.846385e-10	-1.797335e+01	-5.490829e+01
6.140000e-06	-2.627542e-06	-8.956715e-10	-1.825918e+01	-5.562737e+01
6.150000e-06	-2.668468e-06	-9.083539e-10	-1.854358e+01	-5.633219e+01
6.160000e-06	-2.709244e-06	-9.197679e-10	-1.882694e+01	-5.702321e+01
6.170000e-06	-2.749872e-06	-9.275635e-10	-1.910926e+01	-5.770084e+01
6.180000e-06	-2.790333e-06	-9.356120e-10	-1.939044e+01	-5.836551e+01
6.190000e-06	-2.830709e-06	-9.474754e-10	-1.967101e+01	-5.901762e+01
6.200000e-06	-2.871004e-06	-9.603329e-10	-1.995103e+01	-5.965756e+01
6.210000e-06	-2.911192e-06	-9.726013e-10	-2.023030e+01	-6.028570e+01
6.220000e-06	-2.951237e-06	-9.849976e-10	-2.050858e+01	-6.090242e+01
6.230000e-06	-2.991216e-06	-9.951889e-10	-2.078640e+01	-6.150803e+01
6.240000e-06	-3.031015e-06	-1.003672e-09	-2.106297e+01	-6.210287e+01
6.250000e-06	-3.070598e-06	-1.009796e-09	-2.133804e+01	-6.268723e+01
6.260000e-06	-3.109899e-06	-1.015357e-09	-2.161115e+01	-6.326140e+01
6.270000e-06	-3.148842e-06	-1.022222e-09	-2.188177e+01	-6.382563e+01
6.280000e-06	-3.187390e-06	-1.032532e-09	-2.214964e+01	-6.438017e+01
6.290000e-06	-3.225466e-06	-1.042165e-09	-2.241424e+01	-6.492523e+01
6.300000e-06	-3.263143e-06	-1.047114e-09	-2.267606e+01	-6.546103e+01
6.310000e-06	-3.300437e-06	-1.050602e-09	-2.293523e+01	-6.598774e+01
6.320000e-06	-3.337482e-06	-1.055109e-09	-2.319265e+01	-6.650554e+01
6.330000e-06	-3.374209e-06	-1.062829e-09	-2.344787e+01	-6.701458e+01
6.340000e-06	-3.410642e-06	-1.070371e-09	-2.370105e+01	-6.751500e+01
6.350000e-06	-3.446967e-06	-1.077131e-09	-2.395348e+01	-6.800693e+01
6.360000e-06	-3.483237e-06	-1.084215e-09	-2.420553e+01	-6.849049e+01
6.370000e-06	-3.519409e-06	-1.091978e-09	-2.445690e+01	-6.896577e+01
6.380000e-06	-3.555369e-06	-1.103356e-09	-2.470678e+01	-6.943289e+01
6.390000e-06	-3.591029e-06	-1.108582e-09	-2.495459e+01	-6.989193e+01
6.400000e-06	-3.626435e-06	-1.112290e-09	-2.520063e+01	-7.034297e+01
6.410000e-06	-3.661628e-06	-1.115491e-09	-2.544519e+01	-7.078611e+01
6.420000e-06	-3.696553e-06	-1.121597e-09	-2.568789e+01	-7.122141e+01
6.430000e-06	-3.731230e-06	-1.126959e-09	-2.592886e+01	-7.164897e+01
6.440000e-06	-3.765707e-06	-1.129749e-09	-2.616846e+01	-7.206886e+01
6.450000e-06	-3.799970e-06	-1.136255e-09	-2.640655e+01	-7.248115e+01
6.460000e-06	-3.833899e-06	-1.142019e-09	-2.664233e+01	-7.288593e+01
6.470000e-06	-3.867552e-06	-1.145034e-09	-2.687619e+01	-7.328330e+01
6.480000e-06	-3.901040e-06	-1.150831e-09	-2.710890e+01	-7.367332e+01
6.490000e-06	-3.934073e-06	-1.161667e-09	-2.733846e+01	-7.405611e+01
6.500000e-06	-3.966732e-06	-1.171980e-09	-2.756541e+01	-7.443175e+01
6.510000e-06	-3.999329e-06	-1.178696e-09	-2.779193e+01	-7.480034e+01
6.520000e-06	-4.031729e-06	-1.180481e-09	-2.801708e+01	-7.516200e+01
6.530000e-06	-4.063909e-06	-1.182784e-09	-2.824070e+01	-7.551684e+01
6.540000e-06	-4.095964e-06	-1.186800e-09	-2.846346e+01	-7.586498e+01
6.550000e-06	-4.127740e-06	-1.193117e-09	-2.868428e+01	-7.620652e+01
6.560000e-06	-4.159134e-06	-1.201741e-09	-2.890243e+01	-7.654161e+01
6.570000e-06	-4.190083e-06	-1.215204e-09	-2.911751e+01	-7.687037e+01
6.580000e-06	-4.220578e-06	-1.224267e-09	-2.932942e+01	-7.719293e+01
6.590000e-06	-4.250608e-06	-1.224838e-09	-2.953810e+01	-7.750942e+01
6.600000e-06	-4.280085e-06	-1.223139e-09	-2.974294e+01	-7.781998e+01
6.610000e-06	-4.309090e-06	-1.224808e-09	-2.994450e+01	-7.812475e+01
6.620000e-06	-4.337782e-06	-1.228469e-09	-3.014389e+01	-7.842385e+01
6.630000e-06	-4.366277e-06	-1.231807e-09	-3.034190e+01	-7.871743e+01
6.640000e-06	-4.394634e-06	-1.237784e-09	-3.053896e+01	-7.900560e+01
6.650000e-06	-4.422803e-06	-1.245885e-09	-3.073471e+01	-7.928851e+01
6.660000e-06	-4.450712e-06	-1.251894e-09	-3.092866e+01	-7.956626e+01
6.670000e-06	-4.478407e-06	-1.255875e-09	-3.112111e+01	-7.983898e+01
6.680000e-06	-4.505759e-06	-1.256326e-09	-3.131118e+01	-8.010678e+01
6.690000e-06	-4.532592e-06	-1.256828e-09	-3.149765e+01	-8.036975e+01
6.700000e-06	-4.559042e-06	-1.259821e-09	-3.168145e+01	-8.062800e+01
6.710000e-06	-4.585271e-06	-1.263430e-09	-3.186372e+01	-8.088161e+01
6.720000e-06	-4.611237e-06	-1.266558e-09	-3.204417e+01	-8.113066e+01
6.730000e-06	-4.636863e-06	-1.269075e-09	-3.222224e+01	-8.137521e+01
6.740000e-06	-4.662162e-06	-1.272084e-09	-3.239805e+01	-8.161532e+01
6.750000e-06	-4.687161e-06	-1.274967e-09	-3.257177e+01	-8.185103e+01
6.760000e-06	-4.711823e-06	-1.277746e-09	-3.274315e+01	-8.208239e+01
6.770000e-06	-4.736265e-06	-1.282542e-09	-3.291301e+01	-8.230941e+01
6.780000e-06	-4.760541e-06	-1.289520e-09	-3.308170e+01	-8.253211e+01
6.790000e-06	-4.784588e-06	-1.294500e-09	-3.324881e+01	-8.275050e+01
6.800000e-06	-4.808283e-06	-1.298311e-09	-3.341347e+01	-8.296456e+01
6.810000e-06	-4.831530e-06	-1.300042e-09	-3.357502e+01	-8.317429e+01
6.820000e-06	-4.854356e-06	-1.302312e-09	-3.373364e+01	-8.337965e+01
6.830000e-06	-4.876561e-06	-1.307392e-09	-3.388794e+01	-8.358061e+01
6.840000e-06	-4.898142e-06	-1.312010e-09	-3.403791e+01	-8.377713e+01
6.850000e-06	-4.919215e-06	-1.314779e-09	-3.418435e+01	-8.396916e+01
6.860000e-06	-4.939914e-06	-1.317578e-09	-3.432819e+01	-8.415665e+01
6.870000e-06	-4.960443e-06	-1.319348e-09	-3.447085e+01	-8.433954e+01
6.880000e-06	-4.980771e-06	-1.318616e-09	-3.461211e+01	-8.451777e+01
6.890000e-06	-5.000777e-06	-1.317149e-09	-3.475114e+01	-8.469127e+01
6.900000e-06	-5.020493e-06	-1.319429e-09	-3.488815e+01	-8.485997e+01
6.910000e-06	-5.039973e-06	-1.321474e-09	-3.502352e+01	-8.502380e+01
6.920000e-06	-5.059069e-06	-1.323426e-09	-3.515621e+01	-8.518271e+01
6.930000e-06	-5.077777e-06	-1.326806e-09	-3.528622e+01	-8.533661e+01
6.940000e-06	-5.096242e-06	-1.328002e-09	-3.541454e+01	-8.548546e+01
6.950000e-06	-5.114403e-06	-1.328849e-09	-3.554074e+01	-8.562920e+01
6.960000e-06	-5.132106e-06	-1.330404e-09	-3.566376e+01	-8.576776e+01
6.970000e-06	-5.149450e-06	-1.329494e-09	-3.578429e+01	-8.590111e+01
6.980000e-06	-5.166489e-06	-1.330796e-09	-3.590269e+01	-8.602920e+01
6.990000e-06	-5.183200e-06	-1.336865e-09	-3.601882e+01	-8.615201e+01
7.000000e-06	-5.199627e-06	-1.342421e-09	-3.613298e+01	-8.626950e+01
7.010000e-06	-5.215721e-06	-1.345957e-09	-3.624482e+01	-8.638167e+01
7.020000e-06	-5.231571e-06	-1.347366e-09	-3.635496e+01	-8.648850e+01
7.030000e-06	-5.247027e-06	-1.344668e-09	-3.646237e+01	-8.659002e+01
7.040000e-06	-5.261801e-06	-1.340501e-09	-3.656503e+01	-8.668622e+01
7.050000e-06	-5.275798e-06	-1.337192e-09	-3.666230e+01	-8.677714e+01
7.060000e-06	-5.289253e-06	-1.335690e-09	-3.675580e+01	-8.686282e+01
7.070000e-06	-5.302385e-06	-1.336969e-09	-3.684705e+01	-8.694331e+01
7.080000e-06	-5.315052e-06	-1.339050e-09	-3.693508e+01	-8.701865e+01
7.090000e-06	-5.327360e-06	-1.342584e-09	-3.702061e+01	-8.708893e+01
7.100000e-06	-5.339365e-06	-1.347223e-09	-3.710403e+01	-8.715423e+01
7.110000e-06	-5.350966e-06	-1.350796e-09	-3.718465e+01	-8.721462e+01
7.120000e-06	-5.362058e-06	-1.349526e-09	-3.726173e+01	-8.727022e+01
7.130000e-06	-5.372771e-06	-1.345161e-09	-3.733618e+01	-8.732113e+01
7.140000e-06	-5.383248e-06	-1.341490e-09	-3.740899e+01	-8.736745e+01
7.150000e-06	-5.393311e-06	-1.342491e-09	-3.747892e+01	-8.740932e+01
7.160000e-06	-5.403010e-06	-1.347246e-09	-3.754631e+01	-8.744686e+01
7.170000e-06	-5.412410e-06	-1.351243e-09	-3.761164e+01	-8.748021e+01
7.180000e-06	-5.421405e-06	-1.353447e-09	-3.767414e+01	-8.750949e+01
7.190000e-06	-5.429986e-06	-1.355099e-09	-3.773377e+01	-8.753485e+01
7.200000e-06	-5.438319e-06	-1.356502e-09	-3.779168e+01	-8.755643e+01
7.210000e-06	-5.446455e-06	-1.355630e-09	-3.784822e+01	-8.757438e+01
7.220000e-06	-5.454249e-06	-1.352659e-09	-3.790238e+01	-8.758884e+01
7.230000e-06	-5.461668e-06	-1.351118e-09	-3.795394e+01	-8.759994e+01
7.240000e-06	-5.468643e-06	-1.351811e-09	-3.800240e+01	-8.760784e+01
7.250000e-06	-5.475058e-06	-1.351116e-09	-3.804698e+01	-8.761266e+01
7.260000e-06	-5.480827e-06	-1.348870e-09	-3.808707e+01	-8.761455e+01
7.270000e-06	-5.485944e-06	-1.348414e-09	-3.812263e+01	-8.761364e+01
7.280000e-06	-5.490665e-06	-1.350038e-09	-3.815544e+01	-8.761003e+01
7.290000e-06	-5.495117e-06	-1.352338e-09	-3.818638e+01	-8.760387e+01
7.300000e-06	-5.499238e-06	-1.352012e-09	-3.821502e+01	-8.759525e+01
7.310000e-06	-5.503127e-06	-1.348833e-09	-3.824204e+01	-8.758428e+01
7.320000e-06	-5.506766e-06	-1.347996e-09	-3.826733e+01	-8.757106e+01
7.330000e-06	-5.509947e-06	-1.348383e-09	-3.828943e+01	-8.755568e+01
7.340000e-06	-5.512715e-06	-1.349372e-09	-3.830867e+01	-8.753821e+01
7.350000e-06	-5.515152e-06	-1.350265e-09	-3.832560e+01	-8.751872e+01
7.360000e-06	-5.517303e-06	-1.349181e-09	-3.834055e+01	-8.749728e+01
7.370000e-06	-5.519069e-06	-1.347317e-09	-3.835283e+01	-8.747394e+01
7.380000e-06	-5.520364e-06	-1.345295e-09	-3.836182e+01	-8.744873e+01
7.390000e-06	-5.521291e-06	-1.343434e-09	-3.836827e+01	-8.742169e+01
7.400000e-06	-5.521874e-06	-1.340841e-09	-3.837232e+01	-8.739284e+01
