# Temperatura_=_12.7
# Concentracion g/m^3_=_1620.0
# C_Vs_to_Am_M_A/Vsm_=_65563218390.804596
# pendiente_HvsI_1/m_=_3716.3
# ordenada_HvsI_A/m_=_1297.0
# frecuencia_Hz_=_135092.67455660948

Tiempo_(s)	Campo_(V.s)	Magnetizacion_(V.s)	Campo_(kA/m)	Magnetizacion_(A/m)
0.000000e+00	-5.515295e-06	-1.601837e-09	-3.837296e+01	-1.049573e+02
1.000000e-08	-5.515475e-06	-1.597013e-09	-3.837421e+01	-1.049456e+02
2.000000e-08	-5.515302e-06	-1.593885e-09	-3.837301e+01	-1.049306e+02
3.000000e-08	-5.514701e-06	-1.590049e-09	-3.836883e+01	-1.049120e+02
4.000000e-08	-5.513623e-06	-1.582243e-09	-3.836133e+01	-1.048898e+02
5.000000e-08	-5.511977e-06	-1.567774e-09	-3.834988e+01	-1.048639e+02
6.000000e-08	-5.509786e-06	-1.563391e-09	-3.833463e+01	-1.048340e+02
7.000000e-08	-5.507035e-06	-1.604841e-09	-3.831549e+01	-1.048002e+02
8.000000e-08	-5.503766e-06	-1.636911e-09	-3.829274e+01	-1.047623e+02
9.000000e-08	-5.500108e-06	-1.620971e-09	-3.826729e+01	-1.047201e+02
1.000000e-07	-5.496035e-06	-1.597543e-09	-3.823895e+01	-1.046735e+02
1.100000e-07	-5.491623e-06	-1.612216e-09	-3.820826e+01	-1.046225e+02
1.200000e-07	-5.486950e-06	-1.535603e-09	-3.817575e+01	-1.045669e+02
1.300000e-07	-5.482011e-06	-1.541311e-09	-3.814138e+01	-1.045066e+02
1.400000e-07	-5.476792e-06	-1.545544e-09	-3.810507e+01	-1.044415e+02
1.500000e-07	-5.471188e-06	-1.606549e-09	-3.806608e+01	-1.043716e+02
1.600000e-07	-5.465150e-06	-1.555846e-09	-3.802408e+01	-1.042968e+02
1.700000e-07	-5.458756e-06	-1.547571e-09	-3.797959e+01	-1.042170e+02
1.800000e-07	-5.451954e-06	-1.592419e-09	-3.793226e+01	-1.041322e+02
1.900000e-07	-5.444755e-06	-1.602583e-09	-3.788218e+01	-1.040423e+02
2.000000e-07	-5.437233e-06	-1.544977e-09	-3.782984e+01	-1.039473e+02
2.100000e-07	-5.429457e-06	-1.522792e-09	-3.777574e+01	-1.038471e+02
2.200000e-07	-5.421506e-06	-1.583588e-09	-3.772042e+01	-1.037417e+02
2.300000e-07	-5.413183e-06	-1.606157e-09	-3.766251e+01	-1.036310e+02
2.400000e-07	-5.404296e-06	-1.590450e-09	-3.760068e+01	-1.035152e+02
2.500000e-07	-5.394881e-06	-1.539313e-09	-3.753517e+01	-1.033941e+02
2.600000e-07	-5.384697e-06	-1.566351e-09	-3.746431e+01	-1.032678e+02
2.700000e-07	-5.373754e-06	-1.540378e-09	-3.738818e+01	-1.031363e+02
2.800000e-07	-5.362448e-06	-1.559777e-09	-3.730951e+01	-1.029995e+02
2.900000e-07	-5.350814e-06	-1.552854e-09	-3.722857e+01	-1.028574e+02
3.000000e-07	-5.338883e-06	-1.573754e-09	-3.714556e+01	-1.027101e+02
3.100000e-07	-5.326564e-06	-1.542895e-09	-3.705985e+01	-1.025576e+02
3.200000e-07	-5.313742e-06	-1.571434e-09	-3.697064e+01	-1.023998e+02
3.300000e-07	-5.300512e-06	-1.538103e-09	-3.687860e+01	-1.022368e+02
3.400000e-07	-5.286869e-06	-1.536214e-09	-3.678367e+01	-1.020685e+02
3.500000e-07	-5.272897e-06	-1.543362e-09	-3.668646e+01	-1.018951e+02
3.600000e-07	-5.258511e-06	-1.562793e-09	-3.658637e+01	-1.017163e+02
3.700000e-07	-5.243519e-06	-1.509385e-09	-3.648206e+01	-1.015323e+02
3.800000e-07	-5.227964e-06	-1.541238e-09	-3.637384e+01	-1.013431e+02
3.900000e-07	-5.211933e-06	-1.572058e-09	-3.626230e+01	-1.011485e+02
4.000000e-07	-5.195473e-06	-1.519195e-09	-3.614778e+01	-1.009487e+02
4.100000e-07	-5.178807e-06	-1.494281e-09	-3.603183e+01	-1.007435e+02
4.200000e-07	-5.161899e-06	-1.562957e-09	-3.591419e+01	-1.005330e+02
4.300000e-07	-5.144604e-06	-1.537238e-09	-3.579386e+01	-1.003172e+02
4.400000e-07	-5.126956e-06	-1.457748e-09	-3.567107e+01	-1.000959e+02
4.500000e-07	-5.108896e-06	-1.527218e-09	-3.554542e+01	-9.986916e+01
4.600000e-07	-5.090368e-06	-1.545954e-09	-3.541650e+01	-9.963698e+01
4.700000e-07	-5.071339e-06	-1.453229e-09	-3.528411e+01	-9.939931e+01
4.800000e-07	-5.051982e-06	-1.463080e-09	-3.514943e+01	-9.915610e+01
4.900000e-07	-5.032478e-06	-1.557855e-09	-3.501373e+01	-9.890734e+01
5.000000e-07	-5.012815e-06	-1.478600e-09	-3.487693e+01	-9.865298e+01
5.100000e-07	-4.992879e-06	-1.444813e-09	-3.473822e+01	-9.839301e+01
5.200000e-07	-4.972676e-06	-1.523809e-09	-3.459766e+01	-9.812739e+01
5.300000e-07	-4.952102e-06	-1.504628e-09	-3.445452e+01	-9.785612e+01
5.400000e-07	-4.931085e-06	-1.414541e-09	-3.430829e+01	-9.757917e+01
5.500000e-07	-4.909762e-06	-1.484602e-09	-3.415993e+01	-9.729654e+01
5.600000e-07	-4.888167e-06	-1.490199e-09	-3.400968e+01	-9.700822e+01
5.700000e-07	-4.866247e-06	-1.413026e-09	-3.385717e+01	-9.671423e+01
5.800000e-07	-4.843843e-06	-1.442930e-09	-3.370129e+01	-9.641457e+01
5.900000e-07	-4.821070e-06	-1.510782e-09	-3.354285e+01	-9.610927e+01
6.000000e-07	-4.798055e-06	-1.437012e-09	-3.338272e+01	-9.579836e+01
6.100000e-07	-4.774754e-06	-1.425803e-09	-3.322061e+01	-9.548188e+01
6.200000e-07	-4.751237e-06	-1.469241e-09	-3.305698e+01	-9.515989e+01
6.300000e-07	-4.727524e-06	-1.427467e-09	-3.289200e+01	-9.483243e+01
6.400000e-07	-4.703545e-06	-1.383040e-09	-3.272516e+01	-9.449957e+01
6.500000e-07	-4.679143e-06	-1.433342e-09	-3.255539e+01	-9.416140e+01
6.600000e-07	-4.654269e-06	-1.425784e-09	-3.238233e+01	-9.381800e+01
6.700000e-07	-4.628766e-06	-1.394206e-09	-3.220489e+01	-9.346946e+01
6.800000e-07	-4.602642e-06	-1.422249e-09	-3.202312e+01	-9.311588e+01
6.900000e-07	-4.576075e-06	-1.426754e-09	-3.183829e+01	-9.275738e+01
7.000000e-07	-4.549113e-06	-1.386317e-09	-3.165069e+01	-9.239405e+01
7.100000e-07	-4.521863e-06	-1.387986e-09	-3.146110e+01	-9.202603e+01
7.200000e-07	-4.494411e-06	-1.396157e-09	-3.127010e+01	-9.165343e+01
7.300000e-07	-4.466788e-06	-1.365593e-09	-3.107792e+01	-9.127638e+01
7.400000e-07	-4.439033e-06	-1.362307e-09	-3.088481e+01	-9.089499e+01
7.500000e-07	-4.411069e-06	-1.375339e-09	-3.069025e+01	-9.050940e+01
7.600000e-07	-4.382799e-06	-1.361465e-09	-3.049356e+01	-9.011972e+01
7.700000e-07	-4.354179e-06	-1.346564e-09	-3.029443e+01	-8.972608e+01
7.800000e-07	-4.325220e-06	-1.357247e-09	-3.009295e+01	-8.932858e+01
7.900000e-07	-4.295928e-06	-1.343330e-09	-2.988915e+01	-8.892733e+01
8.000000e-07	-4.266290e-06	-1.331363e-09	-2.968294e+01	-8.852244e+01
8.100000e-07	-4.236403e-06	-1.331058e-09	-2.947500e+01	-8.811399e+01
8.200000e-07	-4.206195e-06	-1.329696e-09	-2.926483e+01	-8.770207e+01
8.300000e-07	-4.175699e-06	-1.305536e-09	-2.905265e+01	-8.728673e+01
8.400000e-07	-4.144935e-06	-1.302993e-09	-2.883860e+01	-8.686804e+01
8.500000e-07	-4.113788e-06	-1.294660e-09	-2.862190e+01	-8.644604e+01
8.600000e-07	-4.082440e-06	-1.279098e-09	-2.840379e+01	-8.602076e+01
8.700000e-07	-4.051006e-06	-1.268855e-09	-2.818509e+01	-8.559219e+01
8.800000e-07	-4.019395e-06	-1.278405e-09	-2.796515e+01	-8.516035e+01
8.900000e-07	-3.987599e-06	-1.269838e-09	-2.774394e+01	-8.472520e+01
9.000000e-07	-3.955581e-06	-1.261090e-09	-2.752116e+01	-8.428671e+01
9.100000e-07	-3.923184e-06	-1.257993e-09	-2.729576e+01	-8.384483e+01
9.200000e-07	-3.890413e-06	-1.248322e-09	-2.706776e+01	-8.339947e+01
9.300000e-07	-3.857238e-06	-1.226338e-09	-2.683694e+01	-8.295056e+01
9.400000e-07	-3.823609e-06	-1.223355e-09	-2.660296e+01	-8.249799e+01
9.500000e-07	-3.789553e-06	-1.220604e-09	-2.636602e+01	-8.204164e+01
9.600000e-07	-3.755117e-06	-1.205138e-09	-2.612643e+01	-8.158137e+01
9.700000e-07	-3.720247e-06	-1.195474e-09	-2.588382e+01	-8.111704e+01
9.800000e-07	-3.684996e-06	-1.198746e-09	-2.563855e+01	-8.064850e+01
9.900000e-07	-3.649524e-06	-1.193341e-09	-2.539176e+01	-8.017557e+01
1.000000e-06	-3.613934e-06	-1.183911e-09	-2.514414e+01	-7.969808e+01
1.010000e-06	-3.578266e-06	-1.181214e-09	-2.489598e+01	-7.921584e+01
1.020000e-06	-3.542455e-06	-1.173013e-09	-2.464682e+01	-7.872867e+01
1.030000e-06	-3.506486e-06	-1.156756e-09	-2.439656e+01	-7.823637e+01
1.040000e-06	-3.470194e-06	-1.144429e-09	-2.414406e+01	-7.773875e+01
1.050000e-06	-3.433541e-06	-1.138187e-09	-2.388905e+01	-7.723562e+01
1.060000e-06	-3.396613e-06	-1.124801e-09	-2.363212e+01	-7.672678e+01
1.070000e-06	-3.359494e-06	-1.118937e-09	-2.337386e+01	-7.621206e+01
1.080000e-06	-3.322161e-06	-1.115639e-09	-2.311411e+01	-7.569126e+01
1.090000e-06	-3.284566e-06	-1.109642e-09	-2.285255e+01	-7.516422e+01
1.100000e-06	-3.246734e-06	-1.097215e-09	-2.258933e+01	-7.463077e+01
1.110000e-06	-3.208671e-06	-1.090569e-09	-2.232450e+01	-7.409077e+01
1.120000e-06	-3.170451e-06	-1.079988e-09	-2.205858e+01	-7.354407e+01
1.130000e-06	-3.132044e-06	-1.069941e-09	-2.179136e+01	-7.299056e+01
1.140000e-06	-3.093363e-06	-1.060564e-09	-2.152224e+01	-7.243013e+01
1.150000e-06	-3.054454e-06	-1.051766e-09	-2.125152e+01	-7.186268e+01
1.160000e-06	-3.015389e-06	-1.036024e-09	-2.097973e+01	-7.128813e+01
1.170000e-06	-2.976113e-06	-1.026025e-09	-2.070646e+01	-7.070644e+01
1.180000e-06	-2.936662e-06	-1.019078e-09	-2.043198e+01	-7.011756e+01
1.190000e-06	-2.897142e-06	-1.014662e-09	-2.015702e+01	-6.952146e+01
1.200000e-06	-2.857576e-06	-1.006912e-09	-1.988174e+01	-6.891814e+01
1.210000e-06	-2.817865e-06	-1.001627e-09	-1.960544e+01	-6.830762e+01
1.220000e-06	-2.777985e-06	-9.919716e-10	-1.932798e+01	-6.768991e+01
1.230000e-06	-2.737909e-06	-9.787992e-10	-1.904915e+01	-6.706505e+01
1.240000e-06	-2.697539e-06	-9.653289e-10	-1.876827e+01	-6.643311e+01
1.250000e-06	-2.656914e-06	-9.526923e-10	-1.848562e+01	-6.579414e+01
1.260000e-06	-2.616049e-06	-9.387697e-10	-1.820130e+01	-6.514821e+01
1.270000e-06	-2.574842e-06	-9.257204e-10	-1.791460e+01	-6.449541e+01
1.280000e-06	-2.533403e-06	-9.189438e-10	-1.762628e+01	-6.383582e+01
1.290000e-06	-2.491780e-06	-9.159488e-10	-1.733669e+01	-6.316953e+01
1.300000e-06	-2.449791e-06	-9.099148e-10	-1.704455e+01	-6.249663e+01
1.310000e-06	-2.407347e-06	-9.006313e-10	-1.674925e+01	-6.181720e+01
1.320000e-06	-2.364679e-06	-8.884176e-10	-1.645238e+01	-6.113131e+01
1.330000e-06	-2.321883e-06	-8.734755e-10	-1.615462e+01	-6.043904e+01
1.340000e-06	-2.278880e-06	-8.589275e-10	-1.585543e+01	-5.974045e+01
1.350000e-06	-2.235708e-06	-8.449509e-10	-1.555505e+01	-5.903558e+01
1.360000e-06	-2.192289e-06	-8.335603e-10	-1.525296e+01	-5.832445e+01
1.370000e-06	-2.148752e-06	-8.256258e-10	-1.495006e+01	-5.760706e+01
1.380000e-06	-2.105205e-06	-8.228969e-10	-1.464708e+01	-5.688341e+01
1.390000e-06	-2.061619e-06	-8.165164e-10	-1.434382e+01	-5.615344e+01
1.400000e-06	-2.017993e-06	-8.045696e-10	-1.404030e+01	-5.541709e+01
1.410000e-06	-1.974259e-06	-7.880295e-10	-1.373601e+01	-5.467426e+01
1.420000e-06	-1.930448e-06	-7.733180e-10	-1.343119e+01	-5.392481e+01
1.430000e-06	-1.886537e-06	-7.590665e-10	-1.312568e+01	-5.316857e+01
1.440000e-06	-1.842410e-06	-7.480504e-10	-1.281866e+01	-5.240536e+01
1.450000e-06	-1.798158e-06	-7.380056e-10	-1.251078e+01	-5.163492e+01
1.460000e-06	-1.753878e-06	-7.279486e-10	-1.220270e+01	-5.085700e+01
1.470000e-06	-1.709464e-06	-7.144602e-10	-1.189369e+01	-5.007128e+01
1.480000e-06	-1.664854e-06	-7.011634e-10	-1.158331e+01	-4.927742e+01
1.490000e-06	-1.620065e-06	-6.883705e-10	-1.127169e+01	-4.847506e+01
1.500000e-06	-1.575161e-06	-6.770485e-10	-1.095927e+01	-4.766377e+01
1.510000e-06	-1.530195e-06	-6.663893e-10	-1.064641e+01	-4.684311e+01
1.520000e-06	-1.485127e-06	-6.559186e-10	-1.033285e+01	-4.601261e+01
1.530000e-06	-1.439882e-06	-6.426041e-10	-1.001805e+01	-4.517178e+01
1.540000e-06	-1.394582e-06	-6.267395e-10	-9.702876e+00	-4.432008e+01
1.550000e-06	-1.349290e-06	-6.075324e-10	-9.387754e+00	-4.345697e+01
1.560000e-06	-1.303828e-06	-5.907292e-10	-9.071455e+00	-4.258189e+01
1.570000e-06	-1.258275e-06	-5.762957e-10	-8.754513e+00	-4.169425e+01
1.580000e-06	-1.212596e-06	-5.662711e-10	-8.436701e+00	-4.079346e+01
1.590000e-06	-1.166821e-06	-5.590325e-10	-8.118216e+00	-3.987894e+01
1.600000e-06	-1.121061e-06	-5.499092e-10	-7.799842e+00	-3.895007e+01
1.610000e-06	-1.075257e-06	-5.363738e-10	-7.481161e+00	-3.800627e+01
1.620000e-06	-1.029311e-06	-5.194273e-10	-7.161487e+00	-3.704696e+01
1.630000e-06	-9.833007e-07	-5.023099e-10	-6.841367e+00	-3.607155e+01
1.640000e-06	-9.372336e-07	-4.863158e-10	-6.520853e+00	-3.507951e+01
1.650000e-06	-8.910299e-07	-4.708227e-10	-6.199388e+00	-3.407031e+01
1.660000e-06	-8.447670e-07	-4.543887e-10	-5.877511e+00	-3.304344e+01
1.670000e-06	-7.983870e-07	-4.376027e-10	-5.554820e+00	-3.199846e+01
1.680000e-06	-7.519700e-07	-4.206796e-10	-5.231872e+00	-3.093493e+01
1.690000e-06	-7.055361e-07	-4.080953e-10	-4.908805e+00	-2.985249e+01
1.700000e-06	-6.589983e-07	-3.951762e-10	-4.585016e+00	-2.875080e+01
1.710000e-06	-6.124685e-07	-3.811974e-10	-4.261282e+00	-2.762960e+01
1.720000e-06	-5.659265e-07	-3.615279e-10	-3.937464e+00	-2.648868e+01
1.730000e-06	-5.192791e-07	-3.380649e-10	-3.612912e+00	-2.532789e+01
1.740000e-06	-4.726010e-07	-3.154935e-10	-3.288146e+00	-2.414714e+01
1.750000e-06	-4.258556e-07	-2.965921e-10	-2.962913e+00	-2.294643e+01
1.760000e-06	-3.790360e-07	-2.799279e-10	-2.637163e+00	-2.172581e+01
1.770000e-06	-3.323200e-07	-2.644024e-10	-2.312134e+00	-2.048542e+01
1.780000e-06	-2.855924e-07	-2.469395e-10	-1.987025e+00	-1.922546e+01
1.790000e-06	-2.388851e-07	-2.297014e-10	-1.662056e+00	-1.794624e+01
1.800000e-06	-1.920928e-07	-2.123158e-10	-1.336496e+00	-1.664809e+01
1.810000e-06	-1.452008e-07	-1.948955e-10	-1.010243e+00	-1.533148e+01
1.820000e-06	-9.847047e-08	-1.782368e-10	-6.851136e-01	-1.399693e+01
1.830000e-06	-5.169061e-08	-1.626828e-10	-3.596402e-01	-1.264501e+01
1.840000e-06	-4.875669e-09	-1.453179e-10	-3.392272e-02	-1.127642e+01
1.850000e-06	4.190785e-08	-1.256455e-10	2.915761e-01	-9.891885e+00
1.860000e-06	8.873740e-08	-1.066815e-10	6.173952e-01	-8.492225e+00
1.870000e-06	1.355806e-07	-8.596240e-11	9.433092e-01	-7.078318e+00
1.880000e-06	1.824424e-07	-6.377320e-11	1.269353e+00	-5.651107e+00
1.890000e-06	2.292974e-07	-4.238169e-11	1.595349e+00	-4.211594e+00
1.900000e-06	2.760611e-07	-2.354936e-11	1.920710e+00	-2.760835e+00
1.910000e-06	3.228005e-07	-4.750535e-12	2.245901e+00	-1.299934e+00
1.920000e-06	3.695164e-07	1.505150e-11	2.570930e+00	1.699580e-01
1.930000e-06	4.162224e-07	3.453654e-11	2.895890e+00	1.647654e+00
1.940000e-06	4.628508e-07	5.536532e-11	3.220309e+00	3.131934e+00
1.950000e-06	5.093587e-07	7.695719e-11	3.543890e+00	4.621549e+00
1.960000e-06	5.558752e-07	9.906435e-11	3.867531e+00	6.115232e+00
1.970000e-06	6.024073e-07	1.211482e-10	4.191281e+00	7.611702e+00
1.980000e-06	6.488656e-07	1.416599e-10	4.514517e+00	9.109669e+00
1.990000e-06	6.952916e-07	1.627106e-10	4.837528e+00	1.060784e+01
2.000000e-06	7.416291e-07	1.799295e-10	5.159924e+00	1.210494e+01
2.010000e-06	7.878413e-07	1.981344e-10	5.481448e+00	1.359968e+01
2.020000e-06	8.340947e-07	2.191116e-10	5.803258e+00	1.509080e+01
2.030000e-06	8.802807e-07	2.415507e-10	6.124600e+00	1.657709e+01
2.040000e-06	9.263702e-07	2.642650e-10	6.445270e+00	1.805733e+01
2.050000e-06	9.723224e-07	2.870411e-10	6.764985e+00	1.953034e+01
2.060000e-06	1.018192e-06	3.081989e-10	7.084127e+00	2.099501e+01
2.070000e-06	1.064121e-06	3.286692e-10	7.403680e+00	2.245024e+01
2.080000e-06	1.110049e-06	3.496476e-10	7.723228e+00	2.389500e+01
2.090000e-06	1.155837e-06	3.698519e-10	8.041794e+00	2.532829e+01
2.100000e-06	1.201470e-06	3.902160e-10	8.359292e+00	2.674920e+01
2.110000e-06	1.247065e-06	4.081863e-10	8.676520e+00	2.815685e+01
2.120000e-06	1.292635e-06	4.252988e-10	8.993576e+00	2.955042e+01
2.130000e-06	1.338093e-06	4.445960e-10	9.309854e+00	3.092918e+01
2.140000e-06	1.383384e-06	4.671414e-10	9.624970e+00	3.229244e+01
2.150000e-06	1.428617e-06	4.918283e-10	9.939681e+00	3.363959e+01
2.160000e-06	1.473749e-06	5.157249e-10	1.025369e+01	3.497006e+01
2.170000e-06	1.518652e-06	5.380805e-10	1.056610e+01	3.628339e+01
2.180000e-06	1.563380e-06	5.611447e-10	1.087730e+01	3.757915e+01
2.190000e-06	1.607943e-06	5.796543e-10	1.118735e+01	3.885699e+01
2.200000e-06	1.652453e-06	5.941755e-10	1.149703e+01	4.011661e+01
2.210000e-06	1.696927e-06	6.080214e-10	1.180646e+01	4.135780e+01
2.220000e-06	1.741283e-06	6.234795e-10	1.211507e+01	4.258037e+01
2.230000e-06	1.785557e-06	6.404923e-10	1.242311e+01	4.378422e+01
2.240000e-06	1.829703e-06	6.573592e-10	1.273026e+01	4.496928e+01
2.250000e-06	1.873707e-06	6.771765e-10	1.303642e+01	4.613556e+01
2.260000e-06	1.917545e-06	6.946996e-10	1.334142e+01	4.728307e+01
2.270000e-06	1.961270e-06	7.123645e-10	1.364564e+01	4.841192e+01
2.280000e-06	2.004959e-06	7.287053e-10	1.394961e+01	4.952221e+01
2.290000e-06	2.048591e-06	7.437783e-10	1.425318e+01	5.061412e+01
2.300000e-06	2.092176e-06	7.579396e-10	1.455642e+01	5.168781e+01
2.310000e-06	2.135727e-06	7.697756e-10	1.485944e+01	5.274353e+01
2.320000e-06	2.179219e-06	7.831111e-10	1.516203e+01	5.378150e+01
2.330000e-06	2.222592e-06	7.966844e-10	1.546380e+01	5.480198e+01
2.340000e-06	2.265838e-06	8.123847e-10	1.576469e+01	5.580526e+01
2.350000e-06	2.308948e-06	8.321524e-10	1.606463e+01	5.679163e+01
2.360000e-06	2.351810e-06	8.530636e-10	1.636284e+01	5.776138e+01
2.370000e-06	2.394336e-06	8.678413e-10	1.665872e+01	5.871481e+01
2.380000e-06	2.436547e-06	8.789126e-10	1.695240e+01	5.965224e+01
2.390000e-06	2.478444e-06	8.893653e-10	1.724390e+01	6.057396e+01
2.400000e-06	2.520048e-06	8.979048e-10	1.753337e+01	6.148029e+01
2.410000e-06	2.561303e-06	9.073946e-10	1.782040e+01	6.237151e+01
2.420000e-06	2.602217e-06	9.206531e-10	1.810506e+01	6.324791e+01
2.430000e-06	2.642949e-06	9.366424e-10	1.838846e+01	6.410977e+01
2.440000e-06	2.683497e-06	9.528104e-10	1.867057e+01	6.495737e+01
2.450000e-06	2.723870e-06	9.648911e-10	1.895147e+01	6.579094e+01
2.460000e-06	2.764020e-06	9.760593e-10	1.923081e+01	6.661074e+01
2.470000e-06	2.803931e-06	9.870938e-10	1.950850e+01	6.741698e+01
2.480000e-06	2.843728e-06	9.994240e-10	1.978539e+01	6.820990e+01
2.490000e-06	2.883393e-06	1.012305e-09	2.006136e+01	6.898967e+01
2.500000e-06	2.922847e-06	1.024242e-09	2.033586e+01	6.975650e+01
2.510000e-06	2.962182e-06	1.037006e-09	2.060954e+01	7.051054e+01
2.520000e-06	3.001460e-06	1.047750e-09	2.088282e+01	7.125197e+01
2.530000e-06	3.040543e-06	1.054705e-09	2.115474e+01	7.198093e+01
2.540000e-06	3.079319e-06	1.062022e-09	2.142452e+01	7.269756e+01
2.550000e-06	3.117843e-06	1.072869e-09	2.169256e+01	7.340200e+01
2.560000e-06	3.156181e-06	1.085243e-09	2.195930e+01	7.409436e+01
2.570000e-06	3.194277e-06	1.097734e-09	2.222435e+01	7.477476e+01
2.580000e-06	3.232195e-06	1.109392e-09	2.248817e+01	7.544332e+01
2.590000e-06	3.269988e-06	1.118426e-09	2.275111e+01	7.610016e+01
2.600000e-06	3.307510e-06	1.125808e-09	2.301218e+01	7.674537e+01
2.610000e-06	3.344751e-06	1.131325e-09	2.327128e+01	7.737909e+01
2.620000e-06	3.381790e-06	1.135413e-09	2.352899e+01	7.800142e+01
2.630000e-06	3.418555e-06	1.141950e-09	2.378478e+01	7.861249e+01
2.640000e-06	3.454992e-06	1.150808e-09	2.403829e+01	7.921242e+01
2.650000e-06	3.491209e-06	1.163371e-09	2.429027e+01	7.980135e+01
2.660000e-06	3.527248e-06	1.176078e-09	2.454102e+01	8.037943e+01
2.670000e-06	3.563129e-06	1.186418e-09	2.479066e+01	8.094680e+01
2.680000e-06	3.598868e-06	1.195121e-09	2.503932e+01	8.150363e+01
2.690000e-06	3.634448e-06	1.200702e-09	2.528687e+01	8.205010e+01
2.700000e-06	3.669940e-06	1.203863e-09	2.553381e+01	8.258640e+01
2.710000e-06	3.705256e-06	1.207123e-09	2.577952e+01	8.311271e+01
2.720000e-06	3.740321e-06	1.212931e-09	2.602348e+01	8.362927e+01
2.730000e-06	3.775045e-06	1.221044e-09	2.626507e+01	8.413628e+01
2.740000e-06	3.809309e-06	1.230667e-09	2.650347e+01	8.463397e+01
2.750000e-06	3.843215e-06	1.240300e-09	2.673937e+01	8.512261e+01
2.760000e-06	3.876689e-06	1.248278e-09	2.697227e+01	8.560243e+01
2.770000e-06	3.909623e-06	1.257166e-09	2.720141e+01	8.607370e+01
2.780000e-06	3.942152e-06	1.265839e-09	2.742773e+01	8.653669e+01
2.790000e-06	3.974412e-06	1.273811e-09	2.765218e+01	8.699168e+01
2.800000e-06	4.006390e-06	1.279938e-09	2.787467e+01	8.743894e+01
2.810000e-06	4.038148e-06	1.284038e-09	2.809563e+01	8.787875e+01
2.820000e-06	4.069743e-06	1.289494e-09	2.831545e+01	8.831141e+01
2.830000e-06	4.101183e-06	1.296553e-09	2.853420e+01	8.873718e+01
2.840000e-06	4.132402e-06	1.306632e-09	2.875141e+01	8.915635e+01
2.850000e-06	4.163300e-06	1.319590e-09	2.896638e+01	8.956918e+01
2.860000e-06	4.193830e-06	1.330207e-09	2.917879e+01	8.997595e+01
2.870000e-06	4.224001e-06	1.337472e-09	2.938871e+01	9.037691e+01
2.880000e-06	4.253945e-06	1.342199e-09	2.959705e+01	9.077231e+01
2.890000e-06	4.283700e-06	1.345948e-09	2.980407e+01	9.116237e+01
2.900000e-06	4.313160e-06	1.349841e-09	3.000904e+01	9.154730e+01
2.910000e-06	4.342350e-06	1.354690e-09	3.021213e+01	9.192732e+01
2.920000e-06	4.371189e-06	1.362707e-09	3.041278e+01	9.230260e+01
2.930000e-06	4.399663e-06	1.370244e-09	3.061089e+01	9.267329e+01
2.940000e-06	4.427843e-06	1.377226e-09	3.080695e+01	9.303955e+01
2.950000e-06	4.455736e-06	1.384208e-09	3.100102e+01	9.340149e+01
2.960000e-06	4.483465e-06	1.390522e-09	3.119394e+01	9.375921e+01
2.970000e-06	4.511050e-06	1.395960e-09	3.138587e+01	9.411278e+01
2.980000e-06	4.538508e-06	1.401659e-09	3.157691e+01	9.446224e+01
2.990000e-06	4.565673e-06	1.409079e-09	3.176591e+01	9.480763e+01
3.000000e-06	4.592390e-06	1.414895e-09	3.195180e+01	9.514895e+01
3.010000e-06	4.618594e-06	1.416583e-09	3.213411e+01	9.548618e+01
3.020000e-06	4.644287e-06	1.417848e-09	3.231287e+01	9.581927e+01
3.030000e-06	4.669533e-06	1.423229e-09	3.248853e+01	9.614817e+01
3.040000e-06	4.694203e-06	1.429201e-09	3.266016e+01	9.647278e+01
3.050000e-06	4.718471e-06	1.433393e-09	3.282902e+01	9.679300e+01
3.060000e-06	4.742428e-06	1.439737e-09	3.299570e+01	9.710872e+01
3.070000e-06	4.766076e-06	1.447051e-09	3.316023e+01	9.741979e+01
3.080000e-06	4.789481e-06	1.452903e-09	3.332307e+01	9.772607e+01
3.090000e-06	4.812492e-06	1.458582e-09	3.348317e+01	9.802739e+01
3.100000e-06	4.835207e-06	1.463082e-09	3.364121e+01	9.832358e+01
3.110000e-06	4.857631e-06	1.465348e-09	3.379723e+01	9.861446e+01
3.120000e-06	4.879735e-06	1.466196e-09	3.395102e+01	9.889984e+01
3.130000e-06	4.901538e-06	1.467985e-09	3.410271e+01	9.917954e+01
3.140000e-06	4.923032e-06	1.473075e-09	3.425226e+01	9.945337e+01
3.150000e-06	4.944173e-06	1.480663e-09	3.439934e+01	9.972113e+01
3.160000e-06	4.964914e-06	1.487194e-09	3.454365e+01	9.998266e+01
3.170000e-06	4.985252e-06	1.490100e-09	3.468516e+01	1.002378e+02
3.180000e-06	5.005283e-06	1.492143e-09	3.482452e+01	1.004863e+02
3.190000e-06	5.025113e-06	1.495477e-09	3.496249e+01	1.007280e+02
3.200000e-06	5.044751e-06	1.498261e-09	3.509912e+01	1.009629e+02
3.210000e-06	5.064162e-06	1.501649e-09	3.523418e+01	1.011908e+02
3.220000e-06	5.083181e-06	1.504754e-09	3.536650e+01	1.014115e+02
3.230000e-06	5.101852e-06	1.507108e-09	3.549640e+01	1.016250e+02
3.240000e-06	5.120114e-06	1.507151e-09	3.562347e+01	1.018311e+02
3.250000e-06	5.137926e-06	1.505832e-09	3.574739e+01	1.020299e+02
3.260000e-06	5.155396e-06	1.506775e-09	3.586895e+01	1.022213e+02
3.270000e-06	5.172463e-06	1.512065e-09	3.598769e+01	1.024053e+02
3.280000e-06	5.189234e-06	1.521564e-09	3.610437e+01	1.025819e+02
3.290000e-06	5.205721e-06	1.529496e-09	3.621908e+01	1.027510e+02
3.300000e-06	5.221871e-06	1.533795e-09	3.633145e+01	1.029128e+02
3.310000e-06	5.237625e-06	1.535128e-09	3.644106e+01	1.030674e+02
3.320000e-06	5.252853e-06	1.533234e-09	3.654701e+01	1.032147e+02
3.330000e-06	5.267615e-06	1.529285e-09	3.664971e+01	1.033550e+02
3.340000e-06	5.281920e-06	1.528883e-09	3.674924e+01	1.034884e+02
3.350000e-06	5.295791e-06	1.532861e-09	3.684575e+01	1.036149e+02
3.360000e-06	5.309283e-06	1.540374e-09	3.693962e+01	1.037348e+02
3.370000e-06	5.322394e-06	1.548225e-09	3.703084e+01	1.038483e+02
3.380000e-06	5.335188e-06	1.554357e-09	3.711986e+01	1.039555e+02
3.390000e-06	5.347598e-06	1.558726e-09	3.720620e+01	1.040566e+02
3.400000e-06	5.359615e-06	1.559594e-09	3.728980e+01	1.041519e+02
3.410000e-06	5.371261e-06	1.556940e-09	3.737083e+01	1.042415e+02
3.420000e-06	5.382486e-06	1.553745e-09	3.744893e+01	1.043257e+02
3.430000e-06	5.393206e-06	1.555499e-09	3.752352e+01	1.044048e+02
3.440000e-06	5.403354e-06	1.561236e-09	3.759413e+01	1.044789e+02
3.450000e-06	5.413012e-06	1.565299e-09	3.766132e+01	1.045483e+02
3.460000e-06	5.422122e-06	1.567178e-09	3.772470e+01	1.046131e+02
3.470000e-06	5.430614e-06	1.568880e-09	3.778378e+01	1.046737e+02
3.480000e-06	5.438647e-06	1.572289e-09	3.783968e+01	1.047302e+02
3.490000e-06	5.446439e-06	1.576126e-09	3.789389e+01	1.047828e+02
3.500000e-06	5.453968e-06	1.577909e-09	3.794627e+01	1.048317e+02
3.510000e-06	5.461162e-06	1.578387e-09	3.799633e+01	1.048772e+02
3.520000e-06	5.468017e-06	1.578962e-09	3.804402e+01	1.049193e+02
3.530000e-06	5.474473e-06	1.580107e-09	3.808894e+01	1.049582e+02
3.540000e-06	5.480536e-06	1.580604e-09	3.813112e+01	1.049941e+02
3.550000e-06	5.486288e-06	1.580510e-09	3.817114e+01	1.050270e+02
3.560000e-06	5.491689e-06	1.583169e-09	3.820872e+01	1.050572e+02
3.570000e-06	5.496723e-06	1.588758e-09	3.824374e+01	1.050846e+02
3.580000e-06	5.501327e-06	1.592023e-09	3.827577e+01	1.051093e+02
3.590000e-06	5.505594e-06	1.592683e-09	3.830546e+01	1.051314e+02
3.600000e-06	5.509584e-06	1.594175e-09	3.833323e+01	1.051509e+02
3.610000e-06	5.513236e-06	1.596870e-09	3.835863e+01	1.051678e+02
3.620000e-06	5.516590e-06	1.597801e-09	3.838197e+01	1.051822e+02
3.630000e-06	5.519634e-06	1.596317e-09	3.840315e+01	1.051939e+02
3.640000e-06	5.522311e-06	1.593613e-09	3.842177e+01	1.052030e+02
3.650000e-06	5.524525e-06	1.593427e-09	3.843718e+01	1.052095e+02
3.660000e-06	5.526164e-06	1.596453e-09	3.844858e+01	1.052131e+02
3.670000e-06	5.527166e-06	1.600632e-09	3.845555e+01	1.052140e+02
3.680000e-06	5.527661e-06	1.606733e-09	3.845899e+01	1.052119e+02
3.690000e-06	5.527805e-06	1.613725e-09	3.846000e+01	1.052068e+02
3.700000e-06	5.527610e-06	1.618232e-09	3.845864e+01	1.051986e+02
3.710000e-06	5.527035e-06	1.617234e-09	3.845464e+01	1.051871e+02
3.720000e-06	5.526149e-06	1.610615e-09	3.844848e+01	1.051723e+02
3.730000e-06	5.524981e-06	1.606375e-09	3.844035e+01	1.051540e+02
3.740000e-06	5.523435e-06	1.615650e-09	3.842959e+01	1.051321e+02
3.750000e-06	5.521470e-06	1.632043e-09	3.841592e+01	1.051065e+02
3.760000e-06	5.519171e-06	1.614362e-09	3.839993e+01	1.050770e+02
3.770000e-06	5.516508e-06	1.562013e-09	3.838140e+01	1.050435e+02
3.780000e-06	5.513437e-06	1.567703e-09	3.836003e+01	1.050058e+02
3.790000e-06	5.509828e-06	1.595354e-09	3.833492e+01	1.049640e+02
3.800000e-06	5.505747e-06	1.566808e-09	3.830653e+01	1.049178e+02
3.810000e-06	5.501498e-06	1.644130e-09	3.827697e+01	1.048671e+02
3.820000e-06	5.497100e-06	1.665544e-09	3.824637e+01	1.048118e+02
3.830000e-06	5.492306e-06	1.666089e-09	3.821301e+01	1.047519e+02
3.840000e-06	5.487092e-06	1.610141e-09	3.817674e+01	1.046873e+02
3.850000e-06	5.481478e-06	1.551582e-09	3.813767e+01	1.046177e+02
3.860000e-06	5.475396e-06	1.601910e-09	3.809536e+01	1.045433e+02
3.870000e-06	5.468906e-06	1.590898e-09	3.805020e+01	1.044639e+02
3.880000e-06	5.462025e-06	1.594101e-09	3.800233e+01	1.043795e+02
3.890000e-06	5.454639e-06	1.582203e-09	3.795094e+01	1.042900e+02
3.900000e-06	5.446636e-06	1.660847e-09	3.789526e+01	1.041954e+02
3.910000e-06	5.438166e-06	1.594346e-09	3.783633e+01	1.040956e+02
3.920000e-06	5.429518e-06	1.519178e-09	3.777616e+01	1.039906e+02
3.930000e-06	5.420559e-06	1.538260e-09	3.771383e+01	1.038804e+02
3.940000e-06	5.411211e-06	1.638263e-09	3.764879e+01	1.037650e+02
3.950000e-06	5.401551e-06	1.597320e-09	3.758158e+01	1.036443e+02
3.960000e-06	5.391498e-06	1.531530e-09	3.751163e+01	1.035184e+02
3.970000e-06	5.381013e-06	1.569457e-09	3.743868e+01	1.033873e+02
3.980000e-06	5.370184e-06	1.607833e-09	3.736334e+01	1.032509e+02
3.990000e-06	5.359023e-06	1.562568e-09	3.728568e+01	1.031092e+02
4.000000e-06	5.347358e-06	1.531039e-09	3.720453e+01	1.029624e+02
4.010000e-06	5.335306e-06	1.569985e-09	3.712068e+01	1.028102e+02
4.020000e-06	5.322908e-06	1.541972e-09	3.703442e+01	1.026529e+02
4.030000e-06	5.310111e-06	1.538822e-09	3.694538e+01	1.024903e+02
4.040000e-06	5.296925e-06	1.530137e-09	3.685364e+01	1.023224e+02
4.050000e-06	5.283207e-06	1.537177e-09	3.675819e+01	1.021494e+02
4.060000e-06	5.268894e-06	1.512852e-09	3.665861e+01	1.019710e+02
4.070000e-06	5.253902e-06	1.548237e-09	3.655431e+01	1.017875e+02
4.080000e-06	5.238257e-06	1.511607e-09	3.644545e+01	1.015986e+02
4.090000e-06	5.222215e-06	1.518912e-09	3.633384e+01	1.014045e+02
4.100000e-06	5.205973e-06	1.570787e-09	3.622083e+01	1.012051e+02
4.110000e-06	5.189536e-06	1.547544e-09	3.610648e+01	1.010004e+02
4.120000e-06	5.172730e-06	1.448845e-09	3.598954e+01	1.007903e+02
4.130000e-06	5.155572e-06	1.537528e-09	3.587017e+01	1.005748e+02
4.140000e-06	5.138014e-06	1.594142e-09	3.574801e+01	1.003540e+02
4.150000e-06	5.120019e-06	1.467772e-09	3.562280e+01	1.001277e+02
4.160000e-06	5.101718e-06	1.458983e-09	3.549548e+01	9.989595e+01
4.170000e-06	5.083215e-06	1.604518e-09	3.536674e+01	9.965871e+01
4.180000e-06	5.064395e-06	1.515808e-09	3.523580e+01	9.941595e+01
4.190000e-06	5.045099e-06	1.412430e-09	3.510155e+01	9.916763e+01
4.200000e-06	5.025469e-06	1.568561e-09	3.496497e+01	9.891372e+01
4.210000e-06	5.005509e-06	1.570349e-09	3.482610e+01	9.865419e+01
4.220000e-06	4.985240e-06	1.398795e-09	3.468507e+01	9.838902e+01
4.230000e-06	4.964752e-06	1.481866e-09	3.454253e+01	9.811820e+01
4.240000e-06	4.944030e-06	1.589357e-09	3.439835e+01	9.784170e+01
4.250000e-06	4.922986e-06	1.432156e-09	3.425193e+01	9.755952e+01
4.260000e-06	4.901473e-06	1.432324e-09	3.410226e+01	9.727165e+01
4.270000e-06	4.879449e-06	1.559236e-09	3.394903e+01	9.697811e+01
4.280000e-06	4.856816e-06	1.473638e-09	3.379156e+01	9.667890e+01
4.290000e-06	4.833599e-06	1.411532e-09	3.363002e+01	9.637405e+01
4.300000e-06	4.809908e-06	1.541555e-09	3.346519e+01	9.606359e+01
4.310000e-06	4.785861e-06	1.496611e-09	3.329788e+01	9.574755e+01
4.320000e-06	4.761587e-06	1.408596e-09	3.312900e+01	9.542599e+01
4.330000e-06	4.737106e-06	1.484763e-09	3.295867e+01	9.509896e+01
4.340000e-06	4.712449e-06	1.499841e-09	3.278712e+01	9.476653e+01
4.350000e-06	4.687582e-06	1.402929e-09	3.261410e+01	9.442878e+01
4.360000e-06	4.662348e-06	1.439260e-09	3.243853e+01	9.408579e+01
4.370000e-06	4.636751e-06	1.463082e-09	3.226044e+01	9.373765e+01
4.380000e-06	4.610798e-06	1.407339e-09	3.207987e+01	9.338447e+01
4.390000e-06	4.584420e-06	1.419918e-09	3.189635e+01	9.302634e+01
4.400000e-06	4.557795e-06	1.458397e-09	3.171110e+01	9.266340e+01
4.410000e-06	4.530928e-06	1.410026e-09	3.152417e+01	9.229574e+01
4.420000e-06	4.503653e-06	1.397723e-09	3.133441e+01	9.192349e+01
4.430000e-06	4.476029e-06	1.416240e-09	3.114221e+01	9.154678e+01
4.440000e-06	4.448113e-06	1.395282e-09	3.094798e+01	9.116573e+01
4.450000e-06	4.419945e-06	1.381106e-09	3.075200e+01	9.078046e+01
4.460000e-06	4.391631e-06	1.394926e-09	3.055500e+01	9.039110e+01
4.470000e-06	4.363175e-06	1.381024e-09	3.035702e+01	8.999776e+01
4.480000e-06	4.334385e-06	1.367325e-09	3.015672e+01	8.960055e+01
4.490000e-06	4.305244e-06	1.378536e-09	2.995396e+01	8.919959e+01
4.500000e-06	4.275794e-06	1.371940e-09	2.974906e+01	8.879498e+01
4.510000e-06	4.245888e-06	1.350071e-09	2.954099e+01	8.838680e+01
4.520000e-06	4.215536e-06	1.347303e-09	2.932981e+01	8.797514e+01
4.530000e-06	4.184671e-06	1.353860e-09	2.911507e+01	8.756007e+01
4.540000e-06	4.153264e-06	1.334603e-09	2.889655e+01	8.714164e+01
4.550000e-06	4.121579e-06	1.326023e-09	2.867611e+01	8.671989e+01
4.560000e-06	4.089680e-06	1.327746e-09	2.845417e+01	8.629485e+01
4.570000e-06	4.057542e-06	1.313997e-09	2.823056e+01	8.586654e+01
4.580000e-06	4.025208e-06	1.296323e-09	2.800560e+01	8.543495e+01
4.590000e-06	3.992704e-06	1.309314e-09	2.777945e+01	8.500005e+01
4.600000e-06	3.959932e-06	1.305566e-09	2.755144e+01	8.456182e+01
4.610000e-06	3.926788e-06	1.287363e-09	2.732084e+01	8.412020e+01
4.620000e-06	3.893464e-06	1.282398e-09	2.708899e+01	8.367512e+01
4.630000e-06	3.859936e-06	1.284687e-09	2.685571e+01	8.322649e+01
4.640000e-06	3.826064e-06	1.264189e-09	2.662004e+01	8.277420e+01
4.650000e-06	3.791873e-06	1.253316e-09	2.638216e+01	8.231815e+01
4.660000e-06	3.757482e-06	1.252478e-09	2.614288e+01	8.185819e+01
4.670000e-06	3.722935e-06	1.245963e-09	2.590252e+01	8.139418e+01
4.680000e-06	3.688091e-06	1.236086e-09	2.566009e+01	8.092598e+01
4.690000e-06	3.652947e-06	1.244796e-09	2.541557e+01	8.045340e+01
4.700000e-06	3.617571e-06	1.242830e-09	2.516945e+01	7.997627e+01
4.710000e-06	3.581903e-06	1.226998e-09	2.492128e+01	7.949441e+01
4.720000e-06	3.545959e-06	1.217506e-09	2.467120e+01	7.900764e+01
4.730000e-06	3.509915e-06	1.215710e-09	2.442042e+01	7.851575e+01
4.740000e-06	3.473786e-06	1.201352e-09	2.416905e+01	7.801856e+01
4.750000e-06	3.437481e-06	1.188490e-09	2.391645e+01	7.751587e+01
4.760000e-06	3.400983e-06	1.188046e-09	2.366252e+01	7.700750e+01
4.770000e-06	3.364307e-06	1.182089e-09	2.340734e+01	7.649325e+01
4.780000e-06	3.327408e-06	1.173843e-09	2.315062e+01	7.597294e+01
4.790000e-06	3.290259e-06	1.173528e-09	2.289215e+01	7.544640e+01
4.800000e-06	3.252854e-06	1.172732e-09	2.263190e+01	7.491347e+01
4.810000e-06	3.215018e-06	1.164361e-09	2.236866e+01	7.437400e+01
4.820000e-06	3.176688e-06	1.155915e-09	2.210198e+01	7.382785e+01
4.830000e-06	3.138052e-06	1.146667e-09	2.183317e+01	7.327489e+01
4.840000e-06	3.099041e-06	1.137494e-09	2.156174e+01	7.271501e+01
4.850000e-06	3.059673e-06	1.126078e-09	2.128783e+01	7.214813e+01
4.860000e-06	3.020122e-06	1.117260e-09	2.101266e+01	7.157415e+01
4.870000e-06	2.980402e-06	1.105979e-09	2.073631e+01	7.099304e+01
4.880000e-06	2.940435e-06	1.097709e-09	2.045823e+01	7.040473e+01
4.890000e-06	2.900254e-06	1.090062e-09	2.017867e+01	6.980921e+01
4.900000e-06	2.859966e-06	1.085035e-09	1.989837e+01	6.920648e+01
4.910000e-06	2.819519e-06	1.074807e-09	1.961696e+01	6.859653e+01
4.920000e-06	2.778984e-06	1.065672e-09	1.933493e+01	6.797939e+01
4.930000e-06	2.738328e-06	1.057694e-09	1.905206e+01	6.735511e+01
4.940000e-06	2.697507e-06	1.049672e-09	1.876805e+01	6.672373e+01
4.950000e-06	2.656546e-06	1.038189e-09	1.848306e+01	6.608532e+01
4.960000e-06	2.615357e-06	1.028027e-09	1.819649e+01	6.543995e+01
4.970000e-06	2.573974e-06	1.017866e-09	1.790856e+01	6.478770e+01
4.980000e-06	2.532480e-06	1.010031e-09	1.761987e+01	6.412865e+01
4.990000e-06	2.490841e-06	1.002983e-09	1.733016e+01	6.346290e+01
5.000000e-06	2.448887e-06	9.975514e-10	1.703826e+01	6.279052e+01
5.010000e-06	2.406719e-06	9.917059e-10	1.674488e+01	6.211160e+01
5.020000e-06	2.364500e-06	9.819568e-10	1.645113e+01	6.142623e+01
5.030000e-06	2.322117e-06	9.697018e-10	1.615625e+01	6.073447e+01
5.040000e-06	2.279573e-06	9.606170e-10	1.586025e+01	6.003638e+01
5.050000e-06	2.236887e-06	9.519501e-10	1.556326e+01	5.933201e+01
5.060000e-06	2.193919e-06	9.441849e-10	1.526431e+01	5.862137e+01
5.070000e-06	2.150819e-06	9.364704e-10	1.496444e+01	5.790449e+01
5.080000e-06	2.107633e-06	9.265643e-10	1.466397e+01	5.718134e+01
5.090000e-06	2.064201e-06	9.164393e-10	1.436179e+01	5.645188e+01
5.100000e-06	2.020656e-06	9.056136e-10	1.405882e+01	5.571604e+01
5.110000e-06	1.976956e-06	8.942177e-10	1.375477e+01	5.497373e+01
5.120000e-06	1.933108e-06	8.785771e-10	1.344970e+01	5.422481e+01
5.130000e-06	1.889139e-06	8.650071e-10	1.314378e+01	5.346913e+01
5.140000e-06	1.845079e-06	8.551738e-10	1.283723e+01	5.270648e+01
5.150000e-06	1.800992e-06	8.448319e-10	1.253049e+01	5.193664e+01
5.160000e-06	1.756811e-06	8.293857e-10	1.222311e+01	5.115933e+01
5.170000e-06	1.712554e-06	8.180635e-10	1.191518e+01	5.037425e+01
5.180000e-06	1.668259e-06	8.045298e-10	1.160700e+01	4.958106e+01
5.190000e-06	1.623893e-06	7.908515e-10	1.129832e+01	4.877940e+01
5.200000e-06	1.579371e-06	7.784404e-10	1.098856e+01	4.796884e+01
5.210000e-06	1.534785e-06	7.665023e-10	1.067835e+01	4.714896e+01
5.220000e-06	1.490211e-06	7.537871e-10	1.036822e+01	4.631928e+01
5.230000e-06	1.445580e-06	7.366031e-10	1.005770e+01	4.547931e+01
5.240000e-06	1.400834e-06	7.166530e-10	9.746377e+00	4.462852e+01
5.250000e-06	1.355949e-06	6.977346e-10	9.434086e+00	4.376636e+01
5.260000e-06	1.310870e-06	6.845254e-10	9.120446e+00	4.289227e+01
5.270000e-06	1.265735e-06	6.721410e-10	8.806420e+00	4.200568e+01
5.280000e-06	1.220598e-06	6.569514e-10	8.492373e+00	4.110599e+01
5.290000e-06	1.175348e-06	6.413060e-10	8.177544e+00	4.019261e+01
5.300000e-06	1.130064e-06	6.270991e-10	7.862483e+00	3.926494e+01
5.310000e-06	1.084653e-06	6.112909e-10	7.546531e+00	3.832238e+01
5.320000e-06	1.039164e-06	5.947653e-10	7.230036e+00	3.736436e+01
5.330000e-06	9.935830e-07	5.798786e-10	6.912907e+00	3.639030e+01
5.340000e-06	9.478882e-07	5.658558e-10	6.594983e+00	3.539964e+01
5.350000e-06	9.021954e-07	5.513829e-10	6.277073e+00	3.439187e+01
5.360000e-06	8.563953e-07	5.351475e-10	5.958416e+00	3.336647e+01
5.370000e-06	8.104335e-07	5.171531e-10	5.638634e+00	3.232299e+01
5.380000e-06	7.644453e-07	4.994877e-10	5.318669e+00	3.126100e+01
5.390000e-06	7.184559e-07	4.859359e-10	4.998695e+00	3.018012e+01
5.400000e-06	6.723601e-07	4.723908e-10	4.677981e+00	2.908003e+01
5.410000e-06	6.262162e-07	4.570439e-10	4.356933e+00	2.796044e+01
5.420000e-06	5.800296e-07	4.412174e-10	4.035587e+00	2.682115e+01
5.430000e-06	5.337455e-07	4.257358e-10	3.713563e+00	2.566199e+01
5.440000e-06	4.874209e-07	4.084417e-10	3.391257e+00	2.448289e+01
5.450000e-06	4.410709e-07	3.875810e-10	3.068774e+00	2.328382e+01
5.460000e-06	3.946447e-07	3.671067e-10	2.745761e+00	2.206483e+01
5.470000e-06	3.481981e-07	3.457694e-10	2.422607e+00	2.082606e+01
5.480000e-06	3.017309e-07	3.257566e-10	2.099309e+00	1.956771e+01
5.490000e-06	2.551750e-07	3.067227e-10	1.775394e+00	1.829005e+01
5.500000e-06	2.085190e-07	2.885040e-10	1.450782e+00	1.699344e+01
5.510000e-06	1.618396e-07	2.717931e-10	1.126008e+00	1.567833e+01
5.520000e-06	1.152349e-07	2.570506e-10	8.017528e-01	1.434523e+01
5.530000e-06	6.868811e-08	2.408016e-10	4.779012e-01	1.299471e+01
5.540000e-06	2.222544e-08	2.197350e-10	1.546347e-01	1.162746e+01
5.550000e-06	-2.426895e-08	1.965787e-10	-1.688525e-01	1.024420e+01
5.560000e-06	-7.082054e-08	1.717609e-10	-4.927377e-01	8.845747e+00
5.570000e-06	-1.173083e-07	1.479422e-10	-8.161787e-01	7.432970e+00
5.580000e-06	-1.638182e-07	1.279541e-10	-1.139774e+00	6.006809e+00
5.590000e-06	-2.103456e-07	1.069641e-10	-1.463491e+00	4.568259e+00
5.600000e-06	-2.567849e-07	8.627441e-11	-1.786595e+00	3.118374e+00
5.610000e-06	-3.032014e-07	6.625972e-11	-2.109540e+00	1.658253e+00
5.620000e-06	-3.496942e-07	4.676690e-11	-2.433016e+00	1.890427e-01
5.630000e-06	-3.960740e-07	2.366883e-11	-2.755706e+00	-1.288071e+00
5.640000e-06	-4.423475e-07	-2.107254e-12	-3.077656e+00	-2.771871e+00
5.650000e-06	-4.886125e-07	-2.890296e-11	-3.399547e+00	-4.261112e+00
5.660000e-06	-5.348668e-07	-5.801690e-11	-3.721364e+00	-5.754527e+00
5.670000e-06	-5.810896e-07	-8.649927e-11	-4.042962e+00	-7.250836e+00
5.680000e-06	-6.272836e-07	-1.143404e-10	-4.364359e+00	-8.748750e+00
5.690000e-06	-6.735264e-07	-1.393099e-10	-4.686096e+00	-1.024698e+01
5.700000e-06	-7.196870e-07	-1.616296e-10	-5.007261e+00	-1.174423e+01
5.710000e-06	-7.656826e-07	-1.820744e-10	-5.327277e+00	-1.323924e+01
5.720000e-06	-8.116876e-07	-2.018800e-10	-5.647359e+00	-1.473074e+01
5.730000e-06	-8.576815e-07	-2.249985e-10	-5.967365e+00	-1.621749e+01
5.740000e-06	-9.035341e-07	-2.538932e-10	-6.286386e+00	-1.769830e+01
5.750000e-06	-9.492676e-07	-2.850791e-10	-6.604580e+00	-1.917199e+01
5.760000e-06	-9.948936e-07	-3.163219e-10	-6.922025e+00	-2.063741e+01
5.770000e-06	-1.040471e-06	-3.441212e-10	-7.239132e+00	-2.209349e+01
5.780000e-06	-1.085927e-06	-3.674918e-10	-7.555396e+00	-2.353918e+01
5.790000e-06	-1.131216e-06	-3.886060e-10	-7.870494e+00	-2.497349e+01
5.800000e-06	-1.176347e-06	-4.091244e-10	-8.184499e+00	-2.639549e+01
5.810000e-06	-1.221375e-06	-4.279265e-10	-8.497780e+00	-2.780430e+01
5.820000e-06	-1.266278e-06	-4.492078e-10	-8.810197e+00	-2.919910e+01
5.830000e-06	-1.311057e-06	-4.730115e-10	-9.121749e+00	-3.057914e+01
5.840000e-06	-1.355734e-06	-4.966676e-10	-9.432593e+00	-3.194373e+01
5.850000e-06	-1.400329e-06	-5.210592e-10	-9.742866e+00	-3.329226e+01
5.860000e-06	-1.444891e-06	-5.476439e-10	-1.005291e+01	-3.462417e+01
5.870000e-06	-1.489363e-06	-5.717359e-10	-1.036232e+01	-3.593897e+01
5.880000e-06	-1.533800e-06	-5.907364e-10	-1.067149e+01	-3.723623e+01
5.890000e-06	-1.578188e-06	-6.060986e-10	-1.098033e+01	-3.851559e+01
5.900000e-06	-1.622570e-06	-6.213021e-10	-1.128912e+01	-3.977677e+01
5.910000e-06	-1.666937e-06	-6.399622e-10	-1.159781e+01	-4.101952e+01
5.920000e-06	-1.711140e-06	-6.604359e-10	-1.190535e+01	-4.224367e+01
5.930000e-06	-1.755281e-06	-6.809266e-10	-1.221246e+01	-4.344910e+01
5.940000e-06	-1.799418e-06	-7.031984e-10	-1.251954e+01	-4.463576e+01
5.950000e-06	-1.843481e-06	-7.250878e-10	-1.282612e+01	-4.580362e+01
5.960000e-06	-1.887494e-06	-7.422343e-10	-1.313234e+01	-4.695272e+01
5.970000e-06	-1.931371e-06	-7.570102e-10	-1.343761e+01	-4.808313e+01
5.980000e-06	-1.975163e-06	-7.725247e-10	-1.374230e+01	-4.919499e+01
5.990000e-06	-2.018782e-06	-7.909132e-10	-1.404578e+01	-5.028844e+01
6.000000e-06	-2.062182e-06	-8.104040e-10	-1.434774e+01	-5.136367e+01
6.010000e-06	-2.105537e-06	-8.273221e-10	-1.464939e+01	-5.242090e+01
6.020000e-06	-2.148694e-06	-8.409757e-10	-1.494966e+01	-5.346036e+01
6.030000e-06	-2.191573e-06	-8.552973e-10	-1.524799e+01	-5.448231e+01
6.040000e-06	-2.234295e-06	-8.706052e-10	-1.554522e+01	-5.548704e+01
6.050000e-06	-2.276912e-06	-8.848300e-10	-1.584174e+01	-5.647482e+01
6.060000e-06	-2.319407e-06	-8.980247e-10	-1.613740e+01	-5.744597e+01
6.070000e-06	-2.361740e-06	-9.132630e-10	-1.643193e+01	-5.840077e+01
6.080000e-06	-2.403958e-06	-9.309088e-10	-1.672567e+01	-5.933954e+01
6.090000e-06	-2.446025e-06	-9.510046e-10	-1.701835e+01	-6.026259e+01
6.100000e-06	-2.487919e-06	-9.678512e-10	-1.730983e+01	-6.117020e+01
6.110000e-06	-2.529593e-06	-9.784890e-10	-1.759978e+01	-6.206269e+01
6.120000e-06	-2.571004e-06	-9.861815e-10	-1.788790e+01	-6.294034e+01
6.130000e-06	-2.612214e-06	-9.925807e-10	-1.817462e+01	-6.380343e+01
6.140000e-06	-2.653244e-06	-1.001693e-09	-1.846008e+01	-6.465222e+01
6.150000e-06	-2.694129e-06	-1.016299e-09	-1.874455e+01	-6.548698e+01
6.160000e-06	-2.734845e-06	-1.033501e-09	-1.902783e+01	-6.630794e+01
6.170000e-06	-2.775368e-06	-1.049950e-09	-1.930977e+01	-6.711533e+01
6.180000e-06	-2.815757e-06	-1.066986e-09	-1.959078e+01	-6.790936e+01
6.190000e-06	-2.856060e-06	-1.081227e-09	-1.987119e+01	-6.869025e+01
6.200000e-06	-2.896294e-06	-1.091564e-09	-2.015112e+01	-6.945817e+01
6.210000e-06	-2.936487e-06	-1.099256e-09	-2.043076e+01	-7.021329e+01
6.220000e-06	-2.976438e-06	-1.106617e-09	-2.070873e+01	-7.095579e+01
6.230000e-06	-3.016126e-06	-1.115550e-09	-2.098485e+01	-7.168581e+01
6.240000e-06	-3.055739e-06	-1.126167e-09	-2.126046e+01	-7.240348e+01
6.250000e-06	-3.095112e-06	-1.137969e-09	-2.153441e+01	-7.310895e+01
6.260000e-06	-3.133927e-06	-1.150828e-09	-2.180446e+01	-7.380233e+01
6.270000e-06	-3.172401e-06	-1.165655e-09	-2.207215e+01	-7.448375e+01
6.280000e-06	-3.210527e-06	-1.178757e-09	-2.233741e+01	-7.515332e+01
6.290000e-06	-3.248165e-06	-1.185244e-09	-2.259928e+01	-7.581115e+01
6.300000e-06	-3.285540e-06	-1.188487e-09	-2.285932e+01	-7.645735e+01
6.310000e-06	-3.322547e-06	-1.190445e-09	-2.311680e+01	-7.709204e+01
6.320000e-06	-3.359200e-06	-1.193456e-09	-2.337182e+01	-7.771534e+01
6.330000e-06	-3.395697e-06	-1.200059e-09	-2.362574e+01	-7.832736e+01
6.340000e-06	-3.432071e-06	-1.210691e-09	-2.387882e+01	-7.892824e+01
6.350000e-06	-3.468302e-06	-1.225034e-09	-2.413089e+01	-7.951810e+01
6.360000e-06	-3.504456e-06	-1.242246e-09	-2.438244e+01	-8.009710e+01
6.370000e-06	-3.540573e-06	-1.260378e-09	-2.463372e+01	-8.066538e+01
6.380000e-06	-3.576451e-06	-1.269824e-09	-2.488335e+01	-8.122311e+01
6.390000e-06	-3.611859e-06	-1.271962e-09	-2.512970e+01	-8.177046e+01
6.400000e-06	-3.646931e-06	-1.273883e-09	-2.537371e+01	-8.230761e+01
6.410000e-06	-3.681811e-06	-1.278179e-09	-2.561640e+01	-8.283478e+01
6.420000e-06	-3.716515e-06	-1.284006e-09	-2.585785e+01	-8.335216e+01
6.430000e-06	-3.750949e-06	-1.293661e-09	-2.609743e+01	-8.385997e+01
6.440000e-06	-3.785148e-06	-1.305346e-09	-2.633537e+01	-8.435846e+01
6.450000e-06	-3.819109e-06	-1.314065e-09	-2.657165e+01	-8.484786e+01
6.460000e-06	-3.852673e-06	-1.321602e-09	-2.680518e+01	-8.532843e+01
6.470000e-06	-3.885925e-06	-1.329946e-09	-2.703653e+01	-8.580043e+01
6.480000e-06	-3.918996e-06	-1.338012e-09	-2.726663e+01	-8.626412e+01
6.490000e-06	-3.951848e-06	-1.345948e-09	-2.749519e+01	-8.671978e+01
6.500000e-06	-3.984433e-06	-1.353790e-09	-2.772191e+01	-8.716770e+01
6.510000e-06	-4.016867e-06	-1.359351e-09	-2.794757e+01	-8.760815e+01
6.520000e-06	-4.049137e-06	-1.364078e-09	-2.817209e+01	-8.804141e+01
6.530000e-06	-4.081166e-06	-1.369574e-09	-2.839493e+01	-8.846776e+01
6.540000e-06	-4.112858e-06	-1.374730e-09	-2.861543e+01	-8.888749e+01
6.550000e-06	-4.144206e-06	-1.382983e-09	-2.883353e+01	-8.930087e+01
6.560000e-06	-4.175167e-06	-1.397910e-09	-2.904895e+01	-8.970816e+01
6.570000e-06	-4.205672e-06	-1.411014e-09	-2.926119e+01	-9.010962e+01
6.580000e-06	-4.235642e-06	-1.418395e-09	-2.946970e+01	-9.050549e+01
6.590000e-06	-4.265137e-06	-1.422300e-09	-2.967492e+01	-9.089600e+01
6.600000e-06	-4.294227e-06	-1.424392e-09	-2.987731e+01	-9.128138e+01
6.610000e-06	-4.322904e-06	-1.429065e-09	-3.007684e+01	-9.166182e+01
6.620000e-06	-4.351381e-06	-1.435777e-09	-3.027496e+01	-9.203751e+01
6.630000e-06	-4.379707e-06	-1.442208e-09	-3.047205e+01	-9.240860e+01
6.640000e-06	-4.407892e-06	-1.450383e-09	-3.066814e+01	-9.277525e+01
6.650000e-06	-4.435885e-06	-1.458455e-09	-3.086290e+01	-9.313757e+01
6.660000e-06	-4.463585e-06	-1.466521e-09	-3.105563e+01	-9.349566e+01
6.670000e-06	-4.490894e-06	-1.472350e-09	-3.124564e+01	-9.384959e+01
6.680000e-06	-4.517854e-06	-1.477092e-09	-3.143321e+01	-9.419942e+01
6.690000e-06	-4.544556e-06	-1.482992e-09	-3.161899e+01	-9.454517e+01
6.700000e-06	-4.570923e-06	-1.487735e-09	-3.180244e+01	-9.488685e+01
6.710000e-06	-4.596969e-06	-1.490211e-09	-3.198366e+01	-9.522444e+01
6.720000e-06	-4.622689e-06	-1.489275e-09	-3.216261e+01	-9.555790e+01
6.730000e-06	-4.648019e-06	-1.490195e-09	-3.233884e+01	-9.588717e+01
6.740000e-06	-4.672995e-06	-1.492719e-09	-3.251261e+01	-9.621217e+01
6.750000e-06	-4.697634e-06	-1.496862e-09	-3.268404e+01	-9.653278e+01
6.760000e-06	-4.722066e-06	-1.503784e-09	-3.285402e+01	-9.684890e+01
6.770000e-06	-4.746389e-06	-1.512576e-09	-3.302326e+01	-9.716039e+01
6.780000e-06	-4.770463e-06	-1.520363e-09	-3.319075e+01	-9.746709e+01
6.790000e-06	-4.794218e-06	-1.526349e-09	-3.335603e+01	-9.776885e+01
6.800000e-06	-4.817579e-06	-1.530584e-09	-3.351856e+01	-9.806550e+01
6.810000e-06	-4.840436e-06	-1.531044e-09	-3.367759e+01	-9.835685e+01
6.820000e-06	-4.862814e-06	-1.533374e-09	-3.383328e+01	-9.864272e+01
6.830000e-06	-4.884686e-06	-1.536618e-09	-3.398547e+01	-9.892293e+01
6.840000e-06	-4.905940e-06	-1.539232e-09	-3.413334e+01	-9.919727e+01
6.850000e-06	-4.926767e-06	-1.541924e-09	-3.427824e+01	-9.946557e+01
6.860000e-06	-4.947335e-06	-1.545851e-09	-3.442135e+01	-9.972764e+01
6.870000e-06	-4.967657e-06	-1.550092e-09	-3.456274e+01	-9.998331e+01
6.880000e-06	-4.987814e-06	-1.553888e-09	-3.470298e+01	-1.002324e+02
6.890000e-06	-5.007752e-06	-1.559396e-09	-3.484170e+01	-1.004748e+02
6.900000e-06	-5.027334e-06	-1.562742e-09	-3.497794e+01	-1.007102e+02
6.910000e-06	-5.046437e-06	-1.563123e-09	-3.511085e+01	-1.009387e+02
6.920000e-06	-5.065121e-06	-1.563493e-09	-3.524085e+01	-1.011600e+02
6.930000e-06	-5.083542e-06	-1.562914e-09	-3.536901e+01	-1.013741e+02
6.940000e-06	-5.101650e-06	-1.561784e-09	-3.549500e+01	-1.015810e+02
6.950000e-06	-5.119407e-06	-1.563910e-09	-3.561855e+01	-1.017804e+02
6.960000e-06	-5.136837e-06	-1.567554e-09	-3.573982e+01	-1.019724e+02
6.970000e-06	-5.153910e-06	-1.572107e-09	-3.585860e+01	-1.021570e+02
6.980000e-06	-5.170651e-06	-1.578323e-09	-3.597508e+01	-1.023342e+02
6.990000e-06	-5.187103e-06	-1.582730e-09	-3.608954e+01	-1.025040e+02
7.000000e-06	-5.203398e-06	-1.582105e-09	-3.620292e+01	-1.026665e+02
7.010000e-06	-5.219452e-06	-1.582815e-09	-3.631462e+01	-1.028216e+02
7.020000e-06	-5.234976e-06	-1.583805e-09	-3.642262e+01	-1.029696e+02
7.030000e-06	-5.249771e-06	-1.582311e-09	-3.652556e+01	-1.031105e+02
7.040000e-06	-5.263844e-06	-1.580703e-09	-3.662348e+01	-1.032444e+02
7.050000e-06	-5.277419e-06	-1.579533e-09	-3.671793e+01	-1.033716e+02
7.060000e-06	-5.290663e-06	-1.579284e-09	-3.681007e+01	-1.034921e+02
7.070000e-06	-5.303507e-06	-1.581397e-09	-3.689943e+01	-1.036061e+02
7.080000e-06	-5.315930e-06	-1.586862e-09	-3.698587e+01	-1.037138e+02
7.090000e-06	-5.328037e-06	-1.591687e-09	-3.707010e+01	-1.038154e+02
7.100000e-06	-5.339795e-06	-1.592751e-09	-3.715191e+01	-1.039112e+02
7.110000e-06	-5.351045e-06	-1.591126e-09	-3.723018e+01	-1.040013e+02
7.120000e-06	-5.361863e-06	-1.589772e-09	-3.730545e+01	-1.040860e+02
7.130000e-06	-5.372433e-06	-1.590716e-09	-3.737899e+01	-1.041655e+02
7.140000e-06	-5.382752e-06	-1.593491e-09	-3.745078e+01	-1.042401e+02
7.150000e-06	-5.392646e-06	-1.600329e-09	-3.751962e+01	-1.043098e+02
7.160000e-06	-5.402072e-06	-1.605705e-09	-3.758520e+01	-1.043751e+02
7.170000e-06	-5.411141e-06	-1.610032e-09	-3.764830e+01	-1.044360e+02
7.180000e-06	-5.419902e-06	-1.612619e-09	-3.770925e+01	-1.044929e+02
7.190000e-06	-5.428404e-06	-1.614625e-09	-3.776841e+01	-1.045458e+02
7.200000e-06	-5.436703e-06	-1.618053e-09	-3.782615e+01	-1.045951e+02
7.210000e-06	-5.444673e-06	-1.618853e-09	-3.788160e+01	-1.046408e+02
7.220000e-06	-5.452103e-06	-1.617334e-09	-3.793330e+01	-1.046832e+02
7.230000e-06	-5.459081e-06	-1.615537e-09	-3.798184e+01	-1.047224e+02
7.240000e-06	-5.465557e-06	-1.613825e-09	-3.802691e+01	-1.047586e+02
7.250000e-06	-5.471398e-06	-1.611055e-09	-3.806754e+01	-1.047918e+02
7.260000e-06	-5.476696e-06	-1.608838e-09	-3.810441e+01	-1.048222e+02
7.270000e-06	-5.481569e-06	-1.609421e-09	-3.813831e+01	-1.048498e+02
7.280000e-06	-5.486113e-06	-1.615413e-09	-3.816993e+01	-1.048748e+02
7.290000e-06	-5.490378e-06	-1.620357e-09	-3.819960e+01	-1.048971e+02
7.300000e-06	-5.494444e-06	-1.622067e-09	-3.822789e+01	-1.049169e+02
7.310000e-06	-5.498202e-06	-1.619823e-09	-3.825403e+01	-1.049340e+02
7.320000e-06	-5.501496e-06	-1.616109e-09	-3.827695e+01	-1.049486e+02
7.330000e-06	-5.504387e-06	-1.611766e-09	-3.829706e+01	-1.049606e+02
7.340000e-06	-5.506943e-06	-1.607195e-09	-3.831485e+01	-1.049700e+02
7.350000e-06	-5.509206e-06	-1.605273e-09	-3.833059e+01	-1.049767e+02
7.360000e-06	-5.511053e-06	-1.605472e-09	-3.834344e+01	-1.049806e+02
7.370000e-06	-5.512552e-06	-1.607649e-09	-3.835388e+01	-1.049817e+02
7.380000e-06	-5.513686e-06	-1.609249e-09	-3.836176e+01	-1.049799e+02
7.390000e-06	-5.514389e-06	-1.607801e-09	-3.836666e+01	-1.049751e+02
7.400000e-06	-5.514898e-06	-1.605747e-09	-3.837020e+01	-1.049671e+02
