# Temperatura_=_14.36
# Concentracion g/m^3_=_1620.0
# C_Vs_to_Am_M_A/Vsm_=_65563218390.804596
# pendiente_HvsI_1/m_=_3716.3
# ordenada_HvsI_A/m_=_1297.0
# frecuencia_Hz_=_135098.5541373546

Tiempo_(s)	Campo_(V.s)	Magnetizacion_(V.s)	Campo_(kA/m)	Magnetizacion_(A/m)
0.000000e+00	-5.495045e-06	-1.596884e-09	-3.836621e+01	-1.035762e+02
1.000000e-08	-5.495211e-06	-1.596575e-09	-3.836737e+01	-1.035804e+02
2.000000e-08	-5.495064e-06	-1.596135e-09	-3.836635e+01	-1.035804e+02
3.000000e-08	-5.494485e-06	-1.594320e-09	-3.836230e+01	-1.035759e+02
4.000000e-08	-5.493440e-06	-1.586060e-09	-3.835501e+01	-1.035670e+02
5.000000e-08	-5.491906e-06	-1.569036e-09	-3.834430e+01	-1.035533e+02
6.000000e-08	-5.489735e-06	-1.564501e-09	-3.832914e+01	-1.035348e+02
7.000000e-08	-5.486885e-06	-1.601772e-09	-3.830924e+01	-1.035112e+02
8.000000e-08	-5.483533e-06	-1.656212e-09	-3.828584e+01	-1.034826e+02
9.000000e-08	-5.479795e-06	-1.639955e-09	-3.825974e+01	-1.034486e+02
1.000000e-07	-5.475654e-06	-1.550036e-09	-3.823083e+01	-1.034093e+02
1.100000e-07	-5.471295e-06	-1.535342e-09	-3.820039e+01	-1.033645e+02
1.200000e-07	-5.466747e-06	-1.585600e-09	-3.816864e+01	-1.033140e+02
1.300000e-07	-5.461728e-06	-1.606674e-09	-3.813359e+01	-1.032579e+02
1.400000e-07	-5.456329e-06	-1.537557e-09	-3.809590e+01	-1.031960e+02
1.500000e-07	-5.450721e-06	-1.513586e-09	-3.805674e+01	-1.031283e+02
1.600000e-07	-5.444779e-06	-1.593007e-09	-3.801526e+01	-1.030547e+02
1.700000e-07	-5.438339e-06	-1.620729e-09	-3.797029e+01	-1.029753e+02
1.800000e-07	-5.431419e-06	-1.573453e-09	-3.792198e+01	-1.028899e+02
1.900000e-07	-5.424206e-06	-1.516818e-09	-3.787162e+01	-1.027986e+02
2.000000e-07	-5.416769e-06	-1.562584e-09	-3.781969e+01	-1.027014e+02
2.100000e-07	-5.409065e-06	-1.590704e-09	-3.776590e+01	-1.025984e+02
2.200000e-07	-5.401143e-06	-1.577543e-09	-3.771059e+01	-1.024895e+02
2.300000e-07	-5.392879e-06	-1.539163e-09	-3.765289e+01	-1.023749e+02
2.400000e-07	-5.384045e-06	-1.555698e-09	-3.759122e+01	-1.022545e+02
2.500000e-07	-5.374493e-06	-1.569218e-09	-3.752452e+01	-1.021286e+02
2.600000e-07	-5.364202e-06	-1.546942e-09	-3.745267e+01	-1.019970e+02
2.700000e-07	-5.353370e-06	-1.508516e-09	-3.737704e+01	-1.018600e+02
2.800000e-07	-5.342086e-06	-1.532445e-09	-3.729825e+01	-1.017176e+02
2.900000e-07	-5.330402e-06	-1.564845e-09	-3.721668e+01	-1.015699e+02
3.000000e-07	-5.318413e-06	-1.534356e-09	-3.713297e+01	-1.014171e+02
3.100000e-07	-5.306038e-06	-1.507970e-09	-3.704657e+01	-1.012592e+02
3.200000e-07	-5.293241e-06	-1.534520e-09	-3.695723e+01	-1.010963e+02
3.300000e-07	-5.280131e-06	-1.557179e-09	-3.686569e+01	-1.009285e+02
3.400000e-07	-5.266593e-06	-1.514089e-09	-3.677117e+01	-1.007560e+02
3.500000e-07	-5.252510e-06	-1.507188e-09	-3.667284e+01	-1.005787e+02
3.600000e-07	-5.238177e-06	-1.539603e-09	-3.657277e+01	-1.003969e+02
3.700000e-07	-5.223564e-06	-1.525127e-09	-3.647074e+01	-1.002106e+02
3.800000e-07	-5.208125e-06	-1.483419e-09	-3.636295e+01	-1.000198e+02
3.900000e-07	-5.191971e-06	-1.522592e-09	-3.625016e+01	-9.982461e+01
4.000000e-07	-5.175574e-06	-1.541682e-09	-3.613568e+01	-9.962512e+01
4.100000e-07	-5.158908e-06	-1.487345e-09	-3.601931e+01	-9.942134e+01
4.200000e-07	-5.141892e-06	-1.481659e-09	-3.590051e+01	-9.921331e+01
4.300000e-07	-5.124611e-06	-1.547033e-09	-3.577985e+01	-9.900106e+01
4.400000e-07	-5.107027e-06	-1.510022e-09	-3.565708e+01	-9.878459e+01
4.500000e-07	-5.088996e-06	-1.456278e-09	-3.553119e+01	-9.856390e+01
4.600000e-07	-5.070555e-06	-1.497856e-09	-3.540244e+01	-9.833898e+01
4.700000e-07	-5.051755e-06	-1.523985e-09	-3.527117e+01	-9.810981e+01
4.800000e-07	-5.032531e-06	-1.461847e-09	-3.513696e+01	-9.787635e+01
4.900000e-07	-5.013019e-06	-1.476629e-09	-3.500072e+01	-9.763857e+01
5.000000e-07	-4.993383e-06	-1.514918e-09	-3.486363e+01	-9.739640e+01
5.100000e-07	-4.973544e-06	-1.466204e-09	-3.472511e+01	-9.714980e+01
5.200000e-07	-4.953346e-06	-1.442611e-09	-3.458409e+01	-9.689869e+01
5.300000e-07	-4.932780e-06	-1.500594e-09	-3.444050e+01	-9.664299e+01
5.400000e-07	-4.911888e-06	-1.480035e-09	-3.429463e+01	-9.638264e+01
5.500000e-07	-4.890589e-06	-1.428234e-09	-3.414592e+01	-9.611755e+01
5.600000e-07	-4.868978e-06	-1.463309e-09	-3.399504e+01	-9.584763e+01
5.700000e-07	-4.847002e-06	-1.482672e-09	-3.384160e+01	-9.557280e+01
5.800000e-07	-4.824585e-06	-1.431591e-09	-3.368508e+01	-9.529297e+01
5.900000e-07	-4.801840e-06	-1.434928e-09	-3.352628e+01	-9.500806e+01
6.000000e-07	-4.778781e-06	-1.461438e-09	-3.336528e+01	-9.471799e+01
6.100000e-07	-4.755452e-06	-1.423163e-09	-3.320240e+01	-9.442267e+01
6.200000e-07	-4.731973e-06	-1.405668e-09	-3.303847e+01	-9.412204e+01
6.300000e-07	-4.708329e-06	-1.430308e-09	-3.287339e+01	-9.381602e+01
6.400000e-07	-4.684364e-06	-1.417338e-09	-3.270606e+01	-9.350456e+01
6.500000e-07	-4.660077e-06	-1.391296e-09	-3.253649e+01	-9.318761e+01
6.600000e-07	-4.635471e-06	-1.405369e-09	-3.236470e+01	-9.286511e+01
6.700000e-07	-4.610354e-06	-1.400997e-09	-3.218933e+01	-9.253704e+01
6.800000e-07	-4.584603e-06	-1.383424e-09	-3.200954e+01	-9.220337e+01
6.900000e-07	-4.558266e-06	-1.390185e-09	-3.182565e+01	-9.186409e+01
7.000000e-07	-4.531471e-06	-1.395123e-09	-3.163857e+01	-9.151920e+01
7.100000e-07	-4.504271e-06	-1.375230e-09	-3.144866e+01	-9.116869e+01
7.200000e-07	-4.476734e-06	-1.374798e-09	-3.125640e+01	-9.081259e+01
7.300000e-07	-4.449067e-06	-1.374673e-09	-3.106323e+01	-9.045092e+01
7.400000e-07	-4.421336e-06	-1.360737e-09	-3.086961e+01	-9.008372e+01
7.500000e-07	-4.393466e-06	-1.351479e-09	-3.067503e+01	-8.971104e+01
7.600000e-07	-4.365279e-06	-1.354848e-09	-3.047823e+01	-8.933293e+01
7.700000e-07	-4.336699e-06	-1.342051e-09	-3.027868e+01	-8.894945e+01
7.800000e-07	-4.307808e-06	-1.334529e-09	-3.007696e+01	-8.856067e+01
7.900000e-07	-4.278581e-06	-1.336188e-09	-2.987290e+01	-8.816666e+01
8.000000e-07	-4.249009e-06	-1.324372e-09	-2.966643e+01	-8.776751e+01
8.100000e-07	-4.219211e-06	-1.304785e-09	-2.945839e+01	-8.736329e+01
8.200000e-07	-4.189150e-06	-1.302825e-09	-2.924850e+01	-8.695410e+01
8.300000e-07	-4.158701e-06	-1.298071e-09	-2.903591e+01	-8.654001e+01
8.400000e-07	-4.127829e-06	-1.284532e-09	-2.882036e+01	-8.612111e+01
8.500000e-07	-4.096676e-06	-1.280032e-09	-2.860285e+01	-8.569748e+01
8.600000e-07	-4.065411e-06	-1.280922e-09	-2.838456e+01	-8.526921e+01
8.700000e-07	-4.033984e-06	-1.264420e-09	-2.816514e+01	-8.483638e+01
8.800000e-07	-4.002376e-06	-1.251788e-09	-2.794445e+01	-8.439904e+01
8.900000e-07	-3.970651e-06	-1.252667e-09	-2.772295e+01	-8.395728e+01
9.000000e-07	-3.938679e-06	-1.238490e-09	-2.749972e+01	-8.351113e+01
9.100000e-07	-3.906416e-06	-1.223910e-09	-2.727446e+01	-8.306067e+01
9.200000e-07	-3.873902e-06	-1.224532e-09	-2.704745e+01	-8.260592e+01
9.300000e-07	-3.840981e-06	-1.220014e-09	-2.681759e+01	-8.214691e+01
9.400000e-07	-3.807504e-06	-1.203701e-09	-2.658386e+01	-8.168366e+01
9.500000e-07	-3.773549e-06	-1.200883e-09	-2.634679e+01	-8.121619e+01
9.600000e-07	-3.739189e-06	-1.196615e-09	-2.610689e+01	-8.074448e+01
9.700000e-07	-3.704375e-06	-1.179700e-09	-2.586381e+01	-8.026853e+01
9.800000e-07	-3.669242e-06	-1.170251e-09	-2.561852e+01	-7.978831e+01
9.900000e-07	-3.633897e-06	-1.174400e-09	-2.537174e+01	-7.930378e+01
1.000000e-06	-3.598360e-06	-1.166176e-09	-2.512362e+01	-7.881490e+01
1.010000e-06	-3.562674e-06	-1.153544e-09	-2.487447e+01	-7.832161e+01
1.020000e-06	-3.526883e-06	-1.150220e-09	-2.462458e+01	-7.782384e+01
1.030000e-06	-3.490957e-06	-1.142585e-09	-2.437374e+01	-7.732151e+01
1.040000e-06	-3.454826e-06	-1.125395e-09	-2.412147e+01	-7.681455e+01
1.050000e-06	-3.418406e-06	-1.117611e-09	-2.386719e+01	-7.630287e+01
1.060000e-06	-3.381693e-06	-1.111010e-09	-2.361086e+01	-7.578635e+01
1.070000e-06	-3.344766e-06	-1.098759e-09	-2.335304e+01	-7.526492e+01
1.080000e-06	-3.307566e-06	-1.087548e-09	-2.309331e+01	-7.473845e+01
1.090000e-06	-3.270104e-06	-1.080025e-09	-2.283175e+01	-7.420684e+01
1.100000e-06	-3.232468e-06	-1.068555e-09	-2.256898e+01	-7.366999e+01
1.110000e-06	-3.194716e-06	-1.059716e-09	-2.230540e+01	-7.312779e+01
1.120000e-06	-3.156789e-06	-1.056434e-09	-2.204059e+01	-7.258012e+01
1.130000e-06	-3.118558e-06	-1.050192e-09	-2.177366e+01	-7.202689e+01
1.140000e-06	-3.080067e-06	-1.038782e-09	-2.150492e+01	-7.146799e+01
1.150000e-06	-3.041384e-06	-1.028269e-09	-2.123484e+01	-7.090333e+01
1.160000e-06	-3.002481e-06	-1.018226e-09	-2.096322e+01	-7.033282e+01
1.170000e-06	-2.963338e-06	-1.005838e-09	-2.068992e+01	-6.975637e+01
1.180000e-06	-2.923948e-06	-9.977844e-10	-2.041490e+01	-6.917390e+01
1.190000e-06	-2.884406e-06	-9.920478e-10	-2.013882e+01	-6.858535e+01
1.200000e-06	-2.844804e-06	-9.821731e-10	-1.986233e+01	-6.799065e+01
1.210000e-06	-2.805123e-06	-9.714465e-10	-1.958527e+01	-6.738974e+01
1.220000e-06	-2.765309e-06	-9.620036e-10	-1.930729e+01	-6.678259e+01
1.230000e-06	-2.725384e-06	-9.470452e-10	-1.902853e+01	-6.616915e+01
1.240000e-06	-2.685330e-06	-9.311266e-10	-1.874888e+01	-6.554939e+01
1.250000e-06	-2.645002e-06	-9.191680e-10	-1.846731e+01	-6.492328e+01
1.260000e-06	-2.604437e-06	-9.094581e-10	-1.818409e+01	-6.429080e+01
1.270000e-06	-2.563619e-06	-8.983559e-10	-1.789910e+01	-6.365194e+01
1.280000e-06	-2.522399e-06	-8.891119e-10	-1.761130e+01	-6.300668e+01
1.290000e-06	-2.480865e-06	-8.820741e-10	-1.732131e+01	-6.235502e+01
1.300000e-06	-2.439146e-06	-8.713564e-10	-1.703003e+01	-6.169694e+01
1.310000e-06	-2.397097e-06	-8.591099e-10	-1.673645e+01	-6.103244e+01
1.320000e-06	-2.354722e-06	-8.485307e-10	-1.644058e+01	-6.036150e+01
1.330000e-06	-2.312081e-06	-8.386307e-10	-1.614287e+01	-5.968409e+01
1.340000e-06	-2.269161e-06	-8.283285e-10	-1.584320e+01	-5.900021e+01
1.350000e-06	-2.226024e-06	-8.171300e-10	-1.554202e+01	-5.830980e+01
1.360000e-06	-2.182709e-06	-8.082506e-10	-1.523960e+01	-5.761283e+01
1.370000e-06	-2.139316e-06	-7.994986e-10	-1.493663e+01	-5.690923e+01
1.380000e-06	-2.095830e-06	-7.923451e-10	-1.463301e+01	-5.619894e+01
1.390000e-06	-2.052246e-06	-7.839694e-10	-1.432871e+01	-5.548186e+01
1.400000e-06	-2.008594e-06	-7.715747e-10	-1.402393e+01	-5.475789e+01
1.410000e-06	-1.964872e-06	-7.570593e-10	-1.371867e+01	-5.402688e+01
1.420000e-06	-1.921111e-06	-7.445279e-10	-1.341313e+01	-5.328870e+01
1.430000e-06	-1.877269e-06	-7.332362e-10	-1.310702e+01	-5.254316e+01
1.440000e-06	-1.833282e-06	-7.223619e-10	-1.279991e+01	-5.179006e+01
1.450000e-06	-1.789204e-06	-7.129126e-10	-1.249216e+01	-5.102919e+01
1.460000e-06	-1.745067e-06	-7.016804e-10	-1.218400e+01	-5.026028e+01
1.470000e-06	-1.700799e-06	-6.860283e-10	-1.187492e+01	-4.948305e+01
1.480000e-06	-1.656371e-06	-6.691295e-10	-1.156472e+01	-4.869720e+01
1.490000e-06	-1.611840e-06	-6.525448e-10	-1.125381e+01	-4.790239e+01
1.500000e-06	-1.567115e-06	-6.391587e-10	-1.094154e+01	-4.709827e+01
1.510000e-06	-1.522161e-06	-6.277781e-10	-1.062768e+01	-4.628444e+01
1.520000e-06	-1.477146e-06	-6.181137e-10	-1.031338e+01	-4.546050e+01
1.530000e-06	-1.432044e-06	-6.067903e-10	-9.998481e+00	-4.462600e+01
1.540000e-06	-1.386847e-06	-5.917411e-10	-9.682917e+00	-4.378051e+01
1.550000e-06	-1.341554e-06	-5.757637e-10	-9.366680e+00	-4.292354e+01
1.560000e-06	-1.296129e-06	-5.598780e-10	-9.049524e+00	-4.205460e+01
1.570000e-06	-1.250650e-06	-5.440638e-10	-8.731994e+00	-4.117319e+01
1.580000e-06	-1.205098e-06	-5.286556e-10	-8.413955e+00	-4.027879e+01
1.590000e-06	-1.159477e-06	-5.166259e-10	-8.095428e+00	-3.937089e+01
1.600000e-06	-1.113821e-06	-5.068584e-10	-7.776662e+00	-3.844896e+01
1.610000e-06	-1.068108e-06	-4.944260e-10	-7.457494e+00	-3.751248e+01
1.620000e-06	-1.022392e-06	-4.803215e-10	-7.138308e+00	-3.656094e+01
1.630000e-06	-9.765763e-07	-4.671825e-10	-6.818421e+00	-3.559381e+01
1.640000e-06	-9.305808e-07	-4.505053e-10	-6.497283e+00	-3.461061e+01
1.650000e-06	-8.845004e-07	-4.320265e-10	-6.175551e+00	-3.361087e+01
1.660000e-06	-8.383714e-07	-4.145899e-10	-5.853480e+00	-3.259413e+01
1.670000e-06	-7.922526e-07	-3.968192e-10	-5.531480e+00	-3.155997e+01
1.680000e-06	-7.461133e-07	-3.787969e-10	-5.209337e+00	-3.050800e+01
1.690000e-06	-6.999322e-07	-3.653503e-10	-4.886902e+00	-2.943786e+01
1.700000e-06	-6.537140e-07	-3.530298e-10	-4.564208e+00	-2.834925e+01
1.710000e-06	-6.074896e-07	-3.389666e-10	-4.241471e+00	-2.724189e+01
1.720000e-06	-5.612732e-07	-3.212203e-10	-3.918790e+00	-2.611558e+01
1.730000e-06	-5.149498e-07	-2.997246e-10	-3.595362e+00	-2.497015e+01
1.740000e-06	-4.684940e-07	-2.778416e-10	-3.271008e+00	-2.380551e+01
1.750000e-06	-4.220385e-07	-2.599931e-10	-2.946658e+00	-2.262161e+01
1.760000e-06	-3.755933e-07	-2.463494e-10	-2.622379e+00	-2.141847e+01
1.770000e-06	-3.290808e-07	-2.340067e-10	-2.297631e+00	-2.019619e+01
1.780000e-06	-2.825884e-07	-2.218696e-10	-1.973023e+00	-1.895493e+01
1.790000e-06	-2.361041e-07	-2.068278e-10	-1.648471e+00	-1.769492e+01
1.800000e-06	-1.895549e-07	-1.858963e-10	-1.323466e+00	-1.641647e+01
1.810000e-06	-1.429553e-07	-1.634545e-10	-9.981091e-01	-1.511995e+01
1.820000e-06	-9.627716e-08	-1.422835e-10	-6.722038e-01	-1.380582e+01
1.830000e-06	-4.954564e-08	-1.269906e-10	-3.459259e-01	-1.247461e+01
1.840000e-06	-2.907954e-09	-1.135074e-10	-2.030323e-02	-1.112690e+01
1.850000e-06	4.362792e-08	-9.806004e-11	3.046086e-01	-9.763370e+00
1.860000e-06	9.017289e-08	-8.016193e-11	6.295840e-01	-8.384763e+00
1.870000e-06	1.367678e-07	-5.890764e-11	9.549081e-01	-6.991884e+00
1.880000e-06	1.834613e-07	-3.571556e-11	1.280921e+00	-5.585606e+00
1.890000e-06	2.300907e-07	-1.156067e-11	1.606485e+00	-4.166863e+00
1.900000e-06	2.765712e-07	9.663116e-12	1.931011e+00	-2.736647e+00
1.910000e-06	3.230624e-07	2.839989e-11	2.255611e+00	-1.296004e+00
1.920000e-06	3.695484e-07	4.379073e-11	2.580174e+00	1.539689e-01
1.930000e-06	4.160055e-07	5.861671e-11	2.904536e+00	1.612133e+00
1.940000e-06	4.623928e-07	7.757815e-11	3.228410e+00	3.077308e+00
1.950000e-06	5.087177e-07	9.838067e-11	3.551849e+00	4.548280e+00
1.960000e-06	5.550109e-07	1.206494e-10	3.875067e+00	6.023809e+00
1.970000e-06	6.012533e-07	1.443921e-10	4.197929e+00	7.502631e+00
1.980000e-06	6.474356e-07	1.658530e-10	4.520373e+00	8.983465e+00
1.990000e-06	6.936061e-07	1.864159e-10	4.842733e+00	1.046502e+01
2.000000e-06	7.397146e-07	2.029973e-10	5.164662e+00	1.194601e+01
2.010000e-06	7.857668e-07	2.228918e-10	5.486196e+00	1.342514e+01
2.020000e-06	8.318452e-07	2.447350e-10	5.807914e+00	1.490113e+01
2.030000e-06	8.778285e-07	2.672743e-10	6.128968e+00	1.637272e+01
2.040000e-06	9.237380e-07	2.883769e-10	6.449506e+00	1.783865e+01
2.050000e-06	9.695976e-07	3.074895e-10	6.769697e+00	1.929771e+01
2.060000e-06	1.015407e-06	3.260487e-10	7.089534e+00	2.074872e+01
2.070000e-06	1.061176e-06	3.459124e-10	7.409096e+00	2.219053e+01
2.080000e-06	1.106843e-06	3.678438e-10	7.727937e+00	2.362204e+01
2.090000e-06	1.152368e-06	3.893031e-10	8.045791e+00	2.504218e+01
2.100000e-06	1.197829e-06	4.125425e-10	8.363202e+00	2.644996e+01
2.110000e-06	1.243265e-06	4.330276e-10	8.680436e+00	2.784442e+01
2.120000e-06	1.288618e-06	4.509096e-10	8.997089e+00	2.922468e+01
2.130000e-06	1.333879e-06	4.704763e-10	9.313097e+00	3.058991e+01
2.140000e-06	1.379077e-06	4.909646e-10	9.628666e+00	3.193935e+01
2.150000e-06	1.424174e-06	5.103047e-10	9.943530e+00	3.327229e+01
2.160000e-06	1.469098e-06	5.290519e-10	1.025719e+01	3.458811e+01
2.170000e-06	1.513912e-06	5.473070e-10	1.057008e+01	3.588626e+01
2.180000e-06	1.558661e-06	5.658583e-10	1.088251e+01	3.716623e+01
2.190000e-06	1.603273e-06	5.817050e-10	1.119400e+01	3.842762e+01
2.200000e-06	1.647777e-06	5.968078e-10	1.150472e+01	3.967006e+01
2.210000e-06	1.692080e-06	6.115504e-10	1.181405e+01	4.089327e+01
2.220000e-06	1.736236e-06	6.273320e-10	1.212234e+01	4.209704e+01
2.230000e-06	1.780363e-06	6.448731e-10	1.243044e+01	4.328122e+01
2.240000e-06	1.824428e-06	6.594467e-10	1.273809e+01	4.444571e+01
2.250000e-06	1.868411e-06	6.725610e-10	1.304518e+01	4.559047e+01
2.260000e-06	1.912253e-06	6.859261e-10	1.335128e+01	4.671554e+01
2.270000e-06	1.956017e-06	7.043982e-10	1.365684e+01	4.782099e+01
2.280000e-06	1.999731e-06	7.245113e-10	1.396205e+01	4.890696e+01
2.290000e-06	2.043404e-06	7.442331e-10	1.426698e+01	4.997361e+01
2.300000e-06	2.086979e-06	7.602968e-10	1.457122e+01	5.102116e+01
2.310000e-06	2.130418e-06	7.732852e-10	1.487450e+01	5.204986e+01
2.320000e-06	2.173776e-06	7.884178e-10	1.517723e+01	5.306000e+01
2.330000e-06	2.216953e-06	8.030381e-10	1.547869e+01	5.405189e+01
2.340000e-06	2.259961e-06	8.181216e-10	1.577897e+01	5.502588e+01
2.350000e-06	2.302719e-06	8.360082e-10	1.607750e+01	5.598233e+01
2.360000e-06	2.345161e-06	8.559823e-10	1.637383e+01	5.692161e+01
2.370000e-06	2.387373e-06	8.702292e-10	1.666855e+01	5.784411e+01
2.380000e-06	2.429385e-06	8.800073e-10	1.696188e+01	5.875024e+01
2.390000e-06	2.471141e-06	8.891411e-10	1.725342e+01	5.964038e+01
2.400000e-06	2.512556e-06	8.994209e-10	1.754258e+01	6.051496e+01
2.410000e-06	2.553664e-06	9.121517e-10	1.782959e+01	6.137436e+01
2.420000e-06	2.594478e-06	9.269523e-10	1.811455e+01	6.221899e+01
2.430000e-06	2.635009e-06	9.444534e-10	1.839754e+01	6.304922e+01
2.440000e-06	2.675292e-06	9.609630e-10	1.867880e+01	6.386544e+01
2.450000e-06	2.715439e-06	9.725894e-10	1.895910e+01	6.466800e+01
2.460000e-06	2.755422e-06	9.839419e-10	1.923826e+01	6.545726e+01
2.470000e-06	2.795217e-06	9.957215e-10	1.951611e+01	6.623354e+01
2.480000e-06	2.834937e-06	1.007370e-09	1.979343e+01	6.699715e+01
2.490000e-06	2.874551e-06	1.017867e-09	2.007001e+01	6.774840e+01
2.500000e-06	2.913945e-06	1.027366e-09	2.034506e+01	6.848755e+01
2.510000e-06	2.953175e-06	1.038494e-09	2.061897e+01	6.921485e+01
2.520000e-06	2.992176e-06	1.050727e-09	2.089127e+01	6.993055e+01
2.530000e-06	3.030935e-06	1.061436e-09	2.116188e+01	7.063485e+01
2.540000e-06	3.069583e-06	1.071185e-09	2.143172e+01	7.132796e+01
2.550000e-06	3.108020e-06	1.080740e-09	2.170008e+01	7.201005e+01
2.560000e-06	3.146203e-06	1.089766e-09	2.196668e+01	7.268129e+01
2.570000e-06	3.184250e-06	1.098236e-09	2.223232e+01	7.334181e+01
2.580000e-06	3.222082e-06	1.104835e-09	2.249646e+01	7.399176e+01
2.590000e-06	3.259688e-06	1.111951e-09	2.275903e+01	7.463124e+01
2.600000e-06	3.297153e-06	1.122131e-09	2.302060e+01	7.526038e+01
2.610000e-06	3.334301e-06	1.131758e-09	2.327998e+01	7.587927e+01
2.620000e-06	3.371099e-06	1.139632e-09	2.353690e+01	7.648800e+01
2.630000e-06	3.407690e-06	1.147600e-09	2.379237e+01	7.708666e+01
2.640000e-06	3.444043e-06	1.154675e-09	2.404619e+01	7.767533e+01
2.650000e-06	3.480167e-06	1.161760e-09	2.429840e+01	7.825409e+01
2.660000e-06	3.516183e-06	1.168352e-09	2.454987e+01	7.882303e+01
2.670000e-06	3.552046e-06	1.173828e-09	2.480026e+01	7.938223e+01
2.680000e-06	3.587744e-06	1.179723e-09	2.504950e+01	7.993178e+01
2.690000e-06	3.623272e-06	1.187387e-09	2.529756e+01	8.047176e+01
2.700000e-06	3.658560e-06	1.195963e-09	2.554394e+01	8.100229e+01
2.710000e-06	3.693588e-06	1.204207e-09	2.578851e+01	8.152345e+01
2.720000e-06	3.728380e-06	1.211716e-09	2.603142e+01	8.203538e+01
2.730000e-06	3.762926e-06	1.218372e-09	2.627262e+01	8.253818e+01
2.740000e-06	3.797068e-06	1.223403e-09	2.651099e+01	8.303199e+01
2.750000e-06	3.830710e-06	1.228148e-09	2.674588e+01	8.351696e+01
2.760000e-06	3.863863e-06	1.235206e-09	2.697735e+01	8.399324e+01
2.770000e-06	3.896616e-06	1.244426e-09	2.720604e+01	8.446098e+01
2.780000e-06	3.929031e-06	1.253444e-09	2.743235e+01	8.492036e+01
2.790000e-06	3.961135e-06	1.261718e-09	2.765651e+01	8.537156e+01
2.800000e-06	3.993025e-06	1.269427e-09	2.787916e+01	8.581477e+01
2.810000e-06	4.024728e-06	1.276117e-09	2.810051e+01	8.625018e+01
2.820000e-06	4.056262e-06	1.282110e-09	2.832068e+01	8.667801e+01
2.830000e-06	4.087653e-06	1.289146e-09	2.853985e+01	8.709845e+01
2.840000e-06	4.118771e-06	1.298590e-09	2.875712e+01	8.751171e+01
2.850000e-06	4.149513e-06	1.307818e-09	2.897176e+01	8.791802e+01
2.860000e-06	4.179939e-06	1.314082e-09	2.918419e+01	8.831759e+01
2.870000e-06	4.210065e-06	1.318195e-09	2.939453e+01	8.871063e+01
2.880000e-06	4.239935e-06	1.320663e-09	2.960308e+01	8.909736e+01
2.890000e-06	4.269566e-06	1.324041e-09	2.980996e+01	8.947798e+01
2.900000e-06	4.298913e-06	1.331127e-09	3.001486e+01	8.985270e+01
2.910000e-06	4.327933e-06	1.339120e-09	3.021748e+01	9.022172e+01
2.920000e-06	4.356675e-06	1.347916e-09	3.041815e+01	9.058522e+01
2.930000e-06	4.385133e-06	1.357322e-09	3.061684e+01	9.094337e+01
2.940000e-06	4.413316e-06	1.364173e-09	3.081362e+01	9.129635e+01
2.950000e-06	4.441295e-06	1.367742e-09	3.100897e+01	9.164430e+01
2.960000e-06	4.469095e-06	1.370319e-09	3.120307e+01	9.198736e+01
2.970000e-06	4.496677e-06	1.373241e-09	3.139564e+01	9.232566e+01
2.980000e-06	4.523977e-06	1.375988e-09	3.158625e+01	9.265930e+01
2.990000e-06	4.550935e-06	1.380811e-09	3.177447e+01	9.298838e+01
3.000000e-06	4.577487e-06	1.386988e-09	3.195985e+01	9.331296e+01
3.010000e-06	4.603500e-06	1.391342e-09	3.214148e+01	9.363310e+01
3.020000e-06	4.628863e-06	1.396497e-09	3.231856e+01	9.394884e+01
3.030000e-06	4.653723e-06	1.403868e-09	3.249213e+01	9.426020e+01
3.040000e-06	4.678188e-06	1.409293e-09	3.266294e+01	9.456718e+01
3.050000e-06	4.702313e-06	1.411368e-09	3.283139e+01	9.486978e+01
3.060000e-06	4.726193e-06	1.415120e-09	3.299811e+01	9.516795e+01
3.070000e-06	4.749831e-06	1.420488e-09	3.316316e+01	9.546166e+01
3.080000e-06	4.773164e-06	1.424555e-09	3.332606e+01	9.575084e+01
3.090000e-06	4.796152e-06	1.428947e-09	3.348656e+01	9.603544e+01
3.100000e-06	4.818803e-06	1.433282e-09	3.364471e+01	9.631536e+01
3.110000e-06	4.841148e-06	1.436249e-09	3.380073e+01	9.659052e+01
3.120000e-06	4.863145e-06	1.438925e-09	3.395430e+01	9.686082e+01
3.130000e-06	4.884862e-06	1.443805e-09	3.410594e+01	9.712614e+01
3.140000e-06	4.906239e-06	1.450229e-09	3.425519e+01	9.738639e+01
3.150000e-06	4.927236e-06	1.455678e-09	3.440179e+01	9.764144e+01
3.160000e-06	4.947947e-06	1.459610e-09	3.454639e+01	9.789119e+01
3.170000e-06	4.968274e-06	1.461876e-09	3.468831e+01	9.813552e+01
3.180000e-06	4.988329e-06	1.463622e-09	3.482834e+01	9.837432e+01
3.190000e-06	5.008186e-06	1.466787e-09	3.496698e+01	9.860749e+01
3.200000e-06	5.027731e-06	1.471531e-09	3.510344e+01	9.883492e+01
3.210000e-06	5.047041e-06	1.477498e-09	3.523827e+01	9.905654e+01
3.220000e-06	5.066022e-06	1.483728e-09	3.537079e+01	9.927225e+01
3.230000e-06	5.084497e-06	1.489716e-09	3.549978e+01	9.948198e+01
3.240000e-06	5.102527e-06	1.491153e-09	3.562567e+01	9.968569e+01
3.250000e-06	5.120164e-06	1.487230e-09	3.574881e+01	9.988332e+01
3.260000e-06	5.137492e-06	1.483720e-09	3.586979e+01	1.000749e+02
3.270000e-06	5.154620e-06	1.485805e-09	3.598938e+01	1.002603e+02
3.280000e-06	5.171450e-06	1.492258e-09	3.610688e+01	1.004396e+02
3.290000e-06	5.187825e-06	1.498511e-09	3.622121e+01	1.006127e+02
3.300000e-06	5.203848e-06	1.502149e-09	3.633308e+01	1.007799e+02
3.310000e-06	5.219420e-06	1.503540e-09	3.644181e+01	1.009410e+02
3.320000e-06	5.234501e-06	1.504005e-09	3.654710e+01	1.010961e+02
3.330000e-06	5.249138e-06	1.503562e-09	3.664930e+01	1.012454e+02
3.340000e-06	5.263270e-06	1.503682e-09	3.674797e+01	1.013889e+02
3.350000e-06	5.277126e-06	1.507459e-09	3.684471e+01	1.015268e+02
3.360000e-06	5.290630e-06	1.515757e-09	3.693899e+01	1.016591e+02
3.370000e-06	5.303693e-06	1.524444e-09	3.703020e+01	1.017860e+02
3.380000e-06	5.316425e-06	1.528530e-09	3.711910e+01	1.019076e+02
3.390000e-06	5.328785e-06	1.528501e-09	3.720539e+01	1.020241e+02
3.400000e-06	5.340786e-06	1.528566e-09	3.728918e+01	1.021357e+02
3.410000e-06	5.352455e-06	1.529537e-09	3.737065e+01	1.022425e+02
3.420000e-06	5.363817e-06	1.532300e-09	3.744998e+01	1.023446e+02
3.430000e-06	5.374649e-06	1.537461e-09	3.752561e+01	1.024423e+02
3.440000e-06	5.384819e-06	1.543885e-09	3.759662e+01	1.025358e+02
3.450000e-06	5.394419e-06	1.546354e-09	3.766364e+01	1.026251e+02
3.460000e-06	5.403413e-06	1.543936e-09	3.772644e+01	1.027105e+02
3.470000e-06	5.411905e-06	1.539618e-09	3.778573e+01	1.027921e+02
3.480000e-06	5.420016e-06	1.537736e-09	3.784236e+01	1.028700e+02
3.490000e-06	5.427867e-06	1.539698e-09	3.789718e+01	1.029445e+02
3.500000e-06	5.435475e-06	1.542661e-09	3.795030e+01	1.030156e+02
3.510000e-06	5.442635e-06	1.547041e-09	3.800029e+01	1.030835e+02
3.520000e-06	5.449357e-06	1.552028e-09	3.804722e+01	1.031483e+02
3.530000e-06	5.455777e-06	1.553998e-09	3.809204e+01	1.032101e+02
3.540000e-06	5.461925e-06	1.551579e-09	3.813497e+01	1.032688e+02
3.550000e-06	5.467732e-06	1.548664e-09	3.817551e+01	1.033247e+02
3.560000e-06	5.473138e-06	1.549289e-09	3.821326e+01	1.033778e+02
3.570000e-06	5.478160e-06	1.550875e-09	3.824832e+01	1.034280e+02
3.580000e-06	5.482767e-06	1.551984e-09	3.828049e+01	1.034754e+02
3.590000e-06	5.487001e-06	1.553642e-09	3.831005e+01	1.035200e+02
3.600000e-06	5.490974e-06	1.554678e-09	3.833779e+01	1.035618e+02
3.610000e-06	5.494720e-06	1.555772e-09	3.836394e+01	1.036007e+02
3.620000e-06	5.498190e-06	1.556600e-09	3.838817e+01	1.036366e+02
3.630000e-06	5.501308e-06	1.555327e-09	3.840994e+01	1.036695e+02
3.640000e-06	5.503895e-06	1.553926e-09	3.842800e+01	1.036993e+02
3.650000e-06	5.505891e-06	1.554871e-09	3.844194e+01	1.037259e+02
3.660000e-06	5.507315e-06	1.557649e-09	3.845188e+01	1.037491e+02
3.670000e-06	5.508151e-06	1.559158e-09	3.845772e+01	1.037689e+02
3.680000e-06	5.508478e-06	1.561809e-09	3.846000e+01	1.037851e+02
3.690000e-06	5.508477e-06	1.567339e-09	3.845999e+01	1.037976e+02
3.700000e-06	5.508258e-06	1.568525e-09	3.845846e+01	1.038062e+02
3.710000e-06	5.507763e-06	1.568681e-09	3.845501e+01	1.038107e+02
3.720000e-06	5.506891e-06	1.568368e-09	3.844892e+01	1.038110e+02
3.730000e-06	5.505644e-06	1.568915e-09	3.844021e+01	1.038070e+02
3.740000e-06	5.504096e-06	1.581810e-09	3.842941e+01	1.037984e+02
3.750000e-06	5.502235e-06	1.599753e-09	3.841641e+01	1.037852e+02
3.760000e-06	5.500027e-06	1.581414e-09	3.840099e+01	1.037671e+02
3.770000e-06	5.497451e-06	1.515254e-09	3.838301e+01	1.037440e+02
3.780000e-06	5.494361e-06	1.486196e-09	3.836144e+01	1.037158e+02
3.790000e-06	5.490770e-06	1.566409e-09	3.833637e+01	1.036823e+02
3.800000e-06	5.486836e-06	1.633047e-09	3.830890e+01	1.036434e+02
3.810000e-06	5.482640e-06	1.589012e-09	3.827960e+01	1.035991e+02
3.820000e-06	5.478245e-06	1.548352e-09	3.824891e+01	1.035491e+02
3.830000e-06	5.473461e-06	1.585633e-09	3.821551e+01	1.034935e+02
3.840000e-06	5.468075e-06	1.645882e-09	3.817791e+01	1.034321e+02
3.850000e-06	5.462247e-06	1.579277e-09	3.813722e+01	1.033649e+02
3.860000e-06	5.456306e-06	1.502595e-09	3.809574e+01	1.032918e+02
3.870000e-06	5.449887e-06	1.584923e-09	3.805092e+01	1.032128e+02
3.880000e-06	5.442682e-06	1.700457e-09	3.800062e+01	1.031280e+02
3.890000e-06	5.435098e-06	1.624454e-09	3.794766e+01	1.030372e+02
3.900000e-06	5.427206e-06	1.474536e-09	3.789256e+01	1.029405e+02
3.910000e-06	5.418862e-06	1.520429e-09	3.783431e+01	1.028380e+02
3.920000e-06	5.410081e-06	1.642778e-09	3.777300e+01	1.027296e+02
3.930000e-06	5.401116e-06	1.617690e-09	3.771040e+01	1.026155e+02
3.940000e-06	5.391900e-06	1.509934e-09	3.764606e+01	1.024956e+02
3.950000e-06	5.382099e-06	1.551466e-09	3.757762e+01	1.023701e+02
3.960000e-06	5.371901e-06	1.618466e-09	3.750643e+01	1.022390e+02
3.970000e-06	5.361482e-06	1.569097e-09	3.743368e+01	1.021025e+02
3.980000e-06	5.350700e-06	1.494807e-09	3.735840e+01	1.019606e+02
3.990000e-06	5.339450e-06	1.540481e-09	3.727986e+01	1.018133e+02
4.000000e-06	5.327864e-06	1.586942e-09	3.719896e+01	1.016609e+02
4.010000e-06	5.316012e-06	1.525280e-09	3.711621e+01	1.015035e+02
4.020000e-06	5.303602e-06	1.462426e-09	3.702957e+01	1.013410e+02
4.030000e-06	5.290478e-06	1.522906e-09	3.693793e+01	1.011736e+02
4.040000e-06	5.277055e-06	1.568418e-09	3.684421e+01	1.010015e+02
4.050000e-06	5.263300e-06	1.491094e-09	3.674818e+01	1.008247e+02
4.060000e-06	5.248758e-06	1.441239e-09	3.664665e+01	1.006432e+02
4.070000e-06	5.233600e-06	1.534716e-09	3.654081e+01	1.004573e+02
4.080000e-06	5.218159e-06	1.565416e-09	3.643300e+01	1.002669e+02
4.090000e-06	5.202278e-06	1.455364e-09	3.632212e+01	1.000721e+02
4.100000e-06	5.185983e-06	1.444698e-09	3.620835e+01	9.987298e+01
4.110000e-06	5.169579e-06	1.547854e-09	3.609382e+01	9.966957e+01
4.120000e-06	5.152892e-06	1.520899e-09	3.597731e+01	9.946191e+01
4.130000e-06	5.135672e-06	1.429765e-09	3.585708e+01	9.925003e+01
4.140000e-06	5.118056e-06	1.509989e-09	3.573409e+01	9.903392e+01
4.150000e-06	5.100205e-06	1.555778e-09	3.560945e+01	9.881360e+01
4.160000e-06	5.081953e-06	1.446810e-09	3.548202e+01	9.858905e+01
4.170000e-06	5.063269e-06	1.442054e-09	3.535157e+01	9.836025e+01
4.180000e-06	5.044345e-06	1.544211e-09	3.521944e+01	9.812716e+01
4.190000e-06	5.025109e-06	1.479078e-09	3.508514e+01	9.788976e+01
4.200000e-06	5.005455e-06	1.416056e-09	3.494791e+01	9.764797e+01
4.210000e-06	4.985566e-06	1.504169e-09	3.480905e+01	9.740175e+01
4.220000e-06	4.965499e-06	1.499700e-09	3.466894e+01	9.715104e+01
4.230000e-06	4.945194e-06	1.399333e-09	3.452717e+01	9.689574e+01
4.240000e-06	4.924728e-06	1.462272e-09	3.438428e+01	9.663580e+01
4.250000e-06	4.903932e-06	1.509248e-09	3.423908e+01	9.637112e+01
4.260000e-06	4.882533e-06	1.407881e-09	3.408967e+01	9.610162e+01
4.270000e-06	4.860503e-06	1.409645e-09	3.393586e+01	9.582722e+01
4.280000e-06	4.838004e-06	1.500308e-09	3.377877e+01	9.554782e+01
4.290000e-06	4.814980e-06	1.436774e-09	3.361802e+01	9.526336e+01
4.300000e-06	4.791385e-06	1.386940e-09	3.345328e+01	9.497373e+01
4.310000e-06	4.767524e-06	1.461838e-09	3.328668e+01	9.467887e+01
4.320000e-06	4.743500e-06	1.461155e-09	3.311895e+01	9.437869e+01
4.330000e-06	4.719173e-06	1.401702e-09	3.294910e+01	9.407314e+01
4.340000e-06	4.694514e-06	1.435108e-09	3.277693e+01	9.376215e+01
4.350000e-06	4.669542e-06	1.447127e-09	3.260258e+01	9.344567e+01
4.360000e-06	4.644316e-06	1.394944e-09	3.242645e+01	9.312365e+01
4.370000e-06	4.618804e-06	1.400520e-09	3.224833e+01	9.279606e+01
4.380000e-06	4.592896e-06	1.423116e-09	3.206744e+01	9.246288e+01
4.390000e-06	4.566693e-06	1.395103e-09	3.188449e+01	9.212408e+01
4.400000e-06	4.540253e-06	1.385798e-09	3.169989e+01	9.177967e+01
4.410000e-06	4.513514e-06	1.397989e-09	3.151319e+01	9.142964e+01
4.420000e-06	4.486396e-06	1.380494e-09	3.132386e+01	9.107402e+01
4.430000e-06	4.458894e-06	1.371482e-09	3.113185e+01	9.071283e+01
4.440000e-06	4.431150e-06	1.380464e-09	3.093813e+01	9.034611e+01
4.450000e-06	4.403195e-06	1.371513e-09	3.074296e+01	8.997390e+01
4.460000e-06	4.375016e-06	1.355393e-09	3.054621e+01	8.959625e+01
4.470000e-06	4.346670e-06	1.360487e-09	3.034830e+01	8.921323e+01
4.480000e-06	4.318126e-06	1.357317e-09	3.014901e+01	8.882490e+01
4.490000e-06	4.289225e-06	1.343280e-09	2.994722e+01	8.843134e+01
4.500000e-06	4.259897e-06	1.338247e-09	2.974245e+01	8.803263e+01
4.510000e-06	4.230141e-06	1.335697e-09	2.953470e+01	8.762885e+01
4.520000e-06	4.199825e-06	1.319147e-09	2.932303e+01	8.722008e+01
4.530000e-06	4.168955e-06	1.320744e-09	2.910750e+01	8.680641e+01
4.540000e-06	4.137615e-06	1.329282e-09	2.888869e+01	8.638792e+01
4.550000e-06	4.105944e-06	1.311330e-09	2.866755e+01	8.596470e+01
4.560000e-06	4.074058e-06	1.292433e-09	2.844493e+01	8.553683e+01
4.570000e-06	4.041942e-06	1.298825e-09	2.822070e+01	8.510439e+01
4.580000e-06	4.009698e-06	1.289603e-09	2.799557e+01	8.466744e+01
4.590000e-06	3.977301e-06	1.272847e-09	2.776937e+01	8.422605e+01
4.600000e-06	3.944670e-06	1.279474e-09	2.754155e+01	8.378029e+01
4.610000e-06	3.911789e-06	1.283792e-09	2.731198e+01	8.333020e+01
4.620000e-06	3.878670e-06	1.265393e-09	2.708074e+01	8.287582e+01
4.630000e-06	3.845259e-06	1.262974e-09	2.684746e+01	8.241718e+01
4.640000e-06	3.811545e-06	1.266102e-09	2.661207e+01	8.195430e+01
4.650000e-06	3.777567e-06	1.243108e-09	2.637484e+01	8.148719e+01
4.660000e-06	3.743252e-06	1.228880e-09	2.613525e+01	8.101585e+01
4.670000e-06	3.708718e-06	1.237808e-09	2.589414e+01	8.054027e+01
4.680000e-06	3.673983e-06	1.234854e-09	2.565162e+01	8.006042e+01
4.690000e-06	3.639000e-06	1.222990e-09	2.540737e+01	7.957627e+01
4.700000e-06	3.603719e-06	1.227266e-09	2.516104e+01	7.908777e+01
4.710000e-06	3.568123e-06	1.224272e-09	2.491251e+01	7.859486e+01
4.720000e-06	3.532350e-06	1.205134e-09	2.466274e+01	7.809748e+01
4.730000e-06	3.496380e-06	1.200308e-09	2.441160e+01	7.759556e+01
4.740000e-06	3.460253e-06	1.200662e-09	2.415937e+01	7.708900e+01
4.750000e-06	3.424050e-06	1.186583e-09	2.390660e+01	7.657772e+01
4.760000e-06	3.387761e-06	1.177114e-09	2.365323e+01	7.606163e+01
4.770000e-06	3.351310e-06	1.178835e-09	2.339873e+01	7.554062e+01
4.780000e-06	3.314649e-06	1.173035e-09	2.314276e+01	7.501459e+01
4.790000e-06	3.277659e-06	1.159258e-09	2.288450e+01	7.448344e+01
4.800000e-06	3.240223e-06	1.155840e-09	2.262312e+01	7.394704e+01
4.810000e-06	3.202428e-06	1.149441e-09	2.235924e+01	7.340530e+01
4.820000e-06	3.164224e-06	1.135092e-09	2.209250e+01	7.285811e+01
4.830000e-06	3.125555e-06	1.127841e-09	2.182252e+01	7.230536e+01
4.840000e-06	3.086562e-06	1.122061e-09	2.155027e+01	7.174695e+01
4.850000e-06	3.047320e-06	1.107368e-09	2.127628e+01	7.118279e+01
4.860000e-06	3.007767e-06	1.095978e-09	2.100012e+01	7.061278e+01
4.870000e-06	2.967954e-06	1.091695e-09	2.072215e+01	7.003685e+01
4.880000e-06	2.927945e-06	1.084617e-09	2.044281e+01	6.945490e+01
4.890000e-06	2.887821e-06	1.074205e-09	2.016266e+01	6.886687e+01
4.900000e-06	2.847621e-06	1.068269e-09	1.988199e+01	6.827270e+01
4.910000e-06	2.807334e-06	1.057775e-09	1.960071e+01	6.767233e+01
4.920000e-06	2.766926e-06	1.046331e-09	1.931858e+01	6.706571e+01
4.930000e-06	2.726348e-06	1.041727e-09	1.903527e+01	6.645281e+01
4.940000e-06	2.685607e-06	1.039286e-09	1.875082e+01	6.583359e+01
4.950000e-06	2.644664e-06	1.030763e-09	1.846495e+01	6.520803e+01
4.960000e-06	2.603516e-06	1.022623e-09	1.817766e+01	6.457609e+01
4.970000e-06	2.562196e-06	1.017518e-09	1.788916e+01	6.393778e+01
4.980000e-06	2.520688e-06	1.005954e-09	1.759936e+01	6.329307e+01
4.990000e-06	2.479003e-06	9.917349e-10	1.730831e+01	6.264196e+01
5.000000e-06	2.437182e-06	9.827202e-10	1.701632e+01	6.198443e+01
5.010000e-06	2.395153e-06	9.738158e-10	1.672287e+01	6.132048e+01
5.020000e-06	2.352922e-06	9.630757e-10	1.642802e+01	6.065009e+01
5.030000e-06	2.310578e-06	9.555548e-10	1.613238e+01	5.997324e+01
5.040000e-06	2.268161e-06	9.490839e-10	1.583622e+01	5.928991e+01
5.050000e-06	2.225693e-06	9.397757e-10	1.553971e+01	5.860006e+01
5.060000e-06	2.183095e-06	9.316521e-10	1.524229e+01	5.790366e+01
5.070000e-06	2.140269e-06	9.231609e-10	1.494329e+01	5.720063e+01
5.080000e-06	2.097237e-06	9.092250e-10	1.464283e+01	5.649091e+01
5.090000e-06	2.053956e-06	8.976177e-10	1.434065e+01	5.577442e+01
5.100000e-06	2.010477e-06	8.879394e-10	1.403708e+01	5.505104e+01
5.110000e-06	1.966878e-06	8.765619e-10	1.373267e+01	5.432064e+01
5.120000e-06	1.923128e-06	8.657085e-10	1.342721e+01	5.358307e+01
5.130000e-06	1.879207e-06	8.595649e-10	1.312056e+01	5.283817e+01
5.140000e-06	1.835181e-06	8.528015e-10	1.281317e+01	5.208573e+01
5.150000e-06	1.791159e-06	8.400445e-10	1.250581e+01	5.132552e+01
5.160000e-06	1.747084e-06	8.242962e-10	1.219808e+01	5.055731e+01
5.170000e-06	1.702936e-06	8.123561e-10	1.188984e+01	4.978080e+01
5.180000e-06	1.658718e-06	8.018841e-10	1.158111e+01	4.899569e+01
5.190000e-06	1.614451e-06	7.902980e-10	1.127204e+01	4.820166e+01
5.200000e-06	1.570155e-06	7.762373e-10	1.096277e+01	4.739834e+01
5.210000e-06	1.525750e-06	7.622489e-10	1.065273e+01	4.658535e+01
5.220000e-06	1.481248e-06	7.489638e-10	1.034202e+01	4.576229e+01
5.230000e-06	1.436644e-06	7.349704e-10	1.003060e+01	4.492870e+01
5.240000e-06	1.391990e-06	7.197503e-10	9.718825e+00	4.408416e+01
5.250000e-06	1.347373e-06	7.065379e-10	9.407313e+00	4.322818e+01
5.260000e-06	1.302680e-06	6.949833e-10	9.095264e+00	4.236027e+01
5.270000e-06	1.257837e-06	6.804428e-10	8.782173e+00	4.147993e+01
5.280000e-06	1.212902e-06	6.616657e-10	8.468440e+00	4.058665e+01
5.290000e-06	1.167881e-06	6.431016e-10	8.154107e+00	3.967991e+01
5.300000e-06	1.122714e-06	6.268784e-10	7.838749e+00	3.875919e+01
5.310000e-06	1.077431e-06	6.105656e-10	7.522585e+00	3.782396e+01
5.320000e-06	1.032042e-06	5.959360e-10	7.205684e+00	3.687370e+01
5.330000e-06	9.865410e-07	5.830115e-10	6.887995e+00	3.590790e+01
5.340000e-06	9.410039e-07	5.701881e-10	6.570057e+00	3.492608e+01
5.350000e-06	8.953762e-07	5.552144e-10	6.251485e+00	3.392775e+01
5.360000e-06	8.496634e-07	5.416849e-10	5.932320e+00	3.291246e+01
5.370000e-06	8.039095e-07	5.251504e-10	5.612868e+00	3.187978e+01
5.380000e-06	7.581036e-07	5.076521e-10	5.293053e+00	3.082932e+01
5.390000e-06	7.122716e-07	4.922543e-10	4.973055e+00	2.976072e+01
5.400000e-06	6.662562e-07	4.756125e-10	4.651777e+00	2.867368e+01
5.410000e-06	6.201981e-07	4.562462e-10	4.330202e+00	2.756791e+01
5.420000e-06	5.742205e-07	4.387225e-10	4.009188e+00	2.644320e+01
5.430000e-06	5.281940e-07	4.243496e-10	3.687832e+00	2.529938e+01
5.440000e-06	4.821188e-07	4.074914e-10	3.366137e+00	2.413636e+01
5.450000e-06	4.358963e-07	3.869462e-10	3.043412e+00	2.295407e+01
5.460000e-06	3.896159e-07	3.665588e-10	2.720285e+00	2.175255e+01
5.470000e-06	3.434186e-07	3.453931e-10	2.397737e+00	2.053188e+01
5.480000e-06	2.972182e-07	3.240436e-10	2.075167e+00	1.929221e+01
5.490000e-06	2.510243e-07	3.022370e-10	1.752643e+00	1.803376e+01
5.500000e-06	2.048686e-07	2.815694e-10	1.430386e+00	1.675685e+01
5.510000e-06	1.586321e-07	2.646041e-10	1.107563e+00	1.546184e+01
5.520000e-06	1.121539e-07	2.483197e-10	7.830544e-01	1.414917e+01
5.530000e-06	6.560851e-08	2.298147e-10	4.580763e-01	1.281937e+01
5.540000e-06	1.922646e-08	2.094876e-10	1.342385e-01	1.147303e+01
5.550000e-06	-2.712416e-08	1.890878e-10	-1.893800e-01	1.011080e+01
5.560000e-06	-7.351672e-08	1.669305e-10	-5.132912e-01	8.733438e+00
5.570000e-06	-1.198641e-07	1.425651e-10	-8.368870e-01	7.341731e+00
5.580000e-06	-1.662074e-07	1.180641e-10	-1.160454e+00	5.936549e+00
5.590000e-06	-2.125508e-07	9.542400e-11	-1.484023e+00	4.518822e+00
5.600000e-06	-2.588361e-07	7.291297e-11	-1.807184e+00	3.089538e+00
5.610000e-06	-3.050959e-07	4.907861e-11	-2.130169e+00	1.649738e+00
5.620000e-06	-3.513586e-07	2.599097e-11	-2.453173e+00	2.005142e-01
5.630000e-06	-3.975839e-07	4.025026e-12	-2.775917e+00	-1.256997e+00
5.640000e-06	-4.437651e-07	-2.073595e-11	-3.098352e+00	-2.721619e+00
5.650000e-06	-4.899813e-07	-4.722434e-11	-3.421032e+00	-4.192141e+00
5.660000e-06	-5.361445e-07	-7.185440e-11	-3.743342e+00	-5.667323e+00
5.670000e-06	-5.821406e-07	-9.575409e-11	-4.064486e+00	-7.145904e+00
5.680000e-06	-6.279904e-07	-1.217670e-10	-4.384607e+00	-8.626605e+00
5.690000e-06	-6.738696e-07	-1.476213e-10	-4.704934e+00	-1.010814e+01
5.700000e-06	-7.197912e-07	-1.747980e-10	-5.025557e+00	-1.158921e+01
5.710000e-06	-7.656413e-07	-2.013765e-10	-5.345681e+00	-1.306853e+01
5.720000e-06	-8.113422e-07	-2.242290e-10	-5.664763e+00	-1.454481e+01
5.730000e-06	-8.569226e-07	-2.470722e-10	-5.983004e+00	-1.601680e+01
5.740000e-06	-9.024017e-07	-2.714999e-10	-6.300537e+00	-1.748323e+01
5.750000e-06	-9.477938e-07	-2.956388e-10	-6.617463e+00	-1.894290e+01
5.760000e-06	-9.931076e-07	-3.205440e-10	-6.933842e+00	-2.039461e+01
5.770000e-06	-1.038336e-06	-3.476587e-10	-7.249628e+00	-2.183721e+01
5.780000e-06	-1.083568e-06	-3.732322e-10	-7.565435e+00	-2.326960e+01
5.790000e-06	-1.128702e-06	-3.980585e-10	-7.880559e+00	-2.469072e+01
5.800000e-06	-1.173699e-06	-4.240357e-10	-8.194728e+00	-2.609955e+01
5.810000e-06	-1.218628e-06	-4.477214e-10	-8.508418e+00	-2.749514e+01
5.820000e-06	-1.263423e-06	-4.698115e-10	-8.821174e+00	-2.887661e+01
5.830000e-06	-1.308091e-06	-4.893984e-10	-9.133048e+00	-3.024310e+01
5.840000e-06	-1.352752e-06	-5.074039e-10	-9.444867e+00	-3.159387e+01
5.850000e-06	-1.397352e-06	-5.248752e-10	-9.756263e+00	-3.292819e+01
5.860000e-06	-1.441863e-06	-5.462562e-10	-1.006704e+01	-3.424545e+01
5.870000e-06	-1.486289e-06	-5.699429e-10	-1.037722e+01	-3.554507e+01
5.880000e-06	-1.530674e-06	-5.941402e-10	-1.068712e+01	-3.682656e+01
5.890000e-06	-1.575027e-06	-6.153760e-10	-1.099678e+01	-3.808950e+01
5.900000e-06	-1.619301e-06	-6.352799e-10	-1.130590e+01	-3.933351e+01
5.910000e-06	-1.663481e-06	-6.562044e-10	-1.161436e+01	-4.055833e+01
5.920000e-06	-1.707550e-06	-6.745774e-10	-1.192206e+01	-4.176371e+01
5.930000e-06	-1.751566e-06	-6.908953e-10	-1.222937e+01	-4.294951e+01
5.940000e-06	-1.795610e-06	-7.077506e-10	-1.253689e+01	-4.411562e+01
5.950000e-06	-1.839586e-06	-7.262900e-10	-1.284392e+01	-4.526201e+01
5.960000e-06	-1.883379e-06	-7.430385e-10	-1.314969e+01	-4.638871e+01
5.970000e-06	-1.927010e-06	-7.585797e-10	-1.345432e+01	-4.749578e+01
5.980000e-06	-1.970541e-06	-7.752091e-10	-1.375825e+01	-4.858335e+01
5.990000e-06	-2.013967e-06	-7.940564e-10	-1.406145e+01	-4.965158e+01
6.000000e-06	-2.057299e-06	-8.121138e-10	-1.436399e+01	-5.070070e+01
6.010000e-06	-2.100491e-06	-8.269840e-10	-1.466555e+01	-5.173094e+01
6.020000e-06	-2.143425e-06	-8.391596e-10	-1.496532e+01	-5.274260e+01
6.030000e-06	-2.186242e-06	-8.520132e-10	-1.526426e+01	-5.373599e+01
6.040000e-06	-2.228944e-06	-8.653247e-10	-1.556241e+01	-5.471144e+01
6.050000e-06	-2.271429e-06	-8.778426e-10	-1.585904e+01	-5.566932e+01
6.060000e-06	-2.313711e-06	-8.905040e-10	-1.615425e+01	-5.661000e+01
6.070000e-06	-2.355857e-06	-9.064566e-10	-1.644851e+01	-5.753388e+01
6.080000e-06	-2.397845e-06	-9.249161e-10	-1.674167e+01	-5.844134e+01
6.090000e-06	-2.439599e-06	-9.439422e-10	-1.703320e+01	-5.933279e+01
6.100000e-06	-2.481150e-06	-9.595749e-10	-1.732330e+01	-6.020863e+01
6.110000e-06	-2.522594e-06	-9.744119e-10	-1.761267e+01	-6.106927e+01
6.120000e-06	-2.563909e-06	-9.881766e-10	-1.790112e+01	-6.191509e+01
6.130000e-06	-2.605005e-06	-1.000230e-09	-1.818805e+01	-6.274650e+01
6.140000e-06	-2.645922e-06	-1.011500e-09	-1.847373e+01	-6.356385e+01
6.150000e-06	-2.686651e-06	-1.023764e-09	-1.875810e+01	-6.436753e+01
6.160000e-06	-2.727244e-06	-1.036072e-09	-1.904152e+01	-6.515786e+01
6.170000e-06	-2.767733e-06	-1.046859e-09	-1.932422e+01	-6.593520e+01
6.180000e-06	-2.808087e-06	-1.059903e-09	-1.960596e+01	-6.669984e+01
6.190000e-06	-2.848342e-06	-1.074198e-09	-1.988702e+01	-6.745209e+01
6.200000e-06	-2.888468e-06	-1.088932e-09	-2.016718e+01	-6.819222e+01
6.210000e-06	-2.928412e-06	-1.102861e-09	-2.044607e+01	-6.892049e+01
6.220000e-06	-2.968105e-06	-1.114353e-09	-2.072320e+01	-6.963713e+01
6.230000e-06	-3.007621e-06	-1.124813e-09	-2.099911e+01	-7.034236e+01
6.240000e-06	-3.046944e-06	-1.135139e-09	-2.127366e+01	-7.103638e+01
6.250000e-06	-3.085931e-06	-1.142609e-09	-2.154586e+01	-7.171937e+01
6.260000e-06	-3.124579e-06	-1.150862e-09	-2.181570e+01	-7.239149e+01
6.270000e-06	-3.162814e-06	-1.160731e-09	-2.208266e+01	-7.305289e+01
6.280000e-06	-3.200614e-06	-1.169476e-09	-2.234657e+01	-7.370369e+01
6.290000e-06	-3.238069e-06	-1.177380e-09	-2.260808e+01	-7.434404e+01
6.300000e-06	-3.275278e-06	-1.187037e-09	-2.286788e+01	-7.497402e+01
6.310000e-06	-3.312184e-06	-1.196722e-09	-2.312556e+01	-7.559374e+01
6.320000e-06	-3.348830e-06	-1.206053e-09	-2.338141e+01	-7.620330e+01
6.330000e-06	-3.385329e-06	-1.212326e-09	-2.363625e+01	-7.680278e+01
6.340000e-06	-3.421644e-06	-1.215579e-09	-2.388980e+01	-7.739226e+01
6.350000e-06	-3.457786e-06	-1.221349e-09	-2.414214e+01	-7.797183e+01
6.360000e-06	-3.493793e-06	-1.231033e-09	-2.439354e+01	-7.854157e+01
6.370000e-06	-3.529632e-06	-1.243599e-09	-2.464377e+01	-7.910157e+01
6.380000e-06	-3.565172e-06	-1.253180e-09	-2.489190e+01	-7.965190e+01
6.390000e-06	-3.600429e-06	-1.262004e-09	-2.513807e+01	-8.019267e+01
6.400000e-06	-3.635474e-06	-1.270791e-09	-2.538275e+01	-8.072396e+01
6.410000e-06	-3.670293e-06	-1.278980e-09	-2.562586e+01	-8.124589e+01
6.420000e-06	-3.704880e-06	-1.285989e-09	-2.586734e+01	-8.175856e+01
6.430000e-06	-3.739263e-06	-1.291879e-09	-2.610740e+01	-8.226210e+01
6.440000e-06	-3.773396e-06	-1.296095e-09	-2.634572e+01	-8.275665e+01
6.450000e-06	-3.807113e-06	-1.300046e-09	-2.658113e+01	-8.324233e+01
6.460000e-06	-3.840499e-06	-1.304979e-09	-2.681423e+01	-8.371931e+01
6.470000e-06	-3.873683e-06	-1.311262e-09	-2.704592e+01	-8.418774e+01
6.480000e-06	-3.906576e-06	-1.318475e-09	-2.727558e+01	-8.464780e+01
6.490000e-06	-3.939171e-06	-1.326498e-09	-2.750315e+01	-8.509966e+01
6.500000e-06	-3.971623e-06	-1.336114e-09	-2.772973e+01	-8.554351e+01
6.510000e-06	-4.003976e-06	-1.343624e-09	-2.795562e+01	-8.597955e+01
6.520000e-06	-4.036145e-06	-1.349759e-09	-2.818022e+01	-8.640798e+01
6.530000e-06	-4.068018e-06	-1.357407e-09	-2.840276e+01	-8.682901e+01
6.540000e-06	-4.099590e-06	-1.364743e-09	-2.862319e+01	-8.724286e+01
6.550000e-06	-4.130831e-06	-1.372509e-09	-2.884132e+01	-8.764972e+01
6.560000e-06	-4.161626e-06	-1.385044e-09	-2.905632e+01	-8.804983e+01
6.570000e-06	-4.191939e-06	-1.395629e-09	-2.926797e+01	-8.844339e+01
6.580000e-06	-4.221767e-06	-1.402949e-09	-2.947623e+01	-8.883062e+01
6.590000e-06	-4.251137e-06	-1.408183e-09	-2.968129e+01	-8.921173e+01
6.600000e-06	-4.280139e-06	-1.411518e-09	-2.988378e+01	-8.958692e+01
6.610000e-06	-4.308819e-06	-1.414327e-09	-3.008403e+01	-8.995639e+01
6.620000e-06	-4.337276e-06	-1.419999e-09	-3.028271e+01	-9.032033e+01
6.630000e-06	-4.365555e-06	-1.428984e-09	-3.048015e+01	-9.067890e+01
6.640000e-06	-4.393613e-06	-1.437212e-09	-3.067605e+01	-9.103229e+01
6.650000e-06	-4.421495e-06	-1.442507e-09	-3.087073e+01	-9.138064e+01
6.660000e-06	-4.449118e-06	-1.446464e-09	-3.106359e+01	-9.172409e+01
6.670000e-06	-4.476317e-06	-1.448243e-09	-3.125349e+01	-9.206277e+01
6.680000e-06	-4.503087e-06	-1.452313e-09	-3.144040e+01	-9.239678e+01
6.690000e-06	-4.529564e-06	-1.460918e-09	-3.162526e+01	-9.272622e+01
6.700000e-06	-4.555795e-06	-1.469890e-09	-3.180840e+01	-9.305116e+01
6.710000e-06	-4.581667e-06	-1.477435e-09	-3.198904e+01	-9.337165e+01
6.720000e-06	-4.607186e-06	-1.481565e-09	-3.216721e+01	-9.368775e+01
6.730000e-06	-4.632359e-06	-1.483531e-09	-3.234297e+01	-9.399946e+01
6.740000e-06	-4.657226e-06	-1.482924e-09	-3.251659e+01	-9.430679e+01
6.750000e-06	-4.681873e-06	-1.481782e-09	-3.268868e+01	-9.460973e+01
6.760000e-06	-4.706277e-06	-1.484262e-09	-3.285906e+01	-9.490826e+01
6.770000e-06	-4.730442e-06	-1.491031e-09	-3.302778e+01	-9.520233e+01
6.780000e-06	-4.754355e-06	-1.499105e-09	-3.319474e+01	-9.549188e+01
6.790000e-06	-4.777966e-06	-1.508209e-09	-3.335959e+01	-9.577684e+01
6.800000e-06	-4.801213e-06	-1.513855e-09	-3.352190e+01	-9.605715e+01
6.810000e-06	-4.824007e-06	-1.517417e-09	-3.368105e+01	-9.633269e+01
6.820000e-06	-4.846312e-06	-1.522130e-09	-3.383678e+01	-9.660338e+01
6.830000e-06	-4.868046e-06	-1.524263e-09	-3.398853e+01	-9.686911e+01
6.840000e-06	-4.889222e-06	-1.524825e-09	-3.413638e+01	-9.712977e+01
6.850000e-06	-4.910038e-06	-1.527343e-09	-3.428172e+01	-9.738524e+01
6.860000e-06	-4.930594e-06	-1.530405e-09	-3.442523e+01	-9.763542e+01
6.870000e-06	-4.950923e-06	-1.531371e-09	-3.456717e+01	-9.788019e+01
6.880000e-06	-4.971034e-06	-1.533382e-09	-3.470759e+01	-9.811944e+01
6.890000e-06	-4.990809e-06	-1.539057e-09	-3.484565e+01	-9.835307e+01
6.900000e-06	-5.010167e-06	-1.544361e-09	-3.498081e+01	-9.858097e+01
6.910000e-06	-5.029114e-06	-1.546436e-09	-3.511309e+01	-9.880306e+01
6.920000e-06	-5.047731e-06	-1.546424e-09	-3.524308e+01	-9.901925e+01
6.930000e-06	-5.066058e-06	-1.546357e-09	-3.537104e+01	-9.922947e+01
6.940000e-06	-5.084081e-06	-1.547614e-09	-3.549688e+01	-9.943367e+01
6.950000e-06	-5.101795e-06	-1.549674e-09	-3.562056e+01	-9.963179e+01
6.960000e-06	-5.119194e-06	-1.551970e-09	-3.574204e+01	-9.982382e+01
6.970000e-06	-5.136251e-06	-1.556012e-09	-3.586113e+01	-1.000097e+02
6.980000e-06	-5.152968e-06	-1.560399e-09	-3.597784e+01	-1.001895e+02
6.990000e-06	-5.169447e-06	-1.563667e-09	-3.609290e+01	-1.003632e+02
7.000000e-06	-5.185660e-06	-1.566682e-09	-3.620610e+01	-1.005308e+02
7.010000e-06	-5.201545e-06	-1.570412e-09	-3.631700e+01	-1.006924e+02
7.020000e-06	-5.216970e-06	-1.573104e-09	-3.642470e+01	-1.008480e+02
7.030000e-06	-5.231728e-06	-1.574497e-09	-3.652774e+01	-1.009978e+02
7.040000e-06	-5.245913e-06	-1.576260e-09	-3.662678e+01	-1.011418e+02
7.050000e-06	-5.259553e-06	-1.576190e-09	-3.672202e+01	-1.012801e+02
7.060000e-06	-5.272631e-06	-1.574290e-09	-3.681333e+01	-1.014128e+02
7.070000e-06	-5.285355e-06	-1.573150e-09	-3.690216e+01	-1.015401e+02
7.080000e-06	-5.297764e-06	-1.574684e-09	-3.698880e+01	-1.016622e+02
7.090000e-06	-5.309764e-06	-1.577993e-09	-3.707258e+01	-1.017791e+02
7.100000e-06	-5.321387e-06	-1.582285e-09	-3.715374e+01	-1.018911e+02
7.110000e-06	-5.332619e-06	-1.583787e-09	-3.723216e+01	-1.019982e+02
7.120000e-06	-5.343429e-06	-1.584440e-09	-3.730764e+01	-1.021007e+02
7.130000e-06	-5.353898e-06	-1.587129e-09	-3.738073e+01	-1.021988e+02
7.140000e-06	-5.364024e-06	-1.589892e-09	-3.745143e+01	-1.022926e+02
7.150000e-06	-5.373726e-06	-1.593464e-09	-3.751917e+01	-1.023822e+02
7.160000e-06	-5.383036e-06	-1.596229e-09	-3.758417e+01	-1.024679e+02
7.170000e-06	-5.391970e-06	-1.594959e-09	-3.764655e+01	-1.025498e+02
7.180000e-06	-5.400551e-06	-1.592340e-09	-3.770646e+01	-1.026280e+02
7.190000e-06	-5.408921e-06	-1.593849e-09	-3.776490e+01	-1.027028e+02
7.200000e-06	-5.417025e-06	-1.598443e-09	-3.782148e+01	-1.027742e+02
7.210000e-06	-5.424846e-06	-1.602384e-09	-3.787609e+01	-1.028423e+02
7.220000e-06	-5.432333e-06	-1.604624e-09	-3.792836e+01	-1.029073e+02
7.230000e-06	-5.439314e-06	-1.606336e-09	-3.797710e+01	-1.029693e+02
7.240000e-06	-5.445690e-06	-1.603783e-09	-3.802161e+01	-1.030283e+02
7.250000e-06	-5.451485e-06	-1.597919e-09	-3.806208e+01	-1.030844e+02
7.260000e-06	-5.456739e-06	-1.595455e-09	-3.809876e+01	-1.031377e+02
7.270000e-06	-5.461571e-06	-1.594436e-09	-3.813250e+01	-1.031882e+02
7.280000e-06	-5.466160e-06	-1.594699e-09	-3.816454e+01	-1.032358e+02
7.290000e-06	-5.470487e-06	-1.597825e-09	-3.819475e+01	-1.032806e+02
7.300000e-06	-5.474455e-06	-1.599519e-09	-3.822246e+01	-1.033226e+02
7.310000e-06	-5.478099e-06	-1.600744e-09	-3.824790e+01	-1.033617e+02
7.320000e-06	-5.481467e-06	-1.602829e-09	-3.827141e+01	-1.033979e+02
7.330000e-06	-5.484439e-06	-1.603832e-09	-3.829216e+01	-1.034310e+02
7.340000e-06	-5.487013e-06	-1.603602e-09	-3.831013e+01	-1.034611e+02
7.350000e-06	-5.489306e-06	-1.601089e-09	-3.832614e+01	-1.034879e+02
7.360000e-06	-5.491173e-06	-1.598336e-09	-3.833918e+01	-1.035114e+02
7.370000e-06	-5.492455e-06	-1.598154e-09	-3.834813e+01	-1.035315e+02
7.380000e-06	-5.493417e-06	-1.597609e-09	-3.835485e+01	-1.035480e+02
7.390000e-06	-5.494205e-06	-1.596425e-09	-3.836035e+01	-1.035608e+02
7.400000e-06	-5.494720e-06	-1.597135e-09	-3.836394e+01	-1.035697e+02
