# Temperatura_=_-1.63
# Concentracion g/m^3_=_1620.0
# C_Vs_to_Am_M_A/Vsm_=_65563218390.804596
# pendiente_HvsI_1/m_=_3716.3
# ordenada_HvsI_A/m_=_1297.0
# frecuencia_Hz_=_135106.15010145426

Tiempo_(s)	Campo_(V.s)	Magnetizacion_(V.s)	Campo_(kA/m)	Magnetizacion_(A/m)
0.000000e+00	-5.500115e-06	-9.809517e-10	-3.837393e+01	-6.574060e+01
1.000000e-08	-5.500247e-06	-9.771296e-10	-3.837485e+01	-6.569898e+01
2.000000e-08	-5.500091e-06	-9.754340e-10	-3.837376e+01	-6.565659e+01
3.000000e-08	-5.499484e-06	-9.730631e-10	-3.836952e+01	-6.561329e+01
4.000000e-08	-5.498250e-06	-9.641597e-10	-3.836092e+01	-6.556890e+01
5.000000e-08	-5.496441e-06	-9.483306e-10	-3.834829e+01	-6.552327e+01
6.000000e-08	-5.494054e-06	-9.489172e-10	-3.833164e+01	-6.547621e+01
7.000000e-08	-5.491095e-06	-9.735415e-10	-3.831100e+01	-6.542755e+01
8.000000e-08	-5.487696e-06	-1.006181e-09	-3.828728e+01	-6.537711e+01
9.000000e-08	-5.483844e-06	-1.038819e-09	-3.826041e+01	-6.532472e+01
1.000000e-07	-5.479641e-06	-1.032561e-09	-3.823108e+01	-6.527018e+01
1.100000e-07	-5.475214e-06	-9.207910e-10	-3.820019e+01	-6.521335e+01
1.200000e-07	-5.470628e-06	-8.777969e-10	-3.816820e+01	-6.515404e+01
1.300000e-07	-5.465734e-06	-9.441333e-10	-3.813406e+01	-6.509209e+01
1.400000e-07	-5.460339e-06	-1.005947e-09	-3.809642e+01	-6.502737e+01
1.500000e-07	-5.454536e-06	-9.404686e-10	-3.805593e+01	-6.495972e+01
1.600000e-07	-5.448438e-06	-8.784666e-10	-3.801338e+01	-6.488902e+01
1.700000e-07	-5.441915e-06	-9.785369e-10	-3.796787e+01	-6.481515e+01
1.800000e-07	-5.434861e-06	-1.059836e-09	-3.791866e+01	-6.473801e+01
1.900000e-07	-5.427509e-06	-9.842265e-10	-3.786736e+01	-6.465750e+01
2.000000e-07	-5.419966e-06	-8.831674e-10	-3.781473e+01	-6.457356e+01
2.100000e-07	-5.412108e-06	-9.274654e-10	-3.775991e+01	-6.448612e+01
2.200000e-07	-5.403965e-06	-1.008249e-09	-3.770310e+01	-6.439514e+01
2.300000e-07	-5.395551e-06	-9.944244e-10	-3.764439e+01	-6.430060e+01
2.400000e-07	-5.386604e-06	-9.338881e-10	-3.758197e+01	-6.420249e+01
2.500000e-07	-5.376900e-06	-9.467546e-10	-3.751427e+01	-6.410082e+01
2.600000e-07	-5.366465e-06	-9.739248e-10	-3.744146e+01	-6.399562e+01
2.700000e-07	-5.355544e-06	-9.400523e-10	-3.736527e+01	-6.388691e+01
2.800000e-07	-5.344257e-06	-9.112819e-10	-3.728652e+01	-6.377476e+01
2.900000e-07	-5.332615e-06	-9.447507e-10	-3.720529e+01	-6.365925e+01
3.000000e-07	-5.320638e-06	-9.545433e-10	-3.712173e+01	-6.354045e+01
3.100000e-07	-5.308251e-06	-9.203532e-10	-3.703530e+01	-6.341846e+01
3.200000e-07	-5.295339e-06	-9.027580e-10	-3.694522e+01	-6.329340e+01
3.300000e-07	-5.282003e-06	-9.302938e-10	-3.685218e+01	-6.316539e+01
3.400000e-07	-5.268312e-06	-9.459986e-10	-3.675665e+01	-6.303455e+01
3.500000e-07	-5.254218e-06	-9.278127e-10	-3.665832e+01	-6.290102e+01
3.600000e-07	-5.239596e-06	-9.088875e-10	-3.655630e+01	-6.276495e+01
3.700000e-07	-5.224410e-06	-9.363504e-10	-3.645035e+01	-6.262649e+01
3.800000e-07	-5.208774e-06	-9.515689e-10	-3.634126e+01	-6.248580e+01
3.900000e-07	-5.192660e-06	-9.152341e-10	-3.622883e+01	-6.234302e+01
4.000000e-07	-5.176154e-06	-9.118738e-10	-3.611367e+01	-6.219832e+01
4.100000e-07	-5.159341e-06	-9.507213e-10	-3.599637e+01	-6.205185e+01
4.200000e-07	-5.142211e-06	-9.246444e-10	-3.587686e+01	-6.190376e+01
4.300000e-07	-5.124726e-06	-8.852891e-10	-3.575486e+01	-6.175420e+01
4.400000e-07	-5.106915e-06	-9.447267e-10	-3.563060e+01	-6.160331e+01
4.500000e-07	-5.088779e-06	-9.656487e-10	-3.550407e+01	-6.145123e+01
4.600000e-07	-5.070150e-06	-8.880998e-10	-3.537409e+01	-6.129808e+01
4.700000e-07	-5.051089e-06	-8.937899e-10	-3.524111e+01	-6.114398e+01
4.800000e-07	-5.031760e-06	-9.610567e-10	-3.510625e+01	-6.098903e+01
4.900000e-07	-5.012252e-06	-9.169144e-10	-3.497015e+01	-6.083334e+01
5.000000e-07	-4.992571e-06	-8.787653e-10	-3.483283e+01	-6.067699e+01
5.100000e-07	-4.972638e-06	-9.385554e-10	-3.469376e+01	-6.052004e+01
5.200000e-07	-4.952436e-06	-9.305299e-10	-3.455281e+01	-6.036255e+01
5.300000e-07	-4.931815e-06	-8.741408e-10	-3.440894e+01	-6.020456e+01
5.400000e-07	-4.910724e-06	-9.254400e-10	-3.426179e+01	-6.004610e+01
5.500000e-07	-4.889305e-06	-9.468377e-10	-3.411235e+01	-5.988720e+01
5.600000e-07	-4.867590e-06	-8.672247e-10	-3.396084e+01	-5.972783e+01
5.700000e-07	-4.845559e-06	-8.747940e-10	-3.380713e+01	-5.956800e+01
5.800000e-07	-4.823171e-06	-9.381504e-10	-3.365093e+01	-5.940768e+01
5.900000e-07	-4.800361e-06	-8.944414e-10	-3.349179e+01	-5.924682e+01
6.000000e-07	-4.777200e-06	-8.630340e-10	-3.333020e+01	-5.908536e+01
6.100000e-07	-4.753832e-06	-9.091589e-10	-3.316716e+01	-5.892326e+01
6.200000e-07	-4.730237e-06	-8.938165e-10	-3.300254e+01	-5.876041e+01
6.300000e-07	-4.706435e-06	-8.518784e-10	-3.283648e+01	-5.859676e+01
6.400000e-07	-4.682402e-06	-8.825555e-10	-3.266880e+01	-5.843218e+01
6.500000e-07	-4.657976e-06	-8.942647e-10	-3.249838e+01	-5.826659e+01
6.600000e-07	-4.633055e-06	-8.634091e-10	-3.232451e+01	-5.809987e+01
6.700000e-07	-4.607521e-06	-8.742311e-10	-3.214636e+01	-5.793191e+01
6.800000e-07	-4.581406e-06	-8.922162e-10	-3.196416e+01	-5.776258e+01
6.900000e-07	-4.554844e-06	-8.704043e-10	-3.177884e+01	-5.759176e+01
7.000000e-07	-4.527874e-06	-8.678018e-10	-3.159067e+01	-5.741932e+01
7.100000e-07	-4.500528e-06	-8.822369e-10	-3.139988e+01	-5.724514e+01
7.200000e-07	-4.472995e-06	-8.682501e-10	-3.120778e+01	-5.706909e+01
7.300000e-07	-4.445337e-06	-8.556998e-10	-3.101481e+01	-5.689104e+01
7.400000e-07	-4.417490e-06	-8.621650e-10	-3.082052e+01	-5.671087e+01
7.500000e-07	-4.389443e-06	-8.568547e-10	-3.062484e+01	-5.652847e+01
7.600000e-07	-4.361102e-06	-8.445584e-10	-3.042711e+01	-5.634372e+01
7.700000e-07	-4.332373e-06	-8.443594e-10	-3.022667e+01	-5.615650e+01
7.800000e-07	-4.303286e-06	-8.417860e-10	-3.002374e+01	-5.596672e+01
7.900000e-07	-4.273927e-06	-8.382412e-10	-2.981890e+01	-5.577429e+01
8.000000e-07	-4.244258e-06	-8.395020e-10	-2.961190e+01	-5.557910e+01
8.100000e-07	-4.214228e-06	-8.330578e-10	-2.940238e+01	-5.538109e+01
8.200000e-07	-4.183981e-06	-8.213977e-10	-2.919135e+01	-5.518018e+01
8.300000e-07	-4.153472e-06	-8.231842e-10	-2.897849e+01	-5.497631e+01
8.400000e-07	-4.122567e-06	-8.252913e-10	-2.876287e+01	-5.476943e+01
8.500000e-07	-4.091408e-06	-8.151234e-10	-2.854548e+01	-5.455949e+01
8.600000e-07	-4.060085e-06	-8.099760e-10	-2.832693e+01	-5.434645e+01
8.700000e-07	-4.028615e-06	-8.132601e-10	-2.810737e+01	-5.413028e+01
8.800000e-07	-3.997015e-06	-8.073739e-10	-2.788690e+01	-5.391098e+01
8.900000e-07	-3.965203e-06	-8.017137e-10	-2.766495e+01	-5.368852e+01
9.000000e-07	-3.933152e-06	-8.024276e-10	-2.744134e+01	-5.346290e+01
9.100000e-07	-3.900792e-06	-7.963776e-10	-2.721556e+01	-5.323413e+01
9.200000e-07	-3.867913e-06	-7.849584e-10	-2.698617e+01	-5.300222e+01
9.300000e-07	-3.834567e-06	-7.854292e-10	-2.675351e+01	-5.276717e+01
9.400000e-07	-3.800817e-06	-7.866821e-10	-2.651804e+01	-5.252901e+01
9.500000e-07	-3.766703e-06	-7.782489e-10	-2.628003e+01	-5.228776e+01
9.600000e-07	-3.732240e-06	-7.730037e-10	-2.603958e+01	-5.204344e+01
9.700000e-07	-3.697343e-06	-7.705635e-10	-2.579611e+01	-5.179609e+01
9.800000e-07	-3.662148e-06	-7.621003e-10	-2.555056e+01	-5.154574e+01
9.900000e-07	-3.626782e-06	-7.571797e-10	-2.530381e+01	-5.129240e+01
1.000000e-06	-3.591246e-06	-7.587926e-10	-2.505588e+01	-5.103612e+01
1.010000e-06	-3.555578e-06	-7.563278e-10	-2.480703e+01	-5.077691e+01
1.020000e-06	-3.519780e-06	-7.503329e-10	-2.455726e+01	-5.051481e+01
1.030000e-06	-3.483836e-06	-7.488501e-10	-2.430649e+01	-5.024983e+01
1.040000e-06	-3.447707e-06	-7.466369e-10	-2.405442e+01	-4.998198e+01
1.050000e-06	-3.411236e-06	-7.368233e-10	-2.379996e+01	-4.971129e+01
1.060000e-06	-3.374478e-06	-7.297328e-10	-2.354350e+01	-4.943776e+01
1.070000e-06	-3.337485e-06	-7.254952e-10	-2.328541e+01	-4.916138e+01
1.080000e-06	-3.300200e-06	-7.194467e-10	-2.302527e+01	-4.888216e+01
1.090000e-06	-3.262685e-06	-7.165213e-10	-2.276353e+01	-4.860007e+01
1.100000e-06	-3.224989e-06	-7.149262e-10	-2.250053e+01	-4.831510e+01
1.110000e-06	-3.187167e-06	-7.085284e-10	-2.223665e+01	-4.802722e+01
1.120000e-06	-3.149039e-06	-6.996576e-10	-2.197063e+01	-4.773638e+01
1.130000e-06	-3.110613e-06	-6.935990e-10	-2.170254e+01	-4.744254e+01
1.140000e-06	-3.072003e-06	-6.872719e-10	-2.143316e+01	-4.714565e+01
1.150000e-06	-3.033144e-06	-6.798116e-10	-2.116204e+01	-4.684564e+01
1.160000e-06	-2.994054e-06	-6.778951e-10	-2.088931e+01	-4.654244e+01
1.170000e-06	-2.954747e-06	-6.777819e-10	-2.061507e+01	-4.623596e+01
1.180000e-06	-2.915320e-06	-6.739132e-10	-2.033999e+01	-4.592612e+01
1.190000e-06	-2.875846e-06	-6.682435e-10	-2.006458e+01	-4.561282e+01
1.200000e-06	-2.836258e-06	-6.619173e-10	-1.978838e+01	-4.529595e+01
1.210000e-06	-2.796535e-06	-6.527960e-10	-1.951123e+01	-4.497540e+01
1.220000e-06	-2.756707e-06	-6.441889e-10	-1.923336e+01	-4.465103e+01
1.230000e-06	-2.716767e-06	-6.381400e-10	-1.895470e+01	-4.432273e+01
1.240000e-06	-2.676658e-06	-6.320447e-10	-1.867486e+01	-4.399036e+01
1.250000e-06	-2.636290e-06	-6.261700e-10	-1.839321e+01	-4.365377e+01
1.260000e-06	-2.595674e-06	-6.204174e-10	-1.810984e+01	-4.331281e+01
1.270000e-06	-2.554820e-06	-6.138653e-10	-1.782481e+01	-4.296732e+01
1.280000e-06	-2.513693e-06	-6.091917e-10	-1.753787e+01	-4.261715e+01
1.290000e-06	-2.472283e-06	-6.048377e-10	-1.724895e+01	-4.226212e+01
1.300000e-06	-2.430548e-06	-5.989171e-10	-1.695777e+01	-4.190206e+01
1.310000e-06	-2.388481e-06	-5.902558e-10	-1.666427e+01	-4.153679e+01
1.320000e-06	-2.346107e-06	-5.813329e-10	-1.636863e+01	-4.116614e+01
1.330000e-06	-2.303372e-06	-5.741038e-10	-1.607047e+01	-4.078991e+01
1.340000e-06	-2.260334e-06	-5.682035e-10	-1.577020e+01	-4.040791e+01
1.350000e-06	-2.217169e-06	-5.620492e-10	-1.546904e+01	-4.001995e+01
1.360000e-06	-2.173846e-06	-5.551901e-10	-1.516678e+01	-3.962582e+01
1.370000e-06	-2.130345e-06	-5.503128e-10	-1.486327e+01	-3.922532e+01
1.380000e-06	-2.086727e-06	-5.468873e-10	-1.455895e+01	-3.881825e+01
1.390000e-06	-2.043059e-06	-5.405078e-10	-1.425428e+01	-3.840439e+01
1.400000e-06	-1.999393e-06	-5.318333e-10	-1.394963e+01	-3.798353e+01
1.410000e-06	-1.955676e-06	-5.248640e-10	-1.364462e+01	-3.755544e+01
1.420000e-06	-1.911850e-06	-5.182736e-10	-1.333885e+01	-3.711990e+01
1.430000e-06	-1.867933e-06	-5.125786e-10	-1.303244e+01	-3.667668e+01
1.440000e-06	-1.823948e-06	-5.074642e-10	-1.272556e+01	-3.622556e+01
1.450000e-06	-1.779849e-06	-4.999333e-10	-1.241789e+01	-3.576628e+01
1.460000e-06	-1.735612e-06	-4.902419e-10	-1.210925e+01	-3.529862e+01
1.470000e-06	-1.691235e-06	-4.798107e-10	-1.179963e+01	-3.482233e+01
1.480000e-06	-1.646719e-06	-4.719261e-10	-1.148905e+01	-3.433715e+01
1.490000e-06	-1.602018e-06	-4.653619e-10	-1.117717e+01	-3.384285e+01
1.500000e-06	-1.557175e-06	-4.599677e-10	-1.086431e+01	-3.333915e+01
1.510000e-06	-1.512321e-06	-4.536415e-10	-1.055136e+01	-3.282580e+01
1.520000e-06	-1.467361e-06	-4.446856e-10	-1.023768e+01	-3.230253e+01
1.530000e-06	-1.422279e-06	-4.328842e-10	-9.923143e+00	-3.176909e+01
1.540000e-06	-1.377040e-06	-4.200345e-10	-9.607514e+00	-3.122520e+01
1.550000e-06	-1.331644e-06	-4.105411e-10	-9.290789e+00	-3.067058e+01
1.560000e-06	-1.286247e-06	-4.016321e-10	-8.974055e+00	-3.010498e+01
1.570000e-06	-1.240758e-06	-3.939377e-10	-8.656684e+00	-2.952811e+01
1.580000e-06	-1.195180e-06	-3.902543e-10	-8.338691e+00	-2.893971e+01
1.590000e-06	-1.149573e-06	-3.858875e-10	-8.020492e+00	-2.833951e+01
1.600000e-06	-1.103888e-06	-3.775362e-10	-7.701752e+00	-2.772723e+01
1.610000e-06	-1.058079e-06	-3.664100e-10	-7.382144e+00	-2.710262e+01
1.620000e-06	-1.012111e-06	-3.571228e-10	-7.061430e+00	-2.646542e+01
1.630000e-06	-9.660907e-07	-3.522612e-10	-6.740349e+00	-2.581537e+01
1.640000e-06	-9.201260e-07	-3.481987e-10	-6.419656e+00	-2.515223e+01
1.650000e-06	-8.741198e-07	-3.418045e-10	-6.098674e+00	-2.447576e+01
1.660000e-06	-8.279488e-07	-3.312702e-10	-5.776542e+00	-2.378575e+01
1.670000e-06	-7.816189e-07	-3.190632e-10	-5.453302e+00	-2.308198e+01
1.680000e-06	-7.352447e-07	-3.059371e-10	-5.129752e+00	-2.236425e+01
1.690000e-06	-6.889076e-07	-2.937159e-10	-4.806462e+00	-2.163238e+01
1.700000e-06	-6.426183e-07	-2.827113e-10	-4.483504e+00	-2.088622e+01
1.710000e-06	-5.963132e-07	-2.715441e-10	-4.160437e+00	-2.012562e+01
1.720000e-06	-5.499585e-07	-2.587887e-10	-3.837023e+00	-1.935047e+01
1.730000e-06	-5.035827e-07	-2.438699e-10	-3.513462e+00	-1.856066e+01
1.740000e-06	-4.571279e-07	-2.279197e-10	-3.189350e+00	-1.775613e+01
1.750000e-06	-4.105781e-07	-2.150519e-10	-2.864576e+00	-1.693684e+01
1.760000e-06	-3.640208e-07	-2.045088e-10	-2.539749e+00	-1.610277e+01
1.770000e-06	-3.174110e-07	-1.942879e-10	-2.214555e+00	-1.525395e+01
1.780000e-06	-2.707404e-07	-1.833153e-10	-1.888937e+00	-1.439042e+01
1.790000e-06	-2.240412e-07	-1.712964e-10	-1.563120e+00	-1.351228e+01
1.800000e-06	-1.772756e-07	-1.589646e-10	-1.236840e+00	-1.261964e+01
1.810000e-06	-1.305923e-07	-1.452275e-10	-9.111333e-01	-1.171267e+01
1.820000e-06	-8.403088e-08	-1.305005e-10	-5.862778e-01	-1.079156e+01
1.830000e-06	-3.739200e-08	-1.174756e-10	-2.608814e-01	-9.856542e+00
1.840000e-06	9.360916e-09	-1.040483e-10	6.531047e-02	-8.907897e+00
1.850000e-06	5.603132e-08	-9.011673e-11	3.909267e-01	-7.945937e+00
1.860000e-06	1.025410e-07	-7.758930e-11	7.154215e-01	-6.971018e+00
1.870000e-06	1.490972e-07	-6.319027e-11	1.040241e+00	-5.983535e+00
1.880000e-06	1.957824e-07	-4.662041e-11	1.365961e+00	-4.983924e+00
1.890000e-06	2.424350e-07	-2.967722e-11	1.691453e+00	-3.972661e+00
1.900000e-06	2.890049e-07	-1.337799e-11	2.016368e+00	-2.950259e+00
1.910000e-06	3.356079e-07	2.939819e-12	2.341514e+00	-1.917272e+00
1.920000e-06	3.822487e-07	1.570686e-11	2.666923e+00	-8.742899e-01
1.930000e-06	4.287632e-07	2.530214e-11	2.991452e+00	1.780607e-01
1.940000e-06	4.751815e-07	3.729153e-11	3.315309e+00	1.239119e+00
1.950000e-06	5.216387e-07	5.243054e-11	3.639438e+00	2.308193e+00
1.960000e-06	5.681232e-07	6.910279e-11	3.963757e+00	3.384557e+00
1.970000e-06	6.145799e-07	8.589073e-11	4.287882e+00	4.467458e+00
1.980000e-06	6.609053e-07	1.021534e-10	4.611091e+00	5.556119e+00
1.990000e-06	7.070740e-07	1.174080e-10	4.933207e+00	6.649736e+00
2.000000e-06	7.531436e-07	1.299497e-10	5.254632e+00	7.747487e+00
2.010000e-06	7.992186e-07	1.445023e-10	5.576094e+00	8.848528e+00
2.020000e-06	8.453588e-07	1.629339e-10	5.898011e+00	9.952004e+00
2.030000e-06	8.914877e-07	1.816720e-10	6.219849e+00	1.105704e+01
2.040000e-06	9.374632e-07	1.983689e-10	6.540617e+00	1.216277e+01
2.050000e-06	9.832763e-07	2.138931e-10	6.860252e+00	1.326830e+01
2.060000e-06	1.029011e-06	2.283305e-10	7.179340e+00	1.437275e+01
2.070000e-06	1.074685e-06	2.422922e-10	7.498006e+00	1.547523e+01
2.080000e-06	1.120345e-06	2.571949e-10	7.816568e+00	1.657485e+01
2.090000e-06	1.165988e-06	2.742648e-10	8.135022e+00	1.767075e+01
2.100000e-06	1.211577e-06	2.915903e-10	8.453092e+00	1.876205e+01
2.110000e-06	1.257041e-06	3.050965e-10	8.770287e+00	1.984792e+01
2.120000e-06	1.302374e-06	3.175067e-10	9.086575e+00	2.092750e+01
2.130000e-06	1.347684e-06	3.327158e-10	9.402698e+00	2.199999e+01
2.140000e-06	1.392857e-06	3.487241e-10	9.717871e+00	2.306459e+01
2.150000e-06	1.437831e-06	3.631048e-10	1.003165e+01	2.412054e+01
2.160000e-06	1.482718e-06	3.766704e-10	1.034482e+01	2.516708e+01
2.170000e-06	1.527545e-06	3.912876e-10	1.065758e+01	2.620351e+01
2.180000e-06	1.572268e-06	4.080833e-10	1.096961e+01	2.722915e+01
2.190000e-06	1.616889e-06	4.235596e-10	1.128093e+01	2.824335e+01
2.200000e-06	1.661414e-06	4.369379e-10	1.159157e+01	2.924549e+01
2.210000e-06	1.705799e-06	4.486272e-10	1.190125e+01	3.023500e+01
2.220000e-06	1.750026e-06	4.616736e-10	1.220982e+01	3.121134e+01
2.230000e-06	1.794103e-06	4.759726e-10	1.251733e+01	3.217400e+01
2.240000e-06	1.838103e-06	4.877699e-10	1.282432e+01	3.312253e+01
2.250000e-06	1.881995e-06	4.983793e-10	1.313055e+01	3.405650e+01
2.260000e-06	1.925755e-06	5.100082e-10	1.343586e+01	3.497553e+01
2.270000e-06	1.969473e-06	5.249881e-10	1.374088e+01	3.587928e+01
2.280000e-06	2.013131e-06	5.405394e-10	1.404548e+01	3.676743e+01
2.290000e-06	2.056696e-06	5.560554e-10	1.434943e+01	3.763974e+01
2.300000e-06	2.100241e-06	5.696235e-10	1.465324e+01	3.849596e+01
2.310000e-06	2.143694e-06	5.792046e-10	1.495641e+01	3.933592e+01
2.320000e-06	2.187021e-06	5.876303e-10	1.525870e+01	4.015947e+01
2.330000e-06	2.230272e-06	5.972728e-10	1.556046e+01	4.096647e+01
2.340000e-06	2.273345e-06	6.101670e-10	1.586098e+01	4.175687e+01
2.350000e-06	2.316159e-06	6.266658e-10	1.615968e+01	4.253059e+01
2.360000e-06	2.358710e-06	6.444851e-10	1.645656e+01	4.328764e+01
2.370000e-06	2.400998e-06	6.572861e-10	1.675160e+01	4.402802e+01
2.380000e-06	2.442938e-06	6.647125e-10	1.704421e+01	4.475176e+01
2.390000e-06	2.484504e-06	6.701243e-10	1.733422e+01	4.545894e+01
2.400000e-06	2.525816e-06	6.751675e-10	1.762245e+01	4.614964e+01
2.410000e-06	2.566916e-06	6.818900e-10	1.790920e+01	4.682397e+01
2.420000e-06	2.607687e-06	6.916879e-10	1.819366e+01	4.748208e+01
2.430000e-06	2.648155e-06	7.037380e-10	1.847600e+01	4.812410e+01
2.440000e-06	2.688470e-06	7.143545e-10	1.875727e+01	4.875020e+01
2.450000e-06	2.728575e-06	7.215257e-10	1.903708e+01	4.936057e+01
2.460000e-06	2.768489e-06	7.285958e-10	1.931556e+01	4.995540e+01
2.470000e-06	2.808299e-06	7.368357e-10	1.959331e+01	5.053490e+01
2.480000e-06	2.847996e-06	7.454256e-10	1.987028e+01	5.109928e+01
2.490000e-06	2.887580e-06	7.536025e-10	2.014645e+01	5.164876e+01
2.500000e-06	2.927056e-06	7.600941e-10	2.042187e+01	5.218359e+01
2.510000e-06	2.966337e-06	7.654301e-10	2.069593e+01	5.270399e+01
2.520000e-06	3.005364e-06	7.737079e-10	2.096822e+01	5.321020e+01
2.530000e-06	3.044155e-06	7.814457e-10	2.123887e+01	5.370247e+01
2.540000e-06	3.082756e-06	7.860439e-10	2.150818e+01	5.418104e+01
2.550000e-06	3.121130e-06	7.904646e-10	2.177591e+01	5.464616e+01
2.560000e-06	3.159222e-06	7.962453e-10	2.204168e+01	5.509808e+01
2.570000e-06	3.197104e-06	8.018428e-10	2.230598e+01	5.553705e+01
2.580000e-06	3.234868e-06	8.059743e-10	2.256945e+01	5.596331e+01
2.590000e-06	3.272517e-06	8.109068e-10	2.283213e+01	5.637711e+01
2.600000e-06	3.309989e-06	8.171010e-10	2.309357e+01	5.677870e+01
2.610000e-06	3.347194e-06	8.229100e-10	2.335315e+01	5.716832e+01
2.620000e-06	3.384034e-06	8.255503e-10	2.361018e+01	5.754621e+01
2.630000e-06	3.420534e-06	8.272392e-10	2.386483e+01	5.791262e+01
2.640000e-06	3.456790e-06	8.318239e-10	2.411779e+01	5.826779e+01
2.650000e-06	3.492864e-06	8.393665e-10	2.436947e+01	5.861195e+01
2.660000e-06	3.528784e-06	8.461045e-10	2.462008e+01	5.894534e+01
2.670000e-06	3.564553e-06	8.497853e-10	2.486964e+01	5.926820e+01
2.680000e-06	3.600191e-06	8.541737e-10	2.511829e+01	5.958077e+01
2.690000e-06	3.635724e-06	8.604039e-10	2.536620e+01	5.988327e+01
2.700000e-06	3.671102e-06	8.660374e-10	2.561303e+01	6.017596e+01
2.710000e-06	3.706216e-06	8.717756e-10	2.585801e+01	6.045906e+01
2.720000e-06	3.740968e-06	8.771606e-10	2.610048e+01	6.073280e+01
2.730000e-06	3.775333e-06	8.826429e-10	2.634024e+01	6.099743e+01
2.740000e-06	3.809329e-06	8.860841e-10	2.657743e+01	6.125318e+01
2.750000e-06	3.842901e-06	8.886683e-10	2.681166e+01	6.150028e+01
2.760000e-06	3.876002e-06	8.913693e-10	2.704260e+01	6.173898e+01
2.770000e-06	3.908679e-06	8.960480e-10	2.727058e+01	6.196950e+01
2.780000e-06	3.940965e-06	9.032854e-10	2.749584e+01	6.219210e+01
2.790000e-06	3.972963e-06	9.102525e-10	2.771909e+01	6.240700e+01
2.800000e-06	4.004785e-06	9.158287e-10	2.794111e+01	6.261444e+01
2.810000e-06	4.036456e-06	9.185200e-10	2.816208e+01	6.281466e+01
2.820000e-06	4.067986e-06	9.182462e-10	2.838206e+01	6.300790e+01
2.830000e-06	4.099311e-06	9.175976e-10	2.860062e+01	6.319440e+01
2.840000e-06	4.130384e-06	9.207571e-10	2.881741e+01	6.337437e+01
2.850000e-06	4.161119e-06	9.275513e-10	2.903184e+01	6.354807e+01
2.860000e-06	4.191457e-06	9.330919e-10	2.924351e+01	6.371571e+01
2.870000e-06	4.221496e-06	9.361750e-10	2.945309e+01	6.387752e+01
2.880000e-06	4.251302e-06	9.373252e-10	2.966105e+01	6.403372e+01
2.890000e-06	4.280878e-06	9.373749e-10	2.986740e+01	6.418453e+01
2.900000e-06	4.310158e-06	9.385179e-10	3.007168e+01	6.433016e+01
2.910000e-06	4.339103e-06	9.405810e-10	3.027363e+01	6.447080e+01
2.920000e-06	4.367755e-06	9.441382e-10	3.047353e+01	6.460667e+01
2.930000e-06	4.396159e-06	9.490595e-10	3.067170e+01	6.473793e+01
2.940000e-06	4.424290e-06	9.553646e-10	3.086797e+01	6.486479e+01
2.950000e-06	4.452174e-06	9.598714e-10	3.106252e+01	6.498739e+01
2.960000e-06	4.479884e-06	9.607319e-10	3.125585e+01	6.510592e+01
2.970000e-06	4.507411e-06	9.595915e-10	3.144790e+01	6.522052e+01
2.980000e-06	4.534695e-06	9.601343e-10	3.163826e+01	6.533132e+01
2.990000e-06	4.561619e-06	9.640270e-10	3.182611e+01	6.543846e+01
3.000000e-06	4.588151e-06	9.676396e-10	3.201122e+01	6.554205e+01
3.010000e-06	4.614242e-06	9.694235e-10	3.219325e+01	6.564220e+01
3.020000e-06	4.639710e-06	9.721944e-10	3.237094e+01	6.573900e+01
3.030000e-06	4.664560e-06	9.762888e-10	3.254432e+01	6.583253e+01
3.040000e-06	4.688904e-06	9.775743e-10	3.271417e+01	6.592286e+01
3.050000e-06	4.712897e-06	9.762259e-10	3.288156e+01	6.601005e+01
3.060000e-06	4.736683e-06	9.771968e-10	3.304751e+01	6.609415e+01
3.070000e-06	4.760225e-06	9.799049e-10	3.321177e+01	6.617517e+01
3.080000e-06	4.783532e-06	9.830154e-10	3.337438e+01	6.625316e+01
3.090000e-06	4.806562e-06	9.867036e-10	3.353505e+01	6.632812e+01
3.100000e-06	4.829125e-06	9.890097e-10	3.369248e+01	6.640005e+01
3.110000e-06	4.851302e-06	9.885752e-10	3.384720e+01	6.646895e+01
3.120000e-06	4.873229e-06	9.876737e-10	3.400019e+01	6.653481e+01
3.130000e-06	4.894809e-06	9.885024e-10	3.415075e+01	6.659760e+01
3.140000e-06	4.916014e-06	9.918298e-10	3.429869e+01	6.665731e+01
3.150000e-06	4.936893e-06	9.954651e-10	3.444437e+01	6.671390e+01
3.160000e-06	4.957467e-06	9.984936e-10	3.458791e+01	6.676733e+01
3.170000e-06	4.977729e-06	9.986596e-10	3.472928e+01	6.681758e+01
3.180000e-06	4.997687e-06	9.956692e-10	3.486853e+01	6.686459e+01
3.190000e-06	5.017395e-06	9.927408e-10	3.500602e+01	6.690835e+01
3.200000e-06	5.036884e-06	9.924082e-10	3.514200e+01	6.694880e+01
3.210000e-06	5.056184e-06	9.958971e-10	3.527665e+01	6.698592e+01
3.220000e-06	5.075224e-06	1.000235e-09	3.540950e+01	6.701967e+01
3.230000e-06	5.093779e-06	1.003482e-09	3.553895e+01	6.705004e+01
3.240000e-06	5.111886e-06	1.003394e-09	3.566528e+01	6.707700e+01
3.250000e-06	5.129750e-06	9.989058e-10	3.578991e+01	6.710054e+01
3.260000e-06	5.147255e-06	9.952858e-10	3.591205e+01	6.712065e+01
3.270000e-06	5.164263e-06	9.975990e-10	3.603071e+01	6.713735e+01
3.280000e-06	5.180858e-06	1.003363e-09	3.614650e+01	6.715064e+01
3.290000e-06	5.197212e-06	1.007883e-09	3.626059e+01	6.716055e+01
3.300000e-06	5.213272e-06	1.009872e-09	3.637265e+01	6.716711e+01
3.310000e-06	5.228793e-06	1.009333e-09	3.648094e+01	6.717038e+01
3.320000e-06	5.243757e-06	1.007032e-09	3.658534e+01	6.717040e+01
3.330000e-06	5.258253e-06	1.004660e-09	3.668648e+01	6.716725e+01
3.340000e-06	5.272336e-06	1.004199e-09	3.678473e+01	6.716100e+01
3.350000e-06	5.286080e-06	1.007340e-09	3.688062e+01	6.715175e+01
3.360000e-06	5.299491e-06	1.012883e-09	3.697419e+01	6.713959e+01
3.370000e-06	5.312533e-06	1.016856e-09	3.706518e+01	6.712464e+01
3.380000e-06	5.325203e-06	1.017944e-09	3.715358e+01	6.710703e+01
3.390000e-06	5.337456e-06	1.018335e-09	3.723907e+01	6.708687e+01
3.400000e-06	5.349307e-06	1.017782e-09	3.732175e+01	6.706431e+01
3.410000e-06	5.360848e-06	1.017516e-09	3.740227e+01	6.703949e+01
3.420000e-06	5.371986e-06	1.017642e-09	3.747998e+01	6.701257e+01
3.430000e-06	5.382584e-06	1.019784e-09	3.755392e+01	6.698370e+01
3.440000e-06	5.392592e-06	1.023424e-09	3.762375e+01	6.695304e+01
3.450000e-06	5.401936e-06	1.024471e-09	3.768894e+01	6.692075e+01
3.460000e-06	5.410651e-06	1.022279e-09	3.774974e+01	6.688700e+01
3.470000e-06	5.418926e-06	1.018724e-09	3.780748e+01	6.685194e+01
3.480000e-06	5.426865e-06	1.016556e-09	3.786287e+01	6.681573e+01
3.490000e-06	5.434551e-06	1.019526e-09	3.791649e+01	6.677854e+01
3.500000e-06	5.441995e-06	1.022512e-09	3.796843e+01	6.674050e+01
3.510000e-06	5.449132e-06	1.025172e-09	3.801822e+01	6.670177e+01
3.520000e-06	5.455915e-06	1.026485e-09	3.806555e+01	6.666248e+01
3.530000e-06	5.462261e-06	1.024525e-09	3.810982e+01	6.662276e+01
3.540000e-06	5.468159e-06	1.022882e-09	3.815098e+01	6.658272e+01
3.550000e-06	5.473740e-06	1.022140e-09	3.818991e+01	6.654247e+01
3.560000e-06	5.478964e-06	1.026018e-09	3.822636e+01	6.650210e+01
3.570000e-06	5.483753e-06	1.029359e-09	3.825977e+01	6.646169e+01
3.580000e-06	5.488162e-06	1.030111e-09	3.829053e+01	6.642129e+01
3.590000e-06	5.492220e-06	1.029228e-09	3.831884e+01	6.638096e+01
3.600000e-06	5.496016e-06	1.028327e-09	3.834533e+01	6.634073e+01
3.610000e-06	5.499584e-06	1.028408e-09	3.837023e+01	6.630061e+01
3.620000e-06	5.502936e-06	1.029753e-09	3.839361e+01	6.626061e+01
3.630000e-06	5.506012e-06	1.030553e-09	3.841507e+01	6.622069e+01
3.640000e-06	5.508544e-06	1.031265e-09	3.843274e+01	6.618084e+01
3.650000e-06	5.510420e-06	1.032235e-09	3.844583e+01	6.614099e+01
3.660000e-06	5.511703e-06	1.033197e-09	3.845478e+01	6.610109e+01
3.670000e-06	5.512341e-06	1.036000e-09	3.845923e+01	6.606104e+01
3.680000e-06	5.512452e-06	1.038801e-09	3.846000e+01	6.602074e+01
3.690000e-06	5.512268e-06	1.041605e-09	3.845872e+01	6.598010e+01
3.700000e-06	5.511880e-06	1.045141e-09	3.845601e+01	6.593898e+01
3.710000e-06	5.511222e-06	1.046124e-09	3.845142e+01	6.589724e+01
3.720000e-06	5.510264e-06	1.046900e-09	3.844474e+01	6.585474e+01
3.730000e-06	5.509030e-06	1.049698e-09	3.843613e+01	6.581133e+01
3.740000e-06	5.507443e-06	1.058522e-09	3.842506e+01	6.576683e+01
3.750000e-06	5.505499e-06	1.062597e-09	3.841149e+01	6.572109e+01
3.760000e-06	5.503202e-06	1.036893e-09	3.839547e+01	6.567392e+01
3.770000e-06	5.500535e-06	1.004736e-09	3.837686e+01	6.562515e+01
3.780000e-06	5.497401e-06	9.632554e-10	3.835500e+01	6.557460e+01
3.790000e-06	5.493736e-06	9.253083e-10	3.832942e+01	6.552209e+01
3.800000e-06	5.489647e-06	1.032064e-09	3.830090e+01	6.546744e+01
3.810000e-06	5.485305e-06	1.138008e-09	3.827060e+01	6.541049e+01
3.820000e-06	5.480841e-06	1.105348e-09	3.823945e+01	6.535107e+01
3.830000e-06	5.476136e-06	1.023365e-09	3.820663e+01	6.528902e+01
3.840000e-06	5.470783e-06	1.009420e-09	3.816928e+01	6.522418e+01
3.850000e-06	5.464879e-06	1.092080e-09	3.812809e+01	6.515642e+01
3.860000e-06	5.458843e-06	1.052416e-09	3.808598e+01	6.508561e+01
3.870000e-06	5.452421e-06	9.493185e-10	3.804117e+01	6.501163e+01
3.880000e-06	5.445238e-06	1.005234e-09	3.799106e+01	6.493437e+01
3.890000e-06	5.437401e-06	1.169177e-09	3.793638e+01	6.485375e+01
3.900000e-06	5.429245e-06	1.107098e-09	3.787947e+01	6.476970e+01
3.910000e-06	5.420858e-06	8.943667e-10	3.782096e+01	6.468215e+01
3.920000e-06	5.412107e-06	9.190285e-10	3.775990e+01	6.459106e+01
3.930000e-06	5.403091e-06	1.117679e-09	3.769700e+01	6.449641e+01
3.940000e-06	5.393918e-06	1.096485e-09	3.763300e+01	6.439819e+01
3.950000e-06	5.384263e-06	9.294107e-10	3.756563e+01	6.429641e+01
3.960000e-06	5.373987e-06	9.675555e-10	3.749395e+01	6.419109e+01
3.970000e-06	5.363319e-06	1.098602e-09	3.741951e+01	6.408227e+01
3.980000e-06	5.352429e-06	1.031145e-09	3.734353e+01	6.397001e+01
3.990000e-06	5.341182e-06	9.140970e-10	3.726506e+01	6.385439e+01
4.000000e-06	5.329452e-06	9.757425e-10	3.718323e+01	6.373548e+01
4.010000e-06	5.317288e-06	1.034649e-09	3.709836e+01	6.361338e+01
4.020000e-06	5.304720e-06	9.536909e-10	3.701067e+01	6.348821e+01
4.030000e-06	5.291767e-06	9.032889e-10	3.692030e+01	6.336008e+01
4.040000e-06	5.278309e-06	9.871523e-10	3.682640e+01	6.322913e+01
4.050000e-06	5.264429e-06	1.014695e-09	3.672956e+01	6.309549e+01
4.060000e-06	5.249938e-06	9.357236e-10	3.662846e+01	6.295931e+01
4.070000e-06	5.234625e-06	8.998119e-10	3.652162e+01	6.282074e+01
4.080000e-06	5.218822e-06	9.770901e-10	3.641136e+01	6.267993e+01
4.090000e-06	5.202715e-06	1.017610e-09	3.629899e+01	6.253705e+01
4.100000e-06	5.186294e-06	9.295275e-10	3.618442e+01	6.239223e+01
4.110000e-06	5.169611e-06	8.790054e-10	3.606802e+01	6.224565e+01
4.120000e-06	5.152740e-06	9.776493e-10	3.595032e+01	6.209745e+01
4.130000e-06	5.135521e-06	1.011358e-09	3.583018e+01	6.194778e+01
4.140000e-06	5.117847e-06	9.056873e-10	3.570687e+01	6.179678e+01
4.150000e-06	5.099799e-06	9.118475e-10	3.558095e+01	6.164458e+01
4.160000e-06	5.081452e-06	1.011781e-09	3.545294e+01	6.149132e+01
4.170000e-06	5.062754e-06	9.406738e-10	3.532249e+01	6.133711e+01
4.180000e-06	5.043721e-06	8.648031e-10	3.518970e+01	6.118205e+01
4.190000e-06	5.024427e-06	9.778115e-10	3.505509e+01	6.102625e+01
4.200000e-06	5.004741e-06	9.933463e-10	3.491773e+01	6.086978e+01
4.210000e-06	4.984683e-06	8.681012e-10	3.477779e+01	6.071272e+01
4.220000e-06	4.964413e-06	9.169133e-10	3.463638e+01	6.055512e+01
4.230000e-06	4.943966e-06	9.964983e-10	3.449371e+01	6.039702e+01
4.240000e-06	4.923344e-06	8.929091e-10	3.434983e+01	6.023845e+01
4.250000e-06	4.902484e-06	8.828418e-10	3.420430e+01	6.007943e+01
4.260000e-06	4.881049e-06	9.782113e-10	3.405475e+01	5.991996e+01
4.270000e-06	4.858877e-06	9.096191e-10	3.390006e+01	5.976002e+01
4.280000e-06	4.836217e-06	8.576364e-10	3.374196e+01	5.959958e+01
4.290000e-06	4.813129e-06	9.643249e-10	3.358087e+01	5.943861e+01
4.300000e-06	4.789511e-06	9.488025e-10	3.341609e+01	5.927704e+01
4.310000e-06	4.765497e-06	8.545627e-10	3.324855e+01	5.911482e+01
4.320000e-06	4.741251e-06	9.147225e-10	3.307939e+01	5.895187e+01
4.330000e-06	4.716784e-06	9.550621e-10	3.290868e+01	5.878810e+01
4.340000e-06	4.692073e-06	8.811642e-10	3.273627e+01	5.862342e+01
4.350000e-06	4.667067e-06	8.833823e-10	3.256181e+01	5.845771e+01
4.360000e-06	4.641713e-06	9.161177e-10	3.238492e+01	5.829088e+01
4.370000e-06	4.616070e-06	8.750492e-10	3.220601e+01	5.812281e+01
4.380000e-06	4.590115e-06	8.675980e-10	3.202492e+01	5.795336e+01
4.390000e-06	4.563805e-06	9.028921e-10	3.184136e+01	5.778243e+01
4.400000e-06	4.537118e-06	8.867269e-10	3.165517e+01	5.760988e+01
4.410000e-06	4.510069e-06	8.662385e-10	3.146644e+01	5.743559e+01
4.420000e-06	4.482710e-06	8.756037e-10	3.127557e+01	5.725943e+01
4.430000e-06	4.455051e-06	8.722323e-10	3.108259e+01	5.708127e+01
4.440000e-06	4.427180e-06	8.667141e-10	3.088813e+01	5.690099e+01
4.450000e-06	4.399154e-06	8.710273e-10	3.069260e+01	5.671848e+01
4.460000e-06	4.370933e-06	8.627404e-10	3.049570e+01	5.653361e+01
4.470000e-06	4.342510e-06	8.574792e-10	3.029740e+01	5.634628e+01
4.480000e-06	4.313856e-06	8.648004e-10	3.009748e+01	5.615639e+01
4.490000e-06	4.284848e-06	8.624502e-10	2.989509e+01	5.596385e+01
4.500000e-06	4.255442e-06	8.522313e-10	2.968993e+01	5.576855e+01
4.510000e-06	4.225602e-06	8.514654e-10	2.948174e+01	5.557043e+01
4.520000e-06	4.195209e-06	8.501954e-10	2.926969e+01	5.536941e+01
4.530000e-06	4.164305e-06	8.446362e-10	2.905407e+01	5.516543e+01
4.540000e-06	4.133002e-06	8.479221e-10	2.883567e+01	5.495843e+01
4.550000e-06	4.101281e-06	8.490119e-10	2.861436e+01	5.474838e+01
4.560000e-06	4.069247e-06	8.322279e-10	2.839086e+01	5.453523e+01
4.570000e-06	4.036990e-06	8.194567e-10	2.816580e+01	5.431895e+01
4.580000e-06	4.004536e-06	8.278199e-10	2.793938e+01	5.409954e+01
4.590000e-06	3.971976e-06	8.263922e-10	2.771220e+01	5.387697e+01
4.600000e-06	3.939241e-06	8.121130e-10	2.748381e+01	5.365124e+01
4.610000e-06	3.906175e-06	8.119139e-10	2.725312e+01	5.342235e+01
4.620000e-06	3.872778e-06	8.149591e-10	2.702011e+01	5.319033e+01
4.630000e-06	3.839080e-06	8.050058e-10	2.678500e+01	5.295517e+01
4.640000e-06	3.805076e-06	8.075673e-10	2.654776e+01	5.271689e+01
4.650000e-06	3.770901e-06	8.151161e-10	2.630932e+01	5.247553e+01
4.660000e-06	3.736575e-06	8.067826e-10	2.606983e+01	5.223111e+01
4.670000e-06	3.702022e-06	8.011825e-10	2.582876e+01	5.198365e+01
4.680000e-06	3.667233e-06	8.078637e-10	2.558604e+01	5.173318e+01
4.690000e-06	3.632134e-06	8.053531e-10	2.534115e+01	5.147973e+01
4.700000e-06	3.596705e-06	7.929579e-10	2.509397e+01	5.122334e+01
4.710000e-06	3.561028e-06	7.891203e-10	2.484505e+01	5.096402e+01
4.720000e-06	3.525171e-06	7.894724e-10	2.459488e+01	5.070180e+01
4.730000e-06	3.489169e-06	7.843509e-10	2.434369e+01	5.043671e+01
4.740000e-06	3.453030e-06	7.813016e-10	2.409155e+01	5.016875e+01
4.750000e-06	3.416740e-06	7.794121e-10	2.383836e+01	4.989795e+01
4.760000e-06	3.380299e-06	7.714076e-10	2.358412e+01	4.962431e+01
4.770000e-06	3.343660e-06	7.638196e-10	2.332849e+01	4.934782e+01
4.780000e-06	3.306804e-06	7.638134e-10	2.307135e+01	4.906848e+01
4.790000e-06	3.269740e-06	7.637795e-10	2.281275e+01	4.878629e+01
4.800000e-06	3.232343e-06	7.604164e-10	2.255184e+01	4.850120e+01
4.810000e-06	3.194517e-06	7.578209e-10	2.228793e+01	4.821321e+01
4.820000e-06	3.156279e-06	7.535078e-10	2.202114e+01	4.792226e+01
4.830000e-06	3.117666e-06	7.458301e-10	2.175174e+01	4.762831e+01
4.840000e-06	3.078766e-06	7.383829e-10	2.148034e+01	4.733130e+01
4.850000e-06	3.039475e-06	7.323099e-10	2.120621e+01	4.703118e+01
4.860000e-06	2.999814e-06	7.249482e-10	2.092950e+01	4.672787e+01
4.870000e-06	2.959974e-06	7.217838e-10	2.065154e+01	4.642128e+01
4.880000e-06	2.919964e-06	7.230737e-10	2.037239e+01	4.611133e+01
4.890000e-06	2.879816e-06	7.201731e-10	2.009228e+01	4.579792e+01
4.900000e-06	2.839548e-06	7.150927e-10	1.981133e+01	4.548094e+01
4.910000e-06	2.799147e-06	7.086753e-10	1.952946e+01	4.516027e+01
4.920000e-06	2.758629e-06	7.017899e-10	1.924677e+01	4.483580e+01
4.930000e-06	2.718004e-06	6.983573e-10	1.896333e+01	4.450738e+01
4.940000e-06	2.677202e-06	6.975089e-10	1.867866e+01	4.417490e+01
4.950000e-06	2.636208e-06	6.971392e-10	1.839264e+01	4.383820e+01
4.960000e-06	2.594975e-06	6.935244e-10	1.810496e+01	4.349712e+01
4.970000e-06	2.553550e-06	6.904592e-10	1.781594e+01	4.315152e+01
4.980000e-06	2.511974e-06	6.853850e-10	1.752588e+01	4.280124e+01
4.990000e-06	2.470148e-06	6.776621e-10	1.723406e+01	4.244610e+01
5.000000e-06	2.428198e-06	6.697602e-10	1.694138e+01	4.208593e+01
5.010000e-06	2.386099e-06	6.647606e-10	1.664765e+01	4.172055e+01
5.020000e-06	2.343855e-06	6.603443e-10	1.635292e+01	4.134978e+01
5.030000e-06	2.301573e-06	6.571109e-10	1.605792e+01	4.097344e+01
5.040000e-06	2.259134e-06	6.542404e-10	1.576182e+01	4.059133e+01
5.050000e-06	2.216456e-06	6.489095e-10	1.546406e+01	4.020326e+01
5.060000e-06	2.173567e-06	6.415946e-10	1.516483e+01	3.980902e+01
5.070000e-06	2.130511e-06	6.326028e-10	1.486443e+01	3.940841e+01
5.080000e-06	2.087304e-06	6.258677e-10	1.456298e+01	3.900123e+01
5.090000e-06	2.043951e-06	6.234718e-10	1.426051e+01	3.858726e+01
5.100000e-06	2.000402e-06	6.198809e-10	1.395667e+01	3.816628e+01
5.110000e-06	1.956667e-06	6.135194e-10	1.365153e+01	3.773808e+01
5.120000e-06	1.912817e-06	6.066482e-10	1.334560e+01	3.730243e+01
5.130000e-06	1.868889e-06	6.010351e-10	1.303911e+01	3.685910e+01
5.140000e-06	1.824887e-06	5.962049e-10	1.273211e+01	3.640786e+01
5.150000e-06	1.780827e-06	5.871842e-10	1.242471e+01	3.594848e+01
5.160000e-06	1.736686e-06	5.782653e-10	1.211674e+01	3.548071e+01
5.170000e-06	1.692461e-06	5.706328e-10	1.180819e+01	3.500430e+01
5.180000e-06	1.648212e-06	5.622662e-10	1.149946e+01	3.451902e+01
5.190000e-06	1.603916e-06	5.537808e-10	1.119041e+01	3.402460e+01
5.200000e-06	1.559540e-06	5.447596e-10	1.088080e+01	3.352079e+01
5.210000e-06	1.515066e-06	5.359003e-10	1.057051e+01	3.300732e+01
5.220000e-06	1.470555e-06	5.280372e-10	1.025997e+01	3.248395e+01
5.230000e-06	1.425995e-06	5.184740e-10	9.949069e+00	3.195039e+01
5.240000e-06	1.381270e-06	5.053041e-10	9.637025e+00	3.140639e+01
5.250000e-06	1.336507e-06	4.951469e-10	9.324719e+00	3.085166e+01
5.260000e-06	1.291750e-06	4.881589e-10	9.012453e+00	3.028595e+01
5.270000e-06	1.246863e-06	4.804988e-10	8.699279e+00	2.970897e+01
5.280000e-06	1.201866e-06	4.711093e-10	8.385338e+00	2.912046e+01
5.290000e-06	1.156712e-06	4.585873e-10	8.070304e+00	2.852014e+01
5.300000e-06	1.111455e-06	4.463256e-10	7.754547e+00	2.790775e+01
5.310000e-06	1.066169e-06	4.345102e-10	7.438588e+00	2.728303e+01
5.320000e-06	1.020859e-06	4.228048e-10	7.122463e+00	2.664572e+01
5.330000e-06	9.755105e-07	4.121335e-10	6.806071e+00	2.599556e+01
5.340000e-06	9.299434e-07	4.041599e-10	6.488152e+00	2.533230e+01
5.350000e-06	8.842262e-07	3.967467e-10	6.169186e+00	2.465573e+01
5.360000e-06	8.384900e-07	3.878115e-10	5.850088e+00	2.396560e+01
5.370000e-06	7.926444e-07	3.765658e-10	5.530226e+00	2.326172e+01
5.380000e-06	7.467783e-07	3.646611e-10	5.210222e+00	2.254388e+01
5.390000e-06	7.008241e-07	3.533869e-10	4.889602e+00	2.181190e+01
5.400000e-06	6.547203e-07	3.420304e-10	4.567939e+00	2.106563e+01
5.410000e-06	6.086114e-07	3.308922e-10	4.246240e+00	2.030492e+01
5.420000e-06	5.623769e-07	3.222403e-10	3.923666e+00	1.952965e+01
5.430000e-06	5.160480e-07	3.164848e-10	3.600432e+00	1.873973e+01
5.440000e-06	4.698140e-07	3.092239e-10	3.277861e+00	1.793509e+01
5.450000e-06	4.235709e-07	2.960917e-10	2.955226e+00	1.711568e+01
5.460000e-06	3.771841e-07	2.795214e-10	2.631588e+00	1.628151e+01
5.470000e-06	3.307785e-07	2.616222e-10	2.307819e+00	1.543257e+01
5.480000e-06	2.844250e-07	2.451994e-10	1.984414e+00	1.456894e+01
5.490000e-06	2.381035e-07	2.299480e-10	1.661232e+00	1.369068e+01
5.500000e-06	1.917799e-07	2.173349e-10	1.338035e+00	1.279793e+01
5.510000e-06	1.453470e-07	2.093984e-10	1.014076e+00	1.189085e+01
5.520000e-06	9.888858e-08	1.997266e-10	6.899389e-01	1.096963e+01
5.530000e-06	5.251632e-08	1.853693e-10	3.664028e-01	1.003450e+01
5.540000e-06	6.196183e-09	1.702917e-10	4.323035e-02	9.085742e+00
5.550000e-06	-4.016730e-08	1.536613e-10	-2.802445e-01	8.123670e+00
5.560000e-06	-8.656225e-08	1.349898e-10	-6.039389e-01	7.148640e+00
5.570000e-06	-1.329269e-07	1.189637e-10	-9.274221e-01	6.161045e+00
5.580000e-06	-1.792965e-07	1.070199e-10	-1.250939e+00	5.161323e+00
5.590000e-06	-2.256173e-07	9.636774e-11	-1.574116e+00	4.149947e+00
5.600000e-06	-2.718920e-07	8.257501e-11	-1.896972e+00	3.127434e+00
5.610000e-06	-3.181740e-07	6.522111e-11	-2.219878e+00	2.094335e+00
5.620000e-06	-3.644364e-07	4.631776e-11	-2.542648e+00	1.051242e+00
5.630000e-06	-4.106911e-07	2.911215e-11	-2.865364e+00	-1.220257e-03
5.640000e-06	-4.568554e-07	1.248537e-11	-3.187449e+00	-1.062390e+00
5.650000e-06	-5.029502e-07	-4.037803e-12	-3.509049e+00	-2.131575e+00
5.660000e-06	-5.489791e-07	-2.135744e-11	-3.830190e+00	-3.208051e+00
5.670000e-06	-5.949607e-07	-4.082185e-11	-4.151000e+00	-4.291064e+00
5.680000e-06	-6.410005e-07	-5.956448e-11	-4.472217e+00	-5.379837e+00
5.690000e-06	-6.870466e-07	-7.738775e-11	-4.793478e+00	-6.473565e+00
5.700000e-06	-7.330163e-07	-9.799938e-11	-5.114205e+00	-7.571427e+00
5.710000e-06	-7.789086e-07	-1.187520e-10	-5.434393e+00	-8.672580e+00
5.720000e-06	-8.246914e-07	-1.380247e-10	-5.753816e+00	-9.776168e+00
5.730000e-06	-8.702686e-07	-1.557902e-10	-6.071805e+00	-1.088132e+01
5.740000e-06	-9.157961e-07	-1.721297e-10	-6.389447e+00	-1.198716e+01
5.750000e-06	-9.613152e-07	-1.903978e-10	-6.707031e+00	-1.309280e+01
5.760000e-06	-1.006697e-06	-2.110921e-10	-7.023659e+00	-1.419736e+01
5.770000e-06	-1.051964e-06	-2.313227e-10	-7.339484e+00	-1.529995e+01
5.780000e-06	-1.097130e-06	-2.512106e-10	-7.654599e+00	-1.639968e+01
5.790000e-06	-1.142190e-06	-2.723763e-10	-7.968982e+00	-1.749569e+01
5.800000e-06	-1.187166e-06	-2.930913e-10	-8.282775e+00	-1.858711e+01
5.810000e-06	-1.232028e-06	-3.122532e-10	-8.595775e+00	-1.967308e+01
5.820000e-06	-1.276787e-06	-3.302440e-10	-8.908058e+00	-2.075278e+01
5.830000e-06	-1.321464e-06	-3.475826e-10	-9.219764e+00	-2.182538e+01
5.840000e-06	-1.366065e-06	-3.633996e-10	-9.530941e+00	-2.289009e+01
5.850000e-06	-1.410602e-06	-3.795887e-10	-9.841672e+00	-2.394615e+01
5.860000e-06	-1.455082e-06	-3.998142e-10	-1.015201e+01	-2.499281e+01
5.870000e-06	-1.499518e-06	-4.215680e-10	-1.046203e+01	-2.602935e+01
5.880000e-06	-1.543865e-06	-4.406574e-10	-1.077144e+01	-2.705510e+01
5.890000e-06	-1.588142e-06	-4.572592e-10	-1.108036e+01	-2.806941e+01
5.900000e-06	-1.632420e-06	-4.735352e-10	-1.138928e+01	-2.907167e+01
5.910000e-06	-1.676674e-06	-4.898116e-10	-1.169804e+01	-3.006129e+01
5.920000e-06	-1.720856e-06	-5.036085e-10	-1.200630e+01	-3.103774e+01
5.930000e-06	-1.764999e-06	-5.179390e-10	-1.231428e+01	-3.200051e+01
5.940000e-06	-1.809102e-06	-5.355760e-10	-1.262198e+01	-3.294915e+01
5.950000e-06	-1.853086e-06	-5.523561e-10	-1.292885e+01	-3.388323e+01
5.960000e-06	-1.896947e-06	-5.674626e-10	-1.323487e+01	-3.480237e+01
5.970000e-06	-1.940713e-06	-5.813658e-10	-1.354022e+01	-3.570623e+01
5.980000e-06	-1.984309e-06	-5.961053e-10	-1.384439e+01	-3.659450e+01
5.990000e-06	-2.027701e-06	-6.136402e-10	-1.414713e+01	-3.746691e+01
6.000000e-06	-2.070880e-06	-6.298477e-10	-1.444839e+01	-3.832325e+01
6.010000e-06	-2.113903e-06	-6.420812e-10	-1.474855e+01	-3.916332e+01
6.020000e-06	-2.156868e-06	-6.524789e-10	-1.504832e+01	-3.998698e+01
6.030000e-06	-2.199650e-06	-6.643039e-10	-1.534681e+01	-4.079410e+01
6.040000e-06	-2.242251e-06	-6.762610e-10	-1.564403e+01	-4.158460e+01
6.050000e-06	-2.284717e-06	-6.864755e-10	-1.594032e+01	-4.235844e+01
6.060000e-06	-2.327004e-06	-6.967584e-10	-1.623535e+01	-4.311560e+01
6.070000e-06	-2.369149e-06	-7.089168e-10	-1.652939e+01	-4.385608e+01
6.080000e-06	-2.411156e-06	-7.235707e-10	-1.682247e+01	-4.457994e+01
6.090000e-06	-2.452974e-06	-7.396019e-10	-1.711423e+01	-4.528723e+01
6.100000e-06	-2.494566e-06	-7.535938e-10	-1.740442e+01	-4.597804e+01
6.110000e-06	-2.535949e-06	-7.637351e-10	-1.769315e+01	-4.665249e+01
6.120000e-06	-2.577226e-06	-7.718705e-10	-1.798113e+01	-4.731070e+01
6.130000e-06	-2.618292e-06	-7.795817e-10	-1.826764e+01	-4.795283e+01
6.140000e-06	-2.659048e-06	-7.866636e-10	-1.855200e+01	-4.857905e+01
6.150000e-06	-2.699629e-06	-7.946235e-10	-1.883512e+01	-4.918953e+01
6.160000e-06	-2.740106e-06	-8.037288e-10	-1.911753e+01	-4.978447e+01
6.170000e-06	-2.780489e-06	-8.140702e-10	-1.939929e+01	-5.036408e+01
6.180000e-06	-2.820772e-06	-8.258665e-10	-1.968033e+01	-5.092857e+01
6.190000e-06	-2.860965e-06	-8.376899e-10	-1.996076e+01	-5.147817e+01
6.200000e-06	-2.901060e-06	-8.460949e-10	-2.024050e+01	-5.201311e+01
6.210000e-06	-2.941052e-06	-8.514906e-10	-2.051952e+01	-5.253362e+01
6.220000e-06	-2.980858e-06	-8.582613e-10	-2.079724e+01	-5.303994e+01
6.230000e-06	-3.020386e-06	-8.659135e-10	-2.107303e+01	-5.353232e+01
6.240000e-06	-3.059605e-06	-8.739090e-10	-2.134666e+01	-5.401100e+01
6.250000e-06	-3.098546e-06	-8.818950e-10	-2.161834e+01	-5.447624e+01
6.260000e-06	-3.137120e-06	-8.895512e-10	-2.188747e+01	-5.492827e+01
6.270000e-06	-3.175233e-06	-8.979527e-10	-2.215338e+01	-5.536735e+01
6.280000e-06	-3.212938e-06	-9.066365e-10	-2.241645e+01	-5.579372e+01
6.290000e-06	-3.250308e-06	-9.130083e-10	-2.267718e+01	-5.620764e+01
6.300000e-06	-3.287357e-06	-9.176091e-10	-2.293567e+01	-5.660934e+01
6.310000e-06	-3.324131e-06	-9.222285e-10	-2.319224e+01	-5.699907e+01
6.320000e-06	-3.360747e-06	-9.282814e-10	-2.344770e+01	-5.737707e+01
6.330000e-06	-3.397206e-06	-9.325943e-10	-2.370208e+01	-5.774359e+01
6.340000e-06	-3.433512e-06	-9.355218e-10	-2.395538e+01	-5.809887e+01
6.350000e-06	-3.469667e-06	-9.404141e-10	-2.420763e+01	-5.844314e+01
6.360000e-06	-3.505670e-06	-9.485539e-10	-2.445882e+01	-5.877664e+01
6.370000e-06	-3.541479e-06	-9.582037e-10	-2.470866e+01	-5.909962e+01
6.380000e-06	-3.577026e-06	-9.644189e-10	-2.495667e+01	-5.941229e+01
6.390000e-06	-3.612256e-06	-9.691592e-10	-2.520246e+01	-5.971491e+01
6.400000e-06	-3.647224e-06	-9.735529e-10	-2.544644e+01	-6.000771e+01
6.410000e-06	-3.681962e-06	-9.786195e-10	-2.568880e+01	-6.029092e+01
6.420000e-06	-3.716426e-06	-9.831450e-10	-2.592925e+01	-6.056477e+01
6.430000e-06	-3.750675e-06	-9.863550e-10	-2.616820e+01	-6.082951e+01
6.440000e-06	-3.784689e-06	-9.900386e-10	-2.640552e+01	-6.108537e+01
6.450000e-06	-3.818339e-06	-9.917954e-10	-2.664030e+01	-6.133259e+01
6.460000e-06	-3.851729e-06	-9.924875e-10	-2.687325e+01	-6.157140e+01
6.470000e-06	-3.884870e-06	-9.951019e-10	-2.710448e+01	-6.180203e+01
6.480000e-06	-3.917653e-06	-9.992255e-10	-2.733320e+01	-6.202474e+01
6.490000e-06	-3.950209e-06	-1.004037e-09	-2.756034e+01	-6.223975e+01
6.500000e-06	-3.982606e-06	-1.009115e-09	-2.778637e+01	-6.244731e+01
6.510000e-06	-4.014863e-06	-1.013721e-09	-2.801143e+01	-6.264764e+01
6.520000e-06	-4.046961e-06	-1.016698e-09	-2.823537e+01	-6.284099e+01
6.530000e-06	-4.078808e-06	-1.018392e-09	-2.845757e+01	-6.302760e+01
6.540000e-06	-4.110332e-06	-1.020575e-09	-2.867751e+01	-6.320769e+01
6.550000e-06	-4.141488e-06	-1.024089e-09	-2.889488e+01	-6.338149e+01
6.560000e-06	-4.172246e-06	-1.030097e-09	-2.910948e+01	-6.354925e+01
6.570000e-06	-4.202534e-06	-1.035769e-09	-2.932079e+01	-6.371117e+01
6.580000e-06	-4.232305e-06	-1.038576e-09	-2.952850e+01	-6.386748e+01
6.590000e-06	-4.261527e-06	-1.039485e-09	-2.973238e+01	-6.401840e+01
6.600000e-06	-4.290285e-06	-1.041301e-09	-2.993303e+01	-6.416414e+01
6.610000e-06	-4.318791e-06	-1.043881e-09	-3.013191e+01	-6.430490e+01
6.620000e-06	-4.347198e-06	-1.045510e-09	-3.033010e+01	-6.444087e+01
6.630000e-06	-4.375465e-06	-1.046952e-09	-3.052732e+01	-6.457225e+01
6.640000e-06	-4.403499e-06	-1.047575e-09	-3.072291e+01	-6.469921e+01
6.650000e-06	-4.431304e-06	-1.048200e-09	-3.091690e+01	-6.482193e+01
6.660000e-06	-4.458818e-06	-1.048317e-09	-3.110887e+01	-6.494057e+01
6.670000e-06	-4.486015e-06	-1.047743e-09	-3.129862e+01	-6.505528e+01
6.680000e-06	-4.512883e-06	-1.048970e-09	-3.148608e+01	-6.516619e+01
6.690000e-06	-4.539431e-06	-1.051121e-09	-3.167130e+01	-6.527344e+01
6.700000e-06	-4.565681e-06	-1.052177e-09	-3.185445e+01	-6.537715e+01
6.710000e-06	-4.591548e-06	-1.050808e-09	-3.203492e+01	-6.547741e+01
6.720000e-06	-4.617058e-06	-1.049273e-09	-3.221290e+01	-6.557432e+01
6.730000e-06	-4.642172e-06	-1.048175e-09	-3.238812e+01	-6.566796e+01
6.740000e-06	-4.666881e-06	-1.047194e-09	-3.256051e+01	-6.575841e+01
6.750000e-06	-4.691354e-06	-1.048199e-09	-3.273126e+01	-6.584571e+01
6.760000e-06	-4.715658e-06	-1.050871e-09	-3.290082e+01	-6.592991e+01
6.770000e-06	-4.739787e-06	-1.055532e-09	-3.306917e+01	-6.601105e+01
6.780000e-06	-4.763695e-06	-1.060332e-09	-3.323597e+01	-6.608915e+01
6.790000e-06	-4.787320e-06	-1.061913e-09	-3.340081e+01	-6.616422e+01
6.800000e-06	-4.810524e-06	-1.060611e-09	-3.356270e+01	-6.623626e+01
6.810000e-06	-4.833217e-06	-1.058078e-09	-3.372103e+01	-6.630528e+01
6.820000e-06	-4.855309e-06	-1.055198e-09	-3.387516e+01	-6.637125e+01
6.830000e-06	-4.876814e-06	-1.055032e-09	-3.402520e+01	-6.643415e+01
6.840000e-06	-4.897891e-06	-1.058664e-09	-3.417226e+01	-6.649397e+01
6.850000e-06	-4.918615e-06	-1.062486e-09	-3.431685e+01	-6.655067e+01
6.860000e-06	-4.939056e-06	-1.063768e-09	-3.445946e+01	-6.660422e+01
6.870000e-06	-4.959278e-06	-1.062259e-09	-3.460054e+01	-6.665457e+01
6.880000e-06	-4.979275e-06	-1.058803e-09	-3.474007e+01	-6.670170e+01
6.890000e-06	-4.999001e-06	-1.056570e-09	-3.487769e+01	-6.674556e+01
6.900000e-06	-5.018383e-06	-1.055723e-09	-3.501292e+01	-6.678613e+01
6.910000e-06	-5.037365e-06	-1.056195e-09	-3.514536e+01	-6.682336e+01
6.920000e-06	-5.056022e-06	-1.058390e-09	-3.527552e+01	-6.685723e+01
6.930000e-06	-5.074353e-06	-1.060786e-09	-3.540342e+01	-6.688770e+01
6.940000e-06	-5.092356e-06	-1.060814e-09	-3.552902e+01	-6.691477e+01
6.950000e-06	-5.110040e-06	-1.058477e-09	-3.565240e+01	-6.693842e+01
6.960000e-06	-5.127369e-06	-1.055470e-09	-3.577330e+01	-6.695865e+01
6.970000e-06	-5.144277e-06	-1.055152e-09	-3.589127e+01	-6.697546e+01
6.980000e-06	-5.160849e-06	-1.057501e-09	-3.600690e+01	-6.698886e+01
6.990000e-06	-5.177222e-06	-1.059858e-09	-3.612113e+01	-6.699888e+01
7.000000e-06	-5.193374e-06	-1.062287e-09	-3.623382e+01	-6.700556e+01
7.010000e-06	-5.209236e-06	-1.065565e-09	-3.634449e+01	-6.700894e+01
7.020000e-06	-5.224653e-06	-1.064933e-09	-3.645205e+01	-6.700907e+01
7.030000e-06	-5.239441e-06	-1.059772e-09	-3.655523e+01	-6.700603e+01
7.040000e-06	-5.253519e-06	-1.055402e-09	-3.665344e+01	-6.699989e+01
7.050000e-06	-5.266940e-06	-1.051676e-09	-3.674708e+01	-6.699075e+01
7.060000e-06	-5.279936e-06	-1.047887e-09	-3.683775e+01	-6.697871e+01
7.070000e-06	-5.292679e-06	-1.045623e-09	-3.692666e+01	-6.696387e+01
7.080000e-06	-5.305076e-06	-1.045952e-09	-3.701315e+01	-6.694636e+01
7.090000e-06	-5.317075e-06	-1.048126e-09	-3.709687e+01	-6.692632e+01
7.100000e-06	-5.328665e-06	-1.049193e-09	-3.717773e+01	-6.690387e+01
7.110000e-06	-5.339832e-06	-1.046474e-09	-3.725564e+01	-6.687917e+01
7.120000e-06	-5.350614e-06	-1.042878e-09	-3.733087e+01	-6.685236e+01
7.130000e-06	-5.361022e-06	-1.040960e-09	-3.740348e+01	-6.682360e+01
7.140000e-06	-5.371060e-06	-1.039057e-09	-3.747352e+01	-6.679305e+01
7.150000e-06	-5.380768e-06	-1.037100e-09	-3.754125e+01	-6.676087e+01
7.160000e-06	-5.390103e-06	-1.035132e-09	-3.760638e+01	-6.672723e+01
7.170000e-06	-5.398984e-06	-1.032898e-09	-3.766835e+01	-6.669228e+01
7.180000e-06	-5.407552e-06	-1.035244e-09	-3.772813e+01	-6.665619e+01
7.190000e-06	-5.415918e-06	-1.039979e-09	-3.778649e+01	-6.661910e+01
7.200000e-06	-5.424070e-06	-1.042143e-09	-3.784337e+01	-6.658118e+01
7.210000e-06	-5.431910e-06	-1.041013e-09	-3.789807e+01	-6.654256e+01
7.220000e-06	-5.439344e-06	-1.037956e-09	-3.794993e+01	-6.650338e+01
7.230000e-06	-5.446273e-06	-1.033617e-09	-3.799828e+01	-6.646377e+01
7.240000e-06	-5.452538e-06	-1.028009e-09	-3.804199e+01	-6.642385e+01
7.250000e-06	-5.458141e-06	-1.022325e-09	-3.808108e+01	-6.638371e+01
7.260000e-06	-5.463248e-06	-1.018942e-09	-3.811671e+01	-6.634345e+01
7.270000e-06	-5.468012e-06	-1.019092e-09	-3.814995e+01	-6.630314e+01
7.280000e-06	-5.472491e-06	-1.019886e-09	-3.818120e+01	-6.626286e+01
7.290000e-06	-5.476692e-06	-1.019823e-09	-3.821051e+01	-6.622264e+01
7.300000e-06	-5.480623e-06	-1.019177e-09	-3.823793e+01	-6.618252e+01
7.310000e-06	-5.484227e-06	-1.016917e-09	-3.826308e+01	-6.614252e+01
7.320000e-06	-5.487471e-06	-1.012331e-09	-3.828571e+01	-6.610262e+01
7.330000e-06	-5.490321e-06	-1.007374e-09	-3.830560e+01	-6.606282e+01
7.340000e-06	-5.492770e-06	-1.003088e-09	-3.832268e+01	-6.602308e+01
7.350000e-06	-5.494910e-06	-1.001722e-09	-3.833762e+01	-6.598334e+01
7.360000e-06	-5.496675e-06	-1.000797e-09	-3.834993e+01	-6.594355e+01
7.370000e-06	-5.497967e-06	-9.968273e-10	-3.835894e+01	-6.590361e+01
7.380000e-06	-5.498860e-06	-9.921928e-10	-3.836517e+01	-6.586343e+01
7.390000e-06	-5.499460e-06	-9.891903e-10	-3.836936e+01	-6.582289e+01
7.400000e-06	-5.499834e-06	-9.860945e-10	-3.837197e+01	-6.578188e+01
