# Temperatura_=_-0.6
# Concentracion g/m^3_=_1620.0
# C_Vs_to_Am_M_A/Vsm_=_65563218390.804596
# pendiente_HvsI_1/m_=_3716.3
# ordenada_HvsI_A/m_=_1297.0
# frecuencia_Hz_=_135098.80262798027

Tiempo_(s)	Campo_(V.s)	Magnetizacion_(V.s)	Campo_(kA/m)	Magnetizacion_(A/m)
0.000000e+00	-5.517874e-06	-1.384546e-09	-3.836670e+01	-9.158684e+01
1.000000e-08	-5.518218e-06	-1.381900e-09	-3.836909e+01	-9.150730e+01
2.000000e-08	-5.518360e-06	-1.381126e-09	-3.837007e+01	-9.142442e+01
3.000000e-08	-5.518163e-06	-1.383088e-09	-3.836871e+01	-9.133832e+01
4.000000e-08	-5.517448e-06	-1.384656e-09	-3.836374e+01	-9.124908e+01
5.000000e-08	-5.516159e-06	-1.375852e-09	-3.835477e+01	-9.115683e+01
6.000000e-08	-5.514291e-06	-1.355101e-09	-3.834179e+01	-9.106169e+01
7.000000e-08	-5.511827e-06	-1.343014e-09	-3.832466e+01	-9.096379e+01
8.000000e-08	-5.508763e-06	-1.376167e-09	-3.830335e+01	-9.086327e+01
9.000000e-08	-5.505281e-06	-1.462540e-09	-3.827914e+01	-9.076028e+01
1.000000e-07	-5.501439e-06	-1.510206e-09	-3.825242e+01	-9.065495e+01
1.100000e-07	-5.497150e-06	-1.428849e-09	-3.822260e+01	-9.054744e+01
1.200000e-07	-5.492652e-06	-1.307111e-09	-3.819133e+01	-9.043790e+01
1.300000e-07	-5.488026e-06	-1.312378e-09	-3.815916e+01	-9.032650e+01
1.400000e-07	-5.483001e-06	-1.406247e-09	-3.812422e+01	-9.021338e+01
1.500000e-07	-5.477526e-06	-1.401235e-09	-3.808615e+01	-9.009871e+01
1.600000e-07	-5.471745e-06	-1.315928e-09	-3.804596e+01	-8.998263e+01
1.700000e-07	-5.465673e-06	-1.343634e-09	-3.800374e+01	-8.986530e+01
1.800000e-07	-5.459112e-06	-1.430601e-09	-3.795812e+01	-8.974686e+01
1.900000e-07	-5.452094e-06	-1.422917e-09	-3.790932e+01	-8.962744e+01
2.000000e-07	-5.444763e-06	-1.302507e-09	-3.785835e+01	-8.950719e+01
2.100000e-07	-5.437186e-06	-1.294115e-09	-3.780566e+01	-8.938621e+01
2.200000e-07	-5.429327e-06	-1.366341e-09	-3.775102e+01	-8.926462e+01
2.300000e-07	-5.421197e-06	-1.405383e-09	-3.769448e+01	-8.914251e+01
2.400000e-07	-5.412752e-06	-1.356110e-09	-3.763577e+01	-8.901996e+01
2.500000e-07	-5.403635e-06	-1.330389e-09	-3.757238e+01	-8.889705e+01
2.600000e-07	-5.393746e-06	-1.344172e-09	-3.750362e+01	-8.877382e+01
2.700000e-07	-5.383302e-06	-1.350506e-09	-3.743100e+01	-8.865032e+01
2.800000e-07	-5.372314e-06	-1.337901e-09	-3.735459e+01	-8.852655e+01
2.900000e-07	-5.360803e-06	-1.340954e-09	-3.727456e+01	-8.840251e+01
3.000000e-07	-5.349013e-06	-1.355953e-09	-3.719258e+01	-8.827819e+01
3.100000e-07	-5.336859e-06	-1.342365e-09	-3.710807e+01	-8.815354e+01
3.200000e-07	-5.324260e-06	-1.324064e-09	-3.702047e+01	-8.802851e+01
3.300000e-07	-5.311233e-06	-1.309623e-09	-3.692989e+01	-8.790299e+01
3.400000e-07	-5.297849e-06	-1.326777e-09	-3.683683e+01	-8.777691e+01
3.500000e-07	-5.284221e-06	-1.321963e-09	-3.674207e+01	-8.765013e+01
3.600000e-07	-5.270130e-06	-1.322345e-09	-3.664410e+01	-8.752251e+01
3.700000e-07	-5.255493e-06	-1.318788e-09	-3.654232e+01	-8.739388e+01
3.800000e-07	-5.240506e-06	-1.332669e-09	-3.643811e+01	-8.726408e+01
3.900000e-07	-5.224952e-06	-1.308693e-09	-3.632996e+01	-8.713290e+01
4.000000e-07	-5.208683e-06	-1.298136e-09	-3.621684e+01	-8.700012e+01
4.100000e-07	-5.191990e-06	-1.311848e-09	-3.610077e+01	-8.686553e+01
4.200000e-07	-5.175044e-06	-1.315815e-09	-3.598294e+01	-8.672888e+01
4.300000e-07	-5.157834e-06	-1.288196e-09	-3.586328e+01	-8.658991e+01
4.400000e-07	-5.140322e-06	-1.303970e-09	-3.574151e+01	-8.644836e+01
4.500000e-07	-5.122392e-06	-1.331881e-09	-3.561685e+01	-8.630397e+01
4.600000e-07	-5.103954e-06	-1.310956e-09	-3.548865e+01	-8.615646e+01
4.700000e-07	-5.085088e-06	-1.277692e-09	-3.535747e+01	-8.600554e+01
4.800000e-07	-5.065911e-06	-1.300479e-09	-3.522413e+01	-8.585093e+01
4.900000e-07	-5.046510e-06	-1.308895e-09	-3.508922e+01	-8.569236e+01
5.000000e-07	-5.026903e-06	-1.284190e-09	-3.495289e+01	-8.552955e+01
5.100000e-07	-5.007094e-06	-1.277994e-09	-3.481516e+01	-8.536222e+01
5.200000e-07	-4.987022e-06	-1.285510e-09	-3.467560e+01	-8.519012e+01
5.300000e-07	-4.966601e-06	-1.273227e-09	-3.453360e+01	-8.501299e+01
5.400000e-07	-4.945775e-06	-1.280539e-09	-3.438880e+01	-8.483058e+01
5.500000e-07	-4.924634e-06	-1.297447e-09	-3.424180e+01	-8.464268e+01
5.600000e-07	-4.903175e-06	-1.275521e-09	-3.409259e+01	-8.444908e+01
5.700000e-07	-4.881360e-06	-1.253750e-09	-3.394091e+01	-8.424957e+01
5.800000e-07	-4.859250e-06	-1.266165e-09	-3.378717e+01	-8.404400e+01
5.900000e-07	-4.836721e-06	-1.272133e-09	-3.363053e+01	-8.383221e+01
6.000000e-07	-4.813836e-06	-1.255130e-09	-3.347140e+01	-8.361409e+01
6.100000e-07	-4.790670e-06	-1.257757e-09	-3.331033e+01	-8.338952e+01
6.200000e-07	-4.767191e-06	-1.263303e-09	-3.314707e+01	-8.315843e+01
6.300000e-07	-4.743524e-06	-1.249256e-09	-3.298251e+01	-8.292079e+01
6.400000e-07	-4.719661e-06	-1.232867e-09	-3.281659e+01	-8.267655e+01
6.500000e-07	-4.695482e-06	-1.234160e-09	-3.264847e+01	-8.242574e+01
6.600000e-07	-4.670944e-06	-1.230086e-09	-3.247785e+01	-8.216839e+01
6.700000e-07	-4.645976e-06	-1.225421e-09	-3.230425e+01	-8.190454e+01
6.800000e-07	-4.620433e-06	-1.225223e-09	-3.212664e+01	-8.163430e+01
6.900000e-07	-4.594254e-06	-1.229216e-09	-3.194461e+01	-8.135776e+01
7.000000e-07	-4.567495e-06	-1.217817e-09	-3.175856e+01	-8.107508e+01
7.100000e-07	-4.540308e-06	-1.208538e-09	-3.156952e+01	-8.078640e+01
7.200000e-07	-4.512843e-06	-1.202640e-09	-3.137855e+01	-8.049191e+01
7.300000e-07	-4.485231e-06	-1.197810e-09	-3.118656e+01	-8.019181e+01
7.400000e-07	-4.457486e-06	-1.189473e-09	-3.099365e+01	-7.988632e+01
7.500000e-07	-4.429532e-06	-1.189291e-09	-3.079927e+01	-7.957567e+01
7.600000e-07	-4.401359e-06	-1.189151e-09	-3.060338e+01	-7.926011e+01
7.700000e-07	-4.372941e-06	-1.184860e-09	-3.040579e+01	-7.893990e+01
7.800000e-07	-4.344158e-06	-1.177516e-09	-3.020566e+01	-7.861532e+01
7.900000e-07	-4.314957e-06	-1.175505e-09	-3.000262e+01	-7.828662e+01
8.000000e-07	-4.285499e-06	-1.167706e-09	-2.979779e+01	-7.795409e+01
8.100000e-07	-4.255812e-06	-1.155877e-09	-2.959137e+01	-7.761800e+01
8.200000e-07	-4.225783e-06	-1.146527e-09	-2.938258e+01	-7.727863e+01
8.300000e-07	-4.195411e-06	-1.141041e-09	-2.917139e+01	-7.693624e+01
8.400000e-07	-4.164758e-06	-1.137200e-09	-2.895826e+01	-7.659110e+01
8.500000e-07	-4.133775e-06	-1.133788e-09	-2.874283e+01	-7.624345e+01
8.600000e-07	-4.102511e-06	-1.127288e-09	-2.852544e+01	-7.589353e+01
8.700000e-07	-4.071080e-06	-1.117545e-09	-2.830690e+01	-7.554154e+01
8.800000e-07	-4.039523e-06	-1.108684e-09	-2.808748e+01	-7.518770e+01
8.900000e-07	-4.007774e-06	-1.098870e-09	-2.786672e+01	-7.483218e+01
9.000000e-07	-3.975815e-06	-1.093843e-09	-2.764450e+01	-7.447513e+01
9.100000e-07	-3.943677e-06	-1.088733e-09	-2.742104e+01	-7.411669e+01
9.200000e-07	-3.911236e-06	-1.085908e-09	-2.719548e+01	-7.375696e+01
9.300000e-07	-3.878384e-06	-1.081415e-09	-2.696705e+01	-7.339602e+01
9.400000e-07	-3.845003e-06	-1.075174e-09	-2.673494e+01	-7.303391e+01
9.500000e-07	-3.811122e-06	-1.065788e-09	-2.649937e+01	-7.267066e+01
9.600000e-07	-3.776816e-06	-1.057320e-09	-2.626083e+01	-7.230626e+01
9.700000e-07	-3.742157e-06	-1.048478e-09	-2.601984e+01	-7.194066e+01
9.800000e-07	-3.707161e-06	-1.041521e-09	-2.577651e+01	-7.157379e+01
9.900000e-07	-3.671836e-06	-1.036224e-09	-2.553089e+01	-7.120556e+01
1.000000e-06	-3.636314e-06	-1.033732e-09	-2.528390e+01	-7.083585e+01
1.010000e-06	-3.600661e-06	-1.028769e-09	-2.503600e+01	-7.046449e+01
1.020000e-06	-3.564866e-06	-1.023124e-09	-2.478711e+01	-7.009131e+01
1.030000e-06	-3.528941e-06	-1.017138e-09	-2.453732e+01	-6.971611e+01
1.040000e-06	-3.492836e-06	-1.010395e-09	-2.428627e+01	-6.933864e+01
1.050000e-06	-3.456431e-06	-1.003154e-09	-2.403314e+01	-6.895868e+01
1.060000e-06	-3.419730e-06	-9.974658e-10	-2.377795e+01	-6.857595e+01
1.070000e-06	-3.382835e-06	-9.925826e-10	-2.352142e+01	-6.819017e+01
1.080000e-06	-3.345721e-06	-9.865510e-10	-2.326336e+01	-6.780105e+01
1.090000e-06	-3.308316e-06	-9.768474e-10	-2.300327e+01	-6.740827e+01
1.100000e-06	-3.270661e-06	-9.686077e-10	-2.274145e+01	-6.701152e+01
1.110000e-06	-3.232827e-06	-9.610717e-10	-2.247839e+01	-6.661049e+01
1.120000e-06	-3.194716e-06	-9.536786e-10	-2.221339e+01	-6.620484e+01
1.130000e-06	-3.156299e-06	-9.472931e-10	-2.194627e+01	-6.579425e+01
1.140000e-06	-3.117738e-06	-9.414410e-10	-2.167815e+01	-6.537841e+01
1.150000e-06	-3.079036e-06	-9.344844e-10	-2.140905e+01	-6.495699e+01
1.160000e-06	-3.040090e-06	-9.249818e-10	-2.113825e+01	-6.452969e+01
1.170000e-06	-3.000891e-06	-9.143333e-10	-2.086570e+01	-6.409621e+01
1.180000e-06	-2.961547e-06	-9.049321e-10	-2.059213e+01	-6.365626e+01
1.190000e-06	-2.922040e-06	-8.995623e-10	-2.031743e+01	-6.320957e+01
1.200000e-06	-2.882357e-06	-8.941760e-10	-2.004151e+01	-6.275589e+01
1.210000e-06	-2.842574e-06	-8.888156e-10	-1.976489e+01	-6.229497e+01
1.220000e-06	-2.802657e-06	-8.838253e-10	-1.948734e+01	-6.182660e+01
1.230000e-06	-2.762564e-06	-8.766219e-10	-1.920857e+01	-6.135058e+01
1.240000e-06	-2.722297e-06	-8.674499e-10	-1.892859e+01	-6.086672e+01
1.250000e-06	-2.681881e-06	-8.589485e-10	-1.864757e+01	-6.037487e+01
1.260000e-06	-2.641271e-06	-8.492117e-10	-1.836520e+01	-5.987489e+01
1.270000e-06	-2.600507e-06	-8.404214e-10	-1.808176e+01	-5.936667e+01
1.280000e-06	-2.559547e-06	-8.338413e-10	-1.779696e+01	-5.885010e+01
1.290000e-06	-2.518176e-06	-8.274496e-10	-1.750929e+01	-5.832510e+01
1.300000e-06	-2.476392e-06	-8.185489e-10	-1.721877e+01	-5.779163e+01
1.310000e-06	-2.434349e-06	-8.100889e-10	-1.692643e+01	-5.724962e+01
1.320000e-06	-2.392114e-06	-8.005812e-10	-1.663276e+01	-5.669906e+01
1.330000e-06	-2.349551e-06	-7.902342e-10	-1.633682e+01	-5.613993e+01
1.340000e-06	-2.306686e-06	-7.799594e-10	-1.603877e+01	-5.557222e+01
1.350000e-06	-2.263621e-06	-7.721166e-10	-1.573933e+01	-5.499592e+01
1.360000e-06	-2.220359e-06	-7.634344e-10	-1.543852e+01	-5.441106e+01
1.370000e-06	-2.176890e-06	-7.523885e-10	-1.513628e+01	-5.381764e+01
1.380000e-06	-2.133280e-06	-7.420720e-10	-1.483305e+01	-5.321567e+01
1.390000e-06	-2.089637e-06	-7.324925e-10	-1.452959e+01	-5.260515e+01
1.400000e-06	-2.045959e-06	-7.225200e-10	-1.422590e+01	-5.198608e+01
1.410000e-06	-2.002167e-06	-7.116842e-10	-1.392140e+01	-5.135847e+01
1.420000e-06	-1.958211e-06	-7.010925e-10	-1.361576e+01	-5.072227e+01
1.430000e-06	-1.914199e-06	-6.916199e-10	-1.330974e+01	-5.007746e+01
1.440000e-06	-1.870140e-06	-6.810330e-10	-1.300339e+01	-4.942397e+01
1.450000e-06	-1.826001e-06	-6.705440e-10	-1.269649e+01	-4.876175e+01
1.460000e-06	-1.781777e-06	-6.605822e-10	-1.238899e+01	-4.809067e+01
1.470000e-06	-1.737387e-06	-6.504176e-10	-1.208034e+01	-4.741063e+01
1.480000e-06	-1.692829e-06	-6.397349e-10	-1.177052e+01	-4.672147e+01
1.490000e-06	-1.648123e-06	-6.288526e-10	-1.145968e+01	-4.602300e+01
1.500000e-06	-1.603307e-06	-6.177371e-10	-1.114806e+01	-4.531501e+01
1.510000e-06	-1.558390e-06	-6.060981e-10	-1.083575e+01	-4.459727e+01
1.520000e-06	-1.513359e-06	-5.959202e-10	-1.052263e+01	-4.386950e+01
1.530000e-06	-1.468200e-06	-5.846285e-10	-1.020864e+01	-4.313138e+01
1.540000e-06	-1.422903e-06	-5.717638e-10	-9.893682e+00	-4.238259e+01
1.550000e-06	-1.377510e-06	-5.581236e-10	-9.578058e+00	-4.162274e+01
1.560000e-06	-1.332002e-06	-5.467672e-10	-9.261629e+00	-4.085143e+01
1.570000e-06	-1.286433e-06	-5.356200e-10	-8.944783e+00	-4.006824e+01
1.580000e-06	-1.240810e-06	-5.231436e-10	-8.627561e+00	-3.927270e+01
1.590000e-06	-1.195098e-06	-5.098011e-10	-8.309718e+00	-3.846432e+01
1.600000e-06	-1.149359e-06	-4.968243e-10	-7.991682e+00	-3.764261e+01
1.610000e-06	-1.103546e-06	-4.838988e-10	-7.673138e+00	-3.680703e+01
1.620000e-06	-1.057627e-06	-4.713707e-10	-7.353858e+00	-3.595704e+01
1.630000e-06	-1.011638e-06	-4.602947e-10	-7.034086e+00	-3.509209e+01
1.640000e-06	-9.655473e-07	-4.514953e-10	-6.713611e+00	-3.421160e+01
1.650000e-06	-9.194238e-07	-4.421591e-10	-6.392907e+00	-3.331502e+01
1.660000e-06	-8.732796e-07	-4.282684e-10	-6.072059e+00	-3.240178e+01
1.670000e-06	-8.270623e-07	-4.117660e-10	-5.750702e+00	-3.147131e+01
1.680000e-06	-7.807568e-07	-3.952771e-10	-5.428732e+00	-3.052308e+01
1.690000e-06	-7.343500e-07	-3.803303e-10	-5.106058e+00	-2.955654e+01
1.700000e-06	-6.879180e-07	-3.690490e-10	-4.783209e+00	-2.857118e+01
1.710000e-06	-6.414260e-07	-3.581627e-10	-4.459942e+00	-2.756652e+01
1.720000e-06	-5.948370e-07	-3.432758e-10	-4.136001e+00	-2.654211e+01
1.730000e-06	-5.482105e-07	-3.250090e-10	-3.811799e+00	-2.549753e+01
1.740000e-06	-5.015394e-07	-3.050269e-10	-3.487287e+00	-2.443241e+01
1.750000e-06	-4.548674e-07	-2.854481e-10	-3.162769e+00	-2.334643e+01
1.760000e-06	-4.082112e-07	-2.684786e-10	-2.838361e+00	-2.223932e+01
1.770000e-06	-3.615294e-07	-2.549955e-10	-2.513774e+00	-2.111087e+01
1.780000e-06	-3.147772e-07	-2.418796e-10	-2.188698e+00	-1.996092e+01
1.790000e-06	-2.679615e-07	-2.273571e-10	-1.863181e+00	-1.878939e+01
1.800000e-06	-2.211724e-07	-2.111896e-10	-1.537848e+00	-1.759627e+01
1.810000e-06	-1.743768e-07	-1.925180e-10	-1.212471e+00	-1.638162e+01
1.820000e-06	-1.275469e-07	-1.738864e-10	-8.868547e-01	-1.514557e+01
1.830000e-06	-8.068976e-08	-1.573846e-10	-5.610494e-01	-1.388834e+01
1.840000e-06	-3.386179e-08	-1.429058e-10	-2.354467e-01	-1.261022e+01
1.850000e-06	1.286426e-08	-1.276317e-10	8.944737e-02	-1.131158e+01
1.860000e-06	5.962105e-08	-1.102802e-10	4.145551e-01	-9.992884e+00
1.870000e-06	1.064121e-07	-9.150552e-11	7.399009e-01	-8.654673e+00
1.880000e-06	1.532283e-07	-7.089489e-11	1.065422e+00	-7.297569e+00
1.890000e-06	2.001358e-07	-4.941502e-11	1.391578e+00	-5.922274e+00
1.900000e-06	2.469623e-07	-2.689548e-11	1.717170e+00	-4.529575e+00
1.910000e-06	2.936993e-07	-6.559800e-12	2.042140e+00	-3.120332e+00
1.920000e-06	3.404972e-07	1.210300e-11	2.367534e+00	-1.695483e+00
1.930000e-06	3.872468e-07	3.123556e-11	2.692592e+00	-2.560377e-01
1.940000e-06	4.338821e-07	5.044095e-11	3.016855e+00	1.196926e+00
1.950000e-06	4.804952e-07	7.113335e-11	3.340963e+00	2.662265e+00
1.960000e-06	5.270020e-07	9.136161e-11	3.664333e+00	4.138777e+00
1.970000e-06	5.734371e-07	1.118527e-10	3.987204e+00	5.625205e+00
1.980000e-06	6.198910e-07	1.308349e-10	4.310206e+00	7.120242e+00
1.990000e-06	6.662674e-07	1.512920e-10	4.632668e+00	8.622538e+00
2.000000e-06	7.125411e-07	1.730989e-10	4.954417e+00	1.013071e+01
2.010000e-06	7.587429e-07	1.941540e-10	5.275666e+00	1.164332e+01
2.020000e-06	8.049873e-07	2.157194e-10	5.597211e+00	1.315895e+01
2.030000e-06	8.512193e-07	2.375359e-10	5.918670e+00	1.467613e+01
2.040000e-06	8.973309e-07	2.585443e-10	6.239291e+00	1.619337e+01
2.050000e-06	9.434627e-07	2.784519e-10	6.560054e+00	1.770922e+01
2.060000e-06	9.896017e-07	3.000844e-10	6.880865e+00	1.922218e+01
2.070000e-06	1.035644e-06	3.212553e-10	7.201004e+00	2.073080e+01
2.080000e-06	1.081563e-06	3.409518e-10	7.520290e+00	2.223364e+01
2.090000e-06	1.127401e-06	3.612028e-10	7.839010e+00	2.372925e+01
2.100000e-06	1.173189e-06	3.826195e-10	8.157376e+00	2.521625e+01
2.110000e-06	1.218852e-06	4.035212e-10	8.474881e+00	2.669327e+01
2.120000e-06	1.264392e-06	4.231551e-10	8.791526e+00	2.815900e+01
2.130000e-06	1.309827e-06	4.424441e-10	9.107448e+00	2.961216e+01
2.140000e-06	1.355234e-06	4.629924e-10	9.423169e+00	3.105153e+01
2.150000e-06	1.400554e-06	4.820934e-10	9.738285e+00	3.247595e+01
2.160000e-06	1.445762e-06	5.005145e-10	1.005263e+01	3.388432e+01
2.170000e-06	1.490931e-06	5.191246e-10	1.036669e+01	3.527560e+01
2.180000e-06	1.535911e-06	5.392974e-10	1.067944e+01	3.664881e+01
2.190000e-06	1.580776e-06	5.606494e-10	1.099140e+01	3.800307e+01
2.200000e-06	1.625603e-06	5.802276e-10	1.130309e+01	3.933755e+01
2.210000e-06	1.670275e-06	5.991791e-10	1.161370e+01	4.065151e+01
2.220000e-06	1.714798e-06	6.154904e-10	1.192328e+01	4.194427e+01
2.230000e-06	1.759171e-06	6.295514e-10	1.223181e+01	4.321525e+01
2.240000e-06	1.803362e-06	6.444716e-10	1.253908e+01	4.446393e+01
2.250000e-06	1.847446e-06	6.613586e-10	1.284560e+01	4.568987e+01
2.260000e-06	1.891480e-06	6.804950e-10	1.315178e+01	4.689273e+01
2.270000e-06	1.935449e-06	6.993906e-10	1.345750e+01	4.807222e+01
2.280000e-06	1.979333e-06	7.177047e-10	1.376263e+01	4.922813e+01
2.290000e-06	2.023142e-06	7.331581e-10	1.406724e+01	5.036033e+01
2.300000e-06	2.066862e-06	7.470732e-10	1.437124e+01	5.146876e+01
2.310000e-06	2.110491e-06	7.590059e-10	1.467460e+01	5.255343e+01
2.320000e-06	2.154078e-06	7.715019e-10	1.497767e+01	5.361440e+01
2.330000e-06	2.197617e-06	7.875319e-10	1.528039e+01	5.465180e+01
2.340000e-06	2.241067e-06	8.049518e-10	1.558251e+01	5.566582e+01
2.350000e-06	2.284353e-06	8.232556e-10	1.588349e+01	5.665670e+01
2.360000e-06	2.327491e-06	8.406539e-10	1.618343e+01	5.762471e+01
2.370000e-06	2.370340e-06	8.552276e-10	1.648137e+01	5.857021e+01
2.380000e-06	2.412781e-06	8.650220e-10	1.677647e+01	5.949354e+01
2.390000e-06	2.454993e-06	8.733290e-10	1.706998e+01	6.039513e+01
2.400000e-06	2.496911e-06	8.824291e-10	1.736144e+01	6.127540e+01
2.410000e-06	2.538487e-06	8.936628e-10	1.765052e+01	6.213481e+01
2.420000e-06	2.579728e-06	9.090659e-10	1.793728e+01	6.297386e+01
2.430000e-06	2.620572e-06	9.235377e-10	1.822128e+01	6.379302e+01
2.440000e-06	2.661172e-06	9.357352e-10	1.850357e+01	6.459282e+01
2.450000e-06	2.701607e-06	9.435591e-10	1.878473e+01	6.537378e+01
2.460000e-06	2.741851e-06	9.499586e-10	1.906455e+01	6.613641e+01
2.470000e-06	2.781911e-06	9.582887e-10	1.934309e+01	6.688123e+01
2.480000e-06	2.821748e-06	9.693089e-10	1.962008e+01	6.760877e+01
2.490000e-06	2.861452e-06	9.824399e-10	1.989615e+01	6.831953e+01
2.500000e-06	2.901094e-06	9.960469e-10	2.017179e+01	6.901402e+01
2.510000e-06	2.940621e-06	1.008844e-09	2.044663e+01	6.969271e+01
2.520000e-06	2.980016e-06	1.017879e-09	2.072055e+01	7.035609e+01
2.530000e-06	3.019240e-06	1.024520e-09	2.099328e+01	7.100461e+01
2.540000e-06	3.058172e-06	1.029319e-09	2.126398e+01	7.163871e+01
2.550000e-06	3.096788e-06	1.035348e-09	2.153249e+01	7.225879e+01
2.560000e-06	3.135199e-06	1.044461e-09	2.179956e+01	7.286524e+01
2.570000e-06	3.173450e-06	1.054652e-09	2.206553e+01	7.345845e+01
2.580000e-06	3.211509e-06	1.064365e-09	2.233016e+01	7.403874e+01
2.590000e-06	3.249300e-06	1.074018e-09	2.259293e+01	7.460645e+01
2.600000e-06	3.286913e-06	1.082828e-09	2.285445e+01	7.516186e+01
2.610000e-06	3.324383e-06	1.089083e-09	2.311499e+01	7.570525e+01
2.620000e-06	3.361644e-06	1.093106e-09	2.337407e+01	7.623687e+01
2.630000e-06	3.398696e-06	1.099996e-09	2.363170e+01	7.675694e+01
2.640000e-06	3.435436e-06	1.106889e-09	2.388716e+01	7.726567e+01
2.650000e-06	3.471811e-06	1.114767e-09	2.414008e+01	7.776324e+01
2.660000e-06	3.507946e-06	1.124958e-09	2.439133e+01	7.824982e+01
2.670000e-06	3.543921e-06	1.135427e-09	2.464148e+01	7.872556e+01
2.680000e-06	3.579740e-06	1.144203e-09	2.489053e+01	7.919058e+01
2.690000e-06	3.615435e-06	1.151488e-09	2.513872e+01	7.964501e+01
2.700000e-06	3.651020e-06	1.157818e-09	2.538615e+01	8.008894e+01
2.710000e-06	3.686482e-06	1.162410e-09	2.563272e+01	8.052246e+01
2.720000e-06	3.721772e-06	1.165917e-09	2.587810e+01	8.094568e+01
2.730000e-06	3.756747e-06	1.171781e-09	2.612129e+01	8.135865e+01
2.740000e-06	3.791352e-06	1.177664e-09	2.636190e+01	8.176145e+01
2.750000e-06	3.825494e-06	1.184594e-09	2.659930e+01	8.215415e+01
2.760000e-06	3.859100e-06	1.191259e-09	2.683297e+01	8.253682e+01
2.770000e-06	3.892221e-06	1.195745e-09	2.706326e+01	8.290951e+01
2.780000e-06	3.924874e-06	1.199070e-09	2.729030e+01	8.327231e+01
2.790000e-06	3.957148e-06	1.202167e-09	2.751471e+01	8.362527e+01
2.800000e-06	3.989163e-06	1.207550e-09	2.773732e+01	8.396847e+01
2.810000e-06	4.021012e-06	1.213302e-09	2.795877e+01	8.430199e+01
2.820000e-06	4.052737e-06	1.220430e-09	2.817935e+01	8.462592e+01
2.830000e-06	4.084324e-06	1.228884e-09	2.839898e+01	8.494035e+01
2.840000e-06	4.115678e-06	1.237201e-09	2.861700e+01	8.524538e+01
2.850000e-06	4.146740e-06	1.242015e-09	2.883297e+01	8.554111e+01
2.860000e-06	4.177503e-06	1.244361e-09	2.904688e+01	8.582767e+01
2.870000e-06	4.207988e-06	1.245664e-09	2.925884e+01	8.610518e+01
2.880000e-06	4.238168e-06	1.247050e-09	2.946869e+01	8.637379e+01
2.890000e-06	4.267953e-06	1.250168e-09	2.967579e+01	8.663363e+01
2.900000e-06	4.297463e-06	1.255645e-09	2.988098e+01	8.688487e+01
2.910000e-06	4.326861e-06	1.262410e-09	3.008539e+01	8.712766e+01
2.920000e-06	4.356005e-06	1.268725e-09	3.028803e+01	8.736218e+01
2.930000e-06	4.384703e-06	1.271888e-09	3.048757e+01	8.758861e+01
2.940000e-06	4.413067e-06	1.274187e-09	3.068479e+01	8.780715e+01
2.950000e-06	4.441245e-06	1.275687e-09	3.088072e+01	8.801798e+01
2.960000e-06	4.469203e-06	1.277796e-09	3.107511e+01	8.822131e+01
2.970000e-06	4.496945e-06	1.280950e-09	3.126801e+01	8.841735e+01
2.980000e-06	4.524553e-06	1.283089e-09	3.145997e+01	8.860630e+01
2.990000e-06	4.552023e-06	1.287143e-09	3.165098e+01	8.878838e+01
3.000000e-06	4.579200e-06	1.291578e-09	3.183994e+01	8.896381e+01
3.010000e-06	4.605858e-06	1.295702e-09	3.202530e+01	8.913281e+01
3.020000e-06	4.631948e-06	1.297109e-09	3.220671e+01	8.929559e+01
3.030000e-06	4.657478e-06	1.298243e-09	3.238422e+01	8.945237e+01
3.040000e-06	4.682419e-06	1.302309e-09	3.255764e+01	8.960338e+01
3.050000e-06	4.706848e-06	1.304222e-09	3.272750e+01	8.974881e+01
3.060000e-06	4.730885e-06	1.304957e-09	3.289463e+01	8.988890e+01
3.070000e-06	4.754681e-06	1.306145e-09	3.306009e+01	9.002383e+01
3.080000e-06	4.778224e-06	1.308249e-09	3.322379e+01	9.015382e+01
3.090000e-06	4.801492e-06	1.310372e-09	3.338557e+01	9.027905e+01
3.100000e-06	4.824503e-06	1.313533e-09	3.354557e+01	9.039972e+01
3.110000e-06	4.847153e-06	1.316908e-09	3.370306e+01	9.051601e+01
3.120000e-06	4.869418e-06	1.318940e-09	3.385788e+01	9.062810e+01
3.130000e-06	4.891391e-06	1.319771e-09	3.401066e+01	9.073614e+01
3.140000e-06	4.913058e-06	1.320073e-09	3.416131e+01	9.084030e+01
3.150000e-06	4.934463e-06	1.322073e-09	3.431014e+01	9.094073e+01
3.160000e-06	4.955609e-06	1.325383e-09	3.445717e+01	9.103756e+01
3.170000e-06	4.976334e-06	1.328408e-09	3.460128e+01	9.113093e+01
3.180000e-06	4.996601e-06	1.330257e-09	3.474220e+01	9.122095e+01
3.190000e-06	5.016563e-06	1.331043e-09	3.488100e+01	9.130773e+01
3.200000e-06	5.036327e-06	1.334058e-09	3.501842e+01	9.139138e+01
3.210000e-06	5.055922e-06	1.337428e-09	3.515467e+01	9.147199e+01
3.220000e-06	5.075264e-06	1.339673e-09	3.528916e+01	9.154964e+01
3.230000e-06	5.094322e-06	1.341091e-09	3.542167e+01	9.162440e+01
3.240000e-06	5.112977e-06	1.341308e-09	3.555138e+01	9.169634e+01
3.250000e-06	5.131101e-06	1.342520e-09	3.567740e+01	9.176550e+01
3.260000e-06	5.148843e-06	1.343312e-09	3.580076e+01	9.183193e+01
3.270000e-06	5.166143e-06	1.343778e-09	3.592106e+01	9.189568e+01
3.280000e-06	5.183061e-06	1.344991e-09	3.603869e+01	9.195676e+01
3.290000e-06	5.199755e-06	1.346919e-09	3.615476e+01	9.201520e+01
3.300000e-06	5.216170e-06	1.349945e-09	3.626890e+01	9.207101e+01
3.310000e-06	5.232281e-06	1.350904e-09	3.638092e+01	9.212420e+01
3.320000e-06	5.247867e-06	1.351483e-09	3.648930e+01	9.217476e+01
3.330000e-06	5.262780e-06	1.354017e-09	3.659299e+01	9.222270e+01
3.340000e-06	5.277213e-06	1.356864e-09	3.669334e+01	9.226798e+01
3.350000e-06	5.291278e-06	1.359461e-09	3.679114e+01	9.231060e+01
3.360000e-06	5.305002e-06	1.362903e-09	3.688657e+01	9.235053e+01
3.370000e-06	5.318378e-06	1.367126e-09	3.697957e+01	9.238773e+01
3.380000e-06	5.331375e-06	1.369098e-09	3.706994e+01	9.242218e+01
3.390000e-06	5.343952e-06	1.369224e-09	3.715739e+01	9.245384e+01
3.400000e-06	5.356122e-06	1.369932e-09	3.724201e+01	9.248266e+01
3.410000e-06	5.367955e-06	1.373872e-09	3.732429e+01	9.250859e+01
3.420000e-06	5.379465e-06	1.378449e-09	3.740432e+01	9.253160e+01
3.430000e-06	5.390546e-06	1.381808e-09	3.748136e+01	9.255162e+01
3.440000e-06	5.401127e-06	1.384280e-09	3.755494e+01	9.256861e+01
3.450000e-06	5.411231e-06	1.385190e-09	3.762519e+01	9.258251e+01
3.460000e-06	5.420751e-06	1.382719e-09	3.769139e+01	9.259326e+01
3.470000e-06	5.429620e-06	1.379868e-09	3.775305e+01	9.260080e+01
3.480000e-06	5.437957e-06	1.379597e-09	3.781102e+01	9.260509e+01
3.490000e-06	5.445936e-06	1.382866e-09	3.786650e+01	9.260606e+01
3.500000e-06	5.453615e-06	1.386709e-09	3.791990e+01	9.260365e+01
3.510000e-06	5.461042e-06	1.388329e-09	3.797153e+01	9.259782e+01
3.520000e-06	5.468171e-06	1.388106e-09	3.802110e+01	9.258850e+01
3.530000e-06	5.474861e-06	1.387949e-09	3.806762e+01	9.257565e+01
3.540000e-06	5.481222e-06	1.387353e-09	3.811185e+01	9.255923e+01
3.550000e-06	5.487272e-06	1.386802e-09	3.815392e+01	9.253917e+01
3.560000e-06	5.492837e-06	1.388168e-09	3.819261e+01	9.251546e+01
3.570000e-06	5.497964e-06	1.391873e-09	3.822826e+01	9.248804e+01
3.580000e-06	5.502729e-06	1.394727e-09	3.826139e+01	9.245690e+01
3.590000e-06	5.507131e-06	1.394146e-09	3.829200e+01	9.242200e+01
3.600000e-06	5.511179e-06	1.392936e-09	3.832014e+01	9.238333e+01
3.610000e-06	5.514950e-06	1.392629e-09	3.834636e+01	9.234087e+01
3.620000e-06	5.518573e-06	1.393626e-09	3.837156e+01	9.229463e+01
3.630000e-06	5.521959e-06	1.395582e-09	3.839510e+01	9.224460e+01
3.640000e-06	5.524949e-06	1.397123e-09	3.841589e+01	9.219079e+01
3.650000e-06	5.527409e-06	1.398922e-09	3.843300e+01	9.213324e+01
3.660000e-06	5.529209e-06	1.401653e-09	3.844551e+01	9.207196e+01
3.670000e-06	5.530435e-06	1.403158e-09	3.845404e+01	9.200700e+01
3.680000e-06	5.531125e-06	1.405175e-09	3.845884e+01	9.193841e+01
3.690000e-06	5.531293e-06	1.408256e-09	3.846000e+01	9.186623e+01
3.700000e-06	5.531159e-06	1.411653e-09	3.845907e+01	9.179055e+01
3.710000e-06	5.530794e-06	1.412366e-09	3.845653e+01	9.171143e+01
3.720000e-06	5.530135e-06	1.411144e-09	3.845195e+01	9.162896e+01
3.730000e-06	5.529082e-06	1.409176e-09	3.844463e+01	9.154325e+01
3.740000e-06	5.527655e-06	1.410495e-09	3.843470e+01	9.145439e+01
3.750000e-06	5.525876e-06	1.424821e-09	3.842234e+01	9.136249e+01
3.760000e-06	5.523751e-06	1.444662e-09	3.840756e+01	9.126769e+01
3.770000e-06	5.521392e-06	1.433179e-09	3.839116e+01	9.117010e+01
3.780000e-06	5.518743e-06	1.352892e-09	3.837274e+01	9.106987e+01
3.790000e-06	5.515585e-06	1.248734e-09	3.835078e+01	9.096713e+01
3.800000e-06	5.511865e-06	1.269108e-09	3.832492e+01	9.086204e+01
3.810000e-06	5.507718e-06	1.413366e-09	3.829608e+01	9.075475e+01
3.820000e-06	5.503377e-06	1.478272e-09	3.826590e+01	9.064540e+01
3.830000e-06	5.498992e-06	1.402097e-09	3.823541e+01	9.053416e+01
3.840000e-06	5.494227e-06	1.339177e-09	3.820228e+01	9.042117e+01
3.850000e-06	5.488659e-06	1.402022e-09	3.816356e+01	9.030661e+01
3.860000e-06	5.482672e-06	1.399422e-09	3.812194e+01	9.019062e+01
3.870000e-06	5.476525e-06	1.297850e-09	3.807919e+01	9.007335e+01
3.880000e-06	5.469864e-06	1.299287e-09	3.803288e+01	8.995494e+01
3.890000e-06	5.462592e-06	1.472552e-09	3.798232e+01	8.983554e+01
3.900000e-06	5.454844e-06	1.530840e-09	3.792844e+01	8.971528e+01
3.910000e-06	5.446742e-06	1.341107e-09	3.787211e+01	8.959427e+01
3.920000e-06	5.438218e-06	1.233262e-09	3.781283e+01	8.947264e+01
3.930000e-06	5.429279e-06	1.349189e-09	3.775068e+01	8.935047e+01
3.940000e-06	5.420107e-06	1.459062e-09	3.768691e+01	8.922785e+01
3.950000e-06	5.410725e-06	1.371495e-09	3.762167e+01	8.910486e+01
3.960000e-06	5.400884e-06	1.331895e-09	3.755325e+01	8.898154e+01
3.970000e-06	5.390521e-06	1.388920e-09	3.748119e+01	8.885794e+01
3.980000e-06	5.379880e-06	1.401172e-09	3.740720e+01	8.873408e+01
3.990000e-06	5.368981e-06	1.317883e-09	3.733142e+01	8.860995e+01
4.000000e-06	5.357591e-06	1.323633e-09	3.725222e+01	8.848554e+01
4.010000e-06	5.345713e-06	1.383805e-09	3.716963e+01	8.836081e+01
4.020000e-06	5.333539e-06	1.369461e-09	3.708499e+01	8.823570e+01
4.030000e-06	5.320916e-06	1.321870e-09	3.699722e+01	8.811014e+01
4.040000e-06	5.307700e-06	1.341962e-09	3.690532e+01	8.798401e+01
4.050000e-06	5.294103e-06	1.377588e-09	3.681078e+01	8.785722e+01
4.060000e-06	5.280116e-06	1.338211e-09	3.671352e+01	8.772961e+01
4.070000e-06	5.265398e-06	1.297420e-09	3.661119e+01	8.760103e+01
4.080000e-06	5.250044e-06	1.332209e-09	3.650443e+01	8.747129e+01
4.090000e-06	5.234324e-06	1.394503e-09	3.639512e+01	8.734022e+01
4.100000e-06	5.218215e-06	1.366574e-09	3.628312e+01	8.720758e+01
4.110000e-06	5.201777e-06	1.300999e-09	3.616882e+01	8.707317e+01
4.120000e-06	5.185173e-06	1.311676e-09	3.605337e+01	8.693674e+01
4.130000e-06	5.168262e-06	1.369106e-09	3.593578e+01	8.679804e+01
4.140000e-06	5.150870e-06	1.338485e-09	3.581486e+01	8.665680e+01
4.150000e-06	5.133120e-06	1.307478e-09	3.569144e+01	8.651276e+01
4.160000e-06	5.115059e-06	1.344382e-09	3.556586e+01	8.636565e+01
4.170000e-06	5.096629e-06	1.360298e-09	3.543771e+01	8.621517e+01
4.180000e-06	5.077863e-06	1.303734e-09	3.530723e+01	8.606107e+01
4.190000e-06	5.058770e-06	1.315523e-09	3.517447e+01	8.590304e+01
4.200000e-06	5.039267e-06	1.358590e-09	3.503887e+01	8.574081e+01
4.210000e-06	5.019427e-06	1.329009e-09	3.490091e+01	8.557412e+01
4.220000e-06	4.999376e-06	1.290817e-09	3.476149e+01	8.540269e+01
4.230000e-06	4.979187e-06	1.323284e-09	3.462112e+01	8.522627e+01
4.240000e-06	4.958764e-06	1.328301e-09	3.447911e+01	8.504462e+01
4.250000e-06	4.938043e-06	1.302313e-09	3.433504e+01	8.485751e+01
4.260000e-06	4.916929e-06	1.308846e-09	3.418823e+01	8.466473e+01
4.270000e-06	4.895208e-06	1.310545e-09	3.403720e+01	8.446608e+01
4.280000e-06	4.872838e-06	1.285744e-09	3.388166e+01	8.426140e+01
4.290000e-06	4.849948e-06	1.296147e-09	3.372250e+01	8.405051e+01
4.300000e-06	4.826594e-06	1.308225e-09	3.356012e+01	8.383331e+01
4.310000e-06	4.802858e-06	1.282709e-09	3.339507e+01	8.360968e+01
4.320000e-06	4.778853e-06	1.272019e-09	3.322816e+01	8.337955e+01
4.330000e-06	4.754601e-06	1.291759e-09	3.305953e+01	8.314286e+01
4.340000e-06	4.730080e-06	1.291957e-09	3.288904e+01	8.289959e+01
4.350000e-06	4.705299e-06	1.273702e-09	3.271673e+01	8.264973e+01
4.360000e-06	4.680218e-06	1.268238e-09	3.254233e+01	8.239332e+01
4.370000e-06	4.654722e-06	1.262959e-09	3.236506e+01	8.213042e+01
4.380000e-06	4.628873e-06	1.254984e-09	3.218532e+01	8.186109e+01
4.390000e-06	4.602816e-06	1.254901e-09	3.200415e+01	8.158546e+01
4.400000e-06	4.576515e-06	1.265474e-09	3.182127e+01	8.130365e+01
4.410000e-06	4.549799e-06	1.262676e-09	3.163551e+01	8.101582e+01
4.420000e-06	4.522672e-06	1.248484e-09	3.144689e+01	8.072215e+01
4.430000e-06	4.495230e-06	1.242903e-09	3.125608e+01	8.042283e+01
4.440000e-06	4.467490e-06	1.250888e-09	3.106321e+01	8.011808e+01
4.450000e-06	4.439524e-06	1.245792e-09	3.086875e+01	7.980813e+01
4.460000e-06	4.411381e-06	1.235072e-09	3.067307e+01	7.949324e+01
4.470000e-06	4.383065e-06	1.231405e-09	3.047618e+01	7.917365e+01
4.480000e-06	4.354586e-06	1.232164e-09	3.027816e+01	7.884963e+01
4.490000e-06	4.325819e-06	1.226704e-09	3.007814e+01	7.852146e+01
4.500000e-06	4.296631e-06	1.222726e-09	2.987519e+01	7.818941e+01
4.510000e-06	4.266974e-06	1.214726e-09	2.966898e+01	7.785375e+01
4.520000e-06	4.236779e-06	1.207097e-09	2.945903e+01	7.751477e+01
4.530000e-06	4.206082e-06	1.202631e-09	2.924559e+01	7.717273e+01
4.540000e-06	4.174929e-06	1.207358e-09	2.902898e+01	7.682789e+01
4.550000e-06	4.143396e-06	1.208345e-09	2.880972e+01	7.648050e+01
4.560000e-06	4.111625e-06	1.200295e-09	2.858881e+01	7.613080e+01
4.570000e-06	4.079663e-06	1.189029e-09	2.836658e+01	7.577901e+01
4.580000e-06	4.047470e-06	1.184095e-09	2.814274e+01	7.542533e+01
4.590000e-06	4.015087e-06	1.179508e-09	2.791757e+01	7.506993e+01
4.600000e-06	3.982482e-06	1.171522e-09	2.769086e+01	7.471299e+01
4.610000e-06	3.949554e-06	1.164380e-09	2.746191e+01	7.435464e+01
4.620000e-06	3.916394e-06	1.159636e-09	2.723134e+01	7.399498e+01
4.630000e-06	3.882947e-06	1.156496e-09	2.699878e+01	7.363409e+01
4.640000e-06	3.849165e-06	1.158047e-09	2.676388e+01	7.327204e+01
4.650000e-06	3.815211e-06	1.160095e-09	2.652780e+01	7.290884e+01
4.660000e-06	3.781048e-06	1.151119e-09	2.629026e+01	7.254449e+01
4.670000e-06	3.746573e-06	1.139662e-09	2.605055e+01	7.217895e+01
4.680000e-06	3.711778e-06	1.135316e-09	2.580861e+01	7.181216e+01
4.690000e-06	3.676734e-06	1.136721e-09	2.556494e+01	7.144403e+01
4.700000e-06	3.641516e-06	1.135689e-09	2.532007e+01	7.107444e+01
4.710000e-06	3.606065e-06	1.132005e-09	2.507357e+01	7.070323e+01
4.720000e-06	3.570328e-06	1.125794e-09	2.482508e+01	7.033022e+01
4.730000e-06	3.534375e-06	1.119681e-09	2.457510e+01	6.995523e+01
4.740000e-06	3.498310e-06	1.113723e-09	2.432433e+01	6.957802e+01
4.750000e-06	3.462141e-06	1.106853e-09	2.407284e+01	6.919836e+01
4.760000e-06	3.425820e-06	1.097628e-09	2.382030e+01	6.881597e+01
4.770000e-06	3.389278e-06	1.091499e-09	2.356622e+01	6.843058e+01
4.780000e-06	3.352401e-06	1.087624e-09	2.330980e+01	6.804189e+01
4.790000e-06	3.315239e-06	1.085911e-09	2.305141e+01	6.764961e+01
4.800000e-06	3.277773e-06	1.081246e-09	2.279090e+01	6.725341e+01
4.810000e-06	3.239895e-06	1.075847e-09	2.252753e+01	6.685297e+01
4.820000e-06	3.201685e-06	1.069392e-09	2.226185e+01	6.644797e+01
4.830000e-06	3.163142e-06	1.063578e-09	2.199385e+01	6.603809e+01
4.840000e-06	3.124172e-06	1.058465e-09	2.172289e+01	6.562301e+01
4.850000e-06	3.084849e-06	1.053291e-09	2.144947e+01	6.520240e+01
4.860000e-06	3.045299e-06	1.046124e-09	2.117447e+01	6.477596e+01
4.870000e-06	3.005507e-06	1.037267e-09	2.089779e+01	6.434339e+01
4.880000e-06	2.965549e-06	1.029179e-09	2.061995e+01	6.390440e+01
4.890000e-06	2.925486e-06	1.024252e-09	2.034139e+01	6.345872e+01
4.900000e-06	2.885252e-06	1.020840e-09	2.006164e+01	6.300608e+01
4.910000e-06	2.844900e-06	1.014891e-09	1.978107e+01	6.254624e+01
4.920000e-06	2.804423e-06	1.006154e-09	1.949962e+01	6.207899e+01
4.930000e-06	2.763808e-06	9.986891e-10	1.921722e+01	6.160411e+01
4.940000e-06	2.723045e-06	9.915875e-10	1.893379e+01	6.112143e+01
4.950000e-06	2.682053e-06	9.821940e-10	1.864876e+01	6.063079e+01
4.960000e-06	2.640875e-06	9.743409e-10	1.836245e+01	6.013203e+01
4.970000e-06	2.599493e-06	9.684320e-10	1.807471e+01	5.962505e+01
4.980000e-06	2.557921e-06	9.653166e-10	1.778565e+01	5.910974e+01
4.990000e-06	2.516223e-06	9.617639e-10	1.749572e+01	5.858601e+01
5.000000e-06	2.474312e-06	9.541044e-10	1.720430e+01	5.805381e+01
5.010000e-06	2.432227e-06	9.429057e-10	1.691168e+01	5.751310e+01
5.020000e-06	2.390055e-06	9.306824e-10	1.661845e+01	5.696382e+01
5.030000e-06	2.347711e-06	9.197192e-10	1.632403e+01	5.640598e+01
5.040000e-06	2.305177e-06	9.106989e-10	1.602828e+01	5.583956e+01
5.050000e-06	2.262485e-06	9.064325e-10	1.573144e+01	5.526456e+01
5.060000e-06	2.219620e-06	9.030170e-10	1.543339e+01	5.468098e+01
5.070000e-06	2.176597e-06	8.979601e-10	1.513425e+01	5.408885e+01
5.080000e-06	2.133364e-06	8.905680e-10	1.483364e+01	5.348816e+01
5.090000e-06	2.089927e-06	8.780321e-10	1.453161e+01	5.287893e+01
5.100000e-06	2.046420e-06	8.653818e-10	1.422910e+01	5.226115e+01
5.110000e-06	2.002807e-06	8.517626e-10	1.392585e+01	5.163482e+01
5.120000e-06	1.959059e-06	8.414951e-10	1.362166e+01	5.099991e+01
5.130000e-06	1.915195e-06	8.345347e-10	1.331667e+01	5.035640e+01
5.140000e-06	1.871237e-06	8.334171e-10	1.301102e+01	4.970423e+01
5.150000e-06	1.827190e-06	8.306742e-10	1.270476e+01	4.904332e+01
5.160000e-06	1.783061e-06	8.224453e-10	1.239792e+01	4.837359e+01
5.170000e-06	1.738898e-06	8.094747e-10	1.209085e+01	4.769492e+01
5.180000e-06	1.694689e-06	7.947812e-10	1.178346e+01	4.700715e+01
5.190000e-06	1.650392e-06	7.804794e-10	1.147545e+01	4.631010e+01
5.200000e-06	1.605985e-06	7.675998e-10	1.116668e+01	4.560358e+01
5.210000e-06	1.561463e-06	7.571395e-10	1.085711e+01	4.488735e+01
5.220000e-06	1.516851e-06	7.456380e-10	1.054692e+01	4.416113e+01
5.230000e-06	1.472186e-06	7.378008e-10	1.023635e+01	4.342462e+01
5.240000e-06	1.427430e-06	7.283157e-10	9.925158e+00	4.267749e+01
5.250000e-06	1.382648e-06	7.150149e-10	9.613781e+00	4.191937e+01
5.260000e-06	1.337876e-06	7.015921e-10	9.302474e+00	4.114986e+01
5.270000e-06	1.292973e-06	6.907390e-10	8.990255e+00	4.036854e+01
5.280000e-06	1.247917e-06	6.786567e-10	8.676976e+00	3.957495e+01
5.290000e-06	1.202719e-06	6.646405e-10	8.362704e+00	3.876861e+01
5.300000e-06	1.157316e-06	6.510017e-10	8.047013e+00	3.794902e+01
5.310000e-06	1.111810e-06	6.384240e-10	7.730600e+00	3.711565e+01
5.320000e-06	1.066264e-06	6.257699e-10	7.413910e+00	3.626796e+01
5.330000e-06	1.020545e-06	6.126240e-10	7.096022e+00	3.540540e+01
5.340000e-06	9.747581e-07	5.996440e-10	6.777656e+00	3.452740e+01
5.350000e-06	9.289596e-07	5.852555e-10	6.459211e+00	3.363341e+01
5.360000e-06	8.829954e-07	5.680211e-10	6.139614e+00	3.272284e+01
5.370000e-06	8.369542e-07	5.516516e-10	5.819482e+00	3.179515e+01
5.380000e-06	7.909154e-07	5.354366e-10	5.499367e+00	3.084977e+01
5.390000e-06	7.448590e-07	5.205690e-10	5.179129e+00	2.988617e+01
5.400000e-06	6.987587e-07	5.071287e-10	4.858585e+00	2.890385e+01
5.410000e-06	6.526002e-07	4.930797e-10	4.537638e+00	2.790230e+01
5.420000e-06	6.063763e-07	4.771434e-10	4.216235e+00	2.688107e+01
5.430000e-06	5.600092e-07	4.595265e-10	3.893837e+00	2.583974e+01
5.440000e-06	5.136348e-07	4.419534e-10	3.571389e+00	2.477793e+01
5.450000e-06	4.672923e-07	4.227360e-10	3.249161e+00	2.369531e+01
5.460000e-06	4.209334e-07	4.033421e-10	2.926820e+00	2.259160e+01
5.470000e-06	3.745858e-07	3.842627e-10	2.604557e+00	2.146657e+01
5.480000e-06	3.281608e-07	3.662236e-10	2.281757e+00	2.032007e+01
5.490000e-06	2.816521e-07	3.490343e-10	1.958374e+00	1.915201e+01
5.500000e-06	2.350650e-07	3.306599e-10	1.634446e+00	1.796235e+01
5.510000e-06	1.885136e-07	3.113766e-10	1.310767e+00	1.675114e+01
5.520000e-06	1.420108e-07	2.912486e-10	9.874249e-01	1.551850e+01
5.530000e-06	9.544279e-08	2.691188e-10	6.636296e-01	1.426464e+01
5.540000e-06	4.893346e-08	2.461951e-10	3.402425e-01	1.298984e+01
5.550000e-06	2.500406e-09	2.256838e-10	1.738574e-02	1.169445e+01
5.560000e-06	-4.395481e-08	2.067848e-10	-3.056251e-01	1.037893e+01
5.570000e-06	-9.050346e-08	1.865478e-10	-6.292857e-01	9.043789e+00
5.580000e-06	-1.370274e-07	1.657904e-10	-9.527740e-01	7.689647e+00
5.590000e-06	-1.835428e-07	1.437543e-10	-1.276204e+00	6.317193e+00
5.600000e-06	-2.300244e-07	1.208248e-10	-1.599398e+00	4.927197e+00
5.610000e-06	-2.764326e-07	9.726571e-11	-1.922082e+00	3.520509e+00
5.620000e-06	-3.228642e-07	7.383344e-11	-2.244929e+00	2.098054e+00
5.630000e-06	-3.693501e-07	4.945976e-11	-2.568153e+00	6.608288e-01
5.640000e-06	-4.158985e-07	2.488875e-11	-2.891812e+00	-7.900984e-01
5.650000e-06	-4.622891e-07	2.777065e-13	-3.214373e+00	-2.253596e+00
5.660000e-06	-5.085126e-07	-2.532926e-11	-3.535773e+00	-3.728471e+00
5.670000e-06	-5.547228e-07	-5.068890e-11	-3.857080e+00	-5.213475e+00
5.680000e-06	-6.009404e-07	-7.571198e-11	-4.178439e+00	-6.707309e+00
5.690000e-06	-6.470763e-07	-1.012639e-10	-4.499229e+00	-8.208630e+00
5.700000e-06	-6.931020e-07	-1.271609e-10	-4.819254e+00	-9.716056e+00
5.710000e-06	-7.391177e-07	-1.534689e-10	-5.139209e+00	-1.122817e+01
5.720000e-06	-7.850827e-07	-1.783408e-10	-5.458811e+00	-1.274354e+01
5.730000e-06	-8.309406e-07	-2.037186e-10	-5.777668e+00	-1.426070e+01
5.740000e-06	-8.767267e-07	-2.312508e-10	-6.096027e+00	-1.577817e+01
5.750000e-06	-9.224057e-07	-2.578929e-10	-6.413640e+00	-1.729449e+01
5.760000e-06	-9.680410e-07	-2.826045e-10	-6.730951e+00	-1.880818e+01
5.770000e-06	-1.013599e-06	-3.078800e-10	-7.047722e+00	-2.031776e+01
5.780000e-06	-1.059008e-06	-3.340325e-10	-7.363456e+00	-2.182180e+01
5.790000e-06	-1.104383e-06	-3.600686e-10	-7.678960e+00	-2.331885e+01
5.800000e-06	-1.149755e-06	-3.873912e-10	-7.994442e+00	-2.480752e+01
5.810000e-06	-1.195015e-06	-4.137092e-10	-8.309138e+00	-2.628644e+01
5.820000e-06	-1.240161e-06	-4.384792e-10	-8.623050e+00	-2.775428e+01
5.830000e-06	-1.285182e-06	-4.649776e-10	-8.936082e+00	-2.920976e+01
5.840000e-06	-1.330033e-06	-4.909895e-10	-9.247938e+00	-3.065165e+01
5.850000e-06	-1.374745e-06	-5.123352e-10	-9.558829e+00	-3.207878e+01
5.860000e-06	-1.419430e-06	-5.323448e-10	-9.869534e+00	-3.349004e+01
5.870000e-06	-1.464047e-06	-5.546383e-10	-1.017976e+01	-3.488437e+01
5.880000e-06	-1.508482e-06	-5.771863e-10	-1.048872e+01	-3.626080e+01
5.890000e-06	-1.552865e-06	-5.979421e-10	-1.079733e+01	-3.761842e+01
5.900000e-06	-1.597223e-06	-6.181003e-10	-1.110576e+01	-3.895639e+01
5.910000e-06	-1.641525e-06	-6.366871e-10	-1.141380e+01	-4.027396e+01
5.920000e-06	-1.685758e-06	-6.547166e-10	-1.172135e+01	-4.157043e+01
5.930000e-06	-1.729895e-06	-6.743720e-10	-1.202825e+01	-4.284522e+01
5.940000e-06	-1.773974e-06	-6.962016e-10	-1.233474e+01	-4.409778e+01
5.950000e-06	-1.818029e-06	-7.187272e-10	-1.264106e+01	-4.532768e+01
5.960000e-06	-1.862019e-06	-7.419006e-10	-1.294693e+01	-4.653455e+01
5.970000e-06	-1.905944e-06	-7.615019e-10	-1.325235e+01	-4.771808e+01
5.980000e-06	-1.949828e-06	-7.792096e-10	-1.355748e+01	-4.887808e+01
5.990000e-06	-1.993527e-06	-7.958417e-10	-1.386132e+01	-5.001438e+01
6.000000e-06	-2.037056e-06	-8.109120e-10	-1.416399e+01	-5.112691e+01
6.010000e-06	-2.080494e-06	-8.275984e-10	-1.446602e+01	-5.221567e+01
6.020000e-06	-2.123758e-06	-8.454041e-10	-1.476684e+01	-5.328073e+01
6.030000e-06	-2.166837e-06	-8.647772e-10	-1.506638e+01	-5.432218e+01
6.040000e-06	-2.209703e-06	-8.846545e-10	-1.536444e+01	-5.534022e+01
6.050000e-06	-2.252342e-06	-9.031364e-10	-1.566091e+01	-5.633508e+01
6.060000e-06	-2.294847e-06	-9.154524e-10	-1.595645e+01	-5.730702e+01
6.070000e-06	-2.337225e-06	-9.262344e-10	-1.625112e+01	-5.825638e+01
6.080000e-06	-2.379523e-06	-9.397626e-10	-1.654522e+01	-5.918352e+01
6.090000e-06	-2.421711e-06	-9.573895e-10	-1.683856e+01	-6.008884e+01
6.100000e-06	-2.463719e-06	-9.771744e-10	-1.713065e+01	-6.097278e+01
6.110000e-06	-2.505629e-06	-9.940769e-10	-1.742206e+01	-6.183577e+01
6.120000e-06	-2.547339e-06	-1.009834e-09	-1.771207e+01	-6.267832e+01
6.130000e-06	-2.588765e-06	-1.025752e-09	-1.800012e+01	-6.350090e+01
6.140000e-06	-2.629947e-06	-1.037793e-09	-1.828646e+01	-6.430403e+01
6.150000e-06	-2.670900e-06	-1.047566e-09	-1.857122e+01	-6.508823e+01
6.160000e-06	-2.711673e-06	-1.058996e-09	-1.885472e+01	-6.585401e+01
6.170000e-06	-2.752223e-06	-1.072128e-09	-1.913666e+01	-6.660191e+01
6.180000e-06	-2.792624e-06	-1.086353e-09	-1.941758e+01	-6.733243e+01
6.190000e-06	-2.832966e-06	-1.101998e-09	-1.969809e+01	-6.804609e+01
6.200000e-06	-2.873204e-06	-1.117184e-09	-1.997787e+01	-6.874340e+01
6.210000e-06	-2.913309e-06	-1.130017e-09	-2.025672e+01	-6.942483e+01
6.220000e-06	-2.953221e-06	-1.139200e-09	-2.053424e+01	-7.009087e+01
6.230000e-06	-2.993014e-06	-1.146075e-09	-2.081092e+01	-7.074198e+01
6.240000e-06	-3.032744e-06	-1.153934e-09	-2.108717e+01	-7.137858e+01
6.250000e-06	-3.072303e-06	-1.162899e-09	-2.136223e+01	-7.200111e+01
6.260000e-06	-3.111544e-06	-1.173660e-09	-2.163508e+01	-7.260995e+01
6.270000e-06	-3.150473e-06	-1.184756e-09	-2.190577e+01	-7.320548e+01
6.280000e-06	-3.188974e-06	-1.197131e-09	-2.217347e+01	-7.378804e+01
6.290000e-06	-3.227027e-06	-1.208412e-09	-2.243806e+01	-7.435796e+01
6.300000e-06	-3.264736e-06	-1.216275e-09	-2.270025e+01	-7.491554e+01
6.310000e-06	-3.302034e-06	-1.222444e-09	-2.295959e+01	-7.546106e+01
6.320000e-06	-3.338882e-06	-1.227392e-09	-2.321581e+01	-7.599476e+01
6.330000e-06	-3.375430e-06	-1.234537e-09	-2.346993e+01	-7.651688e+01
6.340000e-06	-3.411860e-06	-1.241920e-09	-2.372323e+01	-7.702763e+01
6.350000e-06	-3.448159e-06	-1.248040e-09	-2.397563e+01	-7.752719e+01
6.360000e-06	-3.484360e-06	-1.254174e-09	-2.422733e+01	-7.801573e+01
6.370000e-06	-3.520422e-06	-1.262573e-09	-2.447808e+01	-7.849340e+01
6.380000e-06	-3.556293e-06	-1.271934e-09	-2.472750e+01	-7.896034e+01
6.390000e-06	-3.591969e-06	-1.278344e-09	-2.497556e+01	-7.941666e+01
6.400000e-06	-3.627395e-06	-1.283856e-09	-2.522189e+01	-7.986247e+01
6.410000e-06	-3.662593e-06	-1.287649e-09	-2.546662e+01	-8.029787e+01
6.420000e-06	-3.697562e-06	-1.292695e-09	-2.570977e+01	-8.072293e+01
6.430000e-06	-3.732175e-06	-1.299175e-09	-2.595044e+01	-8.113775e+01
6.440000e-06	-3.766485e-06	-1.307553e-09	-2.618900e+01	-8.154238e+01
6.450000e-06	-3.800606e-06	-1.315846e-09	-2.642624e+01	-8.193690e+01
6.460000e-06	-3.834470e-06	-1.322416e-09	-2.666171e+01	-8.232137e+01
6.470000e-06	-3.868033e-06	-1.326873e-09	-2.689508e+01	-8.269586e+01
6.480000e-06	-3.901286e-06	-1.327801e-09	-2.712629e+01	-8.306044e+01
6.490000e-06	-3.934227e-06	-1.330788e-09	-2.735534e+01	-8.341518e+01
6.500000e-06	-3.966911e-06	-1.337923e-09	-2.758259e+01	-8.376014e+01
6.510000e-06	-3.999339e-06	-1.346245e-09	-2.780807e+01	-8.409541e+01
6.520000e-06	-4.031559e-06	-1.355392e-09	-2.803210e+01	-8.442107e+01
6.530000e-06	-4.063655e-06	-1.362765e-09	-2.825527e+01	-8.473721e+01
6.540000e-06	-4.095561e-06	-1.367812e-09	-2.847712e+01	-8.504394e+01
6.550000e-06	-4.127218e-06	-1.372286e-09	-2.869724e+01	-8.534135e+01
6.560000e-06	-4.158528e-06	-1.376713e-09	-2.891494e+01	-8.562957e+01
6.570000e-06	-4.189432e-06	-1.382471e-09	-2.912982e+01	-8.590872e+01
6.580000e-06	-4.219829e-06	-1.385966e-09	-2.934118e+01	-8.617894e+01
6.590000e-06	-4.249681e-06	-1.388194e-09	-2.954874e+01	-8.644037e+01
6.600000e-06	-4.279008e-06	-1.390978e-09	-2.975266e+01	-8.669317e+01
6.610000e-06	-4.307850e-06	-1.396329e-09	-2.995320e+01	-8.693750e+01
6.620000e-06	-4.336408e-06	-1.403242e-09	-3.015177e+01	-8.717352e+01
6.630000e-06	-4.364768e-06	-1.409765e-09	-3.034896e+01	-8.740143e+01
6.640000e-06	-4.392953e-06	-1.413752e-09	-3.054494e+01	-8.762141e+01
6.650000e-06	-4.421001e-06	-1.415224e-09	-3.073996e+01	-8.783365e+01
6.660000e-06	-4.448862e-06	-1.415290e-09	-3.093368e+01	-8.803836e+01
6.670000e-06	-4.476392e-06	-1.416570e-09	-3.112510e+01	-8.823573e+01
6.680000e-06	-4.503576e-06	-1.418093e-09	-3.131412e+01	-8.842599e+01
6.690000e-06	-4.530477e-06	-1.419170e-09	-3.150116e+01	-8.860934e+01
6.700000e-06	-4.557035e-06	-1.419648e-09	-3.168582e+01	-8.878600e+01
6.710000e-06	-4.583260e-06	-1.420249e-09	-3.186817e+01	-8.895620e+01
6.720000e-06	-4.609208e-06	-1.421044e-09	-3.204859e+01	-8.912014e+01
6.730000e-06	-4.634789e-06	-1.423160e-09	-3.222646e+01	-8.927804e+01
6.740000e-06	-4.660026e-06	-1.427797e-09	-3.240194e+01	-8.943014e+01
6.750000e-06	-4.684935e-06	-1.430630e-09	-3.257514e+01	-8.957663e+01
6.760000e-06	-4.709520e-06	-1.432896e-09	-3.274608e+01	-8.971773e+01
6.770000e-06	-4.733889e-06	-1.435946e-09	-3.291552e+01	-8.985364e+01
6.780000e-06	-4.758078e-06	-1.438897e-09	-3.308371e+01	-8.998458e+01
6.790000e-06	-4.781998e-06	-1.440867e-09	-3.325003e+01	-9.011073e+01
6.800000e-06	-4.805617e-06	-1.441517e-09	-3.341425e+01	-9.023229e+01
6.810000e-06	-4.828925e-06	-1.441060e-09	-3.357632e+01	-9.034944e+01
6.820000e-06	-4.851797e-06	-1.442282e-09	-3.373535e+01	-9.046235e+01
6.830000e-06	-4.874112e-06	-1.444335e-09	-3.389052e+01	-9.057120e+01
6.840000e-06	-4.895761e-06	-1.446789e-09	-3.404104e+01	-9.067613e+01
6.850000e-06	-4.916828e-06	-1.448757e-09	-3.418753e+01	-9.077731e+01
6.860000e-06	-4.937515e-06	-1.454178e-09	-3.433137e+01	-9.087487e+01
6.870000e-06	-4.957901e-06	-1.455776e-09	-3.447311e+01	-9.096894e+01
6.880000e-06	-4.978052e-06	-1.453259e-09	-3.461323e+01	-9.105965e+01
6.890000e-06	-4.998041e-06	-1.449430e-09	-3.475221e+01	-9.114711e+01
6.900000e-06	-5.017863e-06	-1.446609e-09	-3.489004e+01	-9.123142e+01
6.910000e-06	-5.037334e-06	-1.448467e-09	-3.502542e+01	-9.131267e+01
6.920000e-06	-5.056365e-06	-1.452041e-09	-3.515775e+01	-9.139094e+01
6.930000e-06	-5.075019e-06	-1.456221e-09	-3.528745e+01	-9.146632e+01
6.940000e-06	-5.093381e-06	-1.458100e-09	-3.541513e+01	-9.153886e+01
6.950000e-06	-5.111491e-06	-1.458615e-09	-3.554105e+01	-9.160862e+01
6.960000e-06	-5.129268e-06	-1.455944e-09	-3.566466e+01	-9.167565e+01
6.970000e-06	-5.146657e-06	-1.451262e-09	-3.578557e+01	-9.173998e+01
6.980000e-06	-5.163666e-06	-1.448920e-09	-3.590383e+01	-9.180164e+01
6.990000e-06	-5.180318e-06	-1.450229e-09	-3.601962e+01	-9.186066e+01
7.000000e-06	-5.196646e-06	-1.452628e-09	-3.613315e+01	-9.191705e+01
7.010000e-06	-5.212690e-06	-1.457225e-09	-3.624470e+01	-9.197081e+01
7.020000e-06	-5.228404e-06	-1.462521e-09	-3.635397e+01	-9.202195e+01
7.030000e-06	-5.243771e-06	-1.462265e-09	-3.646081e+01	-9.207046e+01
7.040000e-06	-5.258654e-06	-1.457386e-09	-3.656430e+01	-9.211633e+01
7.050000e-06	-5.272894e-06	-1.452261e-09	-3.666331e+01	-9.215953e+01
7.060000e-06	-5.286396e-06	-1.447912e-09	-3.675720e+01	-9.220005e+01
7.070000e-06	-5.299332e-06	-1.447450e-09	-3.684714e+01	-9.223785e+01
7.080000e-06	-5.311946e-06	-1.449162e-09	-3.693485e+01	-9.227290e+01
7.090000e-06	-5.324266e-06	-1.452477e-09	-3.702051e+01	-9.230516e+01
7.100000e-06	-5.336217e-06	-1.454167e-09	-3.710360e+01	-9.233460e+01
7.110000e-06	-5.347734e-06	-1.452353e-09	-3.718369e+01	-9.236116e+01
7.120000e-06	-5.358884e-06	-1.447691e-09	-3.726122e+01	-9.238480e+01
7.130000e-06	-5.369589e-06	-1.441707e-09	-3.733565e+01	-9.240546e+01
7.140000e-06	-5.379897e-06	-1.438094e-09	-3.740732e+01	-9.242310e+01
7.150000e-06	-5.389940e-06	-1.437692e-09	-3.747715e+01	-9.243765e+01
7.160000e-06	-5.399619e-06	-1.440509e-09	-3.754445e+01	-9.244907e+01
7.170000e-06	-5.408849e-06	-1.443202e-09	-3.760863e+01	-9.245729e+01
7.180000e-06	-5.417768e-06	-1.444510e-09	-3.767064e+01	-9.246226e+01
7.190000e-06	-5.426371e-06	-1.444614e-09	-3.773046e+01	-9.246393e+01
7.200000e-06	-5.434670e-06	-1.443443e-09	-3.778816e+01	-9.246223e+01
7.210000e-06	-5.442790e-06	-1.442570e-09	-3.784463e+01	-9.245711e+01
7.220000e-06	-5.450627e-06	-1.439810e-09	-3.789912e+01	-9.244851e+01
7.230000e-06	-5.458056e-06	-1.435868e-09	-3.795077e+01	-9.243640e+01
7.240000e-06	-5.465044e-06	-1.434373e-09	-3.799936e+01	-9.242071e+01
7.250000e-06	-5.471368e-06	-1.433220e-09	-3.804333e+01	-9.240140e+01
7.260000e-06	-5.477003e-06	-1.430990e-09	-3.808252e+01	-9.237844e+01
7.270000e-06	-5.482089e-06	-1.428063e-09	-3.811788e+01	-9.235178e+01
7.280000e-06	-5.486737e-06	-1.425375e-09	-3.815020e+01	-9.232140e+01
7.290000e-06	-5.491114e-06	-1.422876e-09	-3.818063e+01	-9.228727e+01
7.300000e-06	-5.495261e-06	-1.420178e-09	-3.820946e+01	-9.224936e+01
7.310000e-06	-5.499157e-06	-1.416654e-09	-3.823656e+01	-9.220768e+01
7.320000e-06	-5.502675e-06	-1.413396e-09	-3.826102e+01	-9.216220e+01
7.330000e-06	-5.505831e-06	-1.410624e-09	-3.828296e+01	-9.211294e+01
7.340000e-06	-5.508581e-06	-1.409087e-09	-3.830208e+01	-9.205991e+01
7.350000e-06	-5.510966e-06	-1.408557e-09	-3.831867e+01	-9.200312e+01
7.360000e-06	-5.513109e-06	-1.407767e-09	-3.833356e+01	-9.194260e+01
7.370000e-06	-5.514832e-06	-1.404464e-09	-3.834554e+01	-9.187839e+01
7.380000e-06	-5.516059e-06	-1.397648e-09	-3.835408e+01	-9.181053e+01
7.390000e-06	-5.516894e-06	-1.390519e-09	-3.835989e+01	-9.173909e+01
7.400000e-06	-5.517439e-06	-1.386523e-09	-3.836367e+01	-9.166412e+01
