# Temperatura_=_12.84
# Concentracion g/m^3_=_1620.0
# C_Vs_to_Am_M_A/Vsm_=_65563218390.804596
# pendiente_HvsI_1/m_=_3716.3
# ordenada_HvsI_A/m_=_1297.0
# frecuencia_Hz_=_135093.32786477575

Tiempo_(s)	Campo_(V.s)	Magnetizacion_(V.s)	Campo_(kA/m)	Magnetizacion_(A/m)
0.000000e+00	-5.499245e-06	-1.621112e-09	-3.836756e+01	-1.047556e+02
1.000000e-08	-5.499479e-06	-1.621063e-09	-3.836920e+01	-1.047882e+02
2.000000e-08	-5.499396e-06	-1.622754e-09	-3.836861e+01	-1.048176e+02
3.000000e-08	-5.498896e-06	-1.622576e-09	-3.836513e+01	-1.048435e+02
4.000000e-08	-5.497932e-06	-1.617202e-09	-3.835840e+01	-1.048654e+02
5.000000e-08	-5.496434e-06	-1.604328e-09	-3.834795e+01	-1.048830e+02
6.000000e-08	-5.494440e-06	-1.605950e-09	-3.833404e+01	-1.048958e+02
7.000000e-08	-5.491893e-06	-1.627326e-09	-3.831627e+01	-1.049035e+02
8.000000e-08	-5.488693e-06	-1.618765e-09	-3.829394e+01	-1.049056e+02
9.000000e-08	-5.485043e-06	-1.584139e-09	-3.826847e+01	-1.049019e+02
1.000000e-07	-5.481115e-06	-1.641987e-09	-3.824107e+01	-1.048919e+02
1.100000e-07	-5.476819e-06	-1.672886e-09	-3.821110e+01	-1.048754e+02
1.200000e-07	-5.472129e-06	-1.604169e-09	-3.817838e+01	-1.048519e+02
1.300000e-07	-5.467210e-06	-1.492182e-09	-3.814405e+01	-1.048213e+02
1.400000e-07	-5.462116e-06	-1.558759e-09	-3.810852e+01	-1.047833e+02
1.500000e-07	-5.456620e-06	-1.643709e-09	-3.807017e+01	-1.047376e+02
1.600000e-07	-5.450627e-06	-1.615218e-09	-3.802836e+01	-1.046840e+02
1.700000e-07	-5.444223e-06	-1.515494e-09	-3.798368e+01	-1.046224e+02
1.800000e-07	-5.437458e-06	-1.569835e-09	-3.793648e+01	-1.045525e+02
1.900000e-07	-5.430384e-06	-1.639361e-09	-3.788713e+01	-1.044743e+02
2.000000e-07	-5.422976e-06	-1.602427e-09	-3.783544e+01	-1.043877e+02
2.100000e-07	-5.415320e-06	-1.528632e-09	-3.778202e+01	-1.042925e+02
2.200000e-07	-5.407465e-06	-1.551823e-09	-3.772722e+01	-1.041888e+02
2.300000e-07	-5.399204e-06	-1.614716e-09	-3.766959e+01	-1.040766e+02
2.400000e-07	-5.390416e-06	-1.584161e-09	-3.760827e+01	-1.039558e+02
2.500000e-07	-5.381115e-06	-1.546850e-09	-3.754338e+01	-1.038265e+02
2.600000e-07	-5.371189e-06	-1.522562e-09	-3.747413e+01	-1.036888e+02
2.700000e-07	-5.360506e-06	-1.546196e-09	-3.739959e+01	-1.035428e+02
2.800000e-07	-5.349305e-06	-1.533818e-09	-3.732144e+01	-1.033886e+02
2.900000e-07	-5.337860e-06	-1.532868e-09	-3.724160e+01	-1.032263e+02
3.000000e-07	-5.325981e-06	-1.498787e-09	-3.715872e+01	-1.030561e+02
3.100000e-07	-5.313573e-06	-1.522085e-09	-3.707215e+01	-1.028782e+02
3.200000e-07	-5.300790e-06	-1.521110e-09	-3.698297e+01	-1.026927e+02
3.300000e-07	-5.287704e-06	-1.505523e-09	-3.689167e+01	-1.024999e+02
3.400000e-07	-5.274216e-06	-1.473384e-09	-3.679756e+01	-1.023000e+02
3.500000e-07	-5.260328e-06	-1.532085e-09	-3.670067e+01	-1.020932e+02
3.600000e-07	-5.246042e-06	-1.525510e-09	-3.660100e+01	-1.018797e+02
3.700000e-07	-5.231274e-06	-1.488051e-09	-3.649796e+01	-1.016597e+02
3.800000e-07	-5.215981e-06	-1.498199e-09	-3.639127e+01	-1.014336e+02
3.900000e-07	-5.200185e-06	-1.529080e-09	-3.628106e+01	-1.012015e+02
4.000000e-07	-5.183896e-06	-1.456506e-09	-3.616741e+01	-1.009637e+02
4.100000e-07	-5.167144e-06	-1.457281e-09	-3.605054e+01	-1.007204e+02
4.200000e-07	-5.150105e-06	-1.545271e-09	-3.593165e+01	-1.004719e+02
4.300000e-07	-5.132853e-06	-1.503899e-09	-3.581129e+01	-1.002183e+02
4.400000e-07	-5.115247e-06	-1.426026e-09	-3.568845e+01	-9.995990e+01
4.500000e-07	-5.097178e-06	-1.507852e-09	-3.556239e+01	-9.969691e+01
4.600000e-07	-5.078662e-06	-1.543659e-09	-3.543321e+01	-9.942952e+01
4.700000e-07	-5.059760e-06	-1.426102e-09	-3.530132e+01	-9.915791e+01
4.800000e-07	-5.040586e-06	-1.453441e-09	-3.516755e+01	-9.888226e+01
4.900000e-07	-5.021203e-06	-1.542690e-09	-3.503232e+01	-9.860273e+01
5.000000e-07	-5.001579e-06	-1.463388e-09	-3.489541e+01	-9.831946e+01
5.100000e-07	-4.981684e-06	-1.411151e-09	-3.475660e+01	-9.803261e+01
5.200000e-07	-4.961511e-06	-1.521104e-09	-3.461586e+01	-9.774227e+01
5.300000e-07	-4.941001e-06	-1.485521e-09	-3.447276e+01	-9.744857e+01
5.400000e-07	-4.920113e-06	-1.398712e-09	-3.432703e+01	-9.715159e+01
5.500000e-07	-4.898914e-06	-1.472384e-09	-3.417912e+01	-9.685142e+01
5.600000e-07	-4.877381e-06	-1.510497e-09	-3.402889e+01	-9.654810e+01
5.700000e-07	-4.855501e-06	-1.402497e-09	-3.387623e+01	-9.624170e+01
5.800000e-07	-4.833363e-06	-1.432235e-09	-3.372178e+01	-9.593224e+01
5.900000e-07	-4.810843e-06	-1.496536e-09	-3.356466e+01	-9.561976e+01
6.000000e-07	-4.787838e-06	-1.423821e-09	-3.340416e+01	-9.530425e+01
6.100000e-07	-4.764513e-06	-1.388927e-09	-3.324143e+01	-9.498571e+01
6.200000e-07	-4.741061e-06	-1.460607e-09	-3.307781e+01	-9.466413e+01
6.300000e-07	-4.717365e-06	-1.421970e-09	-3.291248e+01	-9.433948e+01
6.400000e-07	-4.693364e-06	-1.376823e-09	-3.274503e+01	-9.401172e+01
6.500000e-07	-4.669090e-06	-1.421463e-09	-3.257567e+01	-9.368080e+01
6.600000e-07	-4.644463e-06	-1.424440e-09	-3.240385e+01	-9.334668e+01
6.700000e-07	-4.619339e-06	-1.376143e-09	-3.222857e+01	-9.300927e+01
6.800000e-07	-4.593658e-06	-1.410577e-09	-3.204939e+01	-9.266852e+01
6.900000e-07	-4.567416e-06	-1.427155e-09	-3.186630e+01	-9.232434e+01
7.000000e-07	-4.540602e-06	-1.375582e-09	-3.167923e+01	-9.197664e+01
7.100000e-07	-4.513447e-06	-1.366327e-09	-3.148977e+01	-9.162533e+01
7.200000e-07	-4.486087e-06	-1.383697e-09	-3.129888e+01	-9.127032e+01
7.300000e-07	-4.458476e-06	-1.356238e-09	-3.110625e+01	-9.091150e+01
7.400000e-07	-4.430711e-06	-1.343027e-09	-3.091253e+01	-9.054877e+01
7.500000e-07	-4.402776e-06	-1.368872e-09	-3.071763e+01	-9.018202e+01
7.600000e-07	-4.374572e-06	-1.355366e-09	-3.052085e+01	-8.981114e+01
7.700000e-07	-4.346118e-06	-1.334895e-09	-3.032234e+01	-8.943601e+01
7.800000e-07	-4.317289e-06	-1.336705e-09	-3.012120e+01	-8.905653e+01
7.900000e-07	-4.288073e-06	-1.323059e-09	-2.991736e+01	-8.867257e+01
8.000000e-07	-4.258616e-06	-1.295405e-09	-2.971184e+01	-8.828402e+01
8.100000e-07	-4.228927e-06	-1.302013e-09	-2.950471e+01	-8.789075e+01
8.200000e-07	-4.198958e-06	-1.303085e-09	-2.929561e+01	-8.749267e+01
8.300000e-07	-4.168671e-06	-1.287797e-09	-2.908431e+01	-8.708964e+01
8.400000e-07	-4.138029e-06	-1.285512e-09	-2.887052e+01	-8.668155e+01
8.500000e-07	-4.107060e-06	-1.296280e-09	-2.865446e+01	-8.626829e+01
8.600000e-07	-4.075863e-06	-1.274634e-09	-2.843680e+01	-8.584976e+01
8.700000e-07	-4.044518e-06	-1.259529e-09	-2.821811e+01	-8.542583e+01
8.800000e-07	-4.012977e-06	-1.256325e-09	-2.799805e+01	-8.499640e+01
8.900000e-07	-3.981263e-06	-1.242510e-09	-2.777678e+01	-8.456137e+01
9.000000e-07	-3.949377e-06	-1.223636e-09	-2.755432e+01	-8.412065e+01
9.100000e-07	-3.917187e-06	-1.232815e-09	-2.732973e+01	-8.367413e+01
9.200000e-07	-3.884548e-06	-1.231753e-09	-2.710202e+01	-8.322173e+01
9.300000e-07	-3.851501e-06	-1.217791e-09	-2.687145e+01	-8.276336e+01
9.400000e-07	-3.818134e-06	-1.215965e-09	-2.663865e+01	-8.229894e+01
9.500000e-07	-3.784341e-06	-1.217834e-09	-2.640289e+01	-8.182841e+01
9.600000e-07	-3.750066e-06	-1.193923e-09	-2.616375e+01	-8.135168e+01
9.700000e-07	-3.715371e-06	-1.176067e-09	-2.592169e+01	-8.086871e+01
9.800000e-07	-3.680292e-06	-1.178581e-09	-2.567695e+01	-8.037944e+01
9.900000e-07	-3.644907e-06	-1.173063e-09	-2.543007e+01	-7.988383e+01
1.000000e-06	-3.609400e-06	-1.162935e-09	-2.518234e+01	-7.938184e+01
1.010000e-06	-3.573784e-06	-1.166996e-09	-2.493385e+01	-7.887344e+01
1.020000e-06	-3.538071e-06	-1.165810e-09	-2.468469e+01	-7.835863e+01
1.030000e-06	-3.502242e-06	-1.149330e-09	-2.443471e+01	-7.783739e+01
1.040000e-06	-3.466176e-06	-1.142045e-09	-2.418309e+01	-7.730973e+01
1.050000e-06	-3.429899e-06	-1.136578e-09	-2.392999e+01	-7.677565e+01
1.060000e-06	-3.393358e-06	-1.121908e-09	-2.367504e+01	-7.623518e+01
1.070000e-06	-3.356446e-06	-1.111541e-09	-2.341751e+01	-7.568835e+01
1.080000e-06	-3.319268e-06	-1.111886e-09	-2.315813e+01	-7.513521e+01
1.090000e-06	-3.281878e-06	-1.100768e-09	-2.289726e+01	-7.457580e+01
1.100000e-06	-3.244278e-06	-1.088251e-09	-2.263493e+01	-7.401019e+01
1.110000e-06	-3.206516e-06	-1.081368e-09	-2.237147e+01	-7.343845e+01
1.120000e-06	-3.168555e-06	-1.074419e-09	-2.210662e+01	-7.286065e+01
1.130000e-06	-3.130317e-06	-1.059919e-09	-2.183984e+01	-7.227689e+01
1.140000e-06	-3.091856e-06	-1.055046e-09	-2.157150e+01	-7.168726e+01
1.150000e-06	-3.053188e-06	-1.048962e-09	-2.130172e+01	-7.109186e+01
1.160000e-06	-3.014330e-06	-1.038769e-09	-2.103061e+01	-7.049079e+01
1.170000e-06	-2.975260e-06	-1.030853e-09	-2.075802e+01	-6.988417e+01
1.180000e-06	-2.935915e-06	-1.027739e-09	-2.048352e+01	-6.927211e+01
1.190000e-06	-2.896449e-06	-1.016142e-09	-2.020817e+01	-6.865472e+01
1.200000e-06	-2.856911e-06	-1.003177e-09	-1.993232e+01	-6.803211e+01
1.210000e-06	-2.817303e-06	-9.941763e-10	-1.965598e+01	-6.740441e+01
1.220000e-06	-2.777530e-06	-9.834681e-10	-1.937849e+01	-6.677171e+01
1.230000e-06	-2.737558e-06	-9.700933e-10	-1.909961e+01	-6.613412e+01
1.240000e-06	-2.697461e-06	-9.629825e-10	-1.881985e+01	-6.549174e+01
1.250000e-06	-2.657130e-06	-9.579127e-10	-1.853847e+01	-6.484466e+01
1.260000e-06	-2.616566e-06	-9.486640e-10	-1.825546e+01	-6.419294e+01
1.270000e-06	-2.575733e-06	-9.368926e-10	-1.797058e+01	-6.353666e+01
1.280000e-06	-2.534504e-06	-9.250809e-10	-1.768293e+01	-6.287587e+01
1.290000e-06	-2.493037e-06	-9.107423e-10	-1.739361e+01	-6.221059e+01
1.300000e-06	-2.451318e-06	-8.944015e-10	-1.710255e+01	-6.154083e+01
1.310000e-06	-2.409320e-06	-8.818497e-10	-1.680953e+01	-6.086660e+01
1.320000e-06	-2.367021e-06	-8.740961e-10	-1.651441e+01	-6.018785e+01
1.330000e-06	-2.324412e-06	-8.662139e-10	-1.621714e+01	-5.950454e+01
1.340000e-06	-2.281693e-06	-8.577042e-10	-1.591909e+01	-5.881658e+01
1.350000e-06	-2.238732e-06	-8.452532e-10	-1.561936e+01	-5.812386e+01
1.360000e-06	-2.195528e-06	-8.279858e-10	-1.531793e+01	-5.742626e+01
1.370000e-06	-2.152209e-06	-8.117672e-10	-1.501570e+01	-5.672359e+01
1.380000e-06	-2.108742e-06	-7.999631e-10	-1.471244e+01	-5.601567e+01
1.390000e-06	-2.065194e-06	-7.914630e-10	-1.440861e+01	-5.530227e+01
1.400000e-06	-2.021601e-06	-7.815602e-10	-1.410447e+01	-5.458312e+01
1.410000e-06	-1.977917e-06	-7.706359e-10	-1.379968e+01	-5.385794e+01
1.420000e-06	-1.934132e-06	-7.575996e-10	-1.349421e+01	-5.312641e+01
1.430000e-06	-1.890309e-06	-7.441228e-10	-1.318846e+01	-5.238816e+01
1.440000e-06	-1.846438e-06	-7.291178e-10	-1.288237e+01	-5.164283e+01
1.450000e-06	-1.802442e-06	-7.144363e-10	-1.257542e+01	-5.088998e+01
1.460000e-06	-1.758310e-06	-7.005982e-10	-1.226751e+01	-5.012919e+01
1.470000e-06	-1.714045e-06	-6.900137e-10	-1.195868e+01	-4.935999e+01
1.480000e-06	-1.669694e-06	-6.766280e-10	-1.164925e+01	-4.858187e+01
1.490000e-06	-1.625276e-06	-6.634289e-10	-1.133935e+01	-4.779433e+01
1.500000e-06	-1.580691e-06	-6.495663e-10	-1.102829e+01	-4.699684e+01
1.510000e-06	-1.535991e-06	-6.340545e-10	-1.071642e+01	-4.618883e+01
1.520000e-06	-1.491083e-06	-6.164948e-10	-1.040310e+01	-4.536974e+01
1.530000e-06	-1.445945e-06	-6.013943e-10	-1.008818e+01	-4.453899e+01
1.540000e-06	-1.400762e-06	-5.870406e-10	-9.772944e+00	-4.369600e+01
1.550000e-06	-1.355528e-06	-5.734858e-10	-9.457354e+00	-4.284018e+01
1.560000e-06	-1.310255e-06	-5.597767e-10	-9.141488e+00	-4.197093e+01
1.570000e-06	-1.264882e-06	-5.442801e-10	-8.824926e+00	-4.108768e+01
1.580000e-06	-1.219361e-06	-5.281417e-10	-8.507334e+00	-4.018984e+01
1.590000e-06	-1.173728e-06	-5.146638e-10	-8.188955e+00	-3.927684e+01
1.600000e-06	-1.127971e-06	-4.991129e-10	-7.869717e+00	-3.834814e+01
1.610000e-06	-1.082144e-06	-4.824331e-10	-7.549989e+00	-3.740321e+01
1.620000e-06	-1.036330e-06	-4.654616e-10	-7.230351e+00	-3.644154e+01
1.630000e-06	-9.904699e-07	-4.533644e-10	-6.910388e+00	-3.546265e+01
1.640000e-06	-9.445506e-07	-4.442082e-10	-6.590014e+00	-3.446611e+01
1.650000e-06	-8.986224e-07	-4.310944e-10	-6.269579e+00	-3.345150e+01
1.660000e-06	-8.525700e-07	-4.150934e-10	-5.948277e+00	-3.241847e+01
1.670000e-06	-8.064313e-07	-3.955236e-10	-5.626373e+00	-3.136670e+01
1.680000e-06	-7.602576e-07	-3.754804e-10	-5.304224e+00	-3.029590e+01
1.690000e-06	-7.140075e-07	-3.556285e-10	-4.981543e+00	-2.920587e+01
1.700000e-06	-6.676959e-07	-3.402767e-10	-4.658433e+00	-2.809644e+01
1.710000e-06	-6.212494e-07	-3.262463e-10	-4.334381e+00	-2.696750e+01
1.720000e-06	-5.747578e-07	-3.106227e-10	-4.010015e+00	-2.581901e+01
1.730000e-06	-5.283108e-07	-2.902937e-10	-3.685960e+00	-2.465097e+01
1.740000e-06	-4.818834e-07	-2.688419e-10	-3.362042e+00	-2.346347e+01
1.750000e-06	-4.353774e-07	-2.490699e-10	-3.037575e+00	-2.225664e+01
1.760000e-06	-3.888178e-07	-2.317445e-10	-2.712734e+00	-2.103069e+01
1.770000e-06	-3.422951e-07	-2.174851e-10	-2.388151e+00	-1.978590e+01
1.780000e-06	-2.956928e-07	-2.066458e-10	-2.063012e+00	-1.852261e+01
1.790000e-06	-2.489891e-07	-1.934263e-10	-1.737166e+00	-1.724121e+01
1.800000e-06	-2.022391e-07	-1.744579e-10	-1.410997e+00	-1.594218e+01
1.810000e-06	-1.555145e-07	-1.519720e-10	-1.085006e+00	-1.462606e+01
1.820000e-06	-1.088727e-07	-1.314359e-10	-7.595916e-01	-1.329343e+01
1.830000e-06	-6.224590e-08	-1.146149e-10	-4.342820e-01	-1.194495e+01
1.840000e-06	-1.562058e-08	-1.013336e-10	-1.089829e-01	-1.058133e+01
1.850000e-06	3.103046e-08	-8.700915e-11	2.164957e-01	-9.203354e+00
1.860000e-06	7.771152e-08	-7.126808e-11	5.421838e-01	-7.811824e+00
1.870000e-06	1.244118e-07	-5.357153e-11	8.680061e-01	-6.407616e+00
1.880000e-06	1.711125e-07	-3.307303e-11	1.193831e+00	-4.991641e+00
1.890000e-06	2.177654e-07	-1.005365e-11	1.519322e+00	-3.564853e+00
1.900000e-06	2.643691e-07	1.271056e-11	1.844471e+00	-2.128245e+00
1.910000e-06	3.109585e-07	3.233626e-11	2.169519e+00	-6.828379e-01
1.920000e-06	3.575790e-07	5.107604e-11	2.494785e+00	7.703158e-01
1.930000e-06	4.041535e-07	6.778889e-11	2.819729e+00	2.230142e+00
1.940000e-06	4.506565e-07	8.601564e-11	3.144175e+00	3.695548e+00
1.950000e-06	4.970813e-07	1.061952e-10	3.468075e+00	5.165428e+00
1.960000e-06	5.434417e-07	1.283849e-10	3.791527e+00	6.638664e+00
1.970000e-06	5.898582e-07	1.516471e-10	4.115368e+00	8.114139e+00
1.980000e-06	6.362849e-07	1.718003e-10	4.439282e+00	9.590734e+00
1.990000e-06	6.826457e-07	1.910697e-10	4.762736e+00	1.106733e+01
2.000000e-06	7.289080e-07	2.086244e-10	5.085502e+00	1.254283e+01
2.010000e-06	7.751277e-07	2.272785e-10	5.407972e+00	1.401615e+01
2.020000e-06	8.212599e-07	2.507945e-10	5.729830e+00	1.548620e+01
2.030000e-06	8.672507e-07	2.748371e-10	6.050702e+00	1.695195e+01
2.040000e-06	9.131936e-07	2.984277e-10	6.371240e+00	1.841236e+01
2.050000e-06	9.590708e-07	3.194099e-10	6.691320e+00	1.986644e+01
2.060000e-06	1.004885e-06	3.396136e-10	7.010959e+00	2.131324e+01
2.070000e-06	1.050694e-06	3.591474e-10	7.330566e+00	2.275183e+01
2.080000e-06	1.096439e-06	3.791770e-10	7.649722e+00	2.418131e+01
2.090000e-06	1.142012e-06	4.003775e-10	7.967681e+00	2.560085e+01
2.100000e-06	1.187642e-06	4.231623e-10	8.286036e+00	2.700962e+01
2.110000e-06	1.233179e-06	4.448682e-10	8.603738e+00	2.840688e+01
2.120000e-06	1.278522e-06	4.643573e-10	8.920095e+00	2.979191e+01
2.130000e-06	1.323909e-06	4.851511e-10	9.236750e+00	3.116402e+01
2.140000e-06	1.369180e-06	5.063965e-10	9.552605e+00	3.252260e+01
2.150000e-06	1.414313e-06	5.246280e-10	9.867486e+00	3.386707e+01
2.160000e-06	1.459425e-06	5.417087e-10	1.018223e+01	3.519688e+01
2.170000e-06	1.504367e-06	5.585041e-10	1.049579e+01	3.651156e+01
2.180000e-06	1.549106e-06	5.783854e-10	1.080793e+01	3.781066e+01
2.190000e-06	1.593722e-06	5.990185e-10	1.111921e+01	3.909377e+01
2.200000e-06	1.638161e-06	6.193982e-10	1.142925e+01	4.036055e+01
2.210000e-06	1.682526e-06	6.385774e-10	1.173878e+01	4.161067e+01
2.220000e-06	1.726754e-06	6.550069e-10	1.204735e+01	4.284387e+01
2.230000e-06	1.770769e-06	6.704193e-10	1.235444e+01	4.405990e+01
2.240000e-06	1.814751e-06	6.824238e-10	1.266130e+01	4.525857e+01
2.250000e-06	1.858683e-06	6.956712e-10	1.296780e+01	4.643970e+01
2.260000e-06	1.902510e-06	7.091195e-10	1.327358e+01	4.760317e+01
2.270000e-06	1.946236e-06	7.269841e-10	1.357865e+01	4.874886e+01
2.280000e-06	1.989898e-06	7.486845e-10	1.388327e+01	4.987671e+01
2.290000e-06	2.033504e-06	7.686953e-10	1.418751e+01	5.098667e+01
2.300000e-06	2.077068e-06	7.838464e-10	1.449145e+01	5.207870e+01
2.310000e-06	2.120613e-06	7.963734e-10	1.479526e+01	5.315280e+01
2.320000e-06	2.164070e-06	8.096322e-10	1.509845e+01	5.420900e+01
2.330000e-06	2.207463e-06	8.222019e-10	1.540120e+01	5.524731e+01
2.340000e-06	2.250747e-06	8.362082e-10	1.570319e+01	5.626780e+01
2.350000e-06	2.293765e-06	8.537868e-10	1.600332e+01	5.727053e+01
2.360000e-06	2.336460e-06	8.739275e-10	1.630120e+01	5.825558e+01
2.370000e-06	2.378865e-06	8.905149e-10	1.659705e+01	5.922303e+01
2.380000e-06	2.420999e-06	9.019043e-10	1.689101e+01	6.017299e+01
2.390000e-06	2.462778e-06	9.104763e-10	1.718250e+01	6.110557e+01
2.400000e-06	2.504303e-06	9.172805e-10	1.747222e+01	6.202090e+01
2.410000e-06	2.545597e-06	9.257072e-10	1.776032e+01	6.291909e+01
2.420000e-06	2.586501e-06	9.363451e-10	1.804570e+01	6.380029e+01
2.430000e-06	2.627154e-06	9.502590e-10	1.832933e+01	6.466464e+01
2.440000e-06	2.667742e-06	9.651340e-10	1.861251e+01	6.551230e+01
2.450000e-06	2.708085e-06	9.757970e-10	1.889398e+01	6.634343e+01
2.460000e-06	2.748115e-06	9.837648e-10	1.917326e+01	6.715820e+01
2.470000e-06	2.788039e-06	9.927528e-10	1.945181e+01	6.795678e+01
2.480000e-06	2.827877e-06	1.002383e-09	1.972975e+01	6.873936e+01
2.490000e-06	2.867550e-06	1.012054e-09	2.000655e+01	6.950615e+01
2.500000e-06	2.906946e-06	1.022613e-09	2.028140e+01	7.025733e+01
2.510000e-06	2.946196e-06	1.033164e-09	2.055525e+01	7.099314e+01
2.520000e-06	2.985358e-06	1.044433e-09	2.082848e+01	7.171379e+01
2.530000e-06	3.024230e-06	1.055810e-09	2.109968e+01	7.241952e+01
2.540000e-06	3.062783e-06	1.065606e-09	2.136866e+01	7.311060e+01
2.550000e-06	3.101161e-06	1.073357e-09	2.163642e+01	7.378727e+01
2.560000e-06	3.139365e-06	1.081115e-09	2.190296e+01	7.444981e+01
2.570000e-06	3.177375e-06	1.088836e-09	2.216815e+01	7.509853e+01
2.580000e-06	3.215264e-06	1.096744e-09	2.243251e+01	7.573371e+01
2.590000e-06	3.252960e-06	1.106210e-09	2.269551e+01	7.635567e+01
2.600000e-06	3.290398e-06	1.116074e-09	2.295670e+01	7.696476e+01
2.610000e-06	3.327612e-06	1.125048e-09	2.321634e+01	7.756131e+01
2.620000e-06	3.364614e-06	1.133988e-09	2.347450e+01	7.814568e+01
2.630000e-06	3.401369e-06	1.141565e-09	2.373093e+01	7.871825e+01
2.640000e-06	3.437834e-06	1.148431e-09	2.398535e+01	7.927940e+01
2.650000e-06	3.474006e-06	1.157347e-09	2.423771e+01	7.982952e+01
2.660000e-06	3.509994e-06	1.167015e-09	2.448880e+01	8.036902e+01
2.670000e-06	3.545804e-06	1.174571e-09	2.473864e+01	8.089832e+01
2.680000e-06	3.581478e-06	1.181206e-09	2.498753e+01	8.141784e+01
2.690000e-06	3.617062e-06	1.189658e-09	2.523580e+01	8.192801e+01
2.700000e-06	3.652470e-06	1.198556e-09	2.548284e+01	8.242926e+01
2.710000e-06	3.687702e-06	1.206786e-09	2.572865e+01	8.292203e+01
2.720000e-06	3.722725e-06	1.217618e-09	2.597300e+01	8.340676e+01
2.730000e-06	3.757351e-06	1.229370e-09	2.621458e+01	8.388387e+01
2.740000e-06	3.791629e-06	1.237997e-09	2.645374e+01	8.435381e+01
2.750000e-06	3.825488e-06	1.242978e-09	2.668996e+01	8.481699e+01
2.760000e-06	3.858778e-06	1.247156e-09	2.692223e+01	8.527384e+01
2.770000e-06	3.891588e-06	1.253251e-09	2.715113e+01	8.572475e+01
2.780000e-06	3.923970e-06	1.260791e-09	2.737706e+01	8.617011e+01
2.790000e-06	3.956114e-06	1.272638e-09	2.760132e+01	8.661030e+01
2.800000e-06	3.988059e-06	1.284861e-09	2.782420e+01	8.704567e+01
2.810000e-06	4.019753e-06	1.295537e-09	2.804532e+01	8.747656e+01
2.820000e-06	4.051329e-06	1.301749e-09	2.826563e+01	8.790328e+01
2.830000e-06	4.082811e-06	1.304030e-09	2.848527e+01	8.832610e+01
2.840000e-06	4.114039e-06	1.306795e-09	2.870315e+01	8.874530e+01
2.850000e-06	4.144893e-06	1.313986e-09	2.891841e+01	8.916108e+01
2.860000e-06	4.175453e-06	1.326186e-09	2.913163e+01	8.957366e+01
2.870000e-06	4.205783e-06	1.333970e-09	2.934323e+01	8.998318e+01
2.880000e-06	4.235776e-06	1.338853e-09	2.955250e+01	9.038979e+01
2.890000e-06	4.265439e-06	1.343485e-09	2.975944e+01	9.079356e+01
2.900000e-06	4.294824e-06	1.347099e-09	2.996446e+01	9.119458e+01
2.910000e-06	4.323962e-06	1.351175e-09	3.016776e+01	9.159284e+01
2.920000e-06	4.352782e-06	1.358043e-09	3.036883e+01	9.198836e+01
2.930000e-06	4.381249e-06	1.366343e-09	3.056744e+01	9.238106e+01
2.940000e-06	4.409403e-06	1.376597e-09	3.076387e+01	9.277088e+01
2.950000e-06	4.437280e-06	1.386437e-09	3.095836e+01	9.315769e+01
2.960000e-06	4.465035e-06	1.391331e-09	3.115201e+01	9.354135e+01
2.970000e-06	4.492709e-06	1.393457e-09	3.134508e+01	9.392166e+01
2.980000e-06	4.520209e-06	1.394321e-09	3.153695e+01	9.429843e+01
2.990000e-06	4.547431e-06	1.395942e-09	3.172687e+01	9.467141e+01
3.000000e-06	4.574197e-06	1.399863e-09	3.191361e+01	9.504033e+01
3.010000e-06	4.600396e-06	1.404237e-09	3.209640e+01	9.540491e+01
3.020000e-06	4.626080e-06	1.411343e-09	3.227559e+01	9.576485e+01
3.030000e-06	4.651310e-06	1.421565e-09	3.245162e+01	9.611981e+01
3.040000e-06	4.676052e-06	1.430020e-09	3.262424e+01	9.646947e+01
3.050000e-06	4.700312e-06	1.433272e-09	3.279350e+01	9.681347e+01
3.060000e-06	4.724256e-06	1.433837e-09	3.296056e+01	9.715146e+01
3.070000e-06	4.747957e-06	1.433448e-09	3.312592e+01	9.748308e+01
3.080000e-06	4.771359e-06	1.431907e-09	3.328919e+01	9.780798e+01
3.090000e-06	4.794475e-06	1.432012e-09	3.345046e+01	9.812580e+01
3.100000e-06	4.817192e-06	1.435249e-09	3.360896e+01	9.843620e+01
3.110000e-06	4.839476e-06	1.440838e-09	3.376443e+01	9.873885e+01
3.120000e-06	4.861527e-06	1.446459e-09	3.391828e+01	9.903342e+01
3.130000e-06	4.883335e-06	1.451997e-09	3.407043e+01	9.931962e+01
3.140000e-06	4.904836e-06	1.459189e-09	3.422044e+01	9.959717e+01
3.150000e-06	4.925966e-06	1.464131e-09	3.436787e+01	9.986581e+01
3.160000e-06	4.946693e-06	1.464414e-09	3.451247e+01	1.001253e+02
3.170000e-06	4.967142e-06	1.462902e-09	3.465515e+01	1.003755e+02
3.180000e-06	4.987283e-06	1.460728e-09	3.479567e+01	1.006162e+02
3.190000e-06	5.007105e-06	1.463407e-09	3.493396e+01	1.008472e+02
3.200000e-06	5.026684e-06	1.469663e-09	3.507056e+01	1.010686e+02
3.210000e-06	5.046023e-06	1.479186e-09	3.520549e+01	1.012801e+02
3.220000e-06	5.065083e-06	1.490292e-09	3.533846e+01	1.014819e+02
3.230000e-06	5.083750e-06	1.496225e-09	3.546871e+01	1.016739e+02
3.240000e-06	5.102047e-06	1.495605e-09	3.559636e+01	1.018561e+02
3.250000e-06	5.120023e-06	1.490021e-09	3.572177e+01	1.020288e+02
3.260000e-06	5.137481e-06	1.485536e-09	3.584358e+01	1.021920e+02
3.270000e-06	5.154529e-06	1.485713e-09	3.596252e+01	1.023458e+02
3.280000e-06	5.171350e-06	1.492146e-09	3.607987e+01	1.024906e+02
3.290000e-06	5.187840e-06	1.500783e-09	3.619493e+01	1.026266e+02
3.300000e-06	5.203964e-06	1.507074e-09	3.630742e+01	1.027540e+02
3.310000e-06	5.219666e-06	1.509871e-09	3.641697e+01	1.028732e+02
3.320000e-06	5.234955e-06	1.509563e-09	3.652364e+01	1.029845e+02
3.330000e-06	5.249775e-06	1.508373e-09	3.662704e+01	1.030883e+02
3.340000e-06	5.264120e-06	1.507714e-09	3.672712e+01	1.031850e+02
3.350000e-06	5.278106e-06	1.510566e-09	3.682470e+01	1.032749e+02
3.360000e-06	5.291735e-06	1.516846e-09	3.691979e+01	1.033586e+02
3.370000e-06	5.304938e-06	1.524794e-09	3.701191e+01	1.034365e+02
3.380000e-06	5.317733e-06	1.530096e-09	3.710117e+01	1.035089e+02
3.390000e-06	5.330193e-06	1.531225e-09	3.718811e+01	1.035765e+02
3.400000e-06	5.342307e-06	1.532519e-09	3.727262e+01	1.036397e+02
3.410000e-06	5.354014e-06	1.534305e-09	3.735430e+01	1.036988e+02
3.420000e-06	5.365332e-06	1.535311e-09	3.743326e+01	1.037544e+02
3.430000e-06	5.376284e-06	1.539175e-09	3.750968e+01	1.038070e+02
3.440000e-06	5.386751e-06	1.545085e-09	3.758270e+01	1.038569e+02
3.450000e-06	5.396567e-06	1.548775e-09	3.765119e+01	1.039046e+02
3.460000e-06	5.405660e-06	1.549417e-09	3.771463e+01	1.039504e+02
3.470000e-06	5.414181e-06	1.548322e-09	3.777408e+01	1.039948e+02
3.480000e-06	5.422261e-06	1.547944e-09	3.783045e+01	1.040381e+02
3.490000e-06	5.430004e-06	1.549297e-09	3.788448e+01	1.040806e+02
3.500000e-06	5.437518e-06	1.551826e-09	3.793690e+01	1.041227e+02
3.510000e-06	5.444827e-06	1.554569e-09	3.798789e+01	1.041644e+02
3.520000e-06	5.451812e-06	1.558113e-09	3.803663e+01	1.042062e+02
3.530000e-06	5.458425e-06	1.562166e-09	3.808276e+01	1.042481e+02
3.540000e-06	5.464644e-06	1.563552e-09	3.812615e+01	1.042903e+02
3.550000e-06	5.470387e-06	1.563014e-09	3.816622e+01	1.043330e+02
3.560000e-06	5.475762e-06	1.564491e-09	3.820372e+01	1.043761e+02
3.570000e-06	5.480785e-06	1.566985e-09	3.823877e+01	1.044197e+02
3.580000e-06	5.485448e-06	1.567485e-09	3.827130e+01	1.044637e+02
3.590000e-06	5.489789e-06	1.567081e-09	3.830159e+01	1.045082e+02
3.600000e-06	5.493763e-06	1.568632e-09	3.832932e+01	1.045531e+02
3.610000e-06	5.497403e-06	1.571497e-09	3.835471e+01	1.045981e+02
3.620000e-06	5.500765e-06	1.574160e-09	3.837817e+01	1.046431e+02
3.630000e-06	5.503839e-06	1.576339e-09	3.839961e+01	1.046880e+02
3.640000e-06	5.506532e-06	1.577947e-09	3.841840e+01	1.047325e+02
3.650000e-06	5.508780e-06	1.579309e-09	3.843408e+01	1.047763e+02
3.660000e-06	5.510505e-06	1.580024e-09	3.844612e+01	1.048192e+02
3.670000e-06	5.511639e-06	1.580989e-09	3.845403e+01	1.048607e+02
3.680000e-06	5.512299e-06	1.583115e-09	3.845864e+01	1.049007e+02
3.690000e-06	5.512494e-06	1.586209e-09	3.846000e+01	1.049387e+02
3.700000e-06	5.512287e-06	1.588620e-09	3.845855e+01	1.049743e+02
3.710000e-06	5.511793e-06	1.588186e-09	3.845510e+01	1.050072e+02
3.720000e-06	5.510986e-06	1.586042e-09	3.844947e+01	1.050370e+02
3.730000e-06	5.509864e-06	1.587098e-09	3.844165e+01	1.050633e+02
3.740000e-06	5.508410e-06	1.597622e-09	3.843150e+01	1.050856e+02
3.750000e-06	5.506655e-06	1.604353e-09	3.841926e+01	1.051036e+02
3.760000e-06	5.504535e-06	1.573419e-09	3.840447e+01	1.051169e+02
3.770000e-06	5.501994e-06	1.554127e-09	3.838674e+01	1.051251e+02
3.780000e-06	5.499036e-06	1.595833e-09	3.836610e+01	1.051278e+02
3.790000e-06	5.495630e-06	1.568124e-09	3.834234e+01	1.051247e+02
3.800000e-06	5.491783e-06	1.503381e-09	3.831550e+01	1.051153e+02
3.810000e-06	5.487577e-06	1.532828e-09	3.828615e+01	1.050994e+02
3.820000e-06	5.483022e-06	1.669653e-09	3.825438e+01	1.050766e+02
3.830000e-06	5.478192e-06	1.681504e-09	3.822068e+01	1.050467e+02
3.840000e-06	5.473131e-06	1.562264e-09	3.818536e+01	1.050094e+02
3.850000e-06	5.467676e-06	1.517865e-09	3.814731e+01	1.049644e+02
3.860000e-06	5.461715e-06	1.639265e-09	3.810572e+01	1.049116e+02
3.870000e-06	5.455354e-06	1.714816e-09	3.806134e+01	1.048507e+02
3.880000e-06	5.448607e-06	1.563140e-09	3.801427e+01	1.047816e+02
3.890000e-06	5.441310e-06	1.527046e-09	3.796336e+01	1.047042e+02
3.900000e-06	5.433357e-06	1.648772e-09	3.790787e+01	1.046183e+02
3.910000e-06	5.424961e-06	1.693170e-09	3.784929e+01	1.045240e+02
3.920000e-06	5.416380e-06	1.515405e-09	3.778942e+01	1.044210e+02
3.930000e-06	5.407550e-06	1.502654e-09	3.772782e+01	1.043096e+02
3.940000e-06	5.398340e-06	1.655696e-09	3.766356e+01	1.041896e+02
3.950000e-06	5.388766e-06	1.690065e-09	3.759676e+01	1.040611e+02
3.960000e-06	5.378943e-06	1.549155e-09	3.752823e+01	1.039242e+02
3.970000e-06	5.368653e-06	1.534100e-09	3.745643e+01	1.037789e+02
3.980000e-06	5.357820e-06	1.616302e-09	3.738085e+01	1.036255e+02
3.990000e-06	5.346731e-06	1.601250e-09	3.730349e+01	1.034639e+02
4.000000e-06	5.335298e-06	1.542890e-09	3.722372e+01	1.032945e+02
4.010000e-06	5.323316e-06	1.552758e-09	3.714012e+01	1.031173e+02
4.020000e-06	5.311043e-06	1.606770e-09	3.705450e+01	1.029325e+02
4.030000e-06	5.298547e-06	1.588719e-09	3.696732e+01	1.027404e+02
4.040000e-06	5.285419e-06	1.552403e-09	3.687572e+01	1.025411e+02
4.050000e-06	5.271687e-06	1.520850e-09	3.677992e+01	1.023349e+02
4.060000e-06	5.257530e-06	1.586126e-09	3.668114e+01	1.021220e+02
4.070000e-06	5.242766e-06	1.596954e-09	3.657814e+01	1.019027e+02
4.080000e-06	5.227303e-06	1.535636e-09	3.647025e+01	1.016772e+02
4.090000e-06	5.211344e-06	1.526523e-09	3.635891e+01	1.014456e+02
4.100000e-06	5.195220e-06	1.626547e-09	3.624642e+01	1.012084e+02
4.110000e-06	5.178853e-06	1.564206e-09	3.613223e+01	1.009656e+02
4.120000e-06	5.162033e-06	1.463738e-09	3.601487e+01	1.007176e+02
4.130000e-06	5.144896e-06	1.564392e-09	3.589531e+01	1.004645e+02
4.140000e-06	5.127457e-06	1.648468e-09	3.577364e+01	1.002066e+02
4.150000e-06	5.109597e-06	1.497803e-09	3.564903e+01	9.994403e+01
4.160000e-06	5.091412e-06	1.504478e-09	3.552216e+01	9.967707e+01
4.170000e-06	5.072925e-06	1.648826e-09	3.539318e+01	9.940588e+01
4.180000e-06	5.054125e-06	1.537553e-09	3.526201e+01	9.913064e+01
4.190000e-06	5.034983e-06	1.417493e-09	3.512846e+01	9.885150e+01
4.200000e-06	5.015473e-06	1.584162e-09	3.499235e+01	9.856862e+01
4.210000e-06	4.995593e-06	1.593642e-09	3.485364e+01	9.828214e+01
4.220000e-06	4.975386e-06	1.413777e-09	3.471266e+01	9.799217e+01
4.230000e-06	4.955030e-06	1.518695e-09	3.457064e+01	9.769882e+01
4.240000e-06	4.934485e-06	1.630817e-09	3.442730e+01	9.740219e+01
4.250000e-06	4.913626e-06	1.455653e-09	3.428177e+01	9.710235e+01
4.260000e-06	4.892423e-06	1.436660e-09	3.413384e+01	9.679937e+01
4.270000e-06	4.870694e-06	1.597583e-09	3.398224e+01	9.649331e+01
4.280000e-06	4.848335e-06	1.492972e-09	3.382624e+01	9.618418e+01
4.290000e-06	4.825472e-06	1.400110e-09	3.366673e+01	9.587202e+01
4.300000e-06	4.802142e-06	1.538663e-09	3.350396e+01	9.555684e+01
4.310000e-06	4.778359e-06	1.541674e-09	3.333803e+01	9.523863e+01
4.320000e-06	4.754181e-06	1.417731e-09	3.316934e+01	9.491739e+01
4.330000e-06	4.729733e-06	1.492994e-09	3.299877e+01	9.459307e+01
4.340000e-06	4.705140e-06	1.532266e-09	3.282719e+01	9.426565e+01
4.350000e-06	4.680400e-06	1.432022e-09	3.265458e+01	9.393508e+01
4.360000e-06	4.655278e-06	1.439767e-09	3.247931e+01	9.360130e+01
4.370000e-06	4.629717e-06	1.496462e-09	3.230097e+01	9.326425e+01
4.380000e-06	4.603806e-06	1.422053e-09	3.212019e+01	9.292385e+01
4.390000e-06	4.577541e-06	1.404121e-09	3.193694e+01	9.258003e+01
4.400000e-06	4.550989e-06	1.458677e-09	3.175170e+01	9.223271e+01
4.410000e-06	4.524181e-06	1.432071e-09	3.156466e+01	9.188178e+01
4.420000e-06	4.497096e-06	1.388998e-09	3.137569e+01	9.152716e+01
4.430000e-06	4.469690e-06	1.419150e-09	3.118448e+01	9.116874e+01
4.440000e-06	4.441903e-06	1.413839e-09	3.099062e+01	9.080642e+01
4.450000e-06	4.413817e-06	1.378994e-09	3.079466e+01	9.044009e+01
4.460000e-06	4.385602e-06	1.386364e-09	3.059781e+01	9.006963e+01
4.470000e-06	4.357217e-06	1.392603e-09	3.039977e+01	8.969494e+01
4.480000e-06	4.328678e-06	1.368483e-09	3.020066e+01	8.931590e+01
4.490000e-06	4.299866e-06	1.367926e-09	2.999964e+01	8.893239e+01
4.500000e-06	4.270673e-06	1.371918e-09	2.979596e+01	8.854431e+01
4.510000e-06	4.241082e-06	1.345692e-09	2.958951e+01	8.815152e+01
4.520000e-06	4.210950e-06	1.338033e-09	2.937928e+01	8.775391e+01
4.530000e-06	4.180341e-06	1.351079e-09	2.916573e+01	8.735138e+01
4.540000e-06	4.149197e-06	1.336842e-09	2.894844e+01	8.694379e+01
4.550000e-06	4.117634e-06	1.318348e-09	2.872823e+01	8.653105e+01
4.560000e-06	4.085804e-06	1.330924e-09	2.850615e+01	8.611303e+01
4.570000e-06	4.053656e-06	1.319836e-09	2.828186e+01	8.568963e+01
4.580000e-06	4.021309e-06	1.292277e-09	2.805618e+01	8.526075e+01
4.590000e-06	3.988824e-06	1.293416e-09	2.782954e+01	8.482627e+01
4.600000e-06	3.956188e-06	1.297230e-09	2.760184e+01	8.438610e+01
4.610000e-06	3.923273e-06	1.271662e-09	2.737220e+01	8.394015e+01
4.620000e-06	3.890067e-06	1.269292e-09	2.714052e+01	8.348832e+01
4.630000e-06	3.856556e-06	1.278880e-09	2.690672e+01	8.303052e+01
4.640000e-06	3.822798e-06	1.265377e-09	2.667120e+01	8.256669e+01
4.650000e-06	3.788784e-06	1.250011e-09	2.643388e+01	8.209674e+01
4.660000e-06	3.754484e-06	1.259798e-09	2.619458e+01	8.162061e+01
4.670000e-06	3.720000e-06	1.251385e-09	2.595398e+01	8.113824e+01
4.680000e-06	3.685265e-06	1.232139e-09	2.571164e+01	8.064957e+01
4.690000e-06	3.650221e-06	1.235528e-09	2.546715e+01	8.015457e+01
4.700000e-06	3.614966e-06	1.240420e-09	2.522117e+01	7.965319e+01
4.710000e-06	3.579502e-06	1.220309e-09	2.497375e+01	7.914541e+01
4.720000e-06	3.543736e-06	1.213332e-09	2.472421e+01	7.863121e+01
4.730000e-06	3.507803e-06	1.218825e-09	2.447351e+01	7.811058e+01
4.740000e-06	3.471719e-06	1.206215e-09	2.422176e+01	7.758353e+01
4.750000e-06	3.435435e-06	1.189723e-09	2.396861e+01	7.705006e+01
4.760000e-06	3.399031e-06	1.193485e-09	2.371462e+01	7.651020e+01
4.770000e-06	3.362483e-06	1.190557e-09	2.345963e+01	7.596398e+01
4.780000e-06	3.325712e-06	1.175807e-09	2.320309e+01	7.541144e+01
4.790000e-06	3.288708e-06	1.173074e-09	2.294491e+01	7.485263e+01
4.800000e-06	3.251330e-06	1.169389e-09	2.268414e+01	7.428761e+01
4.810000e-06	3.213517e-06	1.154636e-09	2.242032e+01	7.371645e+01
4.820000e-06	3.175427e-06	1.144660e-09	2.215456e+01	7.313923e+01
4.830000e-06	3.137003e-06	1.144118e-09	2.188649e+01	7.255604e+01
4.840000e-06	3.098228e-06	1.135682e-09	2.161596e+01	7.196698e+01
4.850000e-06	3.059089e-06	1.126443e-09	2.134289e+01	7.137213e+01
4.860000e-06	3.019677e-06	1.122232e-09	2.106792e+01	7.077161e+01
4.870000e-06	2.980030e-06	1.112742e-09	2.079131e+01	7.016552e+01
4.880000e-06	2.940089e-06	1.096050e-09	2.051265e+01	6.955398e+01
4.890000e-06	2.900000e-06	1.087650e-09	2.023294e+01	6.893711e+01
4.900000e-06	2.859786e-06	1.081031e-09	1.995238e+01	6.831501e+01
4.910000e-06	2.819377e-06	1.070486e-09	1.967045e+01	6.768781e+01
4.920000e-06	2.778816e-06	1.062651e-09	1.938746e+01	6.705560e+01
4.930000e-06	2.738190e-06	1.061018e-09	1.910402e+01	6.641849e+01
4.940000e-06	2.697460e-06	1.050554e-09	1.881985e+01	6.577658e+01
4.950000e-06	2.656629e-06	1.037914e-09	1.853497e+01	6.512996e+01
4.960000e-06	2.615612e-06	1.029860e-09	1.824881e+01	6.447871e+01
4.970000e-06	2.574365e-06	1.020667e-09	1.796103e+01	6.382289e+01
4.980000e-06	2.532936e-06	1.007732e-09	1.767199e+01	6.316254e+01
4.990000e-06	2.491323e-06	9.991538e-10	1.738166e+01	6.249771e+01
5.000000e-06	2.449550e-06	9.922548e-10	1.709021e+01	6.182841e+01
5.010000e-06	2.407559e-06	9.826920e-10	1.679725e+01	6.115463e+01
5.020000e-06	2.365383e-06	9.735080e-10	1.650299e+01	6.047633e+01
5.030000e-06	2.323084e-06	9.655914e-10	1.620788e+01	5.979348e+01
5.040000e-06	2.280644e-06	9.547097e-10	1.591177e+01	5.910599e+01
5.050000e-06	2.238024e-06	9.443115e-10	1.561442e+01	5.841375e+01
5.060000e-06	2.195223e-06	9.348816e-10	1.531580e+01	5.771664e+01
5.070000e-06	2.152306e-06	9.246751e-10	1.501638e+01	5.701448e+01
5.080000e-06	2.109273e-06	9.127486e-10	1.471614e+01	5.630708e+01
5.090000e-06	2.066051e-06	9.011450e-10	1.441459e+01	5.559422e+01
5.100000e-06	2.022655e-06	8.892038e-10	1.411182e+01	5.487564e+01
5.110000e-06	1.979174e-06	8.754810e-10	1.380845e+01	5.415105e+01
5.120000e-06	1.935580e-06	8.654780e-10	1.350430e+01	5.342014e+01
5.130000e-06	1.891848e-06	8.569996e-10	1.319919e+01	5.268255e+01
5.140000e-06	1.847889e-06	8.482531e-10	1.289250e+01	5.193789e+01
5.150000e-06	1.803765e-06	8.370531e-10	1.258464e+01	5.118577e+01
5.160000e-06	1.759631e-06	8.258674e-10	1.227673e+01	5.042574e+01
5.170000e-06	1.715408e-06	8.133857e-10	1.196819e+01	4.965733e+01
5.180000e-06	1.671104e-06	8.001684e-10	1.165909e+01	4.888005e+01
5.190000e-06	1.626770e-06	7.864353e-10	1.134978e+01	4.809340e+01
5.200000e-06	1.582381e-06	7.719277e-10	1.104008e+01	4.729683e+01
5.210000e-06	1.537920e-06	7.570733e-10	1.072988e+01	4.648979e+01
5.220000e-06	1.493411e-06	7.429881e-10	1.041934e+01	4.567172e+01
5.230000e-06	1.448843e-06	7.292431e-10	1.010840e+01	4.484205e+01
5.240000e-06	1.404187e-06	7.145570e-10	9.796841e+00	4.400018e+01
5.250000e-06	1.359485e-06	7.020111e-10	9.484959e+00	4.314553e+01
5.260000e-06	1.314714e-06	6.919601e-10	9.172601e+00	4.227750e+01
5.270000e-06	1.269859e-06	6.806568e-10	8.859650e+00	4.139551e+01
5.280000e-06	1.224999e-06	6.667156e-10	8.546668e+00	4.049899e+01
5.290000e-06	1.180032e-06	6.517954e-10	8.232941e+00	3.958735e+01
5.300000e-06	1.134876e-06	6.353693e-10	7.917890e+00	3.866006e+01
5.310000e-06	1.089719e-06	6.181959e-10	7.602837e+00	3.771657e+01
5.320000e-06	1.044404e-06	6.034839e-10	7.286676e+00	3.675639e+01
5.330000e-06	9.988569e-07	5.902900e-10	6.968903e+00	3.577904e+01
5.340000e-06	9.533671e-07	5.782689e-10	6.651526e+00	3.478406e+01
5.350000e-06	9.078118e-07	5.668664e-10	6.333692e+00	3.377105e+01
5.360000e-06	8.621453e-07	5.557666e-10	6.015082e+00	3.273964e+01
5.370000e-06	8.164893e-07	5.401854e-10	5.696546e+00	3.168952e+01
5.380000e-06	7.706150e-07	5.231572e-10	5.376487e+00	3.062040e+01
5.390000e-06	7.246055e-07	5.075448e-10	5.055484e+00	2.953205e+01
5.400000e-06	6.786955e-07	4.907980e-10	4.735176e+00	2.842432e+01
5.410000e-06	6.327155e-07	4.745392e-10	4.414379e+00	2.729709e+01
5.420000e-06	5.866622e-07	4.594493e-10	4.093071e+00	2.615030e+01
5.430000e-06	5.406207e-07	4.423956e-10	3.771845e+00	2.498397e+01
5.440000e-06	4.944652e-07	4.265717e-10	3.449823e+00	2.379816e+01
5.450000e-06	4.482258e-07	4.130061e-10	3.127217e+00	2.259301e+01
5.460000e-06	4.020715e-07	3.969530e-10	2.805204e+00	2.136873e+01
5.470000e-06	3.558125e-07	3.764251e-10	2.482460e+00	2.012557e+01
5.480000e-06	3.095019e-07	3.541584e-10	2.159357e+00	1.886388e+01
5.490000e-06	2.632109e-07	3.314890e-10	1.836390e+00	1.758405e+01
5.500000e-06	2.167681e-07	3.069921e-10	1.512364e+00	1.628655e+01
5.510000e-06	1.702905e-07	2.868289e-10	1.188096e+00	1.497191e+01
5.520000e-06	1.238693e-07	2.715747e-10	8.642207e-01	1.364070e+01
5.530000e-06	7.752983e-08	2.552384e-10	5.409162e-01	1.229360e+01
5.540000e-06	3.116156e-08	2.372573e-10	2.174104e-01	1.093129e+01
5.550000e-06	-1.526257e-08	2.196424e-10	-1.064851e-01	9.554556e+00
5.560000e-06	-6.168799e-08	1.973913e-10	-4.303896e-01	8.164200e+00
5.570000e-06	-1.081297e-07	1.686131e-10	-7.544075e-01	6.761091e+00
5.580000e-06	-1.544659e-07	1.399564e-10	-1.077690e+00	5.346138e+00
5.590000e-06	-2.007037e-07	1.156204e-10	-1.400285e+00	3.920292e+00
5.600000e-06	-2.469887e-07	9.411860e-11	-1.723210e+00	2.484540e+00
5.610000e-06	-2.933592e-07	7.406257e-11	-2.046731e+00	1.039904e+00
5.620000e-06	-3.395376e-07	5.327753e-11	-2.368912e+00	-4.125680e-01
5.630000e-06	-3.855904e-07	2.926113e-11	-2.690217e+00	-1.871803e+00
5.640000e-06	-4.317964e-07	5.185101e-12	-3.012591e+00	-3.336709e+00
5.650000e-06	-4.779614e-07	-1.828129e-11	-3.334678e+00	-4.806180e+00
5.660000e-06	-5.240597e-07	-4.500677e-11	-3.656301e+00	-6.279103e+00
5.670000e-06	-5.701861e-07	-7.254208e-11	-3.978119e+00	-7.754357e+00
5.680000e-06	-6.163186e-07	-9.850704e-11	-4.299980e+00	-9.230823e+00
5.690000e-06	-6.623298e-07	-1.262816e-10	-4.620994e+00	-1.070739e+01
5.700000e-06	-7.082115e-07	-1.557236e-10	-4.941105e+00	-1.218294e+01
5.710000e-06	-7.541300e-07	-1.829356e-10	-5.261473e+00	-1.365640e+01
5.720000e-06	-7.999367e-07	-2.082389e-10	-5.581061e+00	-1.512669e+01
5.730000e-06	-8.455693e-07	-2.339307e-10	-5.899434e+00	-1.659276e+01
5.740000e-06	-8.911985e-07	-2.608865e-10	-6.217783e+00	-1.805358e+01
5.750000e-06	-9.367967e-07	-2.867521e-10	-6.535917e+00	-1.950815e+01
5.760000e-06	-9.822819e-07	-3.111250e-10	-6.853261e+00	-2.095551e+01
5.770000e-06	-1.027723e-06	-3.348994e-10	-7.170298e+00	-2.239474e+01
5.780000e-06	-1.073081e-06	-3.586489e-10	-7.486753e+00	-2.382494e+01
5.790000e-06	-1.118215e-06	-3.862340e-10	-7.801652e+00	-2.524526e+01
5.800000e-06	-1.163248e-06	-4.169804e-10	-8.115839e+00	-2.665488e+01
5.810000e-06	-1.208221e-06	-4.458641e-10	-8.429610e+00	-2.805305e+01
5.820000e-06	-1.253094e-06	-4.710565e-10	-8.742682e+00	-2.943905e+01
5.830000e-06	-1.297892e-06	-4.930111e-10	-9.055235e+00	-3.081219e+01
5.840000e-06	-1.342543e-06	-5.117136e-10	-9.366760e+00	-3.217184e+01
5.850000e-06	-1.387091e-06	-5.293950e-10	-9.677562e+00	-3.351742e+01
5.860000e-06	-1.431595e-06	-5.503424e-10	-9.988061e+00	-3.484840e+01
5.870000e-06	-1.476079e-06	-5.753195e-10	-1.029842e+01	-3.616428e+01
5.880000e-06	-1.520532e-06	-5.996156e-10	-1.060856e+01	-3.746461e+01
5.890000e-06	-1.564913e-06	-6.224093e-10	-1.091821e+01	-3.874900e+01
5.900000e-06	-1.609299e-06	-6.440115e-10	-1.122788e+01	-4.001707e+01
5.910000e-06	-1.653667e-06	-6.650432e-10	-1.153743e+01	-4.126852e+01
5.920000e-06	-1.697934e-06	-6.864977e-10	-1.184628e+01	-4.250306e+01
5.930000e-06	-1.742136e-06	-7.070458e-10	-1.215467e+01	-4.372045e+01
5.940000e-06	-1.786233e-06	-7.257112e-10	-1.246233e+01	-4.492049e+01
5.950000e-06	-1.830164e-06	-7.429120e-10	-1.276883e+01	-4.610301e+01
5.960000e-06	-1.873975e-06	-7.584396e-10	-1.307449e+01	-4.726788e+01
5.970000e-06	-1.917705e-06	-7.721027e-10	-1.337960e+01	-4.841498e+01
5.980000e-06	-1.961365e-06	-7.867174e-10	-1.368421e+01	-4.954425e+01
5.990000e-06	-2.004847e-06	-8.063905e-10	-1.398757e+01	-5.065562e+01
6.000000e-06	-2.048071e-06	-8.266020e-10	-1.428914e+01	-5.174906e+01
6.010000e-06	-2.091222e-06	-8.441878e-10	-1.459020e+01	-5.282458e+01
6.020000e-06	-2.134199e-06	-8.616244e-10	-1.489005e+01	-5.388219e+01
6.030000e-06	-2.176992e-06	-8.779500e-10	-1.518860e+01	-5.492192e+01
6.040000e-06	-2.219752e-06	-8.928863e-10	-1.548694e+01	-5.594382e+01
6.050000e-06	-2.262307e-06	-9.044417e-10	-1.578384e+01	-5.694795e+01
6.060000e-06	-2.304693e-06	-9.146658e-10	-1.607956e+01	-5.793438e+01
6.070000e-06	-2.346969e-06	-9.272437e-10	-1.637451e+01	-5.890322e+01
6.080000e-06	-2.389120e-06	-9.442900e-10	-1.666860e+01	-5.985456e+01
6.090000e-06	-2.431175e-06	-9.644227e-10	-1.696201e+01	-6.078851e+01
6.100000e-06	-2.472975e-06	-9.825926e-10	-1.725365e+01	-6.170519e+01
6.110000e-06	-2.514494e-06	-9.971805e-10	-1.754332e+01	-6.260472e+01
6.120000e-06	-2.555842e-06	-1.010528e-09	-1.783180e+01	-6.348726e+01
6.130000e-06	-2.596980e-06	-1.021400e-09	-1.811881e+01	-6.435293e+01
6.140000e-06	-2.637861e-06	-1.031366e-09	-1.840404e+01	-6.520190e+01
6.150000e-06	-2.678611e-06	-1.044151e-09	-1.868834e+01	-6.603432e+01
6.160000e-06	-2.719235e-06	-1.057436e-09	-1.897177e+01	-6.685037e+01
6.170000e-06	-2.759749e-06	-1.069678e-09	-1.925443e+01	-6.765022e+01
6.180000e-06	-2.800180e-06	-1.083102e-09	-1.953651e+01	-6.843405e+01
6.190000e-06	-2.840427e-06	-1.097537e-09	-1.981731e+01	-6.920206e+01
6.200000e-06	-2.880585e-06	-1.111061e-09	-2.009749e+01	-6.995446e+01
6.210000e-06	-2.920674e-06	-1.123648e-09	-2.037718e+01	-7.069146e+01
6.220000e-06	-2.960548e-06	-1.134902e-09	-2.065538e+01	-7.141329e+01
6.230000e-06	-3.000206e-06	-1.145455e-09	-2.093207e+01	-7.212018e+01
6.240000e-06	-3.039600e-06	-1.156207e-09	-2.120692e+01	-7.281239e+01
6.250000e-06	-3.078718e-06	-1.166289e-09	-2.147984e+01	-7.349017e+01
6.260000e-06	-3.117551e-06	-1.173934e-09	-2.175077e+01	-7.415381e+01
6.270000e-06	-3.156000e-06	-1.182545e-09	-2.201902e+01	-7.480358e+01
6.280000e-06	-3.193966e-06	-1.194299e-09	-2.228391e+01	-7.543980e+01
6.290000e-06	-3.231623e-06	-1.204775e-09	-2.254664e+01	-7.606278e+01
6.300000e-06	-3.268994e-06	-1.214291e-09	-2.280737e+01	-7.667285e+01
6.310000e-06	-3.305920e-06	-1.226650e-09	-2.306500e+01	-7.727036e+01
6.320000e-06	-3.342619e-06	-1.238838e-09	-2.332104e+01	-7.785565e+01
6.330000e-06	-3.379114e-06	-1.247565e-09	-2.357566e+01	-7.842911e+01
6.340000e-06	-3.415432e-06	-1.253090e-09	-2.382905e+01	-7.899112e+01
6.350000e-06	-3.451691e-06	-1.258357e-09	-2.408203e+01	-7.954207e+01
6.360000e-06	-3.487840e-06	-1.266755e-09	-2.433423e+01	-8.008236e+01
6.370000e-06	-3.523714e-06	-1.279392e-09	-2.458452e+01	-8.061242e+01
6.380000e-06	-3.559350e-06	-1.293918e-09	-2.483315e+01	-8.113266e+01
6.390000e-06	-3.594742e-06	-1.306677e-09	-2.508008e+01	-8.164351e+01
6.400000e-06	-3.629894e-06	-1.316729e-09	-2.532532e+01	-8.214541e+01
6.410000e-06	-3.664844e-06	-1.324275e-09	-2.556917e+01	-8.263880e+01
6.420000e-06	-3.699447e-06	-1.331661e-09	-2.581059e+01	-8.312410e+01
6.430000e-06	-3.733746e-06	-1.339482e-09	-2.604989e+01	-8.360176e+01
6.440000e-06	-3.767899e-06	-1.346914e-09	-2.628817e+01	-8.407220e+01
6.450000e-06	-3.801839e-06	-1.353223e-09	-2.652497e+01	-8.453585e+01
6.460000e-06	-3.835408e-06	-1.358088e-09	-2.675917e+01	-8.499313e+01
6.470000e-06	-3.868648e-06	-1.362836e-09	-2.699108e+01	-8.544444e+01
6.480000e-06	-3.901574e-06	-1.370035e-09	-2.722081e+01	-8.589017e+01
6.490000e-06	-3.934209e-06	-1.381483e-09	-2.744849e+01	-8.633070e+01
6.500000e-06	-3.966682e-06	-1.392151e-09	-2.767506e+01	-8.676639e+01
6.510000e-06	-3.999014e-06	-1.399889e-09	-2.790064e+01	-8.719756e+01
6.520000e-06	-4.031241e-06	-1.407677e-09	-2.812548e+01	-8.762454e+01
6.530000e-06	-4.063254e-06	-1.416196e-09	-2.834883e+01	-8.804760e+01
6.540000e-06	-4.094936e-06	-1.424549e-09	-2.856987e+01	-8.846701e+01
6.550000e-06	-4.126260e-06	-1.431335e-09	-2.878841e+01	-8.888299e+01
6.560000e-06	-4.157207e-06	-1.438126e-09	-2.900432e+01	-8.929575e+01
6.570000e-06	-4.187689e-06	-1.444259e-09	-2.921699e+01	-8.970545e+01
6.580000e-06	-4.217585e-06	-1.448319e-09	-2.942557e+01	-9.011221e+01
6.590000e-06	-4.246977e-06	-1.452139e-09	-2.963064e+01	-9.051615e+01
6.600000e-06	-4.276030e-06	-1.457535e-09	-2.983334e+01	-9.091731e+01
6.610000e-06	-4.304817e-06	-1.464060e-09	-3.003418e+01	-9.131573e+01
6.620000e-06	-4.333323e-06	-1.470653e-09	-3.023307e+01	-9.171140e+01
6.630000e-06	-4.361598e-06	-1.476536e-09	-3.043033e+01	-9.210426e+01
6.640000e-06	-4.389710e-06	-1.482233e-09	-3.062647e+01	-9.249425e+01
6.650000e-06	-4.417629e-06	-1.486342e-09	-3.082126e+01	-9.288124e+01
6.660000e-06	-4.445311e-06	-1.488819e-09	-3.101439e+01	-9.326509e+01
6.670000e-06	-4.472718e-06	-1.490734e-09	-3.120561e+01	-9.364561e+01
6.680000e-06	-4.499778e-06	-1.493780e-09	-3.139440e+01	-9.402260e+01
6.690000e-06	-4.526458e-06	-1.499709e-09	-3.158054e+01	-9.439583e+01
6.700000e-06	-4.552788e-06	-1.507458e-09	-3.176424e+01	-9.476502e+01
6.710000e-06	-4.578815e-06	-1.515004e-09	-3.194584e+01	-9.512990e+01
6.720000e-06	-4.604468e-06	-1.518003e-09	-3.212481e+01	-9.549016e+01
6.730000e-06	-4.629766e-06	-1.519142e-09	-3.230131e+01	-9.584547e+01
6.740000e-06	-4.654788e-06	-1.520529e-09	-3.247589e+01	-9.619551e+01
6.750000e-06	-4.679460e-06	-1.520249e-09	-3.264802e+01	-9.653991e+01
6.760000e-06	-4.703863e-06	-1.522176e-09	-3.281828e+01	-9.687834e+01
6.770000e-06	-4.728183e-06	-1.529580e-09	-3.298796e+01	-9.721043e+01
6.780000e-06	-4.752345e-06	-1.536800e-09	-3.315653e+01	-9.753583e+01
6.790000e-06	-4.776154e-06	-1.542079e-09	-3.332265e+01	-9.785418e+01
6.800000e-06	-4.799557e-06	-1.547028e-09	-3.348592e+01	-9.816513e+01
6.810000e-06	-4.822483e-06	-1.551569e-09	-3.364588e+01	-9.846836e+01
6.820000e-06	-4.844750e-06	-1.555637e-09	-3.380123e+01	-9.876354e+01
6.830000e-06	-4.866427e-06	-1.558721e-09	-3.395247e+01	-9.905037e+01
6.840000e-06	-4.887738e-06	-1.563244e-09	-3.410115e+01	-9.932857e+01
6.850000e-06	-4.908709e-06	-1.568562e-09	-3.424746e+01	-9.959789e+01
6.860000e-06	-4.929272e-06	-1.572362e-09	-3.439093e+01	-9.985808e+01
6.870000e-06	-4.949590e-06	-1.573818e-09	-3.453269e+01	-1.001090e+02
6.880000e-06	-4.969760e-06	-1.577030e-09	-3.467341e+01	-1.003504e+02
6.890000e-06	-4.989655e-06	-1.580982e-09	-3.481221e+01	-1.005821e+02
6.900000e-06	-5.009265e-06	-1.582709e-09	-3.494903e+01	-1.008042e+02
6.910000e-06	-5.028526e-06	-1.585847e-09	-3.508341e+01	-1.010165e+02
6.920000e-06	-5.047426e-06	-1.591350e-09	-3.521527e+01	-1.012190e+02
6.930000e-06	-5.065963e-06	-1.596259e-09	-3.534460e+01	-1.014117e+02
6.940000e-06	-5.084113e-06	-1.599954e-09	-3.547124e+01	-1.015947e+02
6.950000e-06	-5.101934e-06	-1.602431e-09	-3.559557e+01	-1.017681e+02
6.960000e-06	-5.119403e-06	-1.601213e-09	-3.571745e+01	-1.019320e+02
6.970000e-06	-5.136496e-06	-1.600344e-09	-3.583670e+01	-1.020866e+02
6.980000e-06	-5.153318e-06	-1.603980e-09	-3.595407e+01	-1.022320e+02
6.990000e-06	-5.169858e-06	-1.608564e-09	-3.606947e+01	-1.023686e+02
7.000000e-06	-5.186135e-06	-1.611210e-09	-3.618303e+01	-1.024967e+02
7.010000e-06	-5.202148e-06	-1.616618e-09	-3.629475e+01	-1.026165e+02
7.020000e-06	-5.217698e-06	-1.622674e-09	-3.640324e+01	-1.027283e+02
7.030000e-06	-5.232697e-06	-1.623647e-09	-3.650789e+01	-1.028326e+02
7.040000e-06	-5.247016e-06	-1.622295e-09	-3.660779e+01	-1.029298e+02
7.050000e-06	-5.260724e-06	-1.621033e-09	-3.670343e+01	-1.030202e+02
7.060000e-06	-5.273936e-06	-1.619530e-09	-3.679561e+01	-1.031043e+02
7.070000e-06	-5.286661e-06	-1.618482e-09	-3.688439e+01	-1.031826e+02
7.080000e-06	-5.299041e-06	-1.620785e-09	-3.697076e+01	-1.032554e+02
7.090000e-06	-5.311057e-06	-1.624141e-09	-3.705460e+01	-1.033233e+02
7.100000e-06	-5.322701e-06	-1.626797e-09	-3.713583e+01	-1.033867e+02
7.110000e-06	-5.334041e-06	-1.629150e-09	-3.721495e+01	-1.034461e+02
7.120000e-06	-5.345026e-06	-1.630597e-09	-3.729159e+01	-1.035020e+02
7.130000e-06	-5.355594e-06	-1.631904e-09	-3.736533e+01	-1.035547e+02
7.140000e-06	-5.365793e-06	-1.634556e-09	-3.743648e+01	-1.036047e+02
7.150000e-06	-5.375637e-06	-1.637080e-09	-3.750516e+01	-1.036525e+02
7.160000e-06	-5.385101e-06	-1.638383e-09	-3.757119e+01	-1.036984e+02
7.170000e-06	-5.394155e-06	-1.639934e-09	-3.763436e+01	-1.037428e+02
7.180000e-06	-5.402847e-06	-1.640619e-09	-3.769501e+01	-1.037861e+02
7.190000e-06	-5.411314e-06	-1.641290e-09	-3.775408e+01	-1.038286e+02
7.200000e-06	-5.419583e-06	-1.643848e-09	-3.781177e+01	-1.038706e+02
7.210000e-06	-5.427536e-06	-1.645214e-09	-3.786725e+01	-1.039123e+02
7.220000e-06	-5.435055e-06	-1.644601e-09	-3.791972e+01	-1.039540e+02
7.230000e-06	-5.442123e-06	-1.646166e-09	-3.796903e+01	-1.039958e+02
7.240000e-06	-5.448646e-06	-1.647186e-09	-3.801454e+01	-1.040379e+02
7.250000e-06	-5.454621e-06	-1.644575e-09	-3.805622e+01	-1.040804e+02
7.260000e-06	-5.460031e-06	-1.641579e-09	-3.809397e+01	-1.041234e+02
7.270000e-06	-5.464916e-06	-1.641005e-09	-3.812805e+01	-1.041669e+02
7.280000e-06	-5.469447e-06	-1.640294e-09	-3.815966e+01	-1.042108e+02
7.290000e-06	-5.473738e-06	-1.638523e-09	-3.818960e+01	-1.042552e+02
7.300000e-06	-5.477895e-06	-1.637397e-09	-3.821861e+01	-1.043000e+02
7.310000e-06	-5.481765e-06	-1.635945e-09	-3.824560e+01	-1.043449e+02
7.320000e-06	-5.485125e-06	-1.634653e-09	-3.826905e+01	-1.043899e+02
7.330000e-06	-5.487999e-06	-1.634032e-09	-3.828910e+01	-1.044347e+02
7.340000e-06	-5.490655e-06	-1.633579e-09	-3.830763e+01	-1.044792e+02
7.350000e-06	-5.493049e-06	-1.631178e-09	-3.832433e+01	-1.045230e+02
7.360000e-06	-5.494932e-06	-1.628250e-09	-3.833747e+01	-1.045658e+02
7.370000e-06	-5.496405e-06	-1.626317e-09	-3.834775e+01	-1.046074e+02
7.380000e-06	-5.497565e-06	-1.623265e-09	-3.835584e+01	-1.046475e+02
7.390000e-06	-5.498366e-06	-1.620815e-09	-3.836143e+01	-1.046855e+02
7.400000e-06	-5.498867e-06	-1.620991e-09	-3.836492e+01	-1.047213e+02
