# Temperatura_=_-6.29
# Concentracion g/m^3_=_1620.0
# C_Vs_to_Am_M_A/Vsm_=_65563218390.804596
# pendiente_HvsI_1/m_=_3716.3
# ordenada_HvsI_A/m_=_1297.0
# frecuencia_Hz_=_135108.6318848917

Tiempo_(s)	Campo_(V.s)	Magnetizacion_(V.s)	Campo_(kA/m)	Magnetizacion_(A/m)
0.000000e+00	-5.505325e-06	-6.314941e-10	-3.836786e+01	-4.334097e+01
1.000000e-08	-5.505660e-06	-6.276257e-10	-3.837019e+01	-4.329205e+01
2.000000e-08	-5.505705e-06	-6.282909e-10	-3.837051e+01	-4.324748e+01
3.000000e-08	-5.505422e-06	-6.316859e-10	-3.836854e+01	-4.320735e+01
4.000000e-08	-5.504766e-06	-6.312622e-10	-3.836397e+01	-4.317171e+01
5.000000e-08	-5.503575e-06	-6.239895e-10	-3.835566e+01	-4.314059e+01
6.000000e-08	-5.501801e-06	-6.162462e-10	-3.834330e+01	-4.311399e+01
7.000000e-08	-5.499431e-06	-6.147844e-10	-3.832679e+01	-4.309187e+01
8.000000e-08	-5.496454e-06	-6.254834e-10	-3.830604e+01	-4.307415e+01
9.000000e-08	-5.492957e-06	-6.665669e-10	-3.828166e+01	-4.306074e+01
1.000000e-07	-5.488976e-06	-7.284230e-10	-3.825392e+01	-4.305151e+01
1.100000e-07	-5.484676e-06	-6.952324e-10	-3.822395e+01	-4.304629e+01
1.200000e-07	-5.480221e-06	-5.836186e-10	-3.819290e+01	-4.304491e+01
1.300000e-07	-5.475625e-06	-5.333599e-10	-3.816088e+01	-4.304716e+01
1.400000e-07	-5.470662e-06	-6.477171e-10	-3.812629e+01	-4.305278e+01
1.500000e-07	-5.465190e-06	-6.951195e-10	-3.808815e+01	-4.306153e+01
1.600000e-07	-5.459364e-06	-6.112207e-10	-3.804755e+01	-4.307311e+01
1.700000e-07	-5.453121e-06	-5.526472e-10	-3.800404e+01	-4.308724e+01
1.800000e-07	-5.446411e-06	-6.579496e-10	-3.795728e+01	-4.310358e+01
1.900000e-07	-5.439362e-06	-7.227163e-10	-3.790815e+01	-4.312182e+01
2.000000e-07	-5.432015e-06	-6.402302e-10	-3.785695e+01	-4.314160e+01
2.100000e-07	-5.424390e-06	-5.843058e-10	-3.780381e+01	-4.316257e+01
2.200000e-07	-5.416505e-06	-6.595968e-10	-3.774886e+01	-4.318438e+01
2.300000e-07	-5.408361e-06	-7.379253e-10	-3.769210e+01	-4.320666e+01
2.400000e-07	-5.399848e-06	-6.951065e-10	-3.763277e+01	-4.322905e+01
2.500000e-07	-5.390647e-06	-6.603476e-10	-3.756865e+01	-4.325117e+01
2.600000e-07	-5.380619e-06	-6.663305e-10	-3.749875e+01	-4.327268e+01
2.700000e-07	-5.369954e-06	-6.888026e-10	-3.742443e+01	-4.329321e+01
2.800000e-07	-5.358864e-06	-6.501494e-10	-3.734714e+01	-4.331241e+01
2.900000e-07	-5.347410e-06	-6.501877e-10	-3.726731e+01	-4.332996e+01
3.000000e-07	-5.335541e-06	-6.695331e-10	-3.718460e+01	-4.334553e+01
3.100000e-07	-5.323323e-06	-6.878092e-10	-3.709945e+01	-4.335882e+01
3.200000e-07	-5.310689e-06	-6.631640e-10	-3.701140e+01	-4.336952e+01
3.300000e-07	-5.297651e-06	-6.561574e-10	-3.692053e+01	-4.337736e+01
3.400000e-07	-5.284279e-06	-6.612789e-10	-3.682734e+01	-4.338211e+01
3.500000e-07	-5.270532e-06	-6.777350e-10	-3.673154e+01	-4.338351e+01
3.600000e-07	-5.256361e-06	-6.613170e-10	-3.663278e+01	-4.338137e+01
3.700000e-07	-5.241585e-06	-6.575829e-10	-3.652980e+01	-4.337549e+01
3.800000e-07	-5.226252e-06	-6.762874e-10	-3.642294e+01	-4.336572e+01
3.900000e-07	-5.210516e-06	-6.752207e-10	-3.631327e+01	-4.335192e+01
4.000000e-07	-5.194355e-06	-6.383206e-10	-3.620064e+01	-4.333398e+01
4.100000e-07	-5.177764e-06	-6.536819e-10	-3.608502e+01	-4.331181e+01
4.200000e-07	-5.160859e-06	-6.919244e-10	-3.596720e+01	-4.328535e+01
4.300000e-07	-5.143664e-06	-6.530865e-10	-3.584736e+01	-4.325456e+01
4.400000e-07	-5.126109e-06	-6.336254e-10	-3.572502e+01	-4.321944e+01
4.500000e-07	-5.108249e-06	-6.959258e-10	-3.560055e+01	-4.318000e+01
4.600000e-07	-5.090036e-06	-7.037077e-10	-3.547362e+01	-4.313628e+01
4.700000e-07	-5.071270e-06	-6.287422e-10	-3.534283e+01	-4.308833e+01
4.800000e-07	-5.052102e-06	-6.571265e-10	-3.520925e+01	-4.303623e+01
4.900000e-07	-5.032768e-06	-7.126599e-10	-3.507450e+01	-4.298008e+01
5.000000e-07	-5.013213e-06	-6.662773e-10	-3.493822e+01	-4.292001e+01
5.100000e-07	-4.993451e-06	-6.318064e-10	-3.480049e+01	-4.285616e+01
5.200000e-07	-4.973501e-06	-6.881086e-10	-3.466146e+01	-4.278866e+01
5.300000e-07	-4.953184e-06	-6.710162e-10	-3.451986e+01	-4.271769e+01
5.400000e-07	-4.932365e-06	-6.355936e-10	-3.437478e+01	-4.264343e+01
5.500000e-07	-4.911167e-06	-6.846536e-10	-3.422704e+01	-4.256607e+01
5.600000e-07	-4.889666e-06	-7.032109e-10	-3.407719e+01	-4.248581e+01
5.700000e-07	-4.867804e-06	-6.352156e-10	-3.392483e+01	-4.240284e+01
5.800000e-07	-4.845554e-06	-6.528118e-10	-3.376977e+01	-4.231739e+01
5.900000e-07	-4.822995e-06	-6.989516e-10	-3.361255e+01	-4.222967e+01
6.000000e-07	-4.800140e-06	-6.591701e-10	-3.345327e+01	-4.213989e+01
6.100000e-07	-4.776912e-06	-6.326379e-10	-3.329138e+01	-4.204826e+01
6.200000e-07	-4.753432e-06	-6.762332e-10	-3.312775e+01	-4.195502e+01
6.300000e-07	-4.729781e-06	-6.629651e-10	-3.296292e+01	-4.186035e+01
6.400000e-07	-4.705918e-06	-6.287411e-10	-3.279661e+01	-4.176448e+01
6.500000e-07	-4.681864e-06	-6.535589e-10	-3.262898e+01	-4.166760e+01
6.600000e-07	-4.657542e-06	-6.644775e-10	-3.245947e+01	-4.156991e+01
6.700000e-07	-4.632655e-06	-6.321608e-10	-3.228603e+01	-4.147158e+01
6.800000e-07	-4.607030e-06	-6.388140e-10	-3.210744e+01	-4.137279e+01
6.900000e-07	-4.580727e-06	-6.583500e-10	-3.192413e+01	-4.127370e+01
7.000000e-07	-4.553888e-06	-6.391098e-10	-3.173708e+01	-4.117445e+01
7.100000e-07	-4.526715e-06	-6.309110e-10	-3.154770e+01	-4.107520e+01
7.200000e-07	-4.499313e-06	-6.467537e-10	-3.135673e+01	-4.097605e+01
7.300000e-07	-4.471776e-06	-6.419292e-10	-3.116482e+01	-4.087712e+01
7.400000e-07	-4.444121e-06	-6.266722e-10	-3.097209e+01	-4.077849e+01
7.500000e-07	-4.416225e-06	-6.357621e-10	-3.077768e+01	-4.068025e+01
7.600000e-07	-4.388030e-06	-6.394531e-10	-3.058118e+01	-4.058246e+01
7.700000e-07	-4.359568e-06	-6.319458e-10	-3.038282e+01	-4.048516e+01
7.800000e-07	-4.330744e-06	-6.296435e-10	-3.018194e+01	-4.038838e+01
7.900000e-07	-4.301536e-06	-6.331662e-10	-2.997839e+01	-4.029213e+01
8.000000e-07	-4.272075e-06	-6.259158e-10	-2.977306e+01	-4.019643e+01
8.100000e-07	-4.242388e-06	-6.242435e-10	-2.956617e+01	-4.010124e+01
8.200000e-07	-4.212433e-06	-6.219129e-10	-2.935740e+01	-4.000654e+01
8.300000e-07	-4.182195e-06	-6.168077e-10	-2.914667e+01	-3.991229e+01
8.400000e-07	-4.151604e-06	-6.146828e-10	-2.893348e+01	-3.981842e+01
8.500000e-07	-4.120679e-06	-6.200335e-10	-2.871795e+01	-3.972486e+01
8.600000e-07	-4.089540e-06	-6.137031e-10	-2.850093e+01	-3.963153e+01
8.700000e-07	-4.058263e-06	-6.079046e-10	-2.828296e+01	-3.953834e+01
8.800000e-07	-4.026848e-06	-6.076231e-10	-2.806402e+01	-3.944517e+01
8.900000e-07	-3.995251e-06	-6.084646e-10	-2.784381e+01	-3.935191e+01
9.000000e-07	-3.963436e-06	-6.032098e-10	-2.762209e+01	-3.925843e+01
9.100000e-07	-3.931327e-06	-6.033127e-10	-2.739831e+01	-3.916461e+01
9.200000e-07	-3.898907e-06	-6.012716e-10	-2.717237e+01	-3.907029e+01
9.300000e-07	-3.866128e-06	-5.959513e-10	-2.694393e+01	-3.897534e+01
9.400000e-07	-3.832861e-06	-5.957283e-10	-2.671208e+01	-3.887961e+01
9.500000e-07	-3.799048e-06	-5.987280e-10	-2.647643e+01	-3.878293e+01
9.600000e-07	-3.764743e-06	-5.925665e-10	-2.623735e+01	-3.868514e+01
9.700000e-07	-3.729998e-06	-5.860652e-10	-2.599521e+01	-3.858610e+01
9.800000e-07	-3.694895e-06	-5.869412e-10	-2.575056e+01	-3.848563e+01
9.900000e-07	-3.659607e-06	-5.843062e-10	-2.550463e+01	-3.838357e+01
1.000000e-06	-3.624213e-06	-5.792942e-10	-2.525796e+01	-3.827977e+01
1.010000e-06	-3.588640e-06	-5.797587e-10	-2.501005e+01	-3.817406e+01
1.020000e-06	-3.552947e-06	-5.796969e-10	-2.476130e+01	-3.806628e+01
1.030000e-06	-3.517174e-06	-5.741269e-10	-2.451199e+01	-3.795628e+01
1.040000e-06	-3.481222e-06	-5.714782e-10	-2.426143e+01	-3.784392e+01
1.050000e-06	-3.444975e-06	-5.720997e-10	-2.400881e+01	-3.772904e+01
1.060000e-06	-3.408339e-06	-5.718304e-10	-2.375349e+01	-3.761150e+01
1.070000e-06	-3.371387e-06	-5.688541e-10	-2.349596e+01	-3.749117e+01
1.080000e-06	-3.334230e-06	-5.682064e-10	-2.323701e+01	-3.736792e+01
1.090000e-06	-3.296868e-06	-5.611298e-10	-2.297663e+01	-3.724163e+01
1.100000e-06	-3.259330e-06	-5.510349e-10	-2.271501e+01	-3.711218e+01
1.110000e-06	-3.221639e-06	-5.426331e-10	-2.245234e+01	-3.697946e+01
1.120000e-06	-3.183706e-06	-5.371357e-10	-2.218797e+01	-3.684338e+01
1.130000e-06	-3.145459e-06	-5.341752e-10	-2.192142e+01	-3.670385e+01
1.140000e-06	-3.107030e-06	-5.384705e-10	-2.165360e+01	-3.656077e+01
1.150000e-06	-3.068418e-06	-5.415023e-10	-2.138450e+01	-3.641406e+01
1.160000e-06	-3.029525e-06	-5.364584e-10	-2.111345e+01	-3.626367e+01
1.170000e-06	-2.990454e-06	-5.281178e-10	-2.084116e+01	-3.610952e+01
1.180000e-06	-2.951244e-06	-5.238511e-10	-2.056789e+01	-3.595156e+01
1.190000e-06	-2.911895e-06	-5.185108e-10	-2.029366e+01	-3.578973e+01
1.200000e-06	-2.872413e-06	-5.163363e-10	-2.001850e+01	-3.562400e+01
1.210000e-06	-2.832779e-06	-5.189224e-10	-1.974228e+01	-3.545432e+01
1.220000e-06	-2.793030e-06	-5.247270e-10	-1.946526e+01	-3.528066e+01
1.230000e-06	-2.753220e-06	-5.266603e-10	-1.918781e+01	-3.510299e+01
1.240000e-06	-2.713283e-06	-5.219600e-10	-1.890949e+01	-3.492129e+01
1.250000e-06	-2.673094e-06	-5.147071e-10	-1.862940e+01	-3.473552e+01
1.260000e-06	-2.632622e-06	-5.064216e-10	-1.834734e+01	-3.454567e+01
1.270000e-06	-2.591835e-06	-4.969400e-10	-1.806309e+01	-3.435171e+01
1.280000e-06	-2.550702e-06	-4.925073e-10	-1.777642e+01	-3.415362e+01
1.290000e-06	-2.509255e-06	-4.945869e-10	-1.748757e+01	-3.395137e+01
1.300000e-06	-2.467579e-06	-4.969927e-10	-1.719712e+01	-3.374495e+01
1.310000e-06	-2.425692e-06	-4.949739e-10	-1.690520e+01	-3.353431e+01
1.320000e-06	-2.383498e-06	-4.912494e-10	-1.661114e+01	-3.331942e+01
1.330000e-06	-2.340884e-06	-4.860835e-10	-1.631416e+01	-3.310025e+01
1.340000e-06	-2.297942e-06	-4.796863e-10	-1.601488e+01	-3.287674e+01
1.350000e-06	-2.254861e-06	-4.754132e-10	-1.571464e+01	-3.264883e+01
1.360000e-06	-2.211676e-06	-4.732836e-10	-1.541367e+01	-3.241646e+01
1.370000e-06	-2.168353e-06	-4.746979e-10	-1.511174e+01	-3.217955e+01
1.380000e-06	-2.124883e-06	-4.769558e-10	-1.480879e+01	-3.193802e+01
1.390000e-06	-2.081331e-06	-4.780330e-10	-1.450527e+01	-3.169176e+01
1.400000e-06	-2.037750e-06	-4.739895e-10	-1.420154e+01	-3.144066e+01
1.410000e-06	-1.994114e-06	-4.669031e-10	-1.389744e+01	-3.118458e+01
1.420000e-06	-1.950377e-06	-4.597441e-10	-1.359262e+01	-3.092338e+01
1.430000e-06	-1.906553e-06	-4.543388e-10	-1.328720e+01	-3.065691e+01
1.440000e-06	-1.862658e-06	-4.502316e-10	-1.298129e+01	-3.038499e+01
1.450000e-06	-1.818651e-06	-4.487846e-10	-1.267459e+01	-3.010741e+01
1.460000e-06	-1.774469e-06	-4.482400e-10	-1.236668e+01	-2.982397e+01
1.470000e-06	-1.730150e-06	-4.453120e-10	-1.205781e+01	-2.953444e+01
1.480000e-06	-1.685730e-06	-4.381811e-10	-1.174824e+01	-2.923858e+01
1.490000e-06	-1.641133e-06	-4.308484e-10	-1.143743e+01	-2.893611e+01
1.500000e-06	-1.596400e-06	-4.242681e-10	-1.112567e+01	-2.862675e+01
1.510000e-06	-1.551667e-06	-4.187442e-10	-1.081392e+01	-2.831020e+01
1.520000e-06	-1.506890e-06	-4.140353e-10	-1.050186e+01	-2.798616e+01
1.530000e-06	-1.461881e-06	-4.121017e-10	-1.018818e+01	-2.765428e+01
1.540000e-06	-1.416639e-06	-4.082466e-10	-9.872880e+00	-2.731421e+01
1.550000e-06	-1.371298e-06	-4.013889e-10	-9.556885e+00	-2.696561e+01
1.560000e-06	-1.325922e-06	-3.943891e-10	-9.240649e+00	-2.660808e+01
1.570000e-06	-1.280471e-06	-3.873455e-10	-8.923895e+00	-2.624126e+01
1.580000e-06	-1.234884e-06	-3.787463e-10	-8.606185e+00	-2.586474e+01
1.590000e-06	-1.189170e-06	-3.706224e-10	-8.287595e+00	-2.547812e+01
1.600000e-06	-1.143427e-06	-3.637989e-10	-7.968804e+00	-2.508100e+01
1.610000e-06	-1.097637e-06	-3.578857e-10	-7.649684e+00	-2.467296e+01
1.620000e-06	-1.051773e-06	-3.527817e-10	-7.330046e+00	-2.425359e+01
1.630000e-06	-1.005833e-06	-3.491212e-10	-7.009880e+00	-2.382248e+01
1.640000e-06	-9.598095e-07	-3.479342e-10	-6.689130e+00	-2.337922e+01
1.650000e-06	-9.137431e-07	-3.430407e-10	-6.368084e+00	-2.292341e+01
1.660000e-06	-8.675816e-07	-3.325912e-10	-6.046373e+00	-2.245466e+01
1.670000e-06	-8.213488e-07	-3.191335e-10	-5.724167e+00	-2.197258e+01
1.680000e-06	-7.750386e-07	-3.068011e-10	-5.401421e+00	-2.147680e+01
1.690000e-06	-7.287145e-07	-2.979186e-10	-5.078577e+00	-2.096698e+01
1.700000e-06	-6.823842e-07	-2.918080e-10	-4.755691e+00	-2.044278e+01
1.710000e-06	-6.359696e-07	-2.866819e-10	-4.432216e+00	-1.990391e+01
1.720000e-06	-5.895104e-07	-2.815928e-10	-4.108432e+00	-1.935007e+01
1.730000e-06	-5.430384e-07	-2.720312e-10	-3.784558e+00	-1.878102e+01
1.740000e-06	-4.965369e-07	-2.572845e-10	-3.460478e+00	-1.819653e+01
1.750000e-06	-4.499286e-07	-2.408672e-10	-3.135654e+00	-1.759643e+01
1.760000e-06	-4.033260e-07	-2.279841e-10	-2.810871e+00	-1.698056e+01
1.770000e-06	-3.567285e-07	-2.198397e-10	-2.486122e+00	-1.634881e+01
1.780000e-06	-3.101238e-07	-2.141551e-10	-2.161324e+00	-1.570111e+01
1.790000e-06	-2.635781e-07	-2.080383e-10	-1.836936e+00	-1.503744e+01
1.800000e-06	-2.169307e-07	-2.009295e-10	-1.511840e+00	-1.435782e+01
1.810000e-06	-1.701869e-07	-1.901685e-10	-1.186071e+00	-1.366232e+01
1.820000e-06	-1.235517e-07	-1.761026e-10	-8.610601e-01	-1.295105e+01
1.830000e-06	-7.697037e-08	-1.641956e-10	-5.364240e-01	-1.222418e+01
1.840000e-06	-3.030317e-08	-1.563583e-10	-2.111897e-01	-1.148193e+01
1.850000e-06	1.641754e-08	-1.489544e-10	1.144176e-01	-1.072457e+01
1.860000e-06	6.311592e-08	-1.411108e-10	4.398692e-01	-9.952418e+00
1.870000e-06	1.098295e-07	-1.322127e-10	7.654267e-01	-9.165844e+00
1.880000e-06	1.565923e-07	-1.206256e-10	1.091328e+00	-8.365273e+00
1.890000e-06	2.032597e-07	-1.073922e-10	1.416563e+00	-7.551182e+00
1.900000e-06	2.498813e-07	-9.356125e-11	1.741480e+00	-6.724096e+00
1.910000e-06	2.964305e-07	-7.959536e-11	2.065892e+00	-5.884589e+00
1.920000e-06	3.429519e-07	-6.783070e-11	2.390110e+00	-5.033282e+00
1.930000e-06	3.895635e-07	-5.953409e-11	2.714957e+00	-4.170844e+00
1.940000e-06	4.361722e-07	-5.048140e-11	3.039783e+00	-3.297987e+00
1.950000e-06	4.827768e-07	-3.925497e-11	3.364582e+00	-2.415462e+00
1.960000e-06	5.293790e-07	-2.780929e-11	3.689363e+00	-1.524062e+00
1.970000e-06	5.758546e-07	-1.636230e-11	4.013262e+00	-6.246141e-01
1.980000e-06	6.222193e-07	-4.961647e-12	4.336388e+00	2.820224e-01
1.990000e-06	6.685753e-07	6.988571e-12	4.659453e+00	1.194958e+00
2.000000e-06	7.148591e-07	1.886206e-11	4.982016e+00	2.113277e+00
2.010000e-06	7.610322e-07	3.103268e-11	5.303806e+00	3.036043e+00
2.020000e-06	8.071203e-07	4.634723e-11	5.625005e+00	3.962300e+00
2.030000e-06	8.531431e-07	6.268972e-11	5.945748e+00	4.891078e+00
2.040000e-06	8.991548e-07	7.698458e-11	6.266414e+00	5.821399e+00
2.050000e-06	9.451645e-07	8.797617e-11	6.587066e+00	6.752277e+00
2.060000e-06	9.910688e-07	9.796120e-11	6.906984e+00	7.682723e+00
2.070000e-06	1.036838e-06	1.082992e-10	7.225960e+00	8.611754e+00
2.080000e-06	1.082567e-06	1.204454e-10	7.544658e+00	9.538392e+00
2.090000e-06	1.128239e-06	1.341143e-10	7.862956e+00	1.046167e+01
2.100000e-06	1.173795e-06	1.492025e-10	8.180443e+00	1.138063e+01
2.110000e-06	1.219306e-06	1.628594e-10	8.497624e+00	1.229435e+01
2.120000e-06	1.264772e-06	1.730178e-10	8.814484e+00	1.320191e+01
2.130000e-06	1.310120e-06	1.822683e-10	9.130525e+00	1.410243e+01
2.140000e-06	1.355450e-06	1.931913e-10	9.446437e+00	1.499505e+01
2.150000e-06	1.400734e-06	2.056427e-10	9.762036e+00	1.587895e+01
2.160000e-06	1.445829e-06	2.184727e-10	1.007631e+01	1.675336e+01
2.170000e-06	1.490733e-06	2.316906e-10	1.038926e+01	1.761751e+01
2.180000e-06	1.535493e-06	2.462212e-10	1.070120e+01	1.847070e+01
2.190000e-06	1.580208e-06	2.600212e-10	1.101283e+01	1.931228e+01
2.200000e-06	1.624868e-06	2.706223e-10	1.132408e+01	2.014162e+01
2.210000e-06	1.669421e-06	2.800478e-10	1.163457e+01	2.095816e+01
2.220000e-06	1.713837e-06	2.888984e-10	1.194412e+01	2.176137e+01
2.230000e-06	1.758110e-06	2.997095e-10	1.225267e+01	2.255078e+01
2.240000e-06	1.802272e-06	3.116299e-10	1.256044e+01	2.332598e+01
2.250000e-06	1.846325e-06	3.209432e-10	1.286746e+01	2.408658e+01
2.260000e-06	1.890267e-06	3.283086e-10	1.317370e+01	2.483227e+01
2.270000e-06	1.934149e-06	3.365170e-10	1.347953e+01	2.556276e+01
2.280000e-06	1.977944e-06	3.460907e-10	1.378474e+01	2.627785e+01
2.290000e-06	2.021581e-06	3.567971e-10	1.408886e+01	2.697734e+01
2.300000e-06	2.065131e-06	3.692066e-10	1.439237e+01	2.766111e+01
2.310000e-06	2.108613e-06	3.810002e-10	1.469540e+01	2.832907e+01
2.320000e-06	2.151978e-06	3.917462e-10	1.499763e+01	2.898119e+01
2.330000e-06	2.195216e-06	4.022765e-10	1.529896e+01	2.961745e+01
2.340000e-06	2.238355e-06	4.102256e-10	1.559960e+01	3.023790e+01
2.350000e-06	2.281387e-06	4.201567e-10	1.589951e+01	3.084261e+01
2.360000e-06	2.324285e-06	4.355189e-10	1.619847e+01	3.143169e+01
2.370000e-06	2.367004e-06	4.504061e-10	1.649619e+01	3.200527e+01
2.380000e-06	2.409408e-06	4.592227e-10	1.679171e+01	3.256353e+01
2.390000e-06	2.451480e-06	4.653949e-10	1.708492e+01	3.310665e+01
2.400000e-06	2.493274e-06	4.725704e-10	1.737619e+01	3.363484e+01
2.410000e-06	2.534771e-06	4.776810e-10	1.766540e+01	3.414835e+01
2.420000e-06	2.575977e-06	4.822172e-10	1.795257e+01	3.464741e+01
2.430000e-06	2.616867e-06	4.905621e-10	1.823754e+01	3.513230e+01
2.440000e-06	2.657424e-06	5.006784e-10	1.852020e+01	3.560327e+01
2.450000e-06	2.697752e-06	5.081853e-10	1.880125e+01	3.606063e+01
2.460000e-06	2.737883e-06	5.126932e-10	1.908093e+01	3.650464e+01
2.470000e-06	2.777800e-06	5.179774e-10	1.935912e+01	3.693559e+01
2.480000e-06	2.817554e-06	5.266741e-10	1.963617e+01	3.735378e+01
2.490000e-06	2.857169e-06	5.354168e-10	1.991226e+01	3.775948e+01
2.500000e-06	2.896600e-06	5.421174e-10	2.018706e+01	3.815299e+01
2.510000e-06	2.935917e-06	5.482025e-10	2.046107e+01	3.853456e+01
2.520000e-06	2.975168e-06	5.536382e-10	2.073462e+01	3.890447e+01
2.530000e-06	3.014207e-06	5.592575e-10	2.100669e+01	3.926297e+01
2.540000e-06	3.053020e-06	5.653493e-10	2.127719e+01	3.961031e+01
2.550000e-06	3.091637e-06	5.696866e-10	2.154632e+01	3.994673e+01
2.560000e-06	3.129984e-06	5.729483e-10	2.181357e+01	4.027244e+01
2.570000e-06	3.168067e-06	5.759877e-10	2.207898e+01	4.058766e+01
2.580000e-06	3.205974e-06	5.774974e-10	2.234316e+01	4.089258e+01
2.590000e-06	3.243738e-06	5.779006e-10	2.260635e+01	4.118739e+01
2.600000e-06	3.281317e-06	5.817183e-10	2.286824e+01	4.147225e+01
2.610000e-06	3.318637e-06	5.877326e-10	2.312834e+01	4.174734e+01
2.620000e-06	3.355712e-06	5.915907e-10	2.338672e+01	4.201280e+01
2.630000e-06	3.392485e-06	5.941211e-10	2.364300e+01	4.226876e+01
2.640000e-06	3.428978e-06	5.968192e-10	2.389732e+01	4.251535e+01
2.650000e-06	3.465285e-06	6.011255e-10	2.415036e+01	4.275270e+01
2.660000e-06	3.501393e-06	6.069391e-10	2.440200e+01	4.298092e+01
2.670000e-06	3.537344e-06	6.106223e-10	2.465255e+01	4.320011e+01
2.680000e-06	3.573149e-06	6.125269e-10	2.490209e+01	4.341037e+01
2.690000e-06	3.608843e-06	6.149054e-10	2.515085e+01	4.361181e+01
2.700000e-06	3.644417e-06	6.162683e-10	2.539877e+01	4.380453e+01
2.710000e-06	3.679782e-06	6.167670e-10	2.564524e+01	4.398861e+01
2.720000e-06	3.714880e-06	6.187920e-10	2.588985e+01	4.416417e+01
2.730000e-06	3.749679e-06	6.222004e-10	2.613237e+01	4.433130e+01
2.740000e-06	3.784083e-06	6.238274e-10	2.637213e+01	4.449012e+01
2.750000e-06	3.817925e-06	6.237970e-10	2.660799e+01	4.464073e+01
2.760000e-06	3.851321e-06	6.231492e-10	2.684073e+01	4.478327e+01
2.770000e-06	3.884387e-06	6.231933e-10	2.707118e+01	4.491785e+01
2.780000e-06	3.917006e-06	6.248615e-10	2.729851e+01	4.504463e+01
2.790000e-06	3.949257e-06	6.291858e-10	2.752327e+01	4.516375e+01
2.800000e-06	3.981259e-06	6.339416e-10	2.774630e+01	4.527537e+01
2.810000e-06	4.013041e-06	6.357507e-10	2.796779e+01	4.537967e+01
2.820000e-06	4.044673e-06	6.374186e-10	2.818825e+01	4.547683e+01
2.830000e-06	4.076115e-06	6.404129e-10	2.840737e+01	4.556706e+01
2.840000e-06	4.107363e-06	6.429799e-10	2.862514e+01	4.565055e+01
2.850000e-06	4.138457e-06	6.462853e-10	2.884185e+01	4.572754e+01
2.860000e-06	4.169224e-06	6.502697e-10	2.905627e+01	4.579826e+01
2.870000e-06	4.199598e-06	6.514592e-10	2.926795e+01	4.586296e+01
2.880000e-06	4.229714e-06	6.501163e-10	2.947784e+01	4.592188e+01
2.890000e-06	4.259593e-06	6.501580e-10	2.968607e+01	4.597530e+01
2.900000e-06	4.289129e-06	6.523181e-10	2.989191e+01	4.602349e+01
2.910000e-06	4.318348e-06	6.538885e-10	3.009555e+01	4.606673e+01
2.920000e-06	4.347325e-06	6.554188e-10	3.029750e+01	4.610530e+01
2.930000e-06	4.375969e-06	6.594544e-10	3.049713e+01	4.613949e+01
2.940000e-06	4.404262e-06	6.640777e-10	3.069431e+01	4.616961e+01
2.950000e-06	4.432284e-06	6.669317e-10	3.088959e+01	4.619593e+01
2.960000e-06	4.460133e-06	6.681261e-10	3.108368e+01	4.621875e+01
2.970000e-06	4.487797e-06	6.676511e-10	3.127648e+01	4.623836e+01
2.980000e-06	4.515246e-06	6.681126e-10	3.146777e+01	4.625504e+01
2.990000e-06	4.542521e-06	6.711207e-10	3.165786e+01	4.626906e+01
3.000000e-06	4.569437e-06	6.747933e-10	3.184544e+01	4.628070e+01
3.010000e-06	4.595847e-06	6.738735e-10	3.202950e+01	4.629020e+01
3.020000e-06	4.621846e-06	6.708210e-10	3.221070e+01	4.629781e+01
3.030000e-06	4.647314e-06	6.717962e-10	3.238819e+01	4.630376e+01
3.040000e-06	4.672127e-06	6.746170e-10	3.256111e+01	4.630827e+01
3.050000e-06	4.696480e-06	6.750003e-10	3.273084e+01	4.631151e+01
3.060000e-06	4.720508e-06	6.737413e-10	3.289829e+01	4.631368e+01
3.070000e-06	4.744261e-06	6.742458e-10	3.306383e+01	4.631493e+01
3.080000e-06	4.767718e-06	6.735020e-10	3.322731e+01	4.631539e+01
3.090000e-06	4.790866e-06	6.714481e-10	3.338864e+01	4.631518e+01
3.100000e-06	4.813701e-06	6.725316e-10	3.354778e+01	4.631438e+01
3.110000e-06	4.836252e-06	6.755754e-10	3.370494e+01	4.631307e+01
3.120000e-06	4.858544e-06	6.775703e-10	3.386030e+01	4.631129e+01
3.130000e-06	4.880444e-06	6.802762e-10	3.401292e+01	4.630907e+01
3.140000e-06	4.901995e-06	6.846025e-10	3.416312e+01	4.630639e+01
3.150000e-06	4.923226e-06	6.877607e-10	3.431108e+01	4.630325e+01
3.160000e-06	4.944101e-06	6.886108e-10	3.445657e+01	4.629960e+01
3.170000e-06	4.964668e-06	6.857017e-10	3.459990e+01	4.629536e+01
3.180000e-06	4.984908e-06	6.804143e-10	3.474095e+01	4.629047e+01
3.190000e-06	5.004829e-06	6.781534e-10	3.487979e+01	4.628482e+01
3.200000e-06	5.024524e-06	6.779279e-10	3.501705e+01	4.627828e+01
3.210000e-06	5.044050e-06	6.782891e-10	3.515313e+01	4.627074e+01
3.220000e-06	5.063374e-06	6.795380e-10	3.528781e+01	4.626204e+01
3.230000e-06	5.082385e-06	6.814554e-10	3.542030e+01	4.625203e+01
3.240000e-06	5.101024e-06	6.824934e-10	3.555020e+01	4.624055e+01
3.250000e-06	5.119230e-06	6.786442e-10	3.567708e+01	4.622742e+01
3.260000e-06	5.136888e-06	6.738527e-10	3.580014e+01	4.621248e+01
3.270000e-06	5.154139e-06	6.741264e-10	3.592037e+01	4.619555e+01
3.280000e-06	5.171094e-06	6.772646e-10	3.603853e+01	4.617646e+01
3.290000e-06	5.187720e-06	6.815281e-10	3.615440e+01	4.615503e+01
3.300000e-06	5.203987e-06	6.849388e-10	3.626777e+01	4.613111e+01
3.310000e-06	5.219905e-06	6.852980e-10	3.637870e+01	4.610454e+01
3.320000e-06	5.235437e-06	6.819608e-10	3.648695e+01	4.607516e+01
3.330000e-06	5.250456e-06	6.777171e-10	3.659162e+01	4.604286e+01
3.340000e-06	5.264962e-06	6.752543e-10	3.669272e+01	4.600752e+01
3.350000e-06	5.278999e-06	6.754636e-10	3.679054e+01	4.596903e+01
3.360000e-06	5.292641e-06	6.790096e-10	3.688562e+01	4.592731e+01
3.370000e-06	5.305937e-06	6.830915e-10	3.697828e+01	4.588231e+01
3.380000e-06	5.318858e-06	6.842248e-10	3.706833e+01	4.583399e+01
3.390000e-06	5.331379e-06	6.829245e-10	3.715559e+01	4.578233e+01
3.400000e-06	5.343499e-06	6.813317e-10	3.724006e+01	4.572734e+01
3.410000e-06	5.355314e-06	6.794874e-10	3.732240e+01	4.566906e+01
3.420000e-06	5.366848e-06	6.779223e-10	3.740279e+01	4.560754e+01
3.430000e-06	5.378018e-06	6.795422e-10	3.748063e+01	4.554288e+01
3.440000e-06	5.388699e-06	6.850169e-10	3.755507e+01	4.547518e+01
3.450000e-06	5.398813e-06	6.894711e-10	3.762555e+01	4.540457e+01
3.460000e-06	5.408278e-06	6.898619e-10	3.769152e+01	4.533124e+01
3.470000e-06	5.417078e-06	6.880529e-10	3.775285e+01	4.525535e+01
3.480000e-06	5.425326e-06	6.855209e-10	3.781033e+01	4.517712e+01
3.490000e-06	5.433164e-06	6.830558e-10	3.786496e+01	4.509679e+01
3.500000e-06	5.440731e-06	6.815840e-10	3.791769e+01	4.501460e+01
3.510000e-06	5.448108e-06	6.796067e-10	3.796910e+01	4.493083e+01
3.520000e-06	5.455243e-06	6.785456e-10	3.801883e+01	4.484577e+01
3.530000e-06	5.461982e-06	6.806982e-10	3.806580e+01	4.475972e+01
3.540000e-06	5.468342e-06	6.829382e-10	3.811012e+01	4.467300e+01
3.550000e-06	5.474331e-06	6.825617e-10	3.815186e+01	4.458595e+01
3.560000e-06	5.479920e-06	6.825211e-10	3.819081e+01	4.449889e+01
3.570000e-06	5.485068e-06	6.836345e-10	3.822669e+01	4.441216e+01
3.580000e-06	5.489809e-06	6.825354e-10	3.825973e+01	4.432612e+01
3.590000e-06	5.494179e-06	6.800907e-10	3.829019e+01	4.424110e+01
3.600000e-06	5.498246e-06	6.808498e-10	3.831852e+01	4.415746e+01
3.610000e-06	5.502056e-06	6.838539e-10	3.834508e+01	4.407551e+01
3.620000e-06	5.505636e-06	6.865533e-10	3.837003e+01	4.399561e+01
3.630000e-06	5.509011e-06	6.866829e-10	3.839355e+01	4.391805e+01
3.640000e-06	5.512071e-06	6.854069e-10	3.841488e+01	4.384315e+01
3.650000e-06	5.514643e-06	6.852576e-10	3.843280e+01	4.377120e+01
3.660000e-06	5.516596e-06	6.862084e-10	3.844641e+01	4.370246e+01
3.670000e-06	5.517849e-06	6.874536e-10	3.845514e+01	4.363719e+01
3.680000e-06	5.518436e-06	6.896498e-10	3.845924e+01	4.357561e+01
3.690000e-06	5.518546e-06	6.944802e-10	3.846000e+01	4.351792e+01
3.700000e-06	5.518349e-06	7.001018e-10	3.845863e+01	4.346431e+01
3.710000e-06	5.517988e-06	7.028273e-10	3.845611e+01	4.341492e+01
3.720000e-06	5.517382e-06	7.028453e-10	3.845189e+01	4.336987e+01
3.730000e-06	5.516381e-06	7.027371e-10	3.844492e+01	4.332925e+01
3.740000e-06	5.515040e-06	7.077705e-10	3.843557e+01	4.329312e+01
3.750000e-06	5.513365e-06	7.172085e-10	3.842389e+01	4.326151e+01
3.760000e-06	5.511350e-06	7.179550e-10	3.840985e+01	4.323442e+01
3.770000e-06	5.508939e-06	7.131700e-10	3.839305e+01	4.321181e+01
3.780000e-06	5.506096e-06	6.833898e-10	3.837324e+01	4.319361e+01
3.790000e-06	5.502819e-06	6.010477e-10	3.835040e+01	4.317973e+01
3.800000e-06	5.499028e-06	5.787312e-10	3.832398e+01	4.317004e+01
3.810000e-06	5.494820e-06	6.884215e-10	3.829465e+01	4.316438e+01
3.820000e-06	5.490407e-06	8.074177e-10	3.826390e+01	4.316257e+01
3.830000e-06	5.485973e-06	7.486372e-10	3.823299e+01	4.316441e+01
3.840000e-06	5.481316e-06	6.431720e-10	3.820054e+01	4.316964e+01
3.850000e-06	5.476037e-06	6.737139e-10	3.816375e+01	4.317802e+01
3.860000e-06	5.470141e-06	7.506214e-10	3.812266e+01	4.318927e+01
3.870000e-06	5.463913e-06	6.917007e-10	3.807925e+01	4.320308e+01
3.880000e-06	5.457269e-06	5.784724e-10	3.803295e+01	4.321913e+01
3.890000e-06	5.449964e-06	6.952966e-10	3.798204e+01	4.323711e+01
3.900000e-06	5.442117e-06	8.362818e-10	3.792735e+01	4.325666e+01
3.910000e-06	5.433970e-06	7.277964e-10	3.787057e+01	4.327743e+01
3.920000e-06	5.425512e-06	5.175449e-10	3.781163e+01	4.329907e+01
3.930000e-06	5.416664e-06	5.970910e-10	3.774996e+01	4.332121e+01
3.940000e-06	5.407512e-06	7.797867e-10	3.768618e+01	4.334349e+01
3.950000e-06	5.398171e-06	7.302195e-10	3.762108e+01	4.336553e+01
3.960000e-06	5.388402e-06	5.919680e-10	3.755300e+01	4.338698e+01
3.970000e-06	5.378020e-06	6.508446e-10	3.748065e+01	4.340749e+01
3.980000e-06	5.367290e-06	7.395304e-10	3.740586e+01	4.342671e+01
3.990000e-06	5.356329e-06	6.613852e-10	3.732948e+01	4.344429e+01
4.000000e-06	5.344993e-06	6.033104e-10	3.725047e+01	4.345992e+01
4.010000e-06	5.333168e-06	6.749288e-10	3.716806e+01	4.347329e+01
4.020000e-06	5.320947e-06	7.112533e-10	3.708289e+01	4.348410e+01
4.030000e-06	5.308310e-06	6.329470e-10	3.699482e+01	4.349208e+01
4.040000e-06	5.295148e-06	6.247709e-10	3.690309e+01	4.349697e+01
4.050000e-06	5.281626e-06	6.799983e-10	3.680885e+01	4.349855e+01
4.060000e-06	5.267705e-06	6.861522e-10	3.671183e+01	4.349659e+01
4.070000e-06	5.253081e-06	6.126948e-10	3.660991e+01	4.349092e+01
4.080000e-06	5.237719e-06	6.126641e-10	3.650286e+01	4.348136e+01
4.090000e-06	5.221892e-06	6.838155e-10	3.639256e+01	4.346779e+01
4.100000e-06	5.205832e-06	7.060878e-10	3.628062e+01	4.345008e+01
4.110000e-06	5.189465e-06	6.146144e-10	3.616656e+01	4.342815e+01
4.120000e-06	5.172784e-06	5.948934e-10	3.605031e+01	4.340193e+01
4.130000e-06	5.155864e-06	6.859991e-10	3.593239e+01	4.337139e+01
4.140000e-06	5.138605e-06	6.891617e-10	3.581211e+01	4.333652e+01
4.150000e-06	5.120811e-06	5.913706e-10	3.568810e+01	4.329732e+01
4.160000e-06	5.102627e-06	6.351671e-10	3.556137e+01	4.325383e+01
4.170000e-06	5.084221e-06	7.134806e-10	3.543309e+01	4.320612e+01
4.180000e-06	5.065455e-06	6.236621e-10	3.530231e+01	4.315424e+01
4.190000e-06	5.046345e-06	5.804056e-10	3.516913e+01	4.309832e+01
4.200000e-06	5.026913e-06	6.919740e-10	3.503370e+01	4.303845e+01
4.210000e-06	5.007070e-06	6.755162e-10	3.489541e+01	4.297479e+01
4.220000e-06	4.986922e-06	5.656157e-10	3.475499e+01	4.290747e+01
4.230000e-06	4.966627e-06	6.364694e-10	3.461356e+01	4.283667e+01
4.240000e-06	4.946130e-06	7.005940e-10	3.447070e+01	4.276257e+01
4.250000e-06	4.925288e-06	6.071930e-10	3.432545e+01	4.268534e+01
4.260000e-06	4.904123e-06	6.042295e-10	3.417795e+01	4.260519e+01
4.270000e-06	4.882517e-06	6.862700e-10	3.402737e+01	4.252233e+01
4.280000e-06	4.860287e-06	6.256993e-10	3.387245e+01	4.243696e+01
4.290000e-06	4.837454e-06	5.904953e-10	3.371332e+01	4.234930e+01
4.300000e-06	4.814115e-06	6.732217e-10	3.355066e+01	4.225957e+01
4.310000e-06	4.790418e-06	6.635595e-10	3.338551e+01	4.216798e+01
4.320000e-06	4.766392e-06	5.926242e-10	3.321807e+01	4.207474e+01
4.330000e-06	4.742059e-06	6.468441e-10	3.304849e+01	4.198007e+01
4.340000e-06	4.717491e-06	6.827902e-10	3.287727e+01	4.188418e+01
4.350000e-06	4.692733e-06	6.299053e-10	3.270472e+01	4.178726e+01
4.360000e-06	4.667701e-06	6.254920e-10	3.253027e+01	4.168951e+01
4.370000e-06	4.642270e-06	6.589376e-10	3.235304e+01	4.159111e+01
4.380000e-06	4.616444e-06	6.294031e-10	3.217305e+01	4.149223e+01
4.390000e-06	4.590282e-06	6.181306e-10	3.199072e+01	4.139305e+01
4.400000e-06	4.563845e-06	6.502752e-10	3.180647e+01	4.129370e+01
4.410000e-06	4.537190e-06	6.487094e-10	3.162071e+01	4.119432e+01
4.420000e-06	4.510178e-06	6.218229e-10	3.143246e+01	4.109505e+01
4.430000e-06	4.482751e-06	6.311482e-10	3.124131e+01	4.099598e+01
4.440000e-06	4.455052e-06	6.465244e-10	3.104827e+01	4.089721e+01
4.450000e-06	4.427083e-06	6.374857e-10	3.085335e+01	4.079881e+01
4.460000e-06	4.398847e-06	6.284182e-10	3.065656e+01	4.070087e+01
4.470000e-06	4.370454e-06	6.326110e-10	3.045869e+01	4.060341e+01
4.480000e-06	4.342002e-06	6.324823e-10	3.026040e+01	4.050647e+01
4.490000e-06	4.313347e-06	6.308705e-10	3.006070e+01	4.041006e+01
4.500000e-06	4.284272e-06	6.361203e-10	2.985806e+01	4.031420e+01
4.510000e-06	4.254680e-06	6.354465e-10	2.965183e+01	4.021885e+01
4.520000e-06	4.224538e-06	6.295072e-10	2.944176e+01	4.012400e+01
4.530000e-06	4.193898e-06	6.295222e-10	2.922823e+01	4.002959e+01
4.540000e-06	4.162728e-06	6.335804e-10	2.901100e+01	3.993558e+01
4.550000e-06	4.131139e-06	6.320752e-10	2.879085e+01	3.984188e+01
4.560000e-06	4.099302e-06	6.300107e-10	2.856897e+01	3.974842e+01
4.570000e-06	4.067206e-06	6.212224e-10	2.834529e+01	3.965510e+01
4.580000e-06	4.034927e-06	6.159313e-10	2.812032e+01	3.956182e+01
4.590000e-06	4.002481e-06	6.197139e-10	2.789420e+01	3.946846e+01
4.600000e-06	3.969880e-06	6.222941e-10	2.766700e+01	3.937489e+01
4.610000e-06	3.937082e-06	6.135805e-10	2.743842e+01	3.928098e+01
4.620000e-06	3.904008e-06	6.116936e-10	2.720792e+01	3.918660e+01
4.630000e-06	3.870638e-06	6.119001e-10	2.697536e+01	3.909159e+01
4.640000e-06	3.836893e-06	6.075932e-10	2.674018e+01	3.899581e+01
4.650000e-06	3.802855e-06	6.034458e-10	2.650296e+01	3.889910e+01
4.660000e-06	3.768694e-06	6.056227e-10	2.626488e+01	3.880130e+01
4.670000e-06	3.734380e-06	6.039062e-10	2.602574e+01	3.870225e+01
4.680000e-06	3.699798e-06	6.033609e-10	2.578473e+01	3.860179e+01
4.690000e-06	3.664920e-06	6.097466e-10	2.554166e+01	3.849976e+01
4.700000e-06	3.629768e-06	6.135383e-10	2.529668e+01	3.839599e+01
4.710000e-06	3.594313e-06	6.034769e-10	2.504958e+01	3.829033e+01
4.720000e-06	3.558535e-06	5.947418e-10	2.480024e+01	3.818261e+01
4.730000e-06	3.522519e-06	5.939657e-10	2.454924e+01	3.807269e+01
4.740000e-06	3.486400e-06	5.918010e-10	2.429752e+01	3.796041e+01
4.750000e-06	3.450201e-06	5.879692e-10	2.404523e+01	3.784563e+01
4.760000e-06	3.413829e-06	5.880534e-10	2.379175e+01	3.772820e+01
4.770000e-06	3.377335e-06	5.858196e-10	2.353741e+01	3.760799e+01
4.780000e-06	3.340746e-06	5.810446e-10	2.328242e+01	3.748487e+01
4.790000e-06	3.303975e-06	5.816648e-10	2.302616e+01	3.735873e+01
4.800000e-06	3.266929e-06	5.810969e-10	2.276797e+01	3.722943e+01
4.810000e-06	3.229442e-06	5.778471e-10	2.250671e+01	3.709687e+01
4.820000e-06	3.191449e-06	5.769386e-10	2.224194e+01	3.696096e+01
4.830000e-06	3.153076e-06	5.779810e-10	2.197450e+01	3.682160e+01
4.840000e-06	3.114397e-06	5.759241e-10	2.170494e+01	3.667870e+01
4.850000e-06	3.075354e-06	5.739469e-10	2.143284e+01	3.653219e+01
4.860000e-06	3.035869e-06	5.716889e-10	2.115766e+01	3.638199e+01
4.870000e-06	2.996054e-06	5.674240e-10	2.088018e+01	3.622804e+01
4.880000e-06	2.956085e-06	5.625419e-10	2.060163e+01	3.607028e+01
4.890000e-06	2.915983e-06	5.611247e-10	2.032215e+01	3.590866e+01
4.900000e-06	2.875773e-06	5.608746e-10	2.004192e+01	3.574314e+01
4.910000e-06	2.835460e-06	5.593905e-10	1.976097e+01	3.557368e+01
4.920000e-06	2.795040e-06	5.557217e-10	1.947927e+01	3.540024e+01
4.930000e-06	2.754496e-06	5.545147e-10	1.919671e+01	3.522279e+01
4.940000e-06	2.713795e-06	5.544766e-10	1.891305e+01	3.504130e+01
4.950000e-06	2.672919e-06	5.547912e-10	1.862818e+01	3.485576e+01
4.960000e-06	2.631882e-06	5.535532e-10	1.834218e+01	3.466613e+01
4.970000e-06	2.590659e-06	5.516202e-10	1.805489e+01	3.447240e+01
4.980000e-06	2.549159e-06	5.504524e-10	1.776567e+01	3.427454e+01
4.990000e-06	2.507474e-06	5.512248e-10	1.747516e+01	3.407253e+01
5.000000e-06	2.465733e-06	5.514614e-10	1.718426e+01	3.386633e+01
5.010000e-06	2.423851e-06	5.498292e-10	1.689237e+01	3.365593e+01
5.020000e-06	2.381699e-06	5.464742e-10	1.659860e+01	3.344129e+01
5.030000e-06	2.339345e-06	5.437397e-10	1.630343e+01	3.322236e+01
5.040000e-06	2.296953e-06	5.409607e-10	1.600799e+01	3.299909e+01
5.050000e-06	2.254481e-06	5.371288e-10	1.571199e+01	3.277144e+01
5.060000e-06	2.211770e-06	5.353703e-10	1.541433e+01	3.253933e+01
5.070000e-06	2.168810e-06	5.362694e-10	1.511493e+01	3.230269e+01
5.080000e-06	2.125694e-06	5.361704e-10	1.481444e+01	3.206143e+01
5.090000e-06	2.082454e-06	5.329405e-10	1.451310e+01	3.181545e+01
5.100000e-06	2.039082e-06	5.289580e-10	1.421083e+01	3.156463e+01
5.110000e-06	1.995495e-06	5.245712e-10	1.390706e+01	3.130886e+01
5.120000e-06	1.951751e-06	5.196752e-10	1.360220e+01	3.104798e+01
5.130000e-06	1.907910e-06	5.166940e-10	1.329666e+01	3.078184e+01
5.140000e-06	1.863957e-06	5.173015e-10	1.299034e+01	3.051026e+01
5.150000e-06	1.819882e-06	5.164929e-10	1.268318e+01	3.023305e+01
5.160000e-06	1.775688e-06	5.114687e-10	1.237517e+01	2.994999e+01
5.170000e-06	1.731459e-06	5.050991e-10	1.206693e+01	2.966087e+01
5.180000e-06	1.687212e-06	5.007194e-10	1.175857e+01	2.936542e+01
5.190000e-06	1.642913e-06	4.958129e-10	1.144984e+01	2.906339e+01
5.200000e-06	1.598547e-06	4.905515e-10	1.114064e+01	2.875451e+01
5.210000e-06	1.554099e-06	4.843661e-10	1.083087e+01	2.843846e+01
5.220000e-06	1.509583e-06	4.773988e-10	1.052063e+01	2.811493e+01
5.230000e-06	1.465001e-06	4.711920e-10	1.020993e+01	2.778360e+01
5.240000e-06	1.420376e-06	4.640298e-10	9.898925e+00	2.744412e+01
5.250000e-06	1.375711e-06	4.558233e-10	9.587641e+00	2.709612e+01
5.260000e-06	1.330951e-06	4.489803e-10	9.275703e+00	2.673924e+01
5.270000e-06	1.286075e-06	4.437726e-10	8.962949e+00	2.637309e+01
5.280000e-06	1.241047e-06	4.410981e-10	8.649139e+00	2.599728e+01
5.290000e-06	1.195918e-06	4.371600e-10	8.334622e+00	2.561140e+01
5.300000e-06	1.150724e-06	4.283489e-10	8.019655e+00	2.521506e+01
5.310000e-06	1.105516e-06	4.163252e-10	7.704590e+00	2.480783e+01
5.320000e-06	1.060167e-06	4.050461e-10	7.388548e+00	2.438930e+01
5.330000e-06	1.014577e-06	3.956567e-10	7.070819e+00	2.395907e+01
5.340000e-06	9.689576e-07	3.887429e-10	6.752886e+00	2.351672e+01
5.350000e-06	9.233320e-07	3.840559e-10	6.434911e+00	2.306186e+01
5.360000e-06	8.775841e-07	3.784475e-10	6.116083e+00	2.259408e+01
5.370000e-06	8.317332e-07	3.704615e-10	5.796538e+00	2.211301e+01
5.380000e-06	7.858764e-07	3.615406e-10	5.476952e+00	2.161827e+01
5.390000e-06	7.399954e-07	3.523159e-10	5.157197e+00	2.110952e+01
5.400000e-06	6.940018e-07	3.423545e-10	4.836656e+00	2.058641e+01
5.410000e-06	6.479922e-07	3.333014e-10	4.516005e+00	2.004866e+01
5.420000e-06	6.019659e-07	3.259118e-10	4.195237e+00	1.949596e+01
5.430000e-06	5.557838e-07	3.189650e-10	3.873383e+00	1.892807e+01
5.440000e-06	5.095310e-07	3.120784e-10	3.551037e+00	1.834476e+01
5.450000e-06	4.632244e-07	3.048737e-10	3.228316e+00	1.774585e+01
5.460000e-06	4.168209e-07	2.944921e-10	2.904920e+00	1.713118e+01
5.470000e-06	3.704350e-07	2.818319e-10	2.581646e+00	1.650064e+01
5.480000e-06	3.240178e-07	2.711597e-10	2.258154e+00	1.585416e+01
5.490000e-06	2.776156e-07	2.614867e-10	1.934766e+00	1.519171e+01
5.500000e-06	2.312898e-07	2.512585e-10	1.611911e+00	1.451330e+01
5.510000e-06	1.849406e-07	2.411516e-10	1.288893e+00	1.381900e+01
5.520000e-06	1.386021e-07	2.302686e-10	9.659493e-01	1.310892e+01
5.530000e-06	9.225473e-08	2.187449e-10	6.429442e-01	1.238323e+01
5.540000e-06	4.582535e-08	2.090680e-10	3.193673e-01	1.164214e+01
5.550000e-06	-5.622346e-10	2.032258e-10	-3.918341e-03	1.088591e+01
5.560000e-06	-4.690968e-08	1.947503e-10	-3.269242e-01	1.011486e+01
5.570000e-06	-9.327978e-08	1.822469e-10	-6.500880e-01	9.329356e+00
5.580000e-06	-1.396699e-07	1.684153e-10	-9.733914e-01	8.529819e+00
5.590000e-06	-1.860742e-07	1.552907e-10	-1.296793e+00	7.716719e+00
5.600000e-06	-2.324512e-07	1.447957e-10	-1.620005e+00	6.890579e+00
5.610000e-06	-2.787758e-07	1.345372e-10	-1.942852e+00	6.051968e+00
5.620000e-06	-3.250922e-07	1.236735e-10	-2.265641e+00	5.201504e+00
5.630000e-06	-3.714024e-07	1.125379e-10	-2.588387e+00	4.339851e+00
5.640000e-06	-4.176372e-07	9.928610e-11	-2.910608e+00	3.467718e+00
5.650000e-06	-4.638582e-07	8.360510e-11	-3.232734e+00	2.585854e+00
5.660000e-06	-5.100068e-07	6.689501e-11	-3.554353e+00	1.695046e+00
5.670000e-06	-5.561061e-07	4.843278e-11	-3.875630e+00	7.961206e-01
5.680000e-06	-6.022429e-07	3.034838e-11	-4.197168e+00	-1.100662e-01
5.690000e-06	-6.483198e-07	1.602269e-11	-4.518288e+00	-1.022627e+00
5.700000e-06	-6.942406e-07	4.060517e-12	-4.838321e+00	-1.940649e+00
5.710000e-06	-7.400252e-07	-9.035232e-12	-5.157404e+00	-2.863196e+00
5.720000e-06	-7.857776e-07	-2.377089e-11	-5.476263e+00	-3.789315e+00
5.730000e-06	-8.315564e-07	-4.057618e-11	-5.795306e+00	-4.718036e+00
5.740000e-06	-8.772973e-07	-5.973870e-11	-6.114084e+00	-5.648382e+00
5.750000e-06	-9.229585e-07	-7.697718e-11	-6.432308e+00	-6.579367e+00
5.760000e-06	-9.684719e-07	-9.133021e-11	-6.749501e+00	-7.510003e+00
5.770000e-06	-1.013859e-06	-1.047547e-10	-7.065814e+00	-8.439305e+00
5.780000e-06	-1.059175e-06	-1.167012e-10	-7.381633e+00	-9.366295e+00
5.790000e-06	-1.104341e-06	-1.285393e-10	-7.696403e+00	-1.029000e+01
5.800000e-06	-1.149369e-06	-1.439639e-10	-8.010213e+00	-1.120948e+01
5.810000e-06	-1.194292e-06	-1.628728e-10	-8.323290e+00	-1.212379e+01
5.820000e-06	-1.239125e-06	-1.827448e-10	-8.635742e+00	-1.303201e+01
5.830000e-06	-1.283964e-06	-2.016019e-10	-8.948239e+00	-1.393326e+01
5.840000e-06	-1.328790e-06	-2.168283e-10	-9.260638e+00	-1.482669e+01
5.850000e-06	-1.373542e-06	-2.285041e-10	-9.572525e+00	-1.571147e+01
5.860000e-06	-1.418212e-06	-2.390074e-10	-9.883844e+00	-1.658680e+01
5.870000e-06	-1.462780e-06	-2.505848e-10	-1.019445e+01	-1.745195e+01
5.880000e-06	-1.507287e-06	-2.647295e-10	-1.050462e+01	-1.830620e+01
5.890000e-06	-1.551727e-06	-2.794902e-10	-1.081434e+01	-1.914889e+01
5.900000e-06	-1.596089e-06	-2.934689e-10	-1.112351e+01	-1.997939e+01
5.910000e-06	-1.640418e-06	-3.090878e-10	-1.143245e+01	-2.079713e+01
5.920000e-06	-1.684706e-06	-3.249794e-10	-1.174110e+01	-2.160158e+01
5.930000e-06	-1.728871e-06	-3.384215e-10	-1.204889e+01	-2.239228e+01
5.940000e-06	-1.772943e-06	-3.501919e-10	-1.235604e+01	-2.316879e+01
5.950000e-06	-1.816964e-06	-3.607663e-10	-1.266283e+01	-2.393074e+01
5.960000e-06	-1.860908e-06	-3.714426e-10	-1.296909e+01	-2.467780e+01
5.970000e-06	-1.904747e-06	-3.837579e-10	-1.327461e+01	-2.540968e+01
5.980000e-06	-1.948481e-06	-3.955556e-10	-1.357941e+01	-2.612617e+01
5.990000e-06	-1.992112e-06	-4.078672e-10	-1.388348e+01	-2.682708e+01
6.000000e-06	-2.035593e-06	-4.228186e-10	-1.418651e+01	-2.751228e+01
6.010000e-06	-2.078878e-06	-4.372031e-10	-1.448817e+01	-2.818168e+01
6.020000e-06	-2.121918e-06	-4.483764e-10	-1.478813e+01	-2.883524e+01
6.030000e-06	-2.164802e-06	-4.577441e-10	-1.508700e+01	-2.947293e+01
6.040000e-06	-2.207585e-06	-4.659436e-10	-1.538516e+01	-3.009482e+01
6.050000e-06	-2.250195e-06	-4.731513e-10	-1.568212e+01	-3.070095e+01
6.060000e-06	-2.292612e-06	-4.818861e-10	-1.597773e+01	-3.129144e+01
6.070000e-06	-2.334869e-06	-4.904787e-10	-1.627223e+01	-3.186643e+01
6.080000e-06	-2.377016e-06	-4.999982e-10	-1.656597e+01	-3.242607e+01
6.090000e-06	-2.419022e-06	-5.133412e-10	-1.685871e+01	-3.297056e+01
6.100000e-06	-2.460777e-06	-5.282693e-10	-1.714972e+01	-3.350010e+01
6.110000e-06	-2.502353e-06	-5.418554e-10	-1.743947e+01	-3.401494e+01
6.120000e-06	-2.543794e-06	-5.516341e-10	-1.772828e+01	-3.451531e+01
6.130000e-06	-2.585022e-06	-5.587969e-10	-1.801560e+01	-3.500148e+01
6.140000e-06	-2.626065e-06	-5.665517e-10	-1.830165e+01	-3.547373e+01
6.150000e-06	-2.667054e-06	-5.747627e-10	-1.858731e+01	-3.593232e+01
6.160000e-06	-2.707936e-06	-5.828420e-10	-1.887222e+01	-3.637755e+01
6.170000e-06	-2.748561e-06	-5.893772e-10	-1.915535e+01	-3.680969e+01
6.180000e-06	-2.788972e-06	-5.943051e-10	-1.943698e+01	-3.722905e+01
6.190000e-06	-2.829268e-06	-6.008697e-10	-1.971781e+01	-3.763590e+01
6.200000e-06	-2.869526e-06	-6.084179e-10	-1.999838e+01	-3.803052e+01
6.210000e-06	-2.909701e-06	-6.149004e-10	-2.027837e+01	-3.841320e+01
6.220000e-06	-2.949717e-06	-6.200004e-10	-2.055725e+01	-3.878418e+01
6.230000e-06	-2.989510e-06	-6.235767e-10	-2.083457e+01	-3.914374e+01
6.240000e-06	-3.029067e-06	-6.266234e-10	-2.111026e+01	-3.949212e+01
6.250000e-06	-3.068350e-06	-6.290166e-10	-2.138403e+01	-3.982955e+01
6.260000e-06	-3.107295e-06	-6.313183e-10	-2.165545e+01	-4.015627e+01
6.270000e-06	-3.145915e-06	-6.359651e-10	-2.192460e+01	-4.047247e+01
6.280000e-06	-3.184177e-06	-6.394431e-10	-2.219125e+01	-4.077835e+01
6.290000e-06	-3.222045e-06	-6.381361e-10	-2.245516e+01	-4.107411e+01
6.300000e-06	-3.259535e-06	-6.386277e-10	-2.271644e+01	-4.135992e+01
6.310000e-06	-3.296664e-06	-6.389987e-10	-2.297520e+01	-4.163593e+01
6.320000e-06	-3.333490e-06	-6.419150e-10	-2.323185e+01	-4.190230e+01
6.330000e-06	-3.370120e-06	-6.494633e-10	-2.348713e+01	-4.215916e+01
6.340000e-06	-3.406556e-06	-6.548897e-10	-2.374106e+01	-4.240665e+01
6.350000e-06	-3.442829e-06	-6.551966e-10	-2.399386e+01	-4.264488e+01
6.360000e-06	-3.478952e-06	-6.530952e-10	-2.424561e+01	-4.287397e+01
6.370000e-06	-3.514865e-06	-6.537306e-10	-2.449589e+01	-4.309402e+01
6.380000e-06	-3.550581e-06	-6.555939e-10	-2.474481e+01	-4.330514e+01
6.390000e-06	-3.586105e-06	-6.578370e-10	-2.499238e+01	-4.350743e+01
6.400000e-06	-3.621390e-06	-6.621447e-10	-2.523829e+01	-4.370098e+01
6.410000e-06	-3.656490e-06	-6.669102e-10	-2.548291e+01	-4.388590e+01
6.420000e-06	-3.691286e-06	-6.735908e-10	-2.572541e+01	-4.406228e+01
6.430000e-06	-3.725661e-06	-6.804758e-10	-2.596498e+01	-4.423023e+01
6.440000e-06	-3.759795e-06	-6.825832e-10	-2.620286e+01	-4.438985e+01
6.450000e-06	-3.793690e-06	-6.824321e-10	-2.643909e+01	-4.454126e+01
6.460000e-06	-3.827363e-06	-6.800840e-10	-2.667376e+01	-4.468458e+01
6.470000e-06	-3.860763e-06	-6.781166e-10	-2.690653e+01	-4.481993e+01
6.480000e-06	-3.893860e-06	-6.777009e-10	-2.713719e+01	-4.494747e+01
6.490000e-06	-3.926775e-06	-6.830515e-10	-2.736659e+01	-4.506734e+01
6.500000e-06	-3.959489e-06	-6.886233e-10	-2.759458e+01	-4.517970e+01
6.510000e-06	-3.991948e-06	-6.920546e-10	-2.782079e+01	-4.528471e+01
6.520000e-06	-4.024206e-06	-6.939742e-10	-2.804560e+01	-4.538258e+01
6.530000e-06	-4.056325e-06	-6.949138e-10	-2.826945e+01	-4.547349e+01
6.540000e-06	-4.088212e-06	-6.947940e-10	-2.849168e+01	-4.555765e+01
6.550000e-06	-4.119781e-06	-6.957300e-10	-2.871169e+01	-4.563529e+01
6.560000e-06	-4.150925e-06	-7.014521e-10	-2.892874e+01	-4.570664e+01
6.570000e-06	-4.181640e-06	-7.073605e-10	-2.914280e+01	-4.577194e+01
6.580000e-06	-4.211783e-06	-7.109435e-10	-2.935288e+01	-4.583145e+01
6.590000e-06	-4.241309e-06	-7.121906e-10	-2.955864e+01	-4.588544e+01
6.600000e-06	-4.270437e-06	-7.102295e-10	-2.976164e+01	-4.593417e+01
6.610000e-06	-4.299278e-06	-7.091054e-10	-2.996265e+01	-4.597792e+01
6.620000e-06	-4.327913e-06	-7.098464e-10	-3.016221e+01	-4.601699e+01
6.630000e-06	-4.356371e-06	-7.133802e-10	-3.036054e+01	-4.605165e+01
6.640000e-06	-4.384644e-06	-7.171559e-10	-3.055758e+01	-4.608221e+01
6.650000e-06	-4.412664e-06	-7.199470e-10	-3.075286e+01	-4.610896e+01
6.660000e-06	-4.440424e-06	-7.232817e-10	-3.094633e+01	-4.613217e+01
6.670000e-06	-4.467943e-06	-7.222333e-10	-3.113811e+01	-4.615215e+01
6.680000e-06	-4.495145e-06	-7.206431e-10	-3.132769e+01	-4.616918e+01
6.690000e-06	-4.521990e-06	-7.192180e-10	-3.151477e+01	-4.618353e+01
6.700000e-06	-4.548500e-06	-7.171859e-10	-3.169953e+01	-4.619547e+01
6.710000e-06	-4.574673e-06	-7.150277e-10	-3.188194e+01	-4.620526e+01
6.720000e-06	-4.600464e-06	-7.154664e-10	-3.206168e+01	-4.621314e+01
6.730000e-06	-4.625881e-06	-7.185975e-10	-3.223882e+01	-4.621933e+01
6.740000e-06	-4.650986e-06	-7.214422e-10	-3.241378e+01	-4.622406e+01
6.750000e-06	-4.675828e-06	-7.218725e-10	-3.258691e+01	-4.622752e+01
6.760000e-06	-4.700443e-06	-7.218772e-10	-3.275846e+01	-4.622989e+01
6.770000e-06	-4.724820e-06	-7.213470e-10	-3.292834e+01	-4.623133e+01
6.780000e-06	-4.748985e-06	-7.208285e-10	-3.309676e+01	-4.623197e+01
6.790000e-06	-4.772907e-06	-7.209487e-10	-3.326348e+01	-4.623192e+01
6.800000e-06	-4.796448e-06	-7.212013e-10	-3.342754e+01	-4.623129e+01
6.810000e-06	-4.819532e-06	-7.199706e-10	-3.358842e+01	-4.623013e+01
6.820000e-06	-4.842101e-06	-7.211725e-10	-3.374570e+01	-4.622851e+01
6.830000e-06	-4.864168e-06	-7.223154e-10	-3.389949e+01	-4.622643e+01
6.840000e-06	-4.885741e-06	-7.210394e-10	-3.404984e+01	-4.622391e+01
6.850000e-06	-4.906805e-06	-7.210916e-10	-3.419664e+01	-4.622093e+01
6.860000e-06	-4.927504e-06	-7.212284e-10	-3.434090e+01	-4.621743e+01
6.870000e-06	-4.947897e-06	-7.181083e-10	-3.448302e+01	-4.621337e+01
6.880000e-06	-4.968060e-06	-7.137501e-10	-3.462354e+01	-4.620865e+01
6.890000e-06	-4.988041e-06	-7.109505e-10	-3.476279e+01	-4.620318e+01
6.900000e-06	-5.007730e-06	-7.079059e-10	-3.490001e+01	-4.619684e+01
6.910000e-06	-5.027127e-06	-7.077004e-10	-3.503519e+01	-4.618950e+01
6.920000e-06	-5.046167e-06	-7.095103e-10	-3.516788e+01	-4.618102e+01
6.930000e-06	-5.064834e-06	-7.105318e-10	-3.529798e+01	-4.617124e+01
6.940000e-06	-5.083194e-06	-7.109229e-10	-3.542593e+01	-4.616001e+01
6.950000e-06	-5.101188e-06	-7.090193e-10	-3.555134e+01	-4.614714e+01
6.960000e-06	-5.118837e-06	-7.034880e-10	-3.567434e+01	-4.613247e+01
6.970000e-06	-5.136186e-06	-6.968643e-10	-3.579525e+01	-4.611583e+01
6.980000e-06	-5.153169e-06	-6.920959e-10	-3.591361e+01	-4.609704e+01
6.990000e-06	-5.169785e-06	-6.917400e-10	-3.602941e+01	-4.607593e+01
7.000000e-06	-5.186161e-06	-6.953053e-10	-3.614354e+01	-4.605234e+01
7.010000e-06	-5.202312e-06	-7.004057e-10	-3.625610e+01	-4.602610e+01
7.020000e-06	-5.218081e-06	-7.030972e-10	-3.636600e+01	-4.599709e+01
7.030000e-06	-5.233326e-06	-7.006655e-10	-3.647224e+01	-4.596515e+01
7.040000e-06	-5.247902e-06	-6.949898e-10	-3.657382e+01	-4.593018e+01
7.050000e-06	-5.261883e-06	-6.888998e-10	-3.667126e+01	-4.589207e+01
7.060000e-06	-5.275356e-06	-6.842424e-10	-3.676515e+01	-4.585074e+01
7.070000e-06	-5.288299e-06	-6.832131e-10	-3.685536e+01	-4.580614e+01
7.080000e-06	-5.300812e-06	-6.853452e-10	-3.694257e+01	-4.575821e+01
7.090000e-06	-5.313017e-06	-6.869491e-10	-3.702762e+01	-4.570694e+01
7.100000e-06	-5.324964e-06	-6.858404e-10	-3.711089e+01	-4.565234e+01
7.110000e-06	-5.336590e-06	-6.833729e-10	-3.719191e+01	-4.559445e+01
7.120000e-06	-5.347724e-06	-6.812193e-10	-3.726951e+01	-4.553331e+01
7.130000e-06	-5.358391e-06	-6.797973e-10	-3.734384e+01	-4.546902e+01
7.140000e-06	-5.368763e-06	-6.778165e-10	-3.741613e+01	-4.540169e+01
7.150000e-06	-5.378771e-06	-6.765934e-10	-3.748588e+01	-4.533144e+01
7.160000e-06	-5.388336e-06	-6.771092e-10	-3.755254e+01	-4.525843e+01
7.170000e-06	-5.397553e-06	-6.776749e-10	-3.761678e+01	-4.518287e+01
7.180000e-06	-5.406406e-06	-6.758924e-10	-3.767847e+01	-4.510494e+01
7.190000e-06	-5.414931e-06	-6.725159e-10	-3.773789e+01	-4.502489e+01
7.200000e-06	-5.423237e-06	-6.708665e-10	-3.779577e+01	-4.494296e+01
7.210000e-06	-5.431307e-06	-6.698057e-10	-3.785201e+01	-4.485943e+01
7.220000e-06	-5.439045e-06	-6.689661e-10	-3.790594e+01	-4.477458e+01
7.230000e-06	-5.446340e-06	-6.681517e-10	-3.795679e+01	-4.468872e+01
7.240000e-06	-5.453079e-06	-6.674212e-10	-3.800375e+01	-4.460216e+01
7.250000e-06	-5.459213e-06	-6.664257e-10	-3.804650e+01	-4.451524e+01
7.260000e-06	-5.464746e-06	-6.640021e-10	-3.808506e+01	-4.442828e+01
7.270000e-06	-5.469758e-06	-6.619647e-10	-3.811999e+01	-4.434163e+01
7.280000e-06	-5.474403e-06	-6.601405e-10	-3.815236e+01	-4.425563e+01
7.290000e-06	-5.478769e-06	-6.563520e-10	-3.818279e+01	-4.417063e+01
7.300000e-06	-5.482853e-06	-6.523483e-10	-3.821125e+01	-4.408697e+01
7.310000e-06	-5.486619e-06	-6.502282e-10	-3.823750e+01	-4.400499e+01
7.320000e-06	-5.490134e-06	-6.491495e-10	-3.826199e+01	-4.392502e+01
7.330000e-06	-5.493342e-06	-6.492756e-10	-3.828435e+01	-4.384737e+01
7.340000e-06	-5.496102e-06	-6.507569e-10	-3.830358e+01	-4.377236e+01
7.350000e-06	-5.498468e-06	-6.519180e-10	-3.832007e+01	-4.370026e+01
7.360000e-06	-5.500569e-06	-6.518624e-10	-3.833471e+01	-4.363136e+01
7.370000e-06	-5.502331e-06	-6.495859e-10	-3.834699e+01	-4.356591e+01
7.380000e-06	-5.503565e-06	-6.451604e-10	-3.835560e+01	-4.350413e+01
7.390000e-06	-5.504314e-06	-6.400165e-10	-3.836081e+01	-4.344623e+01
7.400000e-06	-5.504843e-06	-6.356559e-10	-3.836450e+01	-4.339238e+01
