# Temperatura_=_-0.76
# Concentracion g/m^3_=_1620.0
# C_Vs_to_Am_M_A/Vsm_=_65563218390.804596
# pendiente_HvsI_1/m_=_3716.3
# ordenada_HvsI_A/m_=_1297.0
# frecuencia_Hz_=_135103.2370525463

Tiempo_(s)	Campo_(V.s)	Magnetizacion_(V.s)	Campo_(kA/m)	Magnetizacion_(A/m)
0.000000e+00	-5.501650e-06	-1.238323e-09	-3.837558e+01	-8.332224e+01
1.000000e-08	-5.501800e-06	-1.236584e-09	-3.837663e+01	-8.328876e+01
2.000000e-08	-5.501666e-06	-1.240158e-09	-3.837569e+01	-8.325693e+01
3.000000e-08	-5.501106e-06	-1.242177e-09	-3.837178e+01	-8.322648e+01
4.000000e-08	-5.500034e-06	-1.236308e-09	-3.836430e+01	-8.319716e+01
5.000000e-08	-5.498421e-06	-1.221972e-09	-3.835305e+01	-8.316865e+01
6.000000e-08	-5.496239e-06	-1.219811e-09	-3.833783e+01	-8.314063e+01
7.000000e-08	-5.493535e-06	-1.260186e-09	-3.831897e+01	-8.311278e+01
8.000000e-08	-5.490378e-06	-1.293601e-09	-3.829695e+01	-8.308473e+01
9.000000e-08	-5.486704e-06	-1.267501e-09	-3.827132e+01	-8.305612e+01
1.000000e-07	-5.482569e-06	-1.231056e-09	-3.824248e+01	-8.302657e+01
1.100000e-07	-5.478097e-06	-1.241611e-09	-3.821129e+01	-8.299571e+01
1.200000e-07	-5.473406e-06	-1.222120e-09	-3.817856e+01	-8.296316e+01
1.300000e-07	-5.468395e-06	-1.207171e-09	-3.814361e+01	-8.292852e+01
1.400000e-07	-5.462999e-06	-1.201785e-09	-3.810597e+01	-8.289141e+01
1.500000e-07	-5.457277e-06	-1.240304e-09	-3.806607e+01	-8.285147e+01
1.600000e-07	-5.451181e-06	-1.237988e-09	-3.802354e+01	-8.280832e+01
1.700000e-07	-5.444717e-06	-1.219404e-09	-3.797846e+01	-8.276162e+01
1.800000e-07	-5.437873e-06	-1.232120e-09	-3.793071e+01	-8.271101e+01
1.900000e-07	-5.430657e-06	-1.245164e-09	-3.788038e+01	-8.265619e+01
2.000000e-07	-5.423154e-06	-1.245022e-09	-3.782804e+01	-8.259683e+01
2.100000e-07	-5.415406e-06	-1.246175e-09	-3.777400e+01	-8.253266e+01
2.200000e-07	-5.407318e-06	-1.267804e-09	-3.771758e+01	-8.246343e+01
2.300000e-07	-5.398826e-06	-1.267334e-09	-3.765835e+01	-8.238888e+01
2.400000e-07	-5.389828e-06	-1.267306e-09	-3.759559e+01	-8.230881e+01
2.500000e-07	-5.380239e-06	-1.245812e-09	-3.752870e+01	-8.222304e+01
2.600000e-07	-5.370044e-06	-1.234540e-09	-3.745758e+01	-8.213142e+01
2.700000e-07	-5.359210e-06	-1.227383e-09	-3.738202e+01	-8.203381e+01
2.800000e-07	-5.347908e-06	-1.246535e-09	-3.730319e+01	-8.193012e+01
2.900000e-07	-5.336256e-06	-1.236545e-09	-3.722191e+01	-8.182028e+01
3.000000e-07	-5.324220e-06	-1.214377e-09	-3.713795e+01	-8.170425e+01
3.100000e-07	-5.311811e-06	-1.207952e-09	-3.705140e+01	-8.158203e+01
3.200000e-07	-5.299006e-06	-1.233319e-09	-3.696208e+01	-8.145362e+01
3.300000e-07	-5.285722e-06	-1.209009e-09	-3.686941e+01	-8.131907e+01
3.400000e-07	-5.271974e-06	-1.189860e-09	-3.677352e+01	-8.117846e+01
3.500000e-07	-5.257811e-06	-1.221568e-09	-3.667473e+01	-8.103188e+01
3.600000e-07	-5.243257e-06	-1.239824e-09	-3.657321e+01	-8.087944e+01
3.700000e-07	-5.228203e-06	-1.194695e-09	-3.646821e+01	-8.072128e+01
3.800000e-07	-5.212634e-06	-1.194977e-09	-3.635961e+01	-8.055756e+01
3.900000e-07	-5.196716e-06	-1.230483e-09	-3.624858e+01	-8.038847e+01
4.000000e-07	-5.180420e-06	-1.192886e-09	-3.613491e+01	-8.021418e+01
4.100000e-07	-5.163660e-06	-1.164619e-09	-3.601800e+01	-8.003490e+01
4.200000e-07	-5.146636e-06	-1.216487e-09	-3.589925e+01	-7.985084e+01
4.300000e-07	-5.129368e-06	-1.216590e-09	-3.577880e+01	-7.966224e+01
4.400000e-07	-5.111660e-06	-1.156731e-09	-3.565529e+01	-7.946931e+01
4.500000e-07	-5.093503e-06	-1.189542e-09	-3.552863e+01	-7.927230e+01
4.600000e-07	-5.074989e-06	-1.221583e-09	-3.539950e+01	-7.907143e+01
4.700000e-07	-5.056094e-06	-1.163976e-09	-3.526770e+01	-7.886693e+01
4.800000e-07	-5.036823e-06	-1.162495e-09	-3.513328e+01	-7.865905e+01
4.900000e-07	-5.017312e-06	-1.225909e-09	-3.499718e+01	-7.844800e+01
5.000000e-07	-4.997660e-06	-1.178453e-09	-3.486010e+01	-7.823400e+01
5.100000e-07	-4.977774e-06	-1.138212e-09	-3.472139e+01	-7.801726e+01
5.200000e-07	-4.957518e-06	-1.198826e-09	-3.458010e+01	-7.779797e+01
5.300000e-07	-4.936890e-06	-1.198198e-09	-3.443621e+01	-7.757633e+01
5.400000e-07	-4.915900e-06	-1.132427e-09	-3.428981e+01	-7.735250e+01
5.500000e-07	-4.894536e-06	-1.171568e-09	-3.414078e+01	-7.712664e+01
5.600000e-07	-4.872868e-06	-1.200321e-09	-3.398965e+01	-7.689890e+01
5.700000e-07	-4.850868e-06	-1.142309e-09	-3.383619e+01	-7.666938e+01
5.800000e-07	-4.828449e-06	-1.145571e-09	-3.367981e+01	-7.643821e+01
5.900000e-07	-4.805677e-06	-1.193501e-09	-3.352097e+01	-7.620546e+01
6.000000e-07	-4.782610e-06	-1.150170e-09	-3.336007e+01	-7.597121e+01
6.100000e-07	-4.759318e-06	-1.127790e-09	-3.319760e+01	-7.573550e+01
6.200000e-07	-4.735850e-06	-1.168060e-09	-3.303390e+01	-7.549837e+01
6.300000e-07	-4.712164e-06	-1.151612e-09	-3.286868e+01	-7.525983e+01
6.400000e-07	-4.688168e-06	-1.116309e-09	-3.270131e+01	-7.501987e+01
6.500000e-07	-4.663794e-06	-1.145116e-09	-3.253129e+01	-7.477848e+01
6.600000e-07	-4.638941e-06	-1.148421e-09	-3.235793e+01	-7.453561e+01
6.700000e-07	-4.613466e-06	-1.118779e-09	-3.218024e+01	-7.429122e+01
6.800000e-07	-4.587414e-06	-1.136881e-09	-3.199852e+01	-7.404524e+01
6.900000e-07	-4.560933e-06	-1.147302e-09	-3.181381e+01	-7.379758e+01
7.000000e-07	-4.533966e-06	-1.114605e-09	-3.162570e+01	-7.354815e+01
7.100000e-07	-4.506614e-06	-1.113409e-09	-3.143491e+01	-7.329685e+01
7.200000e-07	-4.479116e-06	-1.128580e-09	-3.124311e+01	-7.304356e+01
7.300000e-07	-4.451500e-06	-1.103908e-09	-3.105048e+01	-7.278818e+01
7.400000e-07	-4.423696e-06	-1.092572e-09	-3.085654e+01	-7.253056e+01
7.500000e-07	-4.395601e-06	-1.108666e-09	-3.066057e+01	-7.227059e+01
7.600000e-07	-4.367207e-06	-1.098605e-09	-3.046251e+01	-7.200812e+01
7.700000e-07	-4.338519e-06	-1.078440e-09	-3.026241e+01	-7.174302e+01
7.800000e-07	-4.309539e-06	-1.088098e-09	-3.006026e+01	-7.147515e+01
7.900000e-07	-4.280238e-06	-1.084192e-09	-2.985588e+01	-7.120439e+01
8.000000e-07	-4.250603e-06	-1.064204e-09	-2.964917e+01	-7.093059e+01
8.100000e-07	-4.220701e-06	-1.063236e-09	-2.944059e+01	-7.065363e+01
8.200000e-07	-4.190513e-06	-1.064490e-09	-2.923002e+01	-7.037338e+01
8.300000e-07	-4.159982e-06	-1.043841e-09	-2.901706e+01	-7.008974e+01
8.400000e-07	-4.129168e-06	-1.039244e-09	-2.880212e+01	-6.980258e+01
8.500000e-07	-4.098183e-06	-1.043159e-09	-2.858599e+01	-6.951181e+01
8.600000e-07	-4.066953e-06	-1.030143e-09	-2.836816e+01	-6.921734e+01
8.700000e-07	-4.035493e-06	-1.017293e-09	-2.814871e+01	-6.891908e+01
8.800000e-07	-4.003875e-06	-1.021749e-09	-2.792817e+01	-6.861695e+01
8.900000e-07	-3.972040e-06	-1.013914e-09	-2.770611e+01	-6.831090e+01
9.000000e-07	-3.939916e-06	-9.980930e-10	-2.748204e+01	-6.800086e+01
9.100000e-07	-3.907539e-06	-9.976220e-10	-2.725620e+01	-6.768681e+01
9.200000e-07	-3.874853e-06	-9.950582e-10	-2.702820e+01	-6.736870e+01
9.300000e-07	-3.841685e-06	-9.783355e-10	-2.679685e+01	-6.704651e+01
9.400000e-07	-3.808114e-06	-9.732997e-10	-2.656268e+01	-6.672024e+01
9.500000e-07	-3.774108e-06	-9.750855e-10	-2.632548e+01	-6.638989e+01
9.600000e-07	-3.739603e-06	-9.600415e-10	-2.608480e+01	-6.605545e+01
9.700000e-07	-3.704704e-06	-9.486836e-10	-2.584137e+01	-6.571695e+01
9.800000e-07	-3.669540e-06	-9.519751e-10	-2.559609e+01	-6.537441e+01
9.900000e-07	-3.634201e-06	-9.465663e-10	-2.534959e+01	-6.502787e+01
1.000000e-06	-3.598704e-06	-9.357891e-10	-2.510199e+01	-6.467736e+01
1.010000e-06	-3.563054e-06	-9.357367e-10	-2.485332e+01	-6.432293e+01
1.020000e-06	-3.527269e-06	-9.333109e-10	-2.460370e+01	-6.396463e+01
1.030000e-06	-3.491288e-06	-9.214243e-10	-2.435273e+01	-6.360250e+01
1.040000e-06	-3.455017e-06	-9.142037e-10	-2.409973e+01	-6.323661e+01
1.050000e-06	-3.418520e-06	-9.124588e-10	-2.384515e+01	-6.286701e+01
1.060000e-06	-3.381891e-06	-9.032226e-10	-2.358965e+01	-6.249375e+01
1.070000e-06	-3.345006e-06	-8.982034e-10	-2.333237e+01	-6.211689e+01
1.080000e-06	-3.307839e-06	-8.969863e-10	-2.307312e+01	-6.173649e+01
1.090000e-06	-3.270452e-06	-8.889134e-10	-2.281234e+01	-6.135260e+01
1.100000e-06	-3.232781e-06	-8.781245e-10	-2.254957e+01	-6.096526e+01
1.110000e-06	-3.194891e-06	-8.732576e-10	-2.228527e+01	-6.057451e+01
1.120000e-06	-3.156822e-06	-8.658377e-10	-2.201973e+01	-6.018039e+01
1.130000e-06	-3.118523e-06	-8.557368e-10	-2.175259e+01	-5.978293e+01
1.140000e-06	-3.079957e-06	-8.490653e-10	-2.148358e+01	-5.938215e+01
1.150000e-06	-3.041079e-06	-8.437814e-10	-2.121239e+01	-5.897806e+01
1.160000e-06	-3.001976e-06	-8.372429e-10	-2.093964e+01	-5.857065e+01
1.170000e-06	-2.962766e-06	-8.344299e-10	-2.066614e+01	-5.815992e+01
1.180000e-06	-2.923465e-06	-8.333986e-10	-2.039200e+01	-5.774586e+01
1.190000e-06	-2.884017e-06	-8.275835e-10	-2.011684e+01	-5.732841e+01
1.200000e-06	-2.844393e-06	-8.196275e-10	-1.984045e+01	-5.690755e+01
1.210000e-06	-2.804644e-06	-8.149414e-10	-1.956319e+01	-5.648320e+01
1.220000e-06	-2.764809e-06	-8.067377e-10	-1.928533e+01	-5.605530e+01
1.230000e-06	-2.724824e-06	-7.969184e-10	-1.900642e+01	-5.562375e+01
1.240000e-06	-2.684637e-06	-7.908202e-10	-1.872611e+01	-5.518846e+01
1.250000e-06	-2.644279e-06	-7.848856e-10	-1.844460e+01	-5.474929e+01
1.260000e-06	-2.603763e-06	-7.778549e-10	-1.816199e+01	-5.430613e+01
1.270000e-06	-2.562977e-06	-7.724126e-10	-1.787750e+01	-5.385882e+01
1.280000e-06	-2.521773e-06	-7.696429e-10	-1.759009e+01	-5.340719e+01
1.290000e-06	-2.480230e-06	-7.633400e-10	-1.730031e+01	-5.295106e+01
1.300000e-06	-2.438392e-06	-7.541391e-10	-1.700848e+01	-5.249023e+01
1.310000e-06	-2.396276e-06	-7.432729e-10	-1.671471e+01	-5.202449e+01
1.320000e-06	-2.353917e-06	-7.306394e-10	-1.641924e+01	-5.155360e+01
1.330000e-06	-2.311299e-06	-7.201648e-10	-1.612197e+01	-5.107732e+01
1.340000e-06	-2.268467e-06	-7.128155e-10	-1.582321e+01	-5.059539e+01
1.350000e-06	-2.225442e-06	-7.055472e-10	-1.552309e+01	-5.010751e+01
1.360000e-06	-2.182230e-06	-6.985082e-10	-1.522167e+01	-4.961341e+01
1.370000e-06	-2.138884e-06	-6.936920e-10	-1.491932e+01	-4.911276e+01
1.380000e-06	-2.095406e-06	-6.891632e-10	-1.461605e+01	-4.860524e+01
1.390000e-06	-2.051821e-06	-6.803847e-10	-1.431203e+01	-4.809050e+01
1.400000e-06	-2.008148e-06	-6.691645e-10	-1.400741e+01	-4.756820e+01
1.410000e-06	-1.964371e-06	-6.572857e-10	-1.370205e+01	-4.703795e+01
1.420000e-06	-1.920501e-06	-6.482154e-10	-1.339604e+01	-4.649938e+01
1.430000e-06	-1.876584e-06	-6.413430e-10	-1.308971e+01	-4.595209e+01
1.440000e-06	-1.832602e-06	-6.330588e-10	-1.278292e+01	-4.539568e+01
1.450000e-06	-1.788520e-06	-6.248996e-10	-1.247544e+01	-4.482971e+01
1.460000e-06	-1.744279e-06	-6.170431e-10	-1.216685e+01	-4.425376e+01
1.470000e-06	-1.699925e-06	-6.057189e-10	-1.185746e+01	-4.366739e+01
1.480000e-06	-1.655452e-06	-5.940810e-10	-1.154725e+01	-4.307016e+01
1.490000e-06	-1.610818e-06	-5.853090e-10	-1.123592e+01	-4.246160e+01
1.500000e-06	-1.566085e-06	-5.786940e-10	-1.092389e+01	-4.184126e+01
1.510000e-06	-1.521190e-06	-5.708753e-10	-1.061073e+01	-4.120867e+01
1.520000e-06	-1.476160e-06	-5.589925e-10	-1.029663e+01	-4.056336e+01
1.530000e-06	-1.431031e-06	-5.447043e-10	-9.981852e+00	-3.990486e+01
1.540000e-06	-1.385818e-06	-5.285201e-10	-9.666475e+00	-3.923269e+01
1.550000e-06	-1.340505e-06	-5.124199e-10	-9.350402e+00	-3.854640e+01
1.560000e-06	-1.295121e-06	-4.993353e-10	-9.033836e+00	-3.784550e+01
1.570000e-06	-1.249689e-06	-4.890684e-10	-8.716939e+00	-3.712955e+01
1.580000e-06	-1.204141e-06	-4.829488e-10	-8.399228e+00	-3.639808e+01
1.590000e-06	-1.158490e-06	-4.777299e-10	-8.080797e+00	-3.565066e+01
1.600000e-06	-1.112724e-06	-4.688819e-10	-7.761568e+00	-3.488684e+01
1.610000e-06	-1.066969e-06	-4.551878e-10	-7.442411e+00	-3.410622e+01
1.620000e-06	-1.021226e-06	-4.399213e-10	-7.123342e+00	-3.330839e+01
1.630000e-06	-9.753503e-07	-4.267240e-10	-6.803347e+00	-3.249297e+01
1.640000e-06	-9.293661e-07	-4.141644e-10	-6.482593e+00	-3.165958e+01
1.650000e-06	-8.833196e-07	-4.015526e-10	-6.161406e+00	-3.080790e+01
1.660000e-06	-8.371555e-07	-3.891010e-10	-5.839398e+00	-2.993761e+01
1.670000e-06	-7.909046e-07	-3.761545e-10	-5.516785e+00	-2.904843e+01
1.680000e-06	-7.446963e-07	-3.631023e-10	-5.194469e+00	-2.814009e+01
1.690000e-06	-6.984385e-07	-3.526873e-10	-4.871808e+00	-2.721238e+01
1.700000e-06	-6.520659e-07	-3.398157e-10	-4.548345e+00	-2.626510e+01
1.710000e-06	-6.055788e-07	-3.234152e-10	-4.224085e+00	-2.529812e+01
1.720000e-06	-5.590972e-07	-3.048583e-10	-3.899862e+00	-2.431132e+01
1.730000e-06	-5.125666e-07	-2.855041e-10	-3.575298e+00	-2.330464e+01
1.740000e-06	-4.659467e-07	-2.662965e-10	-3.250111e+00	-2.227805e+01
1.750000e-06	-4.194053e-07	-2.495499e-10	-2.925471e+00	-2.123157e+01
1.760000e-06	-3.729002e-07	-2.364171e-10	-2.601085e+00	-2.016528e+01
1.770000e-06	-3.264163e-07	-2.245784e-10	-2.276847e+00	-1.907930e+01
1.780000e-06	-2.798750e-07	-2.124733e-10	-1.952208e+00	-1.797379e+01
1.790000e-06	-2.331839e-07	-1.989538e-10	-1.626524e+00	-1.684898e+01
1.800000e-06	-1.864746e-07	-1.813364e-10	-1.300713e+00	-1.570514e+01
1.810000e-06	-1.398494e-07	-1.615689e-10	-9.754893e-01	-1.454260e+01
1.820000e-06	-9.323556e-08	-1.440711e-10	-6.503446e-01	-1.336175e+01
1.830000e-06	-4.658238e-08	-1.299181e-10	-3.249254e-01	-1.216302e+01
1.840000e-06	3.310105e-11	-1.172845e-10	2.308893e-04	-1.094689e+01
1.850000e-06	4.653005e-08	-1.030680e-10	3.245603e-01	-9.713914e+00
1.860000e-06	9.303195e-08	-8.881541e-11	6.489244e-01	-8.464689e+00
1.870000e-06	1.396081e-07	-7.266649e-11	9.738064e-01	-7.199862e+00
1.880000e-06	1.862825e-07	-5.378518e-11	1.299373e+00	-5.920133e+00
1.890000e-06	2.330265e-07	-3.464065e-11	1.625426e+00	-4.626253e+00
1.900000e-06	2.797085e-07	-1.607090e-11	1.951046e+00	-3.319020e+00
1.910000e-06	3.263185e-07	6.396543e-13	2.276165e+00	-1.999276e+00
1.920000e-06	3.729523e-07	1.628055e-11	2.601448e+00	-6.679108e-01
1.930000e-06	4.195201e-07	3.178754e-11	2.926272e+00	6.741474e-01
1.940000e-06	4.659396e-07	4.982703e-11	3.250062e+00	2.025931e+00
1.950000e-06	5.123757e-07	6.939634e-11	3.573966e+00	3.386436e+00
1.960000e-06	5.588577e-07	8.933306e-11	3.898192e+00	4.754628e+00
1.970000e-06	6.052695e-07	1.079119e-10	4.221927e+00	6.129442e+00
1.980000e-06	6.515869e-07	1.249356e-10	4.545004e+00	7.509788e+00
1.990000e-06	6.978180e-07	1.450490e-10	4.867480e+00	8.894554e+00
2.000000e-06	7.439742e-07	1.637590e-10	5.189432e+00	1.028261e+01
2.010000e-06	7.900323e-07	1.845384e-10	5.510700e+00	1.167282e+01
2.020000e-06	8.360441e-07	2.079303e-10	5.831646e+00	1.306402e+01
2.030000e-06	8.820158e-07	2.310105e-10	6.152312e+00	1.445505e+01
2.040000e-06	9.278931e-07	2.513507e-10	6.472319e+00	1.584476e+01
2.050000e-06	9.737654e-07	2.698489e-10	6.792291e+00	1.723199e+01
2.060000e-06	1.019630e-06	2.857970e-10	7.112210e+00	1.861559e+01
2.070000e-06	1.065415e-06	3.019465e-10	7.431572e+00	1.999442e+01
2.080000e-06	1.111124e-06	3.217728e-10	7.750406e+00	2.136735e+01
2.090000e-06	1.156797e-06	3.438605e-10	8.068992e+00	2.273328e+01
2.100000e-06	1.202403e-06	3.679929e-10	8.387104e+00	2.409113e+01
2.110000e-06	1.247858e-06	3.888030e-10	8.704166e+00	2.543985e+01
2.120000e-06	1.293197e-06	4.058390e-10	9.020421e+00	2.677840e+01
2.130000e-06	1.338449e-06	4.239169e-10	9.336065e+00	2.810579e+01
2.140000e-06	1.383564e-06	4.421953e-10	9.650756e+00	2.942108e+01
2.150000e-06	1.428574e-06	4.599584e-10	9.964710e+00	3.072334e+01
2.160000e-06	1.473446e-06	4.783168e-10	1.027770e+01	3.201170e+01
2.170000e-06	1.518201e-06	4.978861e-10	1.058989e+01	3.328533e+01
2.180000e-06	1.562932e-06	5.192748e-10	1.090189e+01	3.454346e+01
2.190000e-06	1.607594e-06	5.363960e-10	1.121343e+01	3.578534e+01
2.200000e-06	1.652138e-06	5.510473e-10	1.152413e+01	3.701029e+01
2.210000e-06	1.696499e-06	5.642110e-10	1.183357e+01	3.821769e+01
2.220000e-06	1.740661e-06	5.772312e-10	1.214161e+01	3.940695e+01
2.230000e-06	1.784680e-06	5.923878e-10	1.244865e+01	4.057754e+01
2.240000e-06	1.828634e-06	6.083388e-10	1.275524e+01	4.172900e+01
2.250000e-06	1.872595e-06	6.261443e-10	1.306189e+01	4.286089e+01
2.260000e-06	1.916489e-06	6.425547e-10	1.336805e+01	4.397286e+01
2.270000e-06	1.960254e-06	6.611891e-10	1.367333e+01	4.506459e+01
2.280000e-06	2.003942e-06	6.786226e-10	1.397807e+01	4.613582e+01
2.290000e-06	2.047562e-06	6.920862e-10	1.428233e+01	4.718633e+01
2.300000e-06	2.091097e-06	7.032247e-10	1.458600e+01	4.821596e+01
2.310000e-06	2.134574e-06	7.137544e-10	1.488926e+01	4.922460e+01
2.320000e-06	2.177988e-06	7.272948e-10	1.519209e+01	5.021218e+01
2.330000e-06	2.221275e-06	7.421407e-10	1.549403e+01	5.117868e+01
2.340000e-06	2.264457e-06	7.594716e-10	1.579523e+01	5.212411e+01
2.350000e-06	2.307460e-06	7.787558e-10	1.609519e+01	5.304854e+01
2.360000e-06	2.350108e-06	7.970017e-10	1.639267e+01	5.395206e+01
2.370000e-06	2.392499e-06	8.079530e-10	1.668837e+01	5.483481e+01
2.380000e-06	2.434610e-06	8.139343e-10	1.698210e+01	5.569694e+01
2.390000e-06	2.476319e-06	8.193564e-10	1.727303e+01	5.653866e+01
2.400000e-06	2.517741e-06	8.255526e-10	1.756196e+01	5.736020e+01
2.410000e-06	2.558886e-06	8.352220e-10	1.784896e+01	5.816179e+01
2.420000e-06	2.599607e-06	8.487517e-10	1.813300e+01	5.894372e+01
2.430000e-06	2.640018e-06	8.657970e-10	1.841488e+01	5.970628e+01
2.440000e-06	2.680291e-06	8.822476e-10	1.869579e+01	6.044977e+01
2.450000e-06	2.720415e-06	8.936124e-10	1.897567e+01	6.117453e+01
2.460000e-06	2.760439e-06	9.031401e-10	1.925485e+01	6.188090e+01
2.470000e-06	2.800322e-06	9.103560e-10	1.953304e+01	6.256923e+01
2.480000e-06	2.840013e-06	9.166172e-10	1.980990e+01	6.323988e+01
2.490000e-06	2.879606e-06	9.235716e-10	2.008607e+01	6.389321e+01
2.500000e-06	2.919072e-06	9.305542e-10	2.036136e+01	6.452960e+01
2.510000e-06	2.958319e-06	9.391455e-10	2.063512e+01	6.514943e+01
2.520000e-06	2.997395e-06	9.493699e-10	2.090768e+01	6.575307e+01
2.530000e-06	3.036353e-06	9.583003e-10	2.117943e+01	6.634091e+01
2.540000e-06	3.075036e-06	9.654462e-10	2.144925e+01	6.691333e+01
2.550000e-06	3.113512e-06	9.723492e-10	2.171763e+01	6.747070e+01
2.560000e-06	3.151869e-06	9.791932e-10	2.198518e+01	6.801340e+01
2.570000e-06	3.189945e-06	9.863294e-10	2.225078e+01	6.854179e+01
2.580000e-06	3.227752e-06	9.926987e-10	2.251449e+01	6.905626e+01
2.590000e-06	3.265382e-06	9.975494e-10	2.277697e+01	6.955716e+01
2.600000e-06	3.302851e-06	1.002887e-09	2.303833e+01	7.004486e+01
2.610000e-06	3.340114e-06	1.007612e-09	2.329825e+01	7.051970e+01
2.620000e-06	3.377070e-06	1.011993e-09	2.355603e+01	7.098203e+01
2.630000e-06	3.413736e-06	1.017813e-09	2.381178e+01	7.143221e+01
2.640000e-06	3.450167e-06	1.024130e-09	2.406590e+01	7.187057e+01
2.650000e-06	3.486400e-06	1.031883e-09	2.431864e+01	7.229744e+01
2.660000e-06	3.522462e-06	1.040236e-09	2.457018e+01	7.271315e+01
2.670000e-06	3.558283e-06	1.047304e-09	2.482004e+01	7.311803e+01
2.680000e-06	3.593963e-06	1.053066e-09	2.506892e+01	7.351238e+01
2.690000e-06	3.629601e-06	1.059386e-09	2.531750e+01	7.389654e+01
2.700000e-06	3.665066e-06	1.065323e-09	2.556488e+01	7.427080e+01
2.710000e-06	3.700243e-06	1.069994e-09	2.581025e+01	7.463547e+01
2.720000e-06	3.735121e-06	1.075362e-09	2.605353e+01	7.499085e+01
2.730000e-06	3.769609e-06	1.080775e-09	2.629410e+01	7.533724e+01
2.740000e-06	3.803663e-06	1.086044e-09	2.653164e+01	7.567492e+01
2.750000e-06	3.837247e-06	1.091875e-09	2.676589e+01	7.600418e+01
2.760000e-06	3.870345e-06	1.097687e-09	2.699676e+01	7.632531e+01
2.770000e-06	3.903023e-06	1.103284e-09	2.722470e+01	7.663859e+01
2.780000e-06	3.935342e-06	1.107713e-09	2.745013e+01	7.694427e+01
2.790000e-06	3.967363e-06	1.112578e-09	2.767348e+01	7.724264e+01
2.800000e-06	3.999192e-06	1.116740e-09	2.789550e+01	7.753394e+01
2.810000e-06	4.030861e-06	1.119594e-09	2.811641e+01	7.781844e+01
2.820000e-06	4.062343e-06	1.122810e-09	2.833600e+01	7.809639e+01
2.830000e-06	4.093638e-06	1.128197e-09	2.855429e+01	7.836801e+01
2.840000e-06	4.124675e-06	1.134724e-09	2.877078e+01	7.863354e+01
2.850000e-06	4.155456e-06	1.142916e-09	2.898549e+01	7.889321e+01
2.860000e-06	4.185970e-06	1.151328e-09	2.919833e+01	7.914722e+01
2.870000e-06	4.216179e-06	1.155264e-09	2.940905e+01	7.939578e+01
2.880000e-06	4.246058e-06	1.155634e-09	2.961747e+01	7.963907e+01
2.890000e-06	4.275578e-06	1.156929e-09	2.982337e+01	7.987727e+01
2.900000e-06	4.304821e-06	1.159138e-09	3.002735e+01	8.011055e+01
2.910000e-06	4.333841e-06	1.163574e-09	3.022977e+01	8.033906e+01
2.920000e-06	4.362592e-06	1.169647e-09	3.043032e+01	8.056292e+01
2.930000e-06	4.390993e-06	1.175851e-09	3.062842e+01	8.078226e+01
2.940000e-06	4.419100e-06	1.182045e-09	3.082448e+01	8.099719e+01
2.950000e-06	4.447003e-06	1.186739e-09	3.101912e+01	8.120779e+01
2.960000e-06	4.474705e-06	1.190887e-09	3.121234e+01	8.141412e+01
2.970000e-06	4.502208e-06	1.193104e-09	3.140419e+01	8.161624e+01
2.980000e-06	4.529487e-06	1.195428e-09	3.159446e+01	8.181419e+01
2.990000e-06	4.556578e-06	1.198738e-09	3.178343e+01	8.200798e+01
3.000000e-06	4.583259e-06	1.200269e-09	3.196953e+01	8.219760e+01
3.010000e-06	4.609321e-06	1.199934e-09	3.215132e+01	8.238303e+01
3.020000e-06	4.634881e-06	1.202981e-09	3.232962e+01	8.256425e+01
3.030000e-06	4.659922e-06	1.210849e-09	3.250428e+01	8.274119e+01
3.040000e-06	4.684438e-06	1.217224e-09	3.267529e+01	8.291378e+01
3.050000e-06	4.708575e-06	1.219908e-09	3.284365e+01	8.308194e+01
3.060000e-06	4.732418e-06	1.221764e-09	3.300996e+01	8.324556e+01
3.070000e-06	4.755973e-06	1.221423e-09	3.317427e+01	8.340453e+01
3.080000e-06	4.779254e-06	1.220654e-09	3.333666e+01	8.355873e+01
3.090000e-06	4.802248e-06	1.221537e-09	3.349705e+01	8.370801e+01
3.100000e-06	4.824887e-06	1.225015e-09	3.365496e+01	8.385223e+01
3.110000e-06	4.847199e-06	1.226752e-09	3.381060e+01	8.399123e+01
3.120000e-06	4.869199e-06	1.229437e-09	3.396405e+01	8.412486e+01
3.130000e-06	4.890852e-06	1.233633e-09	3.411509e+01	8.425295e+01
3.140000e-06	4.912167e-06	1.237490e-09	3.426377e+01	8.437533e+01
3.150000e-06	4.933158e-06	1.240035e-09	3.441018e+01	8.449185e+01
3.160000e-06	4.953874e-06	1.242006e-09	3.455468e+01	8.460233e+01
3.170000e-06	4.974223e-06	1.242863e-09	3.469663e+01	8.470662e+01
3.180000e-06	4.994211e-06	1.243172e-09	3.483604e+01	8.480457e+01
3.190000e-06	5.013935e-06	1.243974e-09	3.497363e+01	8.489605e+01
3.200000e-06	5.033483e-06	1.243249e-09	3.510998e+01	8.498090e+01
3.210000e-06	5.052915e-06	1.244266e-09	3.524552e+01	8.505903e+01
3.220000e-06	5.072094e-06	1.245482e-09	3.537930e+01	8.513033e+01
3.230000e-06	5.090854e-06	1.247898e-09	3.551015e+01	8.519472e+01
3.240000e-06	5.109103e-06	1.249999e-09	3.563745e+01	8.525213e+01
3.250000e-06	5.126829e-06	1.250280e-09	3.576109e+01	8.530251e+01
3.260000e-06	5.144066e-06	1.249406e-09	3.588132e+01	8.534584e+01
3.270000e-06	5.161032e-06	1.250877e-09	3.599967e+01	8.538213e+01
3.280000e-06	5.177702e-06	1.255998e-09	3.611595e+01	8.541140e+01
3.290000e-06	5.193967e-06	1.259907e-09	3.622940e+01	8.543371e+01
3.300000e-06	5.209925e-06	1.261113e-09	3.634071e+01	8.544912e+01
3.310000e-06	5.225488e-06	1.260896e-09	3.644927e+01	8.545775e+01
3.320000e-06	5.240563e-06	1.259411e-09	3.655442e+01	8.545973e+01
3.330000e-06	5.255118e-06	1.257649e-09	3.665594e+01	8.545522e+01
3.340000e-06	5.269275e-06	1.257196e-09	3.675469e+01	8.544440e+01
3.350000e-06	5.283147e-06	1.262347e-09	3.685145e+01	8.542749e+01
3.360000e-06	5.296637e-06	1.271049e-09	3.694555e+01	8.540472e+01
3.370000e-06	5.309699e-06	1.278952e-09	3.703667e+01	8.537635e+01
3.380000e-06	5.322391e-06	1.282439e-09	3.712519e+01	8.534268e+01
3.390000e-06	5.334718e-06	1.281692e-09	3.721118e+01	8.530401e+01
3.400000e-06	5.346660e-06	1.279388e-09	3.729448e+01	8.526066e+01
3.410000e-06	5.358233e-06	1.278061e-09	3.737520e+01	8.521298e+01
3.420000e-06	5.369438e-06	1.277132e-09	3.745336e+01	8.516133e+01
3.430000e-06	5.380150e-06	1.279956e-09	3.752808e+01	8.510609e+01
3.440000e-06	5.390305e-06	1.287488e-09	3.759891e+01	8.504764e+01
3.450000e-06	5.399947e-06	1.293691e-09	3.766617e+01	8.498637e+01
3.460000e-06	5.409033e-06	1.297283e-09	3.772955e+01	8.492268e+01
3.470000e-06	5.417588e-06	1.298024e-09	3.778922e+01	8.485697e+01
3.480000e-06	5.425753e-06	1.297484e-09	3.784617e+01	8.478965e+01
3.490000e-06	5.433615e-06	1.296247e-09	3.790101e+01	8.472111e+01
3.500000e-06	5.441181e-06	1.293010e-09	3.795379e+01	8.465174e+01
3.510000e-06	5.448404e-06	1.291655e-09	3.800417e+01	8.458193e+01
3.520000e-06	5.455296e-06	1.293658e-09	3.805224e+01	8.451204e+01
3.530000e-06	5.461769e-06	1.295647e-09	3.809739e+01	8.444244e+01
3.540000e-06	5.467805e-06	1.298442e-09	3.813950e+01	8.437346e+01
3.550000e-06	5.473490e-06	1.302620e-09	3.817915e+01	8.430541e+01
3.560000e-06	5.478829e-06	1.307224e-09	3.821639e+01	8.423859e+01
3.570000e-06	5.483789e-06	1.310349e-09	3.825099e+01	8.417328e+01
3.580000e-06	5.488314e-06	1.309437e-09	3.828256e+01	8.410970e+01
3.590000e-06	5.492478e-06	1.305661e-09	3.831160e+01	8.404808e+01
3.600000e-06	5.496369e-06	1.303782e-09	3.833874e+01	8.398860e+01
3.610000e-06	5.500003e-06	1.305242e-09	3.836409e+01	8.393141e+01
3.620000e-06	5.503376e-06	1.307867e-09	3.838762e+01	8.387661e+01
3.630000e-06	5.506412e-06	1.310192e-09	3.840879e+01	8.382430e+01
3.640000e-06	5.509017e-06	1.313595e-09	3.842696e+01	8.377452e+01
3.650000e-06	5.511055e-06	1.318148e-09	3.844118e+01	8.372729e+01
3.660000e-06	5.512429e-06	1.321438e-09	3.845076e+01	8.368257e+01
3.670000e-06	5.513257e-06	1.322269e-09	3.845654e+01	8.364030e+01
3.680000e-06	5.513674e-06	1.321523e-09	3.845945e+01	8.360040e+01
3.690000e-06	5.513753e-06	1.319731e-09	3.846000e+01	8.356274e+01
3.700000e-06	5.513535e-06	1.318102e-09	3.845848e+01	8.352715e+01
3.710000e-06	5.513018e-06	1.316623e-09	3.845487e+01	8.349345e+01
3.720000e-06	5.512156e-06	1.315851e-09	3.844886e+01	8.346141e+01
3.730000e-06	5.510893e-06	1.318511e-09	3.844005e+01	8.343078e+01
3.740000e-06	5.509309e-06	1.330802e-09	3.842900e+01	8.340129e+01
3.750000e-06	5.507438e-06	1.342268e-09	3.841595e+01	8.337265e+01
3.760000e-06	5.505260e-06	1.308912e-09	3.840075e+01	8.334453e+01
3.770000e-06	5.502658e-06	1.244916e-09	3.838261e+01	8.331660e+01
3.780000e-06	5.499507e-06	1.245508e-09	3.836063e+01	8.328850e+01
3.790000e-06	5.495891e-06	1.287925e-09	3.833541e+01	8.325987e+01
3.800000e-06	5.491889e-06	1.286440e-09	3.830749e+01	8.323034e+01
3.810000e-06	5.487652e-06	1.309421e-09	3.827793e+01	8.319953e+01
3.820000e-06	5.483237e-06	1.324771e-09	3.824714e+01	8.316705e+01
3.830000e-06	5.478428e-06	1.333752e-09	3.821360e+01	8.313252e+01
3.840000e-06	5.473066e-06	1.299570e-09	3.817620e+01	8.309556e+01
3.850000e-06	5.467261e-06	1.246516e-09	3.813570e+01	8.305579e+01
3.860000e-06	5.461159e-06	1.293033e-09	3.809314e+01	8.301285e+01
3.870000e-06	5.454652e-06	1.349156e-09	3.804775e+01	8.296637e+01
3.880000e-06	5.447640e-06	1.348695e-09	3.799884e+01	8.291603e+01
3.890000e-06	5.440187e-06	1.280754e-09	3.794686e+01	8.286149e+01
3.900000e-06	5.432241e-06	1.281889e-09	3.789143e+01	8.280244e+01
3.910000e-06	5.423811e-06	1.290824e-09	3.783263e+01	8.273861e+01
3.920000e-06	5.415082e-06	1.264497e-09	3.777174e+01	8.266973e+01
3.930000e-06	5.406082e-06	1.249235e-09	3.770896e+01	8.259555e+01
3.940000e-06	5.396738e-06	1.297029e-09	3.764379e+01	8.251587e+01
3.950000e-06	5.386929e-06	1.310768e-09	3.757537e+01	8.243051e+01
3.960000e-06	5.376685e-06	1.264358e-09	3.750391e+01	8.233930e+01
3.970000e-06	5.366218e-06	1.246850e-09	3.743090e+01	8.224211e+01
3.980000e-06	5.355453e-06	1.267646e-09	3.735581e+01	8.213886e+01
3.990000e-06	5.344242e-06	1.276156e-09	3.727761e+01	8.202945e+01
4.000000e-06	5.332559e-06	1.247605e-09	3.719612e+01	8.191387e+01
4.010000e-06	5.320419e-06	1.225950e-09	3.711144e+01	8.179208e+01
4.020000e-06	5.307847e-06	1.224490e-09	3.702375e+01	8.166411e+01
4.030000e-06	5.294964e-06	1.262312e-09	3.693388e+01	8.152999e+01
4.040000e-06	5.281791e-06	1.241164e-09	3.684199e+01	8.138981e+01
4.050000e-06	5.267999e-06	1.193025e-09	3.674579e+01	8.124364e+01
4.060000e-06	5.253557e-06	1.210917e-09	3.664506e+01	8.109160e+01
4.070000e-06	5.238644e-06	1.275393e-09	3.654104e+01	8.093384e+01
4.080000e-06	5.223180e-06	1.225657e-09	3.643317e+01	8.077050e+01
4.090000e-06	5.207147e-06	1.180118e-09	3.632133e+01	8.060177e+01
4.100000e-06	5.190813e-06	1.247388e-09	3.620740e+01	8.042783e+01
4.110000e-06	5.174322e-06	1.258135e-09	3.609237e+01	8.024888e+01
4.120000e-06	5.157470e-06	1.167995e-09	3.597482e+01	8.006513e+01
4.130000e-06	5.140250e-06	1.208815e-09	3.585471e+01	7.987682e+01
4.140000e-06	5.122746e-06	1.282734e-09	3.573261e+01	7.968417e+01
4.150000e-06	5.104895e-06	1.195396e-09	3.560810e+01	7.948741e+01
4.160000e-06	5.086648e-06	1.158882e-09	3.548082e+01	7.928677e+01
4.170000e-06	5.068058e-06	1.263257e-09	3.535115e+01	7.908250e+01
4.180000e-06	5.049200e-06	1.228610e-09	3.521961e+01	7.887481e+01
4.190000e-06	5.030004e-06	1.136484e-09	3.508571e+01	7.866393e+01
4.200000e-06	5.010422e-06	1.225209e-09	3.494912e+01	7.845009e+01
4.210000e-06	4.990541e-06	1.245195e-09	3.481044e+01	7.823349e+01
4.220000e-06	4.970407e-06	1.127954e-09	3.467001e+01	7.801434e+01
4.230000e-06	4.950034e-06	1.176584e-09	3.452790e+01	7.779281e+01
4.240000e-06	4.929436e-06	1.261468e-09	3.438422e+01	7.756908e+01
4.250000e-06	4.908403e-06	1.151938e-09	3.423751e+01	7.734331e+01
4.260000e-06	4.886771e-06	1.129583e-09	3.408662e+01	7.711563e+01
4.270000e-06	4.864590e-06	1.233835e-09	3.393190e+01	7.688618e+01
4.280000e-06	4.841930e-06	1.185314e-09	3.377384e+01	7.665507e+01
4.290000e-06	4.818820e-06	1.116236e-09	3.361265e+01	7.642237e+01
4.300000e-06	4.795298e-06	1.205871e-09	3.344857e+01	7.618816e+01
4.310000e-06	4.771472e-06	1.209882e-09	3.328238e+01	7.595250e+01
4.320000e-06	4.747339e-06	1.138170e-09	3.311404e+01	7.571540e+01
4.330000e-06	4.722888e-06	1.177478e-09	3.294349e+01	7.547690e+01
4.340000e-06	4.698154e-06	1.199707e-09	3.277097e+01	7.523699e+01
4.350000e-06	4.673171e-06	1.127357e-09	3.259670e+01	7.499564e+01
4.360000e-06	4.647883e-06	1.134732e-09	3.242031e+01	7.475282e+01
4.370000e-06	4.622260e-06	1.169183e-09	3.224158e+01	7.450848e+01
4.380000e-06	4.596385e-06	1.133454e-09	3.206110e+01	7.426255e+01
4.390000e-06	4.570166e-06	1.132373e-09	3.187821e+01	7.401496e+01
4.400000e-06	4.543585e-06	1.166491e-09	3.169280e+01	7.376560e+01
4.410000e-06	4.516714e-06	1.134827e-09	3.150536e+01	7.351438e+01
4.420000e-06	4.489519e-06	1.108682e-09	3.131567e+01	7.326119e+01
4.430000e-06	4.462015e-06	1.127621e-09	3.112383e+01	7.300591e+01
4.440000e-06	4.434168e-06	1.116742e-09	3.092959e+01	7.274841e+01
4.450000e-06	4.406056e-06	1.094112e-09	3.073349e+01	7.248856e+01
4.460000e-06	4.377816e-06	1.113583e-09	3.053651e+01	7.222622e+01
4.470000e-06	4.349399e-06	1.122770e-09	3.033830e+01	7.196127e+01
4.480000e-06	4.320722e-06	1.106496e-09	3.013827e+01	7.169356e+01
4.490000e-06	4.291762e-06	1.109795e-09	2.993626e+01	7.142296e+01
4.500000e-06	4.262457e-06	1.109194e-09	2.973185e+01	7.114935e+01
4.510000e-06	4.232749e-06	1.082357e-09	2.952463e+01	7.087258e+01
4.520000e-06	4.202452e-06	1.071160e-09	2.931330e+01	7.059253e+01
4.530000e-06	4.171593e-06	1.084569e-09	2.909805e+01	7.030910e+01
4.540000e-06	4.140340e-06	1.073830e-09	2.888005e+01	7.002216e+01
4.550000e-06	4.108719e-06	1.061806e-09	2.865948e+01	6.973162e+01
4.560000e-06	4.076852e-06	1.074635e-09	2.843720e+01	6.943738e+01
4.570000e-06	4.044776e-06	1.074360e-09	2.821346e+01	6.913936e+01
4.580000e-06	4.012480e-06	1.055955e-09	2.798819e+01	6.883748e+01
4.590000e-06	3.979966e-06	1.058860e-09	2.776140e+01	6.853168e+01
4.600000e-06	3.947219e-06	1.056393e-09	2.753298e+01	6.822190e+01
4.610000e-06	3.914156e-06	1.034486e-09	2.730235e+01	6.790810e+01
4.620000e-06	3.880837e-06	1.029749e-09	2.706995e+01	6.759025e+01
4.630000e-06	3.847285e-06	1.039568e-09	2.683591e+01	6.726833e+01
4.640000e-06	3.813454e-06	1.028061e-09	2.659993e+01	6.694232e+01
4.650000e-06	3.779410e-06	1.018256e-09	2.636246e+01	6.661223e+01
4.660000e-06	3.745169e-06	1.026230e-09	2.612362e+01	6.627805e+01
4.670000e-06	3.710638e-06	1.024917e-09	2.588276e+01	6.593981e+01
4.680000e-06	3.675808e-06	1.012973e-09	2.563981e+01	6.559754e+01
4.690000e-06	3.640727e-06	1.016810e-09	2.539511e+01	6.525125e+01
4.700000e-06	3.605383e-06	1.016438e-09	2.514857e+01	6.490099e+01
4.710000e-06	3.569807e-06	1.000070e-09	2.490042e+01	6.454681e+01
4.720000e-06	3.534027e-06	9.942998e-10	2.465085e+01	6.418875e+01
4.730000e-06	3.498041e-06	1.000469e-09	2.439983e+01	6.382686e+01
4.740000e-06	3.461898e-06	9.924836e-10	2.414773e+01	6.346120e+01
4.750000e-06	3.425636e-06	9.836578e-10	2.389479e+01	6.309183e+01
4.760000e-06	3.389230e-06	9.884517e-10	2.364084e+01	6.271879e+01
4.770000e-06	3.352652e-06	9.871712e-10	2.338570e+01	6.234216e+01
4.780000e-06	3.315863e-06	9.791657e-10	2.312909e+01	6.196197e+01
4.790000e-06	3.278775e-06	9.778478e-10	2.287039e+01	6.157829e+01
4.800000e-06	3.241339e-06	9.756583e-10	2.260926e+01	6.119116e+01
4.810000e-06	3.203521e-06	9.665880e-10	2.234547e+01	6.080061e+01
4.820000e-06	3.165217e-06	9.620933e-10	2.207829e+01	6.040670e+01
4.830000e-06	3.126472e-06	9.583364e-10	2.180803e+01	6.000944e+01
4.840000e-06	3.087410e-06	9.459696e-10	2.153556e+01	5.960885e+01
4.850000e-06	3.048101e-06	9.374910e-10	2.126138e+01	5.920496e+01
4.860000e-06	3.008508e-06	9.385545e-10	2.098520e+01	5.879775e+01
4.870000e-06	2.968681e-06	9.377677e-10	2.070739e+01	5.838723e+01
4.880000e-06	2.928698e-06	9.353186e-10	2.042850e+01	5.797336e+01
4.890000e-06	2.888613e-06	9.327346e-10	2.014890e+01	5.755612e+01
4.900000e-06	2.848456e-06	9.274502e-10	1.986879e+01	5.713547e+01
4.910000e-06	2.808162e-06	9.167820e-10	1.958773e+01	5.671134e+01
4.920000e-06	2.767741e-06	9.096222e-10	1.930578e+01	5.628365e+01
4.930000e-06	2.727137e-06	9.044534e-10	1.902256e+01	5.585234e+01
4.940000e-06	2.686315e-06	8.968879e-10	1.873781e+01	5.541728e+01
4.950000e-06	2.645330e-06	8.905050e-10	1.845193e+01	5.497837e+01
4.960000e-06	2.604188e-06	8.881319e-10	1.816495e+01	5.453547e+01
4.970000e-06	2.562922e-06	8.846146e-10	1.787711e+01	5.408843e+01
4.980000e-06	2.521438e-06	8.788583e-10	1.758775e+01	5.363709e+01
4.990000e-06	2.479711e-06	8.719974e-10	1.729669e+01	5.318126e+01
5.000000e-06	2.437827e-06	8.646464e-10	1.700453e+01	5.272075e+01
5.010000e-06	2.395778e-06	8.545716e-10	1.671124e+01	5.225535e+01
5.020000e-06	2.353608e-06	8.448087e-10	1.641709e+01	5.178483e+01
5.030000e-06	2.311278e-06	8.368852e-10	1.612183e+01	5.130893e+01
5.040000e-06	2.268774e-06	8.303758e-10	1.582534e+01	5.082740e+01
5.050000e-06	2.226075e-06	8.253913e-10	1.552751e+01	5.033995e+01
5.060000e-06	2.183265e-06	8.218715e-10	1.522889e+01	4.984630e+01
5.070000e-06	2.140244e-06	8.168480e-10	1.492881e+01	4.934613e+01
5.080000e-06	2.097035e-06	8.091923e-10	1.462742e+01	4.883912e+01
5.090000e-06	2.053778e-06	8.016376e-10	1.432569e+01	4.832492e+01
5.100000e-06	2.010368e-06	7.932112e-10	1.402289e+01	4.780318e+01
5.110000e-06	1.966786e-06	7.825720e-10	1.371890e+01	4.727353e+01
5.120000e-06	1.923062e-06	7.711380e-10	1.341390e+01	4.673560e+01
5.130000e-06	1.879185e-06	7.624680e-10	1.310785e+01	4.618897e+01
5.140000e-06	1.835212e-06	7.555758e-10	1.280112e+01	4.563325e+01
5.150000e-06	1.791204e-06	7.484694e-10	1.249416e+01	4.506802e+01
5.160000e-06	1.747064e-06	7.384610e-10	1.218627e+01	4.449284e+01
5.170000e-06	1.702839e-06	7.299232e-10	1.187779e+01	4.390728e+01
5.180000e-06	1.658591e-06	7.201936e-10	1.156915e+01	4.331089e+01
5.190000e-06	1.614268e-06	7.086797e-10	1.125998e+01	4.270322e+01
5.200000e-06	1.569855e-06	6.966954e-10	1.095019e+01	4.208380e+01
5.210000e-06	1.525388e-06	6.836403e-10	1.064001e+01	4.145217e+01
5.220000e-06	1.480897e-06	6.713874e-10	1.032968e+01	4.080786e+01
5.230000e-06	1.436328e-06	6.582436e-10	1.001880e+01	4.015040e+01
5.240000e-06	1.391608e-06	6.439367e-10	9.706864e+00	3.947931e+01
5.250000e-06	1.346749e-06	6.314159e-10	9.393960e+00	3.879413e+01
5.260000e-06	1.301839e-06	6.223321e-10	9.080700e+00	3.809440e+01
5.270000e-06	1.256897e-06	6.151461e-10	8.767212e+00	3.737964e+01
5.280000e-06	1.211847e-06	6.058296e-10	8.452978e+00	3.664940e+01
5.290000e-06	1.166743e-06	5.941369e-10	8.138365e+00	3.590325e+01
5.300000e-06	1.121545e-06	5.810502e-10	7.823098e+00	3.514074e+01
5.310000e-06	1.076191e-06	5.656843e-10	7.506737e+00	3.436145e+01
5.320000e-06	1.030699e-06	5.510099e-10	7.189417e+00	3.356499e+01
5.330000e-06	9.851044e-07	5.393439e-10	6.871384e+00	3.275097e+01
5.340000e-06	9.394909e-07	5.297094e-10	6.553217e+00	3.191902e+01
5.350000e-06	8.938514e-07	5.193594e-10	6.234869e+00	3.106880e+01
5.360000e-06	8.481925e-07	5.093312e-10	5.916384e+00	3.019999e+01
5.370000e-06	8.024019e-07	4.982157e-10	5.596982e+00	2.931231e+01
5.380000e-06	7.564685e-07	4.847394e-10	5.276584e+00	2.840550e+01
5.390000e-06	7.105474e-07	4.710305e-10	4.956271e+00	2.747934e+01
5.400000e-06	6.645480e-07	4.560251e-10	4.635412e+00	2.653362e+01
5.410000e-06	6.183788e-07	4.390389e-10	4.313369e+00	2.556821e+01
5.420000e-06	5.721855e-07	4.237682e-10	3.991157e+00	2.458299e+01
5.430000e-06	5.260671e-07	4.113096e-10	3.669468e+00	2.357789e+01
5.440000e-06	4.799503e-07	3.988701e-10	3.347790e+00	2.255288e+01
5.450000e-06	4.337434e-07	3.832634e-10	3.025483e+00	2.150798e+01
5.460000e-06	3.874873e-07	3.662779e-10	2.702834e+00	2.044326e+01
5.470000e-06	3.411726e-07	3.485775e-10	2.379776e+00	1.935883e+01
5.480000e-06	2.948210e-07	3.302571e-10	2.056460e+00	1.825486e+01
5.490000e-06	2.484148e-07	3.095557e-10	1.732764e+00	1.713157e+01
5.500000e-06	2.019664e-07	2.887772e-10	1.408773e+00	1.598923e+01
5.510000e-06	1.555937e-07	2.721690e-10	1.085310e+00	1.482816e+01
5.520000e-06	1.092527e-07	2.580292e-10	7.620690e-01	1.364874e+01
5.530000e-06	6.283150e-08	2.407090e-10	4.382677e-01	1.245140e+01
5.540000e-06	1.634179e-08	2.218987e-10	1.139886e-01	1.123662e+01
5.550000e-06	-3.018731e-08	2.034154e-10	-2.105651e-01	1.000495e+01
5.560000e-06	-7.673360e-08	1.796462e-10	-5.352387e-01	8.756981e+00
5.570000e-06	-1.232535e-07	1.545061e-10	-8.597282e-01	7.493350e+00
5.580000e-06	-1.697690e-07	1.335098e-10	-1.184187e+00	6.214758e+00
5.590000e-06	-2.161715e-07	1.154708e-10	-1.507858e+00	4.921950e+00
5.600000e-06	-2.624683e-07	9.900265e-11	-1.830792e+00	3.615719e+00
5.610000e-06	-3.087436e-07	7.962176e-11	-2.153574e+00	2.296907e+00
5.620000e-06	-3.550324e-07	5.685932e-11	-2.476452e+00	9.663978e-01
5.630000e-06	-4.013918e-07	3.216697e-11	-2.799822e+00	-3.748835e-01
5.640000e-06	-4.477051e-07	5.347101e-12	-3.122871e+00	-1.725972e+00
5.650000e-06	-4.938535e-07	-2.102399e-11	-3.444769e+00	-3.085867e+00
5.660000e-06	-5.399273e-07	-4.466006e-11	-3.766146e+00	-4.453537e+00
5.670000e-06	-5.859992e-07	-6.493414e-11	-4.087511e+00	-5.827918e+00
5.680000e-06	-6.319422e-07	-8.590859e-11	-4.407977e+00	-7.207923e+00
5.690000e-06	-6.778012e-07	-1.056700e-10	-4.727857e+00	-8.592441e+00
5.700000e-06	-7.236576e-07	-1.279914e-10	-5.047718e+00	-9.980345e+00
5.710000e-06	-7.694737e-07	-1.536702e-10	-5.367299e+00	-1.137049e+01
5.720000e-06	-8.153094e-07	-1.828730e-10	-5.687015e+00	-1.276173e+01
5.730000e-06	-8.610734e-07	-2.115551e-10	-6.006232e+00	-1.415290e+01
5.740000e-06	-9.067348e-07	-2.383648e-10	-6.324734e+00	-1.554285e+01
5.750000e-06	-9.523228e-07	-2.642249e-10	-6.642723e+00	-1.693040e+01
5.760000e-06	-9.977639e-07	-2.873904e-10	-6.959687e+00	-1.831443e+01
5.770000e-06	-1.043047e-06	-3.071074e-10	-7.275551e+00	-1.969377e+01
5.780000e-06	-1.088231e-06	-3.270799e-10	-7.590722e+00	-2.106732e+01
5.790000e-06	-1.133280e-06	-3.514872e-10	-7.904950e+00	-2.243395e+01
5.800000e-06	-1.178204e-06	-3.781317e-10	-8.218308e+00	-2.379259e+01
5.810000e-06	-1.223055e-06	-4.049933e-10	-8.531157e+00	-2.514219e+01
5.820000e-06	-1.267822e-06	-4.320941e-10	-8.843421e+00	-2.648170e+01
5.830000e-06	-1.312520e-06	-4.568855e-10	-9.155202e+00	-2.781014e+01
5.840000e-06	-1.357154e-06	-4.779426e-10	-9.466537e+00	-2.912655e+01
5.850000e-06	-1.401758e-06	-4.968777e-10	-9.777658e+00	-3.043000e+01
5.860000e-06	-1.446266e-06	-5.169571e-10	-1.008812e+01	-3.171963e+01
5.870000e-06	-1.490647e-06	-5.387490e-10	-1.039769e+01	-3.299460e+01
5.880000e-06	-1.534973e-06	-5.595806e-10	-1.070687e+01	-3.425413e+01
5.890000e-06	-1.579244e-06	-5.811101e-10	-1.101567e+01	-3.549747e+01
5.900000e-06	-1.623480e-06	-6.031849e-10	-1.132424e+01	-3.672393e+01
5.910000e-06	-1.667712e-06	-6.254570e-10	-1.163277e+01	-3.793289e+01
5.920000e-06	-1.711914e-06	-6.464724e-10	-1.194109e+01	-3.912376e+01
5.930000e-06	-1.756027e-06	-6.677853e-10	-1.224879e+01	-4.029601e+01
5.940000e-06	-1.800027e-06	-6.896584e-10	-1.255570e+01	-4.144915e+01
5.950000e-06	-1.843989e-06	-7.095150e-10	-1.286235e+01	-4.258277e+01
5.960000e-06	-1.887919e-06	-7.250160e-10	-1.316877e+01	-4.369649e+01
5.970000e-06	-1.931713e-06	-7.379294e-10	-1.347425e+01	-4.478999e+01
5.980000e-06	-1.975335e-06	-7.514852e-10	-1.377852e+01	-4.586302e+01
5.990000e-06	-2.018856e-06	-7.685759e-10	-1.408210e+01	-4.691534e+01
6.000000e-06	-2.062262e-06	-7.866674e-10	-1.438486e+01	-4.794679e+01
6.010000e-06	-2.105466e-06	-8.041897e-10	-1.468622e+01	-4.895726e+01
6.020000e-06	-2.148486e-06	-8.211381e-10	-1.498630e+01	-4.994668e+01
6.030000e-06	-2.191330e-06	-8.386012e-10	-1.528515e+01	-5.091501e+01
6.040000e-06	-2.234048e-06	-8.561207e-10	-1.558312e+01	-5.186228e+01
6.050000e-06	-2.276596e-06	-8.695509e-10	-1.587991e+01	-5.278853e+01
6.060000e-06	-2.318902e-06	-8.778849e-10	-1.617500e+01	-5.369386e+01
6.070000e-06	-2.361141e-06	-8.859236e-10	-1.646963e+01	-5.457841e+01
6.080000e-06	-2.403280e-06	-8.983897e-10	-1.676356e+01	-5.544234e+01
6.090000e-06	-2.445175e-06	-9.136987e-10	-1.705579e+01	-5.628583e+01
6.100000e-06	-2.486867e-06	-9.272494e-10	-1.734661e+01	-5.710911e+01
6.110000e-06	-2.528316e-06	-9.401161e-10	-1.763572e+01	-5.791244e+01
6.120000e-06	-2.569542e-06	-9.546145e-10	-1.792329e+01	-5.869607e+01
6.130000e-06	-2.610596e-06	-9.673352e-10	-1.820965e+01	-5.946031e+01
6.140000e-06	-2.651429e-06	-9.780872e-10	-1.849447e+01	-6.020546e+01
6.150000e-06	-2.692081e-06	-9.896607e-10	-1.877803e+01	-6.093184e+01
6.160000e-06	-2.732625e-06	-9.986164e-10	-1.906084e+01	-6.163981e+01
6.170000e-06	-2.773063e-06	-1.005027e-09	-1.934291e+01	-6.232970e+01
6.180000e-06	-2.813416e-06	-1.014800e-09	-1.962438e+01	-6.300189e+01
6.190000e-06	-2.853645e-06	-1.026135e-09	-1.990499e+01	-6.365673e+01
6.200000e-06	-2.893734e-06	-1.037043e-09	-2.018462e+01	-6.429459e+01
6.210000e-06	-2.933746e-06	-1.049898e-09	-2.046371e+01	-6.491587e+01
6.220000e-06	-2.973615e-06	-1.062536e-09	-2.074182e+01	-6.552092e+01
6.230000e-06	-3.013222e-06	-1.071435e-09	-2.101808e+01	-6.611014e+01
6.240000e-06	-3.052600e-06	-1.078482e-09	-2.129276e+01	-6.668391e+01
6.250000e-06	-3.091775e-06	-1.084940e-09	-2.156601e+01	-6.724260e+01
6.260000e-06	-3.130613e-06	-1.091887e-09	-2.183692e+01	-6.778658e+01
6.270000e-06	-3.169017e-06	-1.099726e-09	-2.210479e+01	-6.831623e+01
6.280000e-06	-3.206913e-06	-1.106458e-09	-2.236913e+01	-6.883192e+01
6.290000e-06	-3.244415e-06	-1.110824e-09	-2.263072e+01	-6.933402e+01
6.300000e-06	-3.281588e-06	-1.115557e-09	-2.289001e+01	-6.982288e+01
6.310000e-06	-3.318398e-06	-1.121699e-09	-2.314677e+01	-7.029885e+01
6.320000e-06	-3.354946e-06	-1.130579e-09	-2.340171e+01	-7.076230e+01
6.330000e-06	-3.391343e-06	-1.141357e-09	-2.365559e+01	-7.121355e+01
6.340000e-06	-3.427647e-06	-1.150501e-09	-2.390881e+01	-7.165296e+01
6.350000e-06	-3.463829e-06	-1.156857e-09	-2.416119e+01	-7.208085e+01
6.360000e-06	-3.499845e-06	-1.163408e-09	-2.441241e+01	-7.249756e+01
6.370000e-06	-3.535612e-06	-1.172633e-09	-2.466190e+01	-7.290340e+01
6.380000e-06	-3.571213e-06	-1.178898e-09	-2.491023e+01	-7.329870e+01
6.390000e-06	-3.606641e-06	-1.183540e-09	-2.515735e+01	-7.368377e+01
6.400000e-06	-3.641809e-06	-1.188550e-09	-2.540266e+01	-7.405893e+01
6.410000e-06	-3.676681e-06	-1.194485e-09	-2.564590e+01	-7.442446e+01
6.420000e-06	-3.711210e-06	-1.201993e-09	-2.588674e+01	-7.478068e+01
6.430000e-06	-3.745506e-06	-1.210984e-09	-2.612597e+01	-7.512788e+01
6.440000e-06	-3.779590e-06	-1.218446e-09	-2.636372e+01	-7.546636e+01
6.450000e-06	-3.813400e-06	-1.224003e-09	-2.659955e+01	-7.579639e+01
6.460000e-06	-3.846921e-06	-1.229438e-09	-2.683337e+01	-7.611827e+01
6.470000e-06	-3.880134e-06	-1.234395e-09	-2.706504e+01	-7.643226e+01
6.480000e-06	-3.912962e-06	-1.239537e-09	-2.729403e+01	-7.673865e+01
6.490000e-06	-3.945504e-06	-1.244487e-09	-2.752102e+01	-7.703769e+01
6.500000e-06	-3.977878e-06	-1.248093e-09	-2.774683e+01	-7.732965e+01
6.510000e-06	-4.010110e-06	-1.251660e-09	-2.797166e+01	-7.761479e+01
6.520000e-06	-4.042250e-06	-1.258889e-09	-2.819584e+01	-7.789335e+01
6.530000e-06	-4.074234e-06	-1.268095e-09	-2.841894e+01	-7.816556e+01
6.540000e-06	-4.105929e-06	-1.278114e-09	-2.864003e+01	-7.843167e+01
6.550000e-06	-4.137218e-06	-1.287589e-09	-2.885828e+01	-7.869190e+01
6.560000e-06	-4.168071e-06	-1.295976e-09	-2.907348e+01	-7.894645e+01
6.570000e-06	-4.198477e-06	-1.300543e-09	-2.928557e+01	-7.919553e+01
6.580000e-06	-4.228342e-06	-1.299510e-09	-2.949389e+01	-7.943933e+01
6.590000e-06	-4.257635e-06	-1.294705e-09	-2.969821e+01	-7.967803e+01
6.600000e-06	-4.286479e-06	-1.291448e-09	-2.989941e+01	-7.991179e+01
6.610000e-06	-4.315054e-06	-1.295004e-09	-3.009873e+01	-8.014077e+01
6.620000e-06	-4.343435e-06	-1.303924e-09	-3.029670e+01	-8.036509e+01
6.630000e-06	-4.371601e-06	-1.313781e-09	-3.049317e+01	-8.058489e+01
6.640000e-06	-4.399587e-06	-1.321534e-09	-3.068837e+01	-8.080026e+01
6.650000e-06	-4.427436e-06	-1.324733e-09	-3.088262e+01	-8.101129e+01
6.660000e-06	-4.455001e-06	-1.324348e-09	-3.107490e+01	-8.121805e+01
6.670000e-06	-4.482137e-06	-1.322266e-09	-3.126418e+01	-8.142060e+01
6.680000e-06	-4.508918e-06	-1.321797e-09	-3.145099e+01	-8.161897e+01
6.690000e-06	-4.535397e-06	-1.323775e-09	-3.163569e+01	-8.181318e+01
6.700000e-06	-4.561563e-06	-1.325997e-09	-3.181820e+01	-8.200323e+01
6.710000e-06	-4.587418e-06	-1.328072e-09	-3.199854e+01	-8.218909e+01
6.720000e-06	-4.612981e-06	-1.328629e-09	-3.217686e+01	-8.237074e+01
6.730000e-06	-4.638206e-06	-1.328119e-09	-3.235281e+01	-8.254812e+01
6.740000e-06	-4.663030e-06	-1.328511e-09	-3.252596e+01	-8.272115e+01
6.750000e-06	-4.687626e-06	-1.329392e-09	-3.269752e+01	-8.288976e+01
6.760000e-06	-4.712075e-06	-1.331432e-09	-3.286807e+01	-8.305384e+01
6.770000e-06	-4.736275e-06	-1.334522e-09	-3.303687e+01	-8.321329e+01
6.780000e-06	-4.760188e-06	-1.337445e-09	-3.320366e+01	-8.336796e+01
6.790000e-06	-4.783809e-06	-1.338485e-09	-3.336843e+01	-8.351774e+01
6.800000e-06	-4.807019e-06	-1.336739e-09	-3.353033e+01	-8.366246e+01
6.810000e-06	-4.829773e-06	-1.335611e-09	-3.368905e+01	-8.380198e+01
6.820000e-06	-4.852088e-06	-1.335036e-09	-3.384470e+01	-8.393614e+01
6.830000e-06	-4.873860e-06	-1.335703e-09	-3.399656e+01	-8.406478e+01
6.840000e-06	-4.895069e-06	-1.339551e-09	-3.414450e+01	-8.418772e+01
6.850000e-06	-4.915828e-06	-1.345488e-09	-3.428930e+01	-8.430481e+01
6.860000e-06	-4.936305e-06	-1.347063e-09	-3.443213e+01	-8.441587e+01
6.870000e-06	-4.956575e-06	-1.342352e-09	-3.457352e+01	-8.452077e+01
6.880000e-06	-4.976644e-06	-1.336326e-09	-3.471351e+01	-8.461933e+01
6.890000e-06	-4.996441e-06	-1.331701e-09	-3.485160e+01	-8.471142e+01
6.900000e-06	-5.015894e-06	-1.328243e-09	-3.498729e+01	-8.479692e+01
6.910000e-06	-5.034991e-06	-1.327389e-09	-3.512049e+01	-8.487569e+01
6.920000e-06	-5.053745e-06	-1.329908e-09	-3.525131e+01	-8.494764e+01
6.930000e-06	-5.072197e-06	-1.334273e-09	-3.538002e+01	-8.501268e+01
6.940000e-06	-5.090370e-06	-1.338206e-09	-3.550678e+01	-8.507075e+01
6.950000e-06	-5.108156e-06	-1.338437e-09	-3.563085e+01	-8.512179e+01
6.960000e-06	-5.125485e-06	-1.334029e-09	-3.575172e+01	-8.516579e+01
6.970000e-06	-5.142460e-06	-1.330567e-09	-3.587013e+01	-8.520275e+01
6.980000e-06	-5.159117e-06	-1.329911e-09	-3.598631e+01	-8.523268e+01
6.990000e-06	-5.175511e-06	-1.328794e-09	-3.610066e+01	-8.525564e+01
7.000000e-06	-5.191719e-06	-1.328848e-09	-3.621372e+01	-8.527170e+01
7.010000e-06	-5.207573e-06	-1.333025e-09	-3.632431e+01	-8.528097e+01
7.020000e-06	-5.222991e-06	-1.335355e-09	-3.643185e+01	-8.528358e+01
7.030000e-06	-5.237824e-06	-1.334152e-09	-3.653531e+01	-8.527968e+01
7.040000e-06	-5.251948e-06	-1.331853e-09	-3.663384e+01	-8.526945e+01
7.050000e-06	-5.265574e-06	-1.327205e-09	-3.672888e+01	-8.525312e+01
7.060000e-06	-5.278718e-06	-1.322648e-09	-3.682056e+01	-8.523091e+01
7.070000e-06	-5.291414e-06	-1.319121e-09	-3.690912e+01	-8.520308e+01
7.080000e-06	-5.303799e-06	-1.317959e-09	-3.699551e+01	-8.516991e+01
7.090000e-06	-5.315785e-06	-1.318833e-09	-3.707912e+01	-8.513172e+01
7.100000e-06	-5.327328e-06	-1.320662e-09	-3.715963e+01	-8.508883e+01
7.110000e-06	-5.338530e-06	-1.320129e-09	-3.723777e+01	-8.504157e+01
7.120000e-06	-5.349376e-06	-1.315926e-09	-3.731342e+01	-8.499032e+01
7.130000e-06	-5.359855e-06	-1.313169e-09	-3.738651e+01	-8.493544e+01
7.140000e-06	-5.370045e-06	-1.313938e-09	-3.745760e+01	-8.487732e+01
7.150000e-06	-5.379851e-06	-1.316254e-09	-3.752599e+01	-8.481634e+01
7.160000e-06	-5.389223e-06	-1.317522e-09	-3.759136e+01	-8.475292e+01
7.170000e-06	-5.398211e-06	-1.316537e-09	-3.765406e+01	-8.468744e+01
7.180000e-06	-5.406902e-06	-1.313447e-09	-3.771468e+01	-8.462031e+01
7.190000e-06	-5.415386e-06	-1.309566e-09	-3.777386e+01	-8.455194e+01
7.200000e-06	-5.423586e-06	-1.306125e-09	-3.783106e+01	-8.448270e+01
7.210000e-06	-5.431492e-06	-1.302103e-09	-3.788620e+01	-8.441299e+01
7.220000e-06	-5.439053e-06	-1.300105e-09	-3.793894e+01	-8.434318e+01
7.230000e-06	-5.446160e-06	-1.301162e-09	-3.798852e+01	-8.427361e+01
7.240000e-06	-5.452637e-06	-1.301497e-09	-3.803370e+01	-8.420464e+01
7.250000e-06	-5.458401e-06	-1.299169e-09	-3.807390e+01	-8.413659e+01
7.260000e-06	-5.463620e-06	-1.296366e-09	-3.811031e+01	-8.406973e+01
7.270000e-06	-5.468423e-06	-1.292989e-09	-3.814381e+01	-8.400436e+01
7.280000e-06	-5.472935e-06	-1.288364e-09	-3.817528e+01	-8.394071e+01
7.290000e-06	-5.477223e-06	-1.284526e-09	-3.820519e+01	-8.387900e+01
7.300000e-06	-5.481201e-06	-1.282300e-09	-3.823294e+01	-8.381941e+01
7.310000e-06	-5.484788e-06	-1.280676e-09	-3.825796e+01	-8.376210e+01
7.320000e-06	-5.488056e-06	-1.278159e-09	-3.828076e+01	-8.370718e+01
7.330000e-06	-5.491008e-06	-1.276467e-09	-3.830134e+01	-8.365474e+01
7.340000e-06	-5.493539e-06	-1.276321e-09	-3.831900e+01	-8.360482e+01
7.350000e-06	-5.495756e-06	-1.275037e-09	-3.833446e+01	-8.355745e+01
7.360000e-06	-5.497660e-06	-1.271388e-09	-3.834775e+01	-8.351260e+01
7.370000e-06	-5.499076e-06	-1.266433e-09	-3.835762e+01	-8.347021e+01
7.380000e-06	-5.500103e-06	-1.259567e-09	-3.836479e+01	-8.343020e+01
7.390000e-06	-5.500880e-06	-1.251353e-09	-3.837021e+01	-8.339243e+01
7.400000e-06	-5.501372e-06	-1.244080e-09	-3.837364e+01	-8.335676e+01
