# Temperatura_=_-0.67
# Concentracion g/m^3_=_1620.0
# C_Vs_to_Am_M_A/Vsm_=_65563218390.804596
# pendiente_HvsI_1/m_=_3716.3
# ordenada_HvsI_A/m_=_1297.0
# frecuencia_Hz_=_135100.48675603975

Tiempo_(s)	Campo_(V.s)	Magnetizacion_(V.s)	Campo_(kA/m)	Magnetizacion_(A/m)
0.000000e+00	-5.514762e-06	-1.380409e-09	-3.836112e+01	-9.151672e+01
1.000000e-08	-5.514924e-06	-1.378206e-09	-3.836224e+01	-9.145949e+01
2.000000e-08	-5.514823e-06	-1.381046e-09	-3.836154e+01	-9.140129e+01
3.000000e-08	-5.514282e-06	-1.385502e-09	-3.835778e+01	-9.134216e+01
4.000000e-08	-5.513199e-06	-1.383471e-09	-3.835024e+01	-9.128212e+01
5.000000e-08	-5.511501e-06	-1.368065e-09	-3.833843e+01	-9.122120e+01
6.000000e-08	-5.509214e-06	-1.353303e-09	-3.832252e+01	-9.115939e+01
7.000000e-08	-5.506354e-06	-1.372583e-09	-3.830263e+01	-9.109667e+01
8.000000e-08	-5.502925e-06	-1.431163e-09	-3.827878e+01	-9.103303e+01
9.000000e-08	-5.499095e-06	-1.518123e-09	-3.825214e+01	-9.096842e+01
1.000000e-07	-5.494873e-06	-1.509491e-09	-3.822276e+01	-9.090279e+01
1.100000e-07	-5.490350e-06	-1.325717e-09	-3.819130e+01	-9.083607e+01
1.200000e-07	-5.485781e-06	-1.241008e-09	-3.815952e+01	-9.076820e+01
1.300000e-07	-5.480996e-06	-1.366161e-09	-3.812623e+01	-9.069908e+01
1.400000e-07	-5.475678e-06	-1.463327e-09	-3.808924e+01	-9.062861e+01
1.500000e-07	-5.469855e-06	-1.371488e-09	-3.804874e+01	-9.055670e+01
1.600000e-07	-5.463756e-06	-1.272220e-09	-3.800631e+01	-9.048321e+01
1.700000e-07	-5.457269e-06	-1.410063e-09	-3.796119e+01	-9.040803e+01
1.800000e-07	-5.450222e-06	-1.494668e-09	-3.791217e+01	-9.033102e+01
1.900000e-07	-5.442891e-06	-1.371234e-09	-3.786117e+01	-9.025204e+01
2.000000e-07	-5.435407e-06	-1.242485e-09	-3.780911e+01	-9.017095e+01
2.100000e-07	-5.427692e-06	-1.324296e-09	-3.775545e+01	-9.008759e+01
2.200000e-07	-5.419698e-06	-1.431399e-09	-3.769984e+01	-9.000181e+01
2.300000e-07	-5.411434e-06	-1.389940e-09	-3.764235e+01	-8.991346e+01
2.400000e-07	-5.402599e-06	-1.304820e-09	-3.758090e+01	-8.982238e+01
2.500000e-07	-5.392858e-06	-1.318013e-09	-3.751314e+01	-8.972840e+01
2.600000e-07	-5.382437e-06	-1.353100e-09	-3.744065e+01	-8.963136e+01
2.700000e-07	-5.371546e-06	-1.329621e-09	-3.736489e+01	-8.953112e+01
2.800000e-07	-5.360266e-06	-1.321516e-09	-3.728643e+01	-8.942751e+01
2.900000e-07	-5.348646e-06	-1.340536e-09	-3.720560e+01	-8.932038e+01
3.000000e-07	-5.336633e-06	-1.353584e-09	-3.712203e+01	-8.920958e+01
3.100000e-07	-5.324184e-06	-1.330645e-09	-3.703544e+01	-8.909497e+01
3.200000e-07	-5.311277e-06	-1.319186e-09	-3.694566e+01	-8.897642e+01
3.300000e-07	-5.297970e-06	-1.307678e-09	-3.685309e+01	-8.885378e+01
3.400000e-07	-5.284328e-06	-1.330803e-09	-3.675820e+01	-8.872695e+01
3.500000e-07	-5.270243e-06	-1.335987e-09	-3.666022e+01	-8.859580e+01
3.600000e-07	-5.255561e-06	-1.316471e-09	-3.655809e+01	-8.846023e+01
3.700000e-07	-5.240535e-06	-1.323208e-09	-3.645357e+01	-8.832015e+01
3.800000e-07	-5.225145e-06	-1.349420e-09	-3.634652e+01	-8.817546e+01
3.900000e-07	-5.209093e-06	-1.306407e-09	-3.623486e+01	-8.802609e+01
4.000000e-07	-5.192564e-06	-1.286915e-09	-3.611988e+01	-8.787198e+01
4.100000e-07	-5.175812e-06	-1.336499e-09	-3.600335e+01	-8.771307e+01
4.200000e-07	-5.158714e-06	-1.320588e-09	-3.588442e+01	-8.754932e+01
4.300000e-07	-5.141214e-06	-1.256762e-09	-3.576268e+01	-8.738070e+01
4.400000e-07	-5.123438e-06	-1.324420e-09	-3.563903e+01	-8.720718e+01
4.500000e-07	-5.105325e-06	-1.374023e-09	-3.551303e+01	-8.702877e+01
4.600000e-07	-5.086726e-06	-1.275869e-09	-3.538366e+01	-8.684546e+01
4.700000e-07	-5.067692e-06	-1.258465e-09	-3.525126e+01	-8.665726e+01
4.800000e-07	-5.048425e-06	-1.356171e-09	-3.511724e+01	-8.646421e+01
4.900000e-07	-5.028953e-06	-1.314942e-09	-3.498179e+01	-8.626634e+01
5.000000e-07	-5.009272e-06	-1.238804e-09	-3.484489e+01	-8.606369e+01
5.100000e-07	-4.989345e-06	-1.307197e-09	-3.470627e+01	-8.585633e+01
5.200000e-07	-4.969095e-06	-1.317852e-09	-3.456541e+01	-8.564431e+01
5.300000e-07	-4.948463e-06	-1.240183e-09	-3.442189e+01	-8.542771e+01
5.400000e-07	-4.927348e-06	-1.287639e-09	-3.427502e+01	-8.520662e+01
5.500000e-07	-4.905829e-06	-1.332778e-09	-3.412533e+01	-8.498113e+01
5.600000e-07	-4.884078e-06	-1.235871e-09	-3.397403e+01	-8.475133e+01
5.700000e-07	-4.862028e-06	-1.230332e-09	-3.382065e+01	-8.451732e+01
5.800000e-07	-4.839634e-06	-1.314496e-09	-3.366487e+01	-8.427922e+01
5.900000e-07	-4.816825e-06	-1.270401e-09	-3.350621e+01	-8.403714e+01
6.000000e-07	-4.793644e-06	-1.216400e-09	-3.334496e+01	-8.379118e+01
6.100000e-07	-4.770290e-06	-1.278268e-09	-3.318251e+01	-8.354148e+01
6.200000e-07	-4.746715e-06	-1.268621e-09	-3.301852e+01	-8.328815e+01
6.300000e-07	-4.722883e-06	-1.205620e-09	-3.285274e+01	-8.303132e+01
6.400000e-07	-4.698782e-06	-1.235358e-09	-3.268509e+01	-8.277109e+01
6.500000e-07	-4.674358e-06	-1.258804e-09	-3.251519e+01	-8.250759e+01
6.600000e-07	-4.649418e-06	-1.210722e-09	-3.234172e+01	-8.224095e+01
6.700000e-07	-4.623843e-06	-1.222900e-09	-3.216381e+01	-8.197126e+01
6.800000e-07	-4.597721e-06	-1.253886e-09	-3.198211e+01	-8.169864e+01
6.900000e-07	-4.571056e-06	-1.219480e-09	-3.179662e+01	-8.142320e+01
7.000000e-07	-4.543922e-06	-1.199232e-09	-3.160788e+01	-8.114503e+01
7.100000e-07	-4.516524e-06	-1.222490e-09	-3.141730e+01	-8.086423e+01
7.200000e-07	-4.488965e-06	-1.209336e-09	-3.122559e+01	-8.058087e+01
7.300000e-07	-4.461260e-06	-1.191180e-09	-3.103287e+01	-8.029503e+01
7.400000e-07	-4.433400e-06	-1.205808e-09	-3.083907e+01	-8.000679e+01
7.500000e-07	-4.405288e-06	-1.206608e-09	-3.064353e+01	-7.971619e+01
7.600000e-07	-4.376845e-06	-1.185874e-09	-3.044567e+01	-7.942329e+01
7.700000e-07	-4.348077e-06	-1.183252e-09	-3.024556e+01	-7.912811e+01
7.800000e-07	-4.319006e-06	-1.182065e-09	-3.004334e+01	-7.883068e+01
7.900000e-07	-4.289640e-06	-1.168838e-09	-2.983907e+01	-7.853103e+01
8.000000e-07	-4.259990e-06	-1.164919e-09	-2.963282e+01	-7.822914e+01
8.100000e-07	-4.230060e-06	-1.163674e-09	-2.942463e+01	-7.792501e+01
8.200000e-07	-4.199827e-06	-1.151236e-09	-2.921432e+01	-7.761861e+01
8.300000e-07	-4.169216e-06	-1.146931e-09	-2.900139e+01	-7.730992e+01
8.400000e-07	-4.138282e-06	-1.152580e-09	-2.878621e+01	-7.699888e+01
8.500000e-07	-4.107170e-06	-1.139388e-09	-2.856979e+01	-7.668543e+01
8.600000e-07	-4.075904e-06	-1.124902e-09	-2.835230e+01	-7.636952e+01
8.700000e-07	-4.044464e-06	-1.124565e-09	-2.813360e+01	-7.605106e+01
8.800000e-07	-4.012783e-06	-1.121453e-09	-2.791323e+01	-7.572995e+01
8.900000e-07	-3.980898e-06	-1.110696e-09	-2.769143e+01	-7.540610e+01
9.000000e-07	-3.948752e-06	-1.110418e-09	-2.746783e+01	-7.507940e+01
9.100000e-07	-3.916201e-06	-1.109214e-09	-2.724140e+01	-7.474973e+01
9.200000e-07	-3.883322e-06	-1.097814e-09	-2.701269e+01	-7.441697e+01
9.300000e-07	-3.850140e-06	-1.093557e-09	-2.678187e+01	-7.408097e+01
9.400000e-07	-3.816460e-06	-1.095193e-09	-2.654760e+01	-7.374162e+01
9.500000e-07	-3.782194e-06	-1.080849e-09	-2.630923e+01	-7.339875e+01
9.600000e-07	-3.747508e-06	-1.067013e-09	-2.606796e+01	-7.305223e+01
9.700000e-07	-3.712503e-06	-1.066450e-09	-2.582446e+01	-7.270190e+01
9.800000e-07	-3.677220e-06	-1.063442e-09	-2.557902e+01	-7.234761e+01
9.900000e-07	-3.641776e-06	-1.053888e-09	-2.533248e+01	-7.198922e+01
1.000000e-06	-3.606216e-06	-1.053244e-09	-2.508512e+01	-7.162656e+01
1.010000e-06	-3.570504e-06	-1.052087e-09	-2.483670e+01	-7.125949e+01
1.020000e-06	-3.534652e-06	-1.042925e-09	-2.458732e+01	-7.088787e+01
1.030000e-06	-3.498682e-06	-1.034700e-09	-2.433710e+01	-7.051154e+01
1.040000e-06	-3.462471e-06	-1.030440e-09	-2.408521e+01	-7.013037e+01
1.050000e-06	-3.425945e-06	-1.020437e-09	-2.383114e+01	-6.974423e+01
1.060000e-06	-3.389173e-06	-1.011705e-09	-2.357535e+01	-6.935299e+01
1.070000e-06	-3.352103e-06	-1.009519e-09	-2.331749e+01	-6.895653e+01
1.080000e-06	-3.314728e-06	-1.002999e-09	-2.305751e+01	-6.855474e+01
1.090000e-06	-3.277157e-06	-9.921237e-10	-2.279616e+01	-6.814752e+01
1.100000e-06	-3.239409e-06	-9.863087e-10	-2.253358e+01	-6.773478e+01
1.110000e-06	-3.201432e-06	-9.794243e-10	-2.226941e+01	-6.731643e+01
1.120000e-06	-3.163200e-06	-9.677032e-10	-2.200347e+01	-6.689241e+01
1.130000e-06	-3.124756e-06	-9.613190e-10	-2.173605e+01	-6.646264e+01
1.140000e-06	-3.086129e-06	-9.575227e-10	-2.146735e+01	-6.602709e+01
1.150000e-06	-3.047301e-06	-9.479505e-10	-2.119726e+01	-6.558570e+01
1.160000e-06	-3.008354e-06	-9.383763e-10	-2.092634e+01	-6.513845e+01
1.170000e-06	-2.969179e-06	-9.354837e-10	-2.065384e+01	-6.468532e+01
1.180000e-06	-2.929750e-06	-9.321545e-10	-2.037957e+01	-6.422628e+01
1.190000e-06	-2.890124e-06	-9.255846e-10	-2.010393e+01	-6.376134e+01
1.200000e-06	-2.850373e-06	-9.183087e-10	-1.982742e+01	-6.329050e+01
1.210000e-06	-2.810564e-06	-9.108925e-10	-1.955050e+01	-6.281377e+01
1.220000e-06	-2.770588e-06	-8.997555e-10	-1.927243e+01	-6.233115e+01
1.230000e-06	-2.730445e-06	-8.921897e-10	-1.899319e+01	-6.184268e+01
1.240000e-06	-2.690152e-06	-8.865082e-10	-1.871291e+01	-6.134836e+01
1.250000e-06	-2.649561e-06	-8.791569e-10	-1.843055e+01	-6.084823e+01
1.260000e-06	-2.608602e-06	-8.716722e-10	-1.814564e+01	-6.034229e+01
1.270000e-06	-2.567406e-06	-8.639259e-10	-1.785907e+01	-5.983057e+01
1.280000e-06	-2.525982e-06	-8.568066e-10	-1.757092e+01	-5.931309e+01
1.290000e-06	-2.484252e-06	-8.484196e-10	-1.728065e+01	-5.878984e+01
1.300000e-06	-2.442258e-06	-8.382253e-10	-1.698854e+01	-5.826083e+01
1.310000e-06	-2.400051e-06	-8.273063e-10	-1.669494e+01	-5.772604e+01
1.320000e-06	-2.357543e-06	-8.172286e-10	-1.639925e+01	-5.718546e+01
1.330000e-06	-2.314773e-06	-8.095789e-10	-1.610174e+01	-5.663904e+01
1.340000e-06	-2.271748e-06	-8.029839e-10	-1.580246e+01	-5.608674e+01
1.350000e-06	-2.228566e-06	-7.947816e-10	-1.550208e+01	-5.552848e+01
1.360000e-06	-2.185263e-06	-7.824883e-10	-1.520086e+01	-5.496416e+01
1.370000e-06	-2.141760e-06	-7.735549e-10	-1.489825e+01	-5.439369e+01
1.380000e-06	-2.098141e-06	-7.683909e-10	-1.459483e+01	-5.381692e+01
1.390000e-06	-2.054467e-06	-7.607067e-10	-1.429103e+01	-5.323370e+01
1.400000e-06	-2.010722e-06	-7.523314e-10	-1.398674e+01	-5.264383e+01
1.410000e-06	-1.966923e-06	-7.438444e-10	-1.368207e+01	-5.204711e+01
1.420000e-06	-1.923064e-06	-7.334348e-10	-1.337698e+01	-5.144329e+01
1.430000e-06	-1.879032e-06	-7.221749e-10	-1.307069e+01	-5.083212e+01
1.440000e-06	-1.834902e-06	-7.120262e-10	-1.276372e+01	-5.021328e+01
1.450000e-06	-1.790748e-06	-7.025173e-10	-1.245658e+01	-4.958645e+01
1.460000e-06	-1.746560e-06	-6.911764e-10	-1.214921e+01	-4.895127e+01
1.470000e-06	-1.702218e-06	-6.771377e-10	-1.184076e+01	-4.830737e+01
1.480000e-06	-1.657678e-06	-6.653568e-10	-1.153093e+01	-4.765431e+01
1.490000e-06	-1.612980e-06	-6.538056e-10	-1.122001e+01	-4.699166e+01
1.500000e-06	-1.568114e-06	-6.419098e-10	-1.090792e+01	-4.631896e+01
1.510000e-06	-1.523062e-06	-6.324328e-10	-1.059454e+01	-4.563569e+01
1.520000e-06	-1.477838e-06	-6.238581e-10	-1.027996e+01	-4.494136e+01
1.530000e-06	-1.432530e-06	-6.132064e-10	-9.964791e+00	-4.423540e+01
1.540000e-06	-1.387223e-06	-5.978503e-10	-9.649632e+00	-4.351727e+01
1.550000e-06	-1.341848e-06	-5.833597e-10	-9.334001e+00	-4.278638e+01
1.560000e-06	-1.296392e-06	-5.698785e-10	-9.017804e+00	-4.204214e+01
1.570000e-06	-1.250837e-06	-5.576913e-10	-8.700921e+00	-4.128395e+01
1.580000e-06	-1.205184e-06	-5.486836e-10	-8.383350e+00	-4.051119e+01
1.590000e-06	-1.159481e-06	-5.413600e-10	-8.065437e+00	-3.972326e+01
1.600000e-06	-1.113685e-06	-5.289922e-10	-7.746882e+00	-3.891953e+01
1.610000e-06	-1.067705e-06	-5.130304e-10	-7.427036e+00	-3.809938e+01
1.620000e-06	-1.021640e-06	-4.995931e-10	-7.106611e+00	-3.726222e+01
1.630000e-06	-9.755567e-07	-4.894859e-10	-6.786048e+00	-3.640744e+01
1.640000e-06	-9.293840e-07	-4.799004e-10	-6.464867e+00	-3.553446e+01
1.650000e-06	-8.832108e-07	-4.666421e-10	-6.143683e+00	-3.464273e+01
1.660000e-06	-8.370474e-07	-4.525223e-10	-5.822567e+00	-3.373170e+01
1.670000e-06	-7.908804e-07	-4.353495e-10	-5.501425e+00	-3.280087e+01
1.680000e-06	-7.446433e-07	-4.174063e-10	-5.179797e+00	-3.184976e+01
1.690000e-06	-6.982621e-07	-4.043231e-10	-4.857166e+00	-3.087793e+01
1.700000e-06	-6.517879e-07	-3.915466e-10	-4.533887e+00	-2.988499e+01
1.710000e-06	-6.052292e-07	-3.779418e-10	-4.210021e+00	-2.887059e+01
1.720000e-06	-5.586032e-07	-3.620426e-10	-3.885688e+00	-2.783443e+01
1.730000e-06	-5.119720e-07	-3.417847e-10	-3.561317e+00	-2.677625e+01
1.740000e-06	-4.652475e-07	-3.210744e-10	-3.236298e+00	-2.569587e+01
1.750000e-06	-4.184530e-07	-3.037918e-10	-2.910792e+00	-2.459315e+01
1.760000e-06	-3.716810e-07	-2.895275e-10	-2.585442e+00	-2.346803e+01
1.770000e-06	-3.249332e-07	-2.746294e-10	-2.260261e+00	-2.232050e+01
1.780000e-06	-2.781869e-07	-2.611166e-10	-1.935090e+00	-2.115064e+01
1.790000e-06	-2.314275e-07	-2.459352e-10	-1.609827e+00	-1.995857e+01
1.800000e-06	-1.846821e-07	-2.263245e-10	-1.284663e+00	-1.874451e+01
1.810000e-06	-1.379266e-07	-2.054190e-10	-9.594279e-01	-1.750875e+01
1.820000e-06	-9.116835e-08	-1.874295e-10	-6.341741e-01	-1.625163e+01
1.830000e-06	-4.440816e-08	-1.732482e-10	-3.089066e-01	-1.497359e+01
1.840000e-06	2.372477e-09	-1.584372e-10	1.650313e-02	-1.367514e+01
1.850000e-06	4.911837e-08	-1.411045e-10	3.416712e-01	-1.235685e+01
1.860000e-06	9.586688e-08	-1.244571e-10	6.668575e-01	-1.101938e+01
1.870000e-06	1.426138e-07	-1.056179e-10	9.920324e-01	-9.663467e+00
1.880000e-06	1.892992e-07	-8.388225e-11	1.316780e+00	-8.289895e+00
1.890000e-06	2.360157e-07	-6.232308e-11	1.641743e+00	-6.899533e+00
1.900000e-06	2.827552e-07	-4.159689e-11	1.966867e+00	-5.493315e+00
1.910000e-06	3.294487e-07	-2.184771e-11	2.291671e+00	-4.072232e+00
1.920000e-06	3.760996e-07	-4.175385e-12	2.616178e+00	-2.637341e+00
1.930000e-06	4.226786e-07	1.183770e-11	2.940185e+00	-1.189750e+00
1.940000e-06	4.692122e-07	2.871968e-11	3.263876e+00	2.693802e-01
1.950000e-06	5.157212e-07	4.853186e-11	3.587397e+00	1.738840e+00
1.960000e-06	5.622147e-07	6.985950e-11	3.910809e+00	3.217379e+00
1.970000e-06	6.086198e-07	9.053527e-11	4.233607e+00	4.703707e+00
1.980000e-06	6.550078e-07	1.106576e-10	4.556285e+00	6.196505e+00
1.990000e-06	7.013974e-07	1.295097e-10	4.878975e+00	7.694424e+00
2.000000e-06	7.476907e-07	1.461350e-10	5.200995e+00	9.196094e+00
2.010000e-06	7.939488e-07	1.656717e-10	5.522770e+00	1.070013e+01
2.020000e-06	8.401816e-07	1.896163e-10	5.844368e+00	1.220514e+01
2.030000e-06	8.863229e-07	2.152289e-10	6.165331e+00	1.370971e+01
2.040000e-06	9.323601e-07	2.389424e-10	6.485570e+00	1.521247e+01
2.050000e-06	9.783130e-07	2.596824e-10	6.805222e+00	1.671200e+01
2.060000e-06	1.024209e-06	2.767037e-10	7.124479e+00	1.820694e+01
2.070000e-06	1.070050e-06	2.945033e-10	7.443352e+00	1.969593e+01
2.080000e-06	1.115785e-06	3.150261e-10	7.761486e+00	2.117764e+01
2.090000e-06	1.161442e-06	3.373563e-10	8.079078e+00	2.265075e+01
2.100000e-06	1.206999e-06	3.615895e-10	8.395976e+00	2.411401e+01
2.110000e-06	1.252548e-06	3.827919e-10	8.712824e+00	2.556618e+01
2.120000e-06	1.298081e-06	4.024777e-10	9.029552e+00	2.700608e+01
2.130000e-06	1.343482e-06	4.213550e-10	9.345368e+00	2.843257e+01
2.140000e-06	1.388811e-06	4.411157e-10	9.660674e+00	2.984456e+01
2.150000e-06	1.434079e-06	4.585451e-10	9.975563e+00	3.124104e+01
2.160000e-06	1.479334e-06	4.769979e-10	1.029036e+01	3.262103e+01
2.170000e-06	1.524422e-06	4.970323e-10	1.060400e+01	3.398362e+01
2.180000e-06	1.569279e-06	5.197386e-10	1.091603e+01	3.532798e+01
2.190000e-06	1.614079e-06	5.412001e-10	1.122766e+01	3.665333e+01
2.200000e-06	1.658729e-06	5.612550e-10	1.153825e+01	3.795896e+01
2.210000e-06	1.703131e-06	5.795357e-10	1.184711e+01	3.924424e+01
2.220000e-06	1.747336e-06	5.958169e-10	1.215461e+01	4.050860e+01
2.230000e-06	1.791449e-06	6.128372e-10	1.246146e+01	4.175155e+01
2.240000e-06	1.835502e-06	6.266501e-10	1.276790e+01	4.297265e+01
2.250000e-06	1.879499e-06	6.398803e-10	1.307394e+01	4.417156e+01
2.260000e-06	1.923457e-06	6.554120e-10	1.337972e+01	4.534799e+01
2.270000e-06	1.967283e-06	6.775109e-10	1.368457e+01	4.650172e+01
2.280000e-06	2.010980e-06	6.993575e-10	1.398854e+01	4.763261e+01
2.290000e-06	2.054659e-06	7.187053e-10	1.429237e+01	4.874055e+01
2.300000e-06	2.098327e-06	7.334134e-10	1.459612e+01	4.982553e+01
2.310000e-06	2.141905e-06	7.443216e-10	1.489926e+01	5.088757e+01
2.320000e-06	2.185381e-06	7.557074e-10	1.520168e+01	5.192678e+01
2.330000e-06	2.228754e-06	7.678962e-10	1.550339e+01	5.294329e+01
2.340000e-06	2.271981e-06	7.828652e-10	1.580407e+01	5.393729e+01
2.350000e-06	2.315053e-06	8.021839e-10	1.610369e+01	5.490903e+01
2.360000e-06	2.357996e-06	8.234686e-10	1.640241e+01	5.585878e+01
2.370000e-06	2.400639e-06	8.392772e-10	1.669903e+01	5.678687e+01
2.380000e-06	2.442919e-06	8.487914e-10	1.699314e+01	5.769366e+01
2.390000e-06	2.484926e-06	8.558996e-10	1.728534e+01	5.857952e+01
2.400000e-06	2.526619e-06	8.615987e-10	1.757536e+01	5.944488e+01
2.410000e-06	2.567965e-06	8.691751e-10	1.786296e+01	6.029017e+01
2.420000e-06	2.609029e-06	8.814270e-10	1.814861e+01	6.111586e+01
2.430000e-06	2.649764e-06	8.980238e-10	1.843196e+01	6.192240e+01
2.440000e-06	2.690147e-06	9.130482e-10	1.871288e+01	6.271029e+01
2.450000e-06	2.730289e-06	9.236968e-10	1.899210e+01	6.348001e+01
2.460000e-06	2.770285e-06	9.350395e-10	1.927032e+01	6.423207e+01
2.470000e-06	2.810176e-06	9.454954e-10	1.954780e+01	6.496695e+01
2.480000e-06	2.849932e-06	9.538562e-10	1.982435e+01	6.568517e+01
2.490000e-06	2.889584e-06	9.632061e-10	2.010017e+01	6.638719e+01
2.500000e-06	2.929140e-06	9.730998e-10	2.037533e+01	6.707352e+01
2.510000e-06	2.968528e-06	9.831228e-10	2.064931e+01	6.774462e+01
2.520000e-06	3.007769e-06	9.941164e-10	2.092228e+01	6.840096e+01
2.530000e-06	3.046908e-06	1.004349e-09	2.119453e+01	6.904297e+01
2.540000e-06	3.085775e-06	1.012683e-09	2.146489e+01	6.967110e+01
2.550000e-06	3.124275e-06	1.019706e-09	2.173270e+01	7.028575e+01
2.560000e-06	3.162519e-06	1.027078e-09	2.199873e+01	7.088733e+01
2.570000e-06	3.200563e-06	1.033529e-09	2.226337e+01	7.147620e+01
2.580000e-06	3.238460e-06	1.039001e-09	2.252698e+01	7.205272e+01
2.590000e-06	3.276218e-06	1.045246e-09	2.278963e+01	7.261723e+01
2.600000e-06	3.313785e-06	1.052677e-09	2.305095e+01	7.317004e+01
2.610000e-06	3.351119e-06	1.058969e-09	2.331065e+01	7.371145e+01
2.620000e-06	3.388214e-06	1.065380e-09	2.356868e+01	7.424174e+01
2.630000e-06	3.425017e-06	1.072631e-09	2.382468e+01	7.476115e+01
2.640000e-06	3.461518e-06	1.079525e-09	2.407859e+01	7.526992e+01
2.650000e-06	3.497789e-06	1.087346e-09	2.433089e+01	7.576827e+01
2.660000e-06	3.533856e-06	1.095111e-09	2.458178e+01	7.625640e+01
2.670000e-06	3.569712e-06	1.100601e-09	2.483119e+01	7.673449e+01
2.680000e-06	3.605388e-06	1.106557e-09	2.507936e+01	7.720271e+01
2.690000e-06	3.641019e-06	1.114419e-09	2.532721e+01	7.766122e+01
2.700000e-06	3.676579e-06	1.120818e-09	2.557457e+01	7.811016e+01
2.710000e-06	3.711906e-06	1.126110e-09	2.582031e+01	7.854966e+01
2.720000e-06	3.746977e-06	1.133260e-09	2.606426e+01	7.897985e+01
2.730000e-06	3.781708e-06	1.140311e-09	2.630586e+01	7.940084e+01
2.740000e-06	3.815982e-06	1.145135e-09	2.654427e+01	7.981273e+01
2.750000e-06	3.849796e-06	1.149102e-09	2.677948e+01	8.021564e+01
2.760000e-06	3.883013e-06	1.153744e-09	2.701054e+01	8.060966e+01
2.770000e-06	3.915642e-06	1.158914e-09	2.723751e+01	8.099489e+01
2.780000e-06	3.947900e-06	1.164970e-09	2.746190e+01	8.137143e+01
2.790000e-06	3.979920e-06	1.173316e-09	2.768463e+01	8.173937e+01
2.800000e-06	4.011757e-06	1.181692e-09	2.790609e+01	8.209882e+01
2.810000e-06	4.043437e-06	1.188029e-09	2.812646e+01	8.244986e+01
2.820000e-06	4.074987e-06	1.192934e-09	2.834592e+01	8.279261e+01
2.830000e-06	4.106426e-06	1.198435e-09	2.856462e+01	8.312717e+01
2.840000e-06	4.137702e-06	1.203952e-09	2.878218e+01	8.345365e+01
2.850000e-06	4.168554e-06	1.210925e-09	2.899678e+01	8.377217e+01
2.860000e-06	4.198933e-06	1.216402e-09	2.920810e+01	8.408285e+01
2.870000e-06	4.229033e-06	1.218904e-09	2.941748e+01	8.438581e+01
2.880000e-06	4.258861e-06	1.222229e-09	2.962497e+01	8.468118e+01
2.890000e-06	4.288440e-06	1.227891e-09	2.983072e+01	8.496909e+01
2.900000e-06	4.317789e-06	1.233863e-09	3.003488e+01	8.524970e+01
2.910000e-06	4.346903e-06	1.239376e-09	3.023739e+01	8.552313e+01
2.920000e-06	4.375727e-06	1.245923e-09	3.043790e+01	8.578954e+01
2.930000e-06	4.404230e-06	1.252070e-09	3.063617e+01	8.604908e+01
2.940000e-06	4.432414e-06	1.257070e-09	3.083221e+01	8.630190e+01
2.950000e-06	4.460308e-06	1.260429e-09	3.102625e+01	8.654816e+01
2.960000e-06	4.488021e-06	1.262428e-09	3.121902e+01	8.678801e+01
2.970000e-06	4.515638e-06	1.264330e-09	3.141113e+01	8.702162e+01
2.980000e-06	4.543120e-06	1.266786e-09	3.160230e+01	8.724913e+01
2.990000e-06	4.570344e-06	1.272570e-09	3.179167e+01	8.747071e+01
3.000000e-06	4.597234e-06	1.278258e-09	3.197872e+01	8.768650e+01
3.010000e-06	4.623616e-06	1.280118e-09	3.216223e+01	8.789665e+01
3.020000e-06	4.649274e-06	1.283425e-09	3.234071e+01	8.810131e+01
3.030000e-06	4.674252e-06	1.288707e-09	3.251446e+01	8.830063e+01
3.040000e-06	4.698696e-06	1.292441e-09	3.268449e+01	8.849472e+01
3.050000e-06	4.722809e-06	1.294487e-09	3.285222e+01	8.868373e+01
3.060000e-06	4.746694e-06	1.296802e-09	3.301837e+01	8.886776e+01
3.070000e-06	4.770336e-06	1.298898e-09	3.318283e+01	8.904694e+01
3.080000e-06	4.793767e-06	1.300481e-09	3.334581e+01	8.922136e+01
3.090000e-06	4.816943e-06	1.304358e-09	3.350703e+01	8.939111e+01
3.100000e-06	4.839743e-06	1.306696e-09	3.366563e+01	8.955629e+01
3.110000e-06	4.862084e-06	1.305938e-09	3.382104e+01	8.971697e+01
3.120000e-06	4.884040e-06	1.307722e-09	3.397376e+01	8.987320e+01
3.130000e-06	4.905696e-06	1.313121e-09	3.412440e+01	9.002506e+01
3.140000e-06	4.927081e-06	1.318876e-09	3.427316e+01	9.017257e+01
3.150000e-06	4.948213e-06	1.323860e-09	3.442016e+01	9.031577e+01
3.160000e-06	4.968943e-06	1.327043e-09	3.456435e+01	9.045470e+01
3.170000e-06	4.989199e-06	1.324737e-09	3.470525e+01	9.058936e+01
3.180000e-06	5.009133e-06	1.321264e-09	3.484392e+01	9.071977e+01
3.190000e-06	5.028885e-06	1.321894e-09	3.498132e+01	9.084592e+01
3.200000e-06	5.048464e-06	1.325680e-09	3.511751e+01	9.096780e+01
3.210000e-06	5.067824e-06	1.330328e-09	3.525218e+01	9.108540e+01
3.220000e-06	5.086930e-06	1.335203e-09	3.538508e+01	9.119869e+01
3.230000e-06	5.105696e-06	1.338618e-09	3.551562e+01	9.130766e+01
3.240000e-06	5.123966e-06	1.337500e-09	3.564271e+01	9.141227e+01
3.250000e-06	5.141679e-06	1.334720e-09	3.576592e+01	9.151248e+01
3.260000e-06	5.159015e-06	1.333722e-09	3.588651e+01	9.160826e+01
3.270000e-06	5.176067e-06	1.334927e-09	3.600513e+01	9.169958e+01
3.280000e-06	5.192755e-06	1.338388e-09	3.612121e+01	9.178639e+01
3.290000e-06	5.209143e-06	1.341723e-09	3.623520e+01	9.186865e+01
3.300000e-06	5.225315e-06	1.342756e-09	3.634769e+01	9.194635e+01
3.310000e-06	5.241135e-06	1.342120e-09	3.645775e+01	9.201943e+01
3.320000e-06	5.256362e-06	1.341770e-09	3.656366e+01	9.208789e+01
3.330000e-06	5.270927e-06	1.341316e-09	3.666498e+01	9.215168e+01
3.340000e-06	5.284996e-06	1.342547e-09	3.676285e+01	9.221080e+01
3.350000e-06	5.298769e-06	1.346931e-09	3.685865e+01	9.226524e+01
3.360000e-06	5.312222e-06	1.352724e-09	3.695223e+01	9.231499e+01
3.370000e-06	5.325213e-06	1.356624e-09	3.704260e+01	9.236005e+01
3.380000e-06	5.337879e-06	1.358048e-09	3.713070e+01	9.240045e+01
3.390000e-06	5.350202e-06	1.359124e-09	3.721642e+01	9.243620e+01
3.400000e-06	5.362137e-06	1.360552e-09	3.729944e+01	9.246734e+01
3.410000e-06	5.373783e-06	1.362389e-09	3.738045e+01	9.249391e+01
3.420000e-06	5.385003e-06	1.364773e-09	3.745850e+01	9.251596e+01
3.430000e-06	5.395847e-06	1.368938e-09	3.753393e+01	9.253355e+01
3.440000e-06	5.406152e-06	1.373021e-09	3.760561e+01	9.254675e+01
3.450000e-06	5.415689e-06	1.375233e-09	3.767195e+01	9.255566e+01
3.460000e-06	5.424588e-06	1.375497e-09	3.773385e+01	9.256035e+01
3.470000e-06	5.432933e-06	1.374001e-09	3.779190e+01	9.256092e+01
3.480000e-06	5.440914e-06	1.373866e-09	3.784742e+01	9.255750e+01
3.490000e-06	5.448638e-06	1.376311e-09	3.790115e+01	9.255019e+01
3.500000e-06	5.456122e-06	1.377236e-09	3.795321e+01	9.253913e+01
3.510000e-06	5.463403e-06	1.377300e-09	3.800386e+01	9.252444e+01
3.520000e-06	5.470342e-06	1.379615e-09	3.805212e+01	9.250626e+01
3.530000e-06	5.476851e-06	1.382330e-09	3.809740e+01	9.248473e+01
3.540000e-06	5.482958e-06	1.384382e-09	3.813988e+01	9.246001e+01
3.550000e-06	5.488689e-06	1.385705e-09	3.817975e+01	9.243225e+01
3.560000e-06	5.494079e-06	1.387932e-09	3.821724e+01	9.240160e+01
3.570000e-06	5.499044e-06	1.390327e-09	3.825178e+01	9.236820e+01
3.580000e-06	5.503525e-06	1.389966e-09	3.828295e+01	9.233223e+01
3.590000e-06	5.507626e-06	1.389427e-09	3.831147e+01	9.229383e+01
3.600000e-06	5.511487e-06	1.389686e-09	3.833833e+01	9.225316e+01
3.610000e-06	5.515186e-06	1.391109e-09	3.836406e+01	9.221036e+01
3.620000e-06	5.518655e-06	1.394000e-09	3.838820e+01	9.216557e+01
3.630000e-06	5.521794e-06	1.395583e-09	3.841003e+01	9.211895e+01
3.640000e-06	5.524404e-06	1.396495e-09	3.842818e+01	9.207062e+01
3.650000e-06	5.526422e-06	1.397997e-09	3.844222e+01	9.202070e+01
3.660000e-06	5.527908e-06	1.399830e-09	3.845256e+01	9.196932e+01
3.670000e-06	5.528730e-06	1.402636e-09	3.845827e+01	9.191659e+01
3.680000e-06	5.528978e-06	1.406647e-09	3.846000e+01	9.186260e+01
3.690000e-06	5.528897e-06	1.411143e-09	3.845944e+01	9.180744e+01
3.700000e-06	5.528573e-06	1.414331e-09	3.845719e+01	9.175119e+01
3.710000e-06	5.528047e-06	1.414575e-09	3.845352e+01	9.169391e+01
3.720000e-06	5.527269e-06	1.413561e-09	3.844812e+01	9.163566e+01
3.730000e-06	5.526117e-06	1.415155e-09	3.844010e+01	9.157648e+01
3.740000e-06	5.524534e-06	1.425986e-09	3.842909e+01	9.151639e+01
3.750000e-06	5.522521e-06	1.445231e-09	3.841509e+01	9.145541e+01
3.760000e-06	5.520187e-06	1.442258e-09	3.839885e+01	9.139355e+01
3.770000e-06	5.517587e-06	1.399371e-09	3.838076e+01	9.133078e+01
3.780000e-06	5.514597e-06	1.295356e-09	3.835996e+01	9.126709e+01
3.790000e-06	5.511021e-06	1.213372e-09	3.833509e+01	9.120243e+01
3.800000e-06	5.506873e-06	1.360154e-09	3.830624e+01	9.113676e+01
3.810000e-06	5.502495e-06	1.558852e-09	3.827578e+01	9.107001e+01
3.820000e-06	5.498168e-06	1.500507e-09	3.824568e+01	9.100211e+01
3.830000e-06	5.493623e-06	1.362893e-09	3.821407e+01	9.093297e+01
3.840000e-06	5.488422e-06	1.362995e-09	3.817789e+01	9.086250e+01
3.850000e-06	5.482526e-06	1.477481e-09	3.813688e+01	9.079058e+01
3.860000e-06	5.476299e-06	1.407106e-09	3.809356e+01	9.071710e+01
3.870000e-06	5.469870e-06	1.242490e-09	3.804884e+01	9.064193e+01
3.880000e-06	5.462731e-06	1.365078e-09	3.799918e+01	9.056495e+01
3.890000e-06	5.454805e-06	1.599311e-09	3.794405e+01	9.048602e+01
3.900000e-06	5.446581e-06	1.509855e-09	3.788684e+01	9.040498e+01
3.910000e-06	5.438230e-06	1.193922e-09	3.782875e+01	9.032169e+01
3.920000e-06	5.429499e-06	1.235503e-09	3.776802e+01	9.023599e+01
3.930000e-06	5.420379e-06	1.489110e-09	3.770458e+01	9.014773e+01
3.940000e-06	5.411104e-06	1.477689e-09	3.764006e+01	9.005675e+01
3.950000e-06	5.401584e-06	1.281522e-09	3.757384e+01	8.996289e+01
3.960000e-06	5.391393e-06	1.333438e-09	3.750295e+01	8.986599e+01
3.970000e-06	5.380638e-06	1.465724e-09	3.742813e+01	8.976589e+01
3.980000e-06	5.369795e-06	1.370976e-09	3.735271e+01	8.966244e+01
3.990000e-06	5.358666e-06	1.271359e-09	3.727529e+01	8.955548e+01
4.000000e-06	5.346960e-06	1.366464e-09	3.719387e+01	8.944487e+01
4.010000e-06	5.334805e-06	1.423958e-09	3.710932e+01	8.933046e+01
4.020000e-06	5.322345e-06	1.335143e-09	3.702264e+01	8.921211e+01
4.030000e-06	5.309343e-06	1.317866e-09	3.693220e+01	8.908969e+01
4.040000e-06	5.295755e-06	1.386978e-09	3.683768e+01	8.896309e+01
4.050000e-06	5.281978e-06	1.382439e-09	3.674185e+01	8.883218e+01
4.060000e-06	5.267701e-06	1.310991e-09	3.664254e+01	8.869685e+01
4.070000e-06	5.252483e-06	1.293004e-09	3.653668e+01	8.855702e+01
4.080000e-06	5.236710e-06	1.349143e-09	3.642696e+01	8.841259e+01
4.090000e-06	5.220728e-06	1.407711e-09	3.631579e+01	8.826349e+01
4.100000e-06	5.204503e-06	1.339801e-09	3.620293e+01	8.810964e+01
4.110000e-06	5.187945e-06	1.260872e-09	3.608775e+01	8.795101e+01
4.120000e-06	5.171166e-06	1.338728e-09	3.597103e+01	8.778754e+01
4.130000e-06	5.154048e-06	1.417409e-09	3.585196e+01	8.761919e+01
4.140000e-06	5.136370e-06	1.294007e-09	3.572899e+01	8.744596e+01
4.150000e-06	5.118327e-06	1.257730e-09	3.560348e+01	8.726782e+01
4.160000e-06	5.100063e-06	1.395155e-09	3.547643e+01	8.708479e+01
4.170000e-06	5.081475e-06	1.352311e-09	3.534714e+01	8.689688e+01
4.180000e-06	5.062520e-06	1.221490e-09	3.521528e+01	8.670410e+01
4.190000e-06	5.043235e-06	1.349650e-09	3.508113e+01	8.650650e+01
4.200000e-06	5.023568e-06	1.418905e-09	3.494433e+01	8.630412e+01
4.210000e-06	5.003534e-06	1.247563e-09	3.480497e+01	8.609702e+01
4.220000e-06	4.983302e-06	1.258636e-09	3.466423e+01	8.588526e+01
4.230000e-06	4.962928e-06	1.400721e-09	3.452251e+01	8.566892e+01
4.240000e-06	4.942289e-06	1.300950e-09	3.437895e+01	8.544807e+01
4.250000e-06	4.921308e-06	1.239762e-09	3.423300e+01	8.522281e+01
4.260000e-06	4.899787e-06	1.369706e-09	3.408330e+01	8.499324e+01
4.270000e-06	4.877582e-06	1.325590e-09	3.392884e+01	8.475945e+01
4.280000e-06	4.854807e-06	1.225450e-09	3.377042e+01	8.452156e+01
4.290000e-06	4.831520e-06	1.338617e-09	3.360843e+01	8.427967e+01
4.300000e-06	4.807814e-06	1.357755e-09	3.344353e+01	8.403391e+01
4.310000e-06	4.783835e-06	1.228246e-09	3.327673e+01	8.378439e+01
4.320000e-06	4.759595e-06	1.281718e-09	3.310811e+01	8.353123e+01
4.330000e-06	4.735128e-06	1.360961e-09	3.293791e+01	8.327455e+01
4.340000e-06	4.710470e-06	1.272935e-09	3.276639e+01	8.301448e+01
4.350000e-06	4.685433e-06	1.254336e-09	3.259224e+01	8.275112e+01
4.360000e-06	4.659947e-06	1.314941e-09	3.241495e+01	8.248461e+01
4.370000e-06	4.634116e-06	1.264416e-09	3.223527e+01	8.221504e+01
4.380000e-06	4.608031e-06	1.233422e-09	3.205382e+01	8.194254e+01
4.390000e-06	4.581700e-06	1.290464e-09	3.187066e+01	8.166720e+01
4.400000e-06	4.555020e-06	1.284010e-09	3.168508e+01	8.138913e+01
4.410000e-06	4.527977e-06	1.234821e-09	3.149696e+01	8.110841e+01
4.420000e-06	4.500575e-06	1.248427e-09	3.130635e+01	8.082513e+01
4.430000e-06	4.472911e-06	1.259271e-09	3.111392e+01	8.053938e+01
4.440000e-06	4.445067e-06	1.240933e-09	3.092023e+01	8.025120e+01
4.450000e-06	4.417014e-06	1.237587e-09	3.072509e+01	7.996067e+01
4.460000e-06	4.388740e-06	1.240173e-09	3.052842e+01	7.966783e+01
4.470000e-06	4.360251e-06	1.226055e-09	3.033024e+01	7.937271e+01
4.480000e-06	4.331448e-06	1.223590e-09	3.012989e+01	7.907535e+01
4.490000e-06	4.302341e-06	1.228123e-09	2.992742e+01	7.877575e+01
4.500000e-06	4.272843e-06	1.218400e-09	2.972223e+01	7.847392e+01
4.510000e-06	4.242811e-06	1.204414e-09	2.951333e+01	7.816985e+01
4.520000e-06	4.212304e-06	1.205793e-09	2.930112e+01	7.786351e+01
4.530000e-06	4.181319e-06	1.206476e-09	2.908558e+01	7.755488e+01
4.540000e-06	4.149848e-06	1.203450e-09	2.886667e+01	7.724391e+01
4.550000e-06	4.118053e-06	1.207239e-09	2.864549e+01	7.693055e+01
4.560000e-06	4.086060e-06	1.199264e-09	2.842295e+01	7.661471e+01
4.570000e-06	4.053864e-06	1.180865e-09	2.819899e+01	7.629634e+01
4.580000e-06	4.021522e-06	1.183009e-09	2.797402e+01	7.597533e+01
4.590000e-06	3.989013e-06	1.188324e-09	2.774789e+01	7.565158e+01
4.600000e-06	3.956212e-06	1.170863e-09	2.751972e+01	7.532500e+01
4.610000e-06	3.923100e-06	1.161160e-09	2.728939e+01	7.499545e+01
4.620000e-06	3.889690e-06	1.163441e-09	2.705699e+01	7.466282e+01
4.630000e-06	3.855942e-06	1.153330e-09	2.682223e+01	7.432698e+01
4.640000e-06	3.821979e-06	1.145682e-09	2.658599e+01	7.398778e+01
4.650000e-06	3.787846e-06	1.148639e-09	2.634855e+01	7.364508e+01
4.660000e-06	3.753437e-06	1.139024e-09	2.610920e+01	7.329874e+01
4.670000e-06	3.718745e-06	1.125637e-09	2.586788e+01	7.294861e+01
4.680000e-06	3.683799e-06	1.130094e-09	2.562479e+01	7.259453e+01
4.690000e-06	3.648632e-06	1.135824e-09	2.538016e+01	7.223635e+01
4.700000e-06	3.613255e-06	1.120196e-09	2.513408e+01	7.187393e+01
4.710000e-06	3.577596e-06	1.107352e-09	2.488604e+01	7.150711e+01
4.720000e-06	3.541656e-06	1.105870e-09	2.463603e+01	7.113574e+01
4.730000e-06	3.505562e-06	1.100169e-09	2.438496e+01	7.075968e+01
4.740000e-06	3.469372e-06	1.089358e-09	2.413322e+01	7.037880e+01
4.750000e-06	3.433057e-06	1.089374e-09	2.388061e+01	6.999295e+01
4.760000e-06	3.396603e-06	1.085400e-09	2.362703e+01	6.960201e+01
4.770000e-06	3.359891e-06	1.073472e-09	2.337167e+01	6.920586e+01
4.780000e-06	3.322849e-06	1.071482e-09	2.311400e+01	6.880439e+01
4.790000e-06	3.285437e-06	1.073865e-09	2.285376e+01	6.839750e+01
4.800000e-06	3.247695e-06	1.067109e-09	2.259122e+01	6.798509e+01
4.810000e-06	3.209598e-06	1.060102e-09	2.232621e+01	6.756709e+01
4.820000e-06	3.171120e-06	1.057223e-09	2.205856e+01	6.714341e+01
4.830000e-06	3.132299e-06	1.052318e-09	2.178852e+01	6.671400e+01
4.840000e-06	3.093149e-06	1.044595e-09	2.151618e+01	6.627881e+01
4.850000e-06	3.053716e-06	1.038945e-09	2.124189e+01	6.583778e+01
4.860000e-06	3.014034e-06	1.030653e-09	2.096586e+01	6.539089e+01
4.870000e-06	2.974215e-06	1.020974e-09	2.068887e+01	6.493812e+01
4.880000e-06	2.934245e-06	1.016624e-09	2.041083e+01	6.447945e+01
4.890000e-06	2.894100e-06	1.013952e-09	2.013159e+01	6.401487e+01
4.900000e-06	2.853822e-06	1.008290e-09	1.985140e+01	6.354440e+01
4.910000e-06	2.813464e-06	1.000531e-09	1.957067e+01	6.306803e+01
4.920000e-06	2.772962e-06	9.961160e-10	1.928894e+01	6.258577e+01
4.930000e-06	2.732252e-06	9.904180e-10	1.900576e+01	6.209766e+01
4.940000e-06	2.691271e-06	9.832531e-10	1.872069e+01	6.160370e+01
4.950000e-06	2.650072e-06	9.779718e-10	1.843411e+01	6.110392e+01
4.960000e-06	2.608767e-06	9.724072e-10	1.814679e+01	6.059834e+01
4.970000e-06	2.567237e-06	9.652076e-10	1.785790e+01	6.008698e+01
4.980000e-06	2.525508e-06	9.595553e-10	1.756763e+01	5.956984e+01
4.990000e-06	2.483732e-06	9.542259e-10	1.727703e+01	5.904695e+01
5.000000e-06	2.441775e-06	9.470940e-10	1.698517e+01	5.851829e+01
5.010000e-06	2.399532e-06	9.370954e-10	1.669133e+01	5.798386e+01
5.020000e-06	2.357170e-06	9.282198e-10	1.639666e+01	5.744363e+01
5.030000e-06	2.314742e-06	9.200149e-10	1.610152e+01	5.689758e+01
5.040000e-06	2.272096e-06	9.122463e-10	1.580488e+01	5.634564e+01
5.050000e-06	2.229228e-06	9.044513e-10	1.550668e+01	5.578775e+01
5.060000e-06	2.186191e-06	8.983604e-10	1.520731e+01	5.522382e+01
5.070000e-06	2.142936e-06	8.927911e-10	1.490643e+01	5.465373e+01
5.080000e-06	2.099581e-06	8.866771e-10	1.460485e+01	5.407737e+01
5.090000e-06	2.056159e-06	8.803378e-10	1.430280e+01	5.349456e+01
5.100000e-06	2.012588e-06	8.720767e-10	1.399972e+01	5.290513e+01
5.110000e-06	1.968824e-06	8.624981e-10	1.369529e+01	5.230886e+01
5.120000e-06	1.924933e-06	8.527078e-10	1.338998e+01	5.170552e+01
5.130000e-06	1.880995e-06	8.434425e-10	1.308435e+01	5.109483e+01
5.140000e-06	1.836954e-06	8.349713e-10	1.277800e+01	5.047652e+01
5.150000e-06	1.792837e-06	8.263879e-10	1.247111e+01	4.985024e+01
5.160000e-06	1.748681e-06	8.173678e-10	1.216396e+01	4.921565e+01
5.170000e-06	1.704488e-06	8.089114e-10	1.185655e+01	4.857236e+01
5.180000e-06	1.660205e-06	7.978027e-10	1.154852e+01	4.791995e+01
5.190000e-06	1.615835e-06	7.847470e-10	1.123987e+01	4.725800e+01
5.200000e-06	1.571426e-06	7.712752e-10	1.093096e+01	4.658602e+01
5.210000e-06	1.526892e-06	7.582902e-10	1.062118e+01	4.590353e+01
5.220000e-06	1.482216e-06	7.481629e-10	1.031041e+01	4.521000e+01
5.230000e-06	1.437431e-06	7.372778e-10	9.998885e+00	4.450491e+01
5.240000e-06	1.392577e-06	7.256980e-10	9.686871e+00	4.378769e+01
5.250000e-06	1.347624e-06	7.165315e-10	9.374178e+00	4.305775e+01
5.260000e-06	1.302607e-06	7.060320e-10	9.061038e+00	4.231452e+01
5.270000e-06	1.257573e-06	6.948609e-10	8.747775e+00	4.155739e+01
5.280000e-06	1.212368e-06	6.824944e-10	8.433323e+00	4.078575e+01
5.290000e-06	1.167006e-06	6.667917e-10	8.117786e+00	3.999897e+01
5.300000e-06	1.121652e-06	6.492453e-10	7.802299e+00	3.919645e+01
5.310000e-06	1.076228e-06	6.326180e-10	7.486324e+00	3.837757e+01
5.320000e-06	1.030640e-06	6.177125e-10	7.169213e+00	3.754172e+01
5.330000e-06	9.850331e-07	6.064823e-10	6.851967e+00	3.668830e+01
5.340000e-06	9.393747e-07	5.975482e-10	6.534364e+00	3.581674e+01
5.350000e-06	8.935069e-07	5.869673e-10	6.215303e+00	3.492646e+01
5.360000e-06	8.475265e-07	5.770980e-10	5.895460e+00	3.401693e+01
5.370000e-06	8.015387e-07	5.647984e-10	5.575565e+00	3.308764e+01
5.380000e-06	7.555914e-07	5.486758e-10	5.255953e+00	3.213811e+01
5.390000e-06	7.095974e-07	5.310439e-10	4.936014e+00	3.116790e+01
5.400000e-06	6.634486e-07	5.145279e-10	4.615000e+00	3.017661e+01
5.410000e-06	6.171969e-07	4.998544e-10	4.293270e+00	2.916388e+01
5.420000e-06	5.708777e-07	4.853745e-10	3.971069e+00	2.812941e+01
5.430000e-06	5.245127e-07	4.722392e-10	3.648551e+00	2.707295e+01
5.440000e-06	4.782045e-07	4.593790e-10	3.326428e+00	2.599429e+01
5.450000e-06	4.318736e-07	4.426910e-10	3.004147e+00	2.489331e+01
5.460000e-06	3.854975e-07	4.222417e-10	2.681551e+00	2.376993e+01
5.470000e-06	3.390551e-07	3.999968e-10	2.358493e+00	2.262414e+01
5.480000e-06	2.924850e-07	3.803848e-10	2.034548e+00	2.145601e+01
5.490000e-06	2.459554e-07	3.633451e-10	1.710885e+00	2.026566e+01
5.500000e-06	1.994308e-07	3.466229e-10	1.387256e+00	1.905330e+01
5.510000e-06	1.529428e-07	3.313453e-10	1.063882e+00	1.781920e+01
5.520000e-06	1.064857e-07	3.144919e-10	7.407227e-01	1.656372e+01
5.530000e-06	5.990510e-08	2.942296e-10	4.167045e-01	1.528728e+01
5.540000e-06	1.330334e-08	2.742617e-10	9.253910e-02	1.399038e+01
5.550000e-06	-3.320086e-08	2.555239e-10	-2.309478e-01	1.267359e+01
5.560000e-06	-7.967837e-08	2.329868e-10	-5.542489e-01	1.133757e+01
5.570000e-06	-1.262158e-07	2.085822e-10	-8.779666e-01	9.983032e+00
5.580000e-06	-1.727100e-07	1.856807e-10	-1.201384e+00	8.610771e+00
5.590000e-06	-2.191896e-07	1.634012e-10	-1.524700e+00	7.221647e+00
5.600000e-06	-2.657486e-07	1.416318e-10	-1.848568e+00	5.816585e+00
5.610000e-06	-3.122143e-07	1.201770e-10	-2.171787e+00	4.396574e+00
5.620000e-06	-3.585479e-07	9.911589e-11	-2.494087e+00	2.962664e+00
5.630000e-06	-4.048500e-07	7.754401e-11	-2.816168e+00	1.515960e+00
5.640000e-06	-4.511423e-07	5.544591e-11	-3.138181e+00	5.761883e-02
5.650000e-06	-4.973893e-07	3.253457e-11	-3.459879e+00	-1.411155e+00
5.660000e-06	-5.436023e-07	6.300376e-12	-3.781340e+00	-2.889113e+00
5.670000e-06	-5.898592e-07	-2.039427e-11	-4.103106e+00	-4.374970e+00
5.680000e-06	-6.360542e-07	-4.603332e-11	-4.424442e+00	-5.867408e+00
5.690000e-06	-6.820811e-07	-7.142742e-11	-4.744609e+00	-7.365079e+00
5.700000e-06	-7.280736e-07	-9.602875e-11	-5.064536e+00	-8.866617e+00
5.710000e-06	-7.741576e-07	-1.195952e-10	-5.385101e+00	-1.037064e+01
5.720000e-06	-8.202285e-07	-1.447296e-10	-5.705573e+00	-1.187574e+01
5.730000e-06	-8.662230e-07	-1.713219e-10	-6.025515e+00	-1.338054e+01
5.740000e-06	-9.121205e-07	-1.971219e-10	-6.344781e+00	-1.488362e+01
5.750000e-06	-9.578517e-07	-2.225134e-10	-6.662891e+00	-1.638361e+01
5.760000e-06	-1.003444e-06	-2.490372e-10	-6.980033e+00	-1.787911e+01
5.770000e-06	-1.049016e-06	-2.758154e-10	-7.297034e+00	-1.936877e+01
5.780000e-06	-1.094512e-06	-3.014964e-10	-7.613511e+00	-2.085126e+01
5.790000e-06	-1.139876e-06	-3.285616e-10	-7.929067e+00	-2.232527e+01
5.800000e-06	-1.185150e-06	-3.577065e-10	-8.243995e+00	-2.378953e+01
5.810000e-06	-1.230283e-06	-3.849309e-10	-8.557947e+00	-2.524279e+01
5.820000e-06	-1.275234e-06	-4.100770e-10	-8.870629e+00	-2.668389e+01
5.830000e-06	-1.320040e-06	-4.330779e-10	-9.182304e+00	-2.811166e+01
5.840000e-06	-1.364829e-06	-4.518936e-10	-9.493859e+00	-2.952503e+01
5.850000e-06	-1.409585e-06	-4.709559e-10	-9.805182e+00	-3.092297e+01
5.860000e-06	-1.454240e-06	-4.942575e-10	-1.011581e+01	-3.230449e+01
5.870000e-06	-1.498827e-06	-5.200696e-10	-1.042596e+01	-3.366870e+01
5.880000e-06	-1.543369e-06	-5.445193e-10	-1.073579e+01	-3.501473e+01
5.890000e-06	-1.587824e-06	-5.652295e-10	-1.104503e+01	-3.634182e+01
5.900000e-06	-1.632177e-06	-5.856570e-10	-1.135355e+01	-3.764925e+01
5.910000e-06	-1.676467e-06	-6.065923e-10	-1.166164e+01	-3.893638e+01
5.920000e-06	-1.720691e-06	-6.272708e-10	-1.196926e+01	-4.020263e+01
5.930000e-06	-1.764830e-06	-6.497212e-10	-1.227629e+01	-4.144750e+01
5.940000e-06	-1.808943e-06	-6.727896e-10	-1.258315e+01	-4.267057e+01
5.950000e-06	-1.852976e-06	-6.938414e-10	-1.288945e+01	-4.387147e+01
5.960000e-06	-1.896920e-06	-7.118868e-10	-1.319512e+01	-4.504991e+01
5.970000e-06	-1.940748e-06	-7.293080e-10	-1.350000e+01	-4.620567e+01
5.980000e-06	-1.984452e-06	-7.465660e-10	-1.380400e+01	-4.733858e+01
5.990000e-06	-2.028095e-06	-7.664069e-10	-1.410759e+01	-4.844857e+01
6.000000e-06	-2.071591e-06	-7.871729e-10	-1.441015e+01	-4.953559e+01
6.010000e-06	-2.114862e-06	-8.065133e-10	-1.471115e+01	-5.059967e+01
6.020000e-06	-2.157970e-06	-8.240947e-10	-1.501101e+01	-5.164090e+01
6.030000e-06	-2.200915e-06	-8.409671e-10	-1.530974e+01	-5.265942e+01
6.040000e-06	-2.243660e-06	-8.575920e-10	-1.560707e+01	-5.365542e+01
6.050000e-06	-2.286283e-06	-8.725299e-10	-1.590356e+01	-5.462913e+01
6.060000e-06	-2.328804e-06	-8.853395e-10	-1.619934e+01	-5.558083e+01
6.070000e-06	-2.371114e-06	-8.979405e-10	-1.649365e+01	-5.651084e+01
6.080000e-06	-2.413198e-06	-9.133254e-10	-1.678639e+01	-5.741951e+01
6.090000e-06	-2.455110e-06	-9.299637e-10	-1.707794e+01	-5.830723e+01
6.100000e-06	-2.496889e-06	-9.454248e-10	-1.736855e+01	-5.917442e+01
6.110000e-06	-2.538472e-06	-9.606347e-10	-1.765781e+01	-6.002149e+01
6.120000e-06	-2.579775e-06	-9.738080e-10	-1.794512e+01	-6.084892e+01
6.130000e-06	-2.620908e-06	-9.847871e-10	-1.823124e+01	-6.165716e+01
6.140000e-06	-2.661920e-06	-9.965883e-10	-1.851653e+01	-6.244671e+01
6.150000e-06	-2.702865e-06	-1.007651e-09	-1.880134e+01	-6.321806e+01
6.160000e-06	-2.743614e-06	-1.015750e-09	-1.908479e+01	-6.397170e+01
6.170000e-06	-2.784072e-06	-1.022855e-09	-1.936622e+01	-6.470812e+01
6.180000e-06	-2.824382e-06	-1.033934e-09	-1.964662e+01	-6.542783e+01
6.190000e-06	-2.864611e-06	-1.047064e-09	-1.992645e+01	-6.613132e+01
6.200000e-06	-2.904757e-06	-1.060490e-09	-2.020571e+01	-6.681907e+01
6.210000e-06	-2.944815e-06	-1.074912e-09	-2.048436e+01	-6.749155e+01
6.220000e-06	-2.984769e-06	-1.087124e-09	-2.076229e+01	-6.814922e+01
6.230000e-06	-3.024473e-06	-1.095022e-09	-2.103847e+01	-6.879254e+01
6.240000e-06	-3.063909e-06	-1.102042e-09	-2.131279e+01	-6.942194e+01
6.250000e-06	-3.103105e-06	-1.108796e-09	-2.158544e+01	-7.003782e+01
6.260000e-06	-3.141893e-06	-1.114043e-09	-2.185525e+01	-7.064060e+01
6.270000e-06	-3.180282e-06	-1.121715e-09	-2.212229e+01	-7.123064e+01
6.280000e-06	-3.218346e-06	-1.132902e-09	-2.238706e+01	-7.180831e+01
6.290000e-06	-3.256012e-06	-1.141806e-09	-2.264907e+01	-7.237394e+01
6.300000e-06	-3.293286e-06	-1.149497e-09	-2.290836e+01	-7.292784e+01
6.310000e-06	-3.330229e-06	-1.157876e-09	-2.316533e+01	-7.347032e+01
6.320000e-06	-3.366857e-06	-1.166543e-09	-2.342012e+01	-7.400165e+01
6.330000e-06	-3.403289e-06	-1.172604e-09	-2.367354e+01	-7.452208e+01
6.340000e-06	-3.439607e-06	-1.176966e-09	-2.392617e+01	-7.503186e+01
6.350000e-06	-3.475803e-06	-1.183429e-09	-2.417796e+01	-7.553120e+01
6.360000e-06	-3.511889e-06	-1.194245e-09	-2.442898e+01	-7.602030e+01
6.370000e-06	-3.547743e-06	-1.206267e-09	-2.467838e+01	-7.649935e+01
6.380000e-06	-3.583417e-06	-1.215079e-09	-2.492653e+01	-7.696851e+01
6.390000e-06	-3.618879e-06	-1.224292e-09	-2.517321e+01	-7.742795e+01
6.400000e-06	-3.654015e-06	-1.231292e-09	-2.541761e+01	-7.787781e+01
6.410000e-06	-3.688923e-06	-1.238531e-09	-2.566043e+01	-7.831823e+01
6.420000e-06	-3.723562e-06	-1.247154e-09	-2.590138e+01	-7.874931e+01
6.430000e-06	-3.757902e-06	-1.255443e-09	-2.614026e+01	-7.917119e+01
6.440000e-06	-3.792039e-06	-1.262604e-09	-2.637772e+01	-7.958397e+01
6.450000e-06	-3.825959e-06	-1.269177e-09	-2.661367e+01	-7.998775e+01
6.460000e-06	-3.859581e-06	-1.274524e-09	-2.684755e+01	-8.038263e+01
6.470000e-06	-3.892770e-06	-1.279105e-09	-2.707841e+01	-8.076872e+01
6.480000e-06	-3.925596e-06	-1.286997e-09	-2.730675e+01	-8.114611e+01
6.490000e-06	-3.958243e-06	-1.296226e-09	-2.753385e+01	-8.151489e+01
6.500000e-06	-3.990782e-06	-1.303534e-09	-2.776019e+01	-8.187516e+01
6.510000e-06	-4.023197e-06	-1.310408e-09	-2.798567e+01	-8.222703e+01
6.520000e-06	-4.055422e-06	-1.317728e-09	-2.820983e+01	-8.257060e+01
6.530000e-06	-4.087424e-06	-1.324219e-09	-2.843244e+01	-8.290596e+01
6.540000e-06	-4.119126e-06	-1.331364e-09	-2.865296e+01	-8.323324e+01
6.550000e-06	-4.150414e-06	-1.339731e-09	-2.887060e+01	-8.355255e+01
6.560000e-06	-4.181261e-06	-1.348998e-09	-2.908518e+01	-8.386400e+01
6.570000e-06	-4.211819e-06	-1.354809e-09	-2.929774e+01	-8.416772e+01
6.580000e-06	-4.241931e-06	-1.356424e-09	-2.950720e+01	-8.446385e+01
6.590000e-06	-4.271339e-06	-1.357826e-09	-2.971177e+01	-8.475251e+01
6.600000e-06	-4.300223e-06	-1.361588e-09	-2.991268e+01	-8.503384e+01
6.610000e-06	-4.328813e-06	-1.367887e-09	-3.011156e+01	-8.530799e+01
6.620000e-06	-4.357212e-06	-1.374427e-09	-3.030911e+01	-8.557511e+01
6.630000e-06	-4.385477e-06	-1.379290e-09	-3.050572e+01	-8.583534e+01
6.640000e-06	-4.413571e-06	-1.384178e-09	-3.070114e+01	-8.608885e+01
6.650000e-06	-4.441448e-06	-1.388655e-09	-3.089506e+01	-8.633577e+01
6.660000e-06	-4.469105e-06	-1.390667e-09	-3.108744e+01	-8.657628e+01
6.670000e-06	-4.496438e-06	-1.390734e-09	-3.127757e+01	-8.681053e+01
6.680000e-06	-4.523330e-06	-1.392979e-09	-3.146464e+01	-8.703867e+01
6.690000e-06	-4.549882e-06	-1.396104e-09	-3.164933e+01	-8.726086e+01
6.700000e-06	-4.576175e-06	-1.397770e-09	-3.183223e+01	-8.747726e+01
6.710000e-06	-4.602155e-06	-1.400474e-09	-3.201295e+01	-8.768801e+01
6.720000e-06	-4.627819e-06	-1.403558e-09	-3.219147e+01	-8.789325e+01
6.730000e-06	-4.653174e-06	-1.405279e-09	-3.236784e+01	-8.809313e+01
6.740000e-06	-4.678113e-06	-1.406153e-09	-3.254132e+01	-8.828778e+01
6.750000e-06	-4.702691e-06	-1.406865e-09	-3.271229e+01	-8.847734e+01
6.760000e-06	-4.727050e-06	-1.407696e-09	-3.288173e+01	-8.866191e+01
6.770000e-06	-4.751259e-06	-1.410087e-09	-3.305013e+01	-8.884161e+01
6.780000e-06	-4.775314e-06	-1.414372e-09	-3.321746e+01	-8.901655e+01
6.790000e-06	-4.799145e-06	-1.416362e-09	-3.338323e+01	-8.918682e+01
6.800000e-06	-4.822557e-06	-1.418050e-09	-3.354608e+01	-8.935250e+01
6.810000e-06	-4.845440e-06	-1.420531e-09	-3.370525e+01	-8.951368e+01
6.820000e-06	-4.867803e-06	-1.424047e-09	-3.386081e+01	-8.967041e+01
6.830000e-06	-4.889486e-06	-1.425652e-09	-3.401164e+01	-8.982275e+01
6.840000e-06	-4.910573e-06	-1.426370e-09	-3.415833e+01	-8.997075e+01
6.850000e-06	-4.931263e-06	-1.426730e-09	-3.430225e+01	-9.011445e+01
6.860000e-06	-4.951658e-06	-1.426730e-09	-3.444412e+01	-9.025386e+01
6.870000e-06	-4.971869e-06	-1.426988e-09	-3.458471e+01	-9.038900e+01
6.880000e-06	-4.991919e-06	-1.426975e-09	-3.472418e+01	-9.051989e+01
6.890000e-06	-5.011715e-06	-1.428606e-09	-3.486188e+01	-9.064652e+01
6.900000e-06	-5.031099e-06	-1.428979e-09	-3.499672e+01	-9.076888e+01
6.910000e-06	-5.050100e-06	-1.430529e-09	-3.512889e+01	-9.088697e+01
6.920000e-06	-5.068770e-06	-1.433107e-09	-3.525876e+01	-9.100075e+01
6.930000e-06	-5.087150e-06	-1.436238e-09	-3.538661e+01	-9.111021e+01
6.940000e-06	-5.105259e-06	-1.439548e-09	-3.551258e+01	-9.121531e+01
6.950000e-06	-5.123027e-06	-1.440294e-09	-3.563617e+01	-9.131601e+01
6.960000e-06	-5.140387e-06	-1.437461e-09	-3.575693e+01	-9.141229e+01
6.970000e-06	-5.157325e-06	-1.439079e-09	-3.587475e+01	-9.150411e+01
6.980000e-06	-5.173933e-06	-1.442578e-09	-3.599028e+01	-9.159142e+01
6.990000e-06	-5.190329e-06	-1.444366e-09	-3.610433e+01	-9.167420e+01
7.000000e-06	-5.206586e-06	-1.445878e-09	-3.621742e+01	-9.175240e+01
7.010000e-06	-5.222599e-06	-1.449650e-09	-3.632881e+01	-9.182600e+01
7.020000e-06	-5.238150e-06	-1.453238e-09	-3.643698e+01	-9.189497e+01
7.030000e-06	-5.253081e-06	-1.453518e-09	-3.654084e+01	-9.195928e+01
7.040000e-06	-5.267370e-06	-1.451591e-09	-3.664023e+01	-9.201892e+01
7.050000e-06	-5.281001e-06	-1.447974e-09	-3.673505e+01	-9.207387e+01
7.060000e-06	-5.293991e-06	-1.443950e-09	-3.682542e+01	-9.212414e+01
7.070000e-06	-5.306558e-06	-1.441272e-09	-3.691283e+01	-9.216972e+01
7.080000e-06	-5.318862e-06	-1.439162e-09	-3.699841e+01	-9.221064e+01
7.090000e-06	-5.330868e-06	-1.440580e-09	-3.708193e+01	-9.224690e+01
7.100000e-06	-5.342522e-06	-1.444933e-09	-3.716300e+01	-9.227855e+01
7.110000e-06	-5.353792e-06	-1.447891e-09	-3.724139e+01	-9.230563e+01
7.120000e-06	-5.364679e-06	-1.445664e-09	-3.731713e+01	-9.232818e+01
7.130000e-06	-5.375217e-06	-1.442349e-09	-3.739043e+01	-9.234626e+01
7.140000e-06	-5.385361e-06	-1.440643e-09	-3.746099e+01	-9.235996e+01
7.150000e-06	-5.395160e-06	-1.438171e-09	-3.752915e+01	-9.236935e+01
7.160000e-06	-5.404585e-06	-1.437754e-09	-3.759472e+01	-9.237451e+01
7.170000e-06	-5.413542e-06	-1.436479e-09	-3.765702e+01	-9.237556e+01
7.180000e-06	-5.422079e-06	-1.436733e-09	-3.771640e+01	-9.237259e+01
7.190000e-06	-5.430387e-06	-1.436869e-09	-3.777419e+01	-9.236573e+01
7.200000e-06	-5.438543e-06	-1.436272e-09	-3.783093e+01	-9.235510e+01
7.210000e-06	-5.446440e-06	-1.431990e-09	-3.788586e+01	-9.234083e+01
7.220000e-06	-5.453978e-06	-1.427531e-09	-3.793830e+01	-9.232306e+01
7.230000e-06	-5.461040e-06	-1.427267e-09	-3.798742e+01	-9.230194e+01
7.240000e-06	-5.467405e-06	-1.426821e-09	-3.803169e+01	-9.227761e+01
7.250000e-06	-5.473041e-06	-1.425084e-09	-3.807090e+01	-9.225022e+01
7.260000e-06	-5.478176e-06	-1.424393e-09	-3.810662e+01	-9.221993e+01
7.270000e-06	-5.482878e-06	-1.423817e-09	-3.813933e+01	-9.218689e+01
7.280000e-06	-5.487236e-06	-1.422412e-09	-3.816964e+01	-9.215125e+01
7.290000e-06	-5.491390e-06	-1.418725e-09	-3.819853e+01	-9.211318e+01
7.300000e-06	-5.495330e-06	-1.416098e-09	-3.822594e+01	-9.207281e+01
7.310000e-06	-5.498901e-06	-1.413412e-09	-3.825079e+01	-9.203031e+01
7.320000e-06	-5.502042e-06	-1.410895e-09	-3.827264e+01	-9.198582e+01
7.330000e-06	-5.504895e-06	-1.411895e-09	-3.829248e+01	-9.193947e+01
7.340000e-06	-5.507448e-06	-1.414577e-09	-3.831023e+01	-9.189140e+01
7.350000e-06	-5.509612e-06	-1.416100e-09	-3.832529e+01	-9.184174e+01
7.360000e-06	-5.511372e-06	-1.411828e-09	-3.833753e+01	-9.179061e+01
7.370000e-06	-5.512670e-06	-1.405380e-09	-3.834656e+01	-9.173811e+01
7.380000e-06	-5.513572e-06	-1.397434e-09	-3.835284e+01	-9.168435e+01
7.390000e-06	-5.514174e-06	-1.389563e-09	-3.835703e+01	-9.162941e+01
7.400000e-06	-5.514522e-06	-1.384145e-09	-3.835944e+01	-9.157337e+01
