# Temperatura_=_5.9
# Concentracion g/m^3_=_1620.0
# C_Vs_to_Am_M_A/Vsm_=_65563218390.804596
# pendiente_HvsI_1/m_=_3716.3
# ordenada_HvsI_A/m_=_1297.0
# frecuencia_Hz_=_135092.46894794618

Tiempo_(s)	Campo_(V.s)	Magnetizacion_(V.s)	Campo_(kA/m)	Magnetizacion_(A/m)
0.000000e+00	-5.521356e-06	-1.230083e-09	-3.837629e+01	-8.275570e+01
1.000000e-08	-5.521629e-06	-1.225196e-09	-3.837819e+01	-8.270187e+01
2.000000e-08	-5.521633e-06	-1.222593e-09	-3.837821e+01	-8.264870e+01
3.000000e-08	-5.521460e-06	-1.219531e-09	-3.837701e+01	-8.259620e+01
4.000000e-08	-5.520790e-06	-1.216254e-09	-3.837235e+01	-8.254438e+01
5.000000e-08	-5.519494e-06	-1.206938e-09	-3.836335e+01	-8.249321e+01
6.000000e-08	-5.517792e-06	-1.190674e-09	-3.835152e+01	-8.244265e+01
7.000000e-08	-5.515523e-06	-1.202305e-09	-3.833575e+01	-8.239263e+01
8.000000e-08	-5.512570e-06	-1.249702e-09	-3.831522e+01	-8.234305e+01
9.000000e-08	-5.509042e-06	-1.260582e-09	-3.829070e+01	-8.229379e+01
1.000000e-07	-5.505136e-06	-1.245095e-09	-3.826355e+01	-8.224473e+01
1.100000e-07	-5.500921e-06	-1.265096e-09	-3.823425e+01	-8.219570e+01
1.200000e-07	-5.496432e-06	-1.176825e-09	-3.820305e+01	-8.214652e+01
1.300000e-07	-5.491733e-06	-1.181089e-09	-3.817039e+01	-8.209699e+01
1.400000e-07	-5.486669e-06	-1.154145e-09	-3.813520e+01	-8.204691e+01
1.500000e-07	-5.481265e-06	-1.223132e-09	-3.809763e+01	-8.199605e+01
1.600000e-07	-5.475469e-06	-1.202655e-09	-3.805735e+01	-8.194415e+01
1.700000e-07	-5.469268e-06	-1.174246e-09	-3.801425e+01	-8.189098e+01
1.800000e-07	-5.462655e-06	-1.231835e-09	-3.796829e+01	-8.183626e+01
1.900000e-07	-5.455597e-06	-1.245292e-09	-3.791923e+01	-8.177972e+01
2.000000e-07	-5.448191e-06	-1.235700e-09	-3.786775e+01	-8.172109e+01
2.100000e-07	-5.440430e-06	-1.170215e-09	-3.781381e+01	-8.166008e+01
2.200000e-07	-5.432440e-06	-1.234069e-09	-3.775828e+01	-8.159642e+01
2.300000e-07	-5.424316e-06	-1.242188e-09	-3.770181e+01	-8.152980e+01
2.400000e-07	-5.415706e-06	-1.257073e-09	-3.764197e+01	-8.145997e+01
2.500000e-07	-5.406544e-06	-1.190924e-09	-3.757829e+01	-8.138664e+01
2.600000e-07	-5.396957e-06	-1.233424e-09	-3.751165e+01	-8.130953e+01
2.700000e-07	-5.386685e-06	-1.212952e-09	-3.744025e+01	-8.122840e+01
2.800000e-07	-5.375750e-06	-1.227502e-09	-3.736425e+01	-8.114298e+01
2.900000e-07	-5.364338e-06	-1.214109e-09	-3.728493e+01	-8.105303e+01
3.000000e-07	-5.352524e-06	-1.250676e-09	-3.720282e+01	-8.095834e+01
3.100000e-07	-5.340362e-06	-1.229653e-09	-3.711829e+01	-8.085868e+01
3.200000e-07	-5.327794e-06	-1.229859e-09	-3.703093e+01	-8.075385e+01
3.300000e-07	-5.314744e-06	-1.235052e-09	-3.694023e+01	-8.064369e+01
3.400000e-07	-5.301310e-06	-1.233202e-09	-3.684685e+01	-8.052802e+01
3.500000e-07	-5.287529e-06	-1.232801e-09	-3.675107e+01	-8.040670e+01
3.600000e-07	-5.273471e-06	-1.243682e-09	-3.665336e+01	-8.027960e+01
3.700000e-07	-5.258846e-06	-1.225747e-09	-3.655171e+01	-8.014663e+01
3.800000e-07	-5.243727e-06	-1.217783e-09	-3.644663e+01	-8.000769e+01
3.900000e-07	-5.228145e-06	-1.250163e-09	-3.633832e+01	-7.986273e+01
4.000000e-07	-5.211991e-06	-1.230290e-09	-3.622604e+01	-7.971169e+01
4.100000e-07	-5.195447e-06	-1.202632e-09	-3.611106e+01	-7.955454e+01
4.200000e-07	-5.178623e-06	-1.224314e-09	-3.599412e+01	-7.939129e+01
4.300000e-07	-5.161572e-06	-1.256065e-09	-3.587560e+01	-7.922193e+01
4.400000e-07	-5.144205e-06	-1.185372e-09	-3.575490e+01	-7.904651e+01
4.500000e-07	-5.126480e-06	-1.211932e-09	-3.563170e+01	-7.886506e+01
4.600000e-07	-5.108290e-06	-1.243131e-09	-3.550527e+01	-7.867764e+01
4.700000e-07	-5.089632e-06	-1.209769e-09	-3.537559e+01	-7.848434e+01
4.800000e-07	-5.070503e-06	-1.164539e-09	-3.524263e+01	-7.828524e+01
4.900000e-07	-5.051085e-06	-1.248094e-09	-3.510766e+01	-7.808043e+01
5.000000e-07	-5.031473e-06	-1.223156e-09	-3.497135e+01	-7.787004e+01
5.100000e-07	-5.011657e-06	-1.173211e-09	-3.483362e+01	-7.765419e+01
5.200000e-07	-4.991614e-06	-1.196196e-09	-3.469431e+01	-7.743299e+01
5.300000e-07	-4.971255e-06	-1.233678e-09	-3.455280e+01	-7.720659e+01
5.400000e-07	-4.950588e-06	-1.160734e-09	-3.440916e+01	-7.697513e+01
5.500000e-07	-4.929626e-06	-1.180805e-09	-3.426346e+01	-7.673875e+01
5.600000e-07	-4.908183e-06	-1.209934e-09	-3.411442e+01	-7.649760e+01
5.700000e-07	-4.886321e-06	-1.167284e-09	-3.396247e+01	-7.625181e+01
5.800000e-07	-4.864145e-06	-1.144895e-09	-3.380833e+01	-7.600154e+01
5.900000e-07	-4.841628e-06	-1.206760e-09	-3.365183e+01	-7.574693e+01
6.000000e-07	-4.818733e-06	-1.180898e-09	-3.349270e+01	-7.548811e+01
6.100000e-07	-4.795490e-06	-1.141963e-09	-3.333114e+01	-7.522523e+01
6.200000e-07	-4.772001e-06	-1.166512e-09	-3.316789e+01	-7.495840e+01
6.300000e-07	-4.748288e-06	-1.163649e-09	-3.300306e+01	-7.468776e+01
6.400000e-07	-4.724362e-06	-1.122489e-09	-3.283677e+01	-7.441341e+01
6.500000e-07	-4.700242e-06	-1.137854e-09	-3.266912e+01	-7.413547e+01
6.600000e-07	-4.675726e-06	-1.156650e-09	-3.249872e+01	-7.385403e+01
6.700000e-07	-4.650739e-06	-1.127067e-09	-3.232505e+01	-7.356919e+01
6.800000e-07	-4.625389e-06	-1.132929e-09	-3.214885e+01	-7.328102e+01
6.900000e-07	-4.599422e-06	-1.144239e-09	-3.196837e+01	-7.298959e+01
7.000000e-07	-4.572725e-06	-1.128692e-09	-3.178281e+01	-7.269497e+01
7.100000e-07	-4.545534e-06	-1.110054e-09	-3.159382e+01	-7.239720e+01
7.200000e-07	-4.518079e-06	-1.121571e-09	-3.140300e+01	-7.209633e+01
7.300000e-07	-4.490427e-06	-1.105777e-09	-3.121080e+01	-7.179239e+01
7.400000e-07	-4.462655e-06	-1.097506e-09	-3.101777e+01	-7.148540e+01
7.500000e-07	-4.434716e-06	-1.092124e-09	-3.082358e+01	-7.117539e+01
7.600000e-07	-4.406512e-06	-1.095778e-09	-3.062755e+01	-7.086235e+01
7.700000e-07	-4.377998e-06	-1.078988e-09	-3.042936e+01	-7.054629e+01
7.800000e-07	-4.349133e-06	-1.081202e-09	-3.022873e+01	-7.022721e+01
7.900000e-07	-4.319956e-06	-1.073461e-09	-3.002594e+01	-6.990508e+01
8.000000e-07	-4.290465e-06	-1.070582e-09	-2.982096e+01	-6.957989e+01
8.100000e-07	-4.260709e-06	-1.054974e-09	-2.961414e+01	-6.925163e+01
8.200000e-07	-4.230683e-06	-1.051771e-09	-2.940544e+01	-6.892026e+01
8.300000e-07	-4.200322e-06	-1.036407e-09	-2.919442e+01	-6.858576e+01
8.400000e-07	-4.169638e-06	-1.032557e-09	-2.898115e+01	-6.824810e+01
8.500000e-07	-4.138665e-06	-1.024970e-09	-2.876587e+01	-6.790724e+01
8.600000e-07	-4.107434e-06	-1.018817e-09	-2.854880e+01	-6.756317e+01
8.700000e-07	-4.076011e-06	-1.006306e-09	-2.833039e+01	-6.721584e+01
8.800000e-07	-4.044433e-06	-1.005448e-09	-2.811091e+01	-6.686523e+01
8.900000e-07	-4.012736e-06	-1.000713e-09	-2.789060e+01	-6.651131e+01
9.000000e-07	-3.980853e-06	-9.950623e-10	-2.766900e+01	-6.615406e+01
9.100000e-07	-3.948645e-06	-9.875287e-10	-2.744513e+01	-6.579345e+01
9.200000e-07	-3.916169e-06	-9.819000e-10	-2.721941e+01	-6.542947e+01
9.300000e-07	-3.883404e-06	-9.722185e-10	-2.699168e+01	-6.506210e+01
9.400000e-07	-3.850096e-06	-9.642822e-10	-2.676017e+01	-6.469133e+01
9.500000e-07	-3.816117e-06	-9.610995e-10	-2.652399e+01	-6.431715e+01
9.600000e-07	-3.781665e-06	-9.536946e-10	-2.628453e+01	-6.393956e+01
9.700000e-07	-3.746876e-06	-9.465482e-10	-2.604273e+01	-6.355856e+01
9.800000e-07	-3.711801e-06	-9.416376e-10	-2.579894e+01	-6.317416e+01
9.900000e-07	-3.676447e-06	-9.420567e-10	-2.555322e+01	-6.278637e+01
1.000000e-06	-3.640842e-06	-9.343571e-10	-2.530574e+01	-6.239520e+01
1.010000e-06	-3.605159e-06	-9.297048e-10	-2.505773e+01	-6.200067e+01
1.020000e-06	-3.569355e-06	-9.215721e-10	-2.480887e+01	-6.160279e+01
1.030000e-06	-3.533415e-06	-9.145612e-10	-2.455907e+01	-6.120160e+01
1.040000e-06	-3.497252e-06	-9.017359e-10	-2.430772e+01	-6.079710e+01
1.050000e-06	-3.460790e-06	-8.994533e-10	-2.405429e+01	-6.038934e+01
1.060000e-06	-3.424168e-06	-8.920646e-10	-2.379974e+01	-5.997833e+01
1.070000e-06	-3.387272e-06	-8.893950e-10	-2.354330e+01	-5.956410e+01
1.080000e-06	-3.350096e-06	-8.815248e-10	-2.328491e+01	-5.914667e+01
1.090000e-06	-3.312605e-06	-8.796773e-10	-2.302432e+01	-5.872606e+01
1.100000e-06	-3.274855e-06	-8.697285e-10	-2.276194e+01	-5.830230e+01
1.110000e-06	-3.236989e-06	-8.638649e-10	-2.249876e+01	-5.787540e+01
1.120000e-06	-3.198920e-06	-8.557600e-10	-2.223416e+01	-5.744538e+01
1.130000e-06	-3.160615e-06	-8.502106e-10	-2.196792e+01	-5.701223e+01
1.140000e-06	-3.122081e-06	-8.400109e-10	-2.170008e+01	-5.657596e+01
1.150000e-06	-3.083322e-06	-8.333172e-10	-2.143069e+01	-5.613656e+01
1.160000e-06	-3.044310e-06	-8.226889e-10	-2.115954e+01	-5.569402e+01
1.170000e-06	-3.005091e-06	-8.137983e-10	-2.088694e+01	-5.524832e+01
1.180000e-06	-2.965744e-06	-8.068027e-10	-2.061346e+01	-5.479941e+01
1.190000e-06	-2.926259e-06	-8.052304e-10	-2.033902e+01	-5.434726e+01
1.200000e-06	-2.886630e-06	-8.029900e-10	-2.006358e+01	-5.389182e+01
1.210000e-06	-2.846879e-06	-7.972775e-10	-1.978729e+01	-5.343301e+01
1.220000e-06	-2.807028e-06	-7.895506e-10	-1.951030e+01	-5.297077e+01
1.230000e-06	-2.766989e-06	-7.733772e-10	-1.923201e+01	-5.250500e+01
1.240000e-06	-2.726692e-06	-7.570257e-10	-1.895192e+01	-5.203560e+01
1.250000e-06	-2.686265e-06	-7.450159e-10	-1.867094e+01	-5.156245e+01
1.260000e-06	-2.645639e-06	-7.409314e-10	-1.838856e+01	-5.108543e+01
1.270000e-06	-2.604739e-06	-7.350985e-10	-1.810429e+01	-5.060440e+01
1.280000e-06	-2.563662e-06	-7.316696e-10	-1.781878e+01	-5.011919e+01
1.290000e-06	-2.522338e-06	-7.255863e-10	-1.753156e+01	-4.962963e+01
1.300000e-06	-2.480540e-06	-7.153232e-10	-1.724104e+01	-4.913555e+01
1.310000e-06	-2.438290e-06	-6.983091e-10	-1.694738e+01	-4.863674e+01
1.320000e-06	-2.395798e-06	-6.829287e-10	-1.665204e+01	-4.813298e+01
1.330000e-06	-2.353027e-06	-6.708530e-10	-1.635476e+01	-4.762407e+01
1.340000e-06	-2.310081e-06	-6.634320e-10	-1.605626e+01	-4.710974e+01
1.350000e-06	-2.266943e-06	-6.577474e-10	-1.575643e+01	-4.658976e+01
1.360000e-06	-2.223508e-06	-6.524199e-10	-1.545454e+01	-4.606385e+01
1.370000e-06	-2.179971e-06	-6.425278e-10	-1.515193e+01	-4.553175e+01
1.380000e-06	-2.136411e-06	-6.356859e-10	-1.484917e+01	-4.499315e+01
1.390000e-06	-2.092765e-06	-6.267056e-10	-1.454580e+01	-4.444776e+01
1.400000e-06	-2.048996e-06	-6.166460e-10	-1.424158e+01	-4.389527e+01
1.410000e-06	-2.005165e-06	-6.061534e-10	-1.393694e+01	-4.333535e+01
1.420000e-06	-1.961287e-06	-5.987949e-10	-1.363196e+01	-4.276768e+01
1.430000e-06	-1.917299e-06	-5.903606e-10	-1.332622e+01	-4.219192e+01
1.440000e-06	-1.873266e-06	-5.798059e-10	-1.302017e+01	-4.160773e+01
1.450000e-06	-1.829140e-06	-5.665023e-10	-1.271347e+01	-4.101474e+01
1.460000e-06	-1.784844e-06	-5.557789e-10	-1.240559e+01	-4.041260e+01
1.470000e-06	-1.740411e-06	-5.446752e-10	-1.209676e+01	-3.980095e+01
1.480000e-06	-1.695859e-06	-5.347284e-10	-1.178710e+01	-3.917942e+01
1.490000e-06	-1.651193e-06	-5.228002e-10	-1.147665e+01	-3.854764e+01
1.500000e-06	-1.606391e-06	-5.123728e-10	-1.116525e+01	-3.790524e+01
1.510000e-06	-1.561450e-06	-5.060256e-10	-1.085289e+01	-3.725185e+01
1.520000e-06	-1.516379e-06	-5.005149e-10	-1.053962e+01	-3.658708e+01
1.530000e-06	-1.471222e-06	-4.940178e-10	-1.022576e+01	-3.591058e+01
1.540000e-06	-1.425952e-06	-4.821544e-10	-9.911103e+00	-3.522198e+01
1.550000e-06	-1.380588e-06	-4.652567e-10	-9.595800e+00	-3.452090e+01
1.560000e-06	-1.335097e-06	-4.482188e-10	-9.279616e+00	-3.380701e+01
1.570000e-06	-1.289480e-06	-4.339708e-10	-8.962553e+00	-3.307994e+01
1.580000e-06	-1.243875e-06	-4.233568e-10	-8.645579e+00	-3.233935e+01
1.590000e-06	-1.198250e-06	-4.189078e-10	-8.328461e+00	-3.158492e+01
1.600000e-06	-1.152449e-06	-4.152923e-10	-8.010120e+00	-3.081632e+01
1.610000e-06	-1.106544e-06	-4.061074e-10	-7.691055e+00	-3.003324e+01
1.620000e-06	-1.060635e-06	-3.920315e-10	-7.371962e+00	-2.923540e+01
1.630000e-06	-1.014632e-06	-3.802993e-10	-7.052217e+00	-2.842251e+01
1.640000e-06	-9.685675e-07	-3.705766e-10	-6.732047e+00	-2.759432e+01
1.650000e-06	-9.224430e-07	-3.610040e-10	-6.411458e+00	-2.675060e+01
1.660000e-06	-8.762428e-07	-3.475538e-10	-6.090343e+00	-2.589111e+01
1.670000e-06	-8.298776e-07	-3.349179e-10	-5.768080e+00	-2.501567e+01
1.680000e-06	-7.834886e-07	-3.233426e-10	-5.445652e+00	-2.412411e+01
1.690000e-06	-7.370614e-07	-3.142357e-10	-5.122959e+00	-2.321629e+01
1.700000e-06	-6.905214e-07	-3.034792e-10	-4.799482e+00	-2.229208e+01
1.710000e-06	-6.440117e-07	-2.924243e-10	-4.476216e+00	-2.135140e+01
1.720000e-06	-5.975045e-07	-2.779829e-10	-4.152967e+00	-2.039419e+01
1.730000e-06	-5.509920e-07	-2.610956e-10	-3.829680e+00	-1.942044e+01
1.740000e-06	-5.043876e-07	-2.423502e-10	-3.505756e+00	-1.843015e+01
1.750000e-06	-4.576606e-07	-2.241746e-10	-3.180979e+00	-1.742337e+01
1.760000e-06	-4.109051e-07	-2.077455e-10	-2.856004e+00	-1.640018e+01
1.770000e-06	-3.641618e-07	-1.937117e-10	-2.531114e+00	-1.536071e+01
1.780000e-06	-3.173832e-07	-1.835686e-10	-2.205978e+00	-1.430512e+01
1.790000e-06	-2.705936e-07	-1.742702e-10	-1.880766e+00	-1.323361e+01
1.800000e-06	-2.237657e-07	-1.617971e-10	-1.555288e+00	-1.214643e+01
1.810000e-06	-1.769154e-07	-1.453309e-10	-1.229654e+00	-1.104386e+01
1.820000e-06	-1.300810e-07	-1.272026e-10	-9.041303e-01	-9.926223e+00
1.830000e-06	-8.329985e-08	-1.121607e-10	-5.789772e-01	-8.793905e+00
1.840000e-06	-3.644061e-08	-9.812249e-11	-2.532812e-01	-7.647317e+00
1.850000e-06	1.046632e-08	-8.309076e-11	7.274636e-02	-6.486920e+00
1.860000e-06	5.727999e-08	-6.900973e-11	3.981257e-01	-5.313219e+00
1.870000e-06	1.040630e-07	-5.550981e-11	7.232921e-01	-4.126761e+00
1.880000e-06	1.508370e-07	-3.816952e-11	1.048395e+00	-2.928140e+00
1.890000e-06	1.977443e-07	-1.688959e-11	1.374425e+00	-1.717988e+00
1.900000e-06	2.446560e-07	3.757341e-12	1.700486e+00	-4.969821e-01
1.910000e-06	2.914207e-07	2.440387e-11	2.025525e+00	7.341618e-01
1.920000e-06	3.381109e-07	4.120470e-11	2.350046e+00	1.974688e+00
1.930000e-06	3.848172e-07	5.544337e-11	2.674679e+00	3.223803e+00
1.940000e-06	4.315837e-07	6.689899e-11	2.999731e+00	4.480678e+00
1.950000e-06	4.782908e-07	8.276306e-11	3.324370e+00	5.744450e+00
1.960000e-06	5.248875e-07	1.014228e-10	3.648241e+00	7.014225e+00
1.970000e-06	5.713689e-07	1.232637e-10	3.971310e+00	8.289078e+00
1.980000e-06	6.177789e-07	1.437390e-10	4.293884e+00	9.568060e+00
1.990000e-06	6.642258e-07	1.616296e-10	4.616714e+00	1.085020e+01
2.000000e-06	7.106424e-07	1.775105e-10	4.939334e+00	1.213449e+01
2.010000e-06	7.570152e-07	1.909315e-10	5.261648e+00	1.341994e+01
2.020000e-06	8.034079e-07	2.057168e-10	5.584102e+00	1.470551e+01
2.030000e-06	8.497634e-07	2.255041e-10	5.906296e+00	1.599017e+01
2.040000e-06	8.960221e-07	2.478575e-10	6.227819e+00	1.727287e+01
2.050000e-06	9.421670e-07	2.700983e-10	6.548550e+00	1.855257e+01
2.060000e-06	9.882653e-07	2.916766e-10	6.868957e+00	1.982822e+01
2.070000e-06	1.034281e-06	3.127549e-10	7.188793e+00	2.109878e+01
2.080000e-06	1.080245e-06	3.329507e-10	7.508263e+00	2.236322e+01
2.090000e-06	1.126159e-06	3.492444e-10	7.827390e+00	2.362052e+01
2.100000e-06	1.171903e-06	3.654924e-10	8.145335e+00	2.486967e+01
2.110000e-06	1.217573e-06	3.809590e-10	8.462766e+00	2.610969e+01
2.120000e-06	1.263176e-06	3.956107e-10	8.779728e+00	2.733962e+01
2.130000e-06	1.308662e-06	4.089817e-10	9.095878e+00	2.855852e+01
2.140000e-06	1.354125e-06	4.259440e-10	9.411875e+00	2.976550e+01
2.150000e-06	1.399477e-06	4.462559e-10	9.727093e+00	3.095968e+01
2.160000e-06	1.444614e-06	4.664766e-10	1.004082e+01	3.214023e+01
2.170000e-06	1.489693e-06	4.854811e-10	1.035414e+01	3.330637e+01
2.180000e-06	1.534796e-06	5.046494e-10	1.066763e+01	3.445735e+01
2.190000e-06	1.579792e-06	5.218321e-10	1.098037e+01	3.559246e+01
2.200000e-06	1.624545e-06	5.344463e-10	1.129143e+01	3.671106e+01
2.210000e-06	1.669176e-06	5.447730e-10	1.160164e+01	3.781255e+01
2.220000e-06	1.713769e-06	5.566480e-10	1.191158e+01	3.889637e+01
2.230000e-06	1.758204e-06	5.724789e-10	1.222043e+01	3.996203e+01
2.240000e-06	1.802478e-06	5.904553e-10	1.252816e+01	4.100910e+01
2.250000e-06	1.846646e-06	6.057429e-10	1.283515e+01	4.203719e+01
2.260000e-06	1.890736e-06	6.206292e-10	1.314159e+01	4.304598e+01
2.270000e-06	1.934738e-06	6.348454e-10	1.344744e+01	4.403519e+01
2.280000e-06	1.978637e-06	6.530753e-10	1.375256e+01	4.500462e+01
2.290000e-06	2.022461e-06	6.677296e-10	1.405715e+01	4.595410e+01
2.300000e-06	2.066210e-06	6.786573e-10	1.436123e+01	4.688355e+01
2.310000e-06	2.109878e-06	6.859051e-10	1.466475e+01	4.779291e+01
2.320000e-06	2.153467e-06	6.931990e-10	1.496772e+01	4.868221e+01
2.330000e-06	2.197011e-06	7.030730e-10	1.527037e+01	4.955148e+01
2.340000e-06	2.240448e-06	7.149762e-10	1.557228e+01	5.040087e+01
2.350000e-06	2.283628e-06	7.325306e-10	1.587240e+01	5.123051e+01
2.360000e-06	2.326581e-06	7.509547e-10	1.617095e+01	5.204062e+01
2.370000e-06	2.369298e-06	7.666212e-10	1.646785e+01	5.283145e+01
2.380000e-06	2.411724e-06	7.746284e-10	1.676273e+01	5.360328e+01
2.390000e-06	2.453818e-06	7.790438e-10	1.705531e+01	5.435646e+01
2.400000e-06	2.495636e-06	7.825624e-10	1.734597e+01	5.509132e+01
2.410000e-06	2.537203e-06	7.857595e-10	1.763488e+01	5.580828e+01
2.420000e-06	2.578443e-06	7.932668e-10	1.792152e+01	5.650774e+01
2.430000e-06	2.619539e-06	8.077387e-10	1.820716e+01	5.719016e+01
2.440000e-06	2.660368e-06	8.250964e-10	1.849094e+01	5.785600e+01
2.450000e-06	2.700887e-06	8.394624e-10	1.877256e+01	5.850574e+01
2.460000e-06	2.741310e-06	8.473511e-10	1.905353e+01	5.913987e+01
2.470000e-06	2.781567e-06	8.564621e-10	1.933333e+01	5.975890e+01
2.480000e-06	2.821610e-06	8.647071e-10	1.961166e+01	6.036334e+01
2.490000e-06	2.861449e-06	8.717951e-10	1.988855e+01	6.095372e+01
2.500000e-06	2.901153e-06	8.785003e-10	2.016452e+01	6.153053e+01
2.510000e-06	2.940760e-06	8.852792e-10	2.043981e+01	6.209430e+01
2.520000e-06	2.980169e-06	8.954659e-10	2.071372e+01	6.264552e+01
2.530000e-06	3.019357e-06	9.080850e-10	2.098610e+01	6.318470e+01
2.540000e-06	3.058356e-06	9.177791e-10	2.125716e+01	6.371232e+01
2.550000e-06	3.097187e-06	9.258774e-10	2.152706e+01	6.422886e+01
2.560000e-06	3.135788e-06	9.349418e-10	2.179535e+01	6.473475e+01
2.570000e-06	3.174098e-06	9.441995e-10	2.206163e+01	6.523045e+01
2.580000e-06	3.212210e-06	9.505280e-10	2.232653e+01	6.571637e+01
2.590000e-06	3.250189e-06	9.565928e-10	2.259050e+01	6.619290e+01
2.600000e-06	3.287938e-06	9.643285e-10	2.285287e+01	6.666042e+01
2.610000e-06	3.325378e-06	9.733560e-10	2.311310e+01	6.711927e+01
2.620000e-06	3.362619e-06	9.809886e-10	2.337195e+01	6.756978e+01
2.630000e-06	3.399559e-06	9.864838e-10	2.362870e+01	6.801225e+01
2.640000e-06	3.436162e-06	9.920698e-10	2.388311e+01	6.844695e+01
2.650000e-06	3.472569e-06	9.994657e-10	2.413616e+01	6.887414e+01
2.660000e-06	3.508803e-06	1.008681e-09	2.438800e+01	6.929403e+01
2.670000e-06	3.544892e-06	1.015677e-09	2.463884e+01	6.970683e+01
2.680000e-06	3.580852e-06	1.021884e-09	2.488878e+01	7.011273e+01
2.690000e-06	3.616705e-06	1.030122e-09	2.513798e+01	7.051187e+01
2.700000e-06	3.652377e-06	1.037233e-09	2.538592e+01	7.090438e+01
2.710000e-06	3.687797e-06	1.042525e-09	2.563210e+01	7.129039e+01
2.720000e-06	3.723025e-06	1.048313e-09	2.587696e+01	7.166998e+01
2.730000e-06	3.757938e-06	1.053493e-09	2.611962e+01	7.204323e+01
2.740000e-06	3.792422e-06	1.059063e-09	2.635930e+01	7.241021e+01
2.750000e-06	3.826452e-06	1.064097e-09	2.659583e+01	7.277097e+01
2.760000e-06	3.859973e-06	1.068456e-09	2.682882e+01	7.312552e+01
2.770000e-06	3.893083e-06	1.073705e-09	2.705895e+01	7.347391e+01
2.780000e-06	3.925871e-06	1.081543e-09	2.728684e+01	7.381614e+01
2.790000e-06	3.958320e-06	1.089342e-09	2.751238e+01	7.415222e+01
2.800000e-06	3.990485e-06	1.095433e-09	2.773594e+01	7.448215e+01
2.810000e-06	4.022457e-06	1.098608e-09	2.795816e+01	7.480592e+01
2.820000e-06	4.054222e-06	1.100380e-09	2.817895e+01	7.512354e+01
2.830000e-06	4.085750e-06	1.102000e-09	2.839809e+01	7.543500e+01
2.840000e-06	4.117069e-06	1.107119e-09	2.861577e+01	7.574028e+01
2.850000e-06	4.148170e-06	1.117427e-09	2.883193e+01	7.603939e+01
2.860000e-06	4.178994e-06	1.129343e-09	2.904618e+01	7.633231e+01
2.870000e-06	4.209494e-06	1.136796e-09	2.925817e+01	7.661906e+01
2.880000e-06	4.239697e-06	1.138955e-09	2.946809e+01	7.689964e+01
2.890000e-06	4.269680e-06	1.140703e-09	2.967649e+01	7.717405e+01
2.900000e-06	4.299415e-06	1.141466e-09	2.988316e+01	7.744232e+01
2.910000e-06	4.328731e-06	1.141409e-09	3.008693e+01	7.770446e+01
2.920000e-06	4.357719e-06	1.143670e-09	3.028841e+01	7.796051e+01
2.930000e-06	4.386427e-06	1.149355e-09	3.048795e+01	7.821051e+01
2.940000e-06	4.414760e-06	1.159105e-09	3.068488e+01	7.845449e+01
2.950000e-06	4.442919e-06	1.167631e-09	3.088059e+01	7.869250e+01
2.960000e-06	4.470935e-06	1.171835e-09	3.107532e+01	7.892460e+01
2.970000e-06	4.498718e-06	1.174524e-09	3.126843e+01	7.915085e+01
2.980000e-06	4.526323e-06	1.173966e-09	3.146029e+01	7.937131e+01
2.990000e-06	4.553765e-06	1.172914e-09	3.165103e+01	7.958606e+01
3.000000e-06	4.580870e-06	1.175689e-09	3.183943e+01	7.979516e+01
3.010000e-06	4.607429e-06	1.177123e-09	3.202403e+01	7.999869e+01
3.020000e-06	4.633433e-06	1.176334e-09	3.220477e+01	8.019674e+01
3.030000e-06	4.658912e-06	1.180803e-09	3.238186e+01	8.038937e+01
3.040000e-06	4.683816e-06	1.188642e-09	3.255495e+01	8.057667e+01
3.050000e-06	4.708276e-06	1.194001e-09	3.272496e+01	8.075872e+01
3.060000e-06	4.732477e-06	1.196526e-09	3.289317e+01	8.093560e+01
3.070000e-06	4.756376e-06	1.198895e-09	3.305928e+01	8.110737e+01
3.080000e-06	4.779955e-06	1.200088e-09	3.322317e+01	8.127411e+01
3.090000e-06	4.803236e-06	1.199260e-09	3.338498e+01	8.143588e+01
3.100000e-06	4.826221e-06	1.199649e-09	3.354474e+01	8.159275e+01
3.110000e-06	4.848844e-06	1.200746e-09	3.370198e+01	8.174476e+01
3.120000e-06	4.871087e-06	1.200675e-09	3.385658e+01	8.189198e+01
3.130000e-06	4.893099e-06	1.203038e-09	3.400958e+01	8.203443e+01
3.140000e-06	4.914814e-06	1.209225e-09	3.416051e+01	8.217216e+01
3.150000e-06	4.936159e-06	1.214942e-09	3.430887e+01	8.230518e+01
3.160000e-06	4.957088e-06	1.220685e-09	3.445433e+01	8.243353e+01
3.170000e-06	4.977662e-06	1.224474e-09	3.459734e+01	8.255720e+01
3.180000e-06	4.998018e-06	1.223351e-09	3.473882e+01	8.267621e+01
3.190000e-06	5.018069e-06	1.223338e-09	3.487819e+01	8.279056e+01
3.200000e-06	5.037848e-06	1.224931e-09	3.501566e+01	8.290022e+01
3.210000e-06	5.057451e-06	1.225274e-09	3.515191e+01	8.300519e+01
3.220000e-06	5.076860e-06	1.227215e-09	3.528681e+01	8.310545e+01
3.230000e-06	5.095869e-06	1.232212e-09	3.541893e+01	8.320096e+01
3.240000e-06	5.114370e-06	1.235332e-09	3.554753e+01	8.329169e+01
3.250000e-06	5.132343e-06	1.233470e-09	3.567245e+01	8.337762e+01
3.260000e-06	5.149925e-06	1.231111e-09	3.579465e+01	8.345871e+01
3.270000e-06	5.167214e-06	1.230841e-09	3.591482e+01	8.353492e+01
3.280000e-06	5.184197e-06	1.236364e-09	3.603286e+01	8.360621e+01
3.290000e-06	5.200889e-06	1.245423e-09	3.614888e+01	8.367255e+01
3.300000e-06	5.217147e-06	1.252195e-09	3.626188e+01	8.373391e+01
3.310000e-06	5.232971e-06	1.253630e-09	3.637186e+01	8.379026e+01
3.320000e-06	5.248421e-06	1.250538e-09	3.647925e+01	8.384157e+01
3.330000e-06	5.263399e-06	1.246274e-09	3.658335e+01	8.388784e+01
3.340000e-06	5.277907e-06	1.242118e-09	3.668419e+01	8.392906e+01
3.350000e-06	5.292083e-06	1.244562e-09	3.678273e+01	8.396522e+01
3.360000e-06	5.305843e-06	1.252436e-09	3.687836e+01	8.399634e+01
3.370000e-06	5.319179e-06	1.262734e-09	3.697106e+01	8.402243e+01
3.380000e-06	5.332191e-06	1.272532e-09	3.706150e+01	8.404355e+01
3.390000e-06	5.344876e-06	1.276806e-09	3.714967e+01	8.405972e+01
3.400000e-06	5.357181e-06	1.273597e-09	3.723519e+01	8.407102e+01
3.410000e-06	5.369133e-06	1.267005e-09	3.731826e+01	8.407751e+01
3.420000e-06	5.380755e-06	1.263184e-09	3.739904e+01	8.407929e+01
3.430000e-06	5.391921e-06	1.261590e-09	3.747665e+01	8.407646e+01
3.440000e-06	5.402530e-06	1.265137e-09	3.755039e+01	8.406914e+01
3.450000e-06	5.412534e-06	1.272420e-09	3.761992e+01	8.405746e+01
3.460000e-06	5.421932e-06	1.276151e-09	3.768524e+01	8.404157e+01
3.470000e-06	5.430741e-06	1.277847e-09	3.774647e+01	8.402163e+01
3.480000e-06	5.439070e-06	1.277751e-09	3.780436e+01	8.399781e+01
3.490000e-06	5.447062e-06	1.277052e-09	3.785991e+01	8.397030e+01
3.500000e-06	5.454768e-06	1.276438e-09	3.791347e+01	8.393930e+01
3.510000e-06	5.462220e-06	1.273058e-09	3.796526e+01	8.390501e+01
3.520000e-06	5.469354e-06	1.270288e-09	3.801485e+01	8.386766e+01
3.530000e-06	5.476136e-06	1.270800e-09	3.806199e+01	8.382747e+01
3.540000e-06	5.482598e-06	1.273733e-09	3.810690e+01	8.378467e+01
3.550000e-06	5.488701e-06	1.276499e-09	3.814932e+01	8.373950e+01
3.560000e-06	5.494418e-06	1.278881e-09	3.818906e+01	8.369220e+01
3.570000e-06	5.499733e-06	1.283303e-09	3.822600e+01	8.364300e+01
3.580000e-06	5.504572e-06	1.286125e-09	3.825964e+01	8.359216e+01
3.590000e-06	5.508981e-06	1.283580e-09	3.829028e+01	8.353990e+01
3.600000e-06	5.513126e-06	1.279435e-09	3.831909e+01	8.348647e+01
3.610000e-06	5.517040e-06	1.277451e-09	3.834629e+01	8.343208e+01
3.620000e-06	5.520729e-06	1.278412e-09	3.837193e+01	8.337696e+01
3.630000e-06	5.524179e-06	1.280120e-09	3.839591e+01	8.332132e+01
3.640000e-06	5.527203e-06	1.281114e-09	3.841693e+01	8.326535e+01
3.650000e-06	5.529594e-06	1.282167e-09	3.843355e+01	8.320925e+01
3.660000e-06	5.531346e-06	1.285057e-09	3.844572e+01	8.315317e+01
3.670000e-06	5.532475e-06	1.286216e-09	3.845357e+01	8.309727e+01
3.680000e-06	5.533113e-06	1.287586e-09	3.845801e+01	8.304169e+01
3.690000e-06	5.533400e-06	1.290038e-09	3.846000e+01	8.298653e+01
3.700000e-06	5.533364e-06	1.292490e-09	3.845975e+01	8.293191e+01
3.710000e-06	5.533074e-06	1.294432e-09	3.845774e+01	8.287787e+01
3.720000e-06	5.532533e-06	1.291170e-09	3.845398e+01	8.282449e+01
3.730000e-06	5.531623e-06	1.288951e-09	3.844765e+01	8.277178e+01
3.740000e-06	5.530256e-06	1.294795e-09	3.843815e+01	8.271975e+01
3.750000e-06	5.528526e-06	1.309021e-09	3.842613e+01	8.266838e+01
3.760000e-06	5.526514e-06	1.312998e-09	3.841214e+01	8.261763e+01
3.770000e-06	5.524175e-06	1.259825e-09	3.839588e+01	8.256742e+01
3.780000e-06	5.521443e-06	1.227887e-09	3.837690e+01	8.251768e+01
3.790000e-06	5.518232e-06	1.241372e-09	3.835458e+01	8.246828e+01
3.800000e-06	5.514544e-06	1.199753e-09	3.832895e+01	8.241910e+01
3.810000e-06	5.510457e-06	1.263682e-09	3.830054e+01	8.236997e+01
3.820000e-06	5.506174e-06	1.310381e-09	3.827077e+01	8.232073e+01
3.830000e-06	5.501661e-06	1.314928e-09	3.823940e+01	8.227118e+01
3.840000e-06	5.496730e-06	1.295007e-09	3.820512e+01	8.222111e+01
3.850000e-06	5.491258e-06	1.218916e-09	3.816709e+01	8.217030e+01
3.860000e-06	5.485329e-06	1.270236e-09	3.812588e+01	8.211850e+01
3.870000e-06	5.479029e-06	1.262430e-09	3.808210e+01	8.206546e+01
3.880000e-06	5.472373e-06	1.262339e-09	3.803583e+01	8.201091e+01
3.890000e-06	5.465177e-06	1.239419e-09	3.798582e+01	8.195460e+01
3.900000e-06	5.457406e-06	1.306650e-09	3.793181e+01	8.189624e+01
3.910000e-06	5.449245e-06	1.288469e-09	3.787508e+01	8.183555e+01
3.920000e-06	5.440758e-06	1.180425e-09	3.781609e+01	8.177225e+01
3.930000e-06	5.431989e-06	1.185466e-09	3.775514e+01	8.170605e+01
3.940000e-06	5.422907e-06	1.269790e-09	3.769202e+01	8.163667e+01
3.950000e-06	5.413512e-06	1.295754e-09	3.762672e+01	8.156385e+01
3.960000e-06	5.403726e-06	1.189993e-09	3.755870e+01	8.148729e+01
3.970000e-06	5.393510e-06	1.214051e-09	3.748769e+01	8.140675e+01
3.980000e-06	5.382899e-06	1.263186e-09	3.741394e+01	8.132196e+01
3.990000e-06	5.371950e-06	1.245609e-09	3.733784e+01	8.123269e+01
4.000000e-06	5.360593e-06	1.187538e-09	3.725891e+01	8.113870e+01
4.010000e-06	5.348808e-06	1.240226e-09	3.717699e+01	8.103978e+01
4.020000e-06	5.336566e-06	1.241537e-09	3.709190e+01	8.093574e+01
4.030000e-06	5.323917e-06	1.209563e-09	3.700399e+01	8.082638e+01
4.040000e-06	5.310812e-06	1.193171e-09	3.691290e+01	8.071154e+01
4.050000e-06	5.297272e-06	1.238924e-09	3.681879e+01	8.059107e+01
4.060000e-06	5.283275e-06	1.204951e-09	3.672151e+01	8.046485e+01
4.070000e-06	5.268661e-06	1.205707e-09	3.661993e+01	8.033276e+01
4.080000e-06	5.253400e-06	1.201808e-09	3.651386e+01	8.019473e+01
4.090000e-06	5.237694e-06	1.205391e-09	3.640470e+01	8.005067e+01
4.100000e-06	5.221688e-06	1.218432e-09	3.629344e+01	7.990055e+01
4.110000e-06	5.205344e-06	1.217653e-09	3.617984e+01	7.974432e+01
4.120000e-06	5.188693e-06	1.162005e-09	3.606411e+01	7.958199e+01
4.130000e-06	5.171678e-06	1.169625e-09	3.594585e+01	7.941355e+01
4.140000e-06	5.154323e-06	1.246915e-09	3.582522e+01	7.923904e+01
4.150000e-06	5.136637e-06	1.186030e-09	3.570229e+01	7.905849e+01
4.160000e-06	5.118594e-06	1.132195e-09	3.557688e+01	7.887197e+01
4.170000e-06	5.100217e-06	1.217264e-09	3.544916e+01	7.867954e+01
4.180000e-06	5.081461e-06	1.230540e-09	3.531879e+01	7.848130e+01
4.190000e-06	5.062278e-06	1.106055e-09	3.518546e+01	7.827734e+01
4.200000e-06	5.042793e-06	1.170884e-09	3.505003e+01	7.806778e+01
4.210000e-06	5.023052e-06	1.238385e-09	3.491282e+01	7.785273e+01
4.220000e-06	5.003030e-06	1.130873e-09	3.477366e+01	7.763232e+01
4.230000e-06	4.982737e-06	1.097457e-09	3.463261e+01	7.740668e+01
4.240000e-06	4.962244e-06	1.220772e-09	3.449017e+01	7.717595e+01
4.250000e-06	4.941552e-06	1.158579e-09	3.434635e+01	7.694029e+01
4.260000e-06	4.920469e-06	1.097123e-09	3.419981e+01	7.669982e+01
4.270000e-06	4.898770e-06	1.174908e-09	3.404899e+01	7.645470e+01
4.280000e-06	4.876331e-06	1.175715e-09	3.389303e+01	7.620507e+01
4.290000e-06	4.853313e-06	1.085173e-09	3.373304e+01	7.595107e+01
4.300000e-06	4.829937e-06	1.153349e-09	3.357057e+01	7.569285e+01
4.310000e-06	4.806192e-06	1.172269e-09	3.340553e+01	7.543053e+01
4.320000e-06	4.782115e-06	1.103547e-09	3.323818e+01	7.516426e+01
4.330000e-06	4.757847e-06	1.123292e-09	3.306951e+01	7.489414e+01
4.340000e-06	4.733434e-06	1.173214e-09	3.289982e+01	7.462031e+01
4.350000e-06	4.708703e-06	1.109039e-09	3.272793e+01	7.434286e+01
4.360000e-06	4.683615e-06	1.095516e-09	3.255356e+01	7.406191e+01
4.370000e-06	4.658161e-06	1.122357e-09	3.237664e+01	7.377752e+01
4.380000e-06	4.632281e-06	1.095039e-09	3.219675e+01	7.348980e+01
4.390000e-06	4.606091e-06	1.081789e-09	3.201472e+01	7.319882e+01
4.400000e-06	4.579636e-06	1.113658e-09	3.183085e+01	7.290462e+01
4.410000e-06	4.552866e-06	1.107781e-09	3.164478e+01	7.260728e+01
4.420000e-06	4.525737e-06	1.087620e-09	3.145622e+01	7.230683e+01
4.430000e-06	4.498291e-06	1.088436e-09	3.126546e+01	7.200330e+01
4.440000e-06	4.470526e-06	1.078875e-09	3.107248e+01	7.169672e+01
4.450000e-06	4.442522e-06	1.071244e-09	3.087784e+01	7.138711e+01
4.460000e-06	4.414413e-06	1.065687e-09	3.068246e+01	7.107448e+01
4.470000e-06	4.386157e-06	1.064201e-09	3.048607e+01	7.075883e+01
4.480000e-06	4.357743e-06	1.063168e-09	3.028857e+01	7.044015e+01
4.490000e-06	4.329050e-06	1.073028e-09	3.008914e+01	7.011843e+01
4.500000e-06	4.299906e-06	1.063280e-09	2.988658e+01	6.979366e+01
4.510000e-06	4.270378e-06	1.057215e-09	2.968134e+01	6.946581e+01
4.520000e-06	4.240316e-06	1.042570e-09	2.947240e+01	6.913487e+01
4.530000e-06	4.209602e-06	1.038811e-09	2.925892e+01	6.880079e+01
4.540000e-06	4.178397e-06	1.032561e-09	2.904203e+01	6.846356e+01
4.550000e-06	4.146853e-06	1.034995e-09	2.882278e+01	6.812314e+01
4.560000e-06	4.115066e-06	1.030776e-09	2.860185e+01	6.777951e+01
4.570000e-06	4.083055e-06	1.029928e-09	2.837935e+01	6.743263e+01
4.580000e-06	4.050896e-06	1.016909e-09	2.815583e+01	6.708247e+01
4.590000e-06	4.018565e-06	1.017437e-09	2.793111e+01	6.672901e+01
4.600000e-06	3.985969e-06	1.011754e-09	2.770456e+01	6.637221e+01
4.610000e-06	3.953149e-06	1.003186e-09	2.747644e+01	6.601207e+01
4.620000e-06	3.920049e-06	9.960230e-10	2.724637e+01	6.564855e+01
4.630000e-06	3.886569e-06	9.978388e-10	2.701367e+01	6.528165e+01
4.640000e-06	3.852846e-06	9.900466e-10	2.677928e+01	6.491135e+01
4.650000e-06	3.818923e-06	9.881116e-10	2.654350e+01	6.453764e+01
4.660000e-06	3.784747e-06	9.842640e-10	2.630596e+01	6.416052e+01
4.670000e-06	3.750358e-06	9.800091e-10	2.606694e+01	6.377999e+01
4.680000e-06	3.715742e-06	9.761069e-10	2.582634e+01	6.339606e+01
4.690000e-06	3.680805e-06	9.780656e-10	2.558350e+01	6.300874e+01
4.700000e-06	3.645458e-06	9.790632e-10	2.533783e+01	6.261803e+01
4.710000e-06	3.609786e-06	9.698292e-10	2.508988e+01	6.222396e+01
4.720000e-06	3.573951e-06	9.587102e-10	2.484082e+01	6.182655e+01
4.730000e-06	3.538007e-06	9.506246e-10	2.459098e+01	6.142580e+01
4.740000e-06	3.501927e-06	9.500551e-10	2.434021e+01	6.102176e+01
4.750000e-06	3.465742e-06	9.424972e-10	2.408871e+01	6.061444e+01
4.760000e-06	3.429435e-06	9.384798e-10	2.383635e+01	6.020387e+01
4.770000e-06	3.392935e-06	9.348098e-10	2.358266e+01	5.979008e+01
4.780000e-06	3.356167e-06	9.300512e-10	2.332711e+01	5.937308e+01
4.790000e-06	3.319093e-06	9.223185e-10	2.306942e+01	5.895291e+01
4.800000e-06	3.281618e-06	9.229950e-10	2.280895e+01	5.852957e+01
4.810000e-06	3.243760e-06	9.206943e-10	2.254581e+01	5.810310e+01
4.820000e-06	3.205393e-06	9.156546e-10	2.227914e+01	5.767350e+01
4.830000e-06	3.166632e-06	9.047046e-10	2.200973e+01	5.724077e+01
4.840000e-06	3.127674e-06	9.005617e-10	2.173896e+01	5.680492e+01
4.850000e-06	3.088446e-06	8.904497e-10	2.146630e+01	5.636595e+01
4.860000e-06	3.048883e-06	8.838321e-10	2.119132e+01	5.592384e+01
4.870000e-06	3.009054e-06	8.773826e-10	2.091449e+01	5.547856e+01
4.880000e-06	2.969142e-06	8.738997e-10	2.063708e+01	5.503010e+01
4.890000e-06	2.929090e-06	8.685001e-10	2.035870e+01	5.457839e+01
4.900000e-06	2.888861e-06	8.665546e-10	2.007908e+01	5.412340e+01
4.910000e-06	2.848525e-06	8.605362e-10	1.979873e+01	5.366507e+01
4.920000e-06	2.808120e-06	8.490159e-10	1.951789e+01	5.320331e+01
4.930000e-06	2.767568e-06	8.383918e-10	1.923603e+01	5.273803e+01
4.940000e-06	2.726917e-06	8.310663e-10	1.895349e+01	5.226915e+01
4.950000e-06	2.686041e-06	8.218981e-10	1.866938e+01	5.179654e+01
4.960000e-06	2.644880e-06	8.169459e-10	1.838329e+01	5.132007e+01
4.970000e-06	2.603545e-06	8.151657e-10	1.809599e+01	5.083962e+01
4.980000e-06	2.562089e-06	8.116502e-10	1.780785e+01	5.035502e+01
4.990000e-06	2.520464e-06	8.051262e-10	1.751853e+01	4.986610e+01
5.000000e-06	2.478588e-06	7.985146e-10	1.722747e+01	4.937269e+01
5.010000e-06	2.436455e-06	7.932726e-10	1.693463e+01	4.887458e+01
5.020000e-06	2.394178e-06	7.832788e-10	1.664078e+01	4.837157e+01
5.030000e-06	2.351807e-06	7.734264e-10	1.634628e+01	4.786343e+01
5.040000e-06	2.309305e-06	7.650566e-10	1.605087e+01	4.734993e+01
5.050000e-06	2.266616e-06	7.598327e-10	1.575416e+01	4.683081e+01
5.060000e-06	2.223669e-06	7.545648e-10	1.545566e+01	4.630581e+01
5.070000e-06	2.180666e-06	7.523133e-10	1.515676e+01	4.577466e+01
5.080000e-06	2.137604e-06	7.468620e-10	1.485746e+01	4.523707e+01
5.090000e-06	2.094335e-06	7.396414e-10	1.455672e+01	4.469273e+01
5.100000e-06	2.050875e-06	7.301766e-10	1.425465e+01	4.414135e+01
5.110000e-06	2.007240e-06	7.217220e-10	1.395136e+01	4.358260e+01
5.120000e-06	1.963482e-06	7.103353e-10	1.364722e+01	4.301615e+01
5.130000e-06	1.919651e-06	7.031286e-10	1.334257e+01	4.244166e+01
5.140000e-06	1.875708e-06	6.975581e-10	1.303714e+01	4.185880e+01
5.150000e-06	1.831683e-06	6.913905e-10	1.273115e+01	4.126720e+01
5.160000e-06	1.787636e-06	6.811730e-10	1.242500e+01	4.066652e+01
5.170000e-06	1.743493e-06	6.704573e-10	1.211818e+01	4.005638e+01
5.180000e-06	1.699223e-06	6.581868e-10	1.181048e+01	3.943643e+01
5.190000e-06	1.654927e-06	6.476012e-10	1.150260e+01	3.880628e+01
5.200000e-06	1.610597e-06	6.388869e-10	1.119448e+01	3.816558e+01
5.210000e-06	1.566118e-06	6.290869e-10	1.088533e+01	3.751395e+01
5.220000e-06	1.521531e-06	6.189945e-10	1.057543e+01	3.685100e+01
5.230000e-06	1.476960e-06	6.081139e-10	1.026564e+01	3.617639e+01
5.240000e-06	1.432307e-06	5.957523e-10	9.955279e+00	3.548973e+01
5.250000e-06	1.387540e-06	5.830053e-10	9.644124e+00	3.479066e+01
5.260000e-06	1.342634e-06	5.721187e-10	9.332006e+00	3.407883e+01
5.270000e-06	1.297525e-06	5.592996e-10	9.018470e+00	3.335388e+01
5.280000e-06	1.252283e-06	5.494868e-10	8.704018e+00	3.261547e+01
5.290000e-06	1.206931e-06	5.373512e-10	8.388799e+00	3.186327e+01
5.300000e-06	1.161512e-06	5.239531e-10	8.073111e+00	3.109695e+01
5.310000e-06	1.116065e-06	5.125319e-10	7.757229e+00	3.031621e+01
5.320000e-06	1.070522e-06	5.011395e-10	7.440686e+00	2.952075e+01
5.330000e-06	1.024883e-06	4.874875e-10	7.123467e+00	2.871030e+01
5.340000e-06	9.792297e-07	4.750039e-10	6.806155e+00	2.788458e+01
5.350000e-06	9.334974e-07	4.633053e-10	6.488292e+00	2.704336e+01
5.360000e-06	8.875784e-07	4.507347e-10	6.169131e+00	2.618642e+01
5.370000e-06	8.415661e-07	4.387291e-10	5.849321e+00	2.531355e+01
5.380000e-06	7.955038e-07	4.262046e-10	5.529164e+00	2.442459e+01
5.390000e-06	7.493347e-07	4.148929e-10	5.208265e+00	2.351939e+01
5.400000e-06	7.031148e-07	4.023251e-10	4.887013e+00	2.259782e+01
5.410000e-06	6.568530e-07	3.885074e-10	4.565469e+00	2.165979e+01
5.420000e-06	6.105354e-07	3.744851e-10	4.243538e+00	2.070524e+01
5.430000e-06	5.641315e-07	3.593815e-10	3.921007e+00	1.973415e+01
5.440000e-06	5.176737e-07	3.437676e-10	3.598101e+00	1.874652e+01
5.450000e-06	4.711838e-07	3.285109e-10	3.274972e+00	1.774238e+01
5.460000e-06	4.246687e-07	3.125163e-10	2.951668e+00	1.672183e+01
5.470000e-06	3.781610e-07	2.974066e-10	2.628415e+00	1.568496e+01
5.480000e-06	3.316478e-07	2.795148e-10	2.305124e+00	1.463195e+01
5.490000e-06	2.850781e-07	2.614899e-10	1.981441e+00	1.356298e+01
5.500000e-06	2.384710e-07	2.433584e-10	1.657497e+00	1.247829e+01
5.510000e-06	1.918042e-07	2.242493e-10	1.333139e+00	1.137816e+01
5.520000e-06	1.451113e-07	2.076281e-10	1.008599e+00	1.026292e+01
5.530000e-06	9.851175e-08	1.894047e-10	6.847078e-01	9.132922e+00
5.540000e-06	5.196660e-08	1.692625e-10	3.611949e-01	7.988584e+00
5.550000e-06	5.533218e-09	1.499321e-10	3.845873e-02	6.830357e+00
5.560000e-06	-4.088261e-08	1.311327e-10	-2.841554e-01	5.658738e+00
5.570000e-06	-8.747677e-08	1.082850e-10	-6.080089e-01	4.474269e+00
5.580000e-06	-1.340359e-07	8.739231e-11	-9.316194e-01	3.277534e+00
5.590000e-06	-1.805368e-07	6.824098e-11	-1.254824e+00	2.069161e+00
5.600000e-06	-2.271015e-07	4.887850e-11	-1.578474e+00	8.498176e-01
5.610000e-06	-2.735567e-07	3.100987e-11	-1.901361e+00	-3.797858e-01
5.620000e-06	-3.199836e-07	1.068385e-11	-2.224052e+00	-1.618900e+00
5.630000e-06	-3.665232e-07	-1.127556e-11	-2.547526e+00	-2.866738e+00
5.640000e-06	-4.129383e-07	-3.270734e-11	-2.870135e+00	-4.122477e+00
5.650000e-06	-4.592744e-07	-5.340113e-11	-3.192196e+00	-5.385258e+00
5.660000e-06	-5.056458e-07	-7.436102e-11	-3.514501e+00	-6.654193e+00
5.670000e-06	-5.519105e-07	-9.719836e-11	-3.836065e+00	-7.928363e+00
5.680000e-06	-5.980818e-07	-1.201421e-10	-4.156979e+00	-9.206821e+00
5.690000e-06	-6.442316e-07	-1.432174e-10	-4.477744e+00	-1.048860e+01
5.700000e-06	-6.903722e-07	-1.669867e-10	-4.798445e+00	-1.177270e+01
5.710000e-06	-7.365202e-07	-1.897045e-10	-5.119198e+00	-1.305813e+01
5.720000e-06	-7.824885e-07	-2.126164e-10	-5.438701e+00	-1.434385e+01
5.730000e-06	-8.283183e-07	-2.341528e-10	-5.757242e+00	-1.562882e+01
5.740000e-06	-8.741873e-07	-2.556135e-10	-6.076055e+00	-1.691202e+01
5.750000e-06	-9.200749e-07	-2.768062e-10	-6.394998e+00	-1.819239e+01
5.760000e-06	-9.658331e-07	-2.983142e-10	-6.713041e+00	-1.946889e+01
5.770000e-06	-1.011431e-06	-3.205277e-10	-7.029969e+00	-2.074047e+01
5.780000e-06	-1.056927e-06	-3.423736e-10	-7.346194e+00	-2.200610e+01
5.790000e-06	-1.102330e-06	-3.657181e-10	-7.661769e+00	-2.326475e+01
5.800000e-06	-1.147669e-06	-3.885456e-10	-7.976896e+00	-2.451543e+01
5.810000e-06	-1.192903e-06	-4.100366e-10	-8.291295e+00	-2.575714e+01
5.820000e-06	-1.237999e-06	-4.290390e-10	-8.604739e+00	-2.698891e+01
5.830000e-06	-1.282938e-06	-4.472591e-10	-8.917088e+00	-2.820981e+01
5.840000e-06	-1.327777e-06	-4.645448e-10	-9.228739e+00	-2.941894e+01
5.850000e-06	-1.372542e-06	-4.799898e-10	-9.539882e+00	-3.061541e+01
5.860000e-06	-1.417250e-06	-4.968618e-10	-9.850623e+00	-3.179839e+01
5.870000e-06	-1.461891e-06	-5.191541e-10	-1.016090e+01	-3.296708e+01
5.880000e-06	-1.506433e-06	-5.416211e-10	-1.047049e+01	-3.412073e+01
5.890000e-06	-1.550865e-06	-5.576388e-10	-1.077932e+01	-3.525863e+01
5.900000e-06	-1.595253e-06	-5.702784e-10	-1.108783e+01	-3.638012e+01
5.910000e-06	-1.639554e-06	-5.815296e-10	-1.139575e+01	-3.748460e+01
5.920000e-06	-1.683759e-06	-5.965529e-10	-1.170300e+01	-3.857150e+01
5.930000e-06	-1.727927e-06	-6.146657e-10	-1.200999e+01	-3.964032e+01
5.940000e-06	-1.772078e-06	-6.352986e-10	-1.231686e+01	-4.069061e+01
5.950000e-06	-1.816189e-06	-6.561246e-10	-1.262345e+01	-4.172199e+01
5.960000e-06	-1.860189e-06	-6.751627e-10	-1.292928e+01	-4.273411e+01
5.970000e-06	-1.904082e-06	-6.893528e-10	-1.323436e+01	-4.372670e+01
5.980000e-06	-1.947905e-06	-7.010285e-10	-1.353895e+01	-4.469953e+01
5.990000e-06	-1.991663e-06	-7.137815e-10	-1.384309e+01	-4.565245e+01
6.000000e-06	-2.035253e-06	-7.274969e-10	-1.414606e+01	-4.658533e+01
6.010000e-06	-2.078687e-06	-7.431160e-10	-1.444796e+01	-4.749814e+01
6.020000e-06	-2.122019e-06	-7.580391e-10	-1.474913e+01	-4.839087e+01
6.030000e-06	-2.165200e-06	-7.738275e-10	-1.504927e+01	-4.926358e+01
6.040000e-06	-2.208191e-06	-7.885017e-10	-1.534807e+01	-5.011637e+01
6.050000e-06	-2.251006e-06	-8.012748e-10	-1.564566e+01	-5.094938e+01
6.060000e-06	-2.293703e-06	-8.131265e-10	-1.594242e+01	-5.176283e+01
6.070000e-06	-2.336241e-06	-8.262445e-10	-1.623809e+01	-5.255695e+01
6.080000e-06	-2.378593e-06	-8.388530e-10	-1.653246e+01	-5.333203e+01
6.090000e-06	-2.420734e-06	-8.513210e-10	-1.682535e+01	-5.408838e+01
6.100000e-06	-2.462646e-06	-8.634534e-10	-1.711667e+01	-5.482637e+01
6.110000e-06	-2.504398e-06	-8.711272e-10	-1.740686e+01	-5.554638e+01
6.120000e-06	-2.546018e-06	-8.810458e-10	-1.769615e+01	-5.624883e+01
6.130000e-06	-2.587487e-06	-8.936594e-10	-1.798438e+01	-5.693416e+01
6.140000e-06	-2.628767e-06	-9.041749e-10	-1.827130e+01	-5.760282e+01
6.150000e-06	-2.669802e-06	-9.160158e-10	-1.855651e+01	-5.825531e+01
6.160000e-06	-2.710636e-06	-9.271651e-10	-1.884032e+01	-5.889210e+01
6.170000e-06	-2.751261e-06	-9.344965e-10	-1.912269e+01	-5.951371e+01
6.180000e-06	-2.791747e-06	-9.394251e-10	-1.940409e+01	-6.012065e+01
6.190000e-06	-2.832149e-06	-9.481859e-10	-1.968491e+01	-6.071343e+01
6.200000e-06	-2.872445e-06	-9.595987e-10	-1.996498e+01	-6.129256e+01
6.210000e-06	-2.912601e-06	-9.703834e-10	-2.024409e+01	-6.185857e+01
6.220000e-06	-2.952619e-06	-9.814249e-10	-2.052224e+01	-6.241195e+01
6.230000e-06	-2.992503e-06	-9.928752e-10	-2.079945e+01	-6.295320e+01
6.240000e-06	-3.032099e-06	-1.002883e-09	-2.107466e+01	-6.348281e+01
6.250000e-06	-3.071473e-06	-1.010270e-09	-2.134833e+01	-6.400126e+01
6.260000e-06	-3.110659e-06	-1.016048e-09	-2.162070e+01	-6.450900e+01
6.270000e-06	-3.149482e-06	-1.022385e-09	-2.189054e+01	-6.500646e+01
6.280000e-06	-3.187942e-06	-1.030226e-09	-2.215785e+01	-6.549408e+01
6.290000e-06	-3.226043e-06	-1.037356e-09	-2.242267e+01	-6.597225e+01
6.300000e-06	-3.263775e-06	-1.042881e-09	-2.268493e+01	-6.644134e+01
6.310000e-06	-3.301209e-06	-1.048921e-09	-2.294512e+01	-6.690171e+01
6.320000e-06	-3.338342e-06	-1.054811e-09	-2.320321e+01	-6.735369e+01
6.330000e-06	-3.375199e-06	-1.062225e-09	-2.345939e+01	-6.779757e+01
6.340000e-06	-3.411798e-06	-1.069327e-09	-2.371377e+01	-6.823365e+01
6.350000e-06	-3.448194e-06	-1.074623e-09	-2.396674e+01	-6.866217e+01
6.360000e-06	-3.484423e-06	-1.081698e-09	-2.421855e+01	-6.908336e+01
6.370000e-06	-3.520503e-06	-1.091432e-09	-2.446932e+01	-6.949743e+01
6.380000e-06	-3.556410e-06	-1.101836e-09	-2.471890e+01	-6.990456e+01
6.390000e-06	-3.592096e-06	-1.106112e-09	-2.496693e+01	-7.030491e+01
6.400000e-06	-3.627547e-06	-1.108345e-09	-2.521333e+01	-7.069862e+01
6.410000e-06	-3.662758e-06	-1.111568e-09	-2.545807e+01	-7.108580e+01
6.420000e-06	-3.697678e-06	-1.118268e-09	-2.570078e+01	-7.146656e+01
6.430000e-06	-3.732349e-06	-1.124194e-09	-2.594177e+01	-7.184096e+01
6.440000e-06	-3.766773e-06	-1.131002e-09	-2.618103e+01	-7.220908e+01
6.450000e-06	-3.800907e-06	-1.138399e-09	-2.641828e+01	-7.257096e+01
6.460000e-06	-3.834788e-06	-1.141897e-09	-2.665376e+01	-7.292665e+01
6.470000e-06	-3.868396e-06	-1.143572e-09	-2.688736e+01	-7.327616e+01
6.480000e-06	-3.901753e-06	-1.146603e-09	-2.711921e+01	-7.361951e+01
6.490000e-06	-3.934814e-06	-1.152303e-09	-2.734900e+01	-7.395671e+01
6.500000e-06	-3.967526e-06	-1.156636e-09	-2.757637e+01	-7.428777e+01
6.510000e-06	-4.000005e-06	-1.160044e-09	-2.780211e+01	-7.461267e+01
6.520000e-06	-4.032344e-06	-1.162299e-09	-2.802688e+01	-7.493141e+01
6.530000e-06	-4.064483e-06	-1.164095e-09	-2.825026e+01	-7.524399e+01
6.540000e-06	-4.096394e-06	-1.166426e-09	-2.847207e+01	-7.555040e+01
6.550000e-06	-4.128032e-06	-1.171655e-09	-2.869196e+01	-7.585064e+01
6.560000e-06	-4.159272e-06	-1.179817e-09	-2.890910e+01	-7.614469e+01
6.570000e-06	-4.190028e-06	-1.191206e-09	-2.912287e+01	-7.643257e+01
6.580000e-06	-4.220404e-06	-1.197410e-09	-2.933400e+01	-7.671427e+01
6.590000e-06	-4.250313e-06	-1.197643e-09	-2.954188e+01	-7.698980e+01
6.600000e-06	-4.279749e-06	-1.195051e-09	-2.974648e+01	-7.725919e+01
6.610000e-06	-4.308848e-06	-1.193509e-09	-2.994873e+01	-7.752245e+01
6.620000e-06	-4.337531e-06	-1.194834e-09	-3.014809e+01	-7.777962e+01
6.630000e-06	-4.365953e-06	-1.197789e-09	-3.034564e+01	-7.803071e+01
6.640000e-06	-4.394212e-06	-1.204018e-09	-3.054205e+01	-7.827579e+01
6.650000e-06	-4.422281e-06	-1.210769e-09	-3.073715e+01	-7.851489e+01
6.660000e-06	-4.450200e-06	-1.216180e-09	-3.093120e+01	-7.874807e+01
6.670000e-06	-4.477821e-06	-1.220359e-09	-3.112318e+01	-7.897539e+01
6.680000e-06	-4.504982e-06	-1.222528e-09	-3.131196e+01	-7.919691e+01
6.690000e-06	-4.531837e-06	-1.224687e-09	-3.149862e+01	-7.941270e+01
6.700000e-06	-4.558488e-06	-1.225982e-09	-3.168386e+01	-7.962283e+01
6.710000e-06	-4.584762e-06	-1.226774e-09	-3.186648e+01	-7.982739e+01
6.720000e-06	-4.610625e-06	-1.228521e-09	-3.204624e+01	-8.002644e+01
6.730000e-06	-4.636160e-06	-1.230227e-09	-3.222372e+01	-8.022007e+01
6.740000e-06	-4.661473e-06	-1.232255e-09	-3.239966e+01	-8.040835e+01
6.750000e-06	-4.686421e-06	-1.233641e-09	-3.257306e+01	-8.059137e+01
6.760000e-06	-4.710965e-06	-1.237434e-09	-3.274365e+01	-8.076920e+01
6.770000e-06	-4.735337e-06	-1.244172e-09	-3.291305e+01	-8.094191e+01
6.780000e-06	-4.759500e-06	-1.249690e-09	-3.308099e+01	-8.110958e+01
6.790000e-06	-4.783423e-06	-1.252603e-09	-3.324727e+01	-8.127228e+01
6.800000e-06	-4.807097e-06	-1.253360e-09	-3.341182e+01	-8.143006e+01
6.810000e-06	-4.830332e-06	-1.251465e-09	-3.357331e+01	-8.158297e+01
6.820000e-06	-4.852990e-06	-1.250654e-09	-3.373080e+01	-8.173108e+01
6.830000e-06	-4.875188e-06	-1.252851e-09	-3.388509e+01	-8.187442e+01
6.840000e-06	-4.896935e-06	-1.257857e-09	-3.403624e+01	-8.201303e+01
6.850000e-06	-4.918111e-06	-1.265271e-09	-3.418342e+01	-8.214694e+01
6.860000e-06	-4.938848e-06	-1.272898e-09	-3.432756e+01	-8.227616e+01
6.870000e-06	-4.959291e-06	-1.275615e-09	-3.446964e+01	-8.240071e+01
6.880000e-06	-4.979513e-06	-1.273579e-09	-3.461020e+01	-8.252060e+01
6.890000e-06	-4.999517e-06	-1.269716e-09	-3.474924e+01	-8.263582e+01
6.900000e-06	-5.019237e-06	-1.267661e-09	-3.488630e+01	-8.274636e+01
6.910000e-06	-5.038625e-06	-1.269094e-09	-3.502106e+01	-8.285221e+01
6.920000e-06	-5.057639e-06	-1.274373e-09	-3.515321e+01	-8.295335e+01
6.930000e-06	-5.076306e-06	-1.280604e-09	-3.528296e+01	-8.304975e+01
6.940000e-06	-5.094688e-06	-1.285684e-09	-3.541073e+01	-8.314139e+01
6.950000e-06	-5.112762e-06	-1.289102e-09	-3.553635e+01	-8.322822e+01
6.960000e-06	-5.130516e-06	-1.288689e-09	-3.565975e+01	-8.331021e+01
6.970000e-06	-5.147872e-06	-1.285253e-09	-3.578038e+01	-8.338733e+01
6.980000e-06	-5.164850e-06	-1.283586e-09	-3.589839e+01	-8.345954e+01
6.990000e-06	-5.181540e-06	-1.284694e-09	-3.601439e+01	-8.352681e+01
7.000000e-06	-5.197895e-06	-1.286103e-09	-3.612807e+01	-8.358910e+01
7.010000e-06	-5.213980e-06	-1.290614e-09	-3.623987e+01	-8.364638e+01
7.020000e-06	-5.229840e-06	-1.296446e-09	-3.635010e+01	-8.369863e+01
7.030000e-06	-5.245290e-06	-1.296455e-09	-3.645749e+01	-8.374584e+01
7.040000e-06	-5.260172e-06	-1.293848e-09	-3.656093e+01	-8.378800e+01
7.050000e-06	-5.274404e-06	-1.289565e-09	-3.665985e+01	-8.382510e+01
7.060000e-06	-5.287950e-06	-1.285812e-09	-3.675400e+01	-8.385715e+01
7.070000e-06	-5.301006e-06	-1.285650e-09	-3.684475e+01	-8.388418e+01
7.080000e-06	-5.313765e-06	-1.286362e-09	-3.693342e+01	-8.390622e+01
7.090000e-06	-5.326173e-06	-1.288468e-09	-3.701967e+01	-8.392331e+01
7.100000e-06	-5.338175e-06	-1.291510e-09	-3.710308e+01	-8.393551e+01
7.110000e-06	-5.349766e-06	-1.294665e-09	-3.718365e+01	-8.394290e+01
7.120000e-06	-5.360948e-06	-1.293287e-09	-3.726137e+01	-8.394556e+01
7.130000e-06	-5.371766e-06	-1.289425e-09	-3.733657e+01	-8.394359e+01
7.140000e-06	-5.382231e-06	-1.285949e-09	-3.740930e+01	-8.393710e+01
7.150000e-06	-5.392322e-06	-1.285237e-09	-3.747943e+01	-8.392624e+01
7.160000e-06	-5.401980e-06	-1.286752e-09	-3.754657e+01	-8.391114e+01
7.170000e-06	-5.411259e-06	-1.287516e-09	-3.761106e+01	-8.389195e+01
7.180000e-06	-5.420176e-06	-1.287109e-09	-3.767304e+01	-8.386887e+01
7.190000e-06	-5.428716e-06	-1.286408e-09	-3.773239e+01	-8.384206e+01
7.200000e-06	-5.436999e-06	-1.287144e-09	-3.778997e+01	-8.381172e+01
7.210000e-06	-5.445039e-06	-1.285996e-09	-3.784585e+01	-8.377807e+01
7.220000e-06	-5.452759e-06	-1.282233e-09	-3.789950e+01	-8.374131e+01
7.230000e-06	-5.460213e-06	-1.280224e-09	-3.795132e+01	-8.370167e+01
7.240000e-06	-5.467314e-06	-1.278885e-09	-3.800067e+01	-8.365939e+01
7.250000e-06	-5.473813e-06	-1.276537e-09	-3.804584e+01	-8.361469e+01
7.260000e-06	-5.479621e-06	-1.275910e-09	-3.808621e+01	-8.356783e+01
7.270000e-06	-5.484888e-06	-1.277905e-09	-3.812282e+01	-8.351903e+01
7.280000e-06	-5.489687e-06	-1.278288e-09	-3.815617e+01	-8.346854e+01
7.290000e-06	-5.494085e-06	-1.275665e-09	-3.818674e+01	-8.341660e+01
7.300000e-06	-5.498222e-06	-1.270999e-09	-3.821549e+01	-8.336344e+01
7.310000e-06	-5.502088e-06	-1.264347e-09	-3.824237e+01	-8.330930e+01
7.320000e-06	-5.505623e-06	-1.258582e-09	-3.826693e+01	-8.325438e+01
7.330000e-06	-5.508818e-06	-1.255046e-09	-3.828914e+01	-8.319891e+01
7.340000e-06	-5.511711e-06	-1.253781e-09	-3.830925e+01	-8.314308e+01
7.350000e-06	-5.514220e-06	-1.254022e-09	-3.832669e+01	-8.308709e+01
7.360000e-06	-5.516373e-06	-1.256131e-09	-3.834166e+01	-8.303109e+01
7.370000e-06	-5.518171e-06	-1.257985e-09	-3.835416e+01	-8.297525e+01
7.380000e-06	-5.519428e-06	-1.255110e-09	-3.836289e+01	-8.291970e+01
7.390000e-06	-5.520304e-06	-1.248171e-09	-3.836898e+01	-8.286457e+01
7.400000e-06	-5.520912e-06	-1.239298e-09	-3.837321e+01	-8.280995e+01
