# Temperatura_=_5.86
# Concentracion g/m^3_=_1620.0
# C_Vs_to_Am_M_A/Vsm_=_65563218390.804596
# pendiente_HvsI_1/m_=_3716.3
# ordenada_HvsI_A/m_=_1297.0
# frecuencia_Hz_=_135094.11019278038

Tiempo_(s)	Campo_(V.s)	Magnetizacion_(V.s)	Campo_(kA/m)	Magnetizacion_(A/m)
0.000000e+00	-5.509640e-06	-1.306409e-09	-3.837824e+01	-8.627481e+01
1.000000e-08	-5.509757e-06	-1.306753e-09	-3.837906e+01	-8.623977e+01
2.000000e-08	-5.509589e-06	-1.307611e-09	-3.837789e+01	-8.620603e+01
3.000000e-08	-5.509068e-06	-1.305579e-09	-3.837426e+01	-8.617357e+01
4.000000e-08	-5.508084e-06	-1.297411e-09	-3.836740e+01	-8.614233e+01
5.000000e-08	-5.506507e-06	-1.280933e-09	-3.835642e+01	-8.611220e+01
6.000000e-08	-5.504314e-06	-1.274971e-09	-3.834115e+01	-8.608305e+01
7.000000e-08	-5.501477e-06	-1.313780e-09	-3.832139e+01	-8.605473e+01
8.000000e-08	-5.498083e-06	-1.350346e-09	-3.829775e+01	-8.602705e+01
9.000000e-08	-5.494296e-06	-1.343328e-09	-3.827137e+01	-8.599979e+01
1.000000e-07	-5.490163e-06	-1.333815e-09	-3.824257e+01	-8.597272e+01
1.100000e-07	-5.485830e-06	-1.349081e-09	-3.821239e+01	-8.594555e+01
1.200000e-07	-5.481281e-06	-1.281108e-09	-3.818071e+01	-8.591802e+01
1.300000e-07	-5.476407e-06	-1.260801e-09	-3.814676e+01	-8.588981e+01
1.400000e-07	-5.471187e-06	-1.277039e-09	-3.811039e+01	-8.586061e+01
1.500000e-07	-5.465583e-06	-1.335359e-09	-3.807136e+01	-8.583007e+01
1.600000e-07	-5.459557e-06	-1.299705e-09	-3.802938e+01	-8.579785e+01
1.700000e-07	-5.453120e-06	-1.275904e-09	-3.798455e+01	-8.576360e+01
1.800000e-07	-5.446293e-06	-1.337629e-09	-3.793699e+01	-8.572695e+01
1.900000e-07	-5.439098e-06	-1.348728e-09	-3.788687e+01	-8.568754e+01
2.000000e-07	-5.431543e-06	-1.300073e-09	-3.783425e+01	-8.564501e+01
2.100000e-07	-5.423720e-06	-1.258275e-09	-3.777976e+01	-8.559899e+01
2.200000e-07	-5.415746e-06	-1.323223e-09	-3.772421e+01	-8.554914e+01
2.300000e-07	-5.407446e-06	-1.342134e-09	-3.766640e+01	-8.549510e+01
2.400000e-07	-5.398550e-06	-1.345939e-09	-3.760443e+01	-8.543653e+01
2.500000e-07	-5.388908e-06	-1.311114e-09	-3.753726e+01	-8.537311e+01
2.600000e-07	-5.378614e-06	-1.319872e-09	-3.746556e+01	-8.530454e+01
2.700000e-07	-5.367742e-06	-1.303529e-09	-3.738983e+01	-8.523051e+01
2.800000e-07	-5.356479e-06	-1.316546e-09	-3.731138e+01	-8.515075e+01
2.900000e-07	-5.344920e-06	-1.306723e-09	-3.723086e+01	-8.506501e+01
3.000000e-07	-5.332871e-06	-1.308527e-09	-3.714693e+01	-8.497306e+01
3.100000e-07	-5.320431e-06	-1.307724e-09	-3.706028e+01	-8.487467e+01
3.200000e-07	-5.307622e-06	-1.326980e-09	-3.697105e+01	-8.476968e+01
3.300000e-07	-5.294418e-06	-1.308313e-09	-3.687908e+01	-8.465790e+01
3.400000e-07	-5.280897e-06	-1.296528e-09	-3.678490e+01	-8.453921e+01
3.500000e-07	-5.266976e-06	-1.319150e-09	-3.668793e+01	-8.441350e+01
3.600000e-07	-5.252654e-06	-1.307172e-09	-3.658817e+01	-8.428067e+01
3.700000e-07	-5.237828e-06	-1.261410e-09	-3.648489e+01	-8.414066e+01
3.800000e-07	-5.222428e-06	-1.283844e-09	-3.637762e+01	-8.399343e+01
3.900000e-07	-5.206516e-06	-1.324483e-09	-3.626679e+01	-8.383897e+01
4.000000e-07	-5.190172e-06	-1.268725e-09	-3.615294e+01	-8.367728e+01
4.100000e-07	-5.173425e-06	-1.257614e-09	-3.603628e+01	-8.350841e+01
4.200000e-07	-5.156332e-06	-1.316241e-09	-3.591723e+01	-8.333239e+01
4.300000e-07	-5.139090e-06	-1.293379e-09	-3.579712e+01	-8.314931e+01
4.400000e-07	-5.121481e-06	-1.221536e-09	-3.567446e+01	-8.295924e+01
4.500000e-07	-5.103433e-06	-1.288677e-09	-3.554875e+01	-8.276231e+01
4.600000e-07	-5.085061e-06	-1.309038e-09	-3.542078e+01	-8.255863e+01
4.700000e-07	-5.066255e-06	-1.227271e-09	-3.528978e+01	-8.234834e+01
4.800000e-07	-5.047033e-06	-1.236244e-09	-3.515588e+01	-8.213159e+01
4.900000e-07	-5.027527e-06	-1.310538e-09	-3.502001e+01	-8.190855e+01
5.000000e-07	-5.007759e-06	-1.232394e-09	-3.488232e+01	-8.167937e+01
5.100000e-07	-4.987733e-06	-1.199549e-09	-3.474282e+01	-8.144424e+01
5.200000e-07	-4.967453e-06	-1.276045e-09	-3.460156e+01	-8.120335e+01
5.300000e-07	-4.946834e-06	-1.263379e-09	-3.445793e+01	-8.095687e+01
5.400000e-07	-4.925887e-06	-1.193496e-09	-3.431202e+01	-8.070500e+01
5.500000e-07	-4.904538e-06	-1.256471e-09	-3.416332e+01	-8.044793e+01
5.600000e-07	-4.882749e-06	-1.261711e-09	-3.401154e+01	-8.018584e+01
5.700000e-07	-4.860648e-06	-1.174059e-09	-3.385759e+01	-7.991892e+01
5.800000e-07	-4.838302e-06	-1.192897e-09	-3.370194e+01	-7.964736e+01
5.900000e-07	-4.815545e-06	-1.249226e-09	-3.354342e+01	-7.937134e+01
6.000000e-07	-4.792336e-06	-1.187946e-09	-3.338175e+01	-7.909102e+01
6.100000e-07	-4.768857e-06	-1.176886e-09	-3.321821e+01	-7.880659e+01
6.200000e-07	-4.745217e-06	-1.231222e-09	-3.305354e+01	-7.851819e+01
6.300000e-07	-4.721416e-06	-1.198130e-09	-3.288775e+01	-7.822598e+01
6.400000e-07	-4.697380e-06	-1.155278e-09	-3.272033e+01	-7.793011e+01
6.500000e-07	-4.673003e-06	-1.189796e-09	-3.255052e+01	-7.763070e+01
6.600000e-07	-4.648263e-06	-1.181914e-09	-3.237819e+01	-7.732788e+01
6.700000e-07	-4.623110e-06	-1.141862e-09	-3.220299e+01	-7.702177e+01
6.800000e-07	-4.597401e-06	-1.169993e-09	-3.202390e+01	-7.671247e+01
6.900000e-07	-4.571100e-06	-1.183835e-09	-3.184070e+01	-7.640008e+01
7.000000e-07	-4.544246e-06	-1.152436e-09	-3.165365e+01	-7.608467e+01
7.100000e-07	-4.516933e-06	-1.153225e-09	-3.146339e+01	-7.576633e+01
7.200000e-07	-4.489337e-06	-1.168703e-09	-3.127117e+01	-7.544512e+01
7.300000e-07	-4.461586e-06	-1.136991e-09	-3.107787e+01	-7.512109e+01
7.400000e-07	-4.433673e-06	-1.127089e-09	-3.088343e+01	-7.479429e+01
7.500000e-07	-4.405577e-06	-1.138766e-09	-3.068773e+01	-7.446476e+01
7.600000e-07	-4.377228e-06	-1.129176e-09	-3.049025e+01	-7.413252e+01
7.700000e-07	-4.348528e-06	-1.109869e-09	-3.029034e+01	-7.379759e+01
7.800000e-07	-4.319512e-06	-1.116976e-09	-3.008823e+01	-7.345999e+01
7.900000e-07	-4.290214e-06	-1.104931e-09	-2.988415e+01	-7.311971e+01
8.000000e-07	-4.260610e-06	-1.086601e-09	-2.967794e+01	-7.277677e+01
8.100000e-07	-4.230698e-06	-1.087262e-09	-2.946958e+01	-7.243115e+01
8.200000e-07	-4.200470e-06	-1.089843e-09	-2.925902e+01	-7.208283e+01
8.300000e-07	-4.170003e-06	-1.072690e-09	-2.904680e+01	-7.173180e+01
8.400000e-07	-4.139318e-06	-1.073649e-09	-2.883306e+01	-7.137803e+01
8.500000e-07	-4.108347e-06	-1.073909e-09	-2.861732e+01	-7.102150e+01
8.600000e-07	-4.077012e-06	-1.058688e-09	-2.839905e+01	-7.066216e+01
8.700000e-07	-4.045395e-06	-1.044854e-09	-2.817882e+01	-7.029999e+01
8.800000e-07	-4.013650e-06	-1.048273e-09	-2.795769e+01	-6.993495e+01
8.900000e-07	-3.981815e-06	-1.039219e-09	-2.773594e+01	-6.956698e+01
9.000000e-07	-3.949787e-06	-1.027291e-09	-2.751285e+01	-6.919604e+01
9.100000e-07	-3.917414e-06	-1.029950e-09	-2.728735e+01	-6.882209e+01
9.200000e-07	-3.884759e-06	-1.026057e-09	-2.705988e+01	-6.844508e+01
9.300000e-07	-3.851661e-06	-1.011916e-09	-2.682934e+01	-6.806494e+01
9.400000e-07	-3.818104e-06	-1.008432e-09	-2.659559e+01	-6.768162e+01
9.500000e-07	-3.784188e-06	-1.004476e-09	-2.635934e+01	-6.729507e+01
9.600000e-07	-3.749783e-06	-9.843548e-10	-2.611969e+01	-6.690523e+01
9.700000e-07	-3.714902e-06	-9.734696e-10	-2.587672e+01	-6.651204e+01
9.800000e-07	-3.679674e-06	-9.740408e-10	-2.563133e+01	-6.611543e+01
9.900000e-07	-3.644223e-06	-9.675093e-10	-2.538440e+01	-6.571534e+01
1.000000e-06	-3.608560e-06	-9.574305e-10	-2.513598e+01	-6.531171e+01
1.010000e-06	-3.572764e-06	-9.594903e-10	-2.488664e+01	-6.490448e+01
1.020000e-06	-3.536877e-06	-9.557773e-10	-2.463666e+01	-6.449357e+01
1.030000e-06	-3.500818e-06	-9.444180e-10	-2.438549e+01	-6.407892e+01
1.040000e-06	-3.464553e-06	-9.373247e-10	-2.413288e+01	-6.366046e+01
1.050000e-06	-3.428055e-06	-9.326124e-10	-2.387864e+01	-6.323813e+01
1.060000e-06	-3.391320e-06	-9.171641e-10	-2.362276e+01	-6.281185e+01
1.070000e-06	-3.354252e-06	-9.098001e-10	-2.336456e+01	-6.238156e+01
1.080000e-06	-3.316929e-06	-9.059592e-10	-2.310458e+01	-6.194720e+01
1.090000e-06	-3.279458e-06	-8.972266e-10	-2.284357e+01	-6.150869e+01
1.100000e-06	-3.241806e-06	-8.868768e-10	-2.258130e+01	-6.106596e+01
1.110000e-06	-3.203842e-06	-8.834213e-10	-2.231685e+01	-6.061896e+01
1.120000e-06	-3.165628e-06	-8.752179e-10	-2.205067e+01	-6.016761e+01
1.130000e-06	-3.127370e-06	-8.653126e-10	-2.178418e+01	-5.971185e+01
1.140000e-06	-3.088908e-06	-8.573429e-10	-2.151626e+01	-5.925162e+01
1.150000e-06	-3.050055e-06	-8.496449e-10	-2.124563e+01	-5.878685e+01
1.160000e-06	-3.010881e-06	-8.380294e-10	-2.097275e+01	-5.831749e+01
1.170000e-06	-2.971514e-06	-8.314695e-10	-2.069854e+01	-5.784348e+01
1.180000e-06	-2.931971e-06	-8.297878e-10	-2.042310e+01	-5.736476e+01
1.190000e-06	-2.892309e-06	-8.246668e-10	-2.014683e+01	-5.688127e+01
1.200000e-06	-2.852551e-06	-8.176430e-10	-1.986988e+01	-5.639296e+01
1.210000e-06	-2.812731e-06	-8.127933e-10	-1.959251e+01	-5.589978e+01
1.220000e-06	-2.772787e-06	-8.047455e-10	-1.931427e+01	-5.540168e+01
1.230000e-06	-2.732644e-06	-7.958927e-10	-1.903465e+01	-5.489861e+01
1.240000e-06	-2.692379e-06	-7.900042e-10	-1.875418e+01	-5.439052e+01
1.250000e-06	-2.651941e-06	-7.805468e-10	-1.847251e+01	-5.387736e+01
1.260000e-06	-2.611203e-06	-7.684674e-10	-1.818874e+01	-5.335909e+01
1.270000e-06	-2.570242e-06	-7.578913e-10	-1.790342e+01	-5.283565e+01
1.280000e-06	-2.529109e-06	-7.500992e-10	-1.761690e+01	-5.230700e+01
1.290000e-06	-2.487726e-06	-7.408226e-10	-1.732864e+01	-5.177310e+01
1.300000e-06	-2.446069e-06	-7.325823e-10	-1.703847e+01	-5.123387e+01
1.310000e-06	-2.404154e-06	-7.255732e-10	-1.674650e+01	-5.068928e+01
1.320000e-06	-2.361849e-06	-7.168239e-10	-1.645182e+01	-5.013925e+01
1.330000e-06	-2.319137e-06	-7.056534e-10	-1.615431e+01	-4.958373e+01
1.340000e-06	-2.276248e-06	-6.981930e-10	-1.585555e+01	-4.902263e+01
1.350000e-06	-2.233234e-06	-6.898085e-10	-1.555593e+01	-4.845589e+01
1.360000e-06	-2.189963e-06	-6.795192e-10	-1.525452e+01	-4.788341e+01
1.370000e-06	-2.146405e-06	-6.728313e-10	-1.495111e+01	-4.730511e+01
1.380000e-06	-2.102689e-06	-6.711404e-10	-1.464660e+01	-4.672086e+01
1.390000e-06	-2.058920e-06	-6.655602e-10	-1.434172e+01	-4.613055e+01
1.400000e-06	-2.015145e-06	-6.566163e-10	-1.403680e+01	-4.553405e+01
1.410000e-06	-1.971338e-06	-6.465453e-10	-1.373166e+01	-4.493121e+01
1.420000e-06	-1.927424e-06	-6.363176e-10	-1.342577e+01	-4.432186e+01
1.430000e-06	-1.883368e-06	-6.251346e-10	-1.311889e+01	-4.370584e+01
1.440000e-06	-1.839193e-06	-6.159831e-10	-1.281118e+01	-4.308294e+01
1.450000e-06	-1.794972e-06	-6.078899e-10	-1.250315e+01	-4.245295e+01
1.460000e-06	-1.750723e-06	-5.972270e-10	-1.219493e+01	-4.181564e+01
1.470000e-06	-1.706425e-06	-5.850004e-10	-1.188637e+01	-4.117074e+01
1.480000e-06	-1.662045e-06	-5.743983e-10	-1.157723e+01	-4.051800e+01
1.490000e-06	-1.617466e-06	-5.660030e-10	-1.126671e+01	-3.985711e+01
1.500000e-06	-1.572744e-06	-5.576735e-10	-1.095519e+01	-3.918777e+01
1.510000e-06	-1.527855e-06	-5.478691e-10	-1.064251e+01	-3.850963e+01
1.520000e-06	-1.482759e-06	-5.388230e-10	-1.032839e+01	-3.782235e+01
1.530000e-06	-1.437547e-06	-5.305894e-10	-1.001346e+01	-3.712556e+01
1.540000e-06	-1.392228e-06	-5.212888e-10	-9.697780e+00	-3.641885e+01
1.550000e-06	-1.346924e-06	-5.088719e-10	-9.382205e+00	-3.570182e+01
1.560000e-06	-1.301537e-06	-4.945067e-10	-9.066059e+00	-3.497405e+01
1.570000e-06	-1.255975e-06	-4.783884e-10	-8.748688e+00	-3.423509e+01
1.580000e-06	-1.210382e-06	-4.636853e-10	-8.431103e+00	-3.348449e+01
1.590000e-06	-1.164679e-06	-4.532243e-10	-8.112750e+00	-3.272179e+01
1.600000e-06	-1.118864e-06	-4.426771e-10	-7.793621e+00	-3.194651e+01
1.610000e-06	-1.073019e-06	-4.312331e-10	-7.474279e+00	-3.115818e+01
1.620000e-06	-1.027083e-06	-4.212090e-10	-7.154303e+00	-3.035630e+01
1.630000e-06	-9.810528e-07	-4.154269e-10	-6.833674e+00	-2.954041e+01
1.640000e-06	-9.349977e-07	-4.083970e-10	-6.512870e+00	-2.871003e+01
1.650000e-06	-8.889271e-07	-3.952436e-10	-6.191959e+00	-2.786467e+01
1.660000e-06	-8.427664e-07	-3.788015e-10	-5.870419e+00	-2.700388e+01
1.670000e-06	-7.965025e-07	-3.621687e-10	-5.548160e+00	-2.612720e+01
1.680000e-06	-7.502052e-07	-3.472648e-10	-5.225670e+00	-2.523422e+01
1.690000e-06	-7.038528e-07	-3.368287e-10	-4.902795e+00	-2.432452e+01
1.700000e-06	-6.574861e-07	-3.268180e-10	-4.579821e+00	-2.339771e+01
1.710000e-06	-6.111387e-07	-3.165142e-10	-4.256981e+00	-2.245345e+01
1.720000e-06	-5.647349e-07	-3.026278e-10	-3.933748e+00	-2.149142e+01
1.730000e-06	-5.182451e-07	-2.837219e-10	-3.609916e+00	-2.051133e+01
1.740000e-06	-4.717562e-07	-2.609866e-10	-3.286090e+00	-1.951296e+01
1.750000e-06	-4.252235e-07	-2.397777e-10	-2.961960e+00	-1.849609e+01
1.760000e-06	-3.785735e-07	-2.229654e-10	-2.637012e+00	-1.746060e+01
1.770000e-06	-3.319665e-07	-2.107667e-10	-2.312364e+00	-1.640640e+01
1.780000e-06	-2.853457e-07	-2.014031e-10	-1.987620e+00	-1.533344e+01
1.790000e-06	-2.386720e-07	-1.903629e-10	-1.662507e+00	-1.424176e+01
1.800000e-06	-1.920220e-07	-1.744995e-10	-1.337559e+00	-1.313144e+01
1.810000e-06	-1.453793e-07	-1.547823e-10	-1.012662e+00	-1.200264e+01
1.820000e-06	-9.870030e-08	-1.355026e-10	-6.875121e-01	-1.085559e+01
1.830000e-06	-5.198015e-08	-1.190035e-10	-3.620758e-01	-9.690559e+00
1.840000e-06	-5.321905e-09	-1.042984e-10	-3.707054e-02	-8.507921e+00
1.850000e-06	4.135039e-08	-8.999046e-11	2.880325e-01	-7.308104e+00
1.860000e-06	8.815704e-08	-7.717986e-11	6.140714e-01	-6.091609e+00
1.870000e-06	1.349338e-07	-6.101462e-11	9.399024e-01	-4.859012e+00
1.880000e-06	1.816720e-07	-3.927046e-11	1.265464e+00	-3.610957e+00
1.890000e-06	2.284210e-07	-1.547766e-11	1.591102e+00	-2.348161e+00
1.900000e-06	2.750888e-07	6.360747e-12	1.916173e+00	-1.071406e+00
1.910000e-06	3.217435e-07	2.573536e-11	2.241154e+00	2.184537e-01
1.920000e-06	3.683376e-07	4.229518e-11	2.565712e+00	1.520504e+00
1.930000e-06	4.148666e-07	5.616486e-11	2.889817e+00	2.833765e+00
1.940000e-06	4.613527e-07	7.038544e-11	3.213623e+00	4.157203e+00
1.950000e-06	5.078848e-07	8.565727e-11	3.537749e+00	5.489724e+00
1.960000e-06	5.544102e-07	1.042053e-10	3.861830e+00	6.830188e+00
1.970000e-06	6.008375e-07	1.256558e-10	4.185226e+00	8.177407e+00
1.980000e-06	6.472115e-07	1.467097e-10	4.508251e+00	9.530152e+00
1.990000e-06	6.935126e-07	1.682942e-10	4.830769e+00	1.088716e+01
2.000000e-06	7.397837e-07	1.846078e-10	5.153077e+00	1.224713e+01
2.010000e-06	7.859714e-07	2.013026e-10	5.474805e+00	1.360875e+01
2.020000e-06	8.321301e-07	2.214603e-10	5.796330e+00	1.497068e+01
2.030000e-06	8.783036e-07	2.443821e-10	6.117959e+00	1.633157e+01
2.040000e-06	9.243683e-07	2.645445e-10	6.438830e+00	1.769007e+01
2.050000e-06	9.703353e-07	2.823130e-10	6.759020e+00	1.904481e+01
2.060000e-06	1.016243e-06	3.010281e-10	7.078799e+00	2.039446e+01
2.070000e-06	1.062119e-06	3.212143e-10	7.398353e+00	2.173768e+01
2.080000e-06	1.107926e-06	3.445561e-10	7.717430e+00	2.307316e+01
2.090000e-06	1.153628e-06	3.659368e-10	8.035770e+00	2.439961e+01
2.100000e-06	1.199235e-06	3.860919e-10	8.353453e+00	2.571577e+01
2.110000e-06	1.244764e-06	4.020214e-10	8.670598e+00	2.702043e+01
2.120000e-06	1.290223e-06	4.160099e-10	8.987247e+00	2.831242e+01
2.130000e-06	1.335568e-06	4.312899e-10	9.303104e+00	2.959063e+01
2.140000e-06	1.380792e-06	4.494184e-10	9.618120e+00	3.085397e+01
2.150000e-06	1.425854e-06	4.672246e-10	9.932006e+00	3.210145e+01
2.160000e-06	1.470782e-06	4.845661e-10	1.024496e+01	3.333213e+01
2.170000e-06	1.515616e-06	5.029383e-10	1.055726e+01	3.454512e+01
2.180000e-06	1.560402e-06	5.225598e-10	1.086922e+01	3.573963e+01
2.190000e-06	1.605084e-06	5.390283e-10	1.118046e+01	3.691492e+01
2.200000e-06	1.649641e-06	5.535477e-10	1.149083e+01	3.807034e+01
2.210000e-06	1.694097e-06	5.669559e-10	1.180050e+01	3.920532e+01
2.220000e-06	1.738418e-06	5.812907e-10	1.210922e+01	4.031935e+01
2.230000e-06	1.782641e-06	5.966384e-10	1.241726e+01	4.141203e+01
2.240000e-06	1.826762e-06	6.105794e-10	1.272459e+01	4.248301e+01
2.250000e-06	1.870839e-06	6.242316e-10	1.303162e+01	4.353204e+01
2.260000e-06	1.914877e-06	6.370878e-10	1.333837e+01	4.455893e+01
2.270000e-06	1.958796e-06	6.541619e-10	1.364430e+01	4.556360e+01
2.280000e-06	2.002601e-06	6.718553e-10	1.394943e+01	4.654602e+01
2.290000e-06	2.046318e-06	6.896763e-10	1.425394e+01	4.750623e+01
2.300000e-06	2.090026e-06	7.032548e-10	1.455840e+01	4.844435e+01
2.310000e-06	2.133669e-06	7.134651e-10	1.486240e+01	4.936057e+01
2.320000e-06	2.177147e-06	7.234876e-10	1.516525e+01	5.025513e+01
2.330000e-06	2.220488e-06	7.343420e-10	1.546715e+01	5.112835e+01
2.340000e-06	2.263666e-06	7.483262e-10	1.576791e+01	5.198057e+01
2.350000e-06	2.306576e-06	7.659580e-10	1.606681e+01	5.281222e+01
2.360000e-06	2.349289e-06	7.858780e-10	1.636433e+01	5.362375e+01
2.370000e-06	2.391774e-06	8.009177e-10	1.666027e+01	5.441565e+01
2.380000e-06	2.433892e-06	8.113929e-10	1.695365e+01	5.518846e+01
2.390000e-06	2.475685e-06	8.199262e-10	1.724476e+01	5.594272e+01
2.400000e-06	2.517150e-06	8.265779e-10	1.753359e+01	5.667903e+01
2.410000e-06	2.558299e-06	8.333414e-10	1.782023e+01	5.739799e+01
2.420000e-06	2.599131e-06	8.423706e-10	1.810465e+01	5.810021e+01
2.430000e-06	2.639705e-06	8.575734e-10	1.838727e+01	5.878630e+01
2.440000e-06	2.680114e-06	8.738036e-10	1.866874e+01	5.945690e+01
2.450000e-06	2.720338e-06	8.852061e-10	1.894893e+01	6.011262e+01
2.460000e-06	2.760401e-06	8.963414e-10	1.922800e+01	6.075408e+01
2.470000e-06	2.800338e-06	9.067299e-10	1.950619e+01	6.138188e+01
2.480000e-06	2.840220e-06	9.164272e-10	1.978399e+01	6.199661e+01
2.490000e-06	2.880049e-06	9.271477e-10	2.006142e+01	6.259884e+01
2.500000e-06	2.919679e-06	9.365835e-10	2.033748e+01	6.318911e+01
2.510000e-06	2.959069e-06	9.458072e-10	2.061185e+01	6.376794e+01
2.520000e-06	2.998256e-06	9.558010e-10	2.088481e+01	6.433583e+01
2.530000e-06	3.037182e-06	9.638186e-10	2.115595e+01	6.489323e+01
2.540000e-06	3.075862e-06	9.700974e-10	2.142539e+01	6.544057e+01
2.550000e-06	3.114354e-06	9.753980e-10	2.169351e+01	6.597825e+01
2.560000e-06	3.152619e-06	9.807478e-10	2.196005e+01	6.650663e+01
2.570000e-06	3.190693e-06	9.865363e-10	2.222526e+01	6.702603e+01
2.580000e-06	3.228530e-06	9.937525e-10	2.248882e+01	6.753674e+01
2.590000e-06	3.266151e-06	1.001578e-09	2.275088e+01	6.803901e+01
2.600000e-06	3.303607e-06	1.011146e-09	2.301178e+01	6.853307e+01
2.610000e-06	3.340838e-06	1.019214e-09	2.327112e+01	6.901909e+01
2.620000e-06	3.377825e-06	1.022553e-09	2.352876e+01	6.949723e+01
2.630000e-06	3.414556e-06	1.023984e-09	2.378462e+01	6.996762e+01
2.640000e-06	3.451090e-06	1.025968e-09	2.403910e+01	7.043035e+01
2.650000e-06	3.487405e-06	1.031452e-09	2.429205e+01	7.088548e+01
2.660000e-06	3.523469e-06	1.040086e-09	2.454326e+01	7.133307e+01
2.670000e-06	3.559381e-06	1.048321e-09	2.479341e+01	7.177313e+01
2.680000e-06	3.595240e-06	1.057229e-09	2.504320e+01	7.220568e+01
2.690000e-06	3.630939e-06	1.065954e-09	2.529186e+01	7.263070e+01
2.700000e-06	3.666403e-06	1.070230e-09	2.553889e+01	7.304817e+01
2.710000e-06	3.701636e-06	1.071803e-09	2.578432e+01	7.345807e+01
2.720000e-06	3.736594e-06	1.073764e-09	2.602782e+01	7.386034e+01
2.730000e-06	3.771194e-06	1.076280e-09	2.626883e+01	7.425495e+01
2.740000e-06	3.805242e-06	1.080689e-09	2.650600e+01	7.464187e+01
2.750000e-06	3.838746e-06	1.086364e-09	2.673938e+01	7.502104e+01
2.760000e-06	3.871805e-06	1.091960e-09	2.696965e+01	7.539244e+01
2.770000e-06	3.904447e-06	1.099327e-09	2.719703e+01	7.575604e+01
2.780000e-06	3.936797e-06	1.108712e-09	2.742236e+01	7.611182e+01
2.790000e-06	3.968961e-06	1.117371e-09	2.764641e+01	7.645978e+01
2.800000e-06	4.000918e-06	1.122399e-09	2.786901e+01	7.679992e+01
2.810000e-06	4.032700e-06	1.125563e-09	2.809039e+01	7.713227e+01
2.820000e-06	4.064336e-06	1.128545e-09	2.831076e+01	7.745686e+01
2.830000e-06	4.095795e-06	1.132026e-09	2.852989e+01	7.777375e+01
2.840000e-06	4.127017e-06	1.137520e-09	2.874737e+01	7.808301e+01
2.850000e-06	4.157857e-06	1.145036e-09	2.896219e+01	7.838474e+01
2.860000e-06	4.188321e-06	1.150820e-09	2.917439e+01	7.867903e+01
2.870000e-06	4.218510e-06	1.155025e-09	2.938468e+01	7.896603e+01
2.880000e-06	4.248425e-06	1.157888e-09	2.959305e+01	7.924586e+01
2.890000e-06	4.278051e-06	1.161734e-09	2.979942e+01	7.951870e+01
2.900000e-06	4.307406e-06	1.166879e-09	3.000390e+01	7.978471e+01
2.910000e-06	4.336496e-06	1.170587e-09	3.020653e+01	8.004408e+01
2.920000e-06	4.365228e-06	1.175179e-09	3.040667e+01	8.029701e+01
2.930000e-06	4.393630e-06	1.181625e-09	3.060450e+01	8.054371e+01
2.940000e-06	4.421855e-06	1.186264e-09	3.080111e+01	8.078440e+01
2.950000e-06	4.449917e-06	1.188986e-09	3.099658e+01	8.101931e+01
2.960000e-06	4.477792e-06	1.192391e-09	3.119075e+01	8.124865e+01
2.970000e-06	4.505420e-06	1.195010e-09	3.138319e+01	8.147267e+01
2.980000e-06	4.532838e-06	1.196770e-09	3.157418e+01	8.169159e+01
2.990000e-06	4.559969e-06	1.201797e-09	3.176317e+01	8.190563e+01
3.000000e-06	4.586662e-06	1.208325e-09	3.194910e+01	8.211501e+01
3.010000e-06	4.612804e-06	1.209400e-09	3.213119e+01	8.231996e+01
3.020000e-06	4.638339e-06	1.209976e-09	3.230906e+01	8.252066e+01
3.030000e-06	4.663332e-06	1.214522e-09	3.248316e+01	8.271731e+01
3.040000e-06	4.687844e-06	1.218408e-09	3.265390e+01	8.291008e+01
3.050000e-06	4.712002e-06	1.219641e-09	3.282218e+01	8.309914e+01
3.060000e-06	4.735901e-06	1.222571e-09	3.298865e+01	8.328462e+01
3.070000e-06	4.759595e-06	1.226661e-09	3.315369e+01	8.346665e+01
3.080000e-06	4.783088e-06	1.229195e-09	3.331734e+01	8.364532e+01
3.090000e-06	4.806272e-06	1.234064e-09	3.347883e+01	8.382072e+01
3.100000e-06	4.829069e-06	1.238182e-09	3.363763e+01	8.399290e+01
3.110000e-06	4.851462e-06	1.239473e-09	3.379360e+01	8.416190e+01
3.120000e-06	4.873498e-06	1.240308e-09	3.394710e+01	8.432774e+01
3.130000e-06	4.895307e-06	1.243195e-09	3.409902e+01	8.449039e+01
3.140000e-06	4.916803e-06	1.250285e-09	3.424875e+01	8.464982e+01
3.150000e-06	4.937893e-06	1.254701e-09	3.439565e+01	8.480599e+01
3.160000e-06	4.958689e-06	1.256536e-09	3.454051e+01	8.495880e+01
3.170000e-06	4.979175e-06	1.253874e-09	3.468321e+01	8.510818e+01
3.180000e-06	4.999344e-06	1.254139e-09	3.482370e+01	8.525400e+01
3.190000e-06	5.019240e-06	1.256137e-09	3.496229e+01	8.539613e+01
3.200000e-06	5.038870e-06	1.259024e-09	3.509902e+01	8.553444e+01
3.210000e-06	5.058290e-06	1.267036e-09	3.523430e+01	8.566875e+01
3.220000e-06	5.077412e-06	1.272408e-09	3.536750e+01	8.579891e+01
3.230000e-06	5.096090e-06	1.274167e-09	3.549760e+01	8.592473e+01
3.240000e-06	5.114230e-06	1.270727e-09	3.562395e+01	8.604604e+01
3.250000e-06	5.131847e-06	1.265507e-09	3.574667e+01	8.616266e+01
3.260000e-06	5.149159e-06	1.264842e-09	3.586726e+01	8.627440e+01
3.270000e-06	5.166223e-06	1.269163e-09	3.598612e+01	8.638109e+01
3.280000e-06	5.182971e-06	1.278489e-09	3.610278e+01	8.648254e+01
3.290000e-06	5.199452e-06	1.286182e-09	3.621758e+01	8.657859e+01
3.300000e-06	5.215652e-06	1.288709e-09	3.633042e+01	8.666909e+01
3.310000e-06	5.231413e-06	1.287809e-09	3.644021e+01	8.675389e+01
3.320000e-06	5.246602e-06	1.282294e-09	3.654601e+01	8.683287e+01
3.330000e-06	5.261299e-06	1.279325e-09	3.664838e+01	8.690592e+01
3.340000e-06	5.275625e-06	1.279528e-09	3.674818e+01	8.697295e+01
3.350000e-06	5.289516e-06	1.283612e-09	3.684494e+01	8.703389e+01
3.360000e-06	5.303009e-06	1.290950e-09	3.693893e+01	8.708871e+01
3.370000e-06	5.316203e-06	1.297155e-09	3.703083e+01	8.713738e+01
3.380000e-06	5.329024e-06	1.298548e-09	3.712014e+01	8.717992e+01
3.390000e-06	5.341404e-06	1.298249e-09	3.720637e+01	8.721634e+01
3.400000e-06	5.353421e-06	1.298521e-09	3.729007e+01	8.724673e+01
3.410000e-06	5.365190e-06	1.299241e-09	3.737205e+01	8.727117e+01
3.420000e-06	5.376529e-06	1.301210e-09	3.745104e+01	8.728977e+01
3.430000e-06	5.387242e-06	1.306294e-09	3.752566e+01	8.730268e+01
3.440000e-06	5.397462e-06	1.310584e-09	3.759685e+01	8.731007e+01
3.450000e-06	5.407065e-06	1.310295e-09	3.766374e+01	8.731214e+01
3.460000e-06	5.416028e-06	1.308292e-09	3.772618e+01	8.730910e+01
3.470000e-06	5.424517e-06	1.306131e-09	3.778530e+01	8.730121e+01
3.480000e-06	5.432589e-06	1.305569e-09	3.784153e+01	8.728872e+01
3.490000e-06	5.440426e-06	1.309968e-09	3.789612e+01	8.727192e+01
3.500000e-06	5.448003e-06	1.313482e-09	3.794890e+01	8.725110e+01
3.510000e-06	5.455225e-06	1.313787e-09	3.799921e+01	8.722659e+01
3.520000e-06	5.462007e-06	1.314651e-09	3.804645e+01	8.719872e+01
3.530000e-06	5.468411e-06	1.312982e-09	3.809106e+01	8.716780e+01
3.540000e-06	5.474614e-06	1.310452e-09	3.813426e+01	8.713420e+01
3.550000e-06	5.480476e-06	1.309144e-09	3.817510e+01	8.709824e+01
3.560000e-06	5.485881e-06	1.312532e-09	3.821275e+01	8.706028e+01
3.570000e-06	5.490898e-06	1.318121e-09	3.824770e+01	8.702067e+01
3.580000e-06	5.495518e-06	1.322219e-09	3.827987e+01	8.697972e+01
3.590000e-06	5.499741e-06	1.325662e-09	3.830929e+01	8.693778e+01
3.600000e-06	5.503746e-06	1.328136e-09	3.833719e+01	8.689515e+01
3.610000e-06	5.507589e-06	1.329363e-09	3.836396e+01	8.685215e+01
3.620000e-06	5.511149e-06	1.328198e-09	3.838875e+01	8.680904e+01
3.630000e-06	5.514245e-06	1.325061e-09	3.841032e+01	8.676610e+01
3.640000e-06	5.516766e-06	1.323975e-09	3.842788e+01	8.672357e+01
3.650000e-06	5.518763e-06	1.324886e-09	3.844179e+01	8.668165e+01
3.660000e-06	5.520136e-06	1.327756e-09	3.845136e+01	8.664055e+01
3.670000e-06	5.520916e-06	1.330552e-09	3.845679e+01	8.660042e+01
3.680000e-06	5.521282e-06	1.335300e-09	3.845934e+01	8.656139e+01
3.690000e-06	5.521377e-06	1.342008e-09	3.846000e+01	8.652357e+01
3.700000e-06	5.521228e-06	1.346454e-09	3.845896e+01	8.648703e+01
3.710000e-06	5.520772e-06	1.347951e-09	3.845578e+01	8.645179e+01
3.720000e-06	5.519938e-06	1.346009e-09	3.844998e+01	8.641786e+01
3.730000e-06	5.518761e-06	1.346202e-09	3.844178e+01	8.638522e+01
3.740000e-06	5.517138e-06	1.357520e-09	3.843047e+01	8.635380e+01
3.750000e-06	5.515133e-06	1.371853e-09	3.841651e+01	8.632350e+01
3.760000e-06	5.512940e-06	1.349118e-09	3.840123e+01	8.629419e+01
3.770000e-06	5.510315e-06	1.290515e-09	3.838295e+01	8.626573e+01
3.780000e-06	5.507247e-06	1.281261e-09	3.836157e+01	8.623793e+01
3.790000e-06	5.503760e-06	1.302329e-09	3.833729e+01	8.621056e+01
3.800000e-06	5.499854e-06	1.277825e-09	3.831008e+01	8.618340e+01
3.810000e-06	5.495673e-06	1.341929e-09	3.828096e+01	8.615617e+01
3.820000e-06	5.491319e-06	1.392820e-09	3.825063e+01	8.612860e+01
3.830000e-06	5.486728e-06	1.384247e-09	3.821864e+01	8.610038e+01
3.840000e-06	5.481639e-06	1.331158e-09	3.818320e+01	8.607119e+01
3.850000e-06	5.475976e-06	1.277741e-09	3.814375e+01	8.604070e+01
3.860000e-06	5.469847e-06	1.347699e-09	3.810106e+01	8.600855e+01
3.870000e-06	5.463234e-06	1.349689e-09	3.805500e+01	8.597440e+01
3.880000e-06	5.456176e-06	1.325583e-09	3.800583e+01	8.593788e+01
3.890000e-06	5.448708e-06	1.322863e-09	3.795381e+01	8.589864e+01
3.900000e-06	5.440766e-06	1.401144e-09	3.789849e+01	8.585630e+01
3.910000e-06	5.432409e-06	1.370996e-09	3.784028e+01	8.581051e+01
3.920000e-06	5.423752e-06	1.262670e-09	3.777998e+01	8.576091e+01
3.930000e-06	5.414818e-06	1.276763e-09	3.771775e+01	8.570715e+01
3.940000e-06	5.405492e-06	1.375955e-09	3.765278e+01	8.564889e+01
3.950000e-06	5.395738e-06	1.365053e-09	3.758484e+01	8.558581e+01
3.960000e-06	5.385575e-06	1.267547e-09	3.751405e+01	8.551759e+01
3.970000e-06	5.375044e-06	1.298561e-09	3.744070e+01	8.544395e+01
3.980000e-06	5.364209e-06	1.347479e-09	3.736522e+01	8.536460e+01
3.990000e-06	5.353103e-06	1.318310e-09	3.728786e+01	8.527929e+01
4.000000e-06	5.341626e-06	1.266559e-09	3.720792e+01	8.518777e+01
4.010000e-06	5.329577e-06	1.294359e-09	3.712399e+01	8.508985e+01
4.020000e-06	5.316984e-06	1.297921e-09	3.703627e+01	8.498533e+01
4.030000e-06	5.304066e-06	1.294487e-09	3.694629e+01	8.487405e+01
4.040000e-06	5.290816e-06	1.274084e-09	3.685399e+01	8.475586e+01
4.050000e-06	5.276973e-06	1.275768e-09	3.675757e+01	8.463066e+01
4.060000e-06	5.262454e-06	1.287338e-09	3.665643e+01	8.449834e+01
4.070000e-06	5.247410e-06	1.301774e-09	3.655164e+01	8.435885e+01
4.080000e-06	5.231888e-06	1.251556e-09	3.644352e+01	8.421214e+01
4.090000e-06	5.215925e-06	1.249878e-09	3.633233e+01	8.405820e+01
4.100000e-06	5.199715e-06	1.316572e-09	3.621941e+01	8.389704e+01
4.110000e-06	5.183299e-06	1.286457e-09	3.610507e+01	8.372868e+01
4.120000e-06	5.166457e-06	1.203776e-09	3.598775e+01	8.355318e+01
4.130000e-06	5.149270e-06	1.284033e-09	3.586803e+01	8.337060e+01
4.140000e-06	5.131825e-06	1.346762e-09	3.574652e+01	8.318103e+01
4.150000e-06	5.113930e-06	1.221259e-09	3.562186e+01	8.298458e+01
4.160000e-06	5.095590e-06	1.206851e-09	3.549412e+01	8.278138e+01
4.170000e-06	5.077001e-06	1.327467e-09	3.536463e+01	8.257155e+01
4.180000e-06	5.058184e-06	1.262093e-09	3.523356e+01	8.235526e+01
4.190000e-06	5.038995e-06	1.169271e-09	3.509989e+01	8.213265e+01
4.200000e-06	5.019486e-06	1.306343e-09	3.496400e+01	8.190390e+01
4.210000e-06	4.999722e-06	1.310844e-09	3.482633e+01	8.166918e+01
4.220000e-06	4.979690e-06	1.164544e-09	3.468680e+01	8.142868e+01
4.230000e-06	4.959368e-06	1.229852e-09	3.454524e+01	8.118258e+01
4.240000e-06	4.938743e-06	1.319932e-09	3.440157e+01	8.093107e+01
4.250000e-06	4.917662e-06	1.182609e-09	3.425473e+01	8.067434e+01
4.260000e-06	4.896083e-06	1.181675e-09	3.410442e+01	8.041258e+01
4.270000e-06	4.874077e-06	1.298467e-09	3.395113e+01	8.014598e+01
4.280000e-06	4.851485e-06	1.219183e-09	3.379377e+01	7.987472e+01
4.290000e-06	4.828214e-06	1.151388e-09	3.363166e+01	7.959898e+01
4.300000e-06	4.804559e-06	1.265568e-09	3.346689e+01	7.931894e+01
4.310000e-06	4.780731e-06	1.238934e-09	3.330091e+01	7.903476e+01
4.320000e-06	4.756643e-06	1.148236e-09	3.313313e+01	7.874660e+01
4.330000e-06	4.732338e-06	1.219562e-09	3.296383e+01	7.845463e+01
4.340000e-06	4.707723e-06	1.253809e-09	3.279237e+01	7.815897e+01
4.350000e-06	4.682680e-06	1.165393e-09	3.261793e+01	7.785977e+01
4.360000e-06	4.657365e-06	1.181195e-09	3.244159e+01	7.755715e+01
4.370000e-06	4.631854e-06	1.217734e-09	3.226389e+01	7.725123e+01
4.380000e-06	4.605910e-06	1.163302e-09	3.208318e+01	7.694212e+01
4.390000e-06	4.579590e-06	1.162091e-09	3.189984e+01	7.662990e+01
4.400000e-06	4.553035e-06	1.210251e-09	3.171487e+01	7.631466e+01
4.410000e-06	4.526155e-06	1.179732e-09	3.152763e+01	7.599648e+01
4.420000e-06	4.498964e-06	1.150805e-09	3.133823e+01	7.567542e+01
4.430000e-06	4.471446e-06	1.175618e-09	3.114654e+01	7.535155e+01
4.440000e-06	4.443644e-06	1.165404e-09	3.095289e+01	7.502490e+01
4.450000e-06	4.415661e-06	1.138383e-09	3.075796e+01	7.469551e+01
4.460000e-06	4.387504e-06	1.149794e-09	3.056184e+01	7.436341e+01
4.470000e-06	4.359140e-06	1.156907e-09	3.036426e+01	7.402862e+01
4.480000e-06	4.330552e-06	1.140047e-09	3.016513e+01	7.369116e+01
4.490000e-06	4.301584e-06	1.146293e-09	2.996334e+01	7.335103e+01
4.500000e-06	4.272090e-06	1.150788e-09	2.975790e+01	7.300823e+01
4.510000e-06	4.242094e-06	1.128601e-09	2.954896e+01	7.266275e+01
4.520000e-06	4.211668e-06	1.114949e-09	2.933702e+01	7.231458e+01
4.530000e-06	4.180807e-06	1.129207e-09	2.912205e+01	7.196370e+01
4.540000e-06	4.149499e-06	1.120451e-09	2.890397e+01	7.161008e+01
4.550000e-06	4.117886e-06	1.109471e-09	2.868377e+01	7.125369e+01
4.560000e-06	4.086014e-06	1.115088e-09	2.846176e+01	7.089451e+01
4.570000e-06	4.053902e-06	1.107697e-09	2.823807e+01	7.053250e+01
4.580000e-06	4.021571e-06	1.085209e-09	2.801287e+01	7.016761e+01
4.590000e-06	3.989068e-06	1.091011e-09	2.778646e+01	6.979981e+01
4.600000e-06	3.956351e-06	1.090880e-09	2.755857e+01	6.942904e+01
4.610000e-06	3.923324e-06	1.072732e-09	2.732852e+01	6.905527e+01
4.620000e-06	3.889997e-06	1.070809e-09	2.709637e+01	6.867843e+01
4.630000e-06	3.856403e-06	1.080523e-09	2.686237e+01	6.829847e+01
4.640000e-06	3.822659e-06	1.066616e-09	2.662732e+01	6.791534e+01
4.650000e-06	3.788660e-06	1.054302e-09	2.639049e+01	6.752898e+01
4.660000e-06	3.754354e-06	1.058342e-09	2.615153e+01	6.713934e+01
4.670000e-06	3.719829e-06	1.052411e-09	2.591104e+01	6.674634e+01
4.680000e-06	3.685023e-06	1.041495e-09	2.566859e+01	6.634994e+01
4.690000e-06	3.649907e-06	1.048758e-09	2.542399e+01	6.595007e+01
4.700000e-06	3.614523e-06	1.050625e-09	2.517752e+01	6.554665e+01
4.710000e-06	3.578942e-06	1.034364e-09	2.492967e+01	6.513964e+01
4.720000e-06	3.543161e-06	1.027816e-09	2.468043e+01	6.472896e+01
4.730000e-06	3.507195e-06	1.029760e-09	2.442991e+01	6.431454e+01
4.740000e-06	3.471117e-06	1.018081e-09	2.417860e+01	6.389632e+01
4.750000e-06	3.434950e-06	1.006122e-09	2.392667e+01	6.347423e+01
4.760000e-06	3.398562e-06	1.005564e-09	2.367321e+01	6.304821e+01
4.770000e-06	3.361906e-06	9.948037e-10	2.341787e+01	6.261818e+01
4.780000e-06	3.325063e-06	9.820564e-10	2.316124e+01	6.218408e+01
4.790000e-06	3.287974e-06	9.822533e-10	2.290289e+01	6.174583e+01
4.800000e-06	3.250412e-06	9.843273e-10	2.264124e+01	6.130338e+01
4.810000e-06	3.212384e-06	9.768731e-10	2.237635e+01	6.085666e+01
4.820000e-06	3.173879e-06	9.719077e-10	2.210814e+01	6.040559e+01
4.830000e-06	3.134991e-06	9.648590e-10	2.183726e+01	5.995012e+01
4.840000e-06	3.095854e-06	9.503224e-10	2.156465e+01	5.949018e+01
4.850000e-06	3.056440e-06	9.374544e-10	2.129010e+01	5.902572e+01
4.860000e-06	3.016856e-06	9.335226e-10	2.101437e+01	5.855666e+01
4.870000e-06	2.977100e-06	9.263266e-10	2.073745e+01	5.808296e+01
4.880000e-06	2.937175e-06	9.193221e-10	2.045934e+01	5.760455e+01
4.890000e-06	2.897124e-06	9.159230e-10	2.018036e+01	5.712138e+01
4.900000e-06	2.856964e-06	9.112582e-10	1.990062e+01	5.663339e+01
4.910000e-06	2.816671e-06	9.013408e-10	1.961996e+01	5.614054e+01
4.920000e-06	2.776232e-06	8.955930e-10	1.933827e+01	5.564277e+01
4.930000e-06	2.735661e-06	8.900128e-10	1.905567e+01	5.514003e+01
4.940000e-06	2.694860e-06	8.797887e-10	1.877146e+01	5.463228e+01
4.950000e-06	2.653753e-06	8.711557e-10	1.848513e+01	5.411947e+01
4.960000e-06	2.612423e-06	8.664721e-10	1.819724e+01	5.360154e+01
4.970000e-06	2.570965e-06	8.590318e-10	1.790845e+01	5.307846e+01
4.980000e-06	2.529343e-06	8.506207e-10	1.761853e+01	5.255017e+01
4.990000e-06	2.487524e-06	8.447188e-10	1.732723e+01	5.201662e+01
5.000000e-06	2.445587e-06	8.393299e-10	1.703512e+01	5.147776e+01
5.010000e-06	2.403492e-06	8.324293e-10	1.674190e+01	5.093353e+01
5.020000e-06	2.361147e-06	8.241291e-10	1.644693e+01	5.038388e+01
5.030000e-06	2.318646e-06	8.165585e-10	1.615089e+01	4.982874e+01
5.040000e-06	2.276129e-06	8.082010e-10	1.585473e+01	4.926803e+01
5.050000e-06	2.233470e-06	7.992159e-10	1.555758e+01	4.870168e+01
5.060000e-06	2.190614e-06	7.902757e-10	1.525906e+01	4.812961e+01
5.070000e-06	2.147525e-06	7.820641e-10	1.495891e+01	4.755171e+01
5.080000e-06	2.104210e-06	7.736167e-10	1.465720e+01	4.696788e+01
5.090000e-06	2.060772e-06	7.660185e-10	1.435463e+01	4.637800e+01
5.100000e-06	2.017213e-06	7.574791e-10	1.405121e+01	4.578194e+01
5.110000e-06	1.973561e-06	7.490711e-10	1.374714e+01	4.517955e+01
5.120000e-06	1.929803e-06	7.401790e-10	1.344234e+01	4.457068e+01
5.130000e-06	1.885911e-06	7.320447e-10	1.313661e+01	4.395514e+01
5.140000e-06	1.841931e-06	7.230407e-10	1.283025e+01	4.333274e+01
5.150000e-06	1.797929e-06	7.137762e-10	1.252375e+01	4.270326e+01
5.160000e-06	1.753904e-06	7.019744e-10	1.221709e+01	4.206649e+01
5.170000e-06	1.709788e-06	6.931582e-10	1.190979e+01	4.142216e+01
5.180000e-06	1.665582e-06	6.834757e-10	1.160187e+01	4.077000e+01
5.190000e-06	1.621308e-06	6.710588e-10	1.129347e+01	4.010972e+01
5.200000e-06	1.576973e-06	6.608826e-10	1.098465e+01	3.944101e+01
5.210000e-06	1.532590e-06	6.495491e-10	1.067549e+01	3.876354e+01
5.220000e-06	1.488118e-06	6.383197e-10	1.036571e+01	3.807696e+01
5.230000e-06	1.443627e-06	6.262733e-10	1.005581e+01	3.738089e+01
5.240000e-06	1.398998e-06	6.121189e-10	9.744935e+00	3.667494e+01
5.250000e-06	1.354217e-06	5.970839e-10	9.433005e+00	3.595871e+01
5.260000e-06	1.309394e-06	5.839659e-10	9.120787e+00	3.523177e+01
5.270000e-06	1.264495e-06	5.728066e-10	8.808037e+00	3.449368e+01
5.280000e-06	1.219496e-06	5.610345e-10	8.494590e+00	3.374399e+01
5.290000e-06	1.174319e-06	5.499646e-10	8.179899e+00	3.298223e+01
5.300000e-06	1.128909e-06	5.382578e-10	7.863589e+00	3.220794e+01
5.310000e-06	1.083344e-06	5.251911e-10	7.546202e+00	3.142063e+01
5.320000e-06	1.037693e-06	5.113683e-10	7.228214e+00	3.061982e+01
5.330000e-06	9.920160e-07	4.972100e-10	6.910040e+00	2.980504e+01
5.340000e-06	9.462152e-07	4.827593e-10	6.591007e+00	2.897580e+01
5.350000e-06	9.002034e-07	4.671221e-10	6.270505e+00	2.813162e+01
5.360000e-06	8.542922e-07	4.525827e-10	5.950704e+00	2.727205e+01
5.370000e-06	8.084070e-07	4.384084e-10	5.631083e+00	2.639664e+01
5.380000e-06	7.623709e-07	4.252430e-10	5.310412e+00	2.550495e+01
5.390000e-06	7.163722e-07	4.143987e-10	4.990001e+00	2.459658e+01
5.400000e-06	6.704451e-07	4.007078e-10	4.670088e+00	2.367113e+01
5.410000e-06	6.244129e-07	3.850807e-10	4.349444e+00	2.272826e+01
5.420000e-06	5.781539e-07	3.724532e-10	4.027220e+00	2.176764e+01
5.430000e-06	5.317530e-07	3.585162e-10	3.704007e+00	2.078898e+01
5.440000e-06	4.853159e-07	3.426571e-10	3.380542e+00	1.979206e+01
5.450000e-06	4.389795e-07	3.275263e-10	3.057779e+00	1.877666e+01
5.460000e-06	3.926844e-07	3.113625e-10	2.735303e+00	1.774265e+01
5.470000e-06	3.463735e-07	2.924205e-10	2.412718e+00	1.668992e+01
5.480000e-06	2.999609e-07	2.730902e-10	2.089424e+00	1.561844e+01
5.490000e-06	2.534665e-07	2.529143e-10	1.765560e+00	1.452824e+01
5.500000e-06	2.069780e-07	2.359639e-10	1.441737e+00	1.341939e+01
5.510000e-06	1.603548e-07	2.246411e-10	1.116976e+00	1.229205e+01
5.520000e-06	1.137578e-07	2.134258e-10	7.923976e-01	1.114642e+01
5.530000e-06	6.733341e-08	1.970829e-10	4.690212e-01	9.982797e+00
5.540000e-06	2.095229e-08	1.772198e-10	1.459464e-01	8.801530e+00
5.550000e-06	-2.550095e-08	1.567351e-10	-1.776308e-01	7.603045e+00
5.560000e-06	-7.193693e-08	1.336442e-10	-5.010877e-01	6.387839e+00
5.570000e-06	-1.183012e-07	1.099359e-10	-8.240452e-01	5.156480e+00
5.580000e-06	-1.647534e-07	9.077495e-11	-1.147615e+00	3.909606e+00
5.590000e-06	-2.112747e-07	7.606688e-11	-1.471666e+00	2.647928e+00
5.600000e-06	-2.577422e-07	6.309370e-11	-1.795343e+00	1.372225e+00
5.610000e-06	-3.042083e-07	4.625319e-11	-2.119010e+00	8.334187e-02
5.620000e-06	-3.506969e-07	2.473193e-11	-2.442833e+00	-1.217809e+00
5.630000e-06	-3.971487e-07	2.349191e-12	-2.766401e+00	-2.530256e+00
5.640000e-06	-4.434271e-07	-2.179702e-11	-3.088760e+00	-3.852967e+00
5.650000e-06	-4.896556e-07	-4.697672e-11	-3.410771e+00	-5.184855e+00
5.660000e-06	-5.358986e-07	-7.044648e-11	-3.732884e+00	-6.524783e+00
5.670000e-06	-5.820676e-07	-9.343924e-11	-4.054481e+00	-7.871566e+00
5.680000e-06	-6.281671e-07	-1.170838e-10	-4.375594e+00	-9.223979e+00
5.690000e-06	-6.741780e-07	-1.396905e-10	-4.696090e+00	-1.058076e+01
5.700000e-06	-7.201024e-07	-1.629002e-10	-5.015984e+00	-1.194062e+01
5.710000e-06	-7.659646e-07	-1.868128e-10	-5.335444e+00	-1.330223e+01
5.720000e-06	-8.117532e-07	-2.097098e-10	-5.654392e+00	-1.466427e+01
5.730000e-06	-8.575312e-07	-2.316770e-10	-5.973265e+00	-1.602538e+01
5.740000e-06	-9.032952e-07	-2.536947e-10	-6.292042e+00	-1.738421e+01
5.750000e-06	-9.490335e-07	-2.770062e-10	-6.610639e+00	-1.873940e+01
5.760000e-06	-9.946416e-07	-3.011170e-10	-6.928329e+00	-2.008960e+01
5.770000e-06	-1.040067e-06	-3.241428e-10	-7.244749e+00	-2.143349e+01
5.780000e-06	-1.085381e-06	-3.456997e-10	-7.560390e+00	-2.276974e+01
5.790000e-06	-1.130541e-06	-3.690469e-10	-7.874957e+00	-2.409707e+01
5.800000e-06	-1.175616e-06	-3.933574e-10	-8.188935e+00	-2.541421e+01
5.810000e-06	-1.220566e-06	-4.141777e-10	-8.502043e+00	-2.671996e+01
5.820000e-06	-1.265376e-06	-4.341906e-10	-8.814169e+00	-2.801313e+01
5.830000e-06	-1.310116e-06	-4.551545e-10	-9.125816e+00	-2.929261e+01
5.840000e-06	-1.354813e-06	-4.754907e-10	-9.437156e+00	-3.055731e+01
5.850000e-06	-1.399423e-06	-4.942955e-10	-9.747897e+00	-3.180623e+01
5.860000e-06	-1.443913e-06	-5.158360e-10	-1.005780e+01	-3.303842e+01
5.870000e-06	-1.488346e-06	-5.360917e-10	-1.036730e+01	-3.425300e+01
5.880000e-06	-1.532702e-06	-5.552247e-10	-1.067627e+01	-3.544916e+01
5.890000e-06	-1.576983e-06	-5.729438e-10	-1.098472e+01	-3.662616e+01
5.900000e-06	-1.621212e-06	-5.893464e-10	-1.129280e+01	-3.778334e+01
5.910000e-06	-1.665360e-06	-6.067714e-10	-1.160032e+01	-3.892012e+01
5.920000e-06	-1.709449e-06	-6.234192e-10	-1.190743e+01	-4.003600e+01
5.930000e-06	-1.753508e-06	-6.419189e-10	-1.221433e+01	-4.113055e+01
5.940000e-06	-1.797543e-06	-6.620954e-10	-1.252106e+01	-4.220343e+01
5.950000e-06	-1.841504e-06	-6.799884e-10	-1.282728e+01	-4.325437e+01
5.960000e-06	-1.885370e-06	-6.943544e-10	-1.313283e+01	-4.428320e+01
5.970000e-06	-1.929103e-06	-7.079004e-10	-1.343746e+01	-4.528981e+01
5.980000e-06	-1.972695e-06	-7.242911e-10	-1.374111e+01	-4.627416e+01
5.990000e-06	-2.016194e-06	-7.451721e-10	-1.404411e+01	-4.723629e+01
6.000000e-06	-2.059596e-06	-7.652477e-10	-1.434643e+01	-4.817633e+01
6.010000e-06	-2.102804e-06	-7.814716e-10	-1.464741e+01	-4.909445e+01
6.020000e-06	-2.145850e-06	-7.936370e-10	-1.494725e+01	-4.999088e+01
6.030000e-06	-2.188776e-06	-8.035019e-10	-1.524625e+01	-5.086594e+01
6.040000e-06	-2.231538e-06	-8.130993e-10	-1.554412e+01	-5.171998e+01
6.050000e-06	-2.274138e-06	-8.253236e-10	-1.584086e+01	-5.255341e+01
6.060000e-06	-2.316587e-06	-8.383098e-10	-1.613655e+01	-5.336668e+01
6.070000e-06	-2.358904e-06	-8.516654e-10	-1.643131e+01	-5.416028e+01
6.080000e-06	-2.401060e-06	-8.678857e-10	-1.672495e+01	-5.493473e+01
6.090000e-06	-2.443020e-06	-8.853646e-10	-1.701723e+01	-5.569060e+01
6.100000e-06	-2.484796e-06	-8.986350e-10	-1.730823e+01	-5.642847e+01
6.110000e-06	-2.526418e-06	-9.089268e-10	-1.759815e+01	-5.714893e+01
6.120000e-06	-2.567848e-06	-9.186327e-10	-1.788674e+01	-5.785260e+01
6.130000e-06	-2.609100e-06	-9.273803e-10	-1.817408e+01	-5.854009e+01
6.140000e-06	-2.650083e-06	-9.362961e-10	-1.845956e+01	-5.921204e+01
6.150000e-06	-2.690808e-06	-9.469483e-10	-1.874324e+01	-5.986905e+01
6.160000e-06	-2.731433e-06	-9.581889e-10	-1.902622e+01	-6.051176e+01
6.170000e-06	-2.771892e-06	-9.700683e-10	-1.930804e+01	-6.114076e+01
6.180000e-06	-2.812165e-06	-9.852523e-10	-1.958857e+01	-6.175663e+01
6.190000e-06	-2.852291e-06	-9.990060e-10	-1.986807e+01	-6.235996e+01
6.200000e-06	-2.892328e-06	-1.007470e-09	-2.014695e+01	-6.295129e+01
6.210000e-06	-2.932283e-06	-1.012631e-09	-2.042527e+01	-6.353114e+01
6.220000e-06	-2.972106e-06	-1.015165e-09	-2.070266e+01	-6.410000e+01
6.230000e-06	-3.011759e-06	-1.019422e-09	-2.097887e+01	-6.465834e+01
6.240000e-06	-3.051208e-06	-1.028156e-09	-2.125366e+01	-6.520659e+01
6.250000e-06	-3.090504e-06	-1.039154e-09	-2.152738e+01	-6.574514e+01
6.260000e-06	-3.129488e-06	-1.051489e-09	-2.179893e+01	-6.627436e+01
6.270000e-06	-3.168085e-06	-1.063342e-09	-2.206778e+01	-6.679458e+01
6.280000e-06	-3.206297e-06	-1.072237e-09	-2.233395e+01	-6.730608e+01
6.290000e-06	-3.244147e-06	-1.076832e-09	-2.259761e+01	-6.780913e+01
6.300000e-06	-3.281702e-06	-1.079240e-09	-2.285920e+01	-6.830394e+01
6.310000e-06	-3.318827e-06	-1.080987e-09	-2.311780e+01	-6.879071e+01
6.320000e-06	-3.355567e-06	-1.086501e-09	-2.337371e+01	-6.926958e+01
6.330000e-06	-3.392083e-06	-1.093805e-09	-2.362808e+01	-6.974069e+01
6.340000e-06	-3.428453e-06	-1.098837e-09	-2.388142e+01	-7.020413e+01
6.350000e-06	-3.464602e-06	-1.104301e-09	-2.413322e+01	-7.065998e+01
6.360000e-06	-3.500561e-06	-1.113018e-09	-2.438370e+01	-7.110828e+01
6.370000e-06	-3.536399e-06	-1.123380e-09	-2.463333e+01	-7.154905e+01
6.380000e-06	-3.572077e-06	-1.129635e-09	-2.488185e+01	-7.198230e+01
6.390000e-06	-3.607533e-06	-1.133766e-09	-2.512883e+01	-7.240803e+01
6.400000e-06	-3.642722e-06	-1.137381e-09	-2.537394e+01	-7.282622e+01
6.410000e-06	-3.677630e-06	-1.141248e-09	-2.561710e+01	-7.323682e+01
6.420000e-06	-3.712180e-06	-1.146666e-09	-2.585776e+01	-7.363981e+01
6.430000e-06	-3.746478e-06	-1.153607e-09	-2.609667e+01	-7.403515e+01
6.440000e-06	-3.780583e-06	-1.161500e-09	-2.633423e+01	-7.442278e+01
6.450000e-06	-3.814371e-06	-1.167506e-09	-2.656958e+01	-7.480269e+01
6.460000e-06	-3.847902e-06	-1.170911e-09	-2.680316e+01	-7.517482e+01
6.470000e-06	-3.881205e-06	-1.176468e-09	-2.703513e+01	-7.553915e+01
6.480000e-06	-3.914257e-06	-1.183578e-09	-2.726536e+01	-7.589566e+01
6.490000e-06	-3.947054e-06	-1.190384e-09	-2.749381e+01	-7.624435e+01
6.500000e-06	-3.979555e-06	-1.197968e-09	-2.772020e+01	-7.658522e+01
6.510000e-06	-4.011826e-06	-1.205137e-09	-2.794499e+01	-7.691830e+01
6.520000e-06	-4.043955e-06	-1.210535e-09	-2.816879e+01	-7.724361e+01
6.530000e-06	-4.075878e-06	-1.212818e-09	-2.839115e+01	-7.756122e+01
6.540000e-06	-4.107525e-06	-1.217342e-09	-2.861160e+01	-7.787120e+01
6.550000e-06	-4.138910e-06	-1.224336e-09	-2.883021e+01	-7.817363e+01
6.560000e-06	-4.169825e-06	-1.236969e-09	-2.904556e+01	-7.846862e+01
6.570000e-06	-4.200220e-06	-1.249366e-09	-2.925728e+01	-7.875630e+01
6.580000e-06	-4.230259e-06	-1.254414e-09	-2.946652e+01	-7.903681e+01
6.590000e-06	-4.259807e-06	-1.254701e-09	-2.967234e+01	-7.931030e+01
6.600000e-06	-4.288838e-06	-1.254789e-09	-2.987456e+01	-7.957695e+01
6.610000e-06	-4.317494e-06	-1.254936e-09	-3.007417e+01	-7.983695e+01
6.620000e-06	-4.345878e-06	-1.256639e-09	-3.027188e+01	-8.009049e+01
6.630000e-06	-4.374126e-06	-1.261959e-09	-3.046865e+01	-8.033778e+01
6.640000e-06	-4.402264e-06	-1.267232e-09	-3.066465e+01	-8.057905e+01
6.650000e-06	-4.430185e-06	-1.272704e-09	-3.085914e+01	-8.081451e+01
6.660000e-06	-4.457838e-06	-1.279327e-09	-3.105176e+01	-8.104439e+01
6.670000e-06	-4.485226e-06	-1.282735e-09	-3.124253e+01	-8.126892e+01
6.680000e-06	-4.512316e-06	-1.283423e-09	-3.143123e+01	-8.148833e+01
6.690000e-06	-4.539061e-06	-1.283366e-09	-3.161753e+01	-8.170285e+01
6.700000e-06	-4.565394e-06	-1.284558e-09	-3.180095e+01	-8.191270e+01
6.710000e-06	-4.591386e-06	-1.288309e-09	-3.198200e+01	-8.211809e+01
6.720000e-06	-4.617065e-06	-1.293825e-09	-3.216088e+01	-8.231921e+01
6.730000e-06	-4.642384e-06	-1.298916e-09	-3.233724e+01	-8.251628e+01
6.740000e-06	-4.667348e-06	-1.300494e-09	-3.251113e+01	-8.270945e+01
6.750000e-06	-4.691939e-06	-1.301151e-09	-3.268242e+01	-8.289889e+01
6.760000e-06	-4.716244e-06	-1.304095e-09	-3.285172e+01	-8.308474e+01
6.770000e-06	-4.740374e-06	-1.309792e-09	-3.301980e+01	-8.326714e+01
6.780000e-06	-4.764368e-06	-1.315249e-09	-3.318694e+01	-8.344617e+01
6.790000e-06	-4.788114e-06	-1.319853e-09	-3.335234e+01	-8.362192e+01
6.800000e-06	-4.811512e-06	-1.320928e-09	-3.351533e+01	-8.379445e+01
6.810000e-06	-4.834500e-06	-1.319501e-09	-3.367545e+01	-8.396379e+01
6.820000e-06	-4.856968e-06	-1.320586e-09	-3.383196e+01	-8.412997e+01
6.830000e-06	-4.878913e-06	-1.322128e-09	-3.398482e+01	-8.429296e+01
6.840000e-06	-4.900339e-06	-1.322366e-09	-3.413406e+01	-8.445275e+01
6.850000e-06	-4.921220e-06	-1.323439e-09	-3.427951e+01	-8.460927e+01
6.860000e-06	-4.941758e-06	-1.327006e-09	-3.442257e+01	-8.476245e+01
6.870000e-06	-4.962049e-06	-1.328675e-09	-3.456392e+01	-8.491220e+01
6.880000e-06	-4.982066e-06	-1.329307e-09	-3.470335e+01	-8.505840e+01
6.890000e-06	-5.001863e-06	-1.330923e-09	-3.484124e+01	-8.520093e+01
6.900000e-06	-5.021302e-06	-1.331781e-09	-3.497665e+01	-8.533964e+01
6.910000e-06	-5.040374e-06	-1.335365e-09	-3.510950e+01	-8.547437e+01
6.920000e-06	-5.059185e-06	-1.338834e-09	-3.524053e+01	-8.560496e+01
6.930000e-06	-5.077673e-06	-1.341101e-09	-3.536931e+01	-8.573123e+01
6.940000e-06	-5.095840e-06	-1.342224e-09	-3.549586e+01	-8.585301e+01
6.950000e-06	-5.113703e-06	-1.341204e-09	-3.562028e+01	-8.597011e+01
6.960000e-06	-5.131113e-06	-1.337427e-09	-3.574156e+01	-8.608234e+01
6.970000e-06	-5.148097e-06	-1.337200e-09	-3.585986e+01	-8.618953e+01
6.980000e-06	-5.164712e-06	-1.340051e-09	-3.597559e+01	-8.629151e+01
6.990000e-06	-5.181048e-06	-1.342238e-09	-3.608939e+01	-8.638810e+01
7.000000e-06	-5.197186e-06	-1.345979e-09	-3.620180e+01	-8.647914e+01
7.010000e-06	-5.213089e-06	-1.351866e-09	-3.631257e+01	-8.656451e+01
7.020000e-06	-5.228678e-06	-1.353419e-09	-3.642116e+01	-8.664406e+01
7.030000e-06	-5.243733e-06	-1.348843e-09	-3.652603e+01	-8.671768e+01
7.040000e-06	-5.258039e-06	-1.342219e-09	-3.662568e+01	-8.678530e+01
7.050000e-06	-5.271751e-06	-1.336592e-09	-3.672119e+01	-8.684683e+01
7.060000e-06	-5.284941e-06	-1.333656e-09	-3.681307e+01	-8.690224e+01
7.070000e-06	-5.297678e-06	-1.336401e-09	-3.690179e+01	-8.695151e+01
7.080000e-06	-5.310193e-06	-1.342421e-09	-3.698896e+01	-8.699463e+01
7.090000e-06	-5.322403e-06	-1.345855e-09	-3.707402e+01	-8.703165e+01
7.100000e-06	-5.334245e-06	-1.348162e-09	-3.715650e+01	-8.706262e+01
7.110000e-06	-5.345659e-06	-1.346686e-09	-3.723601e+01	-8.708763e+01
7.120000e-06	-5.356619e-06	-1.340922e-09	-3.731236e+01	-8.710679e+01
7.130000e-06	-5.367236e-06	-1.336394e-09	-3.738631e+01	-8.712025e+01
7.140000e-06	-5.377490e-06	-1.333508e-09	-3.745773e+01	-8.712817e+01
7.150000e-06	-5.387363e-06	-1.333746e-09	-3.752650e+01	-8.713075e+01
7.160000e-06	-5.396870e-06	-1.337612e-09	-3.759272e+01	-8.712822e+01
7.170000e-06	-5.405921e-06	-1.340606e-09	-3.765577e+01	-8.712080e+01
7.180000e-06	-5.414489e-06	-1.341923e-09	-3.771546e+01	-8.710876e+01
7.190000e-06	-5.422782e-06	-1.344312e-09	-3.777322e+01	-8.709239e+01
7.200000e-06	-5.430954e-06	-1.348677e-09	-3.783015e+01	-8.707198e+01
7.210000e-06	-5.438797e-06	-1.348554e-09	-3.788478e+01	-8.704785e+01
7.220000e-06	-5.446275e-06	-1.344671e-09	-3.793687e+01	-8.702032e+01
7.230000e-06	-5.453462e-06	-1.342611e-09	-3.798692e+01	-8.698972e+01
7.240000e-06	-5.460195e-06	-1.341105e-09	-3.803383e+01	-8.695641e+01
7.250000e-06	-5.466207e-06	-1.336618e-09	-3.807571e+01	-8.692072e+01
7.260000e-06	-5.471531e-06	-1.334546e-09	-3.811279e+01	-8.688299e+01
7.270000e-06	-5.476391e-06	-1.336108e-09	-3.814664e+01	-8.684358e+01
7.280000e-06	-5.480833e-06	-1.335678e-09	-3.817759e+01	-8.680282e+01
7.290000e-06	-5.484973e-06	-1.333827e-09	-3.820642e+01	-8.676103e+01
7.300000e-06	-5.488949e-06	-1.332079e-09	-3.823412e+01	-8.671853e+01
7.310000e-06	-5.492701e-06	-1.329324e-09	-3.826025e+01	-8.667562e+01
7.320000e-06	-5.496124e-06	-1.326995e-09	-3.828410e+01	-8.663259e+01
7.330000e-06	-5.499110e-06	-1.325826e-09	-3.830489e+01	-8.658971e+01
7.340000e-06	-5.501631e-06	-1.325470e-09	-3.832245e+01	-8.654721e+01
7.350000e-06	-5.503800e-06	-1.324528e-09	-3.833757e+01	-8.650532e+01
7.360000e-06	-5.505676e-06	-1.322734e-09	-3.835064e+01	-8.646422e+01
7.370000e-06	-5.507196e-06	-1.321017e-09	-3.836122e+01	-8.642409e+01
7.380000e-06	-5.508262e-06	-1.316122e-09	-3.836864e+01	-8.638505e+01
7.390000e-06	-5.508973e-06	-1.310790e-09	-3.837360e+01	-8.634720e+01
7.400000e-06	-5.509392e-06	-1.307995e-09	-3.837651e+01	-8.631063e+01
