# Temperatura_=_3.49
# Concentracion g/m^3_=_1620.0
# C_Vs_to_Am_M_A/Vsm_=_65563218390.804596
# pendiente_HvsI_1/m_=_3716.3
# ordenada_HvsI_A/m_=_1297.0
# frecuencia_Hz_=_135092.53303662364

Tiempo_(s)	Campo_(V.s)	Magnetizacion_(V.s)	Campo_(kA/m)	Magnetizacion_(A/m)
0.000000e+00	-5.531918e-06	-1.274511e-09	-3.837925e+01	-8.404037e+01
1.000000e-08	-5.532131e-06	-1.272588e-09	-3.838073e+01	-8.402569e+01
2.000000e-08	-5.532084e-06	-1.277350e-09	-3.838040e+01	-8.401253e+01
3.000000e-08	-5.531662e-06	-1.282221e-09	-3.837747e+01	-8.400071e+01
4.000000e-08	-5.530787e-06	-1.277336e-09	-3.837141e+01	-8.399006e+01
5.000000e-08	-5.529398e-06	-1.260808e-09	-3.836177e+01	-8.398035e+01
6.000000e-08	-5.527410e-06	-1.245857e-09	-3.834797e+01	-8.397133e+01
7.000000e-08	-5.524713e-06	-1.274256e-09	-3.832926e+01	-8.396272e+01
8.000000e-08	-5.521466e-06	-1.342295e-09	-3.830674e+01	-8.395423e+01
9.000000e-08	-5.517815e-06	-1.363508e-09	-3.828140e+01	-8.394551e+01
1.000000e-07	-5.513724e-06	-1.266641e-09	-3.825302e+01	-8.393622e+01
1.100000e-07	-5.509407e-06	-1.249109e-09	-3.822308e+01	-8.392600e+01
1.200000e-07	-5.504895e-06	-1.249289e-09	-3.819177e+01	-8.391446e+01
1.300000e-07	-5.500036e-06	-1.316330e-09	-3.815806e+01	-8.390120e+01
1.400000e-07	-5.494786e-06	-1.262652e-09	-3.812164e+01	-8.388583e+01
1.500000e-07	-5.489181e-06	-1.216569e-09	-3.808275e+01	-8.386793e+01
1.600000e-07	-5.483186e-06	-1.242499e-09	-3.804116e+01	-8.384710e+01
1.700000e-07	-5.476701e-06	-1.311979e-09	-3.799617e+01	-8.382293e+01
1.800000e-07	-5.469893e-06	-1.317612e-09	-3.794894e+01	-8.379501e+01
1.900000e-07	-5.462745e-06	-1.231792e-09	-3.789934e+01	-8.376294e+01
2.000000e-07	-5.455213e-06	-1.231438e-09	-3.784709e+01	-8.372634e+01
2.100000e-07	-5.447472e-06	-1.280827e-09	-3.779338e+01	-8.368485e+01
2.200000e-07	-5.439412e-06	-1.327720e-09	-3.773746e+01	-8.363809e+01
2.300000e-07	-5.431056e-06	-1.268001e-09	-3.767949e+01	-8.358575e+01
2.400000e-07	-5.422240e-06	-1.276329e-09	-3.761833e+01	-8.352750e+01
2.500000e-07	-5.412724e-06	-1.293840e-09	-3.755231e+01	-8.346306e+01
2.600000e-07	-5.402586e-06	-1.318388e-09	-3.748197e+01	-8.339217e+01
2.700000e-07	-5.391862e-06	-1.257219e-09	-3.740757e+01	-8.331459e+01
2.800000e-07	-5.380622e-06	-1.267375e-09	-3.732959e+01	-8.323012e+01
2.900000e-07	-5.368962e-06	-1.293749e-09	-3.724870e+01	-8.313859e+01
3.000000e-07	-5.356971e-06	-1.293868e-09	-3.716551e+01	-8.303985e+01
3.100000e-07	-5.344593e-06	-1.233795e-09	-3.707963e+01	-8.293380e+01
3.200000e-07	-5.331821e-06	-1.260438e-09	-3.699102e+01	-8.282035e+01
3.300000e-07	-5.318666e-06	-1.289909e-09	-3.689975e+01	-8.269946e+01
3.400000e-07	-5.305094e-06	-1.269910e-09	-3.680560e+01	-8.257113e+01
3.500000e-07	-5.291152e-06	-1.238665e-09	-3.670886e+01	-8.243536e+01
3.600000e-07	-5.276889e-06	-1.276443e-09	-3.660991e+01	-8.229222e+01
3.700000e-07	-5.262211e-06	-1.262999e-09	-3.650808e+01	-8.214177e+01
3.800000e-07	-5.246875e-06	-1.222570e-09	-3.640169e+01	-8.198412e+01
3.900000e-07	-5.230889e-06	-1.248360e-09	-3.629078e+01	-8.181940e+01
4.000000e-07	-5.214512e-06	-1.260055e-09	-3.617716e+01	-8.164778e+01
4.100000e-07	-5.197834e-06	-1.218224e-09	-3.606145e+01	-8.146943e+01
4.200000e-07	-5.180710e-06	-1.215412e-09	-3.594264e+01	-8.128454e+01
4.300000e-07	-5.163306e-06	-1.273627e-09	-3.582190e+01	-8.109333e+01
4.400000e-07	-5.145670e-06	-1.241476e-09	-3.569955e+01	-8.089604e+01
4.500000e-07	-5.127585e-06	-1.215241e-09	-3.557407e+01	-8.069290e+01
4.600000e-07	-5.109032e-06	-1.241423e-09	-3.544536e+01	-8.048416e+01
4.700000e-07	-5.090129e-06	-1.243047e-09	-3.531421e+01	-8.027009e+01
4.800000e-07	-5.070908e-06	-1.195926e-09	-3.518086e+01	-8.005095e+01
4.900000e-07	-5.051306e-06	-1.233688e-09	-3.504487e+01	-7.982699e+01
5.000000e-07	-5.031486e-06	-1.235691e-09	-3.490736e+01	-7.959848e+01
5.100000e-07	-5.011481e-06	-1.190874e-09	-3.476857e+01	-7.936569e+01
5.200000e-07	-4.991226e-06	-1.194381e-09	-3.462805e+01	-7.912885e+01
5.300000e-07	-4.970691e-06	-1.248544e-09	-3.448558e+01	-7.888822e+01
5.400000e-07	-4.949764e-06	-1.210113e-09	-3.434039e+01	-7.864403e+01
5.500000e-07	-4.928460e-06	-1.191725e-09	-3.419259e+01	-7.839649e+01
5.600000e-07	-4.906843e-06	-1.210181e-09	-3.404262e+01	-7.814582e+01
5.700000e-07	-4.884862e-06	-1.204656e-09	-3.389012e+01	-7.789219e+01
5.800000e-07	-4.862477e-06	-1.177802e-09	-3.373481e+01	-7.763580e+01
5.900000e-07	-4.839778e-06	-1.204736e-09	-3.357733e+01	-7.737678e+01
6.000000e-07	-4.816705e-06	-1.195307e-09	-3.341726e+01	-7.711527e+01
6.100000e-07	-4.793318e-06	-1.166986e-09	-3.325500e+01	-7.685139e+01
6.200000e-07	-4.769703e-06	-1.172123e-09	-3.309116e+01	-7.658522e+01
6.300000e-07	-4.745837e-06	-1.172681e-09	-3.292559e+01	-7.631685e+01
6.400000e-07	-4.721783e-06	-1.145132e-09	-3.275871e+01	-7.604632e+01
6.500000e-07	-4.697436e-06	-1.154527e-09	-3.258979e+01	-7.577367e+01
6.600000e-07	-4.672630e-06	-1.164113e-09	-3.241770e+01	-7.549890e+01
6.700000e-07	-4.647267e-06	-1.141873e-09	-3.224173e+01	-7.522202e+01
6.800000e-07	-4.621315e-06	-1.139758e-09	-3.206169e+01	-7.494299e+01
6.900000e-07	-4.594807e-06	-1.149335e-09	-3.187777e+01	-7.466177e+01
7.000000e-07	-4.567885e-06	-1.130902e-09	-3.169100e+01	-7.437831e+01
7.100000e-07	-4.540676e-06	-1.117346e-09	-3.150223e+01	-7.409253e+01
7.200000e-07	-4.513189e-06	-1.132850e-09	-3.131153e+01	-7.380434e+01
7.300000e-07	-4.485464e-06	-1.122847e-09	-3.111918e+01	-7.351366e+01
7.400000e-07	-4.457546e-06	-1.112793e-09	-3.092549e+01	-7.322036e+01
7.500000e-07	-4.429446e-06	-1.115415e-09	-3.073054e+01	-7.292435e+01
7.600000e-07	-4.401040e-06	-1.109135e-09	-3.053346e+01	-7.262549e+01
7.700000e-07	-4.372282e-06	-1.082883e-09	-3.033395e+01	-7.232367e+01
7.800000e-07	-4.343178e-06	-1.086971e-09	-3.013203e+01	-7.201875e+01
7.900000e-07	-4.313707e-06	-1.091584e-09	-2.992757e+01	-7.171062e+01
8.000000e-07	-4.283921e-06	-1.080930e-09	-2.972092e+01	-7.139913e+01
8.100000e-07	-4.253912e-06	-1.069790e-09	-2.951272e+01	-7.108418e+01
8.200000e-07	-4.223699e-06	-1.076517e-09	-2.930311e+01	-7.076564e+01
8.300000e-07	-4.193125e-06	-1.060216e-09	-2.909100e+01	-7.044340e+01
8.400000e-07	-4.162283e-06	-1.047545e-09	-2.887702e+01	-7.011734e+01
8.500000e-07	-4.131176e-06	-1.043313e-09	-2.866120e+01	-6.978739e+01
8.600000e-07	-4.099800e-06	-1.042192e-09	-2.844352e+01	-6.945343e+01
8.700000e-07	-4.068160e-06	-1.028824e-09	-2.822401e+01	-6.911541e+01
8.800000e-07	-4.036354e-06	-1.031058e-09	-2.800335e+01	-6.877324e+01
8.900000e-07	-4.004500e-06	-1.031505e-09	-2.778235e+01	-6.842688e+01
9.000000e-07	-3.972390e-06	-1.018780e-09	-2.755958e+01	-6.807629e+01
9.100000e-07	-3.939931e-06	-1.005369e-09	-2.733439e+01	-6.772142e+01
9.200000e-07	-3.907109e-06	-1.001871e-09	-2.710668e+01	-6.736226e+01
9.300000e-07	-3.873862e-06	-9.909275e-10	-2.687601e+01	-6.699880e+01
9.400000e-07	-3.840093e-06	-9.818949e-10	-2.664173e+01	-6.663106e+01
9.500000e-07	-3.805847e-06	-9.839492e-10	-2.640415e+01	-6.625904e+01
9.600000e-07	-3.771230e-06	-9.816292e-10	-2.616398e+01	-6.588276e+01
9.700000e-07	-3.736290e-06	-9.701584e-10	-2.592157e+01	-6.550228e+01
9.800000e-07	-3.700971e-06	-9.627550e-10	-2.567654e+01	-6.511763e+01
9.900000e-07	-3.665363e-06	-9.606267e-10	-2.542949e+01	-6.472886e+01
1.000000e-06	-3.629658e-06	-9.504203e-10	-2.518178e+01	-6.433604e+01
1.010000e-06	-3.593886e-06	-9.435303e-10	-2.493360e+01	-6.393923e+01
1.020000e-06	-3.557982e-06	-9.417412e-10	-2.468451e+01	-6.353851e+01
1.030000e-06	-3.521909e-06	-9.377847e-10	-2.443424e+01	-6.313395e+01
1.040000e-06	-3.485615e-06	-9.279223e-10	-2.418244e+01	-6.272562e+01
1.050000e-06	-3.449094e-06	-9.236709e-10	-2.392907e+01	-6.231360e+01
1.060000e-06	-3.412352e-06	-9.147471e-10	-2.367416e+01	-6.189796e+01
1.070000e-06	-3.375249e-06	-9.044908e-10	-2.341675e+01	-6.147878e+01
1.080000e-06	-3.337808e-06	-8.958159e-10	-2.315699e+01	-6.105613e+01
1.090000e-06	-3.300134e-06	-8.930672e-10	-2.289561e+01	-6.063007e+01
1.100000e-06	-3.262220e-06	-8.842642e-10	-2.263258e+01	-6.020066e+01
1.110000e-06	-3.224091e-06	-8.791036e-10	-2.236805e+01	-5.976796e+01
1.120000e-06	-3.185808e-06	-8.732927e-10	-2.210245e+01	-5.933199e+01
1.130000e-06	-3.147259e-06	-8.677045e-10	-2.183500e+01	-5.889280e+01
1.140000e-06	-3.108480e-06	-8.595422e-10	-2.156596e+01	-5.845041e+01
1.150000e-06	-3.069466e-06	-8.532313e-10	-2.129529e+01	-5.800482e+01
1.160000e-06	-3.030172e-06	-8.446546e-10	-2.102268e+01	-5.755604e+01
1.170000e-06	-2.990719e-06	-8.380310e-10	-2.074896e+01	-5.710405e+01
1.180000e-06	-2.951141e-06	-8.323151e-10	-2.047438e+01	-5.664882e+01
1.190000e-06	-2.911466e-06	-8.266438e-10	-2.019912e+01	-5.619031e+01
1.200000e-06	-2.871664e-06	-8.166451e-10	-1.992298e+01	-5.572846e+01
1.210000e-06	-2.831735e-06	-8.094374e-10	-1.964596e+01	-5.526320e+01
1.220000e-06	-2.791719e-06	-8.036597e-10	-1.936834e+01	-5.479446e+01
1.230000e-06	-2.751566e-06	-7.949036e-10	-1.908977e+01	-5.432211e+01
1.240000e-06	-2.711261e-06	-7.848871e-10	-1.881014e+01	-5.384606e+01
1.250000e-06	-2.670664e-06	-7.758554e-10	-1.852849e+01	-5.336617e+01
1.260000e-06	-2.629704e-06	-7.659081e-10	-1.824432e+01	-5.288230e+01
1.270000e-06	-2.588499e-06	-7.542157e-10	-1.795845e+01	-5.239430e+01
1.280000e-06	-2.547120e-06	-7.469856e-10	-1.767137e+01	-5.190198e+01
1.290000e-06	-2.505515e-06	-7.418095e-10	-1.738272e+01	-5.140517e+01
1.300000e-06	-2.463557e-06	-7.335757e-10	-1.709162e+01	-5.090366e+01
1.310000e-06	-2.421287e-06	-7.223150e-10	-1.679837e+01	-5.039726e+01
1.320000e-06	-2.378697e-06	-7.110207e-10	-1.650289e+01	-4.988574e+01
1.330000e-06	-2.335711e-06	-6.993232e-10	-1.620466e+01	-4.936887e+01
1.340000e-06	-2.292508e-06	-6.906470e-10	-1.590492e+01	-4.884639e+01
1.350000e-06	-2.249213e-06	-6.831411e-10	-1.560456e+01	-4.831808e+01
1.360000e-06	-2.205701e-06	-6.766344e-10	-1.530268e+01	-4.778365e+01
1.370000e-06	-2.162052e-06	-6.682495e-10	-1.499985e+01	-4.724283e+01
1.380000e-06	-2.118389e-06	-6.622600e-10	-1.469693e+01	-4.669536e+01
1.390000e-06	-2.074612e-06	-6.545409e-10	-1.439321e+01	-4.614093e+01
1.400000e-06	-2.030726e-06	-6.434532e-10	-1.408874e+01	-4.557925e+01
1.410000e-06	-1.986721e-06	-6.304109e-10	-1.378344e+01	-4.501002e+01
1.420000e-06	-1.942613e-06	-6.219163e-10	-1.347743e+01	-4.443292e+01
1.430000e-06	-1.898465e-06	-6.141247e-10	-1.317114e+01	-4.384765e+01
1.440000e-06	-1.854239e-06	-6.061934e-10	-1.286431e+01	-4.325387e+01
1.450000e-06	-1.809984e-06	-5.979230e-10	-1.255728e+01	-4.265126e+01
1.460000e-06	-1.765606e-06	-5.890055e-10	-1.224939e+01	-4.203948e+01
1.470000e-06	-1.721118e-06	-5.766867e-10	-1.194074e+01	-4.141820e+01
1.480000e-06	-1.676507e-06	-5.639503e-10	-1.163124e+01	-4.078708e+01
1.490000e-06	-1.631583e-06	-5.518879e-10	-1.131957e+01	-4.014575e+01
1.500000e-06	-1.586568e-06	-5.418307e-10	-1.100727e+01	-3.949389e+01
1.510000e-06	-1.541545e-06	-5.345469e-10	-1.069490e+01	-3.883112e+01
1.520000e-06	-1.496397e-06	-5.281256e-10	-1.038168e+01	-3.815710e+01
1.530000e-06	-1.451050e-06	-5.198608e-10	-1.006707e+01	-3.747146e+01
1.540000e-06	-1.405544e-06	-5.083810e-10	-9.751360e+00	-3.677386e+01
1.550000e-06	-1.360005e-06	-4.925998e-10	-9.435418e+00	-3.606392e+01
1.560000e-06	-1.314375e-06	-4.770308e-10	-9.118851e+00	-3.534129e+01
1.570000e-06	-1.268674e-06	-4.630612e-10	-8.801788e+00	-3.460560e+01
1.580000e-06	-1.222915e-06	-4.513617e-10	-8.484323e+00	-3.385651e+01
1.590000e-06	-1.177042e-06	-4.430541e-10	-8.166065e+00	-3.309367e+01
1.600000e-06	-1.131073e-06	-4.342312e-10	-7.847142e+00	-3.231671e+01
1.610000e-06	-1.085061e-06	-4.228114e-10	-7.527918e+00	-3.152531e+01
1.620000e-06	-1.038909e-06	-4.084585e-10	-7.207723e+00	-3.071913e+01
1.630000e-06	-9.926849e-07	-3.957560e-10	-6.887033e+00	-2.989784e+01
1.640000e-06	-9.464332e-07	-3.842928e-10	-6.566149e+00	-2.906112e+01
1.650000e-06	-9.000126e-07	-3.701549e-10	-6.244093e+00	-2.820869e+01
1.660000e-06	-8.536333e-07	-3.554792e-10	-5.922323e+00	-2.734024e+01
1.670000e-06	-8.073831e-07	-3.414975e-10	-5.601449e+00	-2.645551e+01
1.680000e-06	-7.609970e-07	-3.259584e-10	-5.279632e+00	-2.555426e+01
1.690000e-06	-7.144752e-07	-3.128274e-10	-4.956874e+00	-2.463625e+01
1.700000e-06	-6.679686e-07	-2.993910e-10	-4.634222e+00	-2.370126e+01
1.710000e-06	-6.213704e-07	-2.846732e-10	-4.310933e+00	-2.274914e+01
1.720000e-06	-5.746750e-07	-2.678651e-10	-3.986971e+00	-2.177971e+01
1.730000e-06	-5.279102e-07	-2.495712e-10	-3.662527e+00	-2.079287e+01
1.740000e-06	-4.810600e-07	-2.295980e-10	-3.337490e+00	-1.978853e+01
1.750000e-06	-4.342223e-07	-2.123892e-10	-3.012540e+00	-1.876662e+01
1.760000e-06	-3.873590e-07	-1.984854e-10	-2.687413e+00	-1.772714e+01
1.770000e-06	-3.404877e-07	-1.882133e-10	-2.362230e+00	-1.667012e+01
1.780000e-06	-2.934747e-07	-1.781913e-10	-2.036064e+00	-1.559563e+01
1.790000e-06	-2.464309e-07	-1.647252e-10	-1.709684e+00	-1.450377e+01
1.800000e-06	-1.995197e-07	-1.478969e-10	-1.384225e+00	-1.339471e+01
1.810000e-06	-1.526094e-07	-1.280609e-10	-1.058771e+00	-1.226867e+01
1.820000e-06	-1.057335e-07	-1.102384e-10	-7.335560e-01	-1.112590e+01
1.830000e-06	-5.886402e-08	-9.738328e-11	-4.083858e-01	-9.966706e+00
1.840000e-06	-1.196911e-08	-8.616053e-11	-8.303911e-02	-8.791466e+00
1.850000e-06	3.500575e-08	-7.249413e-11	2.428623e-01	-7.600596e+00
1.860000e-06	8.198726e-08	-5.753271e-11	5.688099e-01	-6.394568e+00
1.870000e-06	1.288874e-07	-3.843852e-11	8.941929e-01	-5.173913e+00
1.880000e-06	1.757369e-07	-1.627859e-11	1.219225e+00	-3.939216e+00
1.890000e-06	2.226223e-07	5.464245e-12	1.544505e+00	-2.691116e+00
1.900000e-06	2.695028e-07	2.484813e-11	1.869752e+00	-1.430308e+00
1.910000e-06	3.163070e-07	4.228471e-11	2.194469e+00	-1.575385e-01
1.920000e-06	3.630927e-07	5.856963e-11	2.519059e+00	1.126391e+00
1.930000e-06	4.098743e-07	7.377510e-11	2.843619e+00	2.420631e+00
1.940000e-06	4.565986e-07	9.073451e-11	3.167783e+00	3.724281e+00
1.950000e-06	5.032720e-07	1.108522e-10	3.491592e+00	5.036395e+00
1.960000e-06	5.499206e-07	1.324226e-10	3.815230e+00	6.355984e+00
1.970000e-06	5.965697e-07	1.517633e-10	4.138871e+00	7.682018e+00
1.980000e-06	6.431813e-07	1.678569e-10	4.462253e+00	9.013428e+00
1.990000e-06	6.897288e-07	1.856616e-10	4.785189e+00	1.034911e+01
2.000000e-06	7.362363e-07	2.035452e-10	5.107848e+00	1.168794e+01
2.010000e-06	7.826225e-07	2.209356e-10	5.429666e+00	1.302876e+01
2.020000e-06	8.288811e-07	2.409167e-10	5.750598e+00	1.437039e+01
2.030000e-06	8.751505e-07	2.622604e-10	6.071605e+00	1.571163e+01
2.040000e-06	9.214460e-07	2.821684e-10	6.392793e+00	1.705128e+01
2.050000e-06	9.676562e-07	2.999149e-10	6.713389e+00	1.838812e+01
2.060000e-06	1.013837e-06	3.170531e-10	7.033784e+00	1.972095e+01
2.070000e-06	1.059921e-06	3.357940e-10	7.353500e+00	2.104854e+01
2.080000e-06	1.105857e-06	3.558896e-10	7.672197e+00	2.236970e+01
2.090000e-06	1.151736e-06	3.762429e-10	7.990493e+00	2.368324e+01
2.100000e-06	1.197488e-06	3.961723e-10	8.307912e+00	2.498799e+01
2.110000e-06	1.243150e-06	4.130402e-10	8.624707e+00	2.628281e+01
2.120000e-06	1.288785e-06	4.276947e-10	8.941314e+00	2.756657e+01
2.130000e-06	1.334331e-06	4.440061e-10	9.257297e+00	2.883820e+01
2.140000e-06	1.379803e-06	4.616184e-10	9.572771e+00	3.009665e+01
2.150000e-06	1.425096e-06	4.792883e-10	9.887009e+00	3.134094e+01
2.160000e-06	1.470253e-06	4.970950e-10	1.020030e+01	3.257010e+01
2.170000e-06	1.515321e-06	5.142370e-10	1.051297e+01	3.378323e+01
2.180000e-06	1.560341e-06	5.333911e-10	1.082531e+01	3.497950e+01
2.190000e-06	1.605303e-06	5.513401e-10	1.113724e+01	3.615812e+01
2.200000e-06	1.650121e-06	5.675722e-10	1.144818e+01	3.731835e+01
2.210000e-06	1.694776e-06	5.824260e-10	1.175799e+01	3.845955e+01
2.220000e-06	1.739194e-06	5.957158e-10	1.206615e+01	3.958111e+01
2.230000e-06	1.783448e-06	6.114213e-10	1.237317e+01	4.068251e+01
2.240000e-06	1.827579e-06	6.261573e-10	1.267935e+01	4.176329e+01
2.250000e-06	1.871666e-06	6.398492e-10	1.298521e+01	4.282306e+01
2.260000e-06	1.915700e-06	6.538343e-10	1.329071e+01	4.386150e+01
2.270000e-06	1.959717e-06	6.702596e-10	1.359609e+01	4.487835e+01
2.280000e-06	2.003684e-06	6.868640e-10	1.390112e+01	4.587345e+01
2.290000e-06	2.047565e-06	7.014656e-10	1.420556e+01	4.684667e+01
2.300000e-06	2.091417e-06	7.139350e-10	1.450980e+01	4.779798e+01
2.310000e-06	2.135175e-06	7.247370e-10	1.481338e+01	4.872738e+01
2.320000e-06	2.178844e-06	7.357497e-10	1.511635e+01	4.963496e+01
2.330000e-06	2.222395e-06	7.460822e-10	1.541850e+01	5.052086e+01
2.340000e-06	2.265781e-06	7.602724e-10	1.571950e+01	5.138527e+01
2.350000e-06	2.308970e-06	7.783963e-10	1.601913e+01	5.222845e+01
2.360000e-06	2.351910e-06	7.971726e-10	1.631705e+01	5.305071e+01
2.370000e-06	2.394617e-06	8.113035e-10	1.661334e+01	5.385237e+01
2.380000e-06	2.437029e-06	8.196607e-10	1.690758e+01	5.463385e+01
2.390000e-06	2.479110e-06	8.268607e-10	1.719953e+01	5.539555e+01
2.400000e-06	2.520992e-06	8.329984e-10	1.749010e+01	5.613795e+01
2.410000e-06	2.562567e-06	8.383722e-10	1.777854e+01	5.686154e+01
2.420000e-06	2.603725e-06	8.483901e-10	1.806408e+01	5.756682e+01
2.430000e-06	2.644566e-06	8.629779e-10	1.834743e+01	5.825435e+01
2.440000e-06	2.685095e-06	8.771099e-10	1.862861e+01	5.892465e+01
2.450000e-06	2.725474e-06	8.870126e-10	1.890875e+01	5.957831e+01
2.460000e-06	2.765769e-06	8.947874e-10	1.918831e+01	6.021589e+01
2.470000e-06	2.805902e-06	9.016376e-10	1.946674e+01	6.083796e+01
2.480000e-06	2.845832e-06	9.074013e-10	1.974376e+01	6.144510e+01
2.490000e-06	2.885647e-06	9.155990e-10	2.002000e+01	6.203786e+01
2.500000e-06	2.925401e-06	9.249530e-10	2.029580e+01	6.261682e+01
2.510000e-06	2.964938e-06	9.343502e-10	2.057010e+01	6.318251e+01
2.520000e-06	3.004309e-06	9.438700e-10	2.084324e+01	6.373547e+01
2.530000e-06	3.043614e-06	9.510650e-10	2.111593e+01	6.427621e+01
2.540000e-06	3.082745e-06	9.563363e-10	2.138742e+01	6.480522e+01
2.550000e-06	3.121491e-06	9.608740e-10	2.165623e+01	6.532298e+01
2.560000e-06	3.159928e-06	9.682525e-10	2.192290e+01	6.582992e+01
2.570000e-06	3.198178e-06	9.772429e-10	2.218827e+01	6.632648e+01
2.580000e-06	3.236198e-06	9.839772e-10	2.245204e+01	6.681305e+01
2.590000e-06	3.274043e-06	9.897775e-10	2.271460e+01	6.728999e+01
2.600000e-06	3.311706e-06	9.945326e-10	2.297590e+01	6.775765e+01
2.610000e-06	3.349105e-06	9.981013e-10	2.323537e+01	6.821633e+01
2.620000e-06	3.386281e-06	1.002447e-09	2.349328e+01	6.866631e+01
2.630000e-06	3.423186e-06	1.008754e-09	2.374933e+01	6.910786e+01
2.640000e-06	3.459774e-06	1.015639e-09	2.400317e+01	6.954120e+01
2.650000e-06	3.496136e-06	1.023356e-09	2.425543e+01	6.996653e+01
2.660000e-06	3.532332e-06	1.031254e-09	2.450655e+01	7.038404e+01
2.670000e-06	3.568335e-06	1.037335e-09	2.475633e+01	7.079388e+01
2.680000e-06	3.604193e-06	1.043127e-09	2.500511e+01	7.119618e+01
2.690000e-06	3.639963e-06	1.050149e-09	2.525328e+01	7.159107e+01
2.700000e-06	3.675637e-06	1.055106e-09	2.550078e+01	7.197865e+01
2.710000e-06	3.711107e-06	1.056985e-09	2.574686e+01	7.235898e+01
2.720000e-06	3.746325e-06	1.059576e-09	2.599119e+01	7.273216e+01
2.730000e-06	3.781220e-06	1.064635e-09	2.623329e+01	7.309823e+01
2.740000e-06	3.815647e-06	1.071485e-09	2.647214e+01	7.345725e+01
2.750000e-06	3.849566e-06	1.078543e-09	2.670745e+01	7.380926e+01
2.760000e-06	3.882912e-06	1.083885e-09	2.693880e+01	7.415430e+01
2.770000e-06	3.915858e-06	1.089629e-09	2.716738e+01	7.449242e+01
2.780000e-06	3.948466e-06	1.095553e-09	2.739360e+01	7.482364e+01
2.790000e-06	3.980733e-06	1.100602e-09	2.761747e+01	7.514800e+01
2.800000e-06	4.012774e-06	1.103773e-09	2.783976e+01	7.546555e+01
2.810000e-06	4.044653e-06	1.105333e-09	2.806093e+01	7.577633e+01
2.820000e-06	4.076436e-06	1.109335e-09	2.828143e+01	7.608039e+01
2.830000e-06	4.108013e-06	1.117447e-09	2.850051e+01	7.637779e+01
2.840000e-06	4.139282e-06	1.127844e-09	2.871745e+01	7.666860e+01
2.850000e-06	4.170339e-06	1.136500e-09	2.893291e+01	7.695287e+01
2.860000e-06	4.201072e-06	1.141300e-09	2.914613e+01	7.723070e+01
2.870000e-06	4.231401e-06	1.142684e-09	2.935655e+01	7.750218e+01
2.880000e-06	4.261459e-06	1.143415e-09	2.956508e+01	7.776740e+01
2.890000e-06	4.291239e-06	1.145884e-09	2.977169e+01	7.802647e+01
2.900000e-06	4.320774e-06	1.150627e-09	2.997659e+01	7.827950e+01
2.910000e-06	4.350075e-06	1.156945e-09	3.017988e+01	7.852661e+01
2.920000e-06	4.379042e-06	1.164809e-09	3.038084e+01	7.876794e+01
2.930000e-06	4.407689e-06	1.172372e-09	3.057959e+01	7.900361e+01
2.940000e-06	4.436060e-06	1.176374e-09	3.077642e+01	7.923376e+01
2.950000e-06	4.464165e-06	1.177263e-09	3.097141e+01	7.945853e+01
2.960000e-06	4.492089e-06	1.178014e-09	3.116514e+01	7.967807e+01
2.970000e-06	4.519839e-06	1.179264e-09	3.135767e+01	7.989251e+01
2.980000e-06	4.547409e-06	1.181639e-09	3.154894e+01	8.010199e+01
2.990000e-06	4.574718e-06	1.185951e-09	3.173841e+01	8.030666e+01
3.000000e-06	4.601567e-06	1.188429e-09	3.192468e+01	8.050664e+01
3.010000e-06	4.627834e-06	1.187366e-09	3.210691e+01	8.070207e+01
3.020000e-06	4.653543e-06	1.188282e-09	3.228527e+01	8.089306e+01
3.030000e-06	4.678739e-06	1.193690e-09	3.246008e+01	8.107971e+01
3.040000e-06	4.703501e-06	1.199641e-09	3.263187e+01	8.126214e+01
3.050000e-06	4.727855e-06	1.201500e-09	3.280083e+01	8.144043e+01
3.060000e-06	4.751907e-06	1.201361e-09	3.296770e+01	8.161466e+01
3.070000e-06	4.775764e-06	1.202379e-09	3.313322e+01	8.178488e+01
3.080000e-06	4.799316e-06	1.203226e-09	3.329662e+01	8.195115e+01
3.090000e-06	4.822523e-06	1.205342e-09	3.345762e+01	8.211350e+01
3.100000e-06	4.845352e-06	1.208715e-09	3.361600e+01	8.227195e+01
3.110000e-06	4.867824e-06	1.209805e-09	3.377191e+01	8.242650e+01
3.120000e-06	4.889993e-06	1.210107e-09	3.392571e+01	8.257714e+01
3.130000e-06	4.911893e-06	1.212570e-09	3.407765e+01	8.272384e+01
3.140000e-06	4.933462e-06	1.217003e-09	3.422729e+01	8.286655e+01
3.150000e-06	4.954640e-06	1.221954e-09	3.437422e+01	8.300524e+01
3.160000e-06	4.975389e-06	1.226055e-09	3.451817e+01	8.313981e+01
3.170000e-06	4.995777e-06	1.228808e-09	3.465962e+01	8.327021e+01
3.180000e-06	5.015961e-06	1.229833e-09	3.479965e+01	8.339632e+01
3.190000e-06	5.035949e-06	1.230789e-09	3.493832e+01	8.351807e+01
3.200000e-06	5.055724e-06	1.232632e-09	3.507552e+01	8.363533e+01
3.210000e-06	5.075274e-06	1.234961e-09	3.521115e+01	8.374800e+01
3.220000e-06	5.094505e-06	1.238663e-09	3.534457e+01	8.385597e+01
3.230000e-06	5.113384e-06	1.243512e-09	3.547555e+01	8.395911e+01
3.240000e-06	5.131786e-06	1.245392e-09	3.560322e+01	8.405732e+01
3.250000e-06	5.149662e-06	1.242235e-09	3.572724e+01	8.415048e+01
3.260000e-06	5.167146e-06	1.239486e-09	3.584854e+01	8.423848e+01
3.270000e-06	5.184314e-06	1.243342e-09	3.596765e+01	8.432122e+01
3.280000e-06	5.201249e-06	1.252151e-09	3.608514e+01	8.439862e+01
3.290000e-06	5.217905e-06	1.259919e-09	3.620070e+01	8.447059e+01
3.300000e-06	5.234109e-06	1.263428e-09	3.631311e+01	8.453708e+01
3.310000e-06	5.249831e-06	1.261972e-09	3.642219e+01	8.459803e+01
3.320000e-06	5.264992e-06	1.257880e-09	3.652737e+01	8.465340e+01
3.330000e-06	5.279659e-06	1.256242e-09	3.662913e+01	8.470320e+01
3.340000e-06	5.293993e-06	1.260062e-09	3.672858e+01	8.474743e+01
3.350000e-06	5.307985e-06	1.267228e-09	3.682565e+01	8.478611e+01
3.360000e-06	5.321578e-06	1.274442e-09	3.691996e+01	8.481930e+01
3.370000e-06	5.334824e-06	1.281806e-09	3.701186e+01	8.484708e+01
3.380000e-06	5.347698e-06	1.283641e-09	3.710117e+01	8.486954e+01
3.390000e-06	5.360176e-06	1.280648e-09	3.718774e+01	8.488682e+01
3.400000e-06	5.372472e-06	1.278965e-09	3.727305e+01	8.489905e+01
3.410000e-06	5.384430e-06	1.280838e-09	3.735601e+01	8.490641e+01
3.420000e-06	5.395956e-06	1.283914e-09	3.743597e+01	8.490910e+01
3.430000e-06	5.407017e-06	1.287511e-09	3.751271e+01	8.490733e+01
3.440000e-06	5.417405e-06	1.292534e-09	3.758479e+01	8.490134e+01
3.450000e-06	5.427092e-06	1.294027e-09	3.765199e+01	8.489140e+01
3.460000e-06	5.436198e-06	1.292520e-09	3.771516e+01	8.487777e+01
3.470000e-06	5.444829e-06	1.290342e-09	3.777504e+01	8.486075e+01
3.480000e-06	5.453063e-06	1.291280e-09	3.783217e+01	8.484064e+01
3.490000e-06	5.461006e-06	1.295486e-09	3.788728e+01	8.481777e+01
3.500000e-06	5.468718e-06	1.298770e-09	3.794078e+01	8.479247e+01
3.510000e-06	5.476091e-06	1.299014e-09	3.799194e+01	8.476505e+01
3.520000e-06	5.483081e-06	1.298597e-09	3.804043e+01	8.473587e+01
3.530000e-06	5.489628e-06	1.300716e-09	3.808585e+01	8.470527e+01
3.540000e-06	5.495795e-06	1.302052e-09	3.812864e+01	8.467356e+01
3.550000e-06	5.501664e-06	1.303813e-09	3.816935e+01	8.464110e+01
3.560000e-06	5.507156e-06	1.308473e-09	3.820746e+01	8.460819e+01
3.570000e-06	5.512218e-06	1.311589e-09	3.824257e+01	8.457515e+01
3.580000e-06	5.516829e-06	1.311642e-09	3.827457e+01	8.454227e+01
3.590000e-06	5.521147e-06	1.308378e-09	3.830452e+01	8.450984e+01
3.600000e-06	5.525231e-06	1.305519e-09	3.833286e+01	8.447811e+01
3.610000e-06	5.529072e-06	1.305840e-09	3.835951e+01	8.444732e+01
3.620000e-06	5.532644e-06	1.308396e-09	3.838429e+01	8.441767e+01
3.630000e-06	5.535854e-06	1.311107e-09	3.840656e+01	8.438936e+01
3.640000e-06	5.538564e-06	1.312092e-09	3.842536e+01	8.436254e+01
3.650000e-06	5.540626e-06	1.314930e-09	3.843966e+01	8.433733e+01
3.660000e-06	5.542104e-06	1.320605e-09	3.844992e+01	8.431382e+01
3.670000e-06	5.543030e-06	1.323844e-09	3.845634e+01	8.429207e+01
3.680000e-06	5.543453e-06	1.326227e-09	3.845928e+01	8.427210e+01
3.690000e-06	5.543557e-06	1.331051e-09	3.846000e+01	8.425390e+01
3.700000e-06	5.543445e-06	1.335368e-09	3.845922e+01	8.423742e+01
3.710000e-06	5.543161e-06	1.336039e-09	3.845725e+01	8.422258e+01
3.720000e-06	5.542532e-06	1.331892e-09	3.845289e+01	8.420925e+01
3.730000e-06	5.541454e-06	1.329832e-09	3.844541e+01	8.419730e+01
3.740000e-06	5.539988e-06	1.340311e-09	3.843524e+01	8.418652e+01
3.750000e-06	5.538125e-06	1.358241e-09	3.842231e+01	8.417670e+01
3.760000e-06	5.535940e-06	1.353298e-09	3.840715e+01	8.416760e+01
3.770000e-06	5.533376e-06	1.273618e-09	3.838937e+01	8.415894e+01
3.780000e-06	5.530331e-06	1.198589e-09	3.836824e+01	8.415041e+01
3.790000e-06	5.526750e-06	1.264240e-09	3.834339e+01	8.414169e+01
3.800000e-06	5.522767e-06	1.321385e-09	3.831576e+01	8.413243e+01
3.810000e-06	5.518627e-06	1.350583e-09	3.828704e+01	8.412226e+01
3.820000e-06	5.514406e-06	1.288793e-09	3.825775e+01	8.411081e+01
3.830000e-06	5.509822e-06	1.272750e-09	3.822595e+01	8.409768e+01
3.840000e-06	5.504511e-06	1.350928e-09	3.818911e+01	8.408246e+01
3.850000e-06	5.498684e-06	1.310117e-09	3.814868e+01	8.406476e+01
3.860000e-06	5.492598e-06	1.231637e-09	3.810646e+01	8.404415e+01
3.870000e-06	5.486100e-06	1.220709e-09	3.806137e+01	8.402024e+01
3.880000e-06	5.479095e-06	1.391168e-09	3.801278e+01	8.399261e+01
3.890000e-06	5.471682e-06	1.408520e-09	3.796134e+01	8.396087e+01
3.900000e-06	5.463902e-06	1.272419e-09	3.790737e+01	8.392463e+01
3.910000e-06	5.455683e-06	1.191213e-09	3.785035e+01	8.388352e+01
3.920000e-06	5.447021e-06	1.290383e-09	3.779025e+01	8.383718e+01
3.930000e-06	5.438044e-06	1.355515e-09	3.772797e+01	8.378528e+01
3.940000e-06	5.428833e-06	1.278203e-09	3.766407e+01	8.372750e+01
3.950000e-06	5.419128e-06	1.232493e-09	3.759674e+01	8.366355e+01
3.960000e-06	5.408914e-06	1.293518e-09	3.752588e+01	8.359317e+01
3.970000e-06	5.398441e-06	1.328006e-09	3.745321e+01	8.351613e+01
3.980000e-06	5.387663e-06	1.248935e-09	3.737844e+01	8.343220e+01
3.990000e-06	5.376394e-06	1.230136e-09	3.730026e+01	8.334123e+01
4.000000e-06	5.364705e-06	1.285694e-09	3.721916e+01	8.324306e+01
4.010000e-06	5.352802e-06	1.296544e-09	3.713658e+01	8.313758e+01
4.020000e-06	5.340344e-06	1.189891e-09	3.705015e+01	8.302472e+01
4.030000e-06	5.327183e-06	1.212426e-09	3.695885e+01	8.290442e+01
4.040000e-06	5.313734e-06	1.292640e-09	3.686554e+01	8.277667e+01
4.050000e-06	5.299922e-06	1.272666e-09	3.676971e+01	8.264149e+01
4.060000e-06	5.285395e-06	1.163605e-09	3.666893e+01	8.249892e+01
4.070000e-06	5.270257e-06	1.230919e-09	3.656390e+01	8.234903e+01
4.080000e-06	5.254687e-06	1.313603e-09	3.645588e+01	8.219195e+01
4.090000e-06	5.238740e-06	1.240350e-09	3.634525e+01	8.202778e+01
4.100000e-06	5.222399e-06	1.181619e-09	3.623188e+01	8.185669e+01
4.110000e-06	5.205848e-06	1.258242e-09	3.611704e+01	8.167886e+01
4.120000e-06	5.189121e-06	1.252914e-09	3.600100e+01	8.149447e+01
4.130000e-06	5.171972e-06	1.191495e-09	3.588202e+01	8.130375e+01
4.140000e-06	5.154416e-06	1.241378e-09	3.576022e+01	8.110692e+01
4.150000e-06	5.136606e-06	1.273960e-09	3.563666e+01	8.090422e+01
4.160000e-06	5.118453e-06	1.202345e-09	3.551072e+01	8.069591e+01
4.170000e-06	5.099823e-06	1.216923e-09	3.538147e+01	8.048223e+01
4.180000e-06	5.080883e-06	1.275861e-09	3.525007e+01	8.026347e+01
4.190000e-06	5.061614e-06	1.202090e-09	3.511639e+01	8.003986e+01
4.200000e-06	5.041987e-06	1.185678e-09	3.498021e+01	7.981169e+01
4.210000e-06	5.022147e-06	1.250373e-09	3.484257e+01	7.957921e+01
4.220000e-06	5.002112e-06	1.207120e-09	3.470357e+01	7.934266e+01
4.230000e-06	4.981855e-06	1.151742e-09	3.456303e+01	7.910230e+01
4.240000e-06	4.961245e-06	1.240161e-09	3.442005e+01	7.885836e+01
4.250000e-06	4.940183e-06	1.238653e-09	3.427392e+01	7.861106e+01
4.260000e-06	4.918520e-06	1.155702e-09	3.412363e+01	7.836061e+01
4.270000e-06	4.896218e-06	1.182472e-09	3.396890e+01	7.810719e+01
4.280000e-06	4.873388e-06	1.234550e-09	3.381051e+01	7.785098e+01
4.290000e-06	4.850180e-06	1.170117e-09	3.364950e+01	7.759214e+01
4.300000e-06	4.826739e-06	1.167506e-09	3.348687e+01	7.733080e+01
4.310000e-06	4.803015e-06	1.201605e-09	3.332228e+01	7.706708e+01
4.320000e-06	4.778955e-06	1.181427e-09	3.315536e+01	7.680106e+01
4.330000e-06	4.754582e-06	1.171994e-09	3.298626e+01	7.653284e+01
4.340000e-06	4.729951e-06	1.200487e-09	3.281538e+01	7.626245e+01
4.350000e-06	4.705063e-06	1.162483e-09	3.264271e+01	7.598994e+01
4.360000e-06	4.679808e-06	1.137113e-09	3.246750e+01	7.571532e+01
4.370000e-06	4.654127e-06	1.161077e-09	3.228933e+01	7.543858e+01
4.380000e-06	4.628091e-06	1.158587e-09	3.210869e+01	7.515969e+01
4.390000e-06	4.601732e-06	1.139322e-09	3.192582e+01	7.487862e+01
4.400000e-06	4.575109e-06	1.156633e-09	3.174111e+01	7.459531e+01
4.410000e-06	4.548202e-06	1.144728e-09	3.155444e+01	7.430969e+01
4.420000e-06	4.520950e-06	1.114872e-09	3.136537e+01	7.402168e+01
4.430000e-06	4.493368e-06	1.123350e-09	3.117402e+01	7.373117e+01
4.440000e-06	4.465507e-06	1.131342e-09	3.098072e+01	7.343806e+01
4.450000e-06	4.437494e-06	1.114654e-09	3.078638e+01	7.314224e+01
4.460000e-06	4.409282e-06	1.110968e-09	3.059064e+01	7.284359e+01
4.470000e-06	4.380851e-06	1.119422e-09	3.039340e+01	7.254199e+01
4.480000e-06	4.352090e-06	1.108197e-09	3.019386e+01	7.223730e+01
4.490000e-06	4.322956e-06	1.102328e-09	2.999173e+01	7.192940e+01
4.500000e-06	4.293448e-06	1.104796e-09	2.978701e+01	7.161817e+01
4.510000e-06	4.263372e-06	1.095778e-09	2.957835e+01	7.130347e+01
4.520000e-06	4.232667e-06	1.079253e-09	2.936533e+01	7.098520e+01
4.530000e-06	4.201504e-06	1.093070e-09	2.914912e+01	7.066323e+01
4.540000e-06	4.170089e-06	1.098864e-09	2.893117e+01	7.033747e+01
4.550000e-06	4.138494e-06	1.081087e-09	2.871198e+01	7.000780e+01
4.560000e-06	4.106697e-06	1.067818e-09	2.849138e+01	6.967415e+01
4.570000e-06	4.074620e-06	1.074326e-09	2.826883e+01	6.933643e+01
4.580000e-06	4.042316e-06	1.063181e-09	2.804471e+01	6.899458e+01
4.590000e-06	4.009795e-06	1.053255e-09	2.781909e+01	6.864854e+01
4.600000e-06	3.977038e-06	1.052482e-09	2.759183e+01	6.829826e+01
4.610000e-06	3.943971e-06	1.045822e-09	2.736242e+01	6.794371e+01
4.620000e-06	3.910546e-06	1.029139e-09	2.713052e+01	6.758488e+01
4.630000e-06	3.876927e-06	1.032421e-09	2.689728e+01	6.722174e+01
4.640000e-06	3.843128e-06	1.035296e-09	2.666279e+01	6.685432e+01
4.650000e-06	3.809042e-06	1.023925e-09	2.642631e+01	6.648262e+01
4.660000e-06	3.774674e-06	1.015278e-09	2.618787e+01	6.610666e+01
4.670000e-06	3.740079e-06	1.022369e-09	2.594786e+01	6.572649e+01
4.680000e-06	3.705145e-06	1.019333e-09	2.570549e+01	6.534215e+01
4.690000e-06	3.669935e-06	1.011419e-09	2.546121e+01	6.495369e+01
4.700000e-06	3.634559e-06	1.010704e-09	2.521579e+01	6.456117e+01
4.710000e-06	3.598937e-06	1.003969e-09	2.496864e+01	6.416466e+01
4.720000e-06	3.563103e-06	9.901163e-10	2.472004e+01	6.376423e+01
4.730000e-06	3.527126e-06	9.892934e-10	2.447044e+01	6.335994e+01
4.740000e-06	3.491015e-06	9.917900e-10	2.421991e+01	6.295189e+01
4.750000e-06	3.454778e-06	9.809124e-10	2.396850e+01	6.254014e+01
4.760000e-06	3.418355e-06	9.735858e-10	2.371581e+01	6.212476e+01
4.770000e-06	3.381703e-06	9.705714e-10	2.346152e+01	6.170584e+01
4.780000e-06	3.344673e-06	9.636052e-10	2.320462e+01	6.128344e+01
4.790000e-06	3.307254e-06	9.553215e-10	2.294501e+01	6.085763e+01
4.800000e-06	3.269417e-06	9.543270e-10	2.268251e+01	6.042847e+01
4.810000e-06	3.231160e-06	9.480492e-10	2.241709e+01	5.999600e+01
4.820000e-06	3.192595e-06	9.391908e-10	2.214953e+01	5.956027e+01
4.830000e-06	3.153608e-06	9.343022e-10	2.187905e+01	5.912131e+01
4.840000e-06	3.114321e-06	9.318474e-10	2.160648e+01	5.867915e+01
4.850000e-06	3.074807e-06	9.206962e-10	2.133234e+01	5.823379e+01
4.860000e-06	3.035087e-06	9.124925e-10	2.105677e+01	5.778524e+01
4.870000e-06	2.995241e-06	9.075680e-10	2.078034e+01	5.733348e+01
4.880000e-06	2.955224e-06	9.018194e-10	2.050270e+01	5.687849e+01
4.890000e-06	2.915074e-06	8.944697e-10	2.022415e+01	5.642022e+01
4.900000e-06	2.874879e-06	8.894718e-10	1.994529e+01	5.595862e+01
4.910000e-06	2.834582e-06	8.812186e-10	1.966572e+01	5.549361e+01
4.920000e-06	2.794133e-06	8.725662e-10	1.938509e+01	5.502512e+01
4.930000e-06	2.753364e-06	8.686065e-10	1.910224e+01	5.455305e+01
4.940000e-06	2.712398e-06	8.655084e-10	1.881803e+01	5.407728e+01
4.950000e-06	2.671261e-06	8.560690e-10	1.853263e+01	5.359768e+01
4.960000e-06	2.629857e-06	8.492485e-10	1.824538e+01	5.311411e+01
4.970000e-06	2.588304e-06	8.445494e-10	1.795709e+01	5.262642e+01
4.980000e-06	2.546607e-06	8.390853e-10	1.766781e+01	5.213443e+01
4.990000e-06	2.504761e-06	8.333455e-10	1.737749e+01	5.163797e+01
5.000000e-06	2.462772e-06	8.290002e-10	1.708618e+01	5.113683e+01
5.010000e-06	2.420658e-06	8.224103e-10	1.679400e+01	5.063081e+01
5.020000e-06	2.378313e-06	8.128033e-10	1.650022e+01	5.011969e+01
5.030000e-06	2.335815e-06	8.044124e-10	1.620538e+01	4.960323e+01
5.040000e-06	2.293087e-06	7.977402e-10	1.590894e+01	4.908120e+01
5.050000e-06	2.250087e-06	7.904911e-10	1.561062e+01	4.855334e+01
5.060000e-06	2.207058e-06	7.823278e-10	1.531209e+01	4.801940e+01
5.070000e-06	2.163836e-06	7.777308e-10	1.501222e+01	4.747909e+01
5.080000e-06	2.120428e-06	7.722539e-10	1.471107e+01	4.693215e+01
5.090000e-06	2.076923e-06	7.652510e-10	1.440924e+01	4.637827e+01
5.100000e-06	2.033246e-06	7.559264e-10	1.410622e+01	4.581717e+01
5.110000e-06	1.989441e-06	7.438922e-10	1.380231e+01	4.524855e+01
5.120000e-06	1.945559e-06	7.303624e-10	1.349787e+01	4.467209e+01
5.130000e-06	1.901577e-06	7.223041e-10	1.319273e+01	4.408747e+01
5.140000e-06	1.857511e-06	7.171774e-10	1.288701e+01	4.349438e+01
5.150000e-06	1.813496e-06	7.125710e-10	1.258164e+01	4.289248e+01
5.160000e-06	1.769470e-06	7.038106e-10	1.227620e+01	4.228145e+01
5.170000e-06	1.725346e-06	6.955377e-10	1.197008e+01	4.166094e+01
5.180000e-06	1.681097e-06	6.845525e-10	1.166309e+01	4.103061e+01
5.190000e-06	1.636738e-06	6.710562e-10	1.135533e+01	4.039012e+01
5.200000e-06	1.592339e-06	6.585276e-10	1.104731e+01	3.973911e+01
5.210000e-06	1.547864e-06	6.444165e-10	1.073874e+01	3.907723e+01
5.220000e-06	1.503249e-06	6.323304e-10	1.042921e+01	3.840412e+01
5.230000e-06	1.458430e-06	6.204684e-10	1.011827e+01	3.771943e+01
5.240000e-06	1.413489e-06	6.072841e-10	9.806482e+00	3.702280e+01
5.250000e-06	1.368477e-06	5.941732e-10	9.494198e+00	3.631387e+01
5.260000e-06	1.323333e-06	5.864146e-10	9.180997e+00	3.559227e+01
5.270000e-06	1.278175e-06	5.774396e-10	8.867700e+00	3.485766e+01
5.280000e-06	1.232951e-06	5.656378e-10	8.553949e+00	3.410966e+01
5.290000e-06	1.187567e-06	5.528513e-10	8.239084e+00	3.334794e+01
5.300000e-06	1.142027e-06	5.380188e-10	7.923138e+00	3.257214e+01
5.310000e-06	1.096333e-06	5.232644e-10	7.606123e+00	3.178192e+01
5.320000e-06	1.050503e-06	5.132592e-10	7.288163e+00	3.097695e+01
5.330000e-06	1.004585e-06	5.023438e-10	6.969593e+00	3.015689e+01
5.340000e-06	9.585844e-07	4.917251e-10	6.650451e+00	2.932144e+01
5.350000e-06	9.124607e-07	4.813249e-10	6.330455e+00	2.847029e+01
5.360000e-06	8.663877e-07	4.691441e-10	6.010811e+00	2.760315e+01
5.370000e-06	8.202991e-07	4.553365e-10	5.691058e+00	2.671976e+01
5.380000e-06	7.740754e-07	4.386118e-10	5.370368e+00	2.581986e+01
5.390000e-06	7.277934e-07	4.263875e-10	5.049273e+00	2.490321e+01
5.400000e-06	6.814595e-07	4.153813e-10	4.727818e+00	2.396962e+01
5.410000e-06	6.350549e-07	4.022008e-10	4.405874e+00	2.301889e+01
5.420000e-06	5.886585e-07	3.893172e-10	4.083986e+00	2.205088e+01
5.430000e-06	5.422428e-07	3.792872e-10	3.761963e+00	2.106546e+01
5.440000e-06	4.957259e-07	3.657961e-10	3.439239e+00	2.006253e+01
5.450000e-06	4.491715e-07	3.486419e-10	3.116254e+00	1.904206e+01
5.460000e-06	4.026127e-07	3.294676e-10	2.793240e+00	1.800401e+01
5.470000e-06	3.560344e-07	3.106939e-10	2.470089e+00	1.694841e+01
5.480000e-06	3.093846e-07	2.951316e-10	2.146443e+00	1.587533e+01
5.490000e-06	2.627751e-07	2.797175e-10	1.823077e+00	1.478488e+01
5.500000e-06	2.162258e-07	2.629086e-10	1.500128e+00	1.367722e+01
5.510000e-06	1.695881e-07	2.480720e-10	1.176565e+00	1.255255e+01
5.520000e-06	1.229209e-07	2.328504e-10	8.527983e-01	1.141112e+01
5.530000e-06	7.626218e-08	2.123135e-10	5.290905e-01	1.025325e+01
5.540000e-06	2.960163e-08	1.900624e-10	2.053697e-01	9.079298e+00
5.550000e-06	-1.696550e-08	1.684125e-10	-1.177030e-01	7.889677e+00
5.560000e-06	-6.349889e-08	1.475742e-10	-4.405416e-01	6.684858e+00
5.570000e-06	-1.100881e-07	1.270896e-10	-7.637674e-01	5.465365e+00
5.580000e-06	-1.566793e-07	1.093023e-10	-1.087007e+00	4.231780e+00
5.590000e-06	-2.032361e-07	9.199643e-11	-1.410008e+00	2.984736e+00
5.600000e-06	-2.497561e-07	7.315696e-11	-1.732754e+00	1.724923e+00
5.610000e-06	-2.963155e-07	5.200549e-11	-2.055773e+00	4.530859e-01
5.620000e-06	-3.428868e-07	2.900574e-11	-2.378874e+00	-8.299806e-01
5.630000e-06	-3.894373e-07	7.177195e-12	-2.701832e+00	-2.123430e+00
5.640000e-06	-4.359577e-07	-1.448014e-11	-3.024580e+00	-3.426366e+00
5.650000e-06	-4.824207e-07	-3.720185e-11	-3.346930e+00	-4.737847e+00
5.660000e-06	-5.287997e-07	-6.218268e-11	-3.668698e+00	-6.056888e+00
5.670000e-06	-5.751124e-07	-8.620132e-11	-3.990005e+00	-7.382460e+00
5.680000e-06	-6.214432e-07	-1.097987e-10	-4.311438e+00	-8.713499e+00
5.690000e-06	-6.677510e-07	-1.312304e-10	-4.632712e+00	-1.004891e+01
5.700000e-06	-7.139765e-07	-1.508412e-10	-4.953414e+00	-1.138755e+01
5.710000e-06	-7.601342e-07	-1.735424e-10	-5.273646e+00	-1.272829e+01
5.720000e-06	-8.063688e-07	-1.990538e-10	-5.594413e+00	-1.406993e+01
5.730000e-06	-8.525486e-07	-2.229068e-10	-5.914798e+00	-1.541128e+01
5.740000e-06	-8.985665e-07	-2.471541e-10	-6.234060e+00	-1.675114e+01
5.750000e-06	-9.444339e-07	-2.722670e-10	-6.552278e+00	-1.808830e+01
5.760000e-06	-9.901557e-07	-2.957464e-10	-6.869486e+00	-1.942154e+01
5.770000e-06	-1.035886e-06	-3.169430e-10	-7.186756e+00	-2.074966e+01
5.780000e-06	-1.081537e-06	-3.359450e-10	-7.503468e+00	-2.207143e+01
5.790000e-06	-1.127097e-06	-3.547406e-10	-7.819559e+00	-2.338569e+01
5.800000e-06	-1.172564e-06	-3.788048e-10	-8.134994e+00	-2.469125e+01
5.810000e-06	-1.217859e-06	-4.050178e-10	-8.449239e+00	-2.598697e+01
5.820000e-06	-1.263067e-06	-4.298400e-10	-8.762885e+00	-2.727173e+01
5.830000e-06	-1.308164e-06	-4.545644e-10	-9.075758e+00	-2.854445e+01
5.840000e-06	-1.353126e-06	-4.725882e-10	-9.387696e+00	-2.980407e+01
5.850000e-06	-1.398006e-06	-4.866967e-10	-9.699062e+00	-3.104961e+01
5.860000e-06	-1.442791e-06	-5.057743e-10	-1.000977e+01	-3.228010e+01
5.870000e-06	-1.487437e-06	-5.269662e-10	-1.031952e+01	-3.349464e+01
5.880000e-06	-1.531965e-06	-5.448381e-10	-1.062844e+01	-3.469238e+01
5.890000e-06	-1.576419e-06	-5.636056e-10	-1.093685e+01	-3.587253e+01
5.900000e-06	-1.620768e-06	-5.848467e-10	-1.124454e+01	-3.703436e+01
5.910000e-06	-1.664956e-06	-6.045861e-10	-1.155111e+01	-3.817720e+01
5.920000e-06	-1.709082e-06	-6.230222e-10	-1.185724e+01	-3.930045e+01
5.930000e-06	-1.753207e-06	-6.402591e-10	-1.216337e+01	-4.040359e+01
5.940000e-06	-1.797297e-06	-6.542123e-10	-1.246926e+01	-4.148614e+01
5.950000e-06	-1.841336e-06	-6.690934e-10	-1.277479e+01	-4.254770e+01
5.960000e-06	-1.885276e-06	-6.861181e-10	-1.307964e+01	-4.358796e+01
5.970000e-06	-1.929117e-06	-7.030291e-10	-1.338379e+01	-4.460666e+01
5.980000e-06	-1.972891e-06	-7.200574e-10	-1.368749e+01	-4.560362e+01
5.990000e-06	-2.016626e-06	-7.384201e-10	-1.399092e+01	-4.657870e+01
6.000000e-06	-2.060239e-06	-7.550695e-10	-1.429349e+01	-4.753186e+01
6.010000e-06	-2.103688e-06	-7.683459e-10	-1.459493e+01	-4.846312e+01
6.020000e-06	-2.146948e-06	-7.794184e-10	-1.489506e+01	-4.937255e+01
6.030000e-06	-2.190018e-06	-7.915932e-10	-1.519387e+01	-5.026029e+01
6.040000e-06	-2.232986e-06	-8.050258e-10	-1.549197e+01	-5.112652e+01
6.050000e-06	-2.275812e-06	-8.192574e-10	-1.578909e+01	-5.197149e+01
6.060000e-06	-2.318531e-06	-8.334895e-10	-1.608547e+01	-5.279551e+01
6.070000e-06	-2.361075e-06	-8.453393e-10	-1.638063e+01	-5.359892e+01
6.080000e-06	-2.403395e-06	-8.588634e-10	-1.667424e+01	-5.438209e+01
6.090000e-06	-2.445517e-06	-8.753442e-10	-1.696647e+01	-5.514546e+01
6.100000e-06	-2.487432e-06	-8.887810e-10	-1.725727e+01	-5.588949e+01
6.110000e-06	-2.529205e-06	-8.987159e-10	-1.754708e+01	-5.661466e+01
6.120000e-06	-2.570780e-06	-9.099348e-10	-1.783552e+01	-5.732148e+01
6.130000e-06	-2.612101e-06	-9.219476e-10	-1.812219e+01	-5.801050e+01
6.140000e-06	-2.653281e-06	-9.312403e-10	-1.840789e+01	-5.868225e+01
6.150000e-06	-2.694324e-06	-9.409017e-10	-1.869264e+01	-5.933731e+01
6.160000e-06	-2.735169e-06	-9.525343e-10	-1.897601e+01	-5.997624e+01
6.170000e-06	-2.775781e-06	-9.621252e-10	-1.925777e+01	-6.059962e+01
6.180000e-06	-2.816251e-06	-9.703741e-10	-1.953854e+01	-6.120801e+01
6.190000e-06	-2.856578e-06	-9.802085e-10	-1.981832e+01	-6.180199e+01
6.200000e-06	-2.896716e-06	-9.902496e-10	-2.009679e+01	-6.238211e+01
6.210000e-06	-2.936768e-06	-9.999596e-10	-2.037466e+01	-6.294892e+01
6.220000e-06	-2.976702e-06	-1.010522e-09	-2.065172e+01	-6.350296e+01
6.230000e-06	-3.016531e-06	-1.019889e-09	-2.092804e+01	-6.404473e+01
6.240000e-06	-3.056218e-06	-1.028498e-09	-2.120338e+01	-6.457474e+01
6.250000e-06	-3.095778e-06	-1.036803e-09	-2.147784e+01	-6.509345e+01
6.260000e-06	-3.135145e-06	-1.043811e-09	-2.175096e+01	-6.560132e+01
6.270000e-06	-3.174149e-06	-1.050106e-09	-2.202156e+01	-6.609876e+01
6.280000e-06	-3.212719e-06	-1.057043e-09	-2.228915e+01	-6.658618e+01
6.290000e-06	-3.250865e-06	-1.062761e-09	-2.255380e+01	-6.706395e+01
6.300000e-06	-3.288635e-06	-1.068634e-09	-2.281584e+01	-6.753240e+01
6.310000e-06	-3.325912e-06	-1.075258e-09	-2.307446e+01	-6.799185e+01
6.320000e-06	-3.362726e-06	-1.084160e-09	-2.332987e+01	-6.844258e+01
6.330000e-06	-3.399309e-06	-1.093641e-09	-2.358367e+01	-6.888486e+01
6.340000e-06	-3.435726e-06	-1.099888e-09	-2.383633e+01	-6.931891e+01
6.350000e-06	-3.472004e-06	-1.105973e-09	-2.408801e+01	-6.974494e+01
6.360000e-06	-3.508152e-06	-1.114110e-09	-2.433880e+01	-7.016313e+01
6.370000e-06	-3.544128e-06	-1.124472e-09	-2.458839e+01	-7.057364e+01
6.380000e-06	-3.579987e-06	-1.134423e-09	-2.483717e+01	-7.097660e+01
6.390000e-06	-3.615656e-06	-1.140304e-09	-2.508464e+01	-7.137214e+01
6.400000e-06	-3.651059e-06	-1.144133e-09	-2.533025e+01	-7.176035e+01
6.410000e-06	-3.686167e-06	-1.150093e-09	-2.557383e+01	-7.214133e+01
6.420000e-06	-3.720967e-06	-1.157921e-09	-2.581527e+01	-7.251513e+01
6.430000e-06	-3.755503e-06	-1.164708e-09	-2.605487e+01	-7.288183e+01
6.440000e-06	-3.789748e-06	-1.171113e-09	-2.629245e+01	-7.324147e+01
6.450000e-06	-3.823728e-06	-1.176272e-09	-2.652819e+01	-7.359410e+01
6.460000e-06	-3.857502e-06	-1.177754e-09	-2.676252e+01	-7.393975e+01
6.470000e-06	-3.891047e-06	-1.180370e-09	-2.699525e+01	-7.427848e+01
6.480000e-06	-3.924317e-06	-1.186046e-09	-2.722606e+01	-7.461031e+01
6.490000e-06	-3.957254e-06	-1.193370e-09	-2.745457e+01	-7.493528e+01
6.500000e-06	-3.989882e-06	-1.200932e-09	-2.768094e+01	-7.525343e+01
6.510000e-06	-4.022333e-06	-1.206782e-09	-2.790608e+01	-7.556481e+01
6.520000e-06	-4.054585e-06	-1.211055e-09	-2.812983e+01	-7.586946e+01
6.530000e-06	-4.086665e-06	-1.215141e-09	-2.835240e+01	-7.616745e+01
6.540000e-06	-4.118608e-06	-1.221021e-09	-2.857401e+01	-7.645883e+01
6.550000e-06	-4.150199e-06	-1.229465e-09	-2.879318e+01	-7.674369e+01
6.560000e-06	-4.181404e-06	-1.238158e-09	-2.900967e+01	-7.702209e+01
6.570000e-06	-4.212234e-06	-1.245847e-09	-2.922357e+01	-7.729413e+01
6.580000e-06	-4.242603e-06	-1.250596e-09	-2.943426e+01	-7.755990e+01
6.590000e-06	-4.272452e-06	-1.250885e-09	-2.964135e+01	-7.781951e+01
6.600000e-06	-4.301794e-06	-1.251907e-09	-2.984491e+01	-7.807307e+01
6.610000e-06	-4.330837e-06	-1.254939e-09	-3.004641e+01	-7.832071e+01
6.620000e-06	-4.359502e-06	-1.260802e-09	-3.024528e+01	-7.856255e+01
6.630000e-06	-4.387803e-06	-1.269433e-09	-3.044163e+01	-7.879872e+01
6.640000e-06	-4.415961e-06	-1.276621e-09	-3.063698e+01	-7.902936e+01
6.650000e-06	-4.443953e-06	-1.281052e-09	-3.083119e+01	-7.925461e+01
6.660000e-06	-4.471775e-06	-1.280912e-09	-3.102421e+01	-7.947461e+01
6.670000e-06	-4.499264e-06	-1.279839e-09	-3.121492e+01	-7.968951e+01
6.680000e-06	-4.526345e-06	-1.279916e-09	-3.140280e+01	-7.989943e+01
6.690000e-06	-4.553137e-06	-1.284408e-09	-3.158868e+01	-8.010453e+01
6.700000e-06	-4.579593e-06	-1.291380e-09	-3.177223e+01	-8.030494e+01
6.710000e-06	-4.605757e-06	-1.297503e-09	-3.195375e+01	-8.050077e+01
6.720000e-06	-4.631596e-06	-1.299276e-09	-3.213301e+01	-8.069216e+01
6.730000e-06	-4.657012e-06	-1.297891e-09	-3.230934e+01	-8.087921e+01
6.740000e-06	-4.682088e-06	-1.295655e-09	-3.248331e+01	-8.106202e+01
6.750000e-06	-4.706939e-06	-1.296593e-09	-3.265573e+01	-8.124069e+01
6.760000e-06	-4.731546e-06	-1.300978e-09	-3.282644e+01	-8.141529e+01
6.770000e-06	-4.755876e-06	-1.305594e-09	-3.299524e+01	-8.158588e+01
6.780000e-06	-4.779971e-06	-1.313338e-09	-3.316241e+01	-8.175251e+01
6.790000e-06	-4.803854e-06	-1.317516e-09	-3.332810e+01	-8.191522e+01
6.800000e-06	-4.827462e-06	-1.316899e-09	-3.349189e+01	-8.207403e+01
6.810000e-06	-4.850625e-06	-1.315248e-09	-3.365259e+01	-8.222894e+01
6.820000e-06	-4.873179e-06	-1.314085e-09	-3.380906e+01	-8.237994e+01
6.830000e-06	-4.895140e-06	-1.313246e-09	-3.396142e+01	-8.252700e+01
6.840000e-06	-4.916638e-06	-1.314641e-09	-3.411057e+01	-8.267009e+01
6.850000e-06	-4.937650e-06	-1.321732e-09	-3.425635e+01	-8.280915e+01
6.860000e-06	-4.958222e-06	-1.327121e-09	-3.439907e+01	-8.294410e+01
6.870000e-06	-4.978564e-06	-1.326268e-09	-3.454020e+01	-8.307488e+01
6.880000e-06	-4.998768e-06	-1.323931e-09	-3.468037e+01	-8.320139e+01
6.890000e-06	-5.018801e-06	-1.323357e-09	-3.481935e+01	-8.332354e+01
6.900000e-06	-5.038555e-06	-1.321860e-09	-3.495641e+01	-8.344122e+01
6.910000e-06	-5.057852e-06	-1.322873e-09	-3.509028e+01	-8.355431e+01
6.920000e-06	-5.076731e-06	-1.324852e-09	-3.522126e+01	-8.366271e+01
6.930000e-06	-5.095317e-06	-1.326981e-09	-3.535021e+01	-8.376630e+01
6.940000e-06	-5.113581e-06	-1.331727e-09	-3.547692e+01	-8.386495e+01
6.950000e-06	-5.131510e-06	-1.334442e-09	-3.560131e+01	-8.395857e+01
6.960000e-06	-5.149126e-06	-1.334641e-09	-3.572352e+01	-8.404704e+01
6.970000e-06	-5.166370e-06	-1.333505e-09	-3.584315e+01	-8.413026e+01
6.980000e-06	-5.183186e-06	-1.334928e-09	-3.595983e+01	-8.420814e+01
6.990000e-06	-5.199675e-06	-1.337211e-09	-3.607422e+01	-8.428061e+01
7.000000e-06	-5.215929e-06	-1.341530e-09	-3.618699e+01	-8.434759e+01
7.010000e-06	-5.232007e-06	-1.349407e-09	-3.629853e+01	-8.440903e+01
7.020000e-06	-5.247843e-06	-1.354507e-09	-3.640840e+01	-8.446491e+01
7.030000e-06	-5.263206e-06	-1.351838e-09	-3.651498e+01	-8.451521e+01
7.040000e-06	-5.277866e-06	-1.348041e-09	-3.661669e+01	-8.455993e+01
7.050000e-06	-5.291816e-06	-1.344075e-09	-3.671348e+01	-8.459911e+01
7.060000e-06	-5.305118e-06	-1.340308e-09	-3.680576e+01	-8.463279e+01
7.070000e-06	-5.317922e-06	-1.339134e-09	-3.689459e+01	-8.466105e+01
7.080000e-06	-5.330413e-06	-1.338060e-09	-3.698125e+01	-8.468399e+01
7.090000e-06	-5.342611e-06	-1.337800e-09	-3.706588e+01	-8.470172e+01
7.100000e-06	-5.354492e-06	-1.341877e-09	-3.714831e+01	-8.471441e+01
7.110000e-06	-5.365959e-06	-1.343981e-09	-3.722786e+01	-8.472220e+01
7.120000e-06	-5.377022e-06	-1.340699e-09	-3.730461e+01	-8.472531e+01
7.130000e-06	-5.387748e-06	-1.335313e-09	-3.737903e+01	-8.472393e+01
7.140000e-06	-5.398044e-06	-1.330950e-09	-3.745046e+01	-8.471832e+01
7.150000e-06	-5.407950e-06	-1.326930e-09	-3.751919e+01	-8.470873e+01
7.160000e-06	-5.417472e-06	-1.327332e-09	-3.758525e+01	-8.469543e+01
7.170000e-06	-5.426533e-06	-1.331749e-09	-3.764811e+01	-8.467872e+01
7.180000e-06	-5.435259e-06	-1.332945e-09	-3.770865e+01	-8.465890e+01
7.190000e-06	-5.443696e-06	-1.333203e-09	-3.776718e+01	-8.463628e+01
7.200000e-06	-5.451941e-06	-1.333235e-09	-3.782439e+01	-8.461120e+01
7.210000e-06	-5.459976e-06	-1.329429e-09	-3.788013e+01	-8.458399e+01
7.220000e-06	-5.467642e-06	-1.322073e-09	-3.793332e+01	-8.455497e+01
7.230000e-06	-5.474935e-06	-1.316832e-09	-3.798392e+01	-8.452451e+01
7.240000e-06	-5.481742e-06	-1.313642e-09	-3.803114e+01	-8.449292e+01
7.250000e-06	-5.487853e-06	-1.312074e-09	-3.807353e+01	-8.446054e+01
7.260000e-06	-5.493344e-06	-1.313207e-09	-3.811163e+01	-8.442769e+01
7.270000e-06	-5.498344e-06	-1.314809e-09	-3.814632e+01	-8.439468e+01
7.280000e-06	-5.502876e-06	-1.313757e-09	-3.817776e+01	-8.436182e+01
7.290000e-06	-5.507081e-06	-1.310177e-09	-3.820694e+01	-8.432937e+01
7.300000e-06	-5.511037e-06	-1.305596e-09	-3.823439e+01	-8.429761e+01
7.310000e-06	-5.514730e-06	-1.302172e-09	-3.826000e+01	-8.426677e+01
7.320000e-06	-5.518071e-06	-1.300175e-09	-3.828318e+01	-8.423705e+01
7.330000e-06	-5.520946e-06	-1.301132e-09	-3.830313e+01	-8.420866e+01
7.340000e-06	-5.523488e-06	-1.303028e-09	-3.832076e+01	-8.418175e+01
7.350000e-06	-5.525816e-06	-1.303178e-09	-3.833692e+01	-8.415643e+01
7.360000e-06	-5.527792e-06	-1.300228e-09	-3.835063e+01	-8.413281e+01
7.370000e-06	-5.529312e-06	-1.294388e-09	-3.836117e+01	-8.411095e+01
7.380000e-06	-5.530412e-06	-1.288317e-09	-3.836880e+01	-8.409087e+01
7.390000e-06	-5.531135e-06	-1.283209e-09	-3.837382e+01	-8.407255e+01
7.400000e-06	-5.531580e-06	-1.278200e-09	-3.837690e+01	-8.405597e+01
