# Temperatura_=_-1.7
# Concentracion g/m^3_=_1620.0
# C_Vs_to_Am_M_A/Vsm_=_65563218390.804596
# pendiente_HvsI_1/m_=_3716.3
# ordenada_HvsI_A/m_=_1297.0
# frecuencia_Hz_=_135106.53951133593

Tiempo_(s)	Campo_(V.s)	Magnetizacion_(V.s)	Campo_(kA/m)	Magnetizacion_(A/m)
0.000000e+00	-5.521517e-06	-9.152791e-10	-3.837449e+01	-6.208540e+01
1.000000e-08	-5.521653e-06	-9.159364e-10	-3.837544e+01	-6.206463e+01
2.000000e-08	-5.521442e-06	-9.195435e-10	-3.837397e+01	-6.204524e+01
3.000000e-08	-5.520863e-06	-9.204519e-10	-3.836995e+01	-6.202700e+01
4.000000e-08	-5.519763e-06	-9.119387e-10	-3.836230e+01	-6.200968e+01
5.000000e-08	-5.517990e-06	-8.957656e-10	-3.834998e+01	-6.199302e+01
6.000000e-08	-5.515577e-06	-8.926145e-10	-3.833322e+01	-6.197676e+01
7.000000e-08	-5.512621e-06	-9.226021e-10	-3.831267e+01	-6.196062e+01
8.000000e-08	-5.509252e-06	-9.585785e-10	-3.828925e+01	-6.194431e+01
9.000000e-08	-5.505450e-06	-9.770196e-10	-3.826283e+01	-6.192755e+01
1.000000e-07	-5.501253e-06	-9.752011e-10	-3.823366e+01	-6.191002e+01
1.100000e-07	-5.496819e-06	-9.180910e-10	-3.820284e+01	-6.189144e+01
1.200000e-07	-5.492147e-06	-8.433291e-10	-3.817038e+01	-6.187150e+01
1.300000e-07	-5.487174e-06	-8.686228e-10	-3.813581e+01	-6.184991e+01
1.400000e-07	-5.481799e-06	-9.352926e-10	-3.809845e+01	-6.182637e+01
1.500000e-07	-5.476012e-06	-9.437025e-10	-3.805824e+01	-6.180060e+01
1.600000e-07	-5.469880e-06	-8.867644e-10	-3.801562e+01	-6.177232e+01
1.700000e-07	-5.463321e-06	-8.998962e-10	-3.797004e+01	-6.174127e+01
1.800000e-07	-5.456330e-06	-9.691971e-10	-3.792145e+01	-6.170719e+01
1.900000e-07	-5.449033e-06	-9.503488e-10	-3.787074e+01	-6.166983e+01
2.000000e-07	-5.441498e-06	-9.010595e-10	-3.781836e+01	-6.162897e+01
2.100000e-07	-5.433685e-06	-9.125049e-10	-3.776406e+01	-6.158441e+01
2.200000e-07	-5.425565e-06	-9.831663e-10	-3.770763e+01	-6.153594e+01
2.300000e-07	-5.417100e-06	-9.872494e-10	-3.764880e+01	-6.148340e+01
2.400000e-07	-5.408089e-06	-9.524216e-10	-3.758617e+01	-6.142663e+01
2.500000e-07	-5.398326e-06	-9.271009e-10	-3.751832e+01	-6.136550e+01
2.600000e-07	-5.387840e-06	-9.470812e-10	-3.744544e+01	-6.129989e+01
2.700000e-07	-5.376811e-06	-9.538921e-10	-3.736879e+01	-6.122972e+01
2.800000e-07	-5.365453e-06	-9.554131e-10	-3.728985e+01	-6.115492e+01
2.900000e-07	-5.353750e-06	-9.479475e-10	-3.720852e+01	-6.107543e+01
3.000000e-07	-5.341566e-06	-9.467803e-10	-3.712384e+01	-6.099124e+01
3.100000e-07	-5.328935e-06	-9.494010e-10	-3.703605e+01	-6.090233e+01
3.200000e-07	-5.315940e-06	-9.469698e-10	-3.694574e+01	-6.080873e+01
3.300000e-07	-5.302585e-06	-9.352497e-10	-3.685292e+01	-6.071046e+01
3.400000e-07	-5.288864e-06	-9.418602e-10	-3.675756e+01	-6.060759e+01
3.500000e-07	-5.274770e-06	-9.696830e-10	-3.665961e+01	-6.050018e+01
3.600000e-07	-5.260269e-06	-9.581182e-10	-3.655882e+01	-6.038833e+01
3.700000e-07	-5.245228e-06	-9.420501e-10	-3.645429e+01	-6.027214e+01
3.800000e-07	-5.229598e-06	-9.581312e-10	-3.634566e+01	-6.015174e+01
3.900000e-07	-5.213463e-06	-9.568962e-10	-3.623352e+01	-6.002726e+01
4.000000e-07	-5.196893e-06	-9.134638e-10	-3.611837e+01	-5.989886e+01
4.100000e-07	-5.180089e-06	-9.350974e-10	-3.600157e+01	-5.976669e+01
4.200000e-07	-5.162993e-06	-9.597979e-10	-3.588276e+01	-5.963092e+01
4.300000e-07	-5.145472e-06	-9.185266e-10	-3.576099e+01	-5.949173e+01
4.400000e-07	-5.127668e-06	-9.113554e-10	-3.563725e+01	-5.934930e+01
4.500000e-07	-5.109531e-06	-9.756630e-10	-3.551120e+01	-5.920383e+01
4.600000e-07	-5.090907e-06	-9.443334e-10	-3.538176e+01	-5.905550e+01
4.700000e-07	-5.071835e-06	-8.879896e-10	-3.524921e+01	-5.890452e+01
4.800000e-07	-5.052463e-06	-9.412998e-10	-3.511457e+01	-5.875107e+01
4.900000e-07	-5.032909e-06	-9.655829e-10	-3.497868e+01	-5.859535e+01
5.000000e-07	-5.013128e-06	-8.848838e-10	-3.484119e+01	-5.843755e+01
5.100000e-07	-4.993060e-06	-8.997765e-10	-3.470172e+01	-5.827786e+01
5.200000e-07	-4.972676e-06	-9.602148e-10	-3.456005e+01	-5.811646e+01
5.300000e-07	-4.951877e-06	-9.145835e-10	-3.441551e+01	-5.795353e+01
5.400000e-07	-4.930662e-06	-8.916420e-10	-3.426806e+01	-5.778922e+01
5.500000e-07	-4.909147e-06	-9.565073e-10	-3.411853e+01	-5.762372e+01
5.600000e-07	-4.887353e-06	-9.290123e-10	-3.396706e+01	-5.745715e+01
5.700000e-07	-4.865176e-06	-8.689289e-10	-3.381293e+01	-5.728966e+01
5.800000e-07	-4.842590e-06	-9.162888e-10	-3.365596e+01	-5.712137e+01
5.900000e-07	-4.819767e-06	-9.337407e-10	-3.349734e+01	-5.695240e+01
6.000000e-07	-4.796681e-06	-8.713856e-10	-3.333689e+01	-5.678285e+01
6.100000e-07	-4.773323e-06	-8.853598e-10	-3.317455e+01	-5.661280e+01
6.200000e-07	-4.749768e-06	-9.254593e-10	-3.301085e+01	-5.644233e+01
6.300000e-07	-4.725961e-06	-8.884649e-10	-3.284539e+01	-5.627150e+01
6.400000e-07	-4.701843e-06	-8.814335e-10	-3.267777e+01	-5.610034e+01
6.500000e-07	-4.677363e-06	-9.163699e-10	-3.250763e+01	-5.592889e+01
6.600000e-07	-4.652401e-06	-8.962878e-10	-3.233415e+01	-5.575716e+01
6.700000e-07	-4.626803e-06	-8.725400e-10	-3.215624e+01	-5.558515e+01
6.800000e-07	-4.600629e-06	-8.984857e-10	-3.197433e+01	-5.541285e+01
6.900000e-07	-4.573989e-06	-8.909661e-10	-3.178918e+01	-5.524022e+01
7.000000e-07	-4.546958e-06	-8.642171e-10	-3.160132e+01	-5.506722e+01
7.100000e-07	-4.519602e-06	-8.754111e-10	-3.141120e+01	-5.489380e+01
7.200000e-07	-4.492022e-06	-8.843763e-10	-3.121951e+01	-5.471989e+01
7.300000e-07	-4.464325e-06	-8.614380e-10	-3.102702e+01	-5.454540e+01
7.400000e-07	-4.436456e-06	-8.588512e-10	-3.083333e+01	-5.437024e+01
7.500000e-07	-4.408318e-06	-8.629582e-10	-3.063777e+01	-5.419431e+01
7.600000e-07	-4.379848e-06	-8.495744e-10	-3.043991e+01	-5.401749e+01
7.700000e-07	-4.351003e-06	-8.403197e-10	-3.023943e+01	-5.383966e+01
7.800000e-07	-4.321849e-06	-8.469271e-10	-3.003681e+01	-5.366069e+01
7.900000e-07	-4.292404e-06	-8.417776e-10	-2.983217e+01	-5.348043e+01
8.000000e-07	-4.262651e-06	-8.357782e-10	-2.962539e+01	-5.329876e+01
8.100000e-07	-4.232585e-06	-8.364295e-10	-2.941643e+01	-5.311550e+01
8.200000e-07	-4.202214e-06	-8.291354e-10	-2.920535e+01	-5.293052e+01
8.300000e-07	-4.171558e-06	-8.163082e-10	-2.899229e+01	-5.274365e+01
8.400000e-07	-4.140643e-06	-8.178667e-10	-2.877743e+01	-5.255473e+01
8.500000e-07	-4.109484e-06	-8.156284e-10	-2.856088e+01	-5.236360e+01
8.600000e-07	-4.078071e-06	-8.044860e-10	-2.834256e+01	-5.217009e+01
8.700000e-07	-4.046489e-06	-8.011056e-10	-2.812306e+01	-5.197406e+01
8.800000e-07	-4.014724e-06	-8.029830e-10	-2.790230e+01	-5.177534e+01
8.900000e-07	-3.982753e-06	-7.941863e-10	-2.768010e+01	-5.157378e+01
9.000000e-07	-3.950560e-06	-7.856575e-10	-2.745636e+01	-5.136922e+01
9.100000e-07	-3.918022e-06	-7.852186e-10	-2.723022e+01	-5.116152e+01
9.200000e-07	-3.885104e-06	-7.753287e-10	-2.700144e+01	-5.095054e+01
9.300000e-07	-3.851759e-06	-7.665730e-10	-2.676969e+01	-5.073615e+01
9.400000e-07	-3.817940e-06	-7.700687e-10	-2.653465e+01	-5.051821e+01
9.500000e-07	-3.783622e-06	-7.701952e-10	-2.629614e+01	-5.029662e+01
9.600000e-07	-3.748893e-06	-7.595061e-10	-2.605478e+01	-5.007126e+01
9.700000e-07	-3.713905e-06	-7.567753e-10	-2.581161e+01	-4.984204e+01
9.800000e-07	-3.678696e-06	-7.574469e-10	-2.556690e+01	-4.960886e+01
9.900000e-07	-3.643298e-06	-7.495251e-10	-2.532089e+01	-4.937166e+01
1.000000e-06	-3.607665e-06	-7.414915e-10	-2.507324e+01	-4.913035e+01
1.010000e-06	-3.571845e-06	-7.415484e-10	-2.482429e+01	-4.888488e+01
1.020000e-06	-3.535915e-06	-7.354736e-10	-2.457458e+01	-4.863522e+01
1.030000e-06	-3.499774e-06	-7.278818e-10	-2.432340e+01	-4.838132e+01
1.040000e-06	-3.463354e-06	-7.269287e-10	-2.407028e+01	-4.812316e+01
1.050000e-06	-3.426685e-06	-7.245459e-10	-2.381543e+01	-4.786074e+01
1.060000e-06	-3.389797e-06	-7.152138e-10	-2.355906e+01	-4.759406e+01
1.070000e-06	-3.352683e-06	-7.126652e-10	-2.330112e+01	-4.732312e+01
1.080000e-06	-3.315350e-06	-7.100374e-10	-2.304165e+01	-4.704795e+01
1.090000e-06	-3.277758e-06	-7.016905e-10	-2.278039e+01	-4.676858e+01
1.100000e-06	-3.239921e-06	-6.950262e-10	-2.251742e+01	-4.648506e+01
1.110000e-06	-3.201893e-06	-6.929231e-10	-2.225313e+01	-4.619743e+01
1.120000e-06	-3.163631e-06	-6.886985e-10	-2.198721e+01	-4.590575e+01
1.130000e-06	-3.125056e-06	-6.851729e-10	-2.171911e+01	-4.561008e+01
1.140000e-06	-3.086216e-06	-6.841684e-10	-2.144918e+01	-4.531050e+01
1.150000e-06	-3.047231e-06	-6.790294e-10	-2.117823e+01	-4.500709e+01
1.160000e-06	-3.008069e-06	-6.693983e-10	-2.090605e+01	-4.469991e+01
1.170000e-06	-2.968815e-06	-6.630269e-10	-2.063324e+01	-4.438906e+01
1.180000e-06	-2.929506e-06	-6.595138e-10	-2.036004e+01	-4.407461e+01
1.190000e-06	-2.890021e-06	-6.540241e-10	-2.008562e+01	-4.375664e+01
1.200000e-06	-2.850337e-06	-6.495659e-10	-1.980982e+01	-4.343524e+01
1.210000e-06	-2.810497e-06	-6.468848e-10	-1.953293e+01	-4.311049e+01
1.220000e-06	-2.770452e-06	-6.417211e-10	-1.925462e+01	-4.278244e+01
1.230000e-06	-2.730150e-06	-6.344665e-10	-1.897452e+01	-4.245117e+01
1.240000e-06	-2.689670e-06	-6.290990e-10	-1.869318e+01	-4.211674e+01
1.250000e-06	-2.649004e-06	-6.235316e-10	-1.841056e+01	-4.177918e+01
1.260000e-06	-2.608123e-06	-6.176243e-10	-1.812643e+01	-4.143854e+01
1.270000e-06	-2.566966e-06	-6.115830e-10	-1.784039e+01	-4.109484e+01
1.280000e-06	-2.525419e-06	-6.075921e-10	-1.755164e+01	-4.074807e+01
1.290000e-06	-2.483536e-06	-6.026008e-10	-1.726056e+01	-4.039825e+01
1.300000e-06	-2.441353e-06	-5.949786e-10	-1.696738e+01	-4.004534e+01
1.310000e-06	-2.398919e-06	-5.870586e-10	-1.667247e+01	-3.968929e+01
1.320000e-06	-2.356236e-06	-5.799036e-10	-1.637582e+01	-3.933004e+01
1.330000e-06	-2.313209e-06	-5.710458e-10	-1.607678e+01	-3.896751e+01
1.340000e-06	-2.269988e-06	-5.636788e-10	-1.577640e+01	-3.860159e+01
1.350000e-06	-2.226703e-06	-5.582327e-10	-1.547556e+01	-3.823214e+01
1.360000e-06	-2.183377e-06	-5.516348e-10	-1.517445e+01	-3.785902e+01
1.370000e-06	-2.139937e-06	-5.457128e-10	-1.487254e+01	-3.748204e+01
1.380000e-06	-2.096308e-06	-5.436294e-10	-1.456932e+01	-3.710101e+01
1.390000e-06	-2.052599e-06	-5.395300e-10	-1.426554e+01	-3.671569e+01
1.400000e-06	-2.008862e-06	-5.313343e-10	-1.396157e+01	-3.632583e+01
1.410000e-06	-1.965000e-06	-5.217470e-10	-1.365674e+01	-3.593115e+01
1.420000e-06	-1.920995e-06	-5.135088e-10	-1.335090e+01	-3.553135e+01
1.430000e-06	-1.876938e-06	-5.044376e-10	-1.304470e+01	-3.512609e+01
1.440000e-06	-1.832815e-06	-4.965789e-10	-1.273805e+01	-3.471504e+01
1.450000e-06	-1.788549e-06	-4.922280e-10	-1.243040e+01	-3.429781e+01
1.460000e-06	-1.744175e-06	-4.862833e-10	-1.212200e+01	-3.387401e+01
1.470000e-06	-1.699688e-06	-4.777338e-10	-1.181282e+01	-3.344322e+01
1.480000e-06	-1.655100e-06	-4.690241e-10	-1.150293e+01	-3.300502e+01
1.490000e-06	-1.610390e-06	-4.610538e-10	-1.119219e+01	-3.255894e+01
1.500000e-06	-1.565523e-06	-4.519209e-10	-1.088037e+01	-3.210452e+01
1.510000e-06	-1.520537e-06	-4.436485e-10	-1.056772e+01	-3.164129e+01
1.520000e-06	-1.475398e-06	-4.367079e-10	-1.025401e+01	-3.116875e+01
1.530000e-06	-1.430124e-06	-4.270342e-10	-9.939352e+00	-3.068640e+01
1.540000e-06	-1.384799e-06	-4.150516e-10	-9.624344e+00	-3.019374e+01
1.550000e-06	-1.339447e-06	-4.042705e-10	-9.309144e+00	-2.969027e+01
1.560000e-06	-1.293932e-06	-3.963349e-10	-8.992818e+00	-2.917548e+01
1.570000e-06	-1.248296e-06	-3.884681e-10	-8.675649e+00	-2.864885e+01
1.580000e-06	-1.202610e-06	-3.820547e-10	-8.358128e+00	-2.810990e+01
1.590000e-06	-1.156849e-06	-3.761726e-10	-8.040092e+00	-2.755813e+01
1.600000e-06	-1.111051e-06	-3.674821e-10	-7.721798e+00	-2.699307e+01
1.610000e-06	-1.065157e-06	-3.576126e-10	-7.402832e+00	-2.641426e+01
1.620000e-06	-1.019076e-06	-3.479239e-10	-7.082568e+00	-2.582124e+01
1.630000e-06	-9.728868e-07	-3.409076e-10	-6.761555e+00	-2.521360e+01
1.640000e-06	-9.266397e-07	-3.349379e-10	-6.440138e+00	-2.459093e+01
1.650000e-06	-8.803124e-07	-3.264912e-10	-6.118164e+00	-2.395287e+01
1.660000e-06	-8.339272e-07	-3.157168e-10	-5.795787e+00	-2.329907e+01
1.670000e-06	-7.875005e-07	-3.032623e-10	-5.473122e+00	-2.262923e+01
1.680000e-06	-7.410633e-07	-2.896343e-10	-5.150384e+00	-2.194308e+01
1.690000e-06	-6.945299e-07	-2.793713e-10	-4.826977e+00	-2.124038e+01
1.700000e-06	-6.479209e-07	-2.724141e-10	-4.503045e+00	-2.052093e+01
1.710000e-06	-6.012959e-07	-2.657244e-10	-4.179001e+00	-1.978460e+01
1.720000e-06	-5.546860e-07	-2.556193e-10	-3.855063e+00	-1.903127e+01
1.730000e-06	-5.080756e-07	-2.400940e-10	-3.531121e+00	-1.826089e+01
1.740000e-06	-4.613955e-07	-2.220666e-10	-3.206695e+00	-1.747344e+01
1.750000e-06	-4.146276e-07	-2.055349e-10	-2.881658e+00	-1.666897e+01
1.760000e-06	-3.678136e-07	-1.937704e-10	-2.556302e+00	-1.584757e+01
1.770000e-06	-3.209065e-07	-1.873943e-10	-2.230297e+00	-1.500937e+01
1.780000e-06	-2.740125e-07	-1.814680e-10	-1.904384e+00	-1.415457e+01
1.790000e-06	-2.271258e-07	-1.734809e-10	-1.578523e+00	-1.328341e+01
1.800000e-06	-1.802530e-07	-1.613124e-10	-1.252757e+00	-1.239619e+01
1.810000e-06	-1.335338e-07	-1.461846e-10	-9.280588e-01	-1.149326e+01
1.820000e-06	-8.675974e-08	-1.317363e-10	-6.029794e-01	-1.057500e+01
1.830000e-06	-3.990289e-08	-1.188013e-10	-2.773248e-01	-9.641880e+00
1.840000e-06	6.998611e-09	-1.070478e-10	4.864029e-02	-8.694380e+00
1.850000e-06	5.397952e-08	-9.696431e-11	3.751572e-01	-7.733045e+00
1.860000e-06	1.009333e-07	-8.825893e-11	7.014857e-01	-6.758461e+00
1.870000e-06	1.479234e-07	-7.628512e-11	1.028066e+00	-5.771256e+00
1.880000e-06	1.949354e-07	-5.875517e-11	1.354799e+00	-4.772100e+00
1.890000e-06	2.418292e-07	-3.903760e-11	1.680711e+00	-3.761700e+00
1.900000e-06	2.887048e-07	-2.165150e-11	2.006496e+00	-2.740799e+00
1.910000e-06	3.356099e-07	-7.310346e-12	2.332486e+00	-1.710172e+00
1.920000e-06	3.824651e-07	4.006442e-12	2.658129e+00	-6.706239e-01
1.930000e-06	4.292574e-07	1.369811e-11	2.983335e+00	3.770155e-01
1.940000e-06	4.760061e-07	2.583314e-11	3.308238e+00	1.431892e+00
1.950000e-06	5.226993e-07	4.120765e-11	3.632756e+00	2.493133e+00
1.960000e-06	5.693001e-07	5.746096e-11	3.956631e+00	3.559849e+00
1.970000e-06	6.157973e-07	7.405506e-11	4.279786e+00	4.631138e+00
1.980000e-06	6.621912e-07	9.055335e-11	4.602223e+00	5.706089e+00
1.990000e-06	7.085229e-07	1.063601e-10	4.924228e+00	6.783785e+00
2.000000e-06	7.549148e-07	1.196231e-10	5.246651e+00	7.863308e+00
2.010000e-06	8.012864e-07	1.343375e-10	5.568933e+00	8.943741e+00
2.020000e-06	8.475597e-07	1.531318e-10	5.890533e+00	1.002417e+01
2.030000e-06	8.938036e-07	1.722869e-10	6.211927e+00	1.110369e+01
2.040000e-06	9.399469e-07	1.885645e-10	6.532623e+00	1.218141e+01
2.050000e-06	9.859608e-07	2.025042e-10	6.852419e+00	1.325645e+01
2.060000e-06	1.031882e-06	2.156985e-10	7.171571e+00	1.432795e+01
2.070000e-06	1.077806e-06	2.297439e-10	7.490740e+00	1.539505e+01
2.080000e-06	1.123692e-06	2.457595e-10	7.809649e+00	1.645695e+01
2.090000e-06	1.169456e-06	2.632642e-10	8.127711e+00	1.751285e+01
2.100000e-06	1.215145e-06	2.821587e-10	8.445248e+00	1.856198e+01
2.110000e-06	1.260718e-06	2.986217e-10	8.761982e+00	1.960358e+01
2.120000e-06	1.306210e-06	3.110888e-10	9.078150e+00	2.063697e+01
2.130000e-06	1.351682e-06	3.222475e-10	9.394175e+00	2.166144e+01
2.140000e-06	1.397038e-06	3.353228e-10	9.709403e+00	2.267637e+01
2.150000e-06	1.442285e-06	3.508350e-10	1.002387e+01	2.368113e+01
2.160000e-06	1.487408e-06	3.675453e-10	1.033747e+01	2.467514e+01
2.170000e-06	1.532399e-06	3.850300e-10	1.065016e+01	2.565786e+01
2.180000e-06	1.577344e-06	4.027586e-10	1.096253e+01	2.662879e+01
2.190000e-06	1.622230e-06	4.171767e-10	1.127448e+01	2.758744e+01
2.200000e-06	1.667021e-06	4.287795e-10	1.158578e+01	2.853339e+01
2.210000e-06	1.711590e-06	4.393047e-10	1.189553e+01	2.946622e+01
2.220000e-06	1.755957e-06	4.503499e-10	1.220389e+01	3.038557e+01
2.230000e-06	1.800208e-06	4.632657e-10	1.251143e+01	3.129110e+01
2.240000e-06	1.844273e-06	4.767933e-10	1.281768e+01	3.218251e+01
2.250000e-06	1.888206e-06	4.896774e-10	1.312302e+01	3.305954e+01
2.260000e-06	1.932097e-06	5.027314e-10	1.342805e+01	3.392193e+01
2.270000e-06	1.975927e-06	5.194605e-10	1.373268e+01	3.476948e+01
2.280000e-06	2.019658e-06	5.342394e-10	1.403661e+01	3.560202e+01
2.290000e-06	2.063318e-06	5.459068e-10	1.434004e+01	3.641937e+01
2.300000e-06	2.106932e-06	5.558923e-10	1.464316e+01	3.722143e+01
2.310000e-06	2.150512e-06	5.643109e-10	1.494604e+01	3.800807e+01
2.320000e-06	2.194045e-06	5.724814e-10	1.524860e+01	3.877923e+01
2.330000e-06	2.237454e-06	5.822092e-10	1.555029e+01	3.953483e+01
2.340000e-06	2.280721e-06	5.952056e-10	1.585099e+01	4.027485e+01
2.350000e-06	2.323819e-06	6.099776e-10	1.615052e+01	4.099925e+01
2.360000e-06	2.366684e-06	6.245675e-10	1.644844e+01	4.170804e+01
2.370000e-06	2.409312e-06	6.353683e-10	1.674470e+01	4.240123e+01
2.380000e-06	2.451614e-06	6.423648e-10	1.703870e+01	4.307885e+01
2.390000e-06	2.493480e-06	6.489145e-10	1.732966e+01	4.374093e+01
2.400000e-06	2.534999e-06	6.558342e-10	1.761822e+01	4.438753e+01
2.410000e-06	2.576270e-06	6.632441e-10	1.790506e+01	4.501872e+01
2.420000e-06	2.617323e-06	6.719063e-10	1.819037e+01	4.563458e+01
2.430000e-06	2.658152e-06	6.826508e-10	1.847413e+01	4.623518e+01
2.440000e-06	2.698728e-06	6.929432e-10	1.875614e+01	4.682064e+01
2.450000e-06	2.738978e-06	7.000103e-10	1.903588e+01	4.739105e+01
2.460000e-06	2.778950e-06	7.085058e-10	1.931368e+01	4.794654e+01
2.470000e-06	2.818767e-06	7.173494e-10	1.959041e+01	4.848722e+01
2.480000e-06	2.858431e-06	7.240445e-10	1.986607e+01	4.901323e+01
2.490000e-06	2.897985e-06	7.312055e-10	2.014097e+01	4.952471e+01
2.500000e-06	2.937487e-06	7.388618e-10	2.041551e+01	5.002180e+01
2.510000e-06	2.976823e-06	7.456127e-10	2.068889e+01	5.050467e+01
2.520000e-06	3.016016e-06	7.524175e-10	2.096128e+01	5.097348e+01
2.530000e-06	3.055103e-06	7.583596e-10	2.123294e+01	5.142841e+01
2.540000e-06	3.093985e-06	7.631284e-10	2.150317e+01	5.186963e+01
2.550000e-06	3.132624e-06	7.690715e-10	2.177171e+01	5.229734e+01
2.560000e-06	3.170984e-06	7.763576e-10	2.203831e+01	5.271175e+01
2.570000e-06	3.209043e-06	7.830665e-10	2.230282e+01	5.311305e+01
2.580000e-06	3.246858e-06	7.889929e-10	2.256564e+01	5.350148e+01
2.590000e-06	3.284549e-06	7.963609e-10	2.282759e+01	5.387726e+01
2.600000e-06	3.322070e-06	8.027075e-10	2.308836e+01	5.424063e+01
2.610000e-06	3.359306e-06	8.045932e-10	2.334715e+01	5.459185e+01
2.620000e-06	3.396271e-06	8.033594e-10	2.360405e+01	5.493116e+01
2.630000e-06	3.433006e-06	8.031322e-10	2.385936e+01	5.525885e+01
2.640000e-06	3.469472e-06	8.079636e-10	2.411280e+01	5.557520e+01
2.650000e-06	3.505684e-06	8.162920e-10	2.436447e+01	5.588050e+01
2.660000e-06	3.541687e-06	8.260182e-10	2.461469e+01	5.617504e+01
2.670000e-06	3.577515e-06	8.338324e-10	2.486370e+01	5.645914e+01
2.680000e-06	3.613200e-06	8.404117e-10	2.511171e+01	5.673312e+01
2.690000e-06	3.648784e-06	8.442803e-10	2.535902e+01	5.699731e+01
2.700000e-06	3.684238e-06	8.422098e-10	2.560542e+01	5.725203e+01
2.710000e-06	3.719487e-06	8.401203e-10	2.585040e+01	5.749764e+01
2.720000e-06	3.754568e-06	8.434866e-10	2.609422e+01	5.773448e+01
2.730000e-06	3.789368e-06	8.528644e-10	2.633607e+01	5.796290e+01
2.740000e-06	3.823605e-06	8.635780e-10	2.657402e+01	5.818327e+01
2.750000e-06	3.857369e-06	8.720553e-10	2.680868e+01	5.839593e+01
2.760000e-06	3.890741e-06	8.763587e-10	2.704062e+01	5.860125e+01
2.770000e-06	3.923627e-06	8.781132e-10	2.726918e+01	5.879959e+01
2.780000e-06	3.956102e-06	8.796209e-10	2.749488e+01	5.899130e+01
2.790000e-06	3.988236e-06	8.811246e-10	2.771820e+01	5.917675e+01
2.800000e-06	4.020069e-06	8.831228e-10	2.793944e+01	5.935628e+01
2.810000e-06	4.051708e-06	8.869474e-10	2.815934e+01	5.953022e+01
2.820000e-06	4.083233e-06	8.928086e-10	2.837844e+01	5.969893e+01
2.830000e-06	4.114637e-06	8.993892e-10	2.859669e+01	5.986272e+01
2.840000e-06	4.145879e-06	9.065898e-10	2.881382e+01	6.002191e+01
2.850000e-06	4.176819e-06	9.141013e-10	2.902886e+01	6.017679e+01
2.860000e-06	4.207398e-06	9.168900e-10	2.924138e+01	6.032766e+01
2.870000e-06	4.237668e-06	9.171395e-10	2.945176e+01	6.047478e+01
2.880000e-06	4.267567e-06	9.173100e-10	2.965955e+01	6.061841e+01
2.890000e-06	4.297140e-06	9.185224e-10	2.986509e+01	6.075878e+01
2.900000e-06	4.326514e-06	9.215551e-10	3.006923e+01	6.089611e+01
2.910000e-06	4.355639e-06	9.253642e-10	3.027165e+01	6.103058e+01
2.920000e-06	4.384521e-06	9.302979e-10	3.047238e+01	6.116238e+01
2.930000e-06	4.413077e-06	9.352766e-10	3.067085e+01	6.129166e+01
2.940000e-06	4.441225e-06	9.395105e-10	3.086648e+01	6.141853e+01
2.950000e-06	4.469134e-06	9.409813e-10	3.106045e+01	6.154311e+01
2.960000e-06	4.496838e-06	9.412946e-10	3.125299e+01	6.166547e+01
2.970000e-06	4.524378e-06	9.418078e-10	3.144439e+01	6.178567e+01
2.980000e-06	4.551783e-06	9.430457e-10	3.163485e+01	6.190375e+01
2.990000e-06	4.578944e-06	9.477975e-10	3.182362e+01	6.201971e+01
3.000000e-06	4.605722e-06	9.531729e-10	3.200973e+01	6.213354e+01
3.010000e-06	4.631940e-06	9.548630e-10	3.219194e+01	6.224520e+01
3.020000e-06	4.657594e-06	9.568257e-10	3.237024e+01	6.235464e+01
3.030000e-06	4.682714e-06	9.597374e-10	3.254483e+01	6.246179e+01
3.040000e-06	4.707249e-06	9.601522e-10	3.271534e+01	6.256655e+01
3.050000e-06	4.731354e-06	9.578338e-10	3.288287e+01	6.266882e+01
3.060000e-06	4.755184e-06	9.564368e-10	3.304849e+01	6.276845e+01
3.070000e-06	4.778784e-06	9.564892e-10	3.321251e+01	6.286532e+01
3.080000e-06	4.802153e-06	9.573189e-10	3.337493e+01	6.295927e+01
3.090000e-06	4.825265e-06	9.596474e-10	3.353555e+01	6.305014e+01
3.100000e-06	4.848059e-06	9.632026e-10	3.369397e+01	6.313776e+01
3.110000e-06	4.870436e-06	9.632045e-10	3.384949e+01	6.322196e+01
3.120000e-06	4.892405e-06	9.622396e-10	3.400217e+01	6.330255e+01
3.130000e-06	4.914062e-06	9.621504e-10	3.415269e+01	6.337936e+01
3.140000e-06	4.935449e-06	9.618350e-10	3.430133e+01	6.345220e+01
3.150000e-06	4.956533e-06	9.624797e-10	3.444786e+01	6.352091e+01
3.160000e-06	4.977290e-06	9.643202e-10	3.459213e+01	6.358531e+01
3.170000e-06	4.997679e-06	9.673273e-10	3.473383e+01	6.364524e+01
3.180000e-06	5.017720e-06	9.703843e-10	3.487311e+01	6.370055e+01
3.190000e-06	5.037473e-06	9.730558e-10	3.501039e+01	6.375110e+01
3.200000e-06	5.057000e-06	9.725079e-10	3.514611e+01	6.379676e+01
3.210000e-06	5.076330e-06	9.702581e-10	3.528045e+01	6.383743e+01
3.220000e-06	5.095420e-06	9.672057e-10	3.541312e+01	6.387300e+01
3.230000e-06	5.114152e-06	9.638326e-10	3.554331e+01	6.390342e+01
3.240000e-06	5.132359e-06	9.616256e-10	3.566985e+01	6.392862e+01
3.250000e-06	5.150082e-06	9.608164e-10	3.579302e+01	6.394857e+01
3.260000e-06	5.167347e-06	9.627799e-10	3.591302e+01	6.396327e+01
3.270000e-06	5.184215e-06	9.688324e-10	3.603025e+01	6.397273e+01
3.280000e-06	5.200864e-06	9.759373e-10	3.614596e+01	6.397698e+01
3.290000e-06	5.217310e-06	9.771945e-10	3.626026e+01	6.397610e+01
3.300000e-06	5.233404e-06	9.718521e-10	3.637211e+01	6.397016e+01
3.310000e-06	5.248999e-06	9.675261e-10	3.648050e+01	6.395929e+01
3.320000e-06	5.264065e-06	9.663138e-10	3.658521e+01	6.394361e+01
3.330000e-06	5.278688e-06	9.687854e-10	3.668684e+01	6.392328e+01
3.340000e-06	5.292870e-06	9.732964e-10	3.678540e+01	6.389849e+01
3.350000e-06	5.306586e-06	9.784076e-10	3.688072e+01	6.386944e+01
3.360000e-06	5.319941e-06	9.854189e-10	3.697354e+01	6.383635e+01
3.370000e-06	5.332973e-06	9.903041e-10	3.706412e+01	6.379946e+01
3.380000e-06	5.345664e-06	9.912513e-10	3.715232e+01	6.375903e+01
3.390000e-06	5.357945e-06	9.896124e-10	3.723767e+01	6.371534e+01
3.400000e-06	5.369862e-06	9.866679e-10	3.732050e+01	6.366868e+01
3.410000e-06	5.381452e-06	9.851846e-10	3.740104e+01	6.361934e+01
3.420000e-06	5.392680e-06	9.867610e-10	3.747908e+01	6.356764e+01
3.430000e-06	5.403429e-06	9.922367e-10	3.755378e+01	6.351389e+01
3.440000e-06	5.413657e-06	9.983245e-10	3.762487e+01	6.345842e+01
3.450000e-06	5.423164e-06	1.000483e-09	3.769094e+01	6.340155e+01
3.460000e-06	5.431889e-06	9.966833e-10	3.775158e+01	6.334361e+01
3.470000e-06	5.440140e-06	9.911279e-10	3.780892e+01	6.328491e+01
3.480000e-06	5.448081e-06	9.901480e-10	3.786411e+01	6.322578e+01
3.490000e-06	5.455759e-06	9.922995e-10	3.791748e+01	6.316652e+01
3.500000e-06	5.463169e-06	9.947200e-10	3.796898e+01	6.310745e+01
3.510000e-06	5.470295e-06	9.969127e-10	3.801850e+01	6.304883e+01
3.520000e-06	5.477071e-06	9.998121e-10	3.806560e+01	6.299096e+01
3.530000e-06	5.483443e-06	1.001550e-09	3.810988e+01	6.293410e+01
3.540000e-06	5.489447e-06	9.998989e-10	3.815161e+01	6.287847e+01
3.550000e-06	5.495097e-06	9.977063e-10	3.819088e+01	6.282431e+01
3.560000e-06	5.500366e-06	9.985064e-10	3.822750e+01	6.277182e+01
3.570000e-06	5.505232e-06	1.000953e-09	3.826131e+01	6.272117e+01
3.580000e-06	5.509653e-06	1.002143e-09	3.829204e+01	6.267251e+01
3.590000e-06	5.513722e-06	1.001185e-09	3.832032e+01	6.262598e+01
3.600000e-06	5.517544e-06	1.001599e-09	3.834688e+01	6.258167e+01
3.610000e-06	5.521121e-06	1.003461e-09	3.837174e+01	6.253966e+01
3.620000e-06	5.524443e-06	1.004266e-09	3.839483e+01	6.250000e+01
3.630000e-06	5.527475e-06	1.003484e-09	3.841590e+01	6.246271e+01
3.640000e-06	5.529983e-06	1.003283e-09	3.843334e+01	6.242778e+01
3.650000e-06	5.531797e-06	1.005315e-09	3.844594e+01	6.239517e+01
3.660000e-06	5.532969e-06	1.007526e-09	3.845409e+01	6.236483e+01
3.670000e-06	5.533609e-06	1.010019e-09	3.845854e+01	6.233667e+01
3.680000e-06	5.533820e-06	1.014331e-09	3.846000e+01	6.231057e+01
3.690000e-06	5.533704e-06	1.018485e-09	3.845920e+01	6.228640e+01
3.700000e-06	5.533419e-06	1.020838e-09	3.845721e+01	6.226398e+01
3.710000e-06	5.532876e-06	1.019503e-09	3.845344e+01	6.224316e+01
3.720000e-06	5.531955e-06	1.014951e-09	3.844704e+01	6.222370e+01
3.730000e-06	5.530615e-06	1.014781e-09	3.843772e+01	6.220541e+01
3.740000e-06	5.528857e-06	1.025448e-09	3.842551e+01	6.218803e+01
3.750000e-06	5.526784e-06	1.033868e-09	3.841110e+01	6.217132e+01
3.760000e-06	5.524436e-06	1.009449e-09	3.839478e+01	6.215500e+01
3.770000e-06	5.521791e-06	9.638592e-10	3.837640e+01	6.213880e+01
3.780000e-06	5.518669e-06	9.376967e-10	3.835470e+01	6.212243e+01
3.790000e-06	5.514985e-06	9.197521e-10	3.832910e+01	6.210561e+01
3.800000e-06	5.510888e-06	9.539391e-10	3.830062e+01	6.208802e+01
3.810000e-06	5.506560e-06	1.060045e-09	3.827055e+01	6.206938e+01
3.820000e-06	5.502068e-06	1.076151e-09	3.823933e+01	6.204938e+01
3.830000e-06	5.497295e-06	1.003248e-09	3.820615e+01	6.202773e+01
3.840000e-06	5.491996e-06	9.474569e-10	3.816932e+01	6.200414e+01
3.850000e-06	5.486172e-06	9.597059e-10	3.812885e+01	6.197831e+01
3.860000e-06	5.480013e-06	1.005671e-09	3.808604e+01	6.194998e+01
3.870000e-06	5.473476e-06	9.633295e-10	3.804061e+01	6.191887e+01
3.880000e-06	5.466403e-06	9.445604e-10	3.799146e+01	6.188472e+01
3.890000e-06	5.458673e-06	9.953664e-10	3.793773e+01	6.184731e+01
3.900000e-06	5.450431e-06	1.015344e-09	3.788045e+01	6.180639e+01
3.910000e-06	5.441915e-06	9.118052e-10	3.782126e+01	6.176177e+01
3.920000e-06	5.433132e-06	8.532370e-10	3.776022e+01	6.171324e+01
3.930000e-06	5.423994e-06	9.585870e-10	3.769671e+01	6.166064e+01
3.940000e-06	5.414555e-06	1.026533e-09	3.763111e+01	6.160382e+01
3.950000e-06	5.404828e-06	9.497876e-10	3.756351e+01	6.154263e+01
3.960000e-06	5.394621e-06	8.803558e-10	3.749257e+01	6.147696e+01
3.970000e-06	5.383958e-06	9.381641e-10	3.741846e+01	6.140673e+01
3.980000e-06	5.372985e-06	9.518935e-10	3.734220e+01	6.133187e+01
3.990000e-06	5.361672e-06	8.964208e-10	3.726357e+01	6.125233e+01
4.000000e-06	5.349918e-06	8.780480e-10	3.718189e+01	6.116808e+01
4.010000e-06	5.337736e-06	9.138668e-10	3.709722e+01	6.107911e+01
4.020000e-06	5.325129e-06	9.047551e-10	3.700960e+01	6.098545e+01
4.030000e-06	5.312128e-06	8.812750e-10	3.691925e+01	6.088712e+01
4.040000e-06	5.298801e-06	8.654292e-10	3.682662e+01	6.078419e+01
4.050000e-06	5.284964e-06	8.661164e-10	3.673046e+01	6.067673e+01
4.060000e-06	5.270488e-06	8.767264e-10	3.662985e+01	6.056482e+01
4.070000e-06	5.255371e-06	8.783500e-10	3.652478e+01	6.044857e+01
4.080000e-06	5.239660e-06	8.669177e-10	3.641559e+01	6.032812e+01
4.090000e-06	5.223507e-06	8.917490e-10	3.630333e+01	6.020358e+01
4.100000e-06	5.207105e-06	9.057041e-10	3.618934e+01	6.007512e+01
4.110000e-06	5.190493e-06	8.438871e-10	3.607388e+01	5.994289e+01
4.120000e-06	5.173562e-06	8.365615e-10	3.595621e+01	5.980706e+01
4.130000e-06	5.156261e-06	9.187587e-10	3.583597e+01	5.966781e+01
4.140000e-06	5.138589e-06	8.996842e-10	3.571315e+01	5.952533e+01
4.150000e-06	5.120484e-06	8.154871e-10	3.558732e+01	5.937980e+01
4.160000e-06	5.102007e-06	8.821697e-10	3.545891e+01	5.923141e+01
4.170000e-06	5.083228e-06	9.261711e-10	3.532839e+01	5.908037e+01
4.180000e-06	5.064135e-06	8.225268e-10	3.519569e+01	5.892686e+01
4.190000e-06	5.044718e-06	8.330187e-10	3.506075e+01	5.877108e+01
4.200000e-06	5.024989e-06	9.438674e-10	3.492363e+01	5.861323e+01
4.210000e-06	5.004987e-06	8.578073e-10	3.478462e+01	5.845348e+01
4.220000e-06	4.984704e-06	7.870277e-10	3.464365e+01	5.829202e+01
4.230000e-06	4.964227e-06	9.050711e-10	3.450133e+01	5.812903e+01
4.240000e-06	4.943547e-06	8.979610e-10	3.435761e+01	5.796467e+01
4.250000e-06	4.922539e-06	7.728726e-10	3.421160e+01	5.779910e+01
4.260000e-06	4.901019e-06	8.499479e-10	3.406204e+01	5.763248e+01
4.270000e-06	4.878925e-06	9.154358e-10	3.390849e+01	5.746493e+01
4.280000e-06	4.856230e-06	8.117197e-10	3.375075e+01	5.729658e+01
4.290000e-06	4.832986e-06	8.278455e-10	3.358921e+01	5.712756e+01
4.300000e-06	4.809306e-06	9.212462e-10	3.342463e+01	5.695795e+01
4.310000e-06	4.785224e-06	8.444224e-10	3.325727e+01	5.678784e+01
4.320000e-06	4.760917e-06	8.021613e-10	3.308833e+01	5.661731e+01
4.330000e-06	4.736416e-06	8.816037e-10	3.291805e+01	5.644642e+01
4.340000e-06	4.711684e-06	8.523000e-10	3.274616e+01	5.627520e+01
4.350000e-06	4.686651e-06	7.872593e-10	3.257219e+01	5.610370e+01
4.360000e-06	4.661249e-06	8.365013e-10	3.239564e+01	5.593191e+01
4.370000e-06	4.635477e-06	8.465816e-10	3.221652e+01	5.575984e+01
4.380000e-06	4.609332e-06	8.000277e-10	3.203482e+01	5.558748e+01
4.390000e-06	4.582956e-06	8.248885e-10	3.185151e+01	5.541479e+01
4.400000e-06	4.556333e-06	8.441367e-10	3.166648e+01	5.524174e+01
4.410000e-06	4.529376e-06	8.002051e-10	3.147913e+01	5.506826e+01
4.420000e-06	4.502043e-06	7.925815e-10	3.128916e+01	5.489429e+01
4.430000e-06	4.474366e-06	8.175891e-10	3.109680e+01	5.471974e+01
4.440000e-06	4.446453e-06	8.056392e-10	3.090281e+01	5.454452e+01
4.450000e-06	4.418344e-06	7.972674e-10	3.070745e+01	5.436853e+01
4.460000e-06	4.390051e-06	8.084240e-10	3.051082e+01	5.419165e+01
4.470000e-06	4.361548e-06	8.061426e-10	3.031272e+01	5.401376e+01
4.480000e-06	4.332775e-06	7.960891e-10	3.011275e+01	5.383473e+01
4.490000e-06	4.303672e-06	7.979728e-10	2.991048e+01	5.365442e+01
4.500000e-06	4.274178e-06	7.912733e-10	2.970550e+01	5.347269e+01
4.510000e-06	4.244077e-06	7.810281e-10	2.949630e+01	5.328938e+01
4.520000e-06	4.213417e-06	7.867678e-10	2.928321e+01	5.310434e+01
4.530000e-06	4.182365e-06	7.964609e-10	2.906740e+01	5.291740e+01
4.540000e-06	4.150810e-06	7.881504e-10	2.884810e+01	5.272843e+01
4.550000e-06	4.118905e-06	7.845242e-10	2.862635e+01	5.253724e+01
4.560000e-06	4.086836e-06	7.850345e-10	2.840348e+01	5.234368e+01
4.570000e-06	4.054611e-06	7.732521e-10	2.817951e+01	5.214759e+01
4.580000e-06	4.022196e-06	7.653430e-10	2.795423e+01	5.194881e+01
4.590000e-06	3.989581e-06	7.732444e-10	2.772756e+01	5.174719e+01
4.600000e-06	3.956770e-06	7.658548e-10	2.749952e+01	5.154257e+01
4.610000e-06	3.923627e-06	7.539833e-10	2.726918e+01	5.133481e+01
4.620000e-06	3.890107e-06	7.616122e-10	2.703621e+01	5.112378e+01
4.630000e-06	3.856337e-06	7.646627e-10	2.680151e+01	5.090932e+01
4.640000e-06	3.822353e-06	7.520947e-10	2.656532e+01	5.069133e+01
4.650000e-06	3.788153e-06	7.502807e-10	2.632763e+01	5.046968e+01
4.660000e-06	3.753748e-06	7.531565e-10	2.608852e+01	5.024427e+01
4.670000e-06	3.719035e-06	7.437549e-10	2.584726e+01	5.001499e+01
4.680000e-06	3.683945e-06	7.388459e-10	2.560339e+01	4.978175e+01
4.690000e-06	3.648545e-06	7.446930e-10	2.535736e+01	4.954448e+01
4.700000e-06	3.612959e-06	7.411849e-10	2.511003e+01	4.930312e+01
4.710000e-06	3.577155e-06	7.322558e-10	2.486120e+01	4.905759e+01
4.720000e-06	3.541142e-06	7.380006e-10	2.461091e+01	4.880787e+01
4.730000e-06	3.505019e-06	7.414025e-10	2.435985e+01	4.855391e+01
4.740000e-06	3.468756e-06	7.293367e-10	2.410783e+01	4.829570e+01
4.750000e-06	3.432414e-06	7.203003e-10	2.385525e+01	4.803322e+01
4.760000e-06	3.395981e-06	7.196605e-10	2.360204e+01	4.776648e+01
4.770000e-06	3.359259e-06	7.142664e-10	2.334682e+01	4.749548e+01
4.780000e-06	3.322274e-06	7.134784e-10	2.308977e+01	4.722026e+01
4.790000e-06	3.284960e-06	7.193526e-10	2.283045e+01	4.694083e+01
4.800000e-06	3.247232e-06	7.199468e-10	2.256823e+01	4.665725e+01
4.810000e-06	3.209116e-06	7.122493e-10	2.230333e+01	4.636956e+01
4.820000e-06	3.170572e-06	7.084624e-10	2.203545e+01	4.607782e+01
4.830000e-06	3.131577e-06	7.032817e-10	2.176443e+01	4.578210e+01
4.840000e-06	3.092218e-06	6.943003e-10	2.149089e+01	4.548246e+01
4.850000e-06	3.052624e-06	6.899840e-10	2.121571e+01	4.517898e+01
4.860000e-06	3.012870e-06	6.906833e-10	2.093942e+01	4.487175e+01
4.870000e-06	2.972957e-06	6.901191e-10	2.066202e+01	4.456084e+01
4.880000e-06	2.932834e-06	6.891555e-10	2.038317e+01	4.424633e+01
4.890000e-06	2.892577e-06	6.879923e-10	2.010338e+01	4.392831e+01
4.900000e-06	2.852268e-06	6.824638e-10	1.982324e+01	4.360685e+01
4.910000e-06	2.811779e-06	6.744892e-10	1.954184e+01	4.328204e+01
4.920000e-06	2.771100e-06	6.725994e-10	1.925912e+01	4.295393e+01
4.930000e-06	2.730351e-06	6.720680e-10	1.897592e+01	4.262261e+01
4.940000e-06	2.689387e-06	6.690703e-10	1.869122e+01	4.228811e+01
4.950000e-06	2.648235e-06	6.676977e-10	1.840521e+01	4.195050e+01
4.960000e-06	2.606903e-06	6.671942e-10	1.811795e+01	4.160980e+01
4.970000e-06	2.565317e-06	6.634041e-10	1.782893e+01	4.126604e+01
4.980000e-06	2.523559e-06	6.583639e-10	1.753871e+01	4.091922e+01
4.990000e-06	2.481649e-06	6.563654e-10	1.724744e+01	4.056933e+01
5.000000e-06	2.439634e-06	6.533015e-10	1.695543e+01	4.021636e+01
5.010000e-06	2.397485e-06	6.460213e-10	1.666250e+01	3.986025e+01
5.020000e-06	2.355066e-06	6.391268e-10	1.636769e+01	3.950095e+01
5.030000e-06	2.312459e-06	6.365252e-10	1.607157e+01	3.913836e+01
5.040000e-06	2.269740e-06	6.330449e-10	1.577467e+01	3.877238e+01
5.050000e-06	2.226844e-06	6.291994e-10	1.547655e+01	3.840288e+01
5.060000e-06	2.183852e-06	6.254505e-10	1.517776e+01	3.802970e+01
5.070000e-06	2.140737e-06	6.193159e-10	1.487810e+01	3.765266e+01
5.080000e-06	2.097410e-06	6.104054e-10	1.457698e+01	3.727157e+01
5.090000e-06	2.053848e-06	6.044522e-10	1.427422e+01	3.688619e+01
5.100000e-06	2.010071e-06	5.986466e-10	1.396998e+01	3.649627e+01
5.110000e-06	1.966188e-06	5.909765e-10	1.366499e+01	3.610154e+01
5.120000e-06	1.922221e-06	5.831375e-10	1.335942e+01	3.570168e+01
5.130000e-06	1.878151e-06	5.781306e-10	1.305313e+01	3.529636e+01
5.140000e-06	1.834033e-06	5.724310e-10	1.274652e+01	3.488525e+01
5.150000e-06	1.789870e-06	5.637271e-10	1.243958e+01	3.446796e+01
5.160000e-06	1.745660e-06	5.557056e-10	1.213232e+01	3.404411e+01
5.170000e-06	1.701371e-06	5.495486e-10	1.182452e+01	3.361326e+01
5.180000e-06	1.656977e-06	5.419865e-10	1.151598e+01	3.317500e+01
5.190000e-06	1.612548e-06	5.344179e-10	1.120720e+01	3.272886e+01
5.200000e-06	1.568057e-06	5.269877e-10	1.089798e+01	3.227438e+01
5.210000e-06	1.523464e-06	5.188371e-10	1.058806e+01	3.181109e+01
5.220000e-06	1.478782e-06	5.101914e-10	1.027752e+01	3.133849e+01
5.230000e-06	1.434007e-06	4.990299e-10	9.966336e+00	3.085609e+01
5.240000e-06	1.389158e-06	4.858938e-10	9.654638e+00	3.036337e+01
5.250000e-06	1.344305e-06	4.755860e-10	9.342907e+00	2.985984e+01
5.260000e-06	1.299357e-06	4.710389e-10	9.030522e+00	2.934499e+01
5.270000e-06	1.254189e-06	4.663868e-10	8.716601e+00	2.881831e+01
5.280000e-06	1.208869e-06	4.582640e-10	8.401631e+00	2.827930e+01
5.290000e-06	1.163513e-06	4.465507e-10	8.086406e+00	2.772747e+01
5.300000e-06	1.118107e-06	4.344284e-10	7.770833e+00	2.716236e+01
5.310000e-06	1.072550e-06	4.207631e-10	7.454216e+00	2.658348e+01
5.320000e-06	1.026873e-06	4.096488e-10	7.136756e+00	2.599040e+01
5.330000e-06	9.810451e-07	4.018457e-10	6.818255e+00	2.538270e+01
5.340000e-06	9.351039e-07	3.971010e-10	6.498964e+00	2.475998e+01
5.350000e-06	8.891512e-07	3.913420e-10	6.179593e+00	2.412186e+01
5.360000e-06	8.431256e-07	3.812024e-10	5.859715e+00	2.346800e+01
5.370000e-06	7.970041e-07	3.689149e-10	5.539171e+00	2.279811e+01
5.380000e-06	7.508740e-07	3.570392e-10	5.218568e+00	2.211190e+01
5.390000e-06	7.047685e-07	3.457133e-10	4.898135e+00	2.140913e+01
5.400000e-06	6.586047e-07	3.353189e-10	4.577297e+00	2.068963e+01
5.410000e-06	6.122719e-07	3.234300e-10	4.255284e+00	1.995324e+01
5.420000e-06	5.658781e-07	3.146014e-10	3.932848e+00	1.919985e+01
5.430000e-06	5.194840e-07	3.069503e-10	3.610409e+00	1.842941e+01
5.440000e-06	4.730411e-07	2.971918e-10	3.287631e+00	1.764191e+01
5.450000e-06	4.266063e-07	2.845285e-10	2.964910e+00	1.683738e+01
5.460000e-06	3.800890e-07	2.693301e-10	2.641615e+00	1.601592e+01
5.470000e-06	3.335289e-07	2.549582e-10	2.318023e+00	1.517766e+01
5.480000e-06	2.869979e-07	2.388581e-10	1.994633e+00	1.432280e+01
5.490000e-06	2.403682e-07	2.258058e-10	1.670557e+00	1.345159e+01
5.500000e-06	1.936758e-07	2.142422e-10	1.346045e+00	1.256431e+01
5.510000e-06	1.470502e-07	2.039061e-10	1.021997e+00	1.166132e+01
5.520000e-06	1.004788e-07	1.921264e-10	6.983269e-01	1.074301e+01
5.530000e-06	5.391191e-08	1.783014e-10	3.746873e-01	9.809824e+00
5.540000e-06	7.304070e-09	1.638742e-10	5.076322e-02	8.862266e+00
5.550000e-06	-3.928801e-08	1.504228e-10	-2.730513e-01	7.900873e+00
5.560000e-06	-8.583337e-08	1.348293e-10	-5.965412e-01	6.926230e+00
5.570000e-06	-1.323775e-07	1.147963e-10	-9.200228e-01	5.938967e+00
5.580000e-06	-1.789578e-07	9.514371e-11	-1.243755e+00	4.939753e+00
5.590000e-06	-2.254755e-07	7.979172e-11	-1.567053e+00	3.929295e+00
5.600000e-06	-2.719883e-07	6.685116e-11	-1.890316e+00	2.908336e+00
5.610000e-06	-3.185430e-07	5.349179e-11	-2.213871e+00	1.877651e+00
5.620000e-06	-3.649783e-07	3.638101e-11	-2.536596e+00	8.380444e-01
5.630000e-06	-4.113436e-07	1.902447e-11	-2.858834e+00	-2.096532e-01
5.640000e-06	-4.577399e-07	1.840505e-12	-3.181288e+00	-1.264588e+00
5.650000e-06	-5.041373e-07	-1.539792e-11	-3.503750e+00	-2.325887e+00
5.660000e-06	-5.504403e-07	-3.297275e-11	-3.825555e+00	-3.392661e+00
5.670000e-06	-5.966486e-07	-5.175562e-11	-4.146702e+00	-4.464008e+00
5.680000e-06	-6.428284e-07	-7.121869e-11	-4.467652e+00	-5.539017e+00
5.690000e-06	-6.889089e-07	-9.132860e-11	-4.787911e+00	-6.616772e+00
5.700000e-06	-7.348590e-07	-1.112054e-10	-5.107264e+00	-7.696353e+00
5.710000e-06	-7.808139e-07	-1.320825e-10	-5.426650e+00	-8.776844e+00
5.720000e-06	-8.267595e-07	-1.518953e-10	-5.745971e+00	-9.857331e+00
5.730000e-06	-8.726135e-07	-1.706277e-10	-6.064657e+00	-1.093691e+01
5.740000e-06	-9.183777e-07	-1.882194e-10	-6.382717e+00	-1.201469e+01
5.750000e-06	-9.640349e-07	-2.053442e-10	-6.700034e+00	-1.308979e+01
5.760000e-06	-1.009545e-06	-2.237037e-10	-7.016330e+00	-1.416134e+01
5.770000e-06	-1.054907e-06	-2.426880e-10	-7.331598e+00	-1.522851e+01
5.780000e-06	-1.100269e-06	-2.616925e-10	-7.646859e+00	-1.629046e+01
5.790000e-06	-1.145555e-06	-2.824021e-10	-7.961595e+00	-1.734642e+01
5.800000e-06	-1.190659e-06	-3.023047e-10	-8.275071e+00	-1.839560e+01
5.810000e-06	-1.235630e-06	-3.192894e-10	-8.587619e+00	-1.943727e+01
5.820000e-06	-1.280522e-06	-3.348955e-10	-8.899617e+00	-2.047071e+01
5.830000e-06	-1.325392e-06	-3.507523e-10	-9.211461e+00	-2.149524e+01
5.840000e-06	-1.370197e-06	-3.649694e-10	-9.522856e+00	-2.251023e+01
5.850000e-06	-1.414888e-06	-3.804838e-10	-9.833456e+00	-2.351504e+01
5.860000e-06	-1.459487e-06	-3.997295e-10	-1.014342e+01	-2.450911e+01
5.870000e-06	-1.504075e-06	-4.181200e-10	-1.045331e+01	-2.549189e+01
5.880000e-06	-1.548559e-06	-4.339363e-10	-1.076247e+01	-2.646288e+01
5.890000e-06	-1.592984e-06	-4.485102e-10	-1.107122e+01	-2.742159e+01
5.900000e-06	-1.637405e-06	-4.612797e-10	-1.137995e+01	-2.836759e+01
5.910000e-06	-1.681719e-06	-4.743795e-10	-1.168794e+01	-2.930048e+01
5.920000e-06	-1.725980e-06	-4.879060e-10	-1.199555e+01	-3.021989e+01
5.930000e-06	-1.770234e-06	-5.030052e-10	-1.230311e+01	-3.112548e+01
5.940000e-06	-1.814398e-06	-5.202325e-10	-1.261005e+01	-3.201695e+01
5.950000e-06	-1.858442e-06	-5.359578e-10	-1.291615e+01	-3.289404e+01
5.960000e-06	-1.902411e-06	-5.483789e-10	-1.322174e+01	-3.375649e+01
5.970000e-06	-1.946297e-06	-5.581848e-10	-1.352675e+01	-3.460410e+01
5.980000e-06	-1.990028e-06	-5.709648e-10	-1.383068e+01	-3.543669e+01
5.990000e-06	-2.033592e-06	-5.883430e-10	-1.413345e+01	-3.625410e+01
6.000000e-06	-2.077011e-06	-6.042383e-10	-1.443521e+01	-3.705622e+01
6.010000e-06	-2.120284e-06	-6.160056e-10	-1.473596e+01	-3.784292e+01
6.020000e-06	-2.163411e-06	-6.261444e-10	-1.503569e+01	-3.861413e+01
6.030000e-06	-2.206359e-06	-6.351545e-10	-1.533418e+01	-3.936979e+01
6.040000e-06	-2.249039e-06	-6.457061e-10	-1.563080e+01	-4.010987e+01
6.050000e-06	-2.291507e-06	-6.567176e-10	-1.592596e+01	-4.083433e+01
6.060000e-06	-2.333889e-06	-6.681067e-10	-1.622051e+01	-4.154318e+01
6.070000e-06	-2.376157e-06	-6.812719e-10	-1.651427e+01	-4.223643e+01
6.080000e-06	-2.418260e-06	-6.945220e-10	-1.680689e+01	-4.291410e+01
6.090000e-06	-2.460230e-06	-7.056423e-10	-1.709858e+01	-4.357624e+01
6.100000e-06	-2.502094e-06	-7.121111e-10	-1.738954e+01	-4.422290e+01
6.110000e-06	-2.543814e-06	-7.181000e-10	-1.767948e+01	-4.485415e+01
6.120000e-06	-2.585260e-06	-7.242468e-10	-1.796753e+01	-4.547006e+01
6.130000e-06	-2.626468e-06	-7.308815e-10	-1.825393e+01	-4.607073e+01
6.140000e-06	-2.667522e-06	-7.398126e-10	-1.853925e+01	-4.665624e+01
6.150000e-06	-2.708342e-06	-7.506576e-10	-1.882295e+01	-4.722672e+01
6.160000e-06	-2.748970e-06	-7.590832e-10	-1.910532e+01	-4.778226e+01
6.170000e-06	-2.789462e-06	-7.662976e-10	-1.938674e+01	-4.832300e+01
6.180000e-06	-2.829866e-06	-7.753370e-10	-1.966754e+01	-4.884906e+01
6.190000e-06	-2.870197e-06	-7.846987e-10	-1.994784e+01	-4.936060e+01
6.200000e-06	-2.910391e-06	-7.935884e-10	-2.022719e+01	-4.985775e+01
6.210000e-06	-2.950432e-06	-8.024995e-10	-2.050548e+01	-5.034068e+01
6.220000e-06	-2.990319e-06	-8.099996e-10	-2.078269e+01	-5.080955e+01
6.230000e-06	-3.030046e-06	-8.153004e-10	-2.105880e+01	-5.126453e+01
6.240000e-06	-3.069515e-06	-8.183805e-10	-2.133310e+01	-5.170582e+01
6.250000e-06	-3.108677e-06	-8.203099e-10	-2.160528e+01	-5.213359e+01
6.260000e-06	-3.147562e-06	-8.237560e-10	-2.187553e+01	-5.254805e+01
6.270000e-06	-3.186065e-06	-8.306264e-10	-2.214313e+01	-5.294941e+01
6.280000e-06	-3.224058e-06	-8.397291e-10	-2.240717e+01	-5.333790e+01
6.290000e-06	-3.261649e-06	-8.464906e-10	-2.266843e+01	-5.371374e+01
6.300000e-06	-3.298985e-06	-8.504854e-10	-2.292792e+01	-5.407717e+01
6.310000e-06	-3.336012e-06	-8.534228e-10	-2.318525e+01	-5.442844e+01
6.320000e-06	-3.372758e-06	-8.578990e-10	-2.344064e+01	-5.476781e+01
6.330000e-06	-3.409277e-06	-8.612441e-10	-2.369445e+01	-5.509556e+01
6.340000e-06	-3.445614e-06	-8.652233e-10	-2.394699e+01	-5.541197e+01
6.350000e-06	-3.481828e-06	-8.714573e-10	-2.419867e+01	-5.571732e+01
6.360000e-06	-3.517905e-06	-8.788150e-10	-2.444941e+01	-5.601192e+01
6.370000e-06	-3.553855e-06	-8.857948e-10	-2.469926e+01	-5.629608e+01
6.380000e-06	-3.589645e-06	-8.886851e-10	-2.494800e+01	-5.657012e+01
6.390000e-06	-3.625202e-06	-8.895692e-10	-2.519512e+01	-5.683436e+01
6.400000e-06	-3.660453e-06	-8.897406e-10	-2.544012e+01	-5.708915e+01
6.410000e-06	-3.695307e-06	-8.908116e-10	-2.568235e+01	-5.733481e+01
6.420000e-06	-3.729865e-06	-8.943717e-10	-2.592253e+01	-5.757171e+01
6.430000e-06	-3.764218e-06	-8.981106e-10	-2.616128e+01	-5.780019e+01
6.440000e-06	-3.798347e-06	-9.012983e-10	-2.639848e+01	-5.802062e+01
6.450000e-06	-3.832224e-06	-9.036795e-10	-2.663392e+01	-5.823334e+01
6.460000e-06	-3.865879e-06	-9.051956e-10	-2.686783e+01	-5.843871e+01
6.470000e-06	-3.899288e-06	-9.070016e-10	-2.710002e+01	-5.863711e+01
6.480000e-06	-3.932343e-06	-9.114770e-10	-2.732975e+01	-5.882888e+01
6.490000e-06	-3.965106e-06	-9.182526e-10	-2.755745e+01	-5.901439e+01
6.500000e-06	-3.997607e-06	-9.221692e-10	-2.778334e+01	-5.919397e+01
6.510000e-06	-4.029888e-06	-9.259091e-10	-2.800769e+01	-5.936798e+01
6.520000e-06	-4.062059e-06	-9.308187e-10	-2.823127e+01	-5.953674e+01
6.530000e-06	-4.094052e-06	-9.331597e-10	-2.845363e+01	-5.970059e+01
6.540000e-06	-4.125745e-06	-9.359126e-10	-2.867389e+01	-5.985983e+01
6.550000e-06	-4.157072e-06	-9.406155e-10	-2.889162e+01	-6.001478e+01
6.560000e-06	-4.188057e-06	-9.459399e-10	-2.910696e+01	-6.016570e+01
6.570000e-06	-4.218550e-06	-9.476035e-10	-2.931889e+01	-6.031288e+01
6.580000e-06	-4.248462e-06	-9.466735e-10	-2.952678e+01	-6.045657e+01
6.590000e-06	-4.277894e-06	-9.451504e-10	-2.973133e+01	-6.059700e+01
6.600000e-06	-4.306890e-06	-9.440017e-10	-2.993285e+01	-6.073438e+01
6.610000e-06	-4.335581e-06	-9.455117e-10	-3.013225e+01	-6.086892e+01
6.620000e-06	-4.364041e-06	-9.486619e-10	-3.033005e+01	-6.100078e+01
6.630000e-06	-4.392319e-06	-9.515307e-10	-3.052658e+01	-6.113011e+01
6.640000e-06	-4.420466e-06	-9.530798e-10	-3.072220e+01	-6.125704e+01
6.650000e-06	-4.448457e-06	-9.542135e-10	-3.091674e+01	-6.138168e+01
6.660000e-06	-4.476159e-06	-9.547658e-10	-3.110927e+01	-6.150410e+01
6.670000e-06	-4.503440e-06	-9.547226e-10	-3.129887e+01	-6.162436e+01
6.680000e-06	-4.530307e-06	-9.558215e-10	-3.148559e+01	-6.174249e+01
6.690000e-06	-4.556828e-06	-9.575641e-10	-3.166992e+01	-6.185851e+01
6.700000e-06	-4.583074e-06	-9.591815e-10	-3.185233e+01	-6.197239e+01
6.710000e-06	-4.609005e-06	-9.604762e-10	-3.203254e+01	-6.208412e+01
6.720000e-06	-4.634579e-06	-9.610056e-10	-3.221029e+01	-6.219362e+01
6.730000e-06	-4.659822e-06	-9.602345e-10	-3.238572e+01	-6.230083e+01
6.740000e-06	-4.684704e-06	-9.586421e-10	-3.255865e+01	-6.240565e+01
6.750000e-06	-4.709301e-06	-9.564754e-10	-3.272960e+01	-6.250797e+01
6.760000e-06	-4.733688e-06	-9.572595e-10	-3.289909e+01	-6.260766e+01
6.770000e-06	-4.757843e-06	-9.634159e-10	-3.306697e+01	-6.270459e+01
6.780000e-06	-4.781830e-06	-9.699966e-10	-3.323368e+01	-6.279859e+01
6.790000e-06	-4.805639e-06	-9.726999e-10	-3.339915e+01	-6.288952e+01
6.800000e-06	-4.829098e-06	-9.711918e-10	-3.356219e+01	-6.297720e+01
6.810000e-06	-4.851972e-06	-9.674866e-10	-3.372116e+01	-6.306145e+01
6.820000e-06	-4.874256e-06	-9.649723e-10	-3.387604e+01	-6.314210e+01
6.830000e-06	-4.895926e-06	-9.651222e-10	-3.402665e+01	-6.321897e+01
6.840000e-06	-4.917007e-06	-9.677904e-10	-3.417316e+01	-6.329187e+01
6.850000e-06	-4.937757e-06	-9.719895e-10	-3.431737e+01	-6.336064e+01
6.860000e-06	-4.958309e-06	-9.729516e-10	-3.446021e+01	-6.342510e+01
6.870000e-06	-4.978651e-06	-9.698225e-10	-3.460158e+01	-6.348509e+01
6.880000e-06	-4.998749e-06	-9.653821e-10	-3.474127e+01	-6.354046e+01
6.890000e-06	-5.018556e-06	-9.605544e-10	-3.487892e+01	-6.359106e+01
6.900000e-06	-5.038016e-06	-9.574129e-10	-3.501417e+01	-6.363678e+01
6.910000e-06	-5.057110e-06	-9.592715e-10	-3.514687e+01	-6.367751e+01
6.920000e-06	-5.075794e-06	-9.629723e-10	-3.527672e+01	-6.371314e+01
6.930000e-06	-5.094141e-06	-9.645478e-10	-3.540423e+01	-6.374361e+01
6.940000e-06	-5.112201e-06	-9.632820e-10	-3.552975e+01	-6.376887e+01
6.950000e-06	-5.129979e-06	-9.602359e-10	-3.565331e+01	-6.378888e+01
6.960000e-06	-5.147431e-06	-9.572686e-10	-3.577460e+01	-6.380364e+01
6.970000e-06	-5.164493e-06	-9.568387e-10	-3.589318e+01	-6.381315e+01
6.980000e-06	-5.181196e-06	-9.587737e-10	-3.600927e+01	-6.381747e+01
6.990000e-06	-5.197655e-06	-9.616157e-10	-3.612366e+01	-6.381664e+01
7.000000e-06	-5.213887e-06	-9.647854e-10	-3.623647e+01	-6.381077e+01
7.010000e-06	-5.229814e-06	-9.674729e-10	-3.634716e+01	-6.379995e+01
7.020000e-06	-5.245350e-06	-9.681046e-10	-3.645514e+01	-6.378433e+01
7.030000e-06	-5.260132e-06	-9.646116e-10	-3.655787e+01	-6.376406e+01
7.040000e-06	-5.274105e-06	-9.592316e-10	-3.665499e+01	-6.373933e+01
7.050000e-06	-5.287635e-06	-9.560365e-10	-3.674902e+01	-6.371033e+01
7.060000e-06	-5.300714e-06	-9.554437e-10	-3.683992e+01	-6.367730e+01
7.070000e-06	-5.313366e-06	-9.560920e-10	-3.692785e+01	-6.364047e+01
7.080000e-06	-5.325738e-06	-9.566393e-10	-3.701383e+01	-6.360010e+01
7.090000e-06	-5.337787e-06	-9.578305e-10	-3.709757e+01	-6.355647e+01
7.100000e-06	-5.349402e-06	-9.594907e-10	-3.717830e+01	-6.350986e+01
7.110000e-06	-5.360582e-06	-9.600646e-10	-3.725600e+01	-6.346058e+01
7.120000e-06	-5.371426e-06	-9.589747e-10	-3.733136e+01	-6.340894e+01
7.130000e-06	-5.381944e-06	-9.571213e-10	-3.740446e+01	-6.335525e+01
7.140000e-06	-5.392082e-06	-9.562580e-10	-3.747492e+01	-6.329984e+01
7.150000e-06	-5.401805e-06	-9.558804e-10	-3.754250e+01	-6.324303e+01
7.160000e-06	-5.411141e-06	-9.558610e-10	-3.760738e+01	-6.318514e+01
7.170000e-06	-5.420095e-06	-9.538034e-10	-3.766961e+01	-6.312650e+01
7.180000e-06	-5.428661e-06	-9.518302e-10	-3.772915e+01	-6.306743e+01
7.190000e-06	-5.436998e-06	-9.539091e-10	-3.778709e+01	-6.300823e+01
7.200000e-06	-5.445200e-06	-9.555829e-10	-3.784409e+01	-6.294921e+01
7.210000e-06	-5.453119e-06	-9.522939e-10	-3.789913e+01	-6.289066e+01
7.220000e-06	-5.460578e-06	-9.482431e-10	-3.795097e+01	-6.283285e+01
7.230000e-06	-5.467497e-06	-9.465302e-10	-3.799906e+01	-6.277604e+01
7.240000e-06	-5.473795e-06	-9.452435e-10	-3.804283e+01	-6.272047e+01
7.250000e-06	-5.479459e-06	-9.435688e-10	-3.808219e+01	-6.266637e+01
7.260000e-06	-5.484606e-06	-9.429019e-10	-3.811796e+01	-6.261393e+01
7.270000e-06	-5.489332e-06	-9.442331e-10	-3.815081e+01	-6.256334e+01
7.280000e-06	-5.493745e-06	-9.463887e-10	-3.818148e+01	-6.251474e+01
7.290000e-06	-5.497897e-06	-9.474196e-10	-3.821034e+01	-6.246827e+01
7.300000e-06	-5.501804e-06	-9.460983e-10	-3.823749e+01	-6.242402e+01
7.310000e-06	-5.505373e-06	-9.429356e-10	-3.826230e+01	-6.238207e+01
7.320000e-06	-5.508580e-06	-9.399192e-10	-3.828458e+01	-6.234246e+01
7.330000e-06	-5.511463e-06	-9.375439e-10	-3.830462e+01	-6.230523e+01
7.340000e-06	-5.514023e-06	-9.353283e-10	-3.832242e+01	-6.227036e+01
7.350000e-06	-5.516216e-06	-9.334520e-10	-3.833765e+01	-6.223781e+01
7.360000e-06	-5.517919e-06	-9.320147e-10	-3.834949e+01	-6.220753e+01
7.370000e-06	-5.519150e-06	-9.297456e-10	-3.835805e+01	-6.217942e+01
7.380000e-06	-5.520107e-06	-9.250610e-10	-3.836470e+01	-6.215338e+01
7.390000e-06	-5.520805e-06	-9.201663e-10	-3.836955e+01	-6.212927e+01
7.400000e-06	-5.521213e-06	-9.170455e-10	-3.837238e+01	-6.210691e+01
