# Temperatura_=_-2.16
# Concentracion g/m^3_=_1620.0
# C_Vs_to_Am_M_A/Vsm_=_65563218390.804596
# pendiente_HvsI_1/m_=_3716.3
# ordenada_HvsI_A/m_=_1297.0
# frecuencia_Hz_=_135106.85740846826

Tiempo_(s)	Campo_(V.s)	Magnetizacion_(V.s)	Campo_(kA/m)	Magnetizacion_(A/m)
0.000000e+00	-5.521661e-06	-8.867605e-10	-3.835989e+01	-6.144684e+01
1.000000e-08	-5.522039e-06	-8.847184e-10	-3.836251e+01	-6.142240e+01
2.000000e-08	-5.522137e-06	-8.839465e-10	-3.836319e+01	-6.139713e+01
3.000000e-08	-5.521965e-06	-8.853083e-10	-3.836199e+01	-6.137086e+01
4.000000e-08	-5.521373e-06	-8.851495e-10	-3.835789e+01	-6.134341e+01
5.000000e-08	-5.520102e-06	-8.738820e-10	-3.834905e+01	-6.131461e+01
6.000000e-08	-5.518126e-06	-8.547906e-10	-3.833533e+01	-6.128427e+01
7.000000e-08	-5.515549e-06	-8.445867e-10	-3.831743e+01	-6.125222e+01
8.000000e-08	-5.512484e-06	-8.740622e-10	-3.829613e+01	-6.121829e+01
9.000000e-08	-5.509031e-06	-9.756815e-10	-3.827214e+01	-6.118228e+01
1.000000e-07	-5.505149e-06	-1.025630e-09	-3.824517e+01	-6.114405e+01
1.100000e-07	-5.500850e-06	-8.929631e-10	-3.821530e+01	-6.110341e+01
1.200000e-07	-5.496335e-06	-7.639679e-10	-3.818394e+01	-6.106023e+01
1.300000e-07	-5.491608e-06	-8.248261e-10	-3.815110e+01	-6.101436e+01
1.400000e-07	-5.486524e-06	-9.370841e-10	-3.811578e+01	-6.096565e+01
1.500000e-07	-5.481007e-06	-9.048321e-10	-3.807745e+01	-6.091400e+01
1.600000e-07	-5.475119e-06	-7.632307e-10	-3.803655e+01	-6.085930e+01
1.700000e-07	-5.468953e-06	-8.565699e-10	-3.799371e+01	-6.080144e+01
1.800000e-07	-5.462240e-06	-9.780261e-10	-3.794708e+01	-6.074036e+01
1.900000e-07	-5.455063e-06	-9.748441e-10	-3.789722e+01	-6.067600e+01
2.000000e-07	-5.447690e-06	-8.024661e-10	-3.784599e+01	-6.060831e+01
2.100000e-07	-5.440102e-06	-8.111345e-10	-3.779328e+01	-6.053727e+01
2.200000e-07	-5.432205e-06	-9.145155e-10	-3.773842e+01	-6.046287e+01
2.300000e-07	-5.424061e-06	-9.695999e-10	-3.768184e+01	-6.038511e+01
2.400000e-07	-5.415601e-06	-8.982837e-10	-3.762307e+01	-6.030403e+01
2.500000e-07	-5.406520e-06	-8.851656e-10	-3.755998e+01	-6.021966e+01
2.600000e-07	-5.396612e-06	-9.241515e-10	-3.749115e+01	-6.013208e+01
2.700000e-07	-5.386058e-06	-9.029520e-10	-3.741783e+01	-6.004135e+01
2.800000e-07	-5.375075e-06	-8.619587e-10	-3.734153e+01	-5.994757e+01
2.900000e-07	-5.363638e-06	-8.731490e-10	-3.726208e+01	-5.985083e+01
3.000000e-07	-5.351862e-06	-9.325043e-10	-3.718027e+01	-5.975127e+01
3.100000e-07	-5.339733e-06	-8.890487e-10	-3.709600e+01	-5.964902e+01
3.200000e-07	-5.327095e-06	-8.646607e-10	-3.700820e+01	-5.954420e+01
3.300000e-07	-5.313988e-06	-8.722732e-10	-3.691715e+01	-5.943697e+01
3.400000e-07	-5.300612e-06	-9.359104e-10	-3.682422e+01	-5.932750e+01
3.500000e-07	-5.286845e-06	-8.796351e-10	-3.672858e+01	-5.921593e+01
3.600000e-07	-5.272536e-06	-8.666973e-10	-3.662918e+01	-5.910244e+01
3.700000e-07	-5.257864e-06	-8.897936e-10	-3.652724e+01	-5.898719e+01
3.800000e-07	-5.242882e-06	-9.219476e-10	-3.642316e+01	-5.887035e+01
3.900000e-07	-5.227237e-06	-8.509124e-10	-3.631447e+01	-5.875209e+01
4.000000e-07	-5.210968e-06	-8.819472e-10	-3.620145e+01	-5.863257e+01
4.100000e-07	-5.194420e-06	-9.261670e-10	-3.608649e+01	-5.851195e+01
4.200000e-07	-5.177604e-06	-8.831031e-10	-3.596967e+01	-5.839038e+01
4.300000e-07	-5.160440e-06	-8.243755e-10	-3.585042e+01	-5.826800e+01
4.400000e-07	-5.143003e-06	-9.149809e-10	-3.572929e+01	-5.814495e+01
4.500000e-07	-5.125184e-06	-9.331646e-10	-3.560550e+01	-5.802135e+01
4.600000e-07	-5.106815e-06	-8.477124e-10	-3.547788e+01	-5.789731e+01
4.700000e-07	-5.087962e-06	-8.568887e-10	-3.534691e+01	-5.777292e+01
4.800000e-07	-5.068821e-06	-9.289365e-10	-3.521393e+01	-5.764827e+01
4.900000e-07	-5.049448e-06	-8.770639e-10	-3.507934e+01	-5.752344e+01
5.000000e-07	-5.029854e-06	-8.511300e-10	-3.494322e+01	-5.739845e+01
5.100000e-07	-5.010086e-06	-9.129166e-10	-3.480589e+01	-5.727337e+01
5.200000e-07	-4.989999e-06	-8.819559e-10	-3.466634e+01	-5.714819e+01
5.300000e-07	-4.969454e-06	-8.307457e-10	-3.452361e+01	-5.702293e+01
5.400000e-07	-4.948525e-06	-9.027559e-10	-3.437822e+01	-5.689757e+01
5.500000e-07	-4.927315e-06	-9.321095e-10	-3.423086e+01	-5.677208e+01
5.600000e-07	-4.905764e-06	-8.423942e-10	-3.408115e+01	-5.664642e+01
5.700000e-07	-4.883897e-06	-8.526098e-10	-3.392923e+01	-5.652052e+01
5.800000e-07	-4.861731e-06	-9.017537e-10	-3.377524e+01	-5.639431e+01
5.900000e-07	-4.839187e-06	-8.638961e-10	-3.361863e+01	-5.626770e+01
6.000000e-07	-4.816308e-06	-8.399191e-10	-3.345968e+01	-5.614059e+01
6.100000e-07	-4.793142e-06	-8.924799e-10	-3.329874e+01	-5.601287e+01
6.200000e-07	-4.769686e-06	-8.710025e-10	-3.313579e+01	-5.588440e+01
6.300000e-07	-4.745994e-06	-8.423177e-10	-3.297120e+01	-5.575508e+01
6.400000e-07	-4.722117e-06	-8.613360e-10	-3.280532e+01	-5.562474e+01
6.500000e-07	-4.697935e-06	-8.679495e-10	-3.263732e+01	-5.549326e+01
6.600000e-07	-4.673281e-06	-8.324888e-10	-3.246605e+01	-5.536048e+01
6.700000e-07	-4.648201e-06	-8.506229e-10	-3.229181e+01	-5.522625e+01
6.800000e-07	-4.622585e-06	-8.602874e-10	-3.211385e+01	-5.509043e+01
6.900000e-07	-4.596307e-06	-8.505206e-10	-3.193130e+01	-5.495285e+01
7.000000e-07	-4.569594e-06	-8.475211e-10	-3.174572e+01	-5.481338e+01
7.100000e-07	-4.542537e-06	-8.606112e-10	-3.155775e+01	-5.467187e+01
7.200000e-07	-4.515104e-06	-8.428904e-10	-3.136717e+01	-5.452817e+01
7.300000e-07	-4.487505e-06	-8.361787e-10	-3.117544e+01	-5.438216e+01
7.400000e-07	-4.459808e-06	-8.338655e-10	-3.098302e+01	-5.423371e+01
7.500000e-07	-4.431830e-06	-8.307324e-10	-3.078865e+01	-5.408270e+01
7.600000e-07	-4.403577e-06	-8.248020e-10	-3.059237e+01	-5.392903e+01
7.700000e-07	-4.375040e-06	-8.266751e-10	-3.039412e+01	-5.377260e+01
7.800000e-07	-4.346060e-06	-8.174868e-10	-3.019279e+01	-5.361332e+01
7.900000e-07	-4.316805e-06	-8.136396e-10	-2.998955e+01	-5.345112e+01
8.000000e-07	-4.287361e-06	-8.178228e-10	-2.978500e+01	-5.328594e+01
8.100000e-07	-4.257556e-06	-8.115122e-10	-2.957794e+01	-5.311774e+01
8.200000e-07	-4.227379e-06	-8.006347e-10	-2.936829e+01	-5.294646e+01
8.300000e-07	-4.196927e-06	-8.022343e-10	-2.915674e+01	-5.277210e+01
8.400000e-07	-4.166262e-06	-8.064105e-10	-2.894371e+01	-5.259465e+01
8.500000e-07	-4.135354e-06	-7.943050e-10	-2.872899e+01	-5.241409e+01
8.600000e-07	-4.104113e-06	-7.902601e-10	-2.851195e+01	-5.223045e+01
8.700000e-07	-4.072608e-06	-7.904160e-10	-2.829307e+01	-5.204374e+01
8.800000e-07	-4.040976e-06	-7.850444e-10	-2.807332e+01	-5.185400e+01
8.900000e-07	-4.009238e-06	-7.760409e-10	-2.785283e+01	-5.166127e+01
9.000000e-07	-3.977326e-06	-7.806559e-10	-2.763113e+01	-5.146560e+01
9.100000e-07	-3.945136e-06	-7.705914e-10	-2.740750e+01	-5.126705e+01
9.200000e-07	-3.912565e-06	-7.626728e-10	-2.718123e+01	-5.106567e+01
9.300000e-07	-3.879639e-06	-7.643203e-10	-2.695249e+01	-5.086153e+01
9.400000e-07	-3.846282e-06	-7.695770e-10	-2.672075e+01	-5.065470e+01
9.500000e-07	-3.812308e-06	-7.583349e-10	-2.648473e+01	-5.044524e+01
9.600000e-07	-3.777914e-06	-7.573562e-10	-2.624579e+01	-5.023323e+01
9.700000e-07	-3.743197e-06	-7.554355e-10	-2.600460e+01	-5.001874e+01
9.800000e-07	-3.708130e-06	-7.483997e-10	-2.576099e+01	-4.980181e+01
9.900000e-07	-3.672841e-06	-7.408058e-10	-2.551583e+01	-4.958253e+01
1.000000e-06	-3.637390e-06	-7.466859e-10	-2.526955e+01	-4.936094e+01
1.010000e-06	-3.601805e-06	-7.446988e-10	-2.502233e+01	-4.913708e+01
1.020000e-06	-3.566035e-06	-7.425117e-10	-2.477383e+01	-4.891100e+01
1.030000e-06	-3.530028e-06	-7.432707e-10	-2.452368e+01	-4.868273e+01
1.040000e-06	-3.493843e-06	-7.420975e-10	-2.427230e+01	-4.845228e+01
1.050000e-06	-3.457385e-06	-7.333454e-10	-2.401902e+01	-4.821967e+01
1.060000e-06	-3.420612e-06	-7.287426e-10	-2.376355e+01	-4.798489e+01
1.070000e-06	-3.383584e-06	-7.250847e-10	-2.350631e+01	-4.774792e+01
1.080000e-06	-3.346285e-06	-7.185814e-10	-2.324719e+01	-4.750875e+01
1.090000e-06	-3.308768e-06	-7.134926e-10	-2.298656e+01	-4.726732e+01
1.100000e-06	-3.271064e-06	-7.116718e-10	-2.272462e+01	-4.702358e+01
1.110000e-06	-3.233152e-06	-7.078452e-10	-2.246124e+01	-4.677747e+01
1.120000e-06	-3.195017e-06	-7.020462e-10	-2.219631e+01	-4.652890e+01
1.130000e-06	-3.156743e-06	-7.010728e-10	-2.193041e+01	-4.627777e+01
1.140000e-06	-3.118317e-06	-6.978999e-10	-2.166346e+01	-4.602397e+01
1.150000e-06	-3.079602e-06	-6.904293e-10	-2.139450e+01	-4.576739e+01
1.160000e-06	-3.040643e-06	-6.817617e-10	-2.112385e+01	-4.550789e+01
1.170000e-06	-3.001516e-06	-6.780600e-10	-2.085202e+01	-4.524533e+01
1.180000e-06	-2.962198e-06	-6.728875e-10	-2.057887e+01	-4.497956e+01
1.190000e-06	-2.922750e-06	-6.717422e-10	-2.030482e+01	-4.471040e+01
1.200000e-06	-2.883167e-06	-6.694072e-10	-2.002984e+01	-4.443768e+01
1.210000e-06	-2.843406e-06	-6.671851e-10	-1.975361e+01	-4.416122e+01
1.220000e-06	-2.803519e-06	-6.619446e-10	-1.947651e+01	-4.388084e+01
1.230000e-06	-2.763549e-06	-6.584730e-10	-1.919883e+01	-4.359634e+01
1.240000e-06	-2.723340e-06	-6.510480e-10	-1.891949e+01	-4.330751e+01
1.250000e-06	-2.682813e-06	-6.437844e-10	-1.863794e+01	-4.301416e+01
1.260000e-06	-2.642126e-06	-6.363602e-10	-1.835528e+01	-4.271609e+01
1.270000e-06	-2.601227e-06	-6.302730e-10	-1.807115e+01	-4.241307e+01
1.280000e-06	-2.559946e-06	-6.239711e-10	-1.778437e+01	-4.210491e+01
1.290000e-06	-2.518256e-06	-6.195011e-10	-1.749474e+01	-4.179139e+01
1.300000e-06	-2.476242e-06	-6.128595e-10	-1.720286e+01	-4.147230e+01
1.310000e-06	-2.434064e-06	-6.056314e-10	-1.690984e+01	-4.114744e+01
1.320000e-06	-2.391710e-06	-5.968588e-10	-1.661560e+01	-4.081661e+01
1.330000e-06	-2.349135e-06	-5.912356e-10	-1.631983e+01	-4.047960e+01
1.340000e-06	-2.306275e-06	-5.875174e-10	-1.602207e+01	-4.013620e+01
1.350000e-06	-2.263153e-06	-5.829793e-10	-1.572249e+01	-3.978623e+01
1.360000e-06	-2.219872e-06	-5.751040e-10	-1.542182e+01	-3.942949e+01
1.370000e-06	-2.176472e-06	-5.682063e-10	-1.512031e+01	-3.906579e+01
1.380000e-06	-2.132982e-06	-5.644077e-10	-1.481817e+01	-3.869494e+01
1.390000e-06	-2.089349e-06	-5.599033e-10	-1.451505e+01	-3.831676e+01
1.400000e-06	-2.045602e-06	-5.535137e-10	-1.421113e+01	-3.793107e+01
1.410000e-06	-2.001794e-06	-5.458821e-10	-1.390679e+01	-3.753770e+01
1.420000e-06	-1.957932e-06	-5.371865e-10	-1.360208e+01	-3.713647e+01
1.430000e-06	-1.913996e-06	-5.301899e-10	-1.329685e+01	-3.672720e+01
1.440000e-06	-1.869955e-06	-5.256737e-10	-1.299088e+01	-3.630972e+01
1.450000e-06	-1.825786e-06	-5.188348e-10	-1.268404e+01	-3.588386e+01
1.460000e-06	-1.781487e-06	-5.117496e-10	-1.237628e+01	-3.544946e+01
1.470000e-06	-1.737064e-06	-5.046042e-10	-1.206767e+01	-3.500633e+01
1.480000e-06	-1.692562e-06	-4.974879e-10	-1.175851e+01	-3.455431e+01
1.490000e-06	-1.647943e-06	-4.885860e-10	-1.144853e+01	-3.409321e+01
1.500000e-06	-1.603172e-06	-4.807007e-10	-1.113750e+01	-3.362287e+01
1.510000e-06	-1.558240e-06	-4.739877e-10	-1.082535e+01	-3.314309e+01
1.520000e-06	-1.513104e-06	-4.670886e-10	-1.051178e+01	-3.265370e+01
1.530000e-06	-1.467858e-06	-4.586674e-10	-1.019745e+01	-3.215451e+01
1.540000e-06	-1.422608e-06	-4.501626e-10	-9.883090e+00	-3.164531e+01
1.550000e-06	-1.377310e-06	-4.375817e-10	-9.568396e+00	-3.112591e+01
1.560000e-06	-1.331833e-06	-4.254234e-10	-9.252462e+00	-3.059610e+01
1.570000e-06	-1.286199e-06	-4.149106e-10	-8.935436e+00	-3.005568e+01
1.580000e-06	-1.240516e-06	-4.063835e-10	-8.618071e+00	-2.950443e+01
1.590000e-06	-1.194749e-06	-3.991380e-10	-8.300118e+00	-2.894213e+01
1.600000e-06	-1.148895e-06	-3.931785e-10	-7.981560e+00	-2.836855e+01
1.610000e-06	-1.102949e-06	-3.858968e-10	-7.662365e+00	-2.778346e+01
1.620000e-06	-1.056875e-06	-3.787387e-10	-7.342282e+00	-2.718664e+01
1.630000e-06	-1.010715e-06	-3.731404e-10	-7.021605e+00	-2.657785e+01
1.640000e-06	-9.645143e-07	-3.686346e-10	-6.700639e+00	-2.595685e+01
1.650000e-06	-9.183061e-07	-3.612476e-10	-6.379623e+00	-2.532341e+01
1.660000e-06	-8.720740e-07	-3.496067e-10	-6.058441e+00	-2.467731e+01
1.670000e-06	-8.257843e-07	-3.359374e-10	-5.736859e+00	-2.401830e+01
1.680000e-06	-7.793441e-07	-3.215391e-10	-5.414232e+00	-2.334616e+01
1.690000e-06	-7.327955e-07	-3.090611e-10	-5.090850e+00	-2.266069e+01
1.700000e-06	-6.862431e-07	-2.998358e-10	-4.767443e+00	-2.196167e+01
1.710000e-06	-6.396899e-07	-2.927940e-10	-4.444031e+00	-2.124890e+01
1.720000e-06	-5.931509e-07	-2.840165e-10	-4.120717e+00	-2.052220e+01
1.730000e-06	-5.465456e-07	-2.711487e-10	-3.796942e+00	-1.978141e+01
1.740000e-06	-4.998895e-07	-2.546702e-10	-3.472814e+00	-1.902639e+01
1.750000e-06	-4.531734e-07	-2.382475e-10	-3.148270e+00	-1.825699e+01
1.760000e-06	-4.063940e-07	-2.247931e-10	-2.823286e+00	-1.747313e+01
1.770000e-06	-3.595839e-07	-2.152493e-10	-2.498089e+00	-1.667472e+01
1.780000e-06	-3.127660e-07	-2.074665e-10	-2.172837e+00	-1.586171e+01
1.790000e-06	-2.659516e-07	-1.989645e-10	-1.847609e+00	-1.503410e+01
1.800000e-06	-2.190923e-07	-1.865007e-10	-1.522070e+00	-1.419188e+01
1.810000e-06	-1.723020e-07	-1.722484e-10	-1.197010e+00	-1.333512e+01
1.820000e-06	-1.255718e-07	-1.575744e-10	-8.723681e-01	-1.246390e+01
1.830000e-06	-7.873366e-08	-1.448097e-10	-5.469757e-01	-1.157836e+01
1.840000e-06	-3.180398e-08	-1.361288e-10	-2.209475e-01	-1.067865e+01
1.850000e-06	1.516791e-08	-1.287201e-10	1.053739e-01	-9.764985e+00
1.860000e-06	6.214933e-08	-1.175075e-10	4.317616e-01	-8.837629e+00
1.870000e-06	1.090889e-07	-1.037682e-10	7.578584e-01	-7.896876e+00
1.880000e-06	1.560018e-07	-8.775147e-11	1.083770e+00	-6.943073e+00
1.890000e-06	2.028781e-07	-7.049324e-11	1.409427e+00	-5.976611e+00
1.900000e-06	2.496413e-07	-5.526162e-11	1.734299e+00	-4.997927e+00
1.910000e-06	2.963799e-07	-4.126407e-11	2.059000e+00	-4.007506e+00
1.920000e-06	3.432827e-07	-2.697455e-11	2.384842e+00	-3.005879e+00
1.930000e-06	3.902406e-07	-1.393730e-11	2.711065e+00	-1.993620e+00
1.940000e-06	4.370573e-07	-4.707303e-13	3.036309e+00	-9.713493e-01
1.950000e-06	4.837452e-07	1.425069e-11	3.360657e+00	6.027000e-02
1.960000e-06	5.303532e-07	2.920894e-11	3.684450e+00	1.100534e+00
1.970000e-06	5.768987e-07	4.547393e-11	4.007810e+00	2.148699e+00
1.980000e-06	6.234620e-07	6.140160e-11	4.331293e+00	3.203984e+00
1.990000e-06	6.700109e-07	7.659266e-11	4.654676e+00	4.265574e+00
2.000000e-06	7.164568e-07	9.241905e-11	4.977343e+00	5.332620e+00
2.010000e-06	7.628197e-07	1.069351e-10	5.299433e+00	6.404247e+00
2.020000e-06	8.091504e-07	1.211799e-10	5.621301e+00	7.479551e+00
2.030000e-06	8.554087e-07	1.381163e-10	5.942665e+00	8.557608e+00
2.040000e-06	9.016617e-07	1.558404e-10	6.263992e+00	9.637474e+00
2.050000e-06	9.479157e-07	1.734227e-10	6.585326e+00	1.071819e+01
2.060000e-06	9.940229e-07	1.896209e-10	6.905641e+00	1.179879e+01
2.070000e-06	1.039963e-06	2.048872e-10	7.224791e+00	1.287829e+01
2.080000e-06	1.085838e-06	2.201295e-10	7.543494e+00	1.395571e+01
2.090000e-06	1.131652e-06	2.348684e-10	7.861771e+00	1.503008e+01
2.100000e-06	1.177413e-06	2.500714e-10	8.179680e+00	1.610042e+01
2.110000e-06	1.223140e-06	2.656481e-10	8.497356e+00	1.716576e+01
2.120000e-06	1.268716e-06	2.795444e-10	8.813981e+00	1.822516e+01
2.130000e-06	1.314142e-06	2.937675e-10	9.129560e+00	1.927768e+01
2.140000e-06	1.359541e-06	3.090351e-10	9.444958e+00	2.032241e+01
2.150000e-06	1.404930e-06	3.244699e-10	9.760283e+00	2.135846e+01
2.160000e-06	1.450192e-06	3.396190e-10	1.007472e+01	2.238497e+01
2.170000e-06	1.495369e-06	3.539404e-10	1.038857e+01	2.340112e+01
2.180000e-06	1.540471e-06	3.675684e-10	1.070190e+01	2.440610e+01
2.190000e-06	1.585431e-06	3.816148e-10	1.101425e+01	2.539917e+01
2.200000e-06	1.630243e-06	3.951220e-10	1.132557e+01	2.637961e+01
2.210000e-06	1.674977e-06	4.077772e-10	1.163634e+01	2.734675e+01
2.220000e-06	1.719618e-06	4.192075e-10	1.194647e+01	2.829995e+01
2.230000e-06	1.763989e-06	4.302377e-10	1.225472e+01	2.923865e+01
2.240000e-06	1.808106e-06	4.418587e-10	1.256121e+01	3.016231e+01
2.250000e-06	1.852093e-06	4.529375e-10	1.286679e+01	3.107044e+01
2.260000e-06	1.896021e-06	4.630548e-10	1.317197e+01	3.196261e+01
2.270000e-06	1.939900e-06	4.746698e-10	1.347681e+01	3.283844e+01
2.280000e-06	1.983699e-06	4.898591e-10	1.378108e+01	3.369760e+01
2.290000e-06	2.027440e-06	5.048053e-10	1.408496e+01	3.453980e+01
2.300000e-06	2.071149e-06	5.182259e-10	1.438862e+01	3.536481e+01
2.310000e-06	2.114787e-06	5.294044e-10	1.469177e+01	3.617246e+01
2.320000e-06	2.158371e-06	5.381322e-10	1.499456e+01	3.696261e+01
2.330000e-06	2.201917e-06	5.483868e-10	1.529708e+01	3.773516e+01
2.340000e-06	2.245310e-06	5.591849e-10	1.559854e+01	3.849009e+01
2.350000e-06	2.288508e-06	5.707618e-10	1.589864e+01	3.922738e+01
2.360000e-06	2.331516e-06	5.836478e-10	1.619742e+01	3.994709e+01
2.370000e-06	2.374327e-06	5.943929e-10	1.649484e+01	4.064930e+01
2.380000e-06	2.416908e-06	6.026565e-10	1.679066e+01	4.133413e+01
2.390000e-06	2.459236e-06	6.105923e-10	1.708471e+01	4.200173e+01
2.400000e-06	2.501188e-06	6.199436e-10	1.737616e+01	4.265229e+01
2.410000e-06	2.542750e-06	6.288127e-10	1.766490e+01	4.328602e+01
2.420000e-06	2.584024e-06	6.353982e-10	1.795164e+01	4.390317e+01
2.430000e-06	2.624958e-06	6.431896e-10	1.823601e+01	4.450400e+01
2.440000e-06	2.665607e-06	6.543344e-10	1.851841e+01	4.508880e+01
2.450000e-06	2.706002e-06	6.632276e-10	1.879904e+01	4.565787e+01
2.460000e-06	2.746176e-06	6.706164e-10	1.907813e+01	4.621153e+01
2.470000e-06	2.786181e-06	6.805812e-10	1.935606e+01	4.675011e+01
2.480000e-06	2.826022e-06	6.904419e-10	1.963284e+01	4.727395e+01
2.490000e-06	2.865759e-06	6.984283e-10	1.990890e+01	4.778341e+01
2.500000e-06	2.905423e-06	7.048559e-10	2.018445e+01	4.827882e+01
2.510000e-06	2.944986e-06	7.100750e-10	2.045930e+01	4.876055e+01
2.520000e-06	2.984397e-06	7.170266e-10	2.073310e+01	4.922895e+01
2.530000e-06	3.023654e-06	7.245845e-10	2.100582e+01	4.968437e+01
2.540000e-06	3.062688e-06	7.327453e-10	2.127699e+01	5.012717e+01
2.550000e-06	3.101526e-06	7.395992e-10	2.154681e+01	5.055767e+01
2.560000e-06	3.140135e-06	7.449208e-10	2.181503e+01	5.097623e+01
2.570000e-06	3.178379e-06	7.492500e-10	2.208072e+01	5.138317e+01
2.580000e-06	3.216325e-06	7.528729e-10	2.234434e+01	5.177880e+01
2.590000e-06	3.254065e-06	7.581513e-10	2.260652e+01	5.216344e+01
2.600000e-06	3.291629e-06	7.648897e-10	2.286749e+01	5.253739e+01
2.610000e-06	3.329029e-06	7.736423e-10	2.312731e+01	5.290092e+01
2.620000e-06	3.366278e-06	7.795293e-10	2.338608e+01	5.325432e+01
2.630000e-06	3.403389e-06	7.824002e-10	2.364390e+01	5.359785e+01
2.640000e-06	3.440217e-06	7.844874e-10	2.389975e+01	5.393176e+01
2.650000e-06	3.476618e-06	7.864714e-10	2.415263e+01	5.425629e+01
2.660000e-06	3.512696e-06	7.914776e-10	2.440328e+01	5.457167e+01
2.670000e-06	3.548587e-06	7.980759e-10	2.465262e+01	5.487811e+01
2.680000e-06	3.584371e-06	8.036737e-10	2.490121e+01	5.517582e+01
2.690000e-06	3.620043e-06	8.092856e-10	2.514903e+01	5.546499e+01
2.700000e-06	3.655544e-06	8.150301e-10	2.539567e+01	5.574582e+01
2.710000e-06	3.690914e-06	8.174282e-10	2.564138e+01	5.601849e+01
2.720000e-06	3.726192e-06	8.186472e-10	2.588647e+01	5.628316e+01
2.730000e-06	3.761222e-06	8.213029e-10	2.612983e+01	5.653999e+01
2.740000e-06	3.795911e-06	8.240836e-10	2.637082e+01	5.678915e+01
2.750000e-06	3.830167e-06	8.283861e-10	2.660880e+01	5.703079e+01
2.760000e-06	3.863786e-06	8.331305e-10	2.684235e+01	5.726506e+01
2.770000e-06	3.896866e-06	8.368636e-10	2.707217e+01	5.749209e+01
2.780000e-06	3.929525e-06	8.408352e-10	2.729906e+01	5.771204e+01
2.790000e-06	3.961797e-06	8.459072e-10	2.752326e+01	5.792504e+01
2.800000e-06	3.993802e-06	8.501362e-10	2.774560e+01	5.813123e+01
2.810000e-06	4.025608e-06	8.534273e-10	2.796656e+01	5.833074e+01
2.820000e-06	4.057296e-06	8.578766e-10	2.818670e+01	5.852371e+01
2.830000e-06	4.088841e-06	8.620484e-10	2.840585e+01	5.871028e+01
2.840000e-06	4.120224e-06	8.628681e-10	2.862387e+01	5.889058e+01
2.850000e-06	4.151412e-06	8.628423e-10	2.884054e+01	5.906475e+01
2.860000e-06	4.182287e-06	8.658974e-10	2.905503e+01	5.923292e+01
2.870000e-06	4.212795e-06	8.690796e-10	2.926698e+01	5.939522e+01
2.880000e-06	4.242913e-06	8.715737e-10	2.947621e+01	5.955181e+01
2.890000e-06	4.272678e-06	8.759492e-10	2.968300e+01	5.970280e+01
2.900000e-06	4.302243e-06	8.807438e-10	2.988839e+01	5.984834e+01
2.910000e-06	4.331613e-06	8.836703e-10	3.009242e+01	5.998857e+01
2.920000e-06	4.360714e-06	8.849718e-10	3.029460e+01	6.012362e+01
2.930000e-06	4.389461e-06	8.859318e-10	3.049431e+01	6.025362e+01
2.940000e-06	4.417835e-06	8.869644e-10	3.069143e+01	6.037872e+01
2.950000e-06	4.445952e-06	8.889927e-10	3.088676e+01	6.049903e+01
2.960000e-06	4.473864e-06	8.906124e-10	3.108067e+01	6.061470e+01
2.970000e-06	4.501591e-06	8.909706e-10	3.127329e+01	6.072584e+01
2.980000e-06	4.529123e-06	8.919134e-10	3.146456e+01	6.083258e+01
2.990000e-06	4.556472e-06	8.939647e-10	3.165456e+01	6.093504e+01
3.000000e-06	4.583635e-06	8.958124e-10	3.184326e+01	6.103333e+01
3.010000e-06	4.610400e-06	8.962157e-10	3.202921e+01	6.112756e+01
3.020000e-06	4.636564e-06	8.957345e-10	3.221097e+01	6.121785e+01
3.030000e-06	4.662165e-06	8.970752e-10	3.238883e+01	6.130428e+01
3.040000e-06	4.687117e-06	8.990102e-10	3.256217e+01	6.138695e+01
3.050000e-06	4.711424e-06	8.994703e-10	3.273104e+01	6.146595e+01
3.060000e-06	4.735325e-06	8.999114e-10	3.289708e+01	6.154137e+01
3.070000e-06	4.759037e-06	9.013792e-10	3.306181e+01	6.161326e+01
3.080000e-06	4.782661e-06	9.039816e-10	3.322593e+01	6.168172e+01
3.090000e-06	4.805989e-06	9.064087e-10	3.338799e+01	6.174680e+01
3.100000e-06	4.828928e-06	9.079532e-10	3.354735e+01	6.180855e+01
3.110000e-06	4.851501e-06	9.084602e-10	3.370418e+01	6.186703e+01
3.120000e-06	4.873702e-06	9.079293e-10	3.385841e+01	6.192228e+01
3.130000e-06	4.895628e-06	9.079182e-10	3.401073e+01	6.197436e+01
3.140000e-06	4.917307e-06	9.102555e-10	3.416134e+01	6.202328e+01
3.150000e-06	4.938697e-06	9.132660e-10	3.430994e+01	6.206910e+01
3.160000e-06	4.959682e-06	9.158245e-10	3.445573e+01	6.211183e+01
3.170000e-06	4.980336e-06	9.175603e-10	3.459921e+01	6.215151e+01
3.180000e-06	5.000658e-06	9.165442e-10	3.474039e+01	6.218817e+01
3.190000e-06	5.020594e-06	9.146747e-10	3.487889e+01	6.222182e+01
3.200000e-06	5.040347e-06	9.151972e-10	3.501612e+01	6.225250e+01
3.210000e-06	5.059986e-06	9.184521e-10	3.515255e+01	6.228023e+01
3.220000e-06	5.079444e-06	9.232249e-10	3.528773e+01	6.230504e+01
3.230000e-06	5.098600e-06	9.271919e-10	3.542081e+01	6.232695e+01
3.240000e-06	5.117296e-06	9.291473e-10	3.555070e+01	6.234601e+01
3.250000e-06	5.135449e-06	9.269384e-10	3.567681e+01	6.236225e+01
3.260000e-06	5.153108e-06	9.225007e-10	3.579949e+01	6.237570e+01
3.270000e-06	5.170371e-06	9.214476e-10	3.591941e+01	6.238642e+01
3.280000e-06	5.187371e-06	9.260949e-10	3.603752e+01	6.239445e+01
3.290000e-06	5.204123e-06	9.330444e-10	3.615390e+01	6.239986e+01
3.300000e-06	5.220513e-06	9.381981e-10	3.626776e+01	6.240271e+01
3.310000e-06	5.236560e-06	9.409244e-10	3.637924e+01	6.240307e+01
3.320000e-06	5.252191e-06	9.400649e-10	3.648784e+01	6.240102e+01
3.330000e-06	5.267275e-06	9.368874e-10	3.659262e+01	6.239664e+01
3.340000e-06	5.281828e-06	9.330394e-10	3.669373e+01	6.239004e+01
3.350000e-06	5.295907e-06	9.303180e-10	3.679153e+01	6.238130e+01
3.360000e-06	5.309639e-06	9.335797e-10	3.688693e+01	6.237054e+01
3.370000e-06	5.323012e-06	9.410705e-10	3.697984e+01	6.235786e+01
3.380000e-06	5.335979e-06	9.478533e-10	3.706992e+01	6.234339e+01
3.390000e-06	5.348614e-06	9.506428e-10	3.715770e+01	6.232725e+01
3.400000e-06	5.360866e-06	9.509173e-10	3.724282e+01	6.230957e+01
3.410000e-06	5.372757e-06	9.513465e-10	3.732542e+01	6.229048e+01
3.420000e-06	5.384329e-06	9.516044e-10	3.740582e+01	6.227012e+01
3.430000e-06	5.395478e-06	9.514433e-10	3.748327e+01	6.224862e+01
3.440000e-06	5.406090e-06	9.526070e-10	3.755699e+01	6.222612e+01
3.450000e-06	5.416060e-06	9.560573e-10	3.762626e+01	6.220275e+01
3.460000e-06	5.425358e-06	9.576852e-10	3.769085e+01	6.217867e+01
3.470000e-06	5.434054e-06	9.566551e-10	3.775126e+01	6.215398e+01
3.480000e-06	5.442284e-06	9.561081e-10	3.780844e+01	6.212884e+01
3.490000e-06	5.450155e-06	9.551575e-10	3.786312e+01	6.210335e+01
3.500000e-06	5.457811e-06	9.528654e-10	3.791631e+01	6.207764e+01
3.510000e-06	5.465316e-06	9.526996e-10	3.796845e+01	6.205182e+01
3.520000e-06	5.472527e-06	9.543428e-10	3.801854e+01	6.202598e+01
3.530000e-06	5.479291e-06	9.570952e-10	3.806553e+01	6.200021e+01
3.540000e-06	5.485571e-06	9.586107e-10	3.810916e+01	6.197461e+01
3.550000e-06	5.491443e-06	9.581905e-10	3.814996e+01	6.194922e+01
3.560000e-06	5.496997e-06	9.573374e-10	3.818854e+01	6.192412e+01
3.570000e-06	5.502240e-06	9.576615e-10	3.822497e+01	6.189933e+01
3.580000e-06	5.507099e-06	9.583226e-10	3.825872e+01	6.187489e+01
3.590000e-06	5.511566e-06	9.579549e-10	3.828976e+01	6.185080e+01
3.600000e-06	5.515687e-06	9.588613e-10	3.831838e+01	6.182706e+01
3.610000e-06	5.519512e-06	9.611079e-10	3.834495e+01	6.180366e+01
3.620000e-06	5.523101e-06	9.617747e-10	3.836989e+01	6.178055e+01
3.630000e-06	5.526450e-06	9.616300e-10	3.839316e+01	6.175769e+01
3.640000e-06	5.529459e-06	9.618926e-10	3.841406e+01	6.173501e+01
3.650000e-06	5.531997e-06	9.620787e-10	3.843169e+01	6.171243e+01
3.660000e-06	5.533954e-06	9.620358e-10	3.844528e+01	6.168986e+01
3.670000e-06	5.535238e-06	9.644669e-10	3.845421e+01	6.166718e+01
3.680000e-06	5.535891e-06	9.688998e-10	3.845874e+01	6.164427e+01
3.690000e-06	5.536072e-06	9.747753e-10	3.846000e+01	6.162100e+01
3.700000e-06	5.535924e-06	9.802970e-10	3.845898e+01	6.159723e+01
3.710000e-06	5.535561e-06	9.805881e-10	3.845645e+01	6.157281e+01
3.720000e-06	5.534967e-06	9.779446e-10	3.845232e+01	6.154756e+01
3.730000e-06	5.533973e-06	9.745073e-10	3.844542e+01	6.152132e+01
3.740000e-06	5.532499e-06	9.772738e-10	3.843518e+01	6.149392e+01
3.750000e-06	5.530668e-06	9.924805e-10	3.842246e+01	6.146519e+01
3.760000e-06	5.528518e-06	1.010026e-09	3.840752e+01	6.143493e+01
3.770000e-06	5.526047e-06	1.006228e-09	3.839035e+01	6.140298e+01
3.780000e-06	5.523280e-06	9.148729e-10	3.837113e+01	6.136915e+01
3.790000e-06	5.520022e-06	7.826000e-10	3.834850e+01	6.133327e+01
3.800000e-06	5.516141e-06	8.585945e-10	3.832154e+01	6.129517e+01
3.810000e-06	5.511874e-06	1.052833e-09	3.829189e+01	6.125469e+01
3.820000e-06	5.507533e-06	1.071885e-09	3.826174e+01	6.121167e+01
3.830000e-06	5.503146e-06	9.748411e-10	3.823126e+01	6.116597e+01
3.840000e-06	5.498361e-06	9.064061e-10	3.819802e+01	6.111746e+01
3.850000e-06	5.492799e-06	1.050306e-09	3.815938e+01	6.106600e+01
3.860000e-06	5.486768e-06	1.019764e-09	3.811748e+01	6.101150e+01
3.870000e-06	5.480651e-06	8.206547e-10	3.807498e+01	6.095386e+01
3.880000e-06	5.474045e-06	8.343460e-10	3.802909e+01	6.089300e+01
3.890000e-06	5.466677e-06	1.099541e-09	3.797790e+01	6.082886e+01
3.900000e-06	5.458869e-06	1.177923e-09	3.792366e+01	6.076139e+01
3.910000e-06	5.450795e-06	8.669980e-10	3.786757e+01	6.069058e+01
3.920000e-06	5.442255e-06	7.875977e-10	3.780824e+01	6.061640e+01
3.930000e-06	5.433249e-06	9.822799e-10	3.774568e+01	6.053887e+01
3.940000e-06	5.424086e-06	1.087290e-09	3.768202e+01	6.045800e+01
3.950000e-06	5.414714e-06	8.757054e-10	3.761691e+01	6.037386e+01
3.960000e-06	5.404824e-06	8.709587e-10	3.754820e+01	6.028648e+01
3.970000e-06	5.394394e-06	1.016821e-09	3.747574e+01	6.019596e+01
3.980000e-06	5.383732e-06	1.026342e-09	3.740167e+01	6.010237e+01
3.990000e-06	5.372751e-06	8.639706e-10	3.732538e+01	6.000583e+01
4.000000e-06	5.361201e-06	8.848425e-10	3.724514e+01	5.990645e+01
4.010000e-06	5.349336e-06	9.815669e-10	3.716272e+01	5.980435e+01
4.020000e-06	5.337264e-06	9.120404e-10	3.707885e+01	5.969969e+01
4.030000e-06	5.324595e-06	8.042943e-10	3.699084e+01	5.959261e+01
4.040000e-06	5.311259e-06	8.799104e-10	3.689819e+01	5.948326e+01
4.050000e-06	5.297670e-06	9.985131e-10	3.680378e+01	5.937180e+01
4.060000e-06	5.283768e-06	8.969176e-10	3.670720e+01	5.925841e+01
4.070000e-06	5.269046e-06	7.922897e-10	3.660492e+01	5.914325e+01
4.080000e-06	5.253567e-06	8.812699e-10	3.649739e+01	5.902648e+01
4.090000e-06	5.237704e-06	9.993974e-10	3.638719e+01	5.890828e+01
4.100000e-06	5.221452e-06	8.683232e-10	3.627429e+01	5.878880e+01
4.110000e-06	5.204875e-06	7.865408e-10	3.615912e+01	5.866821e+01
4.120000e-06	5.188237e-06	9.036601e-10	3.604353e+01	5.854666e+01
4.130000e-06	5.171365e-06	9.622440e-10	3.592632e+01	5.842429e+01
4.140000e-06	5.153903e-06	8.197171e-10	3.580501e+01	5.830124e+01
4.150000e-06	5.136039e-06	8.572147e-10	3.568091e+01	5.817762e+01
4.160000e-06	5.117933e-06	9.550288e-10	3.555512e+01	5.805356e+01
4.170000e-06	5.099398e-06	8.644661e-10	3.542636e+01	5.792915e+01
4.180000e-06	5.080497e-06	7.826882e-10	3.529504e+01	5.780447e+01
4.190000e-06	5.061378e-06	9.267759e-10	3.516222e+01	5.767959e+01
4.200000e-06	5.041871e-06	9.169904e-10	3.502671e+01	5.755456e+01
4.210000e-06	5.021997e-06	7.968783e-10	3.488864e+01	5.742943e+01
4.220000e-06	5.001913e-06	8.584732e-10	3.474911e+01	5.730421e+01
4.230000e-06	4.981627e-06	9.195590e-10	3.460818e+01	5.717890e+01
4.240000e-06	4.961094e-06	8.053885e-10	3.446553e+01	5.705350e+01
4.250000e-06	4.940348e-06	8.340323e-10	3.432141e+01	5.692797e+01
4.260000e-06	4.919288e-06	9.252497e-10	3.417510e+01	5.680227e+01
4.270000e-06	4.897555e-06	8.268525e-10	3.402412e+01	5.667633e+01
4.280000e-06	4.875076e-06	7.856312e-10	3.386795e+01	5.655010e+01
4.290000e-06	4.852153e-06	9.043074e-10	3.370870e+01	5.642347e+01
4.300000e-06	4.828793e-06	8.802892e-10	3.354642e+01	5.629635e+01
4.310000e-06	4.804980e-06	7.883708e-10	3.338098e+01	5.616863e+01
4.320000e-06	4.780903e-06	8.507537e-10	3.321372e+01	5.604018e+01
4.330000e-06	4.756571e-06	8.854334e-10	3.304468e+01	5.591087e+01
4.340000e-06	4.731990e-06	8.316628e-10	3.287391e+01	5.578058e+01
4.350000e-06	4.707200e-06	8.381800e-10	3.270169e+01	5.564914e+01
4.360000e-06	4.682044e-06	8.573987e-10	3.252693e+01	5.551642e+01
4.370000e-06	4.656495e-06	8.090972e-10	3.234943e+01	5.538227e+01
4.380000e-06	4.630623e-06	8.079104e-10	3.216970e+01	5.524653e+01
4.390000e-06	4.604353e-06	8.344505e-10	3.198720e+01	5.510905e+01
4.400000e-06	4.577781e-06	8.363106e-10	3.180259e+01	5.496969e+01
4.410000e-06	4.550962e-06	8.239001e-10	3.161628e+01	5.482829e+01
4.420000e-06	4.523874e-06	8.247711e-10	3.142809e+01	5.468473e+01
4.430000e-06	4.496514e-06	8.124242e-10	3.123802e+01	5.453887e+01
4.440000e-06	4.468843e-06	8.181014e-10	3.104579e+01	5.439057e+01
4.450000e-06	4.440896e-06	8.177002e-10	3.085163e+01	5.423973e+01
4.460000e-06	4.412744e-06	8.099177e-10	3.065606e+01	5.408622e+01
4.470000e-06	4.384404e-06	8.022421e-10	3.045917e+01	5.392997e+01
4.480000e-06	4.355881e-06	8.121475e-10	3.026102e+01	5.377088e+01
4.490000e-06	4.327100e-06	8.131575e-10	3.006107e+01	5.360887e+01
4.500000e-06	4.297893e-06	8.128575e-10	2.985817e+01	5.344389e+01
4.510000e-06	4.268296e-06	8.062693e-10	2.965256e+01	5.327588e+01
4.520000e-06	4.238245e-06	7.996374e-10	2.944378e+01	5.310481e+01
4.530000e-06	4.207621e-06	7.870694e-10	2.923104e+01	5.293066e+01
4.540000e-06	4.176486e-06	7.969152e-10	2.901473e+01	5.275340e+01
4.550000e-06	4.144908e-06	8.097592e-10	2.879536e+01	5.257305e+01
4.560000e-06	4.113047e-06	7.980164e-10	2.857401e+01	5.238961e+01
4.570000e-06	4.080975e-06	7.820871e-10	2.835120e+01	5.220310e+01
4.580000e-06	4.048711e-06	7.910240e-10	2.812706e+01	5.201356e+01
4.590000e-06	4.016230e-06	7.920580e-10	2.790141e+01	5.182103e+01
4.600000e-06	3.983512e-06	7.786425e-10	2.767411e+01	5.162555e+01
4.610000e-06	3.950586e-06	7.801478e-10	2.744537e+01	5.142718e+01
4.620000e-06	3.917404e-06	7.776424e-10	2.721485e+01	5.122598e+01
4.630000e-06	3.883921e-06	7.649866e-10	2.698224e+01	5.102201e+01
4.640000e-06	3.850192e-06	7.665861e-10	2.674792e+01	5.081535e+01
4.650000e-06	3.816233e-06	7.787415e-10	2.651200e+01	5.060605e+01
4.660000e-06	3.782069e-06	7.685385e-10	2.627466e+01	5.039420e+01
4.670000e-06	3.747632e-06	7.628223e-10	2.603541e+01	5.017985e+01
4.680000e-06	3.712868e-06	7.719167e-10	2.579391e+01	4.996308e+01
4.690000e-06	3.677815e-06	7.772719e-10	2.555038e+01	4.974393e+01
4.700000e-06	3.642468e-06	7.663429e-10	2.530483e+01	4.952248e+01
4.710000e-06	3.606899e-06	7.643609e-10	2.505772e+01	4.929875e+01
4.720000e-06	3.571152e-06	7.608912e-10	2.480938e+01	4.907280e+01
4.730000e-06	3.535180e-06	7.564161e-10	2.455948e+01	4.884466e+01
4.740000e-06	3.499010e-06	7.582702e-10	2.430819e+01	4.861434e+01
4.750000e-06	3.462741e-06	7.661819e-10	2.405623e+01	4.838185e+01
4.760000e-06	3.426330e-06	7.564084e-10	2.380328e+01	4.814720e+01
4.770000e-06	3.389711e-06	7.444355e-10	2.354888e+01	4.791036e+01
4.780000e-06	3.352850e-06	7.394398e-10	2.329280e+01	4.767132e+01
4.790000e-06	3.315694e-06	7.372880e-10	2.303467e+01	4.743003e+01
4.800000e-06	3.278181e-06	7.332844e-10	2.277406e+01	4.718643e+01
4.810000e-06	3.240240e-06	7.358466e-10	2.251048e+01	4.694046e+01
4.820000e-06	3.201890e-06	7.343291e-10	2.224405e+01	4.669204e+01
4.830000e-06	3.163190e-06	7.260039e-10	2.197520e+01	4.644108e+01
4.840000e-06	3.124134e-06	7.201974e-10	2.170387e+01	4.618745e+01
4.850000e-06	3.084814e-06	7.162372e-10	2.143071e+01	4.593106e+01
4.860000e-06	3.045289e-06	7.042524e-10	2.115612e+01	4.567176e+01
4.870000e-06	3.005496e-06	6.933267e-10	2.087968e+01	4.540940e+01
4.880000e-06	2.965485e-06	6.898816e-10	2.060171e+01	4.514385e+01
4.890000e-06	2.925350e-06	6.893564e-10	2.032289e+01	4.487492e+01
4.900000e-06	2.885083e-06	6.880999e-10	2.004315e+01	4.460245e+01
4.910000e-06	2.844660e-06	6.851446e-10	1.976232e+01	4.432626e+01
4.920000e-06	2.804105e-06	6.792835e-10	1.948058e+01	4.404616e+01
4.930000e-06	2.763415e-06	6.689663e-10	1.919790e+01	4.376195e+01
4.940000e-06	2.722583e-06	6.643016e-10	1.891423e+01	4.347344e+01
4.950000e-06	2.681592e-06	6.622367e-10	1.862946e+01	4.318042e+01
4.960000e-06	2.640393e-06	6.590192e-10	1.834324e+01	4.288269e+01
4.970000e-06	2.599003e-06	6.550251e-10	1.805570e+01	4.258004e+01
4.980000e-06	2.557404e-06	6.551576e-10	1.776671e+01	4.227226e+01
4.990000e-06	2.515638e-06	6.534057e-10	1.747655e+01	4.195914e+01
5.000000e-06	2.473756e-06	6.495108e-10	1.718559e+01	4.164047e+01
5.010000e-06	2.431661e-06	6.431208e-10	1.689315e+01	4.131605e+01
5.020000e-06	2.389333e-06	6.381655e-10	1.659909e+01	4.098567e+01
5.030000e-06	2.346843e-06	6.306292e-10	1.630390e+01	4.064912e+01
5.040000e-06	2.304247e-06	6.258099e-10	1.600798e+01	4.030621e+01
5.050000e-06	2.261493e-06	6.220680e-10	1.571096e+01	3.995674e+01
5.060000e-06	2.218600e-06	6.200060e-10	1.541298e+01	3.960052e+01
5.070000e-06	2.175564e-06	6.175262e-10	1.511400e+01	3.923735e+01
5.080000e-06	2.132315e-06	6.143130e-10	1.481354e+01	3.886705e+01
5.090000e-06	2.088921e-06	6.074028e-10	1.451207e+01	3.848944e+01
5.100000e-06	2.045428e-06	5.992233e-10	1.420993e+01	3.810433e+01
5.110000e-06	2.001774e-06	5.901994e-10	1.390665e+01	3.771155e+01
5.120000e-06	1.957973e-06	5.829327e-10	1.360236e+01	3.731092e+01
5.130000e-06	1.914070e-06	5.772375e-10	1.329736e+01	3.690227e+01
5.140000e-06	1.870048e-06	5.745717e-10	1.299153e+01	3.648543e+01
5.150000e-06	1.825918e-06	5.721752e-10	1.268495e+01	3.606023e+01
5.160000e-06	1.781745e-06	5.669225e-10	1.237807e+01	3.562649e+01
5.170000e-06	1.737510e-06	5.611841e-10	1.207076e+01	3.518404e+01
5.180000e-06	1.693213e-06	5.544383e-10	1.176303e+01	3.473271e+01
5.190000e-06	1.648892e-06	5.490527e-10	1.145512e+01	3.427232e+01
5.200000e-06	1.604492e-06	5.429308e-10	1.114667e+01	3.380270e+01
5.210000e-06	1.559926e-06	5.364900e-10	1.083706e+01	3.332367e+01
5.220000e-06	1.515247e-06	5.297214e-10	1.052667e+01	3.283503e+01
5.230000e-06	1.470552e-06	5.245961e-10	1.021617e+01	3.233661e+01
5.240000e-06	1.425711e-06	5.171006e-10	9.904649e+00	3.182819e+01
5.250000e-06	1.380741e-06	5.056777e-10	9.592234e+00	3.130960e+01
5.260000e-06	1.335812e-06	4.959399e-10	9.280106e+00	3.078062e+01
5.270000e-06	1.290815e-06	4.892144e-10	8.967505e+00	3.024103e+01
5.280000e-06	1.245691e-06	4.838853e-10	8.654018e+00	2.969064e+01
5.290000e-06	1.200471e-06	4.767580e-10	8.339870e+00	2.912921e+01
5.300000e-06	1.155117e-06	4.668913e-10	8.024788e+00	2.855652e+01
5.310000e-06	1.109628e-06	4.556724e-10	7.708770e+00	2.797235e+01
5.320000e-06	1.064087e-06	4.428314e-10	7.392387e+00	2.737646e+01
5.330000e-06	1.018450e-06	4.315205e-10	7.075340e+00	2.676862e+01
5.340000e-06	9.726030e-07	4.245049e-10	6.756833e+00	2.614860e+01
5.350000e-06	9.267257e-07	4.196575e-10	6.438115e+00	2.551615e+01
5.360000e-06	8.808824e-07	4.111202e-10	6.119634e+00	2.487106e+01
5.370000e-06	8.349804e-07	4.009255e-10	5.800746e+00	2.421308e+01
5.380000e-06	7.889681e-07	3.887491e-10	5.481091e+00	2.354199e+01
5.390000e-06	7.428692e-07	3.764028e-10	5.160835e+00	2.285758e+01
5.400000e-06	6.966373e-07	3.645353e-10	4.839653e+00	2.215964e+01
5.410000e-06	6.502723e-07	3.545041e-10	4.517549e+00	2.144797e+01
5.420000e-06	6.039656e-07	3.452156e-10	4.195848e+00	2.072239e+01
5.430000e-06	5.576992e-07	3.371401e-10	3.874428e+00	1.998273e+01
5.440000e-06	5.114059e-07	3.279021e-10	3.552821e+00	1.922884e+01
5.450000e-06	4.650317e-07	3.147479e-10	3.230651e+00	1.846059e+01
5.460000e-06	4.184674e-07	2.983053e-10	2.907162e+00	1.767788e+01
5.470000e-06	3.718283e-07	2.822244e-10	2.583152e+00	1.688063e+01
5.480000e-06	3.252705e-07	2.691128e-10	2.259708e+00	1.606879e+01
5.490000e-06	2.787778e-07	2.584605e-10	1.936715e+00	1.524234e+01
5.500000e-06	2.322329e-07	2.484230e-10	1.613360e+00	1.440128e+01
5.510000e-06	1.856571e-07	2.363876e-10	1.289790e+00	1.354568e+01
5.520000e-06	1.391323e-07	2.229820e-10	9.665749e-01	1.267561e+01
5.530000e-06	9.263864e-08	2.070653e-10	6.435758e-01	1.179119e+01
5.540000e-06	4.607344e-08	1.902225e-10	3.200797e-01	1.089260e+01
5.550000e-06	-5.004539e-10	1.753376e-10	-3.476735e-03	9.980042e+00
5.560000e-06	-4.701295e-08	1.604507e-10	-3.266067e-01	9.053762e+00
5.570000e-06	-9.353996e-08	1.441703e-10	-6.498375e-01	8.114060e+00
5.580000e-06	-1.401166e-07	1.285374e-10	-9.734132e-01	7.161276e+00
5.590000e-06	-1.867096e-07	1.126958e-10	-1.297102e+00	6.195798e+00
5.600000e-06	-2.332589e-07	9.728938e-11	-1.620488e+00	5.218061e+00
5.610000e-06	-2.797597e-07	8.205399e-11	-1.943536e+00	4.228545e+00
5.620000e-06	-3.262625e-07	6.443557e-11	-2.266599e+00	3.227776e+00
5.630000e-06	-3.728017e-07	4.482981e-11	-2.589915e+00	2.216325e+00
5.640000e-06	-4.192888e-07	2.727223e-11	-2.912868e+00	1.194810e+00
5.650000e-06	-4.657053e-07	1.119298e-11	-3.235331e+00	1.638899e-01
5.660000e-06	-5.120822e-07	-4.917990e-12	-3.557519e+00	-8.757356e-01
5.670000e-06	-5.584457e-07	-2.190133e-11	-3.879614e+00	-1.923326e+00
5.680000e-06	-6.047517e-07	-4.007896e-11	-4.201309e+00	-2.978102e+00
5.690000e-06	-6.509742e-07	-5.892389e-11	-4.522425e+00	-4.039252e+00
5.700000e-06	-6.971531e-07	-7.692326e-11	-4.843237e+00	-5.105931e+00
5.710000e-06	-7.431912e-07	-9.451586e-11	-5.163071e+00	-6.177264e+00
5.720000e-06	-7.890957e-07	-1.125262e-10	-5.481977e+00	-7.252351e+00
5.730000e-06	-8.350532e-07	-1.299947e-10	-5.801252e+00	-8.330269e+00
5.740000e-06	-8.809993e-07	-1.456107e-10	-6.120447e+00	-9.410074e+00
5.750000e-06	-9.267725e-07	-1.617608e-10	-6.438441e+00	-1.049081e+01
5.760000e-06	-9.723883e-07	-1.806742e-10	-6.755341e+00	-1.157151e+01
5.770000e-06	-1.017890e-06	-1.991048e-10	-7.071452e+00	-1.265119e+01
5.780000e-06	-1.063287e-06	-2.171970e-10	-7.386832e+00	-1.372888e+01
5.790000e-06	-1.108541e-06	-2.346616e-10	-7.701216e+00	-1.480359e+01
5.800000e-06	-1.153670e-06	-2.524442e-10	-8.014735e+00	-1.587436e+01
5.810000e-06	-1.198730e-06	-2.717114e-10	-8.327772e+00	-1.694021e+01
5.820000e-06	-1.243697e-06	-2.912636e-10	-8.640168e+00	-1.800020e+01
5.830000e-06	-1.288571e-06	-3.080500e-10	-8.951911e+00	-1.905338e+01
5.840000e-06	-1.333387e-06	-3.216065e-10	-9.263260e+00	-2.009885e+01
5.850000e-06	-1.378140e-06	-3.331877e-10	-9.574164e+00	-2.113571e+01
5.860000e-06	-1.422781e-06	-3.451509e-10	-9.884290e+00	-2.216310e+01
5.870000e-06	-1.467327e-06	-3.624602e-10	-1.019376e+01	-2.318019e+01
5.880000e-06	-1.511861e-06	-3.814541e-10	-1.050314e+01	-2.418619e+01
5.890000e-06	-1.556329e-06	-3.968212e-10	-1.081207e+01	-2.518033e+01
5.900000e-06	-1.600708e-06	-4.103850e-10	-1.112038e+01	-2.616190e+01
5.910000e-06	-1.645007e-06	-4.246427e-10	-1.142813e+01	-2.713023e+01
5.920000e-06	-1.689252e-06	-4.381719e-10	-1.173551e+01	-2.808467e+01
5.930000e-06	-1.733492e-06	-4.498901e-10	-1.204285e+01	-2.902466e+01
5.940000e-06	-1.777739e-06	-4.620376e-10	-1.235024e+01	-2.994964e+01
5.950000e-06	-1.821932e-06	-4.770717e-10	-1.265726e+01	-3.085913e+01
5.960000e-06	-1.865970e-06	-4.938763e-10	-1.296320e+01	-3.175271e+01
5.970000e-06	-1.909897e-06	-5.091387e-10	-1.326837e+01	-3.262996e+01
5.980000e-06	-1.953736e-06	-5.221916e-10	-1.357293e+01	-3.349058e+01
5.990000e-06	-1.997392e-06	-5.354498e-10	-1.387621e+01	-3.433425e+01
6.000000e-06	-2.040861e-06	-5.476190e-10	-1.417820e+01	-3.516076e+01
6.010000e-06	-2.084243e-06	-5.593352e-10	-1.447958e+01	-3.596992e+01
6.020000e-06	-2.127546e-06	-5.725012e-10	-1.478041e+01	-3.676158e+01
6.030000e-06	-2.170646e-06	-5.842738e-10	-1.507983e+01	-3.753566e+01
6.040000e-06	-2.213503e-06	-5.947343e-10	-1.537757e+01	-3.829211e+01
6.050000e-06	-2.256230e-06	-6.060179e-10	-1.567440e+01	-3.903092e+01
6.060000e-06	-2.298834e-06	-6.176698e-10	-1.597038e+01	-3.975215e+01
6.070000e-06	-2.341270e-06	-6.278013e-10	-1.626519e+01	-4.045587e+01
6.080000e-06	-2.383541e-06	-6.392588e-10	-1.655885e+01	-4.114219e+01
6.090000e-06	-2.425663e-06	-6.536286e-10	-1.685148e+01	-4.181127e+01
6.100000e-06	-2.467683e-06	-6.661232e-10	-1.714340e+01	-4.246330e+01
6.110000e-06	-2.509527e-06	-6.760019e-10	-1.743410e+01	-4.309848e+01
6.120000e-06	-2.551113e-06	-6.872845e-10	-1.772300e+01	-4.371706e+01
6.130000e-06	-2.592489e-06	-6.987528e-10	-1.801045e+01	-4.431929e+01
6.140000e-06	-2.633667e-06	-7.082146e-10	-1.829652e+01	-4.490547e+01
6.150000e-06	-2.674610e-06	-7.163255e-10	-1.858095e+01	-4.547589e+01
6.160000e-06	-2.715352e-06	-7.240797e-10	-1.886399e+01	-4.603088e+01
6.170000e-06	-2.755961e-06	-7.314564e-10	-1.914611e+01	-4.657076e+01
6.180000e-06	-2.796485e-06	-7.404075e-10	-1.942764e+01	-4.709587e+01
6.190000e-06	-2.836891e-06	-7.524786e-10	-1.970834e+01	-4.760656e+01
6.200000e-06	-2.877158e-06	-7.656450e-10	-1.998809e+01	-4.810319e+01
6.210000e-06	-2.917353e-06	-7.774481e-10	-2.026733e+01	-4.858610e+01
6.220000e-06	-2.957428e-06	-7.857817e-10	-2.054574e+01	-4.905565e+01
6.230000e-06	-2.997248e-06	-7.908284e-10	-2.082238e+01	-4.951219e+01
6.240000e-06	-3.036943e-06	-7.942296e-10	-2.109814e+01	-4.995608e+01
6.250000e-06	-3.076550e-06	-7.983500e-10	-2.137330e+01	-5.038765e+01
6.260000e-06	-3.115851e-06	-8.035193e-10	-2.164633e+01	-5.080725e+01
6.270000e-06	-3.154758e-06	-8.133223e-10	-2.191662e+01	-5.121519e+01
6.280000e-06	-3.193343e-06	-8.258389e-10	-2.218468e+01	-5.161181e+01
6.290000e-06	-3.231609e-06	-8.325237e-10	-2.245052e+01	-5.199741e+01
6.300000e-06	-3.269314e-06	-8.335125e-10	-2.271246e+01	-5.237229e+01
6.310000e-06	-3.306498e-06	-8.327178e-10	-2.297079e+01	-5.273673e+01
6.320000e-06	-3.343373e-06	-8.342610e-10	-2.322696e+01	-5.309102e+01
6.330000e-06	-3.379996e-06	-8.402950e-10	-2.348139e+01	-5.343542e+01
6.340000e-06	-3.416437e-06	-8.496115e-10	-2.373455e+01	-5.377018e+01
6.350000e-06	-3.452739e-06	-8.585714e-10	-2.398674e+01	-5.409553e+01
6.360000e-06	-3.488951e-06	-8.659999e-10	-2.423832e+01	-5.441172e+01
6.370000e-06	-3.525034e-06	-8.711862e-10	-2.448899e+01	-5.471895e+01
6.380000e-06	-3.560905e-06	-8.738241e-10	-2.473819e+01	-5.501743e+01
6.390000e-06	-3.596533e-06	-8.746906e-10	-2.498571e+01	-5.530736e+01
6.400000e-06	-3.631919e-06	-8.759497e-10	-2.523154e+01	-5.558894e+01
6.410000e-06	-3.667111e-06	-8.817623e-10	-2.547602e+01	-5.586233e+01
6.420000e-06	-3.701997e-06	-8.909475e-10	-2.571838e+01	-5.612771e+01
6.430000e-06	-3.736546e-06	-8.973726e-10	-2.595840e+01	-5.638525e+01
6.440000e-06	-3.770886e-06	-9.007183e-10	-2.619696e+01	-5.663510e+01
6.450000e-06	-3.805020e-06	-9.015246e-10	-2.643410e+01	-5.687741e+01
6.460000e-06	-3.838859e-06	-8.999883e-10	-2.666918e+01	-5.711234e+01
6.470000e-06	-3.872406e-06	-8.971211e-10	-2.690224e+01	-5.734003e+01
6.480000e-06	-3.905644e-06	-8.976418e-10	-2.713315e+01	-5.756061e+01
6.490000e-06	-3.938519e-06	-9.023449e-10	-2.736154e+01	-5.777424e+01
6.500000e-06	-3.971121e-06	-9.068417e-10	-2.758803e+01	-5.798104e+01
6.510000e-06	-4.003540e-06	-9.107435e-10	-2.781325e+01	-5.818116e+01
6.520000e-06	-4.035849e-06	-9.137621e-10	-2.803771e+01	-5.837473e+01
6.530000e-06	-4.068051e-06	-9.154924e-10	-2.826142e+01	-5.856188e+01
6.540000e-06	-4.100074e-06	-9.170175e-10	-2.848388e+01	-5.874275e+01
6.550000e-06	-4.131769e-06	-9.217669e-10	-2.870408e+01	-5.891748e+01
6.560000e-06	-4.163010e-06	-9.292003e-10	-2.892111e+01	-5.908620e+01
6.570000e-06	-4.193813e-06	-9.370992e-10	-2.913510e+01	-5.924904e+01
6.580000e-06	-4.224143e-06	-9.422306e-10	-2.934581e+01	-5.940615e+01
6.590000e-06	-4.253950e-06	-9.419818e-10	-2.955289e+01	-5.955766e+01
6.600000e-06	-4.283333e-06	-9.399753e-10	-2.975702e+01	-5.970370e+01
6.610000e-06	-4.312315e-06	-9.414931e-10	-2.995836e+01	-5.984442e+01
6.620000e-06	-4.340913e-06	-9.439497e-10	-3.015704e+01	-5.997995e+01
6.630000e-06	-4.369283e-06	-9.453253e-10	-3.035413e+01	-6.011043e+01
6.640000e-06	-4.397537e-06	-9.476023e-10	-3.055041e+01	-6.023598e+01
6.650000e-06	-4.425688e-06	-9.511452e-10	-3.074598e+01	-6.035674e+01
6.660000e-06	-4.453633e-06	-9.534805e-10	-3.094012e+01	-6.047284e+01
6.670000e-06	-4.481238e-06	-9.554412e-10	-3.113190e+01	-6.058441e+01
6.680000e-06	-4.508430e-06	-9.577424e-10	-3.132080e+01	-6.069156e+01
6.690000e-06	-4.535238e-06	-9.602631e-10	-3.150705e+01	-6.079443e+01
6.700000e-06	-4.561824e-06	-9.632980e-10	-3.169174e+01	-6.089312e+01
6.710000e-06	-4.588140e-06	-9.656700e-10	-3.187456e+01	-6.098774e+01
6.720000e-06	-4.614040e-06	-9.660102e-10	-3.205449e+01	-6.107840e+01
6.730000e-06	-4.639497e-06	-9.634778e-10	-3.223135e+01	-6.116521e+01
6.740000e-06	-4.664553e-06	-9.604850e-10	-3.240541e+01	-6.124824e+01
6.750000e-06	-4.689376e-06	-9.590843e-10	-3.257786e+01	-6.132760e+01
6.760000e-06	-4.713969e-06	-9.593132e-10	-3.274872e+01	-6.140336e+01
6.770000e-06	-4.738315e-06	-9.607977e-10	-3.291785e+01	-6.147561e+01
6.780000e-06	-4.762504e-06	-9.624837e-10	-3.308590e+01	-6.154440e+01
6.790000e-06	-4.786502e-06	-9.648713e-10	-3.325261e+01	-6.160981e+01
6.800000e-06	-4.810189e-06	-9.669648e-10	-3.341717e+01	-6.167189e+01
6.810000e-06	-4.833448e-06	-9.654732e-10	-3.357876e+01	-6.173070e+01
6.820000e-06	-4.856231e-06	-9.640893e-10	-3.373703e+01	-6.178627e+01
6.830000e-06	-4.878438e-06	-9.651658e-10	-3.389131e+01	-6.183866e+01
6.840000e-06	-4.900059e-06	-9.670759e-10	-3.404151e+01	-6.188791e+01
6.850000e-06	-4.921173e-06	-9.715133e-10	-3.418820e+01	-6.193403e+01
6.860000e-06	-4.941829e-06	-9.760628e-10	-3.433170e+01	-6.197708e+01
6.870000e-06	-4.962220e-06	-9.763151e-10	-3.447336e+01	-6.201707e+01
6.880000e-06	-4.982464e-06	-9.709342e-10	-3.461399e+01	-6.205403e+01
6.890000e-06	-5.002547e-06	-9.657527e-10	-3.475351e+01	-6.208798e+01
6.900000e-06	-5.022352e-06	-9.629574e-10	-3.489111e+01	-6.211896e+01
6.910000e-06	-5.041764e-06	-9.628516e-10	-3.502596e+01	-6.214699e+01
6.920000e-06	-5.060778e-06	-9.671213e-10	-3.515806e+01	-6.217210e+01
6.930000e-06	-5.079424e-06	-9.713470e-10	-3.528759e+01	-6.219431e+01
6.940000e-06	-5.097789e-06	-9.716684e-10	-3.541517e+01	-6.221365e+01
6.950000e-06	-5.115848e-06	-9.677650e-10	-3.554064e+01	-6.223017e+01
6.960000e-06	-5.133484e-06	-9.613354e-10	-3.566316e+01	-6.224391e+01
6.970000e-06	-5.150686e-06	-9.562927e-10	-3.578266e+01	-6.225491e+01
6.980000e-06	-5.167487e-06	-9.554908e-10	-3.589938e+01	-6.226322e+01
6.990000e-06	-5.183981e-06	-9.582682e-10	-3.601397e+01	-6.226890e+01
7.000000e-06	-5.200286e-06	-9.622787e-10	-3.612724e+01	-6.227201e+01
7.010000e-06	-5.216384e-06	-9.664830e-10	-3.623907e+01	-6.227263e+01
7.020000e-06	-5.232266e-06	-9.691531e-10	-3.634941e+01	-6.227083e+01
7.030000e-06	-5.247797e-06	-9.666472e-10	-3.645731e+01	-6.226670e+01
7.040000e-06	-5.262607e-06	-9.620750e-10	-3.656019e+01	-6.226033e+01
7.050000e-06	-5.276600e-06	-9.578454e-10	-3.665740e+01	-6.225182e+01
7.060000e-06	-5.290068e-06	-9.564075e-10	-3.675097e+01	-6.224128e+01
7.070000e-06	-5.303070e-06	-9.567837e-10	-3.684130e+01	-6.222881e+01
7.080000e-06	-5.315649e-06	-9.557876e-10	-3.692869e+01	-6.221454e+01
7.090000e-06	-5.327972e-06	-9.547609e-10	-3.701430e+01	-6.219859e+01
7.100000e-06	-5.339973e-06	-9.549362e-10	-3.709767e+01	-6.218108e+01
7.110000e-06	-5.351514e-06	-9.538155e-10	-3.717785e+01	-6.216216e+01
7.120000e-06	-5.362578e-06	-9.513494e-10	-3.725471e+01	-6.214195e+01
7.130000e-06	-5.373217e-06	-9.490585e-10	-3.732862e+01	-6.212060e+01
7.140000e-06	-5.383554e-06	-9.469272e-10	-3.740043e+01	-6.209823e+01
7.150000e-06	-5.393695e-06	-9.461610e-10	-3.747088e+01	-6.207499e+01
7.160000e-06	-5.403498e-06	-9.482726e-10	-3.753899e+01	-6.205101e+01
7.170000e-06	-5.412849e-06	-9.502313e-10	-3.760395e+01	-6.202642e+01
7.180000e-06	-5.421800e-06	-9.496486e-10	-3.766613e+01	-6.200137e+01
7.190000e-06	-5.430391e-06	-9.461443e-10	-3.772582e+01	-6.197596e+01
7.200000e-06	-5.438692e-06	-9.426554e-10	-3.778348e+01	-6.195032e+01
7.210000e-06	-5.446778e-06	-9.398764e-10	-3.783966e+01	-6.192455e+01
7.220000e-06	-5.454637e-06	-9.357049e-10	-3.789426e+01	-6.189876e+01
7.230000e-06	-5.462174e-06	-9.333103e-10	-3.794662e+01	-6.187304e+01
7.240000e-06	-5.469180e-06	-9.306464e-10	-3.799529e+01	-6.184748e+01
7.250000e-06	-5.475414e-06	-9.275517e-10	-3.803860e+01	-6.182213e+01
7.260000e-06	-5.480895e-06	-9.227917e-10	-3.807668e+01	-6.179705e+01
7.270000e-06	-5.485871e-06	-9.185860e-10	-3.811125e+01	-6.177229e+01
7.280000e-06	-5.490490e-06	-9.184919e-10	-3.814334e+01	-6.174787e+01
7.290000e-06	-5.494834e-06	-9.198163e-10	-3.817352e+01	-6.172381e+01
7.300000e-06	-5.499018e-06	-9.207200e-10	-3.820258e+01	-6.170010e+01
7.310000e-06	-5.503048e-06	-9.183353e-10	-3.823057e+01	-6.167672e+01
7.320000e-06	-5.506671e-06	-9.142582e-10	-3.825575e+01	-6.165364e+01
7.330000e-06	-5.509788e-06	-9.093130e-10	-3.827740e+01	-6.163082e+01
7.340000e-06	-5.512499e-06	-9.051931e-10	-3.829624e+01	-6.160818e+01
7.350000e-06	-5.514902e-06	-9.055371e-10	-3.831293e+01	-6.158565e+01
7.360000e-06	-5.516965e-06	-9.079875e-10	-3.832726e+01	-6.156313e+01
7.370000e-06	-5.518577e-06	-9.097323e-10	-3.833846e+01	-6.154052e+01
7.380000e-06	-5.519715e-06	-9.089343e-10	-3.834637e+01	-6.151769e+01
7.390000e-06	-5.520499e-06	-9.043312e-10	-3.835182e+01	-6.149451e+01
7.400000e-06	-5.521127e-06	-8.944647e-10	-3.835618e+01	-6.147085e+01
