# Temperatura_=_-2.1
# Concentracion g/m^3_=_1620.0
# C_Vs_to_Am_M_A/Vsm_=_65563218390.804596
# pendiente_HvsI_1/m_=_3716.3
# ordenada_HvsI_A/m_=_1297.0
# frecuencia_Hz_=_135106.81804818

Tiempo_(s)	Campo_(V.s)	Magnetizacion_(V.s)	Campo_(kA/m)	Magnetizacion_(A/m)
0.000000e+00	-5.522008e-06	-9.063667e-10	-3.837567e+01	-6.083892e+01
1.000000e-08	-5.522203e-06	-9.042470e-10	-3.837703e+01	-6.083483e+01
2.000000e-08	-5.522077e-06	-9.052916e-10	-3.837615e+01	-6.083165e+01
3.000000e-08	-5.521556e-06	-9.044277e-10	-3.837253e+01	-6.082907e+01
4.000000e-08	-5.520493e-06	-8.969965e-10	-3.836515e+01	-6.082670e+01
5.000000e-08	-5.518825e-06	-8.854859e-10	-3.835355e+01	-6.082420e+01
6.000000e-08	-5.516687e-06	-8.922054e-10	-3.833870e+01	-6.082120e+01
7.000000e-08	-5.514113e-06	-9.554896e-10	-3.832081e+01	-6.081732e+01
8.000000e-08	-5.511049e-06	-9.915958e-10	-3.829952e+01	-6.081221e+01
9.000000e-08	-5.507497e-06	-8.730469e-10	-3.827483e+01	-6.080548e+01
1.000000e-07	-5.503534e-06	-7.693426e-10	-3.824729e+01	-6.079680e+01
1.100000e-07	-5.499341e-06	-8.866876e-10	-3.821815e+01	-6.078580e+01
1.200000e-07	-5.494793e-06	-9.853135e-10	-3.818654e+01	-6.077216e+01
1.300000e-07	-5.489774e-06	-9.291765e-10	-3.815166e+01	-6.075556e+01
1.400000e-07	-5.484496e-06	-8.090574e-10	-3.811498e+01	-6.073570e+01
1.500000e-07	-5.479029e-06	-8.891950e-10	-3.807699e+01	-6.071229e+01
1.600000e-07	-5.473083e-06	-9.828217e-10	-3.803567e+01	-6.068507e+01
1.700000e-07	-5.466617e-06	-9.131970e-10	-3.799073e+01	-6.065382e+01
1.800000e-07	-5.459855e-06	-8.331285e-10	-3.794374e+01	-6.061831e+01
1.900000e-07	-5.452786e-06	-8.704747e-10	-3.789462e+01	-6.057837e+01
2.000000e-07	-5.445333e-06	-9.698834e-10	-3.784282e+01	-6.053383e+01
2.100000e-07	-5.437652e-06	-9.428367e-10	-3.778944e+01	-6.048457e+01
2.200000e-07	-5.429760e-06	-8.991202e-10	-3.773459e+01	-6.043048e+01
2.300000e-07	-5.421438e-06	-8.876960e-10	-3.767675e+01	-6.037149e+01
2.400000e-07	-5.412446e-06	-9.331352e-10	-3.761426e+01	-6.030756e+01
2.500000e-07	-5.402840e-06	-9.151536e-10	-3.754751e+01	-6.023867e+01
2.600000e-07	-5.392832e-06	-8.977863e-10	-3.747795e+01	-6.016484e+01
2.700000e-07	-5.382211e-06	-8.846270e-10	-3.740415e+01	-6.008610e+01
2.800000e-07	-5.370999e-06	-9.156942e-10	-3.732622e+01	-6.000253e+01
2.900000e-07	-5.359506e-06	-9.040983e-10	-3.724635e+01	-5.991420e+01
3.000000e-07	-5.347623e-06	-8.673950e-10	-3.716377e+01	-5.982125e+01
3.100000e-07	-5.335159e-06	-8.533571e-10	-3.707716e+01	-5.972379e+01
3.200000e-07	-5.322322e-06	-9.012455e-10	-3.698794e+01	-5.962200e+01
3.300000e-07	-5.309256e-06	-8.991237e-10	-3.689714e+01	-5.951603e+01
3.400000e-07	-5.295702e-06	-8.470064e-10	-3.680294e+01	-5.940609e+01
3.500000e-07	-5.281660e-06	-8.732230e-10	-3.670535e+01	-5.929237e+01
3.600000e-07	-5.267327e-06	-9.182521e-10	-3.660575e+01	-5.917509e+01
3.700000e-07	-5.252452e-06	-8.547381e-10	-3.650237e+01	-5.905448e+01
3.800000e-07	-5.236961e-06	-8.335991e-10	-3.639472e+01	-5.893076e+01
3.900000e-07	-5.221066e-06	-9.298776e-10	-3.628425e+01	-5.880418e+01
4.000000e-07	-5.204774e-06	-8.929961e-10	-3.617103e+01	-5.867496e+01
4.100000e-07	-5.188045e-06	-7.904094e-10	-3.605477e+01	-5.854335e+01
4.200000e-07	-5.170950e-06	-8.793233e-10	-3.593597e+01	-5.840959e+01
4.300000e-07	-5.153579e-06	-9.609029e-10	-3.581524e+01	-5.827389e+01
4.400000e-07	-5.135847e-06	-8.151154e-10	-3.569202e+01	-5.813650e+01
4.500000e-07	-5.117671e-06	-8.102138e-10	-3.556570e+01	-5.799761e+01
4.600000e-07	-5.099085e-06	-9.509167e-10	-3.543654e+01	-5.785745e+01
4.700000e-07	-5.080150e-06	-8.915259e-10	-3.530495e+01	-5.771619e+01
4.800000e-07	-5.060960e-06	-7.874071e-10	-3.517158e+01	-5.757403e+01
4.900000e-07	-5.041565e-06	-9.175415e-10	-3.503680e+01	-5.743112e+01
5.000000e-07	-5.021928e-06	-9.210036e-10	-3.490033e+01	-5.728762e+01
5.100000e-07	-5.001945e-06	-7.910388e-10	-3.476145e+01	-5.714366e+01
5.200000e-07	-4.981686e-06	-8.638635e-10	-3.462066e+01	-5.699935e+01
5.300000e-07	-4.961240e-06	-9.567946e-10	-3.447857e+01	-5.685479e+01
5.400000e-07	-4.940403e-06	-8.143580e-10	-3.433376e+01	-5.671005e+01
5.500000e-07	-4.919151e-06	-8.078697e-10	-3.418607e+01	-5.656520e+01
5.600000e-07	-4.897568e-06	-9.321001e-10	-3.403608e+01	-5.642027e+01
5.700000e-07	-4.875565e-06	-8.699346e-10	-3.388316e+01	-5.627528e+01
5.800000e-07	-4.853123e-06	-8.015078e-10	-3.372720e+01	-5.613025e+01
5.900000e-07	-4.830431e-06	-9.080046e-10	-3.356950e+01	-5.598514e+01
6.000000e-07	-4.807524e-06	-8.889455e-10	-3.341031e+01	-5.583994e+01
6.100000e-07	-4.784287e-06	-7.945193e-10	-3.324882e+01	-5.569459e+01
6.200000e-07	-4.760792e-06	-8.532271e-10	-3.308554e+01	-5.554903e+01
6.300000e-07	-4.737078e-06	-8.827329e-10	-3.292074e+01	-5.540318e+01
6.400000e-07	-4.712977e-06	-8.069422e-10	-3.275325e+01	-5.525695e+01
6.500000e-07	-4.688412e-06	-8.358042e-10	-3.258253e+01	-5.511024e+01
6.600000e-07	-4.663425e-06	-8.835482e-10	-3.240888e+01	-5.496293e+01
6.700000e-07	-4.638024e-06	-8.236592e-10	-3.223235e+01	-5.481490e+01
6.800000e-07	-4.612158e-06	-8.228986e-10	-3.205259e+01	-5.466602e+01
6.900000e-07	-4.585817e-06	-8.698120e-10	-3.186953e+01	-5.451616e+01
7.000000e-07	-4.559023e-06	-8.379843e-10	-3.168333e+01	-5.436518e+01
7.100000e-07	-4.531854e-06	-8.177835e-10	-3.149451e+01	-5.421292e+01
7.200000e-07	-4.504467e-06	-8.614795e-10	-3.130419e+01	-5.405925e+01
7.300000e-07	-4.476868e-06	-8.414531e-10	-3.111238e+01	-5.390401e+01
7.400000e-07	-4.449040e-06	-8.105407e-10	-3.091899e+01	-5.374707e+01
7.500000e-07	-4.420967e-06	-8.314956e-10	-3.072389e+01	-5.358827e+01
7.600000e-07	-4.392561e-06	-8.324277e-10	-3.052649e+01	-5.342747e+01
7.700000e-07	-4.363826e-06	-8.014592e-10	-3.032679e+01	-5.326453e+01
7.800000e-07	-4.334849e-06	-8.231660e-10	-3.012541e+01	-5.309933e+01
7.900000e-07	-4.305601e-06	-8.320510e-10	-2.992215e+01	-5.293174e+01
8.000000e-07	-4.276060e-06	-8.013358e-10	-2.971685e+01	-5.276163e+01
8.100000e-07	-4.246277e-06	-7.974653e-10	-2.950987e+01	-5.258889e+01
8.200000e-07	-4.216119e-06	-8.156686e-10	-2.930028e+01	-5.241342e+01
8.300000e-07	-4.185548e-06	-7.917097e-10	-2.908783e+01	-5.223512e+01
8.400000e-07	-4.154708e-06	-7.802243e-10	-2.887350e+01	-5.205390e+01
8.500000e-07	-4.123660e-06	-7.964854e-10	-2.865773e+01	-5.186968e+01
8.600000e-07	-4.092416e-06	-7.912609e-10	-2.844060e+01	-5.168239e+01
8.700000e-07	-4.060984e-06	-7.713169e-10	-2.822216e+01	-5.149197e+01
8.800000e-07	-4.029399e-06	-7.836038e-10	-2.800266e+01	-5.129835e+01
8.900000e-07	-3.997589e-06	-7.858987e-10	-2.778160e+01	-5.110150e+01
9.000000e-07	-3.965433e-06	-7.652517e-10	-2.755812e+01	-5.090138e+01
9.100000e-07	-3.932956e-06	-7.670706e-10	-2.733242e+01	-5.069795e+01
9.200000e-07	-3.900170e-06	-7.736596e-10	-2.710457e+01	-5.049119e+01
9.300000e-07	-3.866986e-06	-7.509623e-10	-2.687396e+01	-5.028108e+01
9.400000e-07	-3.833348e-06	-7.404887e-10	-2.664019e+01	-5.006761e+01
9.500000e-07	-3.799269e-06	-7.538817e-10	-2.640335e+01	-4.985078e+01
9.600000e-07	-3.764754e-06	-7.463766e-10	-2.616349e+01	-4.963058e+01
9.700000e-07	-3.729889e-06	-7.314822e-10	-2.592119e+01	-4.940702e+01
9.800000e-07	-3.694733e-06	-7.353944e-10	-2.567687e+01	-4.918009e+01
9.900000e-07	-3.659363e-06	-7.364305e-10	-2.543106e+01	-4.894981e+01
1.000000e-06	-3.623874e-06	-7.204195e-10	-2.518443e+01	-4.871619e+01
1.010000e-06	-3.588260e-06	-7.185375e-10	-2.493693e+01	-4.847923e+01
1.020000e-06	-3.552472e-06	-7.218594e-10	-2.468822e+01	-4.823896e+01
1.030000e-06	-3.516477e-06	-7.123762e-10	-2.443807e+01	-4.799537e+01
1.040000e-06	-3.480227e-06	-7.049193e-10	-2.418614e+01	-4.774849e+01
1.050000e-06	-3.443711e-06	-7.082613e-10	-2.393237e+01	-4.749832e+01
1.060000e-06	-3.406903e-06	-6.991458e-10	-2.367657e+01	-4.724486e+01
1.070000e-06	-3.369821e-06	-6.905569e-10	-2.341887e+01	-4.698813e+01
1.080000e-06	-3.332464e-06	-6.894269e-10	-2.315925e+01	-4.672812e+01
1.090000e-06	-3.294803e-06	-6.855688e-10	-2.289752e+01	-4.646484e+01
1.100000e-06	-3.256997e-06	-6.747655e-10	-2.263478e+01	-4.619828e+01
1.110000e-06	-3.219036e-06	-6.749099e-10	-2.237097e+01	-4.592844e+01
1.120000e-06	-3.180825e-06	-6.748628e-10	-2.210542e+01	-4.565530e+01
1.130000e-06	-3.142373e-06	-6.674883e-10	-2.183819e+01	-4.537884e+01
1.140000e-06	-3.103659e-06	-6.611933e-10	-2.156915e+01	-4.509905e+01
1.150000e-06	-3.064777e-06	-6.585650e-10	-2.129893e+01	-4.481590e+01
1.160000e-06	-3.025700e-06	-6.511830e-10	-2.102736e+01	-4.452937e+01
1.170000e-06	-2.986418e-06	-6.467732e-10	-2.075437e+01	-4.423941e+01
1.180000e-06	-2.947027e-06	-6.470009e-10	-2.048062e+01	-4.394599e+01
1.190000e-06	-2.907513e-06	-6.434907e-10	-2.020602e+01	-4.364906e+01
1.200000e-06	-2.867912e-06	-6.372320e-10	-1.993080e+01	-4.334857e+01
1.210000e-06	-2.828222e-06	-6.354249e-10	-1.965498e+01	-4.304447e+01
1.220000e-06	-2.788422e-06	-6.307565e-10	-1.937838e+01	-4.273670e+01
1.230000e-06	-2.748457e-06	-6.212992e-10	-1.910064e+01	-4.242518e+01
1.240000e-06	-2.708243e-06	-6.155797e-10	-1.882117e+01	-4.210985e+01
1.250000e-06	-2.667770e-06	-6.109020e-10	-1.853990e+01	-4.179063e+01
1.260000e-06	-2.627015e-06	-6.036628e-10	-1.825667e+01	-4.146743e+01
1.270000e-06	-2.585899e-06	-5.966613e-10	-1.797093e+01	-4.114016e+01
1.280000e-06	-2.544329e-06	-5.935157e-10	-1.768204e+01	-4.080872e+01
1.290000e-06	-2.502476e-06	-5.894557e-10	-1.739118e+01	-4.047301e+01
1.300000e-06	-2.460504e-06	-5.847984e-10	-1.709949e+01	-4.013292e+01
1.310000e-06	-2.418288e-06	-5.791844e-10	-1.680610e+01	-3.978832e+01
1.320000e-06	-2.375802e-06	-5.740538e-10	-1.651084e+01	-3.943909e+01
1.330000e-06	-2.333049e-06	-5.690710e-10	-1.621373e+01	-3.908509e+01
1.340000e-06	-2.289988e-06	-5.639157e-10	-1.591447e+01	-3.872618e+01
1.350000e-06	-2.246742e-06	-5.561998e-10	-1.561393e+01	-3.836220e+01
1.360000e-06	-2.203420e-06	-5.493167e-10	-1.531286e+01	-3.799298e+01
1.370000e-06	-2.159975e-06	-5.441718e-10	-1.501094e+01	-3.761835e+01
1.380000e-06	-2.116403e-06	-5.417321e-10	-1.470813e+01	-3.723814e+01
1.390000e-06	-2.072759e-06	-5.399002e-10	-1.440482e+01	-3.685213e+01
1.400000e-06	-2.029032e-06	-5.374500e-10	-1.410093e+01	-3.646013e+01
1.410000e-06	-1.985234e-06	-5.314593e-10	-1.379655e+01	-3.606191e+01
1.420000e-06	-1.941339e-06	-5.242375e-10	-1.349151e+01	-3.565726e+01
1.430000e-06	-1.897311e-06	-5.155105e-10	-1.318553e+01	-3.524591e+01
1.440000e-06	-1.853229e-06	-5.056475e-10	-1.287918e+01	-3.482763e+01
1.450000e-06	-1.809102e-06	-4.963079e-10	-1.257251e+01	-3.440214e+01
1.460000e-06	-1.764827e-06	-4.904218e-10	-1.226482e+01	-3.396917e+01
1.470000e-06	-1.720347e-06	-4.840395e-10	-1.195570e+01	-3.352842e+01
1.480000e-06	-1.675718e-06	-4.759907e-10	-1.164555e+01	-3.307960e+01
1.490000e-06	-1.630946e-06	-4.681786e-10	-1.133440e+01	-3.262239e+01
1.500000e-06	-1.586089e-06	-4.620094e-10	-1.102267e+01	-3.215647e+01
1.510000e-06	-1.541135e-06	-4.555739e-10	-1.071025e+01	-3.168150e+01
1.520000e-06	-1.496021e-06	-4.474979e-10	-1.039672e+01	-3.119715e+01
1.530000e-06	-1.450794e-06	-4.366271e-10	-1.008242e+01	-3.070306e+01
1.540000e-06	-1.405434e-06	-4.251458e-10	-9.767187e+00	-3.019888e+01
1.550000e-06	-1.359963e-06	-4.161406e-10	-9.451179e+00	-2.968424e+01
1.560000e-06	-1.314440e-06	-4.068427e-10	-9.134819e+00	-2.915877e+01
1.570000e-06	-1.268882e-06	-3.977550e-10	-8.818204e+00	-2.862210e+01
1.580000e-06	-1.223216e-06	-3.903990e-10	-8.500846e+00	-2.807387e+01
1.590000e-06	-1.177435e-06	-3.846013e-10	-8.182688e+00	-2.751369e+01
1.600000e-06	-1.131580e-06	-3.801132e-10	-7.864011e+00	-2.694121e+01
1.610000e-06	-1.085651e-06	-3.736802e-10	-7.544826e+00	-2.635605e+01
1.620000e-06	-1.039657e-06	-3.631326e-10	-7.225190e+00	-2.575786e+01
1.630000e-06	-9.935387e-07	-3.521919e-10	-6.904684e+00	-2.514630e+01
1.640000e-06	-9.472513e-07	-3.430142e-10	-6.583006e+00	-2.452102e+01
1.650000e-06	-9.009626e-07	-3.334027e-10	-6.261318e+00	-2.388171e+01
1.660000e-06	-8.546953e-07	-3.234306e-10	-5.939779e+00	-2.322805e+01
1.670000e-06	-8.081888e-07	-3.135506e-10	-5.616578e+00	-2.255977e+01
1.680000e-06	-7.615542e-07	-2.993156e-10	-5.292487e+00	-2.187659e+01
1.690000e-06	-7.150326e-07	-2.859031e-10	-4.969182e+00	-2.117828e+01
1.700000e-06	-6.685009e-07	-2.754296e-10	-4.645805e+00	-2.046461e+01
1.710000e-06	-6.218607e-07	-2.654509e-10	-4.321675e+00	-1.973542e+01
1.720000e-06	-5.751132e-07	-2.527535e-10	-3.996800e+00	-1.899053e+01
1.730000e-06	-5.283934e-07	-2.390061e-10	-3.672116e+00	-1.822984e+01
1.740000e-06	-4.817090e-07	-2.244766e-10	-3.347679e+00	-1.745326e+01
1.750000e-06	-4.349437e-07	-2.097326e-10	-3.022679e+00	-1.666074e+01
1.760000e-06	-3.881073e-07	-1.958257e-10	-2.697186e+00	-1.585227e+01
1.770000e-06	-3.412336e-07	-1.850031e-10	-2.371433e+00	-1.502791e+01
1.780000e-06	-2.943657e-07	-1.752207e-10	-2.045720e+00	-1.418771e+01
1.790000e-06	-2.474501e-07	-1.651084e-10	-1.719676e+00	-1.333182e+01
1.800000e-06	-2.005141e-07	-1.545025e-10	-1.393490e+00	-1.246039e+01
1.810000e-06	-1.535909e-07	-1.421797e-10	-1.067393e+00	-1.157366e+01
1.820000e-06	-1.067203e-07	-1.302161e-10	-7.416620e-01	-1.067187e+01
1.830000e-06	-5.981944e-08	-1.184488e-10	-4.157204e-01	-9.755354e+00
1.840000e-06	-1.287590e-08	-1.062934e-10	-8.948222e-02	-8.824462e+00
1.850000e-06	3.402059e-08	-9.344419e-11	2.364290e-01	-7.879606e+00
1.860000e-06	8.089986e-08	-8.173194e-11	5.622206e-01	-6.921243e+00
1.870000e-06	1.277285e-07	-6.630568e-11	8.876601e-01	-5.949874e+00
1.880000e-06	1.745316e-07	-4.871558e-11	1.212923e+00	-4.966051e+00
1.890000e-06	2.214162e-07	-3.417361e-11	1.538751e+00	-3.970365e+00
1.900000e-06	2.683599e-07	-2.249801e-11	1.864990e+00	-2.963454e+00
1.910000e-06	3.151917e-07	-9.844597e-12	2.190452e+00	-1.945995e+00
1.920000e-06	3.619428e-07	3.626881e-12	2.515353e+00	-9.187048e-01
1.930000e-06	4.086101e-07	1.582670e-11	2.839672e+00	1.176623e-01
1.940000e-06	4.551749e-07	3.159099e-11	3.163278e+00	1.162319e+00
1.950000e-06	5.017689e-07	4.842731e-11	3.487086e+00	2.214446e+00
1.960000e-06	5.483402e-07	6.238007e-11	3.810738e+00	3.273194e+00
1.970000e-06	5.949014e-07	7.607586e-11	4.134319e+00	4.337692e+00
1.980000e-06	6.413993e-07	8.921141e-11	4.457460e+00	5.407043e+00
1.990000e-06	6.878149e-07	1.012104e-10	4.780029e+00	6.480333e+00
2.000000e-06	7.342411e-07	1.124317e-10	5.102673e+00	7.556632e+00
2.010000e-06	7.806038e-07	1.283226e-10	5.424874e+00	8.635000e+00
2.020000e-06	8.269017e-07	1.492017e-10	5.746626e+00	9.714487e+00
2.030000e-06	8.731359e-07	1.700489e-10	6.067934e+00	1.079414e+01
2.040000e-06	9.193093e-07	1.882383e-10	6.388820e+00	1.187300e+01
2.050000e-06	9.654412e-07	2.026873e-10	6.709418e+00	1.295013e+01
2.060000e-06	1.011540e-06	2.137226e-10	7.029789e+00	1.402458e+01
2.070000e-06	1.057615e-06	2.256258e-10	7.349988e+00	1.509540e+01
2.080000e-06	1.103651e-06	2.407659e-10	7.669916e+00	1.616169e+01
2.090000e-06	1.149573e-06	2.569824e-10	7.989058e+00	1.722255e+01
2.100000e-06	1.195290e-06	2.764501e-10	8.306774e+00	1.827708e+01
2.110000e-06	1.240953e-06	2.952777e-10	8.624111e+00	1.932443e+01
2.120000e-06	1.286582e-06	3.092333e-10	8.941211e+00	2.036376e+01
2.130000e-06	1.332064e-06	3.202698e-10	9.257293e+00	2.139428e+01
2.140000e-06	1.377474e-06	3.323946e-10	9.572877e+00	2.241521e+01
2.150000e-06	1.422786e-06	3.457556e-10	9.887775e+00	2.342581e+01
2.160000e-06	1.467941e-06	3.600118e-10	1.020158e+01	2.442537e+01
2.170000e-06	1.512969e-06	3.773286e-10	1.051451e+01	2.541324e+01
2.180000e-06	1.557871e-06	3.974788e-10	1.082656e+01	2.638878e+01
2.190000e-06	1.602666e-06	4.129709e-10	1.113787e+01	2.735141e+01
2.200000e-06	1.647358e-06	4.242875e-10	1.144846e+01	2.830058e+01
2.210000e-06	1.691945e-06	4.345500e-10	1.175832e+01	2.923579e+01
2.220000e-06	1.736404e-06	4.427988e-10	1.206729e+01	3.015657e+01
2.230000e-06	1.780727e-06	4.528009e-10	1.237532e+01	3.106250e+01
2.240000e-06	1.824907e-06	4.652606e-10	1.268235e+01	3.195321e+01
2.250000e-06	1.868984e-06	4.791520e-10	1.298867e+01	3.282836e+01
2.260000e-06	1.913014e-06	4.920492e-10	1.329466e+01	3.368766e+01
2.270000e-06	1.956967e-06	5.073877e-10	1.360012e+01	3.453086e+01
2.280000e-06	2.000824e-06	5.235707e-10	1.390490e+01	3.535773e+01
2.290000e-06	2.044553e-06	5.391721e-10	1.420880e+01	3.616812e+01
2.300000e-06	2.088197e-06	5.510044e-10	1.451210e+01	3.696187e+01
2.310000e-06	2.131807e-06	5.596350e-10	1.481518e+01	3.773890e+01
2.320000e-06	2.175287e-06	5.680693e-10	1.511734e+01	3.849914e+01
2.330000e-06	2.218624e-06	5.766684e-10	1.541852e+01	3.924254e+01
2.340000e-06	2.261858e-06	5.872400e-10	1.571898e+01	3.996913e+01
2.350000e-06	2.304907e-06	6.017295e-10	1.601815e+01	4.067891e+01
2.360000e-06	2.347718e-06	6.199499e-10	1.631567e+01	4.137195e+01
2.370000e-06	2.390318e-06	6.330012e-10	1.661172e+01	4.204834e+01
2.380000e-06	2.432673e-06	6.398935e-10	1.690607e+01	4.270817e+01
2.390000e-06	2.474748e-06	6.439522e-10	1.719848e+01	4.335158e+01
2.400000e-06	2.516549e-06	6.466337e-10	1.748898e+01	4.397872e+01
2.410000e-06	2.558068e-06	6.492613e-10	1.777751e+01	4.458975e+01
2.420000e-06	2.599400e-06	6.544390e-10	1.806476e+01	4.518485e+01
2.430000e-06	2.640449e-06	6.659654e-10	1.835003e+01	4.576424e+01
2.440000e-06	2.681136e-06	6.811176e-10	1.863279e+01	4.632812e+01
2.450000e-06	2.721531e-06	6.937486e-10	1.891352e+01	4.687671e+01
2.460000e-06	2.761715e-06	7.036422e-10	1.919278e+01	4.741026e+01
2.470000e-06	2.801726e-06	7.099482e-10	1.947084e+01	4.792900e+01
2.480000e-06	2.841545e-06	7.140905e-10	1.974756e+01	4.843319e+01
2.490000e-06	2.881284e-06	7.184439e-10	2.002373e+01	4.892309e+01
2.500000e-06	2.920929e-06	7.232231e-10	2.029925e+01	4.939896e+01
2.510000e-06	2.960385e-06	7.280260e-10	2.057346e+01	4.986108e+01
2.520000e-06	2.999672e-06	7.349042e-10	2.084648e+01	5.030971e+01
2.530000e-06	3.038706e-06	7.422038e-10	2.111775e+01	5.074515e+01
2.540000e-06	3.077486e-06	7.486074e-10	2.138726e+01	5.116766e+01
2.550000e-06	3.116050e-06	7.553535e-10	2.165526e+01	5.157753e+01
2.560000e-06	3.154428e-06	7.613367e-10	2.192197e+01	5.197505e+01
2.570000e-06	3.192632e-06	7.642965e-10	2.218748e+01	5.236051e+01
2.580000e-06	3.230643e-06	7.651450e-10	2.245163e+01	5.273419e+01
2.590000e-06	3.268463e-06	7.674106e-10	2.271447e+01	5.309639e+01
2.600000e-06	3.306036e-06	7.731809e-10	2.297558e+01	5.344739e+01
2.610000e-06	3.343373e-06	7.791472e-10	2.323506e+01	5.378749e+01
2.620000e-06	3.380476e-06	7.830835e-10	2.349291e+01	5.411699e+01
2.630000e-06	3.417397e-06	7.862300e-10	2.374950e+01	5.443617e+01
2.640000e-06	3.454065e-06	7.889307e-10	2.400433e+01	5.474533e+01
2.650000e-06	3.490412e-06	7.930078e-10	2.425693e+01	5.504476e+01
2.660000e-06	3.526584e-06	7.985569e-10	2.450831e+01	5.533477e+01
2.670000e-06	3.562613e-06	8.026350e-10	2.475869e+01	5.561565e+01
2.680000e-06	3.598468e-06	8.053991e-10	2.500787e+01	5.588769e+01
2.690000e-06	3.634158e-06	8.102270e-10	2.525590e+01	5.615119e+01
2.700000e-06	3.669656e-06	8.164569e-10	2.550259e+01	5.640645e+01
2.710000e-06	3.704925e-06	8.216147e-10	2.574770e+01	5.665375e+01
2.720000e-06	3.739829e-06	8.238231e-10	2.599027e+01	5.689339e+01
2.730000e-06	3.774405e-06	8.238487e-10	2.623056e+01	5.712567e+01
2.740000e-06	3.808692e-06	8.248065e-10	2.646884e+01	5.735086e+01
2.750000e-06	3.842615e-06	8.288440e-10	2.670459e+01	5.756925e+01
2.760000e-06	3.876167e-06	8.341974e-10	2.693776e+01	5.778113e+01
2.770000e-06	3.909300e-06	8.408686e-10	2.716802e+01	5.798677e+01
2.780000e-06	3.942054e-06	8.477867e-10	2.739565e+01	5.818643e+01
2.790000e-06	3.974509e-06	8.532184e-10	2.762120e+01	5.838039e+01
2.800000e-06	4.006661e-06	8.562532e-10	2.784464e+01	5.856889e+01
2.810000e-06	4.038503e-06	8.563990e-10	2.806593e+01	5.875218e+01
2.820000e-06	4.070086e-06	8.570736e-10	2.828542e+01	5.893050e+01
2.830000e-06	4.101447e-06	8.602464e-10	2.850337e+01	5.910408e+01
2.840000e-06	4.132597e-06	8.648779e-10	2.871985e+01	5.927312e+01
2.850000e-06	4.163531e-06	8.723188e-10	2.893482e+01	5.943784e+01
2.860000e-06	4.194207e-06	8.783646e-10	2.914801e+01	5.959841e+01
2.870000e-06	4.224546e-06	8.806331e-10	2.935885e+01	5.975502e+01
2.880000e-06	4.254575e-06	8.809298e-10	2.956754e+01	5.990781e+01
2.890000e-06	4.284315e-06	8.835351e-10	2.977422e+01	6.005694e+01
2.900000e-06	4.313776e-06	8.873096e-10	2.997896e+01	6.020252e+01
2.910000e-06	4.342964e-06	8.910919e-10	3.018181e+01	6.034466e+01
2.920000e-06	4.371844e-06	8.953754e-10	3.038251e+01	6.048346e+01
2.930000e-06	4.400418e-06	8.983235e-10	3.058109e+01	6.061897e+01
2.940000e-06	4.428727e-06	9.013434e-10	3.077782e+01	6.075126e+01
2.950000e-06	4.456821e-06	9.035594e-10	3.097307e+01	6.088035e+01
2.960000e-06	4.484686e-06	9.054847e-10	3.116672e+01	6.100627e+01
2.970000e-06	4.512375e-06	9.079830e-10	3.135915e+01	6.112899e+01
2.980000e-06	4.539806e-06	9.105596e-10	3.154978e+01	6.124851e+01
2.990000e-06	4.566935e-06	9.136291e-10	3.173831e+01	6.136477e+01
3.000000e-06	4.593741e-06	9.156022e-10	3.192460e+01	6.147773e+01
3.010000e-06	4.620101e-06	9.148427e-10	3.210780e+01	6.158731e+01
3.020000e-06	4.645927e-06	9.146450e-10	3.228727e+01	6.169342e+01
3.030000e-06	4.671184e-06	9.170607e-10	3.246280e+01	6.179596e+01
3.040000e-06	4.695994e-06	9.209903e-10	3.263522e+01	6.189482e+01
3.050000e-06	4.720415e-06	9.229196e-10	3.280493e+01	6.198986e+01
3.060000e-06	4.744467e-06	9.247594e-10	3.297208e+01	6.208097e+01
3.070000e-06	4.768173e-06	9.271676e-10	3.313683e+01	6.216799e+01
3.080000e-06	4.791570e-06	9.272738e-10	3.329944e+01	6.225078e+01
3.090000e-06	4.814689e-06	9.272003e-10	3.346010e+01	6.232919e+01
3.100000e-06	4.837492e-06	9.290004e-10	3.361857e+01	6.240308e+01
3.110000e-06	4.859995e-06	9.301989e-10	3.377496e+01	6.247228e+01
3.120000e-06	4.882143e-06	9.295660e-10	3.392888e+01	6.253665e+01
3.130000e-06	4.903922e-06	9.294494e-10	3.408024e+01	6.259606e+01
3.140000e-06	4.925414e-06	9.322625e-10	3.422960e+01	6.265037e+01
3.150000e-06	4.946587e-06	9.362126e-10	3.437674e+01	6.269944e+01
3.160000e-06	4.967430e-06	9.379276e-10	3.452159e+01	6.274318e+01
3.170000e-06	4.988040e-06	9.360657e-10	3.466482e+01	6.278148e+01
3.180000e-06	5.008362e-06	9.355835e-10	3.480605e+01	6.281426e+01
3.190000e-06	5.028299e-06	9.364615e-10	3.494460e+01	6.284146e+01
3.200000e-06	5.047929e-06	9.346167e-10	3.508103e+01	6.286302e+01
3.210000e-06	5.067334e-06	9.328349e-10	3.521588e+01	6.287892e+01
3.220000e-06	5.086458e-06	9.346025e-10	3.534878e+01	6.288916e+01
3.230000e-06	5.105165e-06	9.372528e-10	3.547879e+01	6.289376e+01
3.240000e-06	5.123429e-06	9.368144e-10	3.560572e+01	6.289276e+01
3.250000e-06	5.141338e-06	9.336895e-10	3.573018e+01	6.288624e+01
3.260000e-06	5.158910e-06	9.294174e-10	3.585229e+01	6.287429e+01
3.270000e-06	5.176111e-06	9.281344e-10	3.597184e+01	6.285703e+01
3.280000e-06	5.192964e-06	9.322557e-10	3.608896e+01	6.283461e+01
3.290000e-06	5.209556e-06	9.364896e-10	3.620427e+01	6.280720e+01
3.300000e-06	5.225781e-06	9.378909e-10	3.631702e+01	6.277500e+01
3.310000e-06	5.241578e-06	9.375107e-10	3.642680e+01	6.273823e+01
3.320000e-06	5.256949e-06	9.337608e-10	3.653363e+01	6.269715e+01
3.330000e-06	5.271776e-06	9.286233e-10	3.663667e+01	6.265202e+01
3.340000e-06	5.286103e-06	9.272802e-10	3.673623e+01	6.260313e+01
3.350000e-06	5.300108e-06	9.309330e-10	3.683357e+01	6.255078e+01
3.360000e-06	5.313775e-06	9.359761e-10	3.692854e+01	6.249532e+01
3.370000e-06	5.326953e-06	9.415305e-10	3.702012e+01	6.243707e+01
3.380000e-06	5.339746e-06	9.466676e-10	3.710903e+01	6.237640e+01
3.390000e-06	5.352193e-06	9.488723e-10	3.719553e+01	6.231367e+01
3.400000e-06	5.364287e-06	9.490902e-10	3.727958e+01	6.224926e+01
3.410000e-06	5.376038e-06	9.491619e-10	3.736125e+01	6.218353e+01
3.420000e-06	5.387411e-06	9.479019e-10	3.744028e+01	6.211689e+01
3.430000e-06	5.398294e-06	9.473766e-10	3.751592e+01	6.204969e+01
3.440000e-06	5.408581e-06	9.511616e-10	3.758740e+01	6.198234e+01
3.450000e-06	5.418260e-06	9.554136e-10	3.765467e+01	6.191519e+01
3.460000e-06	5.427364e-06	9.561602e-10	3.771794e+01	6.184860e+01
3.470000e-06	5.436020e-06	9.549235e-10	3.777810e+01	6.178294e+01
3.480000e-06	5.444262e-06	9.539614e-10	3.783537e+01	6.171853e+01
3.490000e-06	5.452067e-06	9.538850e-10	3.788961e+01	6.165570e+01
3.500000e-06	5.459585e-06	9.539502e-10	3.794186e+01	6.159473e+01
3.510000e-06	5.466875e-06	9.543209e-10	3.799253e+01	6.153592e+01
3.520000e-06	5.473784e-06	9.548915e-10	3.804054e+01	6.147951e+01
3.530000e-06	5.480319e-06	9.559230e-10	3.808596e+01	6.142572e+01
3.540000e-06	5.486502e-06	9.571816e-10	3.812893e+01	6.137476e+01
3.550000e-06	5.492289e-06	9.571250e-10	3.816914e+01	6.132679e+01
3.560000e-06	5.497670e-06	9.585098e-10	3.820653e+01	6.128194e+01
3.570000e-06	5.502649e-06	9.621494e-10	3.824114e+01	6.124031e+01
3.580000e-06	5.507278e-06	9.641725e-10	3.827331e+01	6.120198e+01
3.590000e-06	5.511625e-06	9.639647e-10	3.830352e+01	6.116698e+01
3.600000e-06	5.515701e-06	9.641076e-10	3.833185e+01	6.113531e+01
3.610000e-06	5.519462e-06	9.641069e-10	3.835799e+01	6.110693e+01
3.620000e-06	5.522930e-06	9.626229e-10	3.838209e+01	6.108178e+01
3.630000e-06	5.526024e-06	9.601964e-10	3.840359e+01	6.105976e+01
3.640000e-06	5.528593e-06	9.590524e-10	3.842144e+01	6.104074e+01
3.650000e-06	5.530616e-06	9.618244e-10	3.843550e+01	6.102455e+01
3.660000e-06	5.532121e-06	9.666903e-10	3.844596e+01	6.101099e+01
3.670000e-06	5.533186e-06	9.692220e-10	3.845336e+01	6.099985e+01
3.680000e-06	5.533857e-06	9.713001e-10	3.845802e+01	6.099087e+01
3.690000e-06	5.534142e-06	9.745015e-10	3.846000e+01	6.098378e+01
3.700000e-06	5.534071e-06	9.771099e-10	3.845951e+01	6.097830e+01
3.710000e-06	5.533682e-06	9.792652e-10	3.845680e+01	6.097409e+01
3.720000e-06	5.532895e-06	9.781665e-10	3.845134e+01	6.097085e+01
3.730000e-06	5.531683e-06	9.784844e-10	3.844291e+01	6.096821e+01
3.740000e-06	5.530167e-06	9.894867e-10	3.843238e+01	6.096583e+01
3.750000e-06	5.528322e-06	9.980634e-10	3.841955e+01	6.096335e+01
3.760000e-06	5.526072e-06	9.461938e-10	3.840392e+01	6.096039e+01
3.770000e-06	5.523453e-06	8.533804e-10	3.838572e+01	6.095659e+01
3.780000e-06	5.520367e-06	9.225471e-10	3.836427e+01	6.095158e+01
3.790000e-06	5.516856e-06	1.099713e-09	3.833987e+01	6.094499e+01
3.800000e-06	5.513121e-06	1.053848e-09	3.831392e+01	6.093647e+01
3.810000e-06	5.509149e-06	9.116465e-10	3.828631e+01	6.092567e+01
3.820000e-06	5.504870e-06	8.968256e-10	3.825658e+01	6.091226e+01
3.830000e-06	5.500056e-06	1.008218e-09	3.822312e+01	6.089590e+01
3.840000e-06	5.494805e-06	1.020967e-09	3.818663e+01	6.087631e+01
3.850000e-06	5.489395e-06	8.528784e-10	3.814903e+01	6.085320e+01
3.860000e-06	5.483507e-06	8.902327e-10	3.810811e+01	6.082630e+01
3.870000e-06	5.476902e-06	1.100906e-09	3.806221e+01	6.079538e+01
3.880000e-06	5.469816e-06	1.108686e-09	3.801296e+01	6.076022e+01
3.890000e-06	5.462383e-06	8.391486e-10	3.796131e+01	6.072065e+01
3.900000e-06	5.454510e-06	7.968876e-10	3.790659e+01	6.067648e+01
3.910000e-06	5.446160e-06	1.017737e-09	3.784857e+01	6.062761e+01
3.920000e-06	5.437553e-06	1.052616e-09	3.778875e+01	6.057391e+01
3.930000e-06	5.428775e-06	8.876510e-10	3.772775e+01	6.051532e+01
3.940000e-06	5.419509e-06	8.877431e-10	3.766335e+01	6.045180e+01
3.950000e-06	5.409642e-06	1.019664e-09	3.759478e+01	6.038331e+01
3.960000e-06	5.399496e-06	9.589780e-10	3.752427e+01	6.030988e+01
3.970000e-06	5.389174e-06	8.541329e-10	3.745253e+01	6.023154e+01
3.980000e-06	5.378335e-06	8.980056e-10	3.737721e+01	6.014835e+01
3.990000e-06	5.366994e-06	9.778682e-10	3.729839e+01	6.006041e+01
4.000000e-06	5.355428e-06	9.237559e-10	3.721802e+01	5.996782e+01
4.010000e-06	5.343474e-06	8.622216e-10	3.713494e+01	5.987073e+01
4.020000e-06	5.330934e-06	8.813439e-10	3.704779e+01	5.976928e+01
4.030000e-06	5.318043e-06	9.447457e-10	3.695821e+01	5.966364e+01
4.040000e-06	5.304872e-06	9.056092e-10	3.686667e+01	5.955401e+01
4.050000e-06	5.291061e-06	8.190709e-10	3.677069e+01	5.944059e+01
4.060000e-06	5.276565e-06	8.519868e-10	3.666995e+01	5.932359e+01
4.070000e-06	5.261707e-06	9.802436e-10	3.656669e+01	5.920324e+01
4.080000e-06	5.246432e-06	9.062157e-10	3.646054e+01	5.907976e+01
4.090000e-06	5.230510e-06	7.782471e-10	3.634989e+01	5.895339e+01
4.100000e-06	5.214249e-06	9.042377e-10	3.623688e+01	5.882438e+01
4.110000e-06	5.197770e-06	1.005564e-09	3.612236e+01	5.869295e+01
4.120000e-06	5.180840e-06	8.138769e-10	3.600470e+01	5.855934e+01
4.130000e-06	5.163528e-06	7.905666e-10	3.588439e+01	5.842379e+01
4.140000e-06	5.146009e-06	1.004799e-09	3.576264e+01	5.828651e+01
4.150000e-06	5.128181e-06	8.995830e-10	3.563874e+01	5.814773e+01
4.160000e-06	5.109866e-06	7.193517e-10	3.551146e+01	5.800766e+01
4.170000e-06	5.091312e-06	9.336740e-10	3.538252e+01	5.786648e+01
4.180000e-06	5.072544e-06	1.012514e-09	3.525209e+01	5.772437e+01
4.190000e-06	5.053348e-06	7.454341e-10	3.511868e+01	5.758151e+01
4.200000e-06	5.033761e-06	8.216469e-10	3.498256e+01	5.743804e+01
4.210000e-06	5.013936e-06	1.029316e-09	3.484479e+01	5.729411e+01
4.220000e-06	4.993877e-06	8.246453e-10	3.470538e+01	5.714981e+01
4.230000e-06	4.973554e-06	7.433855e-10	3.456415e+01	5.700525e+01
4.240000e-06	4.953020e-06	9.925021e-10	3.442144e+01	5.686052e+01
4.250000e-06	4.932069e-06	8.948941e-10	3.427584e+01	5.671566e+01
4.260000e-06	4.910541e-06	7.120598e-10	3.412623e+01	5.657073e+01
4.270000e-06	4.888558e-06	9.108189e-10	3.397346e+01	5.642574e+01
4.280000e-06	4.866093e-06	9.619939e-10	3.381734e+01	5.628069e+01
4.290000e-06	4.843021e-06	7.482322e-10	3.365700e+01	5.613559e+01
4.300000e-06	4.819522e-06	8.425937e-10	3.349369e+01	5.599038e+01
4.310000e-06	4.795807e-06	9.637308e-10	3.332888e+01	5.584504e+01
4.320000e-06	4.771816e-06	8.095128e-10	3.316215e+01	5.569948e+01
4.330000e-06	4.747524e-06	8.027137e-10	3.299333e+01	5.555365e+01
4.340000e-06	4.722950e-06	9.224141e-10	3.282255e+01	5.540745e+01
4.350000e-06	4.697973e-06	8.202669e-10	3.264897e+01	5.526077e+01
4.360000e-06	4.672630e-06	7.794669e-10	3.247285e+01	5.511350e+01
4.370000e-06	4.647009e-06	8.901537e-10	3.229479e+01	5.496553e+01
4.380000e-06	4.621072e-06	8.556829e-10	3.211454e+01	5.481672e+01
4.390000e-06	4.594837e-06	7.869498e-10	3.193222e+01	5.466693e+01
4.400000e-06	4.568310e-06	8.499673e-10	3.174787e+01	5.451603e+01
4.410000e-06	4.541383e-06	8.449702e-10	3.156074e+01	5.436388e+01
4.420000e-06	4.514099e-06	7.866171e-10	3.137113e+01	5.421032e+01
4.430000e-06	4.486586e-06	8.255993e-10	3.117992e+01	5.405521e+01
4.440000e-06	4.458878e-06	8.436497e-10	3.098736e+01	5.389840e+01
4.450000e-06	4.430921e-06	7.975410e-10	3.079307e+01	5.373975e+01
4.460000e-06	4.402717e-06	8.096641e-10	3.059707e+01	5.357911e+01
4.470000e-06	4.374332e-06	8.338295e-10	3.039980e+01	5.341635e+01
4.480000e-06	4.345707e-06	7.965942e-10	3.020087e+01	5.325133e+01
4.490000e-06	4.316665e-06	7.913280e-10	2.999904e+01	5.308393e+01
4.500000e-06	4.287201e-06	8.170204e-10	2.979428e+01	5.291403e+01
4.510000e-06	4.257344e-06	7.977780e-10	2.958679e+01	5.274150e+01
4.520000e-06	4.226997e-06	7.786889e-10	2.937589e+01	5.256625e+01
4.530000e-06	4.196143e-06	8.102607e-10	2.916146e+01	5.238818e+01
4.540000e-06	4.164874e-06	8.006710e-10	2.894415e+01	5.220720e+01
4.550000e-06	4.133266e-06	7.641300e-10	2.872449e+01	5.202322e+01
4.560000e-06	4.101350e-06	7.787104e-10	2.850269e+01	5.183618e+01
4.570000e-06	4.069237e-06	7.959193e-10	2.827952e+01	5.164601e+01
4.580000e-06	4.036928e-06	7.638044e-10	2.805498e+01	5.145265e+01
4.590000e-06	4.004418e-06	7.644492e-10	2.782905e+01	5.125606e+01
4.600000e-06	3.971674e-06	7.851814e-10	2.760149e+01	5.105620e+01
4.610000e-06	3.938626e-06	7.641847e-10	2.737182e+01	5.085303e+01
4.620000e-06	3.905294e-06	7.468634e-10	2.714018e+01	5.064654e+01
4.630000e-06	3.871708e-06	7.681876e-10	2.690677e+01	5.043670e+01
4.640000e-06	3.837843e-06	7.601361e-10	2.667143e+01	5.022350e+01
4.650000e-06	3.803762e-06	7.328862e-10	2.643458e+01	5.000694e+01
4.660000e-06	3.769479e-06	7.427879e-10	2.619632e+01	4.978701e+01
4.670000e-06	3.734903e-06	7.577989e-10	2.595604e+01	4.956372e+01
4.680000e-06	3.700046e-06	7.423638e-10	2.571379e+01	4.933706e+01
4.690000e-06	3.664986e-06	7.422300e-10	2.547014e+01	4.910705e+01
4.700000e-06	3.629705e-06	7.552734e-10	2.522495e+01	4.887369e+01
4.710000e-06	3.594147e-06	7.413558e-10	2.497784e+01	4.863700e+01
4.720000e-06	3.558308e-06	7.281476e-10	2.472877e+01	4.839699e+01
4.730000e-06	3.522271e-06	7.377578e-10	2.447833e+01	4.815367e+01
4.740000e-06	3.486113e-06	7.340942e-10	2.422705e+01	4.790705e+01
4.750000e-06	3.449766e-06	7.190675e-10	2.397445e+01	4.765714e+01
4.760000e-06	3.413248e-06	7.261211e-10	2.372066e+01	4.740395e+01
4.770000e-06	3.376602e-06	7.302097e-10	2.346599e+01	4.714748e+01
4.780000e-06	3.339684e-06	7.176646e-10	2.320942e+01	4.688774e+01
4.790000e-06	3.302439e-06	7.145180e-10	2.295059e+01	4.662472e+01
4.800000e-06	3.264891e-06	7.214850e-10	2.268964e+01	4.635842e+01
4.810000e-06	3.226915e-06	7.159475e-10	2.242573e+01	4.608884e+01
4.820000e-06	3.188482e-06	7.108415e-10	2.215864e+01	4.581596e+01
4.830000e-06	3.149604e-06	7.126639e-10	2.188845e+01	4.553977e+01
4.840000e-06	3.110379e-06	7.073341e-10	2.161585e+01	4.526025e+01
4.850000e-06	3.070888e-06	6.949185e-10	2.134140e+01	4.497738e+01
4.860000e-06	3.031116e-06	6.918247e-10	2.106500e+01	4.469111e+01
4.870000e-06	2.991181e-06	6.909072e-10	2.078747e+01	4.440143e+01
4.880000e-06	2.951158e-06	6.887484e-10	2.050933e+01	4.410829e+01
4.890000e-06	2.910998e-06	6.884951e-10	2.023024e+01	4.381164e+01
4.900000e-06	2.870690e-06	6.887724e-10	1.995011e+01	4.351145e+01
4.910000e-06	2.830256e-06	6.815087e-10	1.966911e+01	4.320764e+01
4.920000e-06	2.789665e-06	6.769072e-10	1.938702e+01	4.290016e+01
4.930000e-06	2.748874e-06	6.739686e-10	1.910354e+01	4.258895e+01
4.940000e-06	2.707949e-06	6.648124e-10	1.881912e+01	4.227393e+01
4.950000e-06	2.666815e-06	6.567427e-10	1.853326e+01	4.195502e+01
4.960000e-06	2.625525e-06	6.586267e-10	1.824631e+01	4.163215e+01
4.970000e-06	2.584142e-06	6.610257e-10	1.795872e+01	4.130521e+01
4.980000e-06	2.542563e-06	6.574251e-10	1.766976e+01	4.097411e+01
4.990000e-06	2.500749e-06	6.520417e-10	1.737917e+01	4.063875e+01
5.000000e-06	2.458726e-06	6.468582e-10	1.708713e+01	4.029902e+01
5.010000e-06	2.416554e-06	6.396527e-10	1.679405e+01	3.995479e+01
5.020000e-06	2.374228e-06	6.317606e-10	1.649991e+01	3.960594e+01
5.030000e-06	2.331786e-06	6.259758e-10	1.620495e+01	3.925233e+01
5.040000e-06	2.289148e-06	6.198506e-10	1.590864e+01	3.889383e+01
5.050000e-06	2.246324e-06	6.143745e-10	1.561102e+01	3.853026e+01
5.060000e-06	2.203394e-06	6.119571e-10	1.531268e+01	3.816147e+01
5.070000e-06	2.160269e-06	6.106130e-10	1.501298e+01	3.778730e+01
5.080000e-06	2.116960e-06	6.066896e-10	1.471200e+01	3.740754e+01
5.090000e-06	2.073505e-06	6.013385e-10	1.441000e+01	3.702201e+01
5.100000e-06	2.029873e-06	5.924508e-10	1.410678e+01	3.663051e+01
5.110000e-06	1.986024e-06	5.835114e-10	1.380205e+01	3.623281e+01
5.120000e-06	1.942040e-06	5.768757e-10	1.349638e+01	3.582869e+01
5.130000e-06	1.898030e-06	5.728125e-10	1.319052e+01	3.541790e+01
5.140000e-06	1.853946e-06	5.672093e-10	1.288416e+01	3.500020e+01
5.150000e-06	1.809812e-06	5.615283e-10	1.257744e+01	3.457531e+01
5.160000e-06	1.765666e-06	5.545197e-10	1.227065e+01	3.414296e+01
5.170000e-06	1.721396e-06	5.490430e-10	1.196299e+01	3.370286e+01
5.180000e-06	1.677025e-06	5.432172e-10	1.165463e+01	3.325471e+01
5.190000e-06	1.632620e-06	5.341202e-10	1.134604e+01	3.279820e+01
5.200000e-06	1.588179e-06	5.234327e-10	1.103719e+01	3.233301e+01
5.210000e-06	1.543688e-06	5.123083e-10	1.072799e+01	3.185880e+01
5.220000e-06	1.499022e-06	5.031622e-10	1.041759e+01	3.137523e+01
5.230000e-06	1.454272e-06	4.939139e-10	1.010659e+01	3.088196e+01
5.240000e-06	1.409543e-06	4.831845e-10	9.795739e+00	3.037862e+01
5.250000e-06	1.364780e-06	4.755409e-10	9.484656e+00	2.986485e+01
5.260000e-06	1.319958e-06	4.694429e-10	9.173161e+00	2.934029e+01
5.270000e-06	1.275004e-06	4.597268e-10	8.860754e+00	2.880456e+01
5.280000e-06	1.229862e-06	4.480623e-10	8.547032e+00	2.825729e+01
5.290000e-06	1.184543e-06	4.372131e-10	8.232084e+00	2.769812e+01
5.300000e-06	1.139136e-06	4.271864e-10	7.916526e+00	2.712666e+01
5.310000e-06	1.093685e-06	4.180965e-10	7.600659e+00	2.654256e+01
5.320000e-06	1.048087e-06	4.107677e-10	7.283774e+00	2.594547e+01
5.330000e-06	1.002366e-06	4.025527e-10	6.966031e+00	2.533502e+01
5.340000e-06	9.565848e-07	3.937301e-10	6.647869e+00	2.471089e+01
5.350000e-06	9.106284e-07	3.841157e-10	6.328492e+00	2.407274e+01
5.360000e-06	8.645667e-07	3.738017e-10	6.008381e+00	2.342028e+01
5.370000e-06	8.185322e-07	3.636198e-10	5.688461e+00	2.275322e+01
5.380000e-06	7.724131e-07	3.537595e-10	5.367952e+00	2.207128e+01
5.390000e-06	7.262233e-07	3.462258e-10	5.046952e+00	2.137422e+01
5.400000e-06	6.800930e-07	3.395866e-10	4.726366e+00	2.066184e+01
5.410000e-06	6.339284e-07	3.300172e-10	4.405541e+00	1.993393e+01
5.420000e-06	5.876445e-07	3.194104e-10	4.083887e+00	1.919035e+01
5.430000e-06	5.412936e-07	3.076191e-10	3.761767e+00	1.843096e+01
5.440000e-06	4.948911e-07	2.952573e-10	3.439289e+00	1.765570e+01
5.450000e-06	4.483833e-07	2.841306e-10	3.116079e+00	1.686449e+01
5.460000e-06	4.018245e-07	2.747948e-10	2.792514e+00	1.605735e+01
5.470000e-06	3.552431e-07	2.647569e-10	2.468793e+00	1.523429e+01
5.480000e-06	3.086356e-07	2.530802e-10	2.144890e+00	1.439540e+01
5.490000e-06	2.620818e-07	2.401884e-10	1.821360e+00	1.354080e+01
5.500000e-06	2.156170e-07	2.263380e-10	1.498449e+00	1.267065e+01
5.510000e-06	1.691289e-07	2.148211e-10	1.175376e+00	1.178517e+01
5.520000e-06	1.226153e-07	2.065961e-10	8.521257e-01	1.088462e+01
5.530000e-06	7.604276e-08	1.956354e-10	5.284658e-01	9.969306e+00
5.540000e-06	2.940031e-08	1.811605e-10	2.043200e-01	9.039586e+00
5.550000e-06	-1.714513e-08	1.675808e-10	-1.191516e-01	8.095866e+00
5.560000e-06	-6.360838e-08	1.521018e-10	-4.420520e-01	7.138599e+00
5.570000e-06	-1.101324e-07	1.338108e-10	-7.653751e-01	6.168283e+00
5.580000e-06	-1.567143e-07	1.183571e-10	-1.089100e+00	5.185465e+00
5.590000e-06	-2.032626e-07	1.063175e-10	-1.412591e+00	4.190733e+00
5.600000e-06	-2.498240e-07	9.316452e-11	-1.736174e+00	3.184721e+00
5.610000e-06	-2.963699e-07	7.861315e-11	-2.059648e+00	2.168104e+00
5.620000e-06	-3.428327e-07	6.260206e-11	-2.382545e+00	1.141594e+00
5.630000e-06	-3.892391e-07	4.331220e-11	-2.705051e+00	1.059432e-01
5.640000e-06	-4.356707e-07	2.237962e-11	-3.027732e+00	-9.380641e-01
5.650000e-06	-4.821167e-07	2.451681e-12	-3.350512e+00	-1.989611e+00
5.660000e-06	-5.285228e-07	-1.573126e-11	-3.673016e+00	-3.047852e+00
5.670000e-06	-5.748302e-07	-3.201343e-11	-3.994833e+00	-4.111915e+00
5.680000e-06	-6.210920e-07	-4.901324e-11	-4.316333e+00	-5.180907e+00
5.690000e-06	-6.672448e-07	-6.545177e-11	-4.637076e+00	-6.253914e+00
5.700000e-06	-7.133076e-07	-8.246800e-11	-4.957193e+00	-7.330009e+00
5.710000e-06	-7.593755e-07	-1.005184e-10	-5.277346e+00	-8.408251e+00
5.720000e-06	-8.053244e-07	-1.186014e-10	-5.596672e+00	-9.487692e+00
5.730000e-06	-8.512103e-07	-1.390624e-10	-5.915560e+00	-1.056738e+01
5.740000e-06	-8.970986e-07	-1.618615e-10	-6.234465e+00	-1.164636e+01
5.750000e-06	-9.428704e-07	-1.832367e-10	-6.552560e+00	-1.272367e+01
5.760000e-06	-9.885108e-07	-2.028480e-10	-6.869742e+00	-1.379839e+01
5.770000e-06	-1.034122e-06	-2.211333e-10	-7.186720e+00	-1.486956e+01
5.780000e-06	-1.079661e-06	-2.373871e-10	-7.503195e+00	-1.593628e+01
5.790000e-06	-1.125036e-06	-2.557568e-10	-7.818537e+00	-1.699763e+01
5.800000e-06	-1.170314e-06	-2.775198e-10	-8.133200e+00	-1.805273e+01
5.810000e-06	-1.215472e-06	-2.983988e-10	-8.447029e+00	-1.910072e+01
5.820000e-06	-1.260508e-06	-3.179010e-10	-8.760009e+00	-2.014076e+01
5.830000e-06	-1.305461e-06	-3.372765e-10	-9.072412e+00	-2.117206e+01
5.840000e-06	-1.350296e-06	-3.535612e-10	-9.384000e+00	-2.219382e+01
5.850000e-06	-1.395019e-06	-3.672111e-10	-9.694809e+00	-2.320532e+01
5.860000e-06	-1.439735e-06	-3.833514e-10	-1.000556e+01	-2.420584e+01
5.870000e-06	-1.484480e-06	-4.013527e-10	-1.031653e+01	-2.519472e+01
5.880000e-06	-1.529116e-06	-4.178501e-10	-1.062672e+01	-2.617133e+01
5.890000e-06	-1.573622e-06	-4.333246e-10	-1.093603e+01	-2.713506e+01
5.900000e-06	-1.618038e-06	-4.499563e-10	-1.124470e+01	-2.808538e+01
5.910000e-06	-1.662369e-06	-4.667976e-10	-1.155278e+01	-2.902178e+01
5.920000e-06	-1.706638e-06	-4.802646e-10	-1.186043e+01	-2.994379e+01
5.930000e-06	-1.750822e-06	-4.940476e-10	-1.216749e+01	-3.085099e+01
5.940000e-06	-1.794896e-06	-5.105213e-10	-1.247379e+01	-3.174299e+01
5.950000e-06	-1.838932e-06	-5.254749e-10	-1.277982e+01	-3.261946e+01
5.960000e-06	-1.882871e-06	-5.393675e-10	-1.308518e+01	-3.348010e+01
5.970000e-06	-1.926687e-06	-5.528315e-10	-1.338968e+01	-3.432466e+01
5.980000e-06	-1.970463e-06	-5.640314e-10	-1.369390e+01	-3.515292e+01
5.990000e-06	-2.014111e-06	-5.755064e-10	-1.399724e+01	-3.596469e+01
6.000000e-06	-2.057605e-06	-5.875632e-10	-1.429951e+01	-3.675985e+01
6.010000e-06	-2.100994e-06	-5.984869e-10	-1.460104e+01	-3.753828e+01
6.020000e-06	-2.144234e-06	-6.087131e-10	-1.490154e+01	-3.829993e+01
6.030000e-06	-2.187265e-06	-6.185490e-10	-1.520059e+01	-3.904475e+01
6.040000e-06	-2.230094e-06	-6.275813e-10	-1.549823e+01	-3.977274e+01
6.050000e-06	-2.272785e-06	-6.377052e-10	-1.579492e+01	-4.048394e+01
6.060000e-06	-2.315320e-06	-6.494527e-10	-1.609052e+01	-4.117838e+01
6.070000e-06	-2.357732e-06	-6.620155e-10	-1.638526e+01	-4.185616e+01
6.080000e-06	-2.399979e-06	-6.768275e-10	-1.667887e+01	-4.251738e+01
6.090000e-06	-2.442028e-06	-6.915405e-10	-1.697108e+01	-4.316216e+01
6.100000e-06	-2.483936e-06	-7.030421e-10	-1.726233e+01	-4.379066e+01
6.110000e-06	-2.525652e-06	-7.105291e-10	-1.755224e+01	-4.440304e+01
6.120000e-06	-2.567099e-06	-7.168344e-10	-1.784028e+01	-4.499947e+01
6.130000e-06	-2.608387e-06	-7.257828e-10	-1.812721e+01	-4.558017e+01
6.140000e-06	-2.649568e-06	-7.376426e-10	-1.841340e+01	-4.614535e+01
6.150000e-06	-2.690561e-06	-7.499775e-10	-1.869829e+01	-4.669522e+01
6.160000e-06	-2.731351e-06	-7.594057e-10	-1.898176e+01	-4.723002e+01
6.170000e-06	-2.771931e-06	-7.660220e-10	-1.926378e+01	-4.774999e+01
6.180000e-06	-2.812340e-06	-7.728952e-10	-1.954460e+01	-4.825540e+01
6.190000e-06	-2.852621e-06	-7.796608e-10	-1.982454e+01	-4.874649e+01
6.200000e-06	-2.892784e-06	-7.867262e-10	-2.010366e+01	-4.922353e+01
6.210000e-06	-2.932805e-06	-7.944259e-10	-2.038179e+01	-4.968679e+01
6.220000e-06	-2.972733e-06	-7.995276e-10	-2.065927e+01	-5.013655e+01
6.230000e-06	-3.012565e-06	-8.050021e-10	-2.093608e+01	-5.057308e+01
6.240000e-06	-3.052164e-06	-8.100797e-10	-2.121128e+01	-5.099667e+01
6.250000e-06	-3.091463e-06	-8.142116e-10	-2.148439e+01	-5.140760e+01
6.260000e-06	-3.130439e-06	-8.210545e-10	-2.175526e+01	-5.180615e+01
6.270000e-06	-3.168968e-06	-8.300589e-10	-2.202302e+01	-5.219261e+01
6.280000e-06	-3.207128e-06	-8.353328e-10	-2.228822e+01	-5.256728e+01
6.290000e-06	-3.245084e-06	-8.350890e-10	-2.255199e+01	-5.293043e+01
6.300000e-06	-3.282734e-06	-8.343308e-10	-2.281365e+01	-5.328236e+01
6.310000e-06	-3.319987e-06	-8.342812e-10	-2.307254e+01	-5.362337e+01
6.320000e-06	-3.356914e-06	-8.383784e-10	-2.332916e+01	-5.395375e+01
6.330000e-06	-3.393601e-06	-8.460316e-10	-2.358412e+01	-5.427379e+01
6.340000e-06	-3.430132e-06	-8.526578e-10	-2.383800e+01	-5.458379e+01
6.350000e-06	-3.466530e-06	-8.584651e-10	-2.409095e+01	-5.488403e+01
6.360000e-06	-3.502727e-06	-8.657434e-10	-2.434250e+01	-5.517483e+01
6.370000e-06	-3.538706e-06	-8.732123e-10	-2.459255e+01	-5.545646e+01
6.380000e-06	-3.574411e-06	-8.768027e-10	-2.484068e+01	-5.572924e+01
6.390000e-06	-3.609898e-06	-8.787557e-10	-2.508730e+01	-5.599345e+01
6.400000e-06	-3.645260e-06	-8.810152e-10	-2.533305e+01	-5.624939e+01
6.410000e-06	-3.680361e-06	-8.845524e-10	-2.557699e+01	-5.649736e+01
6.420000e-06	-3.715177e-06	-8.912387e-10	-2.581894e+01	-5.673764e+01
6.430000e-06	-3.749700e-06	-8.977977e-10	-2.605887e+01	-5.697052e+01
6.440000e-06	-3.783962e-06	-9.033468e-10	-2.629697e+01	-5.719631e+01
6.450000e-06	-3.817940e-06	-9.065125e-10	-2.653311e+01	-5.741527e+01
6.460000e-06	-3.851595e-06	-9.081437e-10	-2.676699e+01	-5.762769e+01
6.470000e-06	-3.885008e-06	-9.111245e-10	-2.699920e+01	-5.783385e+01
6.480000e-06	-3.918129e-06	-9.151267e-10	-2.722938e+01	-5.803401e+01
6.490000e-06	-3.950900e-06	-9.183581e-10	-2.745712e+01	-5.822844e+01
6.500000e-06	-3.983409e-06	-9.210705e-10	-2.768305e+01	-5.841740e+01
6.510000e-06	-4.015758e-06	-9.258944e-10	-2.790786e+01	-5.860113e+01
6.520000e-06	-4.047947e-06	-9.313949e-10	-2.813156e+01	-5.877986e+01
6.530000e-06	-4.079915e-06	-9.360142e-10	-2.835373e+01	-5.895384e+01
6.540000e-06	-4.111622e-06	-9.419561e-10	-2.857408e+01	-5.912326e+01
6.550000e-06	-4.143076e-06	-9.477366e-10	-2.879267e+01	-5.928834e+01
6.560000e-06	-4.174200e-06	-9.534883e-10	-2.900897e+01	-5.944926e+01
6.570000e-06	-4.204832e-06	-9.597287e-10	-2.922185e+01	-5.960620e+01
6.580000e-06	-4.234973e-06	-9.625370e-10	-2.943131e+01	-5.975932e+01
6.590000e-06	-4.264752e-06	-9.612795e-10	-2.963827e+01	-5.990876e+01
6.600000e-06	-4.294153e-06	-9.612886e-10	-2.984259e+01	-6.005464e+01
6.610000e-06	-4.323169e-06	-9.627976e-10	-3.004424e+01	-6.019708e+01
6.620000e-06	-4.351932e-06	-9.641266e-10	-3.024413e+01	-6.033616e+01
6.630000e-06	-4.380440e-06	-9.639395e-10	-3.044225e+01	-6.047196e+01
6.640000e-06	-4.408648e-06	-9.664138e-10	-3.063829e+01	-6.060453e+01
6.650000e-06	-4.436599e-06	-9.732001e-10	-3.083253e+01	-6.073389e+01
6.660000e-06	-4.464231e-06	-9.796252e-10	-3.102456e+01	-6.086008e+01
6.670000e-06	-4.491599e-06	-9.819404e-10	-3.121476e+01	-6.098308e+01
6.680000e-06	-4.518756e-06	-9.817224e-10	-3.140349e+01	-6.110288e+01
6.690000e-06	-4.545562e-06	-9.809886e-10	-3.158978e+01	-6.121943e+01
6.700000e-06	-4.571934e-06	-9.781735e-10	-3.177306e+01	-6.133268e+01
6.710000e-06	-4.597961e-06	-9.767211e-10	-3.195393e+01	-6.144255e+01
6.720000e-06	-4.623733e-06	-9.783991e-10	-3.213304e+01	-6.154896e+01
6.730000e-06	-4.649182e-06	-9.830381e-10	-3.230990e+01	-6.165182e+01
6.740000e-06	-4.674387e-06	-9.871812e-10	-3.248506e+01	-6.175100e+01
6.750000e-06	-4.699289e-06	-9.874673e-10	-3.265812e+01	-6.184638e+01
6.760000e-06	-4.723830e-06	-9.855702e-10	-3.282867e+01	-6.193783e+01
6.770000e-06	-4.748142e-06	-9.842498e-10	-3.299762e+01	-6.202520e+01
6.780000e-06	-4.772161e-06	-9.833908e-10	-3.316455e+01	-6.210836e+01
6.790000e-06	-4.795884e-06	-9.856574e-10	-3.332941e+01	-6.218716e+01
6.800000e-06	-4.819359e-06	-9.899388e-10	-3.349255e+01	-6.226143e+01
6.810000e-06	-4.842379e-06	-9.921103e-10	-3.365254e+01	-6.233104e+01
6.820000e-06	-4.864879e-06	-9.899465e-10	-3.380890e+01	-6.239584e+01
6.830000e-06	-4.886947e-06	-9.866957e-10	-3.396226e+01	-6.245567e+01
6.840000e-06	-4.908550e-06	-9.844339e-10	-3.411240e+01	-6.251042e+01
6.850000e-06	-4.929713e-06	-9.833040e-10	-3.425947e+01	-6.255995e+01
6.860000e-06	-4.950474e-06	-9.829406e-10	-3.440375e+01	-6.260415e+01
6.870000e-06	-4.970899e-06	-9.834666e-10	-3.454570e+01	-6.264291e+01
6.880000e-06	-4.991061e-06	-9.846452e-10	-3.468582e+01	-6.267617e+01
6.890000e-06	-5.010947e-06	-9.858089e-10	-3.482402e+01	-6.270384e+01
6.900000e-06	-5.030535e-06	-9.864618e-10	-3.496014e+01	-6.272588e+01
6.910000e-06	-5.049835e-06	-9.858708e-10	-3.509427e+01	-6.274226e+01
6.920000e-06	-5.068766e-06	-9.829838e-10	-3.522583e+01	-6.275299e+01
6.930000e-06	-5.087328e-06	-9.785281e-10	-3.535483e+01	-6.275807e+01
6.940000e-06	-5.105524e-06	-9.745926e-10	-3.548128e+01	-6.275755e+01
6.950000e-06	-5.123336e-06	-9.725089e-10	-3.560507e+01	-6.275149e+01
6.960000e-06	-5.140802e-06	-9.711064e-10	-3.572645e+01	-6.274000e+01
6.970000e-06	-5.157970e-06	-9.739790e-10	-3.584576e+01	-6.272319e+01
6.980000e-06	-5.174860e-06	-9.802690e-10	-3.596314e+01	-6.270120e+01
6.990000e-06	-5.191427e-06	-9.839783e-10	-3.607828e+01	-6.267421e+01
7.000000e-06	-5.207676e-06	-9.823361e-10	-3.619120e+01	-6.264241e+01
7.010000e-06	-5.223620e-06	-9.792599e-10	-3.630200e+01	-6.260603e+01
7.020000e-06	-5.239044e-06	-9.754105e-10	-3.640919e+01	-6.256531e+01
7.030000e-06	-5.253912e-06	-9.687257e-10	-3.651252e+01	-6.252051e+01
7.040000e-06	-5.268340e-06	-9.653537e-10	-3.661279e+01	-6.247193e+01
7.050000e-06	-5.282301e-06	-9.664864e-10	-3.670981e+01	-6.241987e+01
7.060000e-06	-5.295817e-06	-9.695629e-10	-3.680375e+01	-6.236467e+01
7.070000e-06	-5.308758e-06	-9.699068e-10	-3.689367e+01	-6.230665e+01
7.080000e-06	-5.321136e-06	-9.661505e-10	-3.697970e+01	-6.224618e+01
7.090000e-06	-5.333168e-06	-9.623718e-10	-3.706332e+01	-6.218362e+01
7.100000e-06	-5.344870e-06	-9.612060e-10	-3.714464e+01	-6.211934e+01
7.110000e-06	-5.356219e-06	-9.597418e-10	-3.722351e+01	-6.205372e+01
7.120000e-06	-5.367205e-06	-9.589199e-10	-3.729986e+01	-6.198714e+01
7.130000e-06	-5.377850e-06	-9.594847e-10	-3.737384e+01	-6.191999e+01
7.140000e-06	-5.388127e-06	-9.598443e-10	-3.744526e+01	-6.185265e+01
7.150000e-06	-5.397951e-06	-9.590083e-10	-3.751353e+01	-6.178548e+01
7.160000e-06	-5.407357e-06	-9.583824e-10	-3.757890e+01	-6.171884e+01
7.170000e-06	-5.416472e-06	-9.572208e-10	-3.764224e+01	-6.165310e+01
7.180000e-06	-5.425341e-06	-9.562174e-10	-3.770388e+01	-6.158859e+01
7.190000e-06	-5.433916e-06	-9.570532e-10	-3.776347e+01	-6.152562e+01
7.200000e-06	-5.442144e-06	-9.576658e-10	-3.782066e+01	-6.146450e+01
7.210000e-06	-5.449994e-06	-9.554433e-10	-3.787521e+01	-6.140551e+01
7.220000e-06	-5.457446e-06	-9.523216e-10	-3.792700e+01	-6.134890e+01
7.230000e-06	-5.464496e-06	-9.503069e-10	-3.797599e+01	-6.129490e+01
7.240000e-06	-5.471073e-06	-9.484324e-10	-3.802170e+01	-6.124370e+01
7.250000e-06	-5.477124e-06	-9.459088e-10	-3.806375e+01	-6.119548e+01
7.260000e-06	-5.482728e-06	-9.449838e-10	-3.810269e+01	-6.115038e+01
7.270000e-06	-5.487867e-06	-9.459102e-10	-3.813841e+01	-6.110849e+01
7.280000e-06	-5.492577e-06	-9.458008e-10	-3.817115e+01	-6.106990e+01
7.290000e-06	-5.496906e-06	-9.439308e-10	-3.820123e+01	-6.103463e+01
7.300000e-06	-5.500850e-06	-9.403656e-10	-3.822863e+01	-6.100269e+01
7.310000e-06	-5.504439e-06	-9.353034e-10	-3.825358e+01	-6.097405e+01
7.320000e-06	-5.507694e-06	-9.316975e-10	-3.827620e+01	-6.094865e+01
7.330000e-06	-5.510635e-06	-9.284111e-10	-3.829664e+01	-6.092639e+01
7.340000e-06	-5.513288e-06	-9.252293e-10	-3.831507e+01	-6.090713e+01
7.350000e-06	-5.515682e-06	-9.238186e-10	-3.833171e+01	-6.089072e+01
7.360000e-06	-5.517685e-06	-9.227751e-10	-3.834563e+01	-6.087696e+01
7.370000e-06	-5.519158e-06	-9.225539e-10	-3.835587e+01	-6.086563e+01
7.380000e-06	-5.520253e-06	-9.187935e-10	-3.836348e+01	-6.085650e+01
7.390000e-06	-5.521062e-06	-9.144699e-10	-3.836910e+01	-6.084928e+01
7.400000e-06	-5.521603e-06	-9.114842e-10	-3.837286e+01	-6.084368e+01
