# Temperatura_=_-2.11
# Concentracion g/m^3_=_1620.0
# C_Vs_to_Am_M_A/Vsm_=_65563218390.804596
# pendiente_HvsI_1/m_=_3716.3
# ordenada_HvsI_A/m_=_1297.0
# frecuencia_Hz_=_135102.9324061288

Tiempo_(s)	Campo_(V.s)	Magnetizacion_(V.s)	Campo_(kA/m)	Magnetizacion_(A/m)
0.000000e+00	-5.507213e-06	-9.185874e-10	-3.836854e+01	-6.185202e+01
1.000000e-08	-5.507360e-06	-9.179318e-10	-3.836956e+01	-6.184799e+01
2.000000e-08	-5.507194e-06	-9.211486e-10	-3.836840e+01	-6.184677e+01
3.000000e-08	-5.506643e-06	-9.236461e-10	-3.836457e+01	-6.184817e+01
4.000000e-08	-5.505611e-06	-9.197665e-10	-3.835738e+01	-6.185195e+01
5.000000e-08	-5.504035e-06	-9.101683e-10	-3.834640e+01	-6.185786e+01
6.000000e-08	-5.501855e-06	-9.074181e-10	-3.833121e+01	-6.186561e+01
7.000000e-08	-5.499054e-06	-9.166690e-10	-3.831169e+01	-6.187489e+01
8.000000e-08	-5.495756e-06	-9.312035e-10	-3.828872e+01	-6.188537e+01
9.000000e-08	-5.492065e-06	-9.714537e-10	-3.826300e+01	-6.189670e+01
1.000000e-07	-5.488002e-06	-9.849462e-10	-3.823470e+01	-6.190850e+01
1.100000e-07	-5.483558e-06	-9.286806e-10	-3.820373e+01	-6.192041e+01
1.200000e-07	-5.478893e-06	-8.390290e-10	-3.817124e+01	-6.193202e+01
1.300000e-07	-5.474094e-06	-8.892837e-10	-3.813780e+01	-6.194293e+01
1.400000e-07	-5.468850e-06	-9.563942e-10	-3.810127e+01	-6.195274e+01
1.500000e-07	-5.463090e-06	-9.296760e-10	-3.806113e+01	-6.196103e+01
1.600000e-07	-5.457057e-06	-8.591622e-10	-3.801911e+01	-6.196741e+01
1.700000e-07	-5.450625e-06	-8.954224e-10	-3.797429e+01	-6.197147e+01
1.800000e-07	-5.443709e-06	-1.008560e-09	-3.792610e+01	-6.197281e+01
1.900000e-07	-5.436478e-06	-9.736592e-10	-3.787573e+01	-6.197104e+01
2.000000e-07	-5.428999e-06	-9.004727e-10	-3.782362e+01	-6.196581e+01
2.100000e-07	-5.421265e-06	-8.784075e-10	-3.776974e+01	-6.195673e+01
2.200000e-07	-5.413229e-06	-9.717734e-10	-3.771375e+01	-6.194349e+01
2.300000e-07	-5.404883e-06	-9.736622e-10	-3.765561e+01	-6.192575e+01
2.400000e-07	-5.396087e-06	-9.597760e-10	-3.759433e+01	-6.190323e+01
2.500000e-07	-5.386585e-06	-9.349849e-10	-3.752813e+01	-6.187566e+01
2.600000e-07	-5.376274e-06	-9.591848e-10	-3.745629e+01	-6.184278e+01
2.700000e-07	-5.365286e-06	-9.394325e-10	-3.737974e+01	-6.180438e+01
2.800000e-07	-5.353933e-06	-9.370001e-10	-3.730064e+01	-6.176028e+01
2.900000e-07	-5.342254e-06	-9.453344e-10	-3.721928e+01	-6.171032e+01
3.000000e-07	-5.330249e-06	-9.449912e-10	-3.713564e+01	-6.165438e+01
3.100000e-07	-5.317923e-06	-9.339011e-10	-3.704976e+01	-6.159235e+01
3.200000e-07	-5.305124e-06	-9.277271e-10	-3.696059e+01	-6.152417e+01
3.300000e-07	-5.291908e-06	-9.325811e-10	-3.686852e+01	-6.144982e+01
3.400000e-07	-5.278269e-06	-9.319041e-10	-3.677350e+01	-6.136929e+01
3.500000e-07	-5.264171e-06	-9.500912e-10	-3.667527e+01	-6.128260e+01
3.600000e-07	-5.249680e-06	-9.393460e-10	-3.657432e+01	-6.118983e+01
3.700000e-07	-5.234803e-06	-9.429033e-10	-3.647067e+01	-6.109106e+01
3.800000e-07	-5.219330e-06	-9.415310e-10	-3.636287e+01	-6.098640e+01
3.900000e-07	-5.203250e-06	-9.310835e-10	-3.625084e+01	-6.087598e+01
4.000000e-07	-5.186805e-06	-9.071952e-10	-3.613627e+01	-6.075999e+01
4.100000e-07	-5.170071e-06	-9.451092e-10	-3.601968e+01	-6.063859e+01
4.200000e-07	-5.153048e-06	-9.423527e-10	-3.590108e+01	-6.051200e+01
4.300000e-07	-5.135677e-06	-9.122246e-10	-3.578006e+01	-6.038044e+01
4.400000e-07	-5.117928e-06	-9.250853e-10	-3.565640e+01	-6.024414e+01
4.500000e-07	-5.099834e-06	-9.770440e-10	-3.553035e+01	-6.010336e+01
4.600000e-07	-5.081351e-06	-9.210572e-10	-3.540157e+01	-5.995836e+01
4.700000e-07	-5.062512e-06	-8.954390e-10	-3.527032e+01	-5.980940e+01
4.800000e-07	-5.043328e-06	-9.423595e-10	-3.513667e+01	-5.965677e+01
4.900000e-07	-5.023823e-06	-9.481097e-10	-3.500078e+01	-5.950075e+01
5.000000e-07	-5.004108e-06	-8.856059e-10	-3.486343e+01	-5.934160e+01
5.100000e-07	-4.984182e-06	-9.223110e-10	-3.472460e+01	-5.917961e+01
5.200000e-07	-4.963918e-06	-9.470793e-10	-3.458342e+01	-5.901505e+01
5.300000e-07	-4.943280e-06	-8.991289e-10	-3.443964e+01	-5.884819e+01
5.400000e-07	-4.922290e-06	-9.011237e-10	-3.429341e+01	-5.867928e+01
5.500000e-07	-4.900925e-06	-9.509847e-10	-3.414456e+01	-5.850858e+01
5.600000e-07	-4.879249e-06	-9.061548e-10	-3.399354e+01	-5.833632e+01
5.700000e-07	-4.857256e-06	-8.822573e-10	-3.384031e+01	-5.816272e+01
5.800000e-07	-4.834778e-06	-9.371710e-10	-3.368371e+01	-5.798800e+01
5.900000e-07	-4.811953e-06	-9.293263e-10	-3.352469e+01	-5.781234e+01
6.000000e-07	-4.788828e-06	-8.789785e-10	-3.336357e+01	-5.763591e+01
6.100000e-07	-4.765431e-06	-9.050821e-10	-3.320057e+01	-5.745888e+01
6.200000e-07	-4.741873e-06	-9.172985e-10	-3.303644e+01	-5.728137e+01
6.300000e-07	-4.718086e-06	-8.706848e-10	-3.287072e+01	-5.710351e+01
6.400000e-07	-4.694022e-06	-8.848353e-10	-3.270307e+01	-5.692539e+01
6.500000e-07	-4.669534e-06	-9.131039e-10	-3.253246e+01	-5.674708e+01
6.600000e-07	-4.644598e-06	-8.862706e-10	-3.235873e+01	-5.656866e+01
6.700000e-07	-4.619122e-06	-8.774924e-10	-3.218124e+01	-5.639014e+01
6.800000e-07	-4.593038e-06	-9.082305e-10	-3.199951e+01	-5.621156e+01
6.900000e-07	-4.566424e-06	-8.821299e-10	-3.181410e+01	-5.603291e+01
7.000000e-07	-4.539434e-06	-8.608723e-10	-3.162606e+01	-5.585417e+01
7.100000e-07	-4.512171e-06	-8.731726e-10	-3.143612e+01	-5.567532e+01
7.200000e-07	-4.484634e-06	-8.701685e-10	-3.124427e+01	-5.549629e+01
7.300000e-07	-4.456927e-06	-8.448468e-10	-3.105123e+01	-5.531703e+01
7.400000e-07	-4.429083e-06	-8.600401e-10	-3.085725e+01	-5.513746e+01
7.500000e-07	-4.400999e-06	-8.641477e-10	-3.066159e+01	-5.495748e+01
7.600000e-07	-4.372598e-06	-8.512996e-10	-3.046372e+01	-5.477700e+01
7.700000e-07	-4.343882e-06	-8.489371e-10	-3.026366e+01	-5.459591e+01
7.800000e-07	-4.314886e-06	-8.529651e-10	-3.006164e+01	-5.441409e+01
7.900000e-07	-4.285593e-06	-8.320514e-10	-2.985756e+01	-5.423142e+01
8.000000e-07	-4.256016e-06	-8.283600e-10	-2.965150e+01	-5.404776e+01
8.100000e-07	-4.226153e-06	-8.318474e-10	-2.944344e+01	-5.386299e+01
8.200000e-07	-4.196030e-06	-8.239598e-10	-2.923358e+01	-5.367697e+01
8.300000e-07	-4.165594e-06	-8.162454e-10	-2.902153e+01	-5.348957e+01
8.400000e-07	-4.134836e-06	-8.261718e-10	-2.880724e+01	-5.330065e+01
8.500000e-07	-4.103780e-06	-8.205968e-10	-2.859087e+01	-5.311008e+01
8.600000e-07	-4.072471e-06	-8.080637e-10	-2.837275e+01	-5.291773e+01
8.700000e-07	-4.041023e-06	-8.061276e-10	-2.815365e+01	-5.272347e+01
8.800000e-07	-4.009428e-06	-8.035099e-10	-2.793353e+01	-5.252719e+01
8.900000e-07	-3.977654e-06	-7.930506e-10	-2.771216e+01	-5.232877e+01
9.000000e-07	-3.945628e-06	-7.895152e-10	-2.748904e+01	-5.212810e+01
9.100000e-07	-3.913190e-06	-7.927176e-10	-2.726304e+01	-5.192507e+01
9.200000e-07	-3.880321e-06	-7.857083e-10	-2.703404e+01	-5.171960e+01
9.300000e-07	-3.847048e-06	-7.835523e-10	-2.680223e+01	-5.151159e+01
9.400000e-07	-3.813244e-06	-7.862525e-10	-2.656672e+01	-5.130096e+01
9.500000e-07	-3.779059e-06	-7.825902e-10	-2.632856e+01	-5.108764e+01
9.600000e-07	-3.744561e-06	-7.702749e-10	-2.608821e+01	-5.087156e+01
9.700000e-07	-3.709652e-06	-7.689203e-10	-2.584500e+01	-5.065267e+01
9.800000e-07	-3.674436e-06	-7.657544e-10	-2.559965e+01	-5.043091e+01
9.900000e-07	-3.639071e-06	-7.595376e-10	-2.535326e+01	-5.020624e+01
1.000000e-06	-3.603534e-06	-7.552135e-10	-2.510568e+01	-4.997862e+01
1.010000e-06	-3.567803e-06	-7.578878e-10	-2.485674e+01	-4.974801e+01
1.020000e-06	-3.531966e-06	-7.540856e-10	-2.460707e+01	-4.951439e+01
1.030000e-06	-3.495951e-06	-7.525179e-10	-2.435616e+01	-4.927774e+01
1.040000e-06	-3.459706e-06	-7.503775e-10	-2.410364e+01	-4.903802e+01
1.050000e-06	-3.423241e-06	-7.455533e-10	-2.384959e+01	-4.879522e+01
1.060000e-06	-3.386489e-06	-7.357823e-10	-2.359353e+01	-4.854933e+01
1.070000e-06	-3.349515e-06	-7.331163e-10	-2.333594e+01	-4.830032e+01
1.080000e-06	-3.312359e-06	-7.285825e-10	-2.307708e+01	-4.804818e+01
1.090000e-06	-3.274890e-06	-7.228683e-10	-2.281603e+01	-4.779289e+01
1.100000e-06	-3.237073e-06	-7.181685e-10	-2.255256e+01	-4.753442e+01
1.110000e-06	-3.199070e-06	-7.144788e-10	-2.228779e+01	-4.727277e+01
1.120000e-06	-3.160935e-06	-7.074615e-10	-2.202211e+01	-4.700788e+01
1.130000e-06	-3.122608e-06	-7.027350e-10	-2.175509e+01	-4.673975e+01
1.140000e-06	-3.084070e-06	-6.980144e-10	-2.148659e+01	-4.646832e+01
1.150000e-06	-3.045282e-06	-6.917535e-10	-2.121636e+01	-4.619356e+01
1.160000e-06	-3.006207e-06	-6.871489e-10	-2.094412e+01	-4.591541e+01
1.170000e-06	-2.966941e-06	-6.868018e-10	-2.067056e+01	-4.563381e+01
1.180000e-06	-2.927562e-06	-6.857921e-10	-2.039621e+01	-4.534871e+01
1.190000e-06	-2.888085e-06	-6.796173e-10	-2.012118e+01	-4.506003e+01
1.200000e-06	-2.848482e-06	-6.725769e-10	-1.984526e+01	-4.476768e+01
1.210000e-06	-2.808668e-06	-6.669184e-10	-1.956788e+01	-4.447157e+01
1.220000e-06	-2.768697e-06	-6.626230e-10	-1.928941e+01	-4.417160e+01
1.230000e-06	-2.728658e-06	-6.571780e-10	-1.901046e+01	-4.386767e+01
1.240000e-06	-2.688460e-06	-6.528996e-10	-1.873039e+01	-4.355964e+01
1.250000e-06	-2.648002e-06	-6.469835e-10	-1.844852e+01	-4.324740e+01
1.260000e-06	-2.607362e-06	-6.415629e-10	-1.816539e+01	-4.293080e+01
1.270000e-06	-2.566443e-06	-6.358585e-10	-1.788031e+01	-4.260970e+01
1.280000e-06	-2.525169e-06	-6.324820e-10	-1.759275e+01	-4.228393e+01
1.290000e-06	-2.483719e-06	-6.269025e-10	-1.730397e+01	-4.195332e+01
1.300000e-06	-2.441999e-06	-6.210205e-10	-1.701331e+01	-4.161771e+01
1.310000e-06	-2.399804e-06	-6.139081e-10	-1.671934e+01	-4.127690e+01
1.320000e-06	-2.357343e-06	-6.064010e-10	-1.642352e+01	-4.093070e+01
1.330000e-06	-2.314755e-06	-5.991021e-10	-1.612681e+01	-4.057891e+01
1.340000e-06	-2.271924e-06	-5.944215e-10	-1.582841e+01	-4.022132e+01
1.350000e-06	-2.228831e-06	-5.906999e-10	-1.552818e+01	-3.985771e+01
1.360000e-06	-2.185503e-06	-5.858690e-10	-1.522631e+01	-3.948786e+01
1.370000e-06	-2.142024e-06	-5.788405e-10	-1.492340e+01	-3.911153e+01
1.380000e-06	-2.098473e-06	-5.733420e-10	-1.461998e+01	-3.872850e+01
1.390000e-06	-2.054821e-06	-5.655696e-10	-1.431586e+01	-3.833851e+01
1.400000e-06	-2.011098e-06	-5.575169e-10	-1.401124e+01	-3.794132e+01
1.410000e-06	-1.967373e-06	-5.491535e-10	-1.370661e+01	-3.753668e+01
1.420000e-06	-1.923570e-06	-5.442017e-10	-1.340144e+01	-3.712433e+01
1.430000e-06	-1.879618e-06	-5.404129e-10	-1.309523e+01	-3.670401e+01
1.440000e-06	-1.835594e-06	-5.352092e-10	-1.278851e+01	-3.627546e+01
1.450000e-06	-1.791443e-06	-5.309361e-10	-1.248091e+01	-3.583841e+01
1.460000e-06	-1.747119e-06	-5.244336e-10	-1.217211e+01	-3.539260e+01
1.470000e-06	-1.702679e-06	-5.143279e-10	-1.186250e+01	-3.493775e+01
1.480000e-06	-1.658167e-06	-5.041700e-10	-1.155239e+01	-3.447359e+01
1.490000e-06	-1.613577e-06	-4.950884e-10	-1.124173e+01	-3.399985e+01
1.500000e-06	-1.568773e-06	-4.883596e-10	-1.092958e+01	-3.351626e+01
1.510000e-06	-1.523771e-06	-4.832706e-10	-1.061605e+01	-3.302255e+01
1.520000e-06	-1.478671e-06	-4.772292e-10	-1.030184e+01	-3.251845e+01
1.530000e-06	-1.433504e-06	-4.699638e-10	-9.987166e+00	-3.200369e+01
1.540000e-06	-1.388286e-06	-4.586903e-10	-9.672132e+00	-3.147800e+01
1.550000e-06	-1.342970e-06	-4.440608e-10	-9.356423e+00	-3.094112e+01
1.560000e-06	-1.297559e-06	-4.299438e-10	-9.040043e+00	-3.039279e+01
1.570000e-06	-1.252058e-06	-4.188553e-10	-8.723037e+00	-2.983276e+01
1.580000e-06	-1.206408e-06	-4.121338e-10	-8.405000e+00	-2.926078e+01
1.590000e-06	-1.160661e-06	-4.108859e-10	-8.086280e+00	-2.867659e+01
1.600000e-06	-1.114904e-06	-4.076906e-10	-7.767495e+00	-2.807998e+01
1.610000e-06	-1.069088e-06	-3.986053e-10	-7.448295e+00	-2.747070e+01
1.620000e-06	-1.023157e-06	-3.861753e-10	-7.128294e+00	-2.684855e+01
1.630000e-06	-9.772043e-07	-3.755151e-10	-6.808144e+00	-2.621331e+01
1.640000e-06	-9.312566e-07	-3.638847e-10	-6.488028e+00	-2.556478e+01
1.650000e-06	-8.852180e-07	-3.516701e-10	-6.167279e+00	-2.490278e+01
1.660000e-06	-8.391529e-07	-3.403158e-10	-5.846346e+00	-2.422715e+01
1.670000e-06	-7.930151e-07	-3.294203e-10	-5.524905e+00	-2.353771e+01
1.680000e-06	-7.467076e-07	-3.182625e-10	-5.202283e+00	-2.283434e+01
1.690000e-06	-7.003269e-07	-3.081659e-10	-4.879150e+00	-2.211690e+01
1.700000e-06	-6.539491e-07	-2.962483e-10	-4.556038e+00	-2.138531e+01
1.710000e-06	-6.075429e-07	-2.829706e-10	-4.232728e+00	-2.063946e+01
1.720000e-06	-5.610674e-07	-2.668595e-10	-3.908935e+00	-1.987931e+01
1.730000e-06	-5.145350e-07	-2.495672e-10	-3.584746e+00	-1.910481e+01
1.740000e-06	-4.679702e-07	-2.355078e-10	-3.260330e+00	-1.831594e+01
1.750000e-06	-4.213677e-07	-2.270853e-10	-2.935653e+00	-1.751273e+01
1.760000e-06	-3.746866e-07	-2.219169e-10	-2.610427e+00	-1.669519e+01
1.770000e-06	-3.279971e-07	-2.152729e-10	-2.285143e+00	-1.586341e+01
1.780000e-06	-2.812854e-07	-2.056024e-10	-1.959704e+00	-1.501748e+01
1.790000e-06	-2.345049e-07	-1.921546e-10	-1.633786e+00	-1.415751e+01
1.800000e-06	-1.877546e-07	-1.752436e-10	-1.308079e+00	-1.328368e+01
1.810000e-06	-1.410263e-07	-1.568269e-10	-9.825248e-01	-1.239616e+01
1.820000e-06	-9.432325e-08	-1.409287e-10	-6.571464e-01	-1.149518e+01
1.830000e-06	-4.761014e-08	-1.295008e-10	-3.316980e-01	-1.058100e+01
1.840000e-06	-8.690071e-10	-1.209229e-10	-6.054339e-03	-9.653896e+00
1.850000e-06	4.589945e-08	-1.125854e-10	3.197796e-01	-8.714208e+00
1.860000e-06	9.264680e-08	-1.041866e-10	6.454666e-01	-7.762290e+00
1.870000e-06	1.393392e-07	-8.986463e-11	9.707707e-01	-6.798538e+00
1.880000e-06	1.860639e-07	-7.088641e-11	1.296300e+00	-5.823382e+00
1.890000e-06	2.327151e-07	-5.091044e-11	1.621317e+00	-4.837288e+00
1.900000e-06	2.793397e-07	-3.261561e-11	1.946149e+00	-3.840755e+00
1.910000e-06	3.259931e-07	-1.797184e-11	2.271182e+00	-2.834317e+00
1.920000e-06	3.726256e-07	-7.938372e-12	2.596068e+00	-1.818540e+00
1.930000e-06	4.192532e-07	-6.665310e-13	2.920921e+00	-7.940228e-01
1.940000e-06	4.659069e-07	1.037076e-11	3.245955e+00	2.386055e-01
1.950000e-06	5.124197e-07	2.614994e-11	3.570008e+00	1.278686e+00
1.960000e-06	5.587739e-07	4.397922e-11	3.892956e+00	2.325533e+00
1.970000e-06	6.051489e-07	6.334020e-11	4.216049e+00	3.378432e+00
1.980000e-06	6.515661e-07	8.147345e-11	4.539435e+00	4.436648e+00
1.990000e-06	6.979392e-07	9.797888e-11	4.862515e+00	5.499420e+00
2.000000e-06	7.441888e-07	1.105869e-10	5.184734e+00	6.565970e+00
2.010000e-06	7.904379e-07	1.239398e-10	5.506950e+00	7.635501e+00
2.020000e-06	8.366573e-07	1.397976e-10	5.828959e+00	8.707202e+00
2.030000e-06	8.828132e-07	1.574958e-10	6.150525e+00	9.780248e+00
2.040000e-06	9.289106e-07	1.745364e-10	6.471684e+00	1.085380e+01
2.050000e-06	9.748865e-07	1.892127e-10	6.791996e+00	1.192703e+01
2.060000e-06	1.020824e-06	2.025557e-10	7.112042e+00	1.299908e+01
2.070000e-06	1.066673e-06	2.181375e-10	7.431467e+00	1.406911e+01
2.080000e-06	1.112416e-06	2.362246e-10	7.750161e+00	1.513627e+01
2.090000e-06	1.158137e-06	2.530753e-10	8.068698e+00	1.619973e+01
2.100000e-06	1.203755e-06	2.702871e-10	8.386517e+00	1.725864e+01
2.110000e-06	1.249278e-06	2.843559e-10	8.703669e+00	1.831220e+01
2.120000e-06	1.294771e-06	2.972219e-10	9.020621e+00	1.935958e+01
2.130000e-06	1.340158e-06	3.133432e-10	9.336825e+00	2.040000e+01
2.140000e-06	1.385419e-06	3.321047e-10	9.652157e+00	2.143267e+01
2.150000e-06	1.430634e-06	3.503283e-10	9.967170e+00	2.245686e+01
2.160000e-06	1.475705e-06	3.650787e-10	1.028118e+01	2.347182e+01
2.170000e-06	1.520560e-06	3.762247e-10	1.059368e+01	2.447685e+01
2.180000e-06	1.565271e-06	3.884414e-10	1.090518e+01	2.547128e+01
2.190000e-06	1.609923e-06	4.017061e-10	1.121627e+01	2.645446e+01
2.200000e-06	1.654535e-06	4.164428e-10	1.152708e+01	2.742577e+01
2.210000e-06	1.699044e-06	4.323714e-10	1.183717e+01	2.838464e+01
2.220000e-06	1.743346e-06	4.468468e-10	1.214583e+01	2.933051e+01
2.230000e-06	1.787398e-06	4.595758e-10	1.245273e+01	3.026287e+01
2.240000e-06	1.831376e-06	4.709788e-10	1.275913e+01	3.118126e+01
2.250000e-06	1.875344e-06	4.810751e-10	1.306545e+01	3.208524e+01
2.260000e-06	1.919199e-06	4.909094e-10	1.337098e+01	3.297439e+01
2.270000e-06	1.962977e-06	5.059898e-10	1.367598e+01	3.384838e+01
2.280000e-06	2.006704e-06	5.238184e-10	1.398063e+01	3.470686e+01
2.290000e-06	2.050357e-06	5.400068e-10	1.428476e+01	3.554957e+01
2.300000e-06	2.093957e-06	5.537837e-10	1.458852e+01	3.637625e+01
2.310000e-06	2.137488e-06	5.651999e-10	1.489180e+01	3.718669e+01
2.320000e-06	2.180943e-06	5.752981e-10	1.519454e+01	3.798073e+01
2.330000e-06	2.224263e-06	5.838918e-10	1.549635e+01	3.875822e+01
2.340000e-06	2.267416e-06	5.932527e-10	1.579700e+01	3.951907e+01
2.350000e-06	2.310393e-06	6.046755e-10	1.609642e+01	4.026321e+01
2.360000e-06	2.353097e-06	6.173667e-10	1.639393e+01	4.099061e+01
2.370000e-06	2.395519e-06	6.272774e-10	1.668949e+01	4.170125e+01
2.380000e-06	2.437740e-06	6.368892e-10	1.698364e+01	4.239517e+01
2.390000e-06	2.479669e-06	6.464720e-10	1.727575e+01	4.307241e+01
2.400000e-06	2.521123e-06	6.562591e-10	1.756457e+01	4.373305e+01
2.410000e-06	2.562149e-06	6.660157e-10	1.785040e+01	4.437721e+01
2.420000e-06	2.602866e-06	6.747606e-10	1.813406e+01	4.500499e+01
2.430000e-06	2.643475e-06	6.842181e-10	1.841699e+01	4.561655e+01
2.440000e-06	2.683978e-06	6.945351e-10	1.869917e+01	4.621205e+01
2.450000e-06	2.724169e-06	7.039517e-10	1.897918e+01	4.679168e+01
2.460000e-06	2.764150e-06	7.150529e-10	1.925772e+01	4.735562e+01
2.470000e-06	2.804021e-06	7.273357e-10	1.953551e+01	4.790408e+01
2.480000e-06	2.843785e-06	7.371552e-10	1.981254e+01	4.843730e+01
2.490000e-06	2.883440e-06	7.452066e-10	2.008881e+01	4.895549e+01
2.500000e-06	2.922959e-06	7.494001e-10	2.036414e+01	4.945891e+01
2.510000e-06	2.962301e-06	7.521867e-10	2.063824e+01	4.994779e+01
2.520000e-06	3.001469e-06	7.577561e-10	2.091112e+01	5.042240e+01
2.530000e-06	3.040519e-06	7.658289e-10	2.118318e+01	5.088299e+01
2.540000e-06	3.079361e-06	7.737539e-10	2.145379e+01	5.132982e+01
2.550000e-06	3.117872e-06	7.810593e-10	2.172209e+01	5.176316e+01
2.560000e-06	3.156082e-06	7.876097e-10	2.198830e+01	5.218328e+01
2.570000e-06	3.194074e-06	7.917702e-10	2.225299e+01	5.259045e+01
2.580000e-06	3.231843e-06	7.940005e-10	2.251613e+01	5.298493e+01
2.590000e-06	3.269464e-06	7.986528e-10	2.277823e+01	5.336700e+01
2.600000e-06	3.306930e-06	8.064728e-10	2.303925e+01	5.373693e+01
2.610000e-06	3.344143e-06	8.136058e-10	2.329851e+01	5.409499e+01
2.620000e-06	3.381099e-06	8.183716e-10	2.355599e+01	5.444144e+01
2.630000e-06	3.417802e-06	8.221669e-10	2.381169e+01	5.477656e+01
2.640000e-06	3.454285e-06	8.255187e-10	2.406587e+01	5.510061e+01
2.650000e-06	3.490550e-06	8.288898e-10	2.431852e+01	5.541386e+01
2.660000e-06	3.526621e-06	8.326509e-10	2.456983e+01	5.571659e+01
2.670000e-06	3.562496e-06	8.368710e-10	2.481977e+01	5.600905e+01
2.680000e-06	3.598188e-06	8.416795e-10	2.506843e+01	5.629151e+01
2.690000e-06	3.633782e-06	8.464933e-10	2.531642e+01	5.656425e+01
2.700000e-06	3.669254e-06	8.507638e-10	2.556355e+01	5.682752e+01
2.710000e-06	3.704524e-06	8.538922e-10	2.580927e+01	5.708159e+01
2.720000e-06	3.739447e-06	8.553983e-10	2.605258e+01	5.732674e+01
2.730000e-06	3.774018e-06	8.583213e-10	2.629343e+01	5.756323e+01
2.740000e-06	3.808260e-06	8.616411e-10	2.653200e+01	5.779134e+01
2.750000e-06	3.841990e-06	8.633829e-10	2.676700e+01	5.801132e+01
2.760000e-06	3.875138e-06	8.656905e-10	2.699793e+01	5.822346e+01
2.770000e-06	3.907833e-06	8.701688e-10	2.722572e+01	5.842802e+01
2.780000e-06	3.940243e-06	8.757341e-10	2.745152e+01	5.862527e+01
2.790000e-06	3.972345e-06	8.803668e-10	2.767517e+01	5.881550e+01
2.800000e-06	4.004170e-06	8.833832e-10	2.789689e+01	5.899897e+01
2.810000e-06	4.035832e-06	8.855133e-10	2.811748e+01	5.917596e+01
2.820000e-06	4.067306e-06	8.874900e-10	2.833676e+01	5.934673e+01
2.830000e-06	4.098644e-06	8.890531e-10	2.855509e+01	5.951156e+01
2.840000e-06	4.129780e-06	8.908500e-10	2.877202e+01	5.967070e+01
2.850000e-06	4.160542e-06	8.948122e-10	2.898634e+01	5.982444e+01
2.860000e-06	4.190967e-06	9.003322e-10	2.919831e+01	5.997302e+01
2.870000e-06	4.221081e-06	9.036601e-10	2.940811e+01	6.011670e+01
2.880000e-06	4.250917e-06	9.055193e-10	2.961598e+01	6.025573e+01
2.890000e-06	4.280564e-06	9.084792e-10	2.982252e+01	6.039036e+01
2.900000e-06	4.309951e-06	9.114721e-10	3.002726e+01	6.052082e+01
2.910000e-06	4.338990e-06	9.137698e-10	3.022957e+01	6.064734e+01
2.920000e-06	4.367762e-06	9.174154e-10	3.043002e+01	6.077013e+01
2.930000e-06	4.396242e-06	9.223263e-10	3.062845e+01	6.088940e+01
2.940000e-06	4.424364e-06	9.286761e-10	3.082437e+01	6.100534e+01
2.950000e-06	4.452280e-06	9.328824e-10	3.101886e+01	6.111814e+01
2.960000e-06	4.480040e-06	9.354960e-10	3.121226e+01	6.122796e+01
2.970000e-06	4.507612e-06	9.333382e-10	3.140436e+01	6.133496e+01
2.980000e-06	4.534964e-06	9.288864e-10	3.159492e+01	6.143926e+01
2.990000e-06	4.562041e-06	9.297518e-10	3.178356e+01	6.154100e+01
3.000000e-06	4.588793e-06	9.330833e-10	3.196994e+01	6.164028e+01
3.010000e-06	4.614940e-06	9.351421e-10	3.215210e+01	6.173718e+01
3.020000e-06	4.640458e-06	9.381810e-10	3.232989e+01	6.183176e+01
3.030000e-06	4.665452e-06	9.437037e-10	3.250402e+01	6.192409e+01
3.040000e-06	4.689964e-06	9.445920e-10	3.267480e+01	6.201420e+01
3.050000e-06	4.714122e-06	9.401798e-10	3.284310e+01	6.210210e+01
3.060000e-06	4.737973e-06	9.374160e-10	3.300927e+01	6.218778e+01
3.070000e-06	4.761597e-06	9.369708e-10	3.317386e+01	6.227122e+01
3.080000e-06	4.784990e-06	9.362275e-10	3.333684e+01	6.235240e+01
3.090000e-06	4.808121e-06	9.376323e-10	3.349799e+01	6.243125e+01
3.100000e-06	4.830897e-06	9.412107e-10	3.365667e+01	6.250771e+01
3.110000e-06	4.853269e-06	9.422255e-10	3.381254e+01	6.258170e+01
3.120000e-06	4.875259e-06	9.401473e-10	3.396574e+01	6.265311e+01
3.130000e-06	4.896927e-06	9.397608e-10	3.411670e+01	6.272186e+01
3.140000e-06	4.918277e-06	9.416919e-10	3.426544e+01	6.278780e+01
3.150000e-06	4.939301e-06	9.466646e-10	3.441192e+01	6.285084e+01
3.160000e-06	4.959991e-06	9.501687e-10	3.455606e+01	6.291082e+01
3.170000e-06	4.980282e-06	9.491170e-10	3.469743e+01	6.296762e+01
3.180000e-06	5.000270e-06	9.456867e-10	3.483669e+01	6.302110e+01
3.190000e-06	5.020079e-06	9.429170e-10	3.497469e+01	6.307112e+01
3.200000e-06	5.039683e-06	9.428222e-10	3.511127e+01	6.311754e+01
3.210000e-06	5.059071e-06	9.455147e-10	3.524635e+01	6.316022e+01
3.220000e-06	5.078225e-06	9.503245e-10	3.537979e+01	6.319905e+01
3.230000e-06	5.096961e-06	9.554942e-10	3.551033e+01	6.323390e+01
3.240000e-06	5.115184e-06	9.555394e-10	3.563729e+01	6.326465e+01
3.250000e-06	5.132910e-06	9.502330e-10	3.576079e+01	6.329121e+01
3.260000e-06	5.150203e-06	9.457030e-10	3.588126e+01	6.331349e+01
3.270000e-06	5.167207e-06	9.452337e-10	3.599973e+01	6.333142e+01
3.280000e-06	5.183924e-06	9.490211e-10	3.611620e+01	6.334494e+01
3.290000e-06	5.200322e-06	9.553725e-10	3.623044e+01	6.335403e+01
3.300000e-06	5.216425e-06	9.607684e-10	3.634263e+01	6.335867e+01
3.310000e-06	5.232119e-06	9.616931e-10	3.645197e+01	6.335886e+01
3.320000e-06	5.247320e-06	9.601675e-10	3.655787e+01	6.335463e+01
3.330000e-06	5.262015e-06	9.572758e-10	3.666025e+01	6.334604e+01
3.340000e-06	5.276290e-06	9.538805e-10	3.675970e+01	6.333316e+01
3.350000e-06	5.290194e-06	9.525956e-10	3.685657e+01	6.331608e+01
3.360000e-06	5.303676e-06	9.560476e-10	3.695051e+01	6.329493e+01
3.370000e-06	5.316763e-06	9.628939e-10	3.704168e+01	6.326987e+01
3.380000e-06	5.329469e-06	9.670357e-10	3.713020e+01	6.324105e+01
3.390000e-06	5.341761e-06	9.683773e-10	3.721584e+01	6.320867e+01
3.400000e-06	5.353628e-06	9.690971e-10	3.729852e+01	6.317296e+01
3.410000e-06	5.365218e-06	9.665644e-10	3.737926e+01	6.313414e+01
3.420000e-06	5.376469e-06	9.644186e-10	3.745765e+01	6.309247e+01
3.430000e-06	5.387236e-06	9.635896e-10	3.753267e+01	6.304824e+01
3.440000e-06	5.397341e-06	9.667144e-10	3.760306e+01	6.300172e+01
3.450000e-06	5.406742e-06	9.689149e-10	3.766856e+01	6.295322e+01
3.460000e-06	5.415569e-06	9.699093e-10	3.773006e+01	6.290307e+01
3.470000e-06	5.423968e-06	9.702991e-10	3.778857e+01	6.285160e+01
3.480000e-06	5.432022e-06	9.707141e-10	3.784468e+01	6.279913e+01
3.490000e-06	5.439735e-06	9.729126e-10	3.789842e+01	6.274601e+01
3.500000e-06	5.447230e-06	9.707615e-10	3.795064e+01	6.269258e+01
3.510000e-06	5.454475e-06	9.681759e-10	3.800112e+01	6.263919e+01
3.520000e-06	5.461347e-06	9.676675e-10	3.804899e+01	6.258617e+01
3.530000e-06	5.467757e-06	9.691341e-10	3.809365e+01	6.253386e+01
3.540000e-06	5.473822e-06	9.704344e-10	3.813591e+01	6.248258e+01
3.550000e-06	5.479594e-06	9.710631e-10	3.817611e+01	6.243265e+01
3.560000e-06	5.484935e-06	9.733710e-10	3.821332e+01	6.238436e+01
3.570000e-06	5.489888e-06	9.760560e-10	3.824783e+01	6.233800e+01
3.580000e-06	5.494423e-06	9.752628e-10	3.827943e+01	6.229383e+01
3.590000e-06	5.498573e-06	9.731368e-10	3.830834e+01	6.225208e+01
3.600000e-06	5.502447e-06	9.726170e-10	3.833533e+01	6.221298e+01
3.610000e-06	5.506105e-06	9.745061e-10	3.836082e+01	6.217672e+01
3.620000e-06	5.509615e-06	9.760289e-10	3.838527e+01	6.214345e+01
3.630000e-06	5.512757e-06	9.781202e-10	3.840717e+01	6.211330e+01
3.640000e-06	5.515388e-06	9.819331e-10	3.842549e+01	6.208639e+01
3.650000e-06	5.517510e-06	9.866682e-10	3.844028e+01	6.206277e+01
3.660000e-06	5.519059e-06	9.905933e-10	3.845107e+01	6.204248e+01
3.670000e-06	5.519986e-06	9.917686e-10	3.845753e+01	6.202553e+01
3.680000e-06	5.520341e-06	9.910516e-10	3.846000e+01	6.201187e+01
3.690000e-06	5.520304e-06	9.909832e-10	3.845974e+01	6.200145e+01
3.700000e-06	5.519993e-06	9.938762e-10	3.845758e+01	6.199416e+01
3.710000e-06	5.519422e-06	9.975059e-10	3.845360e+01	6.198987e+01
3.720000e-06	5.518533e-06	9.988687e-10	3.844740e+01	6.198842e+01
3.730000e-06	5.517292e-06	1.002873e-09	3.843876e+01	6.198959e+01
3.740000e-06	5.515765e-06	1.013665e-09	3.842812e+01	6.199317e+01
3.750000e-06	5.513874e-06	1.016460e-09	3.841494e+01	6.199890e+01
3.760000e-06	5.511597e-06	1.001145e-09	3.839908e+01	6.200650e+01
3.770000e-06	5.508950e-06	9.837214e-10	3.838064e+01	6.201565e+01
3.780000e-06	5.505862e-06	9.445171e-10	3.835912e+01	6.202603e+01
3.790000e-06	5.502368e-06	9.038721e-10	3.833479e+01	6.203728e+01
3.800000e-06	5.498386e-06	9.407802e-10	3.830704e+01	6.204905e+01
3.810000e-06	5.494041e-06	1.060302e-09	3.827677e+01	6.206095e+01
3.820000e-06	5.489568e-06	1.081709e-09	3.824561e+01	6.207259e+01
3.830000e-06	5.484858e-06	9.857455e-10	3.821279e+01	6.208356e+01
3.840000e-06	5.479586e-06	9.596851e-10	3.817606e+01	6.209346e+01
3.850000e-06	5.473716e-06	1.004865e-09	3.813516e+01	6.210189e+01
3.860000e-06	5.467534e-06	1.032580e-09	3.809209e+01	6.210843e+01
3.870000e-06	5.461049e-06	9.272369e-10	3.804692e+01	6.211268e+01
3.880000e-06	5.454045e-06	9.332655e-10	3.799812e+01	6.211425e+01
3.890000e-06	5.446438e-06	1.057293e-09	3.794512e+01	6.211275e+01
3.900000e-06	5.438350e-06	1.072728e-09	3.788877e+01	6.210780e+01
3.910000e-06	5.429933e-06	9.203697e-10	3.783013e+01	6.209904e+01
3.920000e-06	5.421173e-06	8.742919e-10	3.776910e+01	6.208615e+01
3.930000e-06	5.412130e-06	1.027484e-09	3.770610e+01	6.206878e+01
3.940000e-06	5.402898e-06	1.045895e-09	3.764178e+01	6.204666e+01
3.950000e-06	5.393330e-06	9.368404e-10	3.757512e+01	6.201950e+01
3.960000e-06	5.383238e-06	9.085910e-10	3.750481e+01	6.198706e+01
3.970000e-06	5.372641e-06	1.015884e-09	3.743098e+01	6.194912e+01
3.980000e-06	5.361713e-06	9.936515e-10	3.735485e+01	6.190549e+01
3.990000e-06	5.350423e-06	9.269458e-10	3.727619e+01	6.185601e+01
4.000000e-06	5.338694e-06	9.383454e-10	3.719447e+01	6.180055e+01
4.010000e-06	5.326628e-06	9.794908e-10	3.711041e+01	6.173902e+01
4.020000e-06	5.314243e-06	9.184370e-10	3.702413e+01	6.167135e+01
4.030000e-06	5.301369e-06	8.942615e-10	3.693443e+01	6.159749e+01
4.040000e-06	5.287978e-06	9.269511e-10	3.684114e+01	6.151746e+01
4.050000e-06	5.274142e-06	9.415071e-10	3.674474e+01	6.143128e+01
4.060000e-06	5.259781e-06	9.059823e-10	3.664469e+01	6.133900e+01
4.070000e-06	5.244776e-06	9.029115e-10	3.654015e+01	6.124071e+01
4.080000e-06	5.229204e-06	9.292479e-10	3.643166e+01	6.113652e+01
4.090000e-06	5.213293e-06	9.497570e-10	3.632081e+01	6.102657e+01
4.100000e-06	5.196995e-06	9.171251e-10	3.620726e+01	6.091102e+01
4.110000e-06	5.180386e-06	8.633016e-10	3.609155e+01	6.079005e+01
4.120000e-06	5.163555e-06	8.993584e-10	3.597429e+01	6.066387e+01
4.130000e-06	5.146377e-06	9.524348e-10	3.585461e+01	6.053270e+01
4.140000e-06	5.128804e-06	9.128457e-10	3.573217e+01	6.039677e+01
4.150000e-06	5.110826e-06	8.708961e-10	3.560693e+01	6.025634e+01
4.160000e-06	5.092463e-06	9.462692e-10	3.547899e+01	6.011167e+01
4.170000e-06	5.073713e-06	9.359782e-10	3.534836e+01	5.996302e+01
4.180000e-06	5.054664e-06	8.524568e-10	3.521565e+01	5.981068e+01
4.190000e-06	5.035419e-06	8.898764e-10	3.508157e+01	5.965491e+01
4.200000e-06	5.015856e-06	9.611180e-10	3.494527e+01	5.949600e+01
4.210000e-06	4.995919e-06	8.625528e-10	3.480637e+01	5.933422e+01
4.220000e-06	4.975757e-06	8.416006e-10	3.466590e+01	5.916985e+01
4.230000e-06	4.955378e-06	9.378456e-10	3.452393e+01	5.900316e+01
4.240000e-06	4.934706e-06	9.089071e-10	3.437991e+01	5.883440e+01
4.250000e-06	4.913667e-06	8.266875e-10	3.423333e+01	5.866383e+01
4.260000e-06	4.892171e-06	9.025434e-10	3.408356e+01	5.849168e+01
4.270000e-06	4.870134e-06	9.129490e-10	3.393004e+01	5.831817e+01
4.280000e-06	4.847492e-06	8.345628e-10	3.377229e+01	5.814352e+01
4.290000e-06	4.824341e-06	8.735691e-10	3.361099e+01	5.796792e+01
4.300000e-06	4.800788e-06	9.283384e-10	3.344690e+01	5.779154e+01
4.310000e-06	4.776885e-06	8.494469e-10	3.328037e+01	5.761453e+01
4.320000e-06	4.752720e-06	8.494331e-10	3.311201e+01	5.743705e+01
4.330000e-06	4.728340e-06	9.150010e-10	3.294216e+01	5.725920e+01
4.340000e-06	4.703737e-06	8.748730e-10	3.277075e+01	5.708108e+01
4.350000e-06	4.678792e-06	8.364748e-10	3.259696e+01	5.690278e+01
4.360000e-06	4.653457e-06	8.839072e-10	3.242046e+01	5.672435e+01
4.370000e-06	4.627786e-06	8.644023e-10	3.224161e+01	5.654583e+01
4.380000e-06	4.601812e-06	8.206306e-10	3.206064e+01	5.636724e+01
4.390000e-06	4.575530e-06	8.603590e-10	3.187754e+01	5.618858e+01
4.400000e-06	4.548853e-06	8.704564e-10	3.169168e+01	5.600984e+01
4.410000e-06	4.521842e-06	8.276284e-10	3.150350e+01	5.583098e+01
4.420000e-06	4.494630e-06	8.375315e-10	3.131391e+01	5.565196e+01
4.430000e-06	4.467145e-06	8.608514e-10	3.112242e+01	5.547271e+01
4.440000e-06	4.439330e-06	8.359946e-10	3.092864e+01	5.529315e+01
4.450000e-06	4.411274e-06	8.354819e-10	3.073317e+01	5.511320e+01
4.460000e-06	4.383065e-06	8.472499e-10	3.053664e+01	5.493275e+01
4.470000e-06	4.354660e-06	8.321505e-10	3.033875e+01	5.475171e+01
4.480000e-06	4.326012e-06	8.221412e-10	3.013915e+01	5.456994e+01
4.490000e-06	4.297042e-06	8.363031e-10	2.993732e+01	5.438733e+01
4.500000e-06	4.267664e-06	8.227612e-10	2.973265e+01	5.420374e+01
4.510000e-06	4.237729e-06	8.113409e-10	2.952409e+01	5.401906e+01
4.520000e-06	4.207278e-06	8.198420e-10	2.931194e+01	5.383313e+01
4.530000e-06	4.176412e-06	8.233044e-10	2.909690e+01	5.364584e+01
4.540000e-06	4.145054e-06	8.079772e-10	2.887843e+01	5.345704e+01
4.550000e-06	4.113296e-06	8.104438e-10	2.865717e+01	5.326660e+01
4.560000e-06	4.081343e-06	8.068562e-10	2.843456e+01	5.307439e+01
4.570000e-06	4.049265e-06	7.920176e-10	2.821107e+01	5.288028e+01
4.580000e-06	4.016971e-06	7.888642e-10	2.798608e+01	5.268416e+01
4.590000e-06	3.984457e-06	7.988926e-10	2.775955e+01	5.248591e+01
4.600000e-06	3.951738e-06	7.876107e-10	2.753160e+01	5.228542e+01
4.610000e-06	3.918788e-06	7.760092e-10	2.730205e+01	5.208258e+01
4.620000e-06	3.885563e-06	7.793638e-10	2.707057e+01	5.187730e+01
4.630000e-06	3.852026e-06	7.792547e-10	2.683691e+01	5.166949e+01
4.640000e-06	3.818206e-06	7.724669e-10	2.660129e+01	5.145907e+01
4.650000e-06	3.784156e-06	7.739432e-10	2.636407e+01	5.124596e+01
4.660000e-06	3.749840e-06	7.738322e-10	2.612499e+01	5.103011e+01
4.670000e-06	3.715191e-06	7.638469e-10	2.588359e+01	5.081144e+01
4.680000e-06	3.680274e-06	7.631690e-10	2.564032e+01	5.058991e+01
4.690000e-06	3.645121e-06	7.682382e-10	2.539541e+01	5.036547e+01
4.700000e-06	3.609663e-06	7.605729e-10	2.514838e+01	5.013808e+01
4.710000e-06	3.573967e-06	7.501864e-10	2.489969e+01	4.990771e+01
4.720000e-06	3.538126e-06	7.540713e-10	2.464998e+01	4.967433e+01
4.730000e-06	3.502088e-06	7.572401e-10	2.439891e+01	4.943791e+01
4.740000e-06	3.465859e-06	7.526884e-10	2.414651e+01	4.919844e+01
4.750000e-06	3.429547e-06	7.496329e-10	2.389352e+01	4.895589e+01
4.760000e-06	3.393068e-06	7.488600e-10	2.363937e+01	4.871024e+01
4.770000e-06	3.356436e-06	7.372311e-10	2.338416e+01	4.846148e+01
4.780000e-06	3.319674e-06	7.316460e-10	2.312804e+01	4.820959e+01
4.790000e-06	3.282591e-06	7.325938e-10	2.286968e+01	4.795454e+01
4.800000e-06	3.245013e-06	7.318440e-10	2.260788e+01	4.769633e+01
4.810000e-06	3.206959e-06	7.298448e-10	2.234276e+01	4.743493e+01
4.820000e-06	3.168580e-06	7.324204e-10	2.207538e+01	4.717031e+01
4.830000e-06	3.129868e-06	7.306715e-10	2.180567e+01	4.690243e+01
4.840000e-06	3.090821e-06	7.210864e-10	2.153363e+01	4.663127e+01
4.850000e-06	3.051438e-06	7.098360e-10	2.125925e+01	4.635677e+01
4.860000e-06	3.011760e-06	7.004636e-10	2.098282e+01	4.607889e+01
4.870000e-06	2.971938e-06	6.917619e-10	2.070538e+01	4.579757e+01
4.880000e-06	2.931979e-06	6.932783e-10	2.042698e+01	4.551275e+01
4.890000e-06	2.891846e-06	6.992993e-10	2.014738e+01	4.522436e+01
4.900000e-06	2.851614e-06	7.014478e-10	1.986708e+01	4.493230e+01
4.910000e-06	2.811259e-06	6.977153e-10	1.958593e+01	4.463650e+01
4.920000e-06	2.770730e-06	6.930008e-10	1.930357e+01	4.433684e+01
4.930000e-06	2.730029e-06	6.851327e-10	1.902000e+01	4.403323e+01
4.940000e-06	2.689190e-06	6.753785e-10	1.873548e+01	4.372554e+01
4.950000e-06	2.648237e-06	6.694763e-10	1.845017e+01	4.341364e+01
4.960000e-06	2.607037e-06	6.669934e-10	1.816313e+01	4.309740e+01
4.970000e-06	2.565500e-06	6.660214e-10	1.787374e+01	4.277666e+01
4.980000e-06	2.523846e-06	6.665377e-10	1.758354e+01	4.245127e+01
4.990000e-06	2.482156e-06	6.646657e-10	1.729308e+01	4.212107e+01
5.000000e-06	2.440246e-06	6.567878e-10	1.700110e+01	4.178586e+01
5.010000e-06	2.398175e-06	6.466033e-10	1.670799e+01	4.144548e+01
5.020000e-06	2.356007e-06	6.360004e-10	1.641421e+01	4.109973e+01
5.030000e-06	2.313666e-06	6.284439e-10	1.611922e+01	4.074840e+01
5.040000e-06	2.271145e-06	6.256407e-10	1.582298e+01	4.039129e+01
5.050000e-06	2.228453e-06	6.257064e-10	1.552555e+01	4.002818e+01
5.060000e-06	2.185544e-06	6.249465e-10	1.522660e+01	3.965884e+01
5.070000e-06	2.142462e-06	6.230975e-10	1.492645e+01	3.928305e+01
5.080000e-06	2.099211e-06	6.168180e-10	1.462512e+01	3.890057e+01
5.090000e-06	2.055800e-06	6.094230e-10	1.432268e+01	3.851116e+01
5.100000e-06	2.012284e-06	6.006311e-10	1.401950e+01	3.811456e+01
5.110000e-06	1.968646e-06	5.887622e-10	1.371548e+01	3.771054e+01
5.120000e-06	1.924884e-06	5.769539e-10	1.341059e+01	3.729883e+01
5.130000e-06	1.881017e-06	5.730233e-10	1.310497e+01	3.687917e+01
5.140000e-06	1.837035e-06	5.735006e-10	1.279855e+01	3.645131e+01
5.150000e-06	1.792979e-06	5.720097e-10	1.249161e+01	3.601496e+01
5.160000e-06	1.748883e-06	5.664212e-10	1.218440e+01	3.556988e+01
5.170000e-06	1.704712e-06	5.593863e-10	1.187666e+01	3.511577e+01
5.180000e-06	1.660473e-06	5.494357e-10	1.156845e+01	3.465239e+01
5.190000e-06	1.616115e-06	5.387047e-10	1.125941e+01	3.417945e+01
5.200000e-06	1.571677e-06	5.286161e-10	1.094981e+01	3.369668e+01
5.210000e-06	1.527207e-06	5.205662e-10	1.063999e+01	3.320381e+01
5.220000e-06	1.482698e-06	5.174959e-10	1.032990e+01	3.270057e+01
5.230000e-06	1.438117e-06	5.144690e-10	1.001931e+01	3.218670e+01
5.240000e-06	1.393452e-06	5.065572e-10	9.708127e+00	3.166191e+01
5.250000e-06	1.348693e-06	4.966833e-10	9.396295e+00	3.112596e+01
5.260000e-06	1.303775e-06	4.851438e-10	9.083347e+00	3.057859e+01
5.270000e-06	1.258711e-06	4.747561e-10	8.769388e+00	3.001953e+01
5.280000e-06	1.213560e-06	4.662357e-10	8.454824e+00	2.944853e+01
5.290000e-06	1.168350e-06	4.556321e-10	8.139847e+00	2.886537e+01
5.300000e-06	1.123099e-06	4.436310e-10	7.824587e+00	2.826978e+01
5.310000e-06	1.077716e-06	4.313226e-10	7.508402e+00	2.766156e+01
5.320000e-06	1.032235e-06	4.214718e-10	7.191542e+00	2.704047e+01
5.330000e-06	9.866653e-07	4.136008e-10	6.874059e+00	2.640632e+01
5.340000e-06	9.409260e-07	4.063274e-10	6.555394e+00	2.575889e+01
5.350000e-06	8.951871e-07	3.971884e-10	6.236734e+00	2.509801e+01
5.360000e-06	8.493536e-07	3.884182e-10	5.917413e+00	2.442350e+01
5.370000e-06	8.034380e-07	3.781423e-10	5.597521e+00	2.373521e+01
5.380000e-06	7.575098e-07	3.688489e-10	5.277541e+00	2.303299e+01
5.390000e-06	7.114799e-07	3.603894e-10	4.956853e+00	2.231672e+01
5.400000e-06	6.653800e-07	3.495817e-10	4.635677e+00	2.158629e+01
5.410000e-06	6.192673e-07	3.379001e-10	4.314411e+00	2.084162e+01
5.420000e-06	5.730973e-07	3.288349e-10	3.992747e+00	2.008265e+01
5.430000e-06	5.267809e-07	3.213046e-10	3.670062e+00	1.930933e+01
5.440000e-06	4.804098e-07	3.122513e-10	3.346996e+00	1.852165e+01
5.450000e-06	4.340735e-07	2.986912e-10	3.024173e+00	1.771962e+01
5.460000e-06	3.877302e-07	2.823343e-10	2.701301e+00	1.690326e+01
5.470000e-06	3.413465e-07	2.670447e-10	2.378147e+00	1.607265e+01
5.480000e-06	2.949348e-07	2.539248e-10	2.054799e+00	1.522788e+01
5.490000e-06	2.484670e-07	2.393622e-10	1.731060e+00	1.436907e+01
5.500000e-06	2.019240e-07	2.235061e-10	1.406797e+00	1.349637e+01
5.510000e-06	1.554212e-07	2.127582e-10	1.082814e+00	1.260997e+01
5.520000e-06	1.090606e-07	2.049160e-10	7.598207e-01	1.171009e+01
5.530000e-06	6.270590e-08	1.945055e-10	4.368696e-01	1.079698e+01
5.540000e-06	1.622321e-08	1.820470e-10	1.130265e-01	9.870935e+00
5.550000e-06	-3.024751e-08	1.678366e-10	-2.107332e-01	8.932269e+00
5.560000e-06	-7.662827e-08	1.523475e-10	-5.338661e-01	7.981343e+00
5.570000e-06	-1.230271e-07	1.372712e-10	-8.571248e-01	7.018548e+00
5.580000e-06	-1.694352e-07	1.221786e-10	-1.180448e+00	6.044312e+00
5.590000e-06	-2.158390e-07	1.062590e-10	-1.503742e+00	5.059098e+00
5.600000e-06	-2.622576e-07	9.020191e-11	-1.827138e+00	4.063403e+00
5.610000e-06	-3.086282e-07	7.462331e-11	-2.150201e+00	3.057756e+00
5.620000e-06	-3.549466e-07	5.736643e-11	-2.472899e+00	2.042722e+00
5.630000e-06	-4.013064e-07	4.179149e-11	-2.795886e+00	1.018896e+00
5.640000e-06	-4.476483e-07	2.560764e-11	-3.118749e+00	-1.309359e-02
5.650000e-06	-4.938294e-07	7.778392e-12	-3.440490e+00	-1.052592e+00
5.660000e-06	-5.399356e-07	-1.126892e-11	-3.761710e+00	-2.098914e+00
5.670000e-06	-5.860379e-07	-3.243921e-11	-4.082903e+00	-3.151350e+00
5.680000e-06	-6.320650e-07	-5.316800e-11	-4.403572e+00	-4.209164e+00
5.690000e-06	-6.780460e-07	-7.013282e-11	-4.723920e+00	-5.271599e+00
5.700000e-06	-7.239952e-07	-8.528866e-11	-5.044046e+00	-6.337878e+00
5.710000e-06	-7.698716e-07	-1.007068e-10	-5.363665e+00	-7.407205e+00
5.720000e-06	-8.157040e-07	-1.167606e-10	-5.682978e+00	-8.478769e+00
5.730000e-06	-8.614581e-07	-1.343889e-10	-6.001745e+00	-9.551747e+00
5.740000e-06	-9.070650e-07	-1.559965e-10	-6.319486e+00	-1.062531e+01
5.750000e-06	-9.525423e-07	-1.793912e-10	-6.636325e+00	-1.169860e+01
5.760000e-06	-9.980119e-07	-1.994073e-10	-6.953110e+00	-1.277080e+01
5.770000e-06	-1.043480e-06	-2.142514e-10	-7.269885e+00	-1.384104e+01
5.780000e-06	-1.088813e-06	-2.263779e-10	-7.585716e+00	-1.490849e+01
5.790000e-06	-1.134058e-06	-2.421977e-10	-7.900934e+00	-1.597230e+01
5.800000e-06	-1.179167e-06	-2.626945e-10	-8.215208e+00	-1.703164e+01
5.810000e-06	-1.224082e-06	-2.836434e-10	-8.528131e+00	-1.808568e+01
5.820000e-06	-1.268953e-06	-3.039884e-10	-8.840746e+00	-1.913362e+01
5.830000e-06	-1.313816e-06	-3.242878e-10	-9.153302e+00	-2.017466e+01
5.840000e-06	-1.358544e-06	-3.398349e-10	-9.464923e+00	-2.120802e+01
5.850000e-06	-1.403133e-06	-3.507890e-10	-9.775575e+00	-2.223296e+01
5.860000e-06	-1.447694e-06	-3.640448e-10	-1.008603e+01	-2.324873e+01
5.870000e-06	-1.492202e-06	-3.806549e-10	-1.039611e+01	-2.425463e+01
5.880000e-06	-1.536636e-06	-3.961738e-10	-1.070568e+01	-2.524998e+01
5.890000e-06	-1.580988e-06	-4.127347e-10	-1.101468e+01	-2.623413e+01
5.900000e-06	-1.625274e-06	-4.314075e-10	-1.132322e+01	-2.720646e+01
5.910000e-06	-1.669518e-06	-4.511483e-10	-1.163147e+01	-2.816640e+01
5.920000e-06	-1.713703e-06	-4.691855e-10	-1.193930e+01	-2.911339e+01
5.930000e-06	-1.757827e-06	-4.843956e-10	-1.224671e+01	-3.004691e+01
5.940000e-06	-1.801846e-06	-4.980950e-10	-1.255339e+01	-3.096650e+01
5.950000e-06	-1.845800e-06	-5.106049e-10	-1.285961e+01	-3.187170e+01
5.960000e-06	-1.889691e-06	-5.227876e-10	-1.316540e+01	-3.276212e+01
5.970000e-06	-1.933421e-06	-5.347987e-10	-1.347007e+01	-3.363739e+01
5.980000e-06	-1.977054e-06	-5.497363e-10	-1.377406e+01	-3.449720e+01
5.990000e-06	-2.020624e-06	-5.669236e-10	-1.407761e+01	-3.534124e+01
6.000000e-06	-2.063991e-06	-5.803555e-10	-1.437974e+01	-3.616928e+01
6.010000e-06	-2.107212e-06	-5.911564e-10	-1.468087e+01	-3.698109e+01
6.020000e-06	-2.150283e-06	-6.023801e-10	-1.498093e+01	-3.777652e+01
6.030000e-06	-2.193140e-06	-6.141833e-10	-1.527952e+01	-3.855541e+01
6.040000e-06	-2.235850e-06	-6.249653e-10	-1.557708e+01	-3.931766e+01
6.050000e-06	-2.278400e-06	-6.335971e-10	-1.587352e+01	-4.006321e+01
6.060000e-06	-2.320811e-06	-6.425905e-10	-1.616900e+01	-4.079201e+01
6.070000e-06	-2.363085e-06	-6.534895e-10	-1.646352e+01	-4.150406e+01
6.080000e-06	-2.405227e-06	-6.690526e-10	-1.675712e+01	-4.219938e+01
6.090000e-06	-2.447213e-06	-6.859744e-10	-1.704964e+01	-4.287802e+01
6.100000e-06	-2.488937e-06	-6.981728e-10	-1.734033e+01	-4.354006e+01
6.110000e-06	-2.530400e-06	-7.068719e-10	-1.762920e+01	-4.418560e+01
6.120000e-06	-2.571746e-06	-7.157075e-10	-1.791725e+01	-4.481475e+01
6.130000e-06	-2.612923e-06	-7.241357e-10	-1.820413e+01	-4.542767e+01
6.140000e-06	-2.653820e-06	-7.332486e-10	-1.848906e+01	-4.602452e+01
6.150000e-06	-2.694635e-06	-7.429489e-10	-1.877342e+01	-4.660547e+01
6.160000e-06	-2.735342e-06	-7.505718e-10	-1.905702e+01	-4.717072e+01
6.170000e-06	-2.775801e-06	-7.569828e-10	-1.933890e+01	-4.772048e+01
6.180000e-06	-2.816133e-06	-7.658117e-10	-1.961989e+01	-4.825497e+01
6.190000e-06	-2.856364e-06	-7.761948e-10	-1.990018e+01	-4.877442e+01
6.200000e-06	-2.896483e-06	-7.864623e-10	-2.017968e+01	-4.927908e+01
6.210000e-06	-2.936544e-06	-7.960264e-10	-2.045878e+01	-4.976917e+01
6.220000e-06	-2.976466e-06	-8.046202e-10	-2.073692e+01	-5.024497e+01
6.230000e-06	-3.016120e-06	-8.125473e-10	-2.101319e+01	-5.070673e+01
6.240000e-06	-3.055567e-06	-8.185346e-10	-2.128801e+01	-5.115471e+01
6.250000e-06	-3.094768e-06	-8.208964e-10	-2.156112e+01	-5.158918e+01
6.260000e-06	-3.133594e-06	-8.227624e-10	-2.183163e+01	-5.201041e+01
6.270000e-06	-3.171971e-06	-8.257839e-10	-2.209900e+01	-5.241865e+01
6.280000e-06	-3.209915e-06	-8.281538e-10	-2.236335e+01	-5.281420e+01
6.290000e-06	-3.247440e-06	-8.340568e-10	-2.262479e+01	-5.319730e+01
6.300000e-06	-3.284564e-06	-8.436364e-10	-2.288343e+01	-5.356825e+01
6.310000e-06	-3.321383e-06	-8.547568e-10	-2.313994e+01	-5.392729e+01
6.320000e-06	-3.357976e-06	-8.627525e-10	-2.339489e+01	-5.427472e+01
6.330000e-06	-3.394386e-06	-8.649874e-10	-2.364855e+01	-5.461078e+01
6.340000e-06	-3.430618e-06	-8.600346e-10	-2.390098e+01	-5.493576e+01
6.350000e-06	-3.466772e-06	-8.544028e-10	-2.415286e+01	-5.524992e+01
6.360000e-06	-3.502833e-06	-8.567100e-10	-2.440410e+01	-5.555352e+01
6.370000e-06	-3.538686e-06	-8.680088e-10	-2.465389e+01	-5.584684e+01
6.380000e-06	-3.574361e-06	-8.792720e-10	-2.490243e+01	-5.613014e+01
6.390000e-06	-3.609871e-06	-8.881727e-10	-2.514983e+01	-5.640369e+01
6.400000e-06	-3.645012e-06	-8.953369e-10	-2.539466e+01	-5.666775e+01
6.410000e-06	-3.679740e-06	-9.003719e-10	-2.563660e+01	-5.692259e+01
6.420000e-06	-3.714201e-06	-8.995118e-10	-2.587669e+01	-5.716849e+01
6.430000e-06	-3.748490e-06	-8.961153e-10	-2.611558e+01	-5.740570e+01
6.440000e-06	-3.782582e-06	-8.978299e-10	-2.635310e+01	-5.763451e+01
6.450000e-06	-3.816479e-06	-9.024250e-10	-2.658926e+01	-5.785517e+01
6.460000e-06	-3.850131e-06	-9.079505e-10	-2.682371e+01	-5.806796e+01
6.470000e-06	-3.883389e-06	-9.132586e-10	-2.705542e+01	-5.827316e+01
6.480000e-06	-3.916292e-06	-9.188406e-10	-2.728465e+01	-5.847103e+01
6.490000e-06	-3.948963e-06	-9.205716e-10	-2.751227e+01	-5.866185e+01
6.500000e-06	-3.981429e-06	-9.189168e-10	-2.773846e+01	-5.884588e+01
6.510000e-06	-4.013690e-06	-9.172950e-10	-2.796322e+01	-5.902341e+01
6.520000e-06	-4.045813e-06	-9.177982e-10	-2.818702e+01	-5.919470e+01
6.530000e-06	-4.077800e-06	-9.221455e-10	-2.840987e+01	-5.936002e+01
6.540000e-06	-4.109473e-06	-9.314843e-10	-2.863054e+01	-5.951965e+01
6.550000e-06	-4.140779e-06	-9.429062e-10	-2.884865e+01	-5.967384e+01
6.560000e-06	-4.171767e-06	-9.551313e-10	-2.906454e+01	-5.982285e+01
6.570000e-06	-4.202235e-06	-9.596207e-10	-2.927680e+01	-5.996694e+01
6.580000e-06	-4.232159e-06	-9.546151e-10	-2.948529e+01	-6.010637e+01
6.590000e-06	-4.261656e-06	-9.449905e-10	-2.969079e+01	-6.024137e+01
6.600000e-06	-4.290768e-06	-9.394663e-10	-2.989361e+01	-6.037218e+01
6.610000e-06	-4.319514e-06	-9.427110e-10	-3.009389e+01	-6.049903e+01
6.620000e-06	-4.347962e-06	-9.516382e-10	-3.029208e+01	-6.062213e+01
6.630000e-06	-4.376224e-06	-9.629379e-10	-3.048898e+01	-6.074170e+01
6.640000e-06	-4.404317e-06	-9.721473e-10	-3.068470e+01	-6.085793e+01
6.650000e-06	-4.432184e-06	-9.750170e-10	-3.087885e+01	-6.097100e+01
6.660000e-06	-4.459839e-06	-9.720656e-10	-3.107153e+01	-6.108107e+01
6.670000e-06	-4.487175e-06	-9.646815e-10	-3.126198e+01	-6.118831e+01
6.680000e-06	-4.514029e-06	-9.592656e-10	-3.144906e+01	-6.129285e+01
6.690000e-06	-4.540608e-06	-9.581883e-10	-3.163424e+01	-6.139481e+01
6.700000e-06	-4.566956e-06	-9.605303e-10	-3.181780e+01	-6.149430e+01
6.710000e-06	-4.592957e-06	-9.645180e-10	-3.199895e+01	-6.159141e+01
6.720000e-06	-4.618563e-06	-9.679286e-10	-3.217735e+01	-6.168620e+01
6.730000e-06	-4.643786e-06	-9.696606e-10	-3.235307e+01	-6.177873e+01
6.740000e-06	-4.668672e-06	-9.656009e-10	-3.252646e+01	-6.186903e+01
6.750000e-06	-4.693267e-06	-9.594988e-10	-3.269781e+01	-6.195712e+01
6.760000e-06	-4.717645e-06	-9.561568e-10	-3.286765e+01	-6.204300e+01
6.770000e-06	-4.741853e-06	-9.569051e-10	-3.303631e+01	-6.212665e+01
6.780000e-06	-4.765869e-06	-9.601507e-10	-3.320362e+01	-6.220803e+01
6.790000e-06	-4.789642e-06	-9.680859e-10	-3.336925e+01	-6.228709e+01
6.800000e-06	-4.813019e-06	-9.762580e-10	-3.353212e+01	-6.236377e+01
6.810000e-06	-4.835864e-06	-9.810360e-10	-3.369128e+01	-6.243798e+01
6.820000e-06	-4.858137e-06	-9.826193e-10	-3.384645e+01	-6.250962e+01
6.830000e-06	-4.879827e-06	-9.804663e-10	-3.399757e+01	-6.257860e+01
6.840000e-06	-4.901041e-06	-9.778501e-10	-3.414536e+01	-6.264480e+01
6.850000e-06	-4.921870e-06	-9.789688e-10	-3.429048e+01	-6.270809e+01
6.860000e-06	-4.942378e-06	-9.803237e-10	-3.443335e+01	-6.276835e+01
6.870000e-06	-4.962661e-06	-9.789497e-10	-3.457466e+01	-6.282543e+01
6.880000e-06	-4.982766e-06	-9.773465e-10	-3.471473e+01	-6.287921e+01
6.890000e-06	-5.002637e-06	-9.782572e-10	-3.485317e+01	-6.292953e+01
6.900000e-06	-5.022189e-06	-9.789709e-10	-3.498940e+01	-6.297627e+01
6.910000e-06	-5.041358e-06	-9.792289e-10	-3.512295e+01	-6.301929e+01
6.920000e-06	-5.060101e-06	-9.804973e-10	-3.525353e+01	-6.305845e+01
6.930000e-06	-5.078483e-06	-9.809452e-10	-3.538159e+01	-6.309365e+01
6.940000e-06	-5.096555e-06	-9.793313e-10	-3.550750e+01	-6.312476e+01
6.950000e-06	-5.114292e-06	-9.773338e-10	-3.563107e+01	-6.315168e+01
6.960000e-06	-5.131664e-06	-9.761370e-10	-3.575210e+01	-6.317433e+01
6.970000e-06	-5.148625e-06	-9.769235e-10	-3.587027e+01	-6.319264e+01
6.980000e-06	-5.165247e-06	-9.802926e-10	-3.598608e+01	-6.320655e+01
6.990000e-06	-5.181646e-06	-9.837858e-10	-3.610033e+01	-6.321602e+01
7.000000e-06	-5.197840e-06	-9.862451e-10	-3.621315e+01	-6.322105e+01
7.010000e-06	-5.213783e-06	-9.890447e-10	-3.632422e+01	-6.322162e+01
7.020000e-06	-5.229352e-06	-9.899874e-10	-3.643269e+01	-6.321777e+01
7.030000e-06	-5.244383e-06	-9.867802e-10	-3.653741e+01	-6.320955e+01
7.040000e-06	-5.258765e-06	-9.823304e-10	-3.663761e+01	-6.319703e+01
7.050000e-06	-5.272548e-06	-9.775627e-10	-3.673364e+01	-6.318032e+01
7.060000e-06	-5.285802e-06	-9.737277e-10	-3.682598e+01	-6.315952e+01
7.070000e-06	-5.298530e-06	-9.712298e-10	-3.691465e+01	-6.313478e+01
7.080000e-06	-5.310817e-06	-9.702046e-10	-3.700025e+01	-6.310628e+01
7.090000e-06	-5.322728e-06	-9.719045e-10	-3.708324e+01	-6.307421e+01
7.100000e-06	-5.334310e-06	-9.753592e-10	-3.716393e+01	-6.303878e+01
7.110000e-06	-5.345579e-06	-9.773252e-10	-3.724244e+01	-6.300022e+01
7.120000e-06	-5.356389e-06	-9.756538e-10	-3.731775e+01	-6.295879e+01
7.130000e-06	-5.366801e-06	-9.725604e-10	-3.739029e+01	-6.291477e+01
7.140000e-06	-5.376907e-06	-9.709915e-10	-3.746070e+01	-6.286845e+01
7.150000e-06	-5.386596e-06	-9.709304e-10	-3.752820e+01	-6.282012e+01
7.160000e-06	-5.395833e-06	-9.711321e-10	-3.759256e+01	-6.277011e+01
7.170000e-06	-5.404724e-06	-9.704288e-10	-3.765450e+01	-6.271874e+01
7.180000e-06	-5.413365e-06	-9.705524e-10	-3.771470e+01	-6.266635e+01
7.190000e-06	-5.421739e-06	-9.717410e-10	-3.777305e+01	-6.261329e+01
7.200000e-06	-5.429947e-06	-9.719696e-10	-3.783023e+01	-6.255989e+01
7.210000e-06	-5.437827e-06	-9.682106e-10	-3.788513e+01	-6.250649e+01
7.220000e-06	-5.445326e-06	-9.621796e-10	-3.793738e+01	-6.245344e+01
7.230000e-06	-5.452407e-06	-9.574986e-10	-3.798670e+01	-6.240107e+01
7.240000e-06	-5.458894e-06	-9.542774e-10	-3.803190e+01	-6.234971e+01
7.250000e-06	-5.464720e-06	-9.505173e-10	-3.807249e+01	-6.229967e+01
7.260000e-06	-5.469930e-06	-9.481585e-10	-3.810879e+01	-6.225124e+01
7.270000e-06	-5.474646e-06	-9.483618e-10	-3.814165e+01	-6.220473e+01
7.280000e-06	-5.479014e-06	-9.487817e-10	-3.817208e+01	-6.216037e+01
7.290000e-06	-5.483210e-06	-9.476918e-10	-3.820131e+01	-6.211843e+01
7.300000e-06	-5.487179e-06	-9.448449e-10	-3.822896e+01	-6.207912e+01
7.310000e-06	-5.490859e-06	-9.417387e-10	-3.825460e+01	-6.204262e+01
7.320000e-06	-5.494160e-06	-9.406832e-10	-3.827760e+01	-6.200911e+01
7.330000e-06	-5.497023e-06	-9.414876e-10	-3.829754e+01	-6.197871e+01
7.340000e-06	-5.499545e-06	-9.421365e-10	-3.831512e+01	-6.195154e+01
7.350000e-06	-5.501761e-06	-9.420684e-10	-3.833055e+01	-6.192765e+01
7.360000e-06	-5.503583e-06	-9.404294e-10	-3.834325e+01	-6.190710e+01
7.370000e-06	-5.504895e-06	-9.373775e-10	-3.835239e+01	-6.188988e+01
7.380000e-06	-5.505815e-06	-9.319224e-10	-3.835880e+01	-6.187597e+01
7.390000e-06	-5.506481e-06	-9.259344e-10	-3.836344e+01	-6.186529e+01
7.400000e-06	-5.506901e-06	-9.219656e-10	-3.836636e+01	-6.185776e+01
