# Temperatura_=_-1.1
# Concentracion g/m^3_=_1620.0
# C_Vs_to_Am_M_A/Vsm_=_65563218390.804596
# pendiente_HvsI_1/m_=_3716.3
# ordenada_HvsI_A/m_=_1297.0
# frecuencia_Hz_=_135105.6948045557

Tiempo_(s)	Campo_(V.s)	Magnetizacion_(V.s)	Campo_(kA/m)	Magnetizacion_(A/m)
0.000000e+00	-5.499713e-06	-1.056895e-09	-3.836699e+01	-7.143588e+01
1.000000e-08	-5.499776e-06	-1.052779e-09	-3.836743e+01	-7.139333e+01
2.000000e-08	-5.499572e-06	-1.053600e-09	-3.836601e+01	-7.135146e+01
3.000000e-08	-5.499114e-06	-1.054657e-09	-3.836281e+01	-7.131022e+01
4.000000e-08	-5.498223e-06	-1.050503e-09	-3.835660e+01	-7.126953e+01
5.000000e-08	-5.496806e-06	-1.037414e-09	-3.834672e+01	-7.122932e+01
6.000000e-08	-5.494780e-06	-1.030577e-09	-3.833258e+01	-7.118948e+01
7.000000e-08	-5.492091e-06	-1.069963e-09	-3.831382e+01	-7.114991e+01
8.000000e-08	-5.488916e-06	-1.118647e-09	-3.829167e+01	-7.111048e+01
9.000000e-08	-5.485282e-06	-1.095450e-09	-3.826632e+01	-7.107106e+01
1.000000e-07	-5.481181e-06	-1.045025e-09	-3.823771e+01	-7.103151e+01
1.100000e-07	-5.476813e-06	-1.050411e-09	-3.820724e+01	-7.099168e+01
1.200000e-07	-5.472234e-06	-1.045383e-09	-3.817530e+01	-7.095142e+01
1.300000e-07	-5.467344e-06	-1.056134e-09	-3.814118e+01	-7.091055e+01
1.400000e-07	-5.462017e-06	-1.028220e-09	-3.810402e+01	-7.086892e+01
1.500000e-07	-5.456281e-06	-1.049008e-09	-3.806400e+01	-7.082634e+01
1.600000e-07	-5.450195e-06	-1.053285e-09	-3.802155e+01	-7.078265e+01
1.700000e-07	-5.443760e-06	-1.042877e-09	-3.797666e+01	-7.073766e+01
1.800000e-07	-5.437015e-06	-1.065181e-09	-3.792960e+01	-7.069121e+01
1.900000e-07	-5.429881e-06	-1.059296e-09	-3.787983e+01	-7.064311e+01
2.000000e-07	-5.422336e-06	-1.083042e-09	-3.782719e+01	-7.059319e+01
2.100000e-07	-5.414444e-06	-1.065976e-09	-3.777214e+01	-7.054128e+01
2.200000e-07	-5.406391e-06	-1.091960e-09	-3.771596e+01	-7.048722e+01
2.300000e-07	-5.398116e-06	-1.081126e-09	-3.765823e+01	-7.043083e+01
2.400000e-07	-5.389334e-06	-1.106808e-09	-3.759697e+01	-7.037197e+01
2.500000e-07	-5.379877e-06	-1.093339e-09	-3.753099e+01	-7.031048e+01
2.600000e-07	-5.369772e-06	-1.094539e-09	-3.746050e+01	-7.024622e+01
2.700000e-07	-5.359018e-06	-1.066045e-09	-3.738548e+01	-7.017904e+01
2.800000e-07	-5.347685e-06	-1.079231e-09	-3.730642e+01	-7.010882e+01
2.900000e-07	-5.336045e-06	-1.080070e-09	-3.722522e+01	-7.003545e+01
3.000000e-07	-5.324086e-06	-1.062789e-09	-3.714179e+01	-6.995879e+01
3.100000e-07	-5.311722e-06	-1.050287e-09	-3.705554e+01	-6.987876e+01
3.200000e-07	-5.298900e-06	-1.069610e-09	-3.696608e+01	-6.979525e+01
3.300000e-07	-5.285718e-06	-1.068804e-09	-3.687413e+01	-6.970818e+01
3.400000e-07	-5.272224e-06	-1.037475e-09	-3.677999e+01	-6.961747e+01
3.500000e-07	-5.258336e-06	-1.063962e-09	-3.668310e+01	-6.952306e+01
3.600000e-07	-5.244059e-06	-1.077495e-09	-3.658351e+01	-6.942488e+01
3.700000e-07	-5.229300e-06	-1.040252e-09	-3.648054e+01	-6.932289e+01
3.800000e-07	-5.213931e-06	-1.025735e-09	-3.637333e+01	-6.921704e+01
3.900000e-07	-5.197998e-06	-1.081719e-09	-3.626217e+01	-6.910731e+01
4.000000e-07	-5.181628e-06	-1.055643e-09	-3.614798e+01	-6.899366e+01
4.100000e-07	-5.164942e-06	-1.016917e-09	-3.603157e+01	-6.887610e+01
4.200000e-07	-5.147953e-06	-1.052991e-09	-3.591305e+01	-6.875460e+01
4.300000e-07	-5.130616e-06	-1.082519e-09	-3.579210e+01	-6.862917e+01
4.400000e-07	-5.112939e-06	-1.016584e-09	-3.566878e+01	-6.849982e+01
4.500000e-07	-5.094895e-06	-1.036475e-09	-3.554291e+01	-6.836657e+01
4.600000e-07	-5.076417e-06	-1.074101e-09	-3.541401e+01	-6.822944e+01
4.700000e-07	-5.057497e-06	-1.033728e-09	-3.528201e+01	-6.808846e+01
4.800000e-07	-5.038231e-06	-1.006278e-09	-3.514761e+01	-6.794366e+01
4.900000e-07	-5.018710e-06	-1.072048e-09	-3.501143e+01	-6.779509e+01
5.000000e-07	-4.998974e-06	-1.040382e-09	-3.487374e+01	-6.764280e+01
5.100000e-07	-4.978950e-06	-9.946596e-10	-3.473405e+01	-6.748684e+01
5.200000e-07	-4.958582e-06	-1.039831e-09	-3.459197e+01	-6.732727e+01
5.300000e-07	-4.937913e-06	-1.058530e-09	-3.444777e+01	-6.716415e+01
5.400000e-07	-4.916903e-06	-9.952620e-10	-3.430120e+01	-6.699755e+01
5.500000e-07	-4.895502e-06	-1.021707e-09	-3.415191e+01	-6.682755e+01
5.600000e-07	-4.873766e-06	-1.050872e-09	-3.400027e+01	-6.665421e+01
5.700000e-07	-4.851744e-06	-1.000591e-09	-3.384664e+01	-6.647763e+01
5.800000e-07	-4.829460e-06	-9.953321e-10	-3.369119e+01	-6.629788e+01
5.900000e-07	-4.806921e-06	-1.041529e-09	-3.353395e+01	-6.611504e+01
6.000000e-07	-4.784039e-06	-1.004831e-09	-3.337432e+01	-6.592922e+01
6.100000e-07	-4.760705e-06	-9.768245e-10	-3.321154e+01	-6.574050e+01
6.200000e-07	-4.737087e-06	-1.014695e-09	-3.304678e+01	-6.554896e+01
6.300000e-07	-4.713302e-06	-1.001963e-09	-3.288085e+01	-6.535472e+01
6.400000e-07	-4.689282e-06	-9.707843e-10	-3.271328e+01	-6.515785e+01
6.500000e-07	-4.664956e-06	-9.972523e-10	-3.254358e+01	-6.495847e+01
6.600000e-07	-4.640196e-06	-1.003145e-09	-3.237085e+01	-6.475665e+01
6.700000e-07	-4.614936e-06	-9.678312e-10	-3.219463e+01	-6.455251e+01
6.800000e-07	-4.589130e-06	-9.836368e-10	-3.201460e+01	-6.434613e+01
6.900000e-07	-4.562717e-06	-9.915692e-10	-3.183034e+01	-6.413761e+01
7.000000e-07	-4.535760e-06	-9.649088e-10	-3.164228e+01	-6.392704e+01
7.100000e-07	-4.508494e-06	-9.631019e-10	-3.145207e+01	-6.371450e+01
7.200000e-07	-4.481004e-06	-9.850684e-10	-3.126030e+01	-6.350010e+01
7.300000e-07	-4.453317e-06	-9.611083e-10	-3.106714e+01	-6.328390e+01
7.400000e-07	-4.425475e-06	-9.497898e-10	-3.087291e+01	-6.306600e+01
7.500000e-07	-4.397429e-06	-9.610657e-10	-3.067726e+01	-6.284645e+01
7.600000e-07	-4.369106e-06	-9.553912e-10	-3.047968e+01	-6.262534e+01
7.700000e-07	-4.340533e-06	-9.353792e-10	-3.028034e+01	-6.240273e+01
7.800000e-07	-4.311633e-06	-9.473315e-10	-3.007873e+01	-6.217866e+01
7.900000e-07	-4.282318e-06	-9.447145e-10	-2.987422e+01	-6.195320e+01
8.000000e-07	-4.252666e-06	-9.298116e-10	-2.966737e+01	-6.172637e+01
8.100000e-07	-4.222736e-06	-9.275483e-10	-2.945857e+01	-6.149823e+01
8.200000e-07	-4.192621e-06	-9.350454e-10	-2.924848e+01	-6.126878e+01
8.300000e-07	-4.162314e-06	-9.203103e-10	-2.903705e+01	-6.103806e+01
8.400000e-07	-4.131682e-06	-9.160881e-10	-2.882336e+01	-6.080605e+01
8.500000e-07	-4.100672e-06	-9.170619e-10	-2.860703e+01	-6.057276e+01
8.600000e-07	-4.069350e-06	-9.082268e-10	-2.838852e+01	-6.033818e+01
8.700000e-07	-4.037854e-06	-8.992818e-10	-2.816880e+01	-6.010227e+01
8.800000e-07	-4.006286e-06	-9.061848e-10	-2.794858e+01	-5.986501e+01
8.900000e-07	-3.974543e-06	-9.039258e-10	-2.772713e+01	-5.962634e+01
9.000000e-07	-3.942503e-06	-8.899126e-10	-2.750361e+01	-5.938621e+01
9.100000e-07	-3.910158e-06	-8.881731e-10	-2.727797e+01	-5.914455e+01
9.200000e-07	-3.877489e-06	-8.872878e-10	-2.705006e+01	-5.890129e+01
9.300000e-07	-3.844481e-06	-8.768522e-10	-2.681979e+01	-5.865632e+01
9.400000e-07	-3.811057e-06	-8.744492e-10	-2.658662e+01	-5.840955e+01
9.500000e-07	-3.777097e-06	-8.819040e-10	-2.634971e+01	-5.816087e+01
9.600000e-07	-3.742617e-06	-8.733775e-10	-2.610917e+01	-5.791016e+01
9.700000e-07	-3.707777e-06	-8.673405e-10	-2.586612e+01	-5.765730e+01
9.800000e-07	-3.672684e-06	-8.681963e-10	-2.562131e+01	-5.740213e+01
9.900000e-07	-3.637320e-06	-8.636821e-10	-2.537460e+01	-5.714453e+01
1.000000e-06	-3.601734e-06	-8.511956e-10	-2.512635e+01	-5.688434e+01
1.010000e-06	-3.566051e-06	-8.507745e-10	-2.487742e+01	-5.662140e+01
1.020000e-06	-3.530225e-06	-8.521255e-10	-2.462749e+01	-5.635555e+01
1.030000e-06	-3.494208e-06	-8.485909e-10	-2.437623e+01	-5.608662e+01
1.040000e-06	-3.458009e-06	-8.450385e-10	-2.412369e+01	-5.581445e+01
1.050000e-06	-3.421553e-06	-8.446249e-10	-2.386937e+01	-5.553887e+01
1.060000e-06	-3.384850e-06	-8.345901e-10	-2.361333e+01	-5.525969e+01
1.070000e-06	-3.347933e-06	-8.275967e-10	-2.335579e+01	-5.497676e+01
1.080000e-06	-3.310763e-06	-8.231187e-10	-2.309648e+01	-5.468990e+01
1.090000e-06	-3.273335e-06	-8.187158e-10	-2.283538e+01	-5.439893e+01
1.100000e-06	-3.235673e-06	-8.113453e-10	-2.257264e+01	-5.410371e+01
1.110000e-06	-3.197777e-06	-8.107848e-10	-2.230827e+01	-5.380405e+01
1.120000e-06	-3.159669e-06	-8.071784e-10	-2.204242e+01	-5.349982e+01
1.130000e-06	-3.121365e-06	-8.007750e-10	-2.177520e+01	-5.319085e+01
1.140000e-06	-3.082792e-06	-7.960924e-10	-2.150612e+01	-5.287700e+01
1.150000e-06	-3.044047e-06	-7.909642e-10	-2.123582e+01	-5.255814e+01
1.160000e-06	-3.005063e-06	-7.824789e-10	-2.096386e+01	-5.223414e+01
1.170000e-06	-2.965781e-06	-7.756727e-10	-2.068983e+01	-5.190488e+01
1.180000e-06	-2.926429e-06	-7.732974e-10	-2.041530e+01	-5.157024e+01
1.190000e-06	-2.886972e-06	-7.695292e-10	-2.014004e+01	-5.123012e+01
1.200000e-06	-2.847339e-06	-7.638780e-10	-1.986355e+01	-5.088443e+01
1.210000e-06	-2.807564e-06	-7.598862e-10	-1.958608e+01	-5.053308e+01
1.220000e-06	-2.767665e-06	-7.538266e-10	-1.930773e+01	-5.017600e+01
1.230000e-06	-2.727667e-06	-7.463564e-10	-1.902870e+01	-4.981311e+01
1.240000e-06	-2.687530e-06	-7.410966e-10	-1.874869e+01	-4.944436e+01
1.250000e-06	-2.647164e-06	-7.339571e-10	-1.846710e+01	-4.906968e+01
1.260000e-06	-2.606560e-06	-7.255251e-10	-1.818384e+01	-4.868904e+01
1.270000e-06	-2.565763e-06	-7.153559e-10	-1.789923e+01	-4.830238e+01
1.280000e-06	-2.524698e-06	-7.083554e-10	-1.761275e+01	-4.790968e+01
1.290000e-06	-2.483335e-06	-7.026178e-10	-1.732420e+01	-4.751088e+01
1.300000e-06	-2.441703e-06	-6.951518e-10	-1.703376e+01	-4.710596e+01
1.310000e-06	-2.399762e-06	-6.872270e-10	-1.674118e+01	-4.669488e+01
1.320000e-06	-2.357482e-06	-6.812119e-10	-1.644622e+01	-4.627761e+01
1.330000e-06	-2.314925e-06	-6.732936e-10	-1.614934e+01	-4.585410e+01
1.340000e-06	-2.272046e-06	-6.657982e-10	-1.585020e+01	-4.542431e+01
1.350000e-06	-2.228839e-06	-6.563010e-10	-1.554879e+01	-4.498820e+01
1.360000e-06	-2.185444e-06	-6.468823e-10	-1.524605e+01	-4.454569e+01
1.370000e-06	-2.141892e-06	-6.392016e-10	-1.494223e+01	-4.409674e+01
1.380000e-06	-2.098254e-06	-6.357637e-10	-1.463780e+01	-4.364124e+01
1.390000e-06	-2.054589e-06	-6.296252e-10	-1.433318e+01	-4.317912e+01
1.400000e-06	-2.010841e-06	-6.213716e-10	-1.402799e+01	-4.271026e+01
1.410000e-06	-1.967013e-06	-6.113262e-10	-1.372224e+01	-4.223455e+01
1.420000e-06	-1.923163e-06	-6.033131e-10	-1.341633e+01	-4.175184e+01
1.430000e-06	-1.879260e-06	-5.965960e-10	-1.311006e+01	-4.126197e+01
1.440000e-06	-1.835293e-06	-5.908246e-10	-1.280333e+01	-4.076477e+01
1.450000e-06	-1.791235e-06	-5.866422e-10	-1.249598e+01	-4.026003e+01
1.460000e-06	-1.747044e-06	-5.808051e-10	-1.218769e+01	-3.974753e+01
1.470000e-06	-1.702753e-06	-5.718733e-10	-1.187871e+01	-3.922705e+01
1.480000e-06	-1.658381e-06	-5.612072e-10	-1.156916e+01	-3.869830e+01
1.490000e-06	-1.613841e-06	-5.503408e-10	-1.125845e+01	-3.816100e+01
1.500000e-06	-1.569059e-06	-5.414540e-10	-1.094604e+01	-3.761485e+01
1.510000e-06	-1.524146e-06	-5.324075e-10	-1.063272e+01	-3.705951e+01
1.520000e-06	-1.479215e-06	-5.235519e-10	-1.031927e+01	-3.649464e+01
1.530000e-06	-1.434171e-06	-5.155110e-10	-1.000503e+01	-3.591987e+01
1.540000e-06	-1.388974e-06	-5.051712e-10	-9.689735e+00	-3.533480e+01
1.550000e-06	-1.343728e-06	-4.943050e-10	-9.374087e+00	-3.473904e+01
1.560000e-06	-1.298412e-06	-4.839388e-10	-9.057960e+00	-3.413216e+01
1.570000e-06	-1.253042e-06	-4.724465e-10	-8.741451e+00	-3.351372e+01
1.580000e-06	-1.207622e-06	-4.601668e-10	-8.424587e+00	-3.288328e+01
1.590000e-06	-1.162043e-06	-4.520715e-10	-8.106621e+00	-3.224040e+01
1.600000e-06	-1.116351e-06	-4.445702e-10	-7.787865e+00	-3.158460e+01
1.610000e-06	-1.070579e-06	-4.346757e-10	-7.468551e+00	-3.091543e+01
1.620000e-06	-1.024708e-06	-4.242405e-10	-7.148552e+00	-3.023242e+01
1.630000e-06	-9.788035e-07	-4.175002e-10	-6.828310e+00	-2.953513e+01
1.640000e-06	-9.328217e-07	-4.103444e-10	-6.507533e+00	-2.882308e+01
1.650000e-06	-8.867247e-07	-4.003907e-10	-6.185952e+00	-2.809586e+01
1.660000e-06	-8.405604e-07	-3.886897e-10	-5.863901e+00	-2.735303e+01
1.670000e-06	-7.943446e-07	-3.741839e-10	-5.541492e+00	-2.659417e+01
1.680000e-06	-7.480777e-07	-3.570885e-10	-5.218725e+00	-2.581892e+01
1.690000e-06	-7.017804e-07	-3.433406e-10	-4.895747e+00	-2.502690e+01
1.700000e-06	-6.554978e-07	-3.322422e-10	-4.572871e+00	-2.421779e+01
1.710000e-06	-6.091530e-07	-3.220614e-10	-4.249562e+00	-2.339129e+01
1.720000e-06	-5.627596e-07	-3.097724e-10	-3.925913e+00	-2.254713e+01
1.730000e-06	-5.163961e-07	-2.938024e-10	-3.602473e+00	-2.168510e+01
1.740000e-06	-4.699676e-07	-2.741693e-10	-3.278579e+00	-2.080502e+01
1.750000e-06	-4.234253e-07	-2.561330e-10	-2.953891e+00	-1.990675e+01
1.760000e-06	-3.768192e-07	-2.422702e-10	-2.628759e+00	-1.899022e+01
1.770000e-06	-3.301615e-07	-2.302611e-10	-2.303266e+00	-1.805538e+01
1.780000e-06	-2.834961e-07	-2.185737e-10	-1.977720e+00	-1.710228e+01
1.790000e-06	-2.368575e-07	-2.066352e-10	-1.652361e+00	-1.613098e+01
1.800000e-06	-1.901357e-07	-1.933084e-10	-1.326421e+00	-1.514163e+01
1.810000e-06	-1.434029e-07	-1.780747e-10	-1.000405e+00	-1.413442e+01
1.820000e-06	-9.675240e-08	-1.632371e-10	-6.749622e-01	-1.310961e+01
1.830000e-06	-5.017853e-08	-1.497811e-10	-3.500545e-01	-1.206752e+01
1.840000e-06	-3.659675e-09	-1.360497e-10	-2.553056e-02	-1.100854e+01
1.850000e-06	4.292730e-08	-1.209284e-10	2.994686e-01	-9.933110e+00
1.860000e-06	8.956686e-08	-1.080421e-10	6.248346e-01	-8.841730e+00
1.870000e-06	1.362364e-07	-9.476747e-11	9.504101e-01	-7.734967e+00
1.880000e-06	1.828775e-07	-7.763423e-11	1.275786e+00	-6.613445e+00
1.890000e-06	2.294394e-07	-5.896480e-11	1.600611e+00	-5.477846e+00
1.900000e-06	2.759540e-07	-4.062160e-11	1.925105e+00	-4.328906e+00
1.910000e-06	3.224278e-07	-2.210105e-11	2.249314e+00	-3.167415e+00
1.920000e-06	3.689225e-07	-5.287299e-12	2.573670e+00	-1.994213e+00
1.930000e-06	4.154360e-07	1.168006e-11	2.898156e+00	-8.101866e-01
1.940000e-06	4.619250e-07	3.026763e-11	3.222472e+00	3.837327e-01
1.950000e-06	5.083517e-07	4.890375e-11	3.546354e+00	1.586574e+00
1.960000e-06	5.547009e-07	6.686622e-11	3.869694e+00	2.797331e+00
1.970000e-06	6.010104e-07	8.308871e-11	4.192757e+00	4.014964e+00
1.980000e-06	6.472725e-07	9.847206e-11	4.515490e+00	5.238406e+00
1.990000e-06	6.934332e-07	1.151380e-10	4.837516e+00	6.466569e+00
2.000000e-06	7.395634e-07	1.311269e-10	5.159328e+00	7.698344e+00
2.010000e-06	7.856452e-07	1.499126e-10	5.480803e+00	8.932610e+00
2.020000e-06	8.316937e-07	1.718621e-10	5.802046e+00	1.016824e+01
2.030000e-06	8.777286e-07	1.930455e-10	6.123194e+00	1.140409e+01
2.040000e-06	9.237204e-07	2.101523e-10	6.444040e+00	1.263904e+01
2.050000e-06	9.696593e-07	2.258880e-10	6.764519e+00	1.387196e+01
2.060000e-06	1.015521e-06	2.396670e-10	7.084455e+00	1.510173e+01
2.070000e-06	1.061324e-06	2.540366e-10	7.403992e+00	1.632725e+01
2.080000e-06	1.107028e-06	2.713604e-10	7.722831e+00	1.754745e+01
2.090000e-06	1.152649e-06	2.919597e-10	8.041091e+00	1.876127e+01
2.100000e-06	1.198207e-06	3.142816e-10	8.358912e+00	1.996768e+01
2.110000e-06	1.243705e-06	3.323603e-10	8.676314e+00	2.116569e+01
2.120000e-06	1.289122e-06	3.454685e-10	8.993148e+00	2.235433e+01
2.130000e-06	1.334427e-06	3.592340e-10	9.309201e+00	2.353270e+01
2.140000e-06	1.379639e-06	3.754636e-10	9.624612e+00	2.469991e+01
2.150000e-06	1.424762e-06	3.921432e-10	9.939399e+00	2.585514e+01
2.160000e-06	1.469768e-06	4.089291e-10	1.025337e+01	2.699760e+01
2.170000e-06	1.514611e-06	4.266619e-10	1.056620e+01	2.812655e+01
2.180000e-06	1.559329e-06	4.477787e-10	1.087816e+01	2.924132e+01
2.190000e-06	1.603960e-06	4.637678e-10	1.118951e+01	3.034128e+01
2.200000e-06	1.648454e-06	4.761494e-10	1.149991e+01	3.142585e+01
2.210000e-06	1.692802e-06	4.872268e-10	1.180929e+01	3.249450e+01
2.220000e-06	1.737049e-06	4.989360e-10	1.211797e+01	3.354678e+01
2.230000e-06	1.781197e-06	5.137444e-10	1.242595e+01	3.458226e+01
2.240000e-06	1.825184e-06	5.280853e-10	1.273281e+01	3.560060e+01
2.250000e-06	1.869071e-06	5.422048e-10	1.303898e+01	3.660147e+01
2.260000e-06	1.912964e-06	5.535692e-10	1.334519e+01	3.758464e+01
2.270000e-06	1.956800e-06	5.693982e-10	1.365099e+01	3.854988e+01
2.280000e-06	2.000536e-06	5.865393e-10	1.395610e+01	3.949705e+01
2.290000e-06	2.044207e-06	6.002183e-10	1.426076e+01	4.042604e+01
2.300000e-06	2.087779e-06	6.118400e-10	1.456472e+01	4.133678e+01
2.310000e-06	2.131237e-06	6.214303e-10	1.486790e+01	4.222925e+01
2.320000e-06	2.174594e-06	6.320739e-10	1.517036e+01	4.310346e+01
2.330000e-06	2.217855e-06	6.431023e-10	1.547216e+01	4.395946e+01
2.340000e-06	2.260904e-06	6.570318e-10	1.577247e+01	4.479735e+01
2.350000e-06	2.303679e-06	6.730024e-10	1.607088e+01	4.561723e+01
2.360000e-06	2.346333e-06	6.896270e-10	1.636844e+01	4.641925e+01
2.370000e-06	2.388766e-06	7.012546e-10	1.666446e+01	4.720359e+01
2.380000e-06	2.430798e-06	7.086612e-10	1.695769e+01	4.797043e+01
2.390000e-06	2.472515e-06	7.153932e-10	1.724871e+01	4.871998e+01
2.400000e-06	2.513840e-06	7.222452e-10	1.753700e+01	4.945247e+01
2.410000e-06	2.554729e-06	7.313341e-10	1.782225e+01	5.016813e+01
2.420000e-06	2.595403e-06	7.437965e-10	1.810600e+01	5.086722e+01
2.430000e-06	2.635928e-06	7.588602e-10	1.838871e+01	5.154999e+01
2.440000e-06	2.676287e-06	7.719176e-10	1.867027e+01	5.221671e+01
2.450000e-06	2.716443e-06	7.789473e-10	1.895040e+01	5.286763e+01
2.460000e-06	2.756412e-06	7.861401e-10	1.922923e+01	5.350304e+01
2.470000e-06	2.796275e-06	7.944646e-10	1.950732e+01	5.412318e+01
2.480000e-06	2.836037e-06	8.025470e-10	1.978470e+01	5.472832e+01
2.490000e-06	2.875696e-06	8.128040e-10	2.006138e+01	5.531873e+01
2.500000e-06	2.915209e-06	8.236475e-10	2.033703e+01	5.589465e+01
2.510000e-06	2.954543e-06	8.342685e-10	2.061143e+01	5.645633e+01
2.520000e-06	2.993656e-06	8.447184e-10	2.088429e+01	5.700401e+01
2.530000e-06	3.032519e-06	8.527470e-10	2.115540e+01	5.753792e+01
2.540000e-06	3.071138e-06	8.578995e-10	2.142481e+01	5.805829e+01
2.550000e-06	3.109546e-06	8.618359e-10	2.169275e+01	5.856534e+01
2.560000e-06	3.147733e-06	8.673974e-10	2.195916e+01	5.905926e+01
2.570000e-06	3.185694e-06	8.738626e-10	2.222398e+01	5.954026e+01
2.580000e-06	3.223435e-06	8.817561e-10	2.248726e+01	6.000853e+01
2.590000e-06	3.260969e-06	8.903797e-10	2.274911e+01	6.046426e+01
2.600000e-06	3.298335e-06	8.970246e-10	2.300978e+01	6.090763e+01
2.610000e-06	3.335480e-06	9.009346e-10	2.326891e+01	6.133881e+01
2.620000e-06	3.372444e-06	9.032187e-10	2.352678e+01	6.175797e+01
2.630000e-06	3.409246e-06	9.086047e-10	2.378352e+01	6.216527e+01
2.640000e-06	3.445756e-06	9.159155e-10	2.403822e+01	6.256088e+01
2.650000e-06	3.481945e-06	9.258144e-10	2.429068e+01	6.294497e+01
2.660000e-06	3.517914e-06	9.342286e-10	2.454160e+01	6.331768e+01
2.670000e-06	3.553733e-06	9.373144e-10	2.479149e+01	6.367920e+01
2.680000e-06	3.589436e-06	9.383857e-10	2.504056e+01	6.402968e+01
2.690000e-06	3.625025e-06	9.408928e-10	2.528883e+01	6.436929e+01
2.700000e-06	3.660514e-06	9.438740e-10	2.553641e+01	6.469820e+01
2.710000e-06	3.695838e-06	9.468278e-10	2.578284e+01	6.501660e+01
2.720000e-06	3.730768e-06	9.497096e-10	2.602651e+01	6.532466e+01
2.730000e-06	3.765229e-06	9.531083e-10	2.626692e+01	6.562258e+01
2.740000e-06	3.799248e-06	9.554853e-10	2.650424e+01	6.591056e+01
2.750000e-06	3.832781e-06	9.584255e-10	2.673817e+01	6.618879e+01
2.760000e-06	3.865879e-06	9.634957e-10	2.696907e+01	6.645750e+01
2.770000e-06	3.898595e-06	9.677283e-10	2.719730e+01	6.671690e+01
2.780000e-06	3.930951e-06	9.705380e-10	2.742303e+01	6.696723e+01
2.790000e-06	3.963009e-06	9.753803e-10	2.764667e+01	6.720873e+01
2.800000e-06	3.994865e-06	9.812243e-10	2.786890e+01	6.744163e+01
2.810000e-06	4.026563e-06	9.853757e-10	2.809003e+01	6.766620e+01
2.820000e-06	4.058105e-06	9.898473e-10	2.831007e+01	6.788269e+01
2.830000e-06	4.089561e-06	9.946144e-10	2.852952e+01	6.809137e+01
2.840000e-06	4.120787e-06	9.980340e-10	2.874735e+01	6.829251e+01
2.850000e-06	4.151652e-06	1.001333e-09	2.896268e+01	6.848639e+01
2.860000e-06	4.182127e-06	1.004830e-09	2.917527e+01	6.867329e+01
2.870000e-06	4.212216e-06	1.005194e-09	2.938518e+01	6.885348e+01
2.880000e-06	4.242036e-06	1.005479e-09	2.959321e+01	6.902726e+01
2.890000e-06	4.271627e-06	1.008096e-09	2.979964e+01	6.919489e+01
2.900000e-06	4.301005e-06	1.012115e-09	3.000459e+01	6.935667e+01
2.910000e-06	4.330077e-06	1.016501e-09	3.020740e+01	6.951286e+01
2.920000e-06	4.358764e-06	1.022258e-09	3.040752e+01	6.966373e+01
2.930000e-06	4.387128e-06	1.027208e-09	3.060540e+01	6.980956e+01
2.940000e-06	4.415243e-06	1.029882e-09	3.080153e+01	6.995059e+01
2.950000e-06	4.443187e-06	1.030791e-09	3.099647e+01	7.008708e+01
2.960000e-06	4.470982e-06	1.030266e-09	3.119038e+01	7.021926e+01
2.970000e-06	4.498616e-06	1.029876e-09	3.138316e+01	7.034735e+01
2.980000e-06	4.525994e-06	1.030624e-09	3.157416e+01	7.047158e+01
2.990000e-06	4.553017e-06	1.033242e-09	3.176267e+01	7.059212e+01
3.000000e-06	4.579639e-06	1.036653e-09	3.194839e+01	7.070917e+01
3.010000e-06	4.605734e-06	1.037760e-09	3.213043e+01	7.082290e+01
3.020000e-06	4.631166e-06	1.040912e-09	3.230785e+01	7.093345e+01
3.030000e-06	4.656080e-06	1.045426e-09	3.248166e+01	7.104095e+01
3.040000e-06	4.680664e-06	1.047402e-09	3.265316e+01	7.114552e+01
3.050000e-06	4.704878e-06	1.047793e-09	3.282208e+01	7.124726e+01
3.060000e-06	4.728789e-06	1.048068e-09	3.298889e+01	7.134624e+01
3.070000e-06	4.752460e-06	1.047919e-09	3.315402e+01	7.144253e+01
3.080000e-06	4.775876e-06	1.047396e-09	3.331737e+01	7.153616e+01
3.090000e-06	4.798943e-06	1.050344e-09	3.347829e+01	7.162718e+01
3.100000e-06	4.821601e-06	1.055262e-09	3.363636e+01	7.171557e+01
3.110000e-06	4.843939e-06	1.057922e-09	3.379220e+01	7.180135e+01
3.120000e-06	4.865987e-06	1.057928e-09	3.394601e+01	7.188448e+01
3.130000e-06	4.887746e-06	1.058742e-09	3.409780e+01	7.196494e+01
3.140000e-06	4.909130e-06	1.061294e-09	3.424698e+01	7.204267e+01
3.150000e-06	4.930151e-06	1.064151e-09	3.439362e+01	7.211762e+01
3.160000e-06	4.950845e-06	1.066739e-09	3.453799e+01	7.218971e+01
3.170000e-06	4.971188e-06	1.067044e-09	3.467991e+01	7.225887e+01
3.180000e-06	4.991235e-06	1.066116e-09	3.481976e+01	7.232502e+01
3.190000e-06	5.011048e-06	1.066190e-09	3.495798e+01	7.238807e+01
3.200000e-06	5.030669e-06	1.067490e-09	3.509485e+01	7.244792e+01
3.210000e-06	5.050087e-06	1.072087e-09	3.523032e+01	7.250449e+01
3.220000e-06	5.069179e-06	1.076988e-09	3.536351e+01	7.255767e+01
3.230000e-06	5.087774e-06	1.079235e-09	3.549323e+01	7.260737e+01
3.240000e-06	5.105863e-06	1.077913e-09	3.561943e+01	7.265351e+01
3.250000e-06	5.123597e-06	1.074545e-09	3.574314e+01	7.269599e+01
3.260000e-06	5.141000e-06	1.072183e-09	3.586455e+01	7.273475e+01
3.270000e-06	5.158025e-06	1.073492e-09	3.598331e+01	7.276971e+01
3.280000e-06	5.174770e-06	1.079358e-09	3.610013e+01	7.280081e+01
3.290000e-06	5.191298e-06	1.085850e-09	3.621543e+01	7.282801e+01
3.300000e-06	5.207459e-06	1.089816e-09	3.632817e+01	7.285126e+01
3.310000e-06	5.223146e-06	1.090448e-09	3.643761e+01	7.287054e+01
3.320000e-06	5.238345e-06	1.088534e-09	3.654364e+01	7.288583e+01
3.330000e-06	5.253121e-06	1.086194e-09	3.664673e+01	7.289715e+01
3.340000e-06	5.267422e-06	1.085058e-09	3.674649e+01	7.290451e+01
3.350000e-06	5.281186e-06	1.087231e-09	3.684251e+01	7.290793e+01
3.360000e-06	5.294610e-06	1.092818e-09	3.693616e+01	7.290749e+01
3.370000e-06	5.307731e-06	1.098190e-09	3.702769e+01	7.290322e+01
3.380000e-06	5.320439e-06	1.100842e-09	3.711634e+01	7.289523e+01
3.390000e-06	5.332701e-06	1.101123e-09	3.720189e+01	7.288359e+01
3.400000e-06	5.344622e-06	1.100159e-09	3.728505e+01	7.286843e+01
3.410000e-06	5.356285e-06	1.100334e-09	3.736641e+01	7.284987e+01
3.420000e-06	5.367623e-06	1.100503e-09	3.744551e+01	7.282804e+01
3.430000e-06	5.378444e-06	1.101112e-09	3.752100e+01	7.280309e+01
3.440000e-06	5.388715e-06	1.104817e-09	3.759265e+01	7.277519e+01
3.450000e-06	5.398337e-06	1.107438e-09	3.765978e+01	7.274452e+01
3.460000e-06	5.407278e-06	1.107400e-09	3.772215e+01	7.271124e+01
3.470000e-06	5.415765e-06	1.106047e-09	3.778136e+01	7.267555e+01
3.480000e-06	5.423950e-06	1.105839e-09	3.783846e+01	7.263765e+01
3.490000e-06	5.431831e-06	1.106813e-09	3.789343e+01	7.259774e+01
3.500000e-06	5.439347e-06	1.106852e-09	3.794587e+01	7.255601e+01
3.510000e-06	5.446587e-06	1.108507e-09	3.799638e+01	7.251268e+01
3.520000e-06	5.453513e-06	1.112311e-09	3.804469e+01	7.246795e+01
3.530000e-06	5.460073e-06	1.114326e-09	3.809046e+01	7.242202e+01
3.540000e-06	5.466275e-06	1.113541e-09	3.813372e+01	7.237509e+01
3.550000e-06	5.472061e-06	1.111937e-09	3.817409e+01	7.232736e+01
3.560000e-06	5.477468e-06	1.111649e-09	3.821181e+01	7.227902e+01
3.570000e-06	5.482537e-06	1.112693e-09	3.824717e+01	7.223024e+01
3.580000e-06	5.487252e-06	1.113246e-09	3.828006e+01	7.218121e+01
3.590000e-06	5.491542e-06	1.113018e-09	3.830999e+01	7.213208e+01
3.600000e-06	5.495511e-06	1.113839e-09	3.833768e+01	7.208301e+01
3.610000e-06	5.499304e-06	1.116701e-09	3.836414e+01	7.203413e+01
3.620000e-06	5.502846e-06	1.118413e-09	3.838885e+01	7.198557e+01
3.630000e-06	5.505947e-06	1.116684e-09	3.841049e+01	7.193743e+01
3.640000e-06	5.508490e-06	1.113682e-09	3.842822e+01	7.188981e+01
3.650000e-06	5.510458e-06	1.112805e-09	3.844195e+01	7.184279e+01
3.660000e-06	5.511832e-06	1.113946e-09	3.845154e+01	7.179643e+01
3.670000e-06	5.512610e-06	1.115545e-09	3.845696e+01	7.175078e+01
3.680000e-06	5.512979e-06	1.118136e-09	3.845954e+01	7.170586e+01
3.690000e-06	5.513045e-06	1.121500e-09	3.846000e+01	7.166169e+01
3.700000e-06	5.512765e-06	1.127117e-09	3.845804e+01	7.161826e+01
3.710000e-06	5.512262e-06	1.132337e-09	3.845453e+01	7.157556e+01
3.720000e-06	5.511485e-06	1.133709e-09	3.844911e+01	7.153354e+01
3.730000e-06	5.510237e-06	1.132250e-09	3.844041e+01	7.149215e+01
3.740000e-06	5.508584e-06	1.137937e-09	3.842888e+01	7.145132e+01
3.750000e-06	5.506706e-06	1.147792e-09	3.841578e+01	7.141097e+01
3.760000e-06	5.504563e-06	1.120249e-09	3.840083e+01	7.137101e+01
3.770000e-06	5.502031e-06	1.047933e-09	3.838316e+01	7.133132e+01
3.780000e-06	5.499035e-06	1.038730e-09	3.836226e+01	7.129179e+01
3.790000e-06	5.495473e-06	1.100172e-09	3.833741e+01	7.125228e+01
3.800000e-06	5.491486e-06	1.113594e-09	3.830960e+01	7.121265e+01
3.810000e-06	5.487321e-06	1.125505e-09	3.828054e+01	7.117276e+01
3.820000e-06	5.482964e-06	1.114586e-09	3.825015e+01	7.113244e+01
3.830000e-06	5.478164e-06	1.116634e-09	3.821666e+01	7.109153e+01
3.840000e-06	5.472827e-06	1.122859e-09	3.817943e+01	7.104987e+01
3.850000e-06	5.467127e-06	1.065006e-09	3.813967e+01	7.100728e+01
3.860000e-06	5.461082e-06	1.092967e-09	3.809749e+01	7.096359e+01
3.870000e-06	5.454541e-06	1.132300e-09	3.805186e+01	7.091863e+01
3.880000e-06	5.447508e-06	1.158148e-09	3.800280e+01	7.087220e+01
3.890000e-06	5.440027e-06	1.100884e-09	3.795062e+01	7.082415e+01
3.900000e-06	5.432147e-06	1.078073e-09	3.789564e+01	7.077429e+01
3.910000e-06	5.423880e-06	1.092109e-09	3.783797e+01	7.072246e+01
3.920000e-06	5.415248e-06	1.082044e-09	3.777775e+01	7.066849e+01
3.930000e-06	5.406323e-06	1.085086e-09	3.771549e+01	7.061220e+01
3.940000e-06	5.397097e-06	1.091328e-09	3.765113e+01	7.055346e+01
3.950000e-06	5.387494e-06	1.104848e-09	3.758413e+01	7.049209e+01
3.960000e-06	5.377391e-06	1.062140e-09	3.751365e+01	7.042797e+01
3.970000e-06	5.366860e-06	1.072746e-09	3.744019e+01	7.036095e+01
3.980000e-06	5.355979e-06	1.079135e-09	3.736428e+01	7.029089e+01
3.990000e-06	5.344699e-06	1.089972e-09	3.728559e+01	7.021768e+01
4.000000e-06	5.333062e-06	1.071907e-09	3.720440e+01	7.014121e+01
4.010000e-06	5.321068e-06	1.060730e-09	3.712073e+01	7.006137e+01
4.020000e-06	5.308572e-06	1.035221e-09	3.703356e+01	6.997805e+01
4.030000e-06	5.295608e-06	1.061231e-09	3.694312e+01	6.989119e+01
4.040000e-06	5.282308e-06	1.071048e-09	3.685034e+01	6.980069e+01
4.050000e-06	5.268570e-06	1.039158e-09	3.675450e+01	6.970649e+01
4.060000e-06	5.254160e-06	1.032320e-09	3.665397e+01	6.960853e+01
4.070000e-06	5.239161e-06	1.088143e-09	3.654933e+01	6.950676e+01
4.080000e-06	5.223693e-06	1.056383e-09	3.644142e+01	6.940114e+01
4.090000e-06	5.207735e-06	9.937419e-10	3.633010e+01	6.929163e+01
4.100000e-06	5.191461e-06	1.044464e-09	3.621657e+01	6.917822e+01
4.110000e-06	5.175047e-06	1.080331e-09	3.610206e+01	6.906088e+01
4.120000e-06	5.158337e-06	1.007127e-09	3.598549e+01	6.893961e+01
4.130000e-06	5.141220e-06	1.018591e-09	3.586608e+01	6.881442e+01
4.140000e-06	5.123762e-06	1.114276e-09	3.574429e+01	6.868530e+01
4.150000e-06	5.105919e-06	1.042860e-09	3.561982e+01	6.855228e+01
4.160000e-06	5.087653e-06	9.788619e-10	3.549239e+01	6.841537e+01
4.170000e-06	5.069039e-06	1.067760e-09	3.536253e+01	6.827461e+01
4.180000e-06	5.050170e-06	1.072957e-09	3.523090e+01	6.813003e+01
4.190000e-06	5.030979e-06	9.652370e-10	3.509702e+01	6.798168e+01
4.200000e-06	5.011437e-06	1.036739e-09	3.496069e+01	6.782960e+01
4.210000e-06	4.991600e-06	1.090057e-09	3.482231e+01	6.767385e+01
4.220000e-06	4.971458e-06	9.864340e-10	3.468179e+01	6.751448e+01
4.230000e-06	4.951044e-06	9.898997e-10	3.453938e+01	6.735155e+01
4.240000e-06	4.930464e-06	1.088987e-09	3.439581e+01	6.718514e+01
4.250000e-06	4.909548e-06	1.004344e-09	3.424989e+01	6.701532e+01
4.260000e-06	4.888121e-06	9.625720e-10	3.410041e+01	6.684217e+01
4.270000e-06	4.866189e-06	1.056226e-09	3.394741e+01	6.666575e+01
4.280000e-06	4.843645e-06	1.032286e-09	3.379014e+01	6.648617e+01
4.290000e-06	4.820537e-06	9.563110e-10	3.362894e+01	6.630349e+01
4.300000e-06	4.797016e-06	1.033878e-09	3.346485e+01	6.611782e+01
4.310000e-06	4.773171e-06	1.043231e-09	3.329851e+01	6.592923e+01
4.320000e-06	4.749065e-06	9.691439e-10	3.313034e+01	6.573784e+01
4.330000e-06	4.724689e-06	1.004819e-09	3.296029e+01	6.554372e+01
4.340000e-06	4.700090e-06	1.041323e-09	3.278868e+01	6.534697e+01
4.350000e-06	4.675241e-06	9.727307e-10	3.261532e+01	6.514769e+01
4.360000e-06	4.650015e-06	9.762435e-10	3.243935e+01	6.494598e+01
4.370000e-06	4.624454e-06	1.015137e-09	3.226102e+01	6.474193e+01
4.380000e-06	4.598579e-06	9.751912e-10	3.208052e+01	6.453564e+01
4.390000e-06	4.572320e-06	9.652896e-10	3.189733e+01	6.432719e+01
4.400000e-06	4.545706e-06	1.003519e-09	3.171167e+01	6.411669e+01
4.410000e-06	4.518812e-06	9.821019e-10	3.152405e+01	6.390422e+01
4.420000e-06	4.491571e-06	9.567378e-10	3.133401e+01	6.368988e+01
4.430000e-06	4.463985e-06	9.838877e-10	3.114157e+01	6.347373e+01
4.440000e-06	4.436219e-06	9.778564e-10	3.094787e+01	6.325587e+01
4.450000e-06	4.408252e-06	9.527817e-10	3.075276e+01	6.303636e+01
4.460000e-06	4.380092e-06	9.631595e-10	3.055632e+01	6.281528e+01
4.470000e-06	4.351783e-06	9.702553e-10	3.035883e+01	6.259269e+01
4.480000e-06	4.323166e-06	9.476761e-10	3.015919e+01	6.236865e+01
4.490000e-06	4.294147e-06	9.533314e-10	2.995675e+01	6.214320e+01
4.500000e-06	4.264783e-06	9.636378e-10	2.975190e+01	6.191639e+01
4.510000e-06	4.234966e-06	9.494439e-10	2.954389e+01	6.168826e+01
4.520000e-06	4.204545e-06	9.375716e-10	2.933166e+01	6.145883e+01
4.530000e-06	4.173586e-06	9.532937e-10	2.911569e+01	6.122811e+01
4.540000e-06	4.142292e-06	9.448143e-10	2.889738e+01	6.099611e+01
4.550000e-06	4.110723e-06	9.309796e-10	2.867715e+01	6.076283e+01
4.560000e-06	4.078874e-06	9.374031e-10	2.845496e+01	6.052826e+01
4.570000e-06	4.046806e-06	9.404638e-10	2.823125e+01	6.029237e+01
4.580000e-06	4.014542e-06	9.231898e-10	2.800617e+01	6.005512e+01
4.590000e-06	3.982042e-06	9.248347e-10	2.777944e+01	5.981648e+01
4.600000e-06	3.949284e-06	9.268252e-10	2.755092e+01	5.957638e+01
4.610000e-06	3.916329e-06	9.125240e-10	2.732102e+01	5.933475e+01
4.620000e-06	3.883047e-06	9.052168e-10	2.708884e+01	5.909153e+01
4.630000e-06	3.849476e-06	9.139496e-10	2.685464e+01	5.884661e+01
4.640000e-06	3.815729e-06	9.089285e-10	2.661922e+01	5.859990e+01
4.650000e-06	3.781732e-06	8.998416e-10	2.638204e+01	5.835128e+01
4.660000e-06	3.747474e-06	9.038155e-10	2.614306e+01	5.810065e+01
4.670000e-06	3.712962e-06	9.024565e-10	2.590230e+01	5.784787e+01
4.680000e-06	3.678180e-06	8.886206e-10	2.565965e+01	5.759281e+01
4.690000e-06	3.643089e-06	8.863132e-10	2.541485e+01	5.733532e+01
4.700000e-06	3.607638e-06	8.881148e-10	2.516754e+01	5.707525e+01
4.710000e-06	3.571948e-06	8.776701e-10	2.491855e+01	5.681245e+01
4.720000e-06	3.536129e-06	8.747010e-10	2.466867e+01	5.654676e+01
4.730000e-06	3.500145e-06	8.799925e-10	2.441765e+01	5.627800e+01
4.740000e-06	3.464053e-06	8.738442e-10	2.416586e+01	5.600601e+01
4.750000e-06	3.427860e-06	8.614923e-10	2.391337e+01	5.573061e+01
4.760000e-06	3.391550e-06	8.616403e-10	2.366007e+01	5.545165e+01
4.770000e-06	3.355064e-06	8.566475e-10	2.340553e+01	5.516894e+01
4.780000e-06	3.318317e-06	8.473383e-10	2.314918e+01	5.488231e+01
4.790000e-06	3.281257e-06	8.444706e-10	2.289064e+01	5.459160e+01
4.800000e-06	3.243832e-06	8.468627e-10	2.262956e+01	5.429664e+01
4.810000e-06	3.206018e-06	8.411222e-10	2.236576e+01	5.399726e+01
4.820000e-06	3.167818e-06	8.378149e-10	2.209927e+01	5.369332e+01
4.830000e-06	3.129259e-06	8.369446e-10	2.183028e+01	5.338465e+01
4.840000e-06	3.090323e-06	8.304078e-10	2.155865e+01	5.307112e+01
4.850000e-06	3.051022e-06	8.202956e-10	2.128448e+01	5.275259e+01
4.860000e-06	3.011453e-06	8.158854e-10	2.100844e+01	5.242892e+01
4.870000e-06	2.971680e-06	8.104486e-10	2.073097e+01	5.210000e+01
4.880000e-06	2.931709e-06	8.052441e-10	2.045213e+01	5.176572e+01
4.890000e-06	2.891576e-06	8.019788e-10	2.017216e+01	5.142597e+01
4.900000e-06	2.851327e-06	7.985293e-10	1.989137e+01	5.108065e+01
4.910000e-06	2.811033e-06	7.897112e-10	1.961027e+01	5.072968e+01
4.920000e-06	2.770596e-06	7.843353e-10	1.932818e+01	5.037298e+01
4.930000e-06	2.729938e-06	7.805044e-10	1.904454e+01	5.001048e+01
4.940000e-06	2.689124e-06	7.734870e-10	1.875982e+01	4.964212e+01
4.950000e-06	2.648169e-06	7.678445e-10	1.847410e+01	4.926785e+01
4.960000e-06	2.607003e-06	7.660730e-10	1.818692e+01	4.888760e+01
4.970000e-06	2.565607e-06	7.631164e-10	1.789814e+01	4.850135e+01
4.980000e-06	2.524087e-06	7.574459e-10	1.760849e+01	4.810906e+01
4.990000e-06	2.482367e-06	7.510327e-10	1.731744e+01	4.771067e+01
5.000000e-06	2.440473e-06	7.447633e-10	1.702518e+01	4.730617e+01
5.010000e-06	2.398459e-06	7.386610e-10	1.673209e+01	4.689551e+01
5.020000e-06	2.356241e-06	7.324283e-10	1.643756e+01	4.647865e+01
5.030000e-06	2.313905e-06	7.290240e-10	1.614222e+01	4.605557e+01
5.040000e-06	2.271450e-06	7.265191e-10	1.584605e+01	4.562621e+01
5.050000e-06	2.228770e-06	7.228237e-10	1.554830e+01	4.519053e+01
5.060000e-06	2.185910e-06	7.171807e-10	1.524931e+01	4.474846e+01
5.070000e-06	2.142941e-06	7.109523e-10	1.494954e+01	4.429995e+01
5.080000e-06	2.099827e-06	7.047087e-10	1.464877e+01	4.384491e+01
5.090000e-06	2.056553e-06	7.000344e-10	1.434689e+01	4.338324e+01
5.100000e-06	2.013152e-06	6.936320e-10	1.404411e+01	4.291486e+01
5.110000e-06	1.969588e-06	6.882071e-10	1.374020e+01	4.243962e+01
5.120000e-06	1.925871e-06	6.810215e-10	1.343523e+01	4.195740e+01
5.130000e-06	1.882011e-06	6.755868e-10	1.312925e+01	4.146804e+01
5.140000e-06	1.838028e-06	6.722511e-10	1.282241e+01	4.097136e+01
5.150000e-06	1.793983e-06	6.682677e-10	1.251515e+01	4.046716e+01
5.160000e-06	1.749895e-06	6.602635e-10	1.220759e+01	3.995522e+01
5.170000e-06	1.705744e-06	6.542930e-10	1.189958e+01	3.943531e+01
5.180000e-06	1.661501e-06	6.487742e-10	1.159093e+01	3.890717e+01
5.190000e-06	1.617230e-06	6.411705e-10	1.128209e+01	3.837050e+01
5.200000e-06	1.572922e-06	6.328095e-10	1.097299e+01	3.782500e+01
5.210000e-06	1.528570e-06	6.230485e-10	1.066358e+01	3.727035e+01
5.220000e-06	1.484139e-06	6.131510e-10	1.035362e+01	3.670619e+01
5.230000e-06	1.439608e-06	6.033881e-10	1.004296e+01	3.613216e+01
5.240000e-06	1.395045e-06	5.940262e-10	9.732090e+00	3.554787e+01
5.250000e-06	1.350393e-06	5.853958e-10	9.420584e+00	3.495292e+01
5.260000e-06	1.305622e-06	5.773562e-10	9.108258e+00	3.434688e+01
5.270000e-06	1.260663e-06	5.664780e-10	8.794613e+00	3.372932e+01
5.280000e-06	1.215508e-06	5.531719e-10	8.479606e+00	3.309981e+01
5.290000e-06	1.170238e-06	5.383998e-10	8.163790e+00	3.245788e+01
5.300000e-06	1.124891e-06	5.243165e-10	7.847442e+00	3.180308e+01
5.310000e-06	1.079532e-06	5.113995e-10	7.531012e+00	3.113494e+01
5.320000e-06	1.034090e-06	4.993372e-10	7.213999e+00	3.045301e+01
5.330000e-06	9.884693e-07	4.881710e-10	6.895741e+00	2.975683e+01
5.340000e-06	9.428322e-07	4.799221e-10	6.577368e+00	2.904593e+01
5.350000e-06	8.972828e-07	4.707581e-10	6.259607e+00	2.831989e+01
5.360000e-06	8.515726e-07	4.596945e-10	5.940725e+00	2.757828e+01
5.370000e-06	8.055943e-07	4.456633e-10	5.619971e+00	2.682068e+01
5.380000e-06	7.595589e-07	4.320691e-10	5.298820e+00	2.604671e+01
5.390000e-06	7.135147e-07	4.221625e-10	4.977607e+00	2.525601e+01
5.400000e-06	6.674665e-07	4.126314e-10	4.656367e+00	2.444824e+01
5.410000e-06	6.214056e-07	4.009591e-10	4.335038e+00	2.362310e+01
5.420000e-06	5.752721e-07	3.892742e-10	4.013202e+00	2.278033e+01
5.430000e-06	5.290933e-07	3.788098e-10	3.691050e+00	2.191970e+01
5.440000e-06	4.828406e-07	3.669031e-10	3.368383e+00	2.104102e+01
5.450000e-06	4.365140e-07	3.522030e-10	3.045201e+00	2.014418e+01
5.460000e-06	3.902023e-07	3.374516e-10	2.722122e+00	1.922907e+01
5.470000e-06	3.439497e-07	3.217713e-10	2.399456e+00	1.829567e+01
5.480000e-06	2.976573e-07	3.049752e-10	2.076511e+00	1.734398e+01
5.490000e-06	2.512455e-07	2.892558e-10	1.752734e+00	1.637410e+01
5.500000e-06	2.048256e-07	2.736810e-10	1.428901e+00	1.538615e+01
5.510000e-06	1.584678e-07	2.593737e-10	1.105500e+00	1.438032e+01
5.520000e-06	1.121378e-07	2.465954e-10	7.822933e-01	1.335687e+01
5.530000e-06	6.582159e-08	2.322603e-10	4.591833e-01	1.231612e+01
5.540000e-06	1.948917e-08	2.164191e-10	1.359600e-01	1.125843e+01
5.550000e-06	-2.690209e-08	1.994777e-10	-1.876738e-01	1.018425e+01
5.560000e-06	-7.327920e-08	1.777890e-10	-5.112089e-01	9.094085e+00
5.570000e-06	-1.195308e-07	1.558645e-10	-8.338683e-01	7.988484e+00
5.580000e-06	-1.657971e-07	1.367470e-10	-1.156630e+00	6.868070e+00
5.590000e-06	-2.120670e-07	1.201200e-10	-1.479418e+00	5.733520e+00
5.600000e-06	-2.583011e-07	1.052092e-10	-1.801955e+00	4.585565e+00
5.610000e-06	-3.045772e-07	8.980329e-11	-2.124786e+00	3.424992e+00
5.620000e-06	-3.508801e-07	7.256183e-11	-2.447803e+00	2.252636e+00
5.630000e-06	-3.971635e-07	5.360378e-11	-2.770685e+00	1.069380e+00
5.640000e-06	-4.433831e-07	3.345211e-11	-3.093121e+00	-1.238479e-01
5.650000e-06	-4.895761e-07	1.233499e-11	-3.415372e+00	-1.326081e+00
5.660000e-06	-5.357239e-07	-8.736584e-12	-3.737307e+00	-2.536314e+00
5.670000e-06	-5.818146e-07	-2.886580e-11	-4.058844e+00	-3.753511e+00
5.680000e-06	-6.279173e-07	-4.874502e-11	-4.380465e+00	-4.976607e+00
5.690000e-06	-6.739404e-07	-6.791711e-11	-4.701530e+00	-6.204515e+00
5.700000e-06	-7.198504e-07	-8.740389e-11	-5.021806e+00	-7.436129e+00
5.710000e-06	-7.656634e-07	-1.082126e-10	-5.341406e+00	-8.670327e+00
5.720000e-06	-8.114095e-07	-1.298191e-10	-5.660539e+00	-9.905980e+00
5.730000e-06	-8.571199e-07	-1.510119e-10	-5.979424e+00	-1.114196e+01
5.740000e-06	-9.027378e-07	-1.719125e-10	-6.297662e+00	-1.237712e+01
5.750000e-06	-9.482248e-07	-1.917941e-10	-6.614988e+00	-1.361035e+01
5.760000e-06	-9.936645e-07	-2.127890e-10	-6.931983e+00	-1.484052e+01
5.770000e-06	-1.039100e-06	-2.327443e-10	-7.248953e+00	-1.606654e+01
5.780000e-06	-1.084346e-06	-2.504885e-10	-7.564592e+00	-1.728732e+01
5.790000e-06	-1.129386e-06	-2.697784e-10	-7.878800e+00	-1.850180e+01
5.800000e-06	-1.174361e-06	-2.905597e-10	-8.192553e+00	-1.970896e+01
5.810000e-06	-1.219308e-06	-3.121701e-10	-8.506112e+00	-2.090781e+01
5.820000e-06	-1.264178e-06	-3.326560e-10	-8.819134e+00	-2.209736e+01
5.830000e-06	-1.308850e-06	-3.516021e-10	-9.130776e+00	-2.327672e+01
5.840000e-06	-1.353381e-06	-3.678189e-10	-9.441433e+00	-2.444499e+01
5.850000e-06	-1.397863e-06	-3.823011e-10	-9.751743e+00	-2.560134e+01
5.860000e-06	-1.442327e-06	-3.999817e-10	-1.006193e+01	-2.674499e+01
5.870000e-06	-1.486746e-06	-4.213246e-10	-1.037181e+01	-2.787519e+01
5.880000e-06	-1.531095e-06	-4.411710e-10	-1.068119e+01	-2.899127e+01
5.890000e-06	-1.575391e-06	-4.586471e-10	-1.099021e+01	-3.009258e+01
5.900000e-06	-1.619600e-06	-4.749126e-10	-1.129862e+01	-3.117854e+01
5.910000e-06	-1.663778e-06	-4.906384e-10	-1.160681e+01	-3.224864e+01
5.920000e-06	-1.707953e-06	-5.054620e-10	-1.191499e+01	-3.330240e+01
5.930000e-06	-1.752082e-06	-5.205788e-10	-1.222284e+01	-3.433939e+01
5.940000e-06	-1.796121e-06	-5.386537e-10	-1.253006e+01	-3.535926e+01
5.950000e-06	-1.840094e-06	-5.574745e-10	-1.283683e+01	-3.636170e+01
5.960000e-06	-1.883965e-06	-5.756301e-10	-1.314288e+01	-3.734645e+01
5.970000e-06	-1.927692e-06	-5.926432e-10	-1.344793e+01	-3.831329e+01
5.980000e-06	-1.971356e-06	-6.090578e-10	-1.375254e+01	-3.926207e+01
5.990000e-06	-2.014829e-06	-6.272833e-10	-1.405581e+01	-4.019267e+01
6.000000e-06	-2.058066e-06	-6.455218e-10	-1.435744e+01	-4.110503e+01
6.010000e-06	-2.101195e-06	-6.619576e-10	-1.465832e+01	-4.199912e+01
6.020000e-06	-2.144246e-06	-6.762321e-10	-1.495865e+01	-4.287494e+01
6.030000e-06	-2.187098e-06	-6.876211e-10	-1.525759e+01	-4.373256e+01
6.040000e-06	-2.229725e-06	-6.982717e-10	-1.555497e+01	-4.457204e+01
6.050000e-06	-2.272184e-06	-7.095317e-10	-1.585117e+01	-4.539352e+01
6.060000e-06	-2.314474e-06	-7.215904e-10	-1.614619e+01	-4.619712e+01
6.070000e-06	-2.356645e-06	-7.351601e-10	-1.644038e+01	-4.698302e+01
6.080000e-06	-2.398640e-06	-7.496518e-10	-1.673335e+01	-4.775141e+01
6.090000e-06	-2.440485e-06	-7.653888e-10	-1.702526e+01	-4.850249e+01
6.100000e-06	-2.482161e-06	-7.793983e-10	-1.731600e+01	-4.923648e+01
6.110000e-06	-2.523681e-06	-7.908863e-10	-1.760566e+01	-4.995364e+01
6.120000e-06	-2.565009e-06	-8.031952e-10	-1.789397e+01	-5.065420e+01
6.130000e-06	-2.606065e-06	-8.148106e-10	-1.818038e+01	-5.133841e+01
6.140000e-06	-2.646964e-06	-8.259149e-10	-1.846570e+01	-5.200656e+01
6.150000e-06	-2.687744e-06	-8.366626e-10	-1.875019e+01	-5.265888e+01
6.160000e-06	-2.728367e-06	-8.456706e-10	-1.903358e+01	-5.329567e+01
6.170000e-06	-2.768819e-06	-8.543984e-10	-1.931578e+01	-5.391716e+01
6.180000e-06	-2.809128e-06	-8.651864e-10	-1.959699e+01	-5.452365e+01
6.190000e-06	-2.849322e-06	-8.784619e-10	-1.987739e+01	-5.511537e+01
6.200000e-06	-2.889346e-06	-8.910983e-10	-2.015660e+01	-5.569258e+01
6.210000e-06	-2.929232e-06	-9.015918e-10	-2.043485e+01	-5.625554e+01
6.220000e-06	-2.969029e-06	-9.119068e-10	-2.071249e+01	-5.680447e+01
6.230000e-06	-3.008722e-06	-9.209075e-10	-2.098939e+01	-5.733962e+01
6.240000e-06	-3.048132e-06	-9.288529e-10	-2.126432e+01	-5.786121e+01
6.250000e-06	-3.087190e-06	-9.349371e-10	-2.153679e+01	-5.836945e+01
6.260000e-06	-3.125964e-06	-9.398872e-10	-2.180729e+01	-5.886455e+01
6.270000e-06	-3.164441e-06	-9.456339e-10	-2.207571e+01	-5.934672e+01
6.280000e-06	-3.202516e-06	-9.523038e-10	-2.234133e+01	-5.981615e+01
6.290000e-06	-3.240050e-06	-9.585973e-10	-2.260318e+01	-6.027301e+01
6.300000e-06	-3.277173e-06	-9.662067e-10	-2.286215e+01	-6.071750e+01
6.310000e-06	-3.314054e-06	-9.757967e-10	-2.311944e+01	-6.114978e+01
6.320000e-06	-3.350657e-06	-9.850792e-10	-2.337479e+01	-6.157003e+01
6.330000e-06	-3.387074e-06	-9.918606e-10	-2.362884e+01	-6.197841e+01
6.340000e-06	-3.423402e-06	-9.938022e-10	-2.388227e+01	-6.237509e+01
6.350000e-06	-3.459552e-06	-9.948339e-10	-2.413446e+01	-6.276023e+01
6.360000e-06	-3.495500e-06	-9.977889e-10	-2.438524e+01	-6.313398e+01
6.370000e-06	-3.531320e-06	-1.003975e-09	-2.463512e+01	-6.349652e+01
6.380000e-06	-3.567010e-06	-1.009765e-09	-2.488410e+01	-6.384801e+01
6.390000e-06	-3.602417e-06	-1.017710e-09	-2.513111e+01	-6.418862e+01
6.400000e-06	-3.637487e-06	-1.026413e-09	-2.537577e+01	-6.451851e+01
6.410000e-06	-3.672300e-06	-1.033311e-09	-2.561863e+01	-6.483787e+01
6.420000e-06	-3.706859e-06	-1.037350e-09	-2.585972e+01	-6.514689e+01
6.430000e-06	-3.741135e-06	-1.038259e-09	-2.609884e+01	-6.544574e+01
6.440000e-06	-3.775134e-06	-1.037476e-09	-2.633602e+01	-6.573463e+01
6.450000e-06	-3.808907e-06	-1.035889e-09	-2.657162e+01	-6.601377e+01
6.460000e-06	-3.842396e-06	-1.037497e-09	-2.680525e+01	-6.628336e+01
6.470000e-06	-3.875593e-06	-1.044015e-09	-2.703684e+01	-6.654363e+01
6.480000e-06	-3.908577e-06	-1.052340e-09	-2.726694e+01	-6.679480e+01
6.490000e-06	-3.941229e-06	-1.061561e-09	-2.749473e+01	-6.703712e+01
6.500000e-06	-3.973650e-06	-1.068021e-09	-2.772090e+01	-6.727083e+01
6.510000e-06	-4.005965e-06	-1.068939e-09	-2.794633e+01	-6.749617e+01
6.520000e-06	-4.038115e-06	-1.065824e-09	-2.817062e+01	-6.771342e+01
6.530000e-06	-4.070058e-06	-1.063452e-09	-2.839346e+01	-6.792284e+01
6.540000e-06	-4.101678e-06	-1.067406e-09	-2.861405e+01	-6.812470e+01
6.550000e-06	-4.132958e-06	-1.074708e-09	-2.883226e+01	-6.831927e+01
6.560000e-06	-4.163849e-06	-1.086372e-09	-2.904776e+01	-6.850683e+01
6.570000e-06	-4.194292e-06	-1.097662e-09	-2.926014e+01	-6.868767e+01
6.580000e-06	-4.224270e-06	-1.101752e-09	-2.946927e+01	-6.886207e+01
6.590000e-06	-4.253749e-06	-1.099592e-09	-2.967492e+01	-6.903030e+01
6.600000e-06	-4.282812e-06	-1.096480e-09	-2.987767e+01	-6.919265e+01
6.610000e-06	-4.311531e-06	-1.094952e-09	-3.007802e+01	-6.934939e+01
6.620000e-06	-4.339971e-06	-1.096177e-09	-3.027642e+01	-6.950080e+01
6.630000e-06	-4.368180e-06	-1.100020e-09	-3.047321e+01	-6.964713e+01
6.640000e-06	-4.396165e-06	-1.106843e-09	-3.066844e+01	-6.978865e+01
6.650000e-06	-4.423901e-06	-1.114937e-09	-3.086193e+01	-6.992561e+01
6.660000e-06	-4.451377e-06	-1.120867e-09	-3.105361e+01	-7.005823e+01
6.670000e-06	-4.478545e-06	-1.121335e-09	-3.124314e+01	-7.018676e+01
6.680000e-06	-4.505374e-06	-1.119661e-09	-3.143031e+01	-7.031139e+01
6.690000e-06	-4.531939e-06	-1.116712e-09	-3.161563e+01	-7.043233e+01
6.700000e-06	-4.558235e-06	-1.115632e-09	-3.179907e+01	-7.054976e+01
6.710000e-06	-4.584218e-06	-1.116519e-09	-3.198034e+01	-7.066386e+01
6.720000e-06	-4.609805e-06	-1.119523e-09	-3.215884e+01	-7.077476e+01
6.730000e-06	-4.635057e-06	-1.125403e-09	-3.233500e+01	-7.088261e+01
6.740000e-06	-4.660073e-06	-1.129126e-09	-3.250951e+01	-7.098752e+01
6.750000e-06	-4.684767e-06	-1.129204e-09	-3.268178e+01	-7.108959e+01
6.760000e-06	-4.709161e-06	-1.129574e-09	-3.285196e+01	-7.118889e+01
6.770000e-06	-4.733395e-06	-1.132311e-09	-3.302102e+01	-7.128550e+01
6.780000e-06	-4.757488e-06	-1.133381e-09	-3.318910e+01	-7.137945e+01
6.790000e-06	-4.781273e-06	-1.135706e-09	-3.335502e+01	-7.147078e+01
6.800000e-06	-4.804627e-06	-1.139294e-09	-3.351795e+01	-7.155949e+01
6.810000e-06	-4.827471e-06	-1.140470e-09	-3.367731e+01	-7.164558e+01
6.820000e-06	-4.849814e-06	-1.141695e-09	-3.383318e+01	-7.172903e+01
6.830000e-06	-4.871649e-06	-1.142704e-09	-3.398550e+01	-7.180981e+01
6.840000e-06	-4.892895e-06	-1.142362e-09	-3.413372e+01	-7.188787e+01
6.850000e-06	-4.913655e-06	-1.142689e-09	-3.427854e+01	-7.196315e+01
6.860000e-06	-4.934191e-06	-1.142305e-09	-3.442181e+01	-7.203558e+01
6.870000e-06	-4.954505e-06	-1.139717e-09	-3.456352e+01	-7.210509e+01
6.880000e-06	-4.974528e-06	-1.136189e-09	-3.470321e+01	-7.217159e+01
6.890000e-06	-4.994336e-06	-1.135936e-09	-3.484139e+01	-7.223499e+01
6.900000e-06	-5.013777e-06	-1.137250e-09	-3.497701e+01	-7.229521e+01
6.910000e-06	-5.032816e-06	-1.138478e-09	-3.510984e+01	-7.235215e+01
6.920000e-06	-5.051568e-06	-1.137125e-09	-3.524065e+01	-7.240571e+01
6.930000e-06	-5.069985e-06	-1.136097e-09	-3.536913e+01	-7.245580e+01
6.940000e-06	-5.088048e-06	-1.135084e-09	-3.549514e+01	-7.250234e+01
6.950000e-06	-5.105792e-06	-1.135060e-09	-3.561893e+01	-7.254523e+01
6.960000e-06	-5.123200e-06	-1.134021e-09	-3.574037e+01	-7.258440e+01
6.970000e-06	-5.140276e-06	-1.132534e-09	-3.585950e+01	-7.261977e+01
6.980000e-06	-5.156943e-06	-1.131994e-09	-3.597577e+01	-7.265130e+01
6.990000e-06	-5.173292e-06	-1.132030e-09	-3.608982e+01	-7.267892e+01
7.000000e-06	-5.189484e-06	-1.134129e-09	-3.620278e+01	-7.270259e+01
7.010000e-06	-5.205433e-06	-1.137611e-09	-3.631404e+01	-7.272230e+01
7.020000e-06	-5.220967e-06	-1.140580e-09	-3.642241e+01	-7.273802e+01
7.030000e-06	-5.235902e-06	-1.138955e-09	-3.652660e+01	-7.274977e+01
7.040000e-06	-5.250213e-06	-1.135485e-09	-3.662644e+01	-7.275755e+01
7.050000e-06	-5.263923e-06	-1.130834e-09	-3.672208e+01	-7.276140e+01
7.060000e-06	-5.277106e-06	-1.124775e-09	-3.681405e+01	-7.276137e+01
7.070000e-06	-5.289914e-06	-1.120937e-09	-3.690339e+01	-7.275752e+01
7.080000e-06	-5.302275e-06	-1.119865e-09	-3.698963e+01	-7.274993e+01
7.090000e-06	-5.314231e-06	-1.120441e-09	-3.707304e+01	-7.273869e+01
7.100000e-06	-5.325901e-06	-1.123297e-09	-3.715445e+01	-7.272391e+01
7.110000e-06	-5.337143e-06	-1.124804e-09	-3.723288e+01	-7.270572e+01
7.120000e-06	-5.347953e-06	-1.123577e-09	-3.730829e+01	-7.268426e+01
7.130000e-06	-5.358455e-06	-1.118939e-09	-3.738155e+01	-7.265966e+01
7.140000e-06	-5.368657e-06	-1.115580e-09	-3.745272e+01	-7.263210e+01
7.150000e-06	-5.378503e-06	-1.115363e-09	-3.752141e+01	-7.260175e+01
7.160000e-06	-5.387916e-06	-1.116081e-09	-3.758708e+01	-7.256878e+01
7.170000e-06	-5.396916e-06	-1.114304e-09	-3.764986e+01	-7.253338e+01
7.180000e-06	-5.405589e-06	-1.111749e-09	-3.771037e+01	-7.249575e+01
7.190000e-06	-5.413944e-06	-1.111680e-09	-3.776865e+01	-7.245609e+01
7.200000e-06	-5.422064e-06	-1.111646e-09	-3.782530e+01	-7.241461e+01
7.210000e-06	-5.429957e-06	-1.109895e-09	-3.788036e+01	-7.237150e+01
7.220000e-06	-5.437467e-06	-1.108123e-09	-3.793275e+01	-7.232697e+01
7.230000e-06	-5.444509e-06	-1.106667e-09	-3.798188e+01	-7.228123e+01
7.240000e-06	-5.451050e-06	-1.105313e-09	-3.802751e+01	-7.223447e+01
7.250000e-06	-5.456976e-06	-1.101069e-09	-3.806885e+01	-7.218690e+01
7.260000e-06	-5.462235e-06	-1.099267e-09	-3.810554e+01	-7.213870e+01
7.270000e-06	-5.466957e-06	-1.100643e-09	-3.813848e+01	-7.209005e+01
7.280000e-06	-5.471365e-06	-1.101389e-09	-3.816923e+01	-7.204113e+01
7.290000e-06	-5.475616e-06	-1.102000e-09	-3.819889e+01	-7.199210e+01
7.300000e-06	-5.479622e-06	-1.098181e-09	-3.822684e+01	-7.194312e+01
7.310000e-06	-5.483260e-06	-1.093279e-09	-3.825221e+01	-7.189431e+01
7.320000e-06	-5.486543e-06	-1.088041e-09	-3.827512e+01	-7.184581e+01
7.330000e-06	-5.489458e-06	-1.084956e-09	-3.829545e+01	-7.179773e+01
7.340000e-06	-5.491997e-06	-1.083789e-09	-3.831316e+01	-7.175016e+01
7.350000e-06	-5.494214e-06	-1.083530e-09	-3.832863e+01	-7.170319e+01
7.360000e-06	-5.496037e-06	-1.082935e-09	-3.834135e+01	-7.165687e+01
7.370000e-06	-5.497370e-06	-1.081745e-09	-3.835065e+01	-7.161125e+01
7.380000e-06	-5.498307e-06	-1.077739e-09	-3.835719e+01	-7.156637e+01
7.390000e-06	-5.498984e-06	-1.071344e-09	-3.836190e+01	-7.152223e+01
7.400000e-06	-5.499426e-06	-1.065065e-09	-3.836499e+01	-7.147884e+01
