# Temperatura_=_-0.56
# Concentracion g/m^3_=_1620.0
# C_Vs_to_Am_M_A/Vsm_=_65563218390.804596
# pendiente_HvsI_1/m_=_3716.3
# ordenada_HvsI_A/m_=_1297.0
# frecuencia_Hz_=_135098.4302242742

Tiempo_(s)	Campo_(V.s)	Magnetizacion_(V.s)	Campo_(kA/m)	Magnetizacion_(A/m)
0.000000e+00	-5.513670e-06	-1.350306e-09	-3.837332e+01	-8.972343e+01
1.000000e-08	-5.514011e-06	-1.347741e-09	-3.837569e+01	-8.969187e+01
2.000000e-08	-5.514121e-06	-1.349590e-09	-3.837645e+01	-8.966286e+01
3.000000e-08	-5.513930e-06	-1.354572e-09	-3.837512e+01	-8.963628e+01
4.000000e-08	-5.513295e-06	-1.356720e-09	-3.837071e+01	-8.961195e+01
5.000000e-08	-5.512135e-06	-1.347635e-09	-3.836263e+01	-8.958967e+01
6.000000e-08	-5.510295e-06	-1.329131e-09	-3.834983e+01	-8.956920e+01
7.000000e-08	-5.507810e-06	-1.323803e-09	-3.833253e+01	-8.955026e+01
8.000000e-08	-5.504799e-06	-1.375756e-09	-3.831157e+01	-8.953256e+01
9.000000e-08	-5.501266e-06	-1.440785e-09	-3.828699e+01	-8.951576e+01
1.000000e-07	-5.497303e-06	-1.421370e-09	-3.825941e+01	-8.949950e+01
1.100000e-07	-5.492985e-06	-1.342790e-09	-3.822936e+01	-8.948341e+01
1.200000e-07	-5.488467e-06	-1.310845e-09	-3.819791e+01	-8.946708e+01
1.300000e-07	-5.483742e-06	-1.340074e-09	-3.816502e+01	-8.945011e+01
1.400000e-07	-5.478611e-06	-1.370897e-09	-3.812932e+01	-8.943206e+01
1.500000e-07	-5.473115e-06	-1.326613e-09	-3.809106e+01	-8.941251e+01
1.600000e-07	-5.467334e-06	-1.324230e-09	-3.805083e+01	-8.939101e+01
1.700000e-07	-5.461198e-06	-1.357480e-09	-3.800812e+01	-8.936713e+01
1.800000e-07	-5.454648e-06	-1.388554e-09	-3.796254e+01	-8.934043e+01
1.900000e-07	-5.447636e-06	-1.366727e-09	-3.791374e+01	-8.931048e+01
2.000000e-07	-5.440295e-06	-1.328391e-09	-3.786265e+01	-8.927687e+01
2.100000e-07	-5.432705e-06	-1.346721e-09	-3.780983e+01	-8.923918e+01
2.200000e-07	-5.424819e-06	-1.381966e-09	-3.775494e+01	-8.919702e+01
2.300000e-07	-5.416698e-06	-1.403765e-09	-3.769842e+01	-8.915003e+01
2.400000e-07	-5.408097e-06	-1.375060e-09	-3.763856e+01	-8.909785e+01
2.500000e-07	-5.398834e-06	-1.370399e-09	-3.757409e+01	-8.904015e+01
2.600000e-07	-5.389006e-06	-1.373349e-09	-3.750569e+01	-8.897664e+01
2.700000e-07	-5.378598e-06	-1.368905e-09	-3.743326e+01	-8.890704e+01
2.800000e-07	-5.367607e-06	-1.347808e-09	-3.735677e+01	-8.883110e+01
2.900000e-07	-5.356164e-06	-1.373101e-09	-3.727712e+01	-8.874862e+01
3.000000e-07	-5.344444e-06	-1.384614e-09	-3.719556e+01	-8.865941e+01
3.100000e-07	-5.332398e-06	-1.356245e-09	-3.711172e+01	-8.856331e+01
3.200000e-07	-5.319796e-06	-1.328751e-09	-3.702401e+01	-8.846021e+01
3.300000e-07	-5.306764e-06	-1.355090e-09	-3.693332e+01	-8.835003e+01
3.400000e-07	-5.293504e-06	-1.354748e-09	-3.684103e+01	-8.823269e+01
3.500000e-07	-5.279720e-06	-1.327525e-09	-3.674510e+01	-8.810819e+01
3.600000e-07	-5.265470e-06	-1.347553e-09	-3.664592e+01	-8.797652e+01
3.700000e-07	-5.251000e-06	-1.371685e-09	-3.654522e+01	-8.783771e+01
3.800000e-07	-5.236014e-06	-1.338020e-09	-3.644092e+01	-8.769183e+01
3.900000e-07	-5.220330e-06	-1.320883e-09	-3.633177e+01	-8.753895e+01
4.000000e-07	-5.204250e-06	-1.357221e-09	-3.621985e+01	-8.737919e+01
4.100000e-07	-5.187883e-06	-1.331220e-09	-3.610594e+01	-8.721268e+01
4.200000e-07	-5.171045e-06	-1.288527e-09	-3.598876e+01	-8.703955e+01
4.300000e-07	-5.153837e-06	-1.327440e-09	-3.586900e+01	-8.685999e+01
4.400000e-07	-5.136407e-06	-1.354903e-09	-3.574769e+01	-8.667417e+01
4.500000e-07	-5.118608e-06	-1.303983e-09	-3.562381e+01	-8.648227e+01
4.600000e-07	-5.100328e-06	-1.308114e-09	-3.549659e+01	-8.628451e+01
4.700000e-07	-5.081610e-06	-1.342937e-09	-3.536632e+01	-8.608109e+01
4.800000e-07	-5.062508e-06	-1.303105e-09	-3.523338e+01	-8.587223e+01
4.900000e-07	-5.043083e-06	-1.279134e-09	-3.509818e+01	-8.565814e+01
5.000000e-07	-5.023453e-06	-1.326999e-09	-3.496157e+01	-8.543903e+01
5.100000e-07	-5.003667e-06	-1.300831e-09	-3.482386e+01	-8.521513e+01
5.200000e-07	-4.983611e-06	-1.254367e-09	-3.468428e+01	-8.498665e+01
5.300000e-07	-4.963190e-06	-1.300927e-09	-3.454215e+01	-8.475378e+01
5.400000e-07	-4.942465e-06	-1.325419e-09	-3.439792e+01	-8.451674e+01
5.500000e-07	-4.921412e-06	-1.271074e-09	-3.425139e+01	-8.427570e+01
5.600000e-07	-4.899951e-06	-1.276319e-09	-3.410203e+01	-8.403085e+01
5.700000e-07	-4.878179e-06	-1.300170e-09	-3.395051e+01	-8.378236e+01
5.800000e-07	-4.856048e-06	-1.260761e-09	-3.379648e+01	-8.353037e+01
5.900000e-07	-4.833490e-06	-1.251751e-09	-3.363949e+01	-8.327505e+01
6.000000e-07	-4.810605e-06	-1.286025e-09	-3.348022e+01	-8.301650e+01
6.100000e-07	-4.787434e-06	-1.259453e-09	-3.331896e+01	-8.275486e+01
6.200000e-07	-4.764041e-06	-1.235889e-09	-3.315614e+01	-8.249021e+01
6.300000e-07	-4.740479e-06	-1.258620e-09	-3.299216e+01	-8.222266e+01
6.400000e-07	-4.716661e-06	-1.247219e-09	-3.282640e+01	-8.195227e+01
6.500000e-07	-4.692543e-06	-1.221261e-09	-3.265854e+01	-8.167911e+01
6.600000e-07	-4.668002e-06	-1.237626e-09	-3.248775e+01	-8.140321e+01
6.700000e-07	-4.642983e-06	-1.238636e-09	-3.231362e+01	-8.112463e+01
6.800000e-07	-4.617447e-06	-1.216903e-09	-3.213590e+01	-8.084339e+01
6.900000e-07	-4.591343e-06	-1.224363e-09	-3.195422e+01	-8.055950e+01
7.000000e-07	-4.564738e-06	-1.227606e-09	-3.176906e+01	-8.027296e+01
7.100000e-07	-4.537657e-06	-1.207233e-09	-3.158059e+01	-7.998378e+01
7.200000e-07	-4.510272e-06	-1.207654e-09	-3.139000e+01	-7.969195e+01
7.300000e-07	-4.482726e-06	-1.216427e-09	-3.119829e+01	-7.939745e+01
7.400000e-07	-4.455008e-06	-1.196843e-09	-3.100538e+01	-7.910027e+01
7.500000e-07	-4.427047e-06	-1.188450e-09	-3.081078e+01	-7.880037e+01
7.600000e-07	-4.398754e-06	-1.191667e-09	-3.061387e+01	-7.849774e+01
7.700000e-07	-4.370211e-06	-1.178928e-09	-3.041522e+01	-7.819234e+01
7.800000e-07	-4.341413e-06	-1.166801e-09	-3.021480e+01	-7.788415e+01
7.900000e-07	-4.312287e-06	-1.174601e-09	-3.001209e+01	-7.757313e+01
8.000000e-07	-4.282866e-06	-1.172410e-09	-2.980733e+01	-7.725927e+01
8.100000e-07	-4.253138e-06	-1.158651e-09	-2.960043e+01	-7.694253e+01
8.200000e-07	-4.223180e-06	-1.154917e-09	-2.939193e+01	-7.662289e+01
8.300000e-07	-4.192979e-06	-1.150032e-09	-2.918175e+01	-7.630033e+01
8.400000e-07	-4.162393e-06	-1.133867e-09	-2.896888e+01	-7.597483e+01
8.500000e-07	-4.131506e-06	-1.129935e-09	-2.875391e+01	-7.564636e+01
8.600000e-07	-4.100373e-06	-1.131658e-09	-2.853723e+01	-7.531493e+01
8.700000e-07	-4.068982e-06	-1.125667e-09	-2.831877e+01	-7.498052e+01
8.800000e-07	-4.037452e-06	-1.118622e-09	-2.809933e+01	-7.464311e+01
8.900000e-07	-4.005760e-06	-1.120381e-09	-2.787876e+01	-7.430271e+01
9.000000e-07	-3.973837e-06	-1.111601e-09	-2.765659e+01	-7.395930e+01
9.100000e-07	-3.941646e-06	-1.093476e-09	-2.743255e+01	-7.361289e+01
9.200000e-07	-3.909160e-06	-1.087071e-09	-2.720646e+01	-7.326347e+01
9.300000e-07	-3.876332e-06	-1.083026e-09	-2.697798e+01	-7.291104e+01
9.400000e-07	-3.842992e-06	-1.070570e-09	-2.674595e+01	-7.255559e+01
9.500000e-07	-3.809179e-06	-1.066226e-09	-2.651062e+01	-7.219712e+01
9.600000e-07	-3.774884e-06	-1.067857e-09	-2.627194e+01	-7.183562e+01
9.700000e-07	-3.740183e-06	-1.058489e-09	-2.603043e+01	-7.147108e+01
9.800000e-07	-3.705177e-06	-1.048287e-09	-2.578680e+01	-7.110349e+01
9.900000e-07	-3.669839e-06	-1.045809e-09	-2.554086e+01	-7.073281e+01
1.000000e-06	-3.634306e-06	-1.039809e-09	-2.529357e+01	-7.035903e+01
1.010000e-06	-3.598650e-06	-1.028196e-09	-2.504541e+01	-6.998212e+01
1.020000e-06	-3.562908e-06	-1.023332e-09	-2.479665e+01	-6.960202e+01
1.030000e-06	-3.527038e-06	-1.020708e-09	-2.454702e+01	-6.921871e+01
1.040000e-06	-3.490883e-06	-1.012655e-09	-2.429539e+01	-6.883211e+01
1.050000e-06	-3.454456e-06	-1.007383e-09	-2.404187e+01	-6.844216e+01
1.060000e-06	-3.417771e-06	-1.005873e-09	-2.378655e+01	-6.804880e+01
1.070000e-06	-3.380799e-06	-9.970300e-10	-2.352924e+01	-6.765194e+01
1.080000e-06	-3.343601e-06	-9.866091e-10	-2.327035e+01	-6.725149e+01
1.090000e-06	-3.306187e-06	-9.795779e-10	-2.300997e+01	-6.684734e+01
1.100000e-06	-3.268645e-06	-9.712490e-10	-2.274868e+01	-6.643940e+01
1.110000e-06	-3.230902e-06	-9.608768e-10	-2.248601e+01	-6.602753e+01
1.120000e-06	-3.192967e-06	-9.546017e-10	-2.222199e+01	-6.561163e+01
1.130000e-06	-3.154787e-06	-9.483355e-10	-2.195627e+01	-6.519155e+01
1.140000e-06	-3.116264e-06	-9.393755e-10	-2.168816e+01	-6.476715e+01
1.150000e-06	-3.077501e-06	-9.302800e-10	-2.141839e+01	-6.433830e+01
1.160000e-06	-3.038563e-06	-9.215108e-10	-2.114739e+01	-6.390483e+01
1.170000e-06	-2.999454e-06	-9.138038e-10	-2.087521e+01	-6.346659e+01
1.180000e-06	-2.960138e-06	-9.083625e-10	-2.060158e+01	-6.302342e+01
1.190000e-06	-2.920643e-06	-9.042366e-10	-2.032671e+01	-6.257517e+01
1.200000e-06	-2.881059e-06	-8.979332e-10	-2.005122e+01	-6.212166e+01
1.210000e-06	-2.841412e-06	-8.884887e-10	-1.977528e+01	-6.166273e+01
1.220000e-06	-2.801627e-06	-8.813216e-10	-1.949840e+01	-6.119822e+01
1.230000e-06	-2.761737e-06	-8.729149e-10	-1.922077e+01	-6.072796e+01
1.240000e-06	-2.721615e-06	-8.626842e-10	-1.894154e+01	-6.025179e+01
1.250000e-06	-2.681250e-06	-8.529753e-10	-1.866061e+01	-5.976955e+01
1.260000e-06	-2.640697e-06	-8.448448e-10	-1.837838e+01	-5.928107e+01
1.270000e-06	-2.599915e-06	-8.363685e-10	-1.809455e+01	-5.878622e+01
1.280000e-06	-2.558936e-06	-8.280067e-10	-1.780935e+01	-5.828484e+01
1.290000e-06	-2.517691e-06	-8.208781e-10	-1.752229e+01	-5.777677e+01
1.300000e-06	-2.476145e-06	-8.134130e-10	-1.723315e+01	-5.726189e+01
1.310000e-06	-2.434241e-06	-8.038661e-10	-1.694151e+01	-5.674005e+01
1.320000e-06	-2.391968e-06	-7.918562e-10	-1.664730e+01	-5.621112e+01
1.330000e-06	-2.349432e-06	-7.812661e-10	-1.635127e+01	-5.567497e+01
1.340000e-06	-2.306579e-06	-7.734091e-10	-1.605302e+01	-5.513147e+01
1.350000e-06	-2.263433e-06	-7.664359e-10	-1.575275e+01	-5.458050e+01
1.360000e-06	-2.220135e-06	-7.581863e-10	-1.545140e+01	-5.402194e+01
1.370000e-06	-2.176749e-06	-7.506090e-10	-1.514945e+01	-5.345566e+01
1.380000e-06	-2.133264e-06	-7.456765e-10	-1.484681e+01	-5.288153e+01
1.390000e-06	-2.089623e-06	-7.413539e-10	-1.454308e+01	-5.229944e+01
1.400000e-06	-2.045882e-06	-7.336861e-10	-1.423866e+01	-5.170926e+01
1.410000e-06	-2.002153e-06	-7.234950e-10	-1.393432e+01	-5.111085e+01
1.420000e-06	-1.958389e-06	-7.143331e-10	-1.362974e+01	-5.050407e+01
1.430000e-06	-1.914467e-06	-7.073258e-10	-1.332405e+01	-4.988877e+01
1.440000e-06	-1.870454e-06	-7.004824e-10	-1.301774e+01	-4.926479e+01
1.450000e-06	-1.826339e-06	-6.922133e-10	-1.271072e+01	-4.863197e+01
1.460000e-06	-1.782103e-06	-6.820040e-10	-1.240285e+01	-4.799011e+01
1.470000e-06	-1.737811e-06	-6.698481e-10	-1.209459e+01	-4.733903e+01
1.480000e-06	-1.693416e-06	-6.559636e-10	-1.178561e+01	-4.667851e+01
1.490000e-06	-1.648897e-06	-6.426245e-10	-1.147578e+01	-4.600830e+01
1.500000e-06	-1.604205e-06	-6.317071e-10	-1.116473e+01	-4.532818e+01
1.510000e-06	-1.559291e-06	-6.249821e-10	-1.085215e+01	-4.463785e+01
1.520000e-06	-1.514289e-06	-6.177829e-10	-1.053895e+01	-4.393703e+01
1.530000e-06	-1.469217e-06	-6.093371e-10	-1.022526e+01	-4.322540e+01
1.540000e-06	-1.424004e-06	-5.975088e-10	-9.910595e+00	-4.250262e+01
1.550000e-06	-1.378709e-06	-5.824920e-10	-9.595359e+00	-4.176835e+01
1.560000e-06	-1.333361e-06	-5.660225e-10	-9.279749e+00	-4.102218e+01
1.570000e-06	-1.287944e-06	-5.487906e-10	-8.963660e+00	-4.026373e+01
1.580000e-06	-1.242389e-06	-5.347715e-10	-8.646612e+00	-3.949255e+01
1.590000e-06	-1.196751e-06	-5.253503e-10	-8.328988e+00	-3.870822e+01
1.600000e-06	-1.151001e-06	-5.187894e-10	-8.010589e+00	-3.791027e+01
1.610000e-06	-1.105106e-06	-5.088887e-10	-7.691169e+00	-3.709820e+01
1.620000e-06	-1.059197e-06	-4.938330e-10	-7.371661e+00	-3.627154e+01
1.630000e-06	-1.013242e-06	-4.790078e-10	-7.051825e+00	-3.542977e+01
1.640000e-06	-9.672573e-07	-4.650691e-10	-6.731790e+00	-3.457238e+01
1.650000e-06	-9.212350e-07	-4.516123e-10	-6.411490e+00	-3.369884e+01
1.660000e-06	-8.750959e-07	-4.385236e-10	-6.090377e+00	-3.280863e+01
1.670000e-06	-8.288394e-07	-4.257870e-10	-5.768447e+00	-3.190123e+01
1.680000e-06	-7.825569e-07	-4.122146e-10	-5.446337e+00	-3.097611e+01
1.690000e-06	-7.362823e-07	-3.976518e-10	-5.124280e+00	-3.003277e+01
1.700000e-06	-6.899019e-07	-3.844996e-10	-4.801489e+00	-2.907072e+01
1.710000e-06	-6.434288e-07	-3.703800e-10	-4.478051e+00	-2.808948e+01
1.720000e-06	-5.969483e-07	-3.535549e-10	-4.154562e+00	-2.708861e+01
1.730000e-06	-5.504419e-07	-3.346823e-10	-3.830893e+00	-2.606767e+01
1.740000e-06	-5.039034e-07	-3.138523e-10	-3.507000e+00	-2.502628e+01
1.750000e-06	-4.573228e-07	-2.945095e-10	-3.182815e+00	-2.396410e+01
1.760000e-06	-4.106699e-07	-2.813917e-10	-2.858126e+00	-2.288081e+01
1.770000e-06	-3.638967e-07	-2.702668e-10	-2.532601e+00	-2.177617e+01
1.780000e-06	-3.171133e-07	-2.577879e-10	-2.207003e+00	-2.064998e+01
1.790000e-06	-2.703952e-07	-2.426709e-10	-1.881861e+00	-1.950208e+01
1.800000e-06	-2.236075e-07	-2.250689e-10	-1.556234e+00	-1.833240e+01
1.810000e-06	-1.768399e-07	-2.058865e-10	-1.230747e+00	-1.714093e+01
1.820000e-06	-1.300416e-07	-1.865563e-10	-9.050462e-01	-1.592773e+01
1.830000e-06	-8.320859e-08	-1.697200e-10	-5.791042e-01	-1.469292e+01
1.840000e-06	-3.641539e-08	-1.563937e-10	-2.534390e-01	-1.343672e+01
1.850000e-06	1.041371e-08	-1.434625e-10	7.247599e-02	-1.215942e+01
1.860000e-06	5.718010e-08	-1.273320e-10	3.979545e-01	-1.086138e+01
1.870000e-06	1.039281e-07	-1.081696e-10	7.233054e-01	-9.543064e+00
1.880000e-06	1.507323e-07	-8.613016e-11	1.049047e+00	-8.205010e+00
1.890000e-06	1.975467e-07	-6.310472e-11	1.374859e+00	-6.847840e+00
1.900000e-06	2.443251e-07	-4.251578e-11	1.700422e+00	-5.472263e+00
1.910000e-06	2.910253e-07	-2.377072e-11	2.025439e+00	-4.079071e+00
1.920000e-06	3.376992e-07	-5.902618e-12	2.350274e+00	-2.669139e+00
1.930000e-06	3.843504e-07	1.031250e-11	2.674951e+00	-1.243421e+00
1.940000e-06	4.309775e-07	2.732110e-11	2.999460e+00	1.970498e-01
1.950000e-06	4.775869e-07	4.725277e-11	3.323846e+00	1.651165e+00
1.960000e-06	5.241114e-07	6.969208e-11	3.647641e+00	3.117746e+00
1.970000e-06	5.706019e-07	9.352970e-11	3.971200e+00	4.595549e+00
1.980000e-06	6.170633e-07	1.152675e-10	4.294556e+00	6.083266e+00
1.990000e-06	6.634629e-07	1.340355e-10	4.617481e+00	7.579535e+00
2.000000e-06	7.097986e-07	1.512792e-10	4.939963e+00	9.082942e+00
2.010000e-06	7.561182e-07	1.670247e-10	5.262332e+00	1.059203e+01
2.020000e-06	8.023525e-07	1.865623e-10	5.584107e+00	1.210531e+01
2.030000e-06	8.484711e-07	2.122416e-10	5.905077e+00	1.362124e+01
2.040000e-06	8.945872e-07	2.392680e-10	6.226030e+00	1.513830e+01
2.050000e-06	9.406572e-07	2.632573e-10	6.546662e+00	1.665490e+01
2.060000e-06	9.866303e-07	2.839211e-10	6.866619e+00	1.816948e+01
2.070000e-06	1.032545e-06	3.018334e-10	7.186171e+00	1.968048e+01
2.080000e-06	1.078459e-06	3.201135e-10	7.505714e+00	2.118631e+01
2.090000e-06	1.124239e-06	3.397526e-10	7.824329e+00	2.268545e+01
2.100000e-06	1.169862e-06	3.619749e-10	8.141851e+00	2.417636e+01
2.110000e-06	1.215501e-06	3.871360e-10	8.459485e+00	2.565755e+01
2.120000e-06	1.261099e-06	4.109994e-10	8.776833e+00	2.712757e+01
2.130000e-06	1.306490e-06	4.345745e-10	9.092739e+00	2.858501e+01
2.140000e-06	1.351789e-06	4.561809e-10	9.408001e+00	3.002851e+01
2.150000e-06	1.397105e-06	4.747021e-10	9.723386e+00	3.145677e+01
2.160000e-06	1.442304e-06	4.923555e-10	1.003796e+01	3.286855e+01
2.170000e-06	1.487339e-06	5.098360e-10	1.035139e+01	3.426270e+01
2.180000e-06	1.532278e-06	5.291580e-10	1.066415e+01	3.563813e+01
2.190000e-06	1.577075e-06	5.516341e-10	1.097592e+01	3.699383e+01
2.200000e-06	1.621723e-06	5.723747e-10	1.128666e+01	3.832886e+01
2.210000e-06	1.666228e-06	5.910810e-10	1.159639e+01	3.964240e+01
2.220000e-06	1.710623e-06	6.087044e-10	1.190537e+01	4.093368e+01
2.230000e-06	1.754934e-06	6.236902e-10	1.221376e+01	4.220206e+01
2.240000e-06	1.799092e-06	6.385870e-10	1.252108e+01	4.344696e+01
2.250000e-06	1.843113e-06	6.537611e-10	1.282745e+01	4.466791e+01
2.260000e-06	1.887057e-06	6.700442e-10	1.313329e+01	4.586452e+01
2.270000e-06	1.930906e-06	6.865798e-10	1.343846e+01	4.703651e+01
2.280000e-06	1.974660e-06	7.083124e-10	1.374298e+01	4.818366e+01
2.290000e-06	2.018367e-06	7.298666e-10	1.404716e+01	4.930587e+01
2.300000e-06	2.062017e-06	7.473494e-10	1.435096e+01	5.040311e+01
2.310000e-06	2.105653e-06	7.608405e-10	1.465464e+01	5.147543e+01
2.320000e-06	2.149276e-06	7.733044e-10	1.495825e+01	5.252296e+01
2.330000e-06	2.192825e-06	7.869067e-10	1.526134e+01	5.354591e+01
2.340000e-06	2.236194e-06	8.006247e-10	1.556317e+01	5.454454e+01
2.350000e-06	2.279421e-06	8.158409e-10	1.586401e+01	5.551921e+01
2.360000e-06	2.322493e-06	8.327657e-10	1.616378e+01	5.647030e+01
2.370000e-06	2.365275e-06	8.500843e-10	1.646153e+01	5.739826e+01
2.380000e-06	2.407706e-06	8.643216e-10	1.675683e+01	5.830359e+01
2.390000e-06	2.449807e-06	8.763944e-10	1.704984e+01	5.918682e+01
2.400000e-06	2.491606e-06	8.854348e-10	1.734075e+01	6.004852e+01
2.410000e-06	2.533093e-06	8.942571e-10	1.762948e+01	6.088930e+01
2.420000e-06	2.574302e-06	9.040775e-10	1.791628e+01	6.170977e+01
2.430000e-06	2.615185e-06	9.166534e-10	1.820082e+01	6.251057e+01
2.440000e-06	2.655798e-06	9.322044e-10	1.848347e+01	6.329233e+01
2.450000e-06	2.696170e-06	9.457417e-10	1.876445e+01	6.405572e+01
2.460000e-06	2.736295e-06	9.565499e-10	1.904370e+01	6.480136e+01
2.470000e-06	2.776241e-06	9.669694e-10	1.932172e+01	6.552991e+01
2.480000e-06	2.816052e-06	9.764945e-10	1.959879e+01	6.624199e+01
2.490000e-06	2.855779e-06	9.870972e-10	1.987528e+01	6.693821e+01
2.500000e-06	2.895434e-06	9.964164e-10	2.015126e+01	6.761914e+01
2.510000e-06	2.935036e-06	1.004055e-09	2.042688e+01	6.828536e+01
2.520000e-06	2.974551e-06	1.013712e-09	2.070189e+01	6.893739e+01
2.530000e-06	3.013848e-06	1.025543e-09	2.097538e+01	6.957574e+01
2.540000e-06	3.052908e-06	1.035615e-09	2.124723e+01	7.020088e+01
2.550000e-06	3.091694e-06	1.043892e-09	2.151716e+01	7.081322e+01
2.560000e-06	3.130155e-06	1.051198e-09	2.178484e+01	7.141318e+01
2.570000e-06	3.168397e-06	1.057456e-09	2.205100e+01	7.200110e+01
2.580000e-06	3.206471e-06	1.062517e-09	2.231598e+01	7.257730e+01
2.590000e-06	3.244365e-06	1.069394e-09	2.257970e+01	7.314206e+01
2.600000e-06	3.282087e-06	1.079122e-09	2.284224e+01	7.369563e+01
2.610000e-06	3.319582e-06	1.088691e-09	2.310319e+01	7.423821e+01
2.620000e-06	3.356848e-06	1.094355e-09	2.336255e+01	7.476996e+01
2.630000e-06	3.393816e-06	1.097924e-09	2.361983e+01	7.529105e+01
2.640000e-06	3.430535e-06	1.102782e-09	2.387538e+01	7.580156e+01
2.650000e-06	3.467013e-06	1.109480e-09	2.412926e+01	7.630158e+01
2.660000e-06	3.503158e-06	1.117853e-09	2.438082e+01	7.679116e+01
2.670000e-06	3.539098e-06	1.124910e-09	2.463094e+01	7.727035e+01
2.680000e-06	3.574912e-06	1.130929e-09	2.488020e+01	7.773915e+01
2.690000e-06	3.610652e-06	1.137906e-09	2.512894e+01	7.819757e+01
2.700000e-06	3.646275e-06	1.144737e-09	2.537687e+01	7.864560e+01
2.710000e-06	3.681746e-06	1.149051e-09	2.562373e+01	7.908321e+01
2.720000e-06	3.717006e-06	1.152827e-09	2.586913e+01	7.951039e+01
2.730000e-06	3.751935e-06	1.158306e-09	2.611222e+01	7.992710e+01
2.740000e-06	3.786484e-06	1.164378e-09	2.635267e+01	8.033333e+01
2.750000e-06	3.820603e-06	1.168759e-09	2.659013e+01	8.072907e+01
2.760000e-06	3.854208e-06	1.172587e-09	2.682401e+01	8.111430e+01
2.770000e-06	3.887231e-06	1.177059e-09	2.705384e+01	8.148903e+01
2.780000e-06	3.919811e-06	1.183018e-09	2.728058e+01	8.185329e+01
2.790000e-06	3.952119e-06	1.191105e-09	2.750543e+01	8.220710e+01
2.800000e-06	3.984182e-06	1.200200e-09	2.772859e+01	8.255052e+01
2.810000e-06	4.016022e-06	1.206275e-09	2.795018e+01	8.288362e+01
2.820000e-06	4.047675e-06	1.210435e-09	2.817047e+01	8.320651e+01
2.830000e-06	4.079203e-06	1.214167e-09	2.838990e+01	8.351930e+01
2.840000e-06	4.110526e-06	1.218433e-09	2.860789e+01	8.382213e+01
2.850000e-06	4.141561e-06	1.224912e-09	2.882389e+01	8.411517e+01
2.860000e-06	4.172324e-06	1.234161e-09	2.903799e+01	8.439860e+01
2.870000e-06	4.202734e-06	1.240686e-09	2.924963e+01	8.467265e+01
2.880000e-06	4.232793e-06	1.243433e-09	2.945883e+01	8.493753e+01
2.890000e-06	4.262676e-06	1.247036e-09	2.966681e+01	8.519350e+01
2.900000e-06	4.292342e-06	1.253012e-09	2.987328e+01	8.544083e+01
2.910000e-06	4.321682e-06	1.260698e-09	3.007748e+01	8.567981e+01
2.920000e-06	4.350749e-06	1.267465e-09	3.027977e+01	8.591074e+01
2.930000e-06	4.379470e-06	1.273919e-09	3.047966e+01	8.613393e+01
2.940000e-06	4.407815e-06	1.280645e-09	3.067693e+01	8.634971e+01
2.950000e-06	4.435880e-06	1.285765e-09	3.087225e+01	8.655840e+01
2.960000e-06	4.463755e-06	1.288193e-09	3.106625e+01	8.676034e+01
2.970000e-06	4.491507e-06	1.288999e-09	3.125940e+01	8.695586e+01
2.980000e-06	4.519115e-06	1.289176e-09	3.145154e+01	8.714530e+01
2.990000e-06	4.546509e-06	1.291060e-09	3.164219e+01	8.732897e+01
3.000000e-06	4.573526e-06	1.296059e-09	3.183022e+01	8.750719e+01
3.010000e-06	4.600033e-06	1.300422e-09	3.201471e+01	8.768028e+01
3.020000e-06	4.626033e-06	1.302025e-09	3.219566e+01	8.784851e+01
3.030000e-06	4.651393e-06	1.306411e-09	3.237215e+01	8.801217e+01
3.040000e-06	4.676104e-06	1.311887e-09	3.254413e+01	8.817151e+01
3.050000e-06	4.700456e-06	1.314418e-09	3.271362e+01	8.832676e+01
3.060000e-06	4.724533e-06	1.316236e-09	3.288118e+01	8.847813e+01
3.070000e-06	4.748392e-06	1.319179e-09	3.304723e+01	8.862580e+01
3.080000e-06	4.771998e-06	1.321779e-09	3.321152e+01	8.876993e+01
3.090000e-06	4.795259e-06	1.323767e-09	3.337341e+01	8.891064e+01
3.100000e-06	4.818219e-06	1.327379e-09	3.353320e+01	8.904804e+01
3.110000e-06	4.840852e-06	1.331188e-09	3.369073e+01	8.918220e+01
3.120000e-06	4.863135e-06	1.332050e-09	3.384581e+01	8.931314e+01
3.130000e-06	4.885039e-06	1.331871e-09	3.399825e+01	8.944089e+01
3.140000e-06	4.906642e-06	1.333976e-09	3.414860e+01	8.956542e+01
3.150000e-06	4.927997e-06	1.339888e-09	3.429723e+01	8.968670e+01
3.160000e-06	4.948978e-06	1.346177e-09	3.444324e+01	8.980465e+01
3.170000e-06	4.969551e-06	1.348249e-09	3.458643e+01	8.991917e+01
3.180000e-06	4.989825e-06	1.347718e-09	3.472752e+01	9.003015e+01
3.190000e-06	5.009829e-06	1.348290e-09	3.486675e+01	9.013745e+01
3.200000e-06	5.029583e-06	1.350579e-09	3.500423e+01	9.024092e+01
3.210000e-06	5.049123e-06	1.353446e-09	3.514022e+01	9.034038e+01
3.220000e-06	5.068403e-06	1.356092e-09	3.527441e+01	9.043566e+01
3.230000e-06	5.087302e-06	1.358881e-09	3.540594e+01	9.052656e+01
3.240000e-06	5.105859e-06	1.361258e-09	3.553509e+01	9.061290e+01
3.250000e-06	5.123942e-06	1.360253e-09	3.566093e+01	9.069448e+01
3.260000e-06	5.141537e-06	1.356884e-09	3.578339e+01	9.077110e+01
3.270000e-06	5.158913e-06	1.355401e-09	3.590432e+01	9.084257e+01
3.280000e-06	5.175920e-06	1.359061e-09	3.602269e+01	9.090872e+01
3.290000e-06	5.192550e-06	1.365033e-09	3.613843e+01	9.096937e+01
3.300000e-06	5.208944e-06	1.368579e-09	3.625252e+01	9.102438e+01
3.310000e-06	5.225008e-06	1.368113e-09	3.636432e+01	9.107360e+01
3.320000e-06	5.240604e-06	1.365437e-09	3.647286e+01	9.111693e+01
3.330000e-06	5.255590e-06	1.362802e-09	3.657716e+01	9.115427e+01
3.340000e-06	5.270044e-06	1.360531e-09	3.667776e+01	9.118555e+01
3.350000e-06	5.284113e-06	1.361048e-09	3.677567e+01	9.121075e+01
3.360000e-06	5.297838e-06	1.364581e-09	3.687120e+01	9.122985e+01
3.370000e-06	5.311255e-06	1.370162e-09	3.696457e+01	9.124287e+01
3.380000e-06	5.324271e-06	1.375057e-09	3.705516e+01	9.124988e+01
3.390000e-06	5.336868e-06	1.377782e-09	3.714283e+01	9.125096e+01
3.400000e-06	5.349133e-06	1.378187e-09	3.722819e+01	9.124624e+01
3.410000e-06	5.361000e-06	1.377506e-09	3.731078e+01	9.123586e+01
3.420000e-06	5.372532e-06	1.377547e-09	3.739104e+01	9.122003e+01
3.430000e-06	5.383828e-06	1.377856e-09	3.746966e+01	9.119894e+01
3.440000e-06	5.394657e-06	1.380575e-09	3.754502e+01	9.117287e+01
3.450000e-06	5.404791e-06	1.384169e-09	3.761555e+01	9.114207e+01
3.460000e-06	5.414153e-06	1.384847e-09	3.768071e+01	9.110687e+01
3.470000e-06	5.422888e-06	1.382498e-09	3.774150e+01	9.106758e+01
3.480000e-06	5.431187e-06	1.380093e-09	3.779926e+01	9.102457e+01
3.490000e-06	5.439197e-06	1.380266e-09	3.785501e+01	9.097820e+01
3.500000e-06	5.446989e-06	1.381921e-09	3.790924e+01	9.092885e+01
3.510000e-06	5.454513e-06	1.383468e-09	3.796160e+01	9.087693e+01
3.520000e-06	5.461666e-06	1.386524e-09	3.801138e+01	9.082285e+01
3.530000e-06	5.468426e-06	1.391102e-09	3.805843e+01	9.076701e+01
3.540000e-06	5.474793e-06	1.392738e-09	3.810274e+01	9.070984e+01
3.550000e-06	5.480789e-06	1.391644e-09	3.814447e+01	9.065174e+01
3.560000e-06	5.486480e-06	1.391202e-09	3.818408e+01	9.059313e+01
3.570000e-06	5.491765e-06	1.392749e-09	3.822086e+01	9.053440e+01
3.580000e-06	5.496593e-06	1.394398e-09	3.825447e+01	9.047594e+01
3.590000e-06	5.500991e-06	1.394266e-09	3.828507e+01	9.041810e+01
3.600000e-06	5.505052e-06	1.396417e-09	3.831334e+01	9.036125e+01
3.610000e-06	5.508891e-06	1.401019e-09	3.834005e+01	9.030569e+01
3.620000e-06	5.512536e-06	1.404401e-09	3.836542e+01	9.025172e+01
3.630000e-06	5.515944e-06	1.406170e-09	3.838914e+01	9.019961e+01
3.640000e-06	5.519035e-06	1.406468e-09	3.841065e+01	9.014959e+01
3.650000e-06	5.521724e-06	1.407475e-09	3.842937e+01	9.010185e+01
3.660000e-06	5.523774e-06	1.410736e-09	3.844363e+01	9.005656e+01
3.670000e-06	5.525094e-06	1.413694e-09	3.845282e+01	9.001383e+01
3.680000e-06	5.525849e-06	1.417185e-09	3.845807e+01	8.997375e+01
3.690000e-06	5.526125e-06	1.423856e-09	3.846000e+01	8.993636e+01
3.700000e-06	5.526063e-06	1.429176e-09	3.845956e+01	8.990166e+01
3.710000e-06	5.525765e-06	1.431501e-09	3.845749e+01	8.986961e+01
3.720000e-06	5.525182e-06	1.432536e-09	3.845343e+01	8.984013e+01
3.730000e-06	5.524201e-06	1.430817e-09	3.844661e+01	8.981309e+01
3.740000e-06	5.522842e-06	1.433743e-09	3.843715e+01	8.978834e+01
3.750000e-06	5.521092e-06	1.448880e-09	3.842497e+01	8.976567e+01
3.760000e-06	5.519034e-06	1.464302e-09	3.841065e+01	8.974485e+01
3.770000e-06	5.516760e-06	1.430927e-09	3.839482e+01	8.972562e+01
3.780000e-06	5.514065e-06	1.339865e-09	3.837606e+01	8.970768e+01
3.790000e-06	5.510809e-06	1.305338e-09	3.835340e+01	8.969069e+01
3.800000e-06	5.507057e-06	1.378930e-09	3.832729e+01	8.967431e+01
3.810000e-06	5.502977e-06	1.440562e-09	3.829889e+01	8.965816e+01
3.820000e-06	5.498721e-06	1.454192e-09	3.826927e+01	8.964184e+01
3.830000e-06	5.494268e-06	1.409702e-09	3.823828e+01	8.962494e+01
3.840000e-06	5.489346e-06	1.415738e-09	3.820403e+01	8.960704e+01
3.850000e-06	5.483789e-06	1.439012e-09	3.816535e+01	8.958771e+01
3.860000e-06	5.477900e-06	1.368540e-09	3.812437e+01	8.956651e+01
3.870000e-06	5.471719e-06	1.338609e-09	3.808135e+01	8.954299e+01
3.880000e-06	5.464998e-06	1.405782e-09	3.803457e+01	8.951673e+01
3.890000e-06	5.457806e-06	1.496016e-09	3.798452e+01	8.948730e+01
3.900000e-06	5.450147e-06	1.426976e-09	3.793122e+01	8.945426e+01
3.910000e-06	5.442048e-06	1.326831e-09	3.787485e+01	8.941722e+01
3.920000e-06	5.433512e-06	1.327947e-09	3.781544e+01	8.937578e+01
3.930000e-06	5.424650e-06	1.400804e-09	3.775376e+01	8.932955e+01
3.940000e-06	5.415621e-06	1.408469e-09	3.769093e+01	8.927820e+01
3.950000e-06	5.406266e-06	1.372118e-09	3.762582e+01	8.922139e+01
3.960000e-06	5.396452e-06	1.378185e-09	3.755752e+01	8.915880e+01
3.970000e-06	5.386187e-06	1.387192e-09	3.748607e+01	8.909018e+01
3.980000e-06	5.375621e-06	1.365929e-09	3.741254e+01	8.901525e+01
3.990000e-06	5.364663e-06	1.327348e-09	3.733627e+01	8.893381e+01
4.000000e-06	5.353201e-06	1.352189e-09	3.725651e+01	8.884567e+01
4.010000e-06	5.341439e-06	1.377128e-09	3.717465e+01	8.875067e+01
4.020000e-06	5.329372e-06	1.351410e-09	3.709066e+01	8.864869e+01
4.030000e-06	5.316776e-06	1.316407e-09	3.700300e+01	8.853963e+01
4.040000e-06	5.303602e-06	1.360651e-09	3.691131e+01	8.842343e+01
4.050000e-06	5.290013e-06	1.372032e-09	3.681673e+01	8.830006e+01
4.060000e-06	5.275906e-06	1.294746e-09	3.671856e+01	8.816952e+01
4.070000e-06	5.261166e-06	1.276566e-09	3.661597e+01	8.803184e+01
4.080000e-06	5.245934e-06	1.366978e-09	3.650996e+01	8.788707e+01
4.090000e-06	5.230327e-06	1.364573e-09	3.640134e+01	8.773529e+01
4.100000e-06	5.214362e-06	1.287793e-09	3.629023e+01	8.757661e+01
4.110000e-06	5.198064e-06	1.314014e-09	3.617680e+01	8.741115e+01
4.120000e-06	5.181485e-06	1.360218e-09	3.606142e+01	8.723906e+01
4.130000e-06	5.164609e-06	1.292473e-09	3.594397e+01	8.706050e+01
4.140000e-06	5.147369e-06	1.285452e-09	3.582398e+01	8.687565e+01
4.150000e-06	5.129788e-06	1.360353e-09	3.570162e+01	8.668469e+01
4.160000e-06	5.111841e-06	1.316846e-09	3.557672e+01	8.648783e+01
4.170000e-06	5.093435e-06	1.265745e-09	3.544861e+01	8.628528e+01
4.180000e-06	5.074735e-06	1.347415e-09	3.531847e+01	8.607725e+01
4.190000e-06	5.055829e-06	1.353704e-09	3.518689e+01	8.586395e+01
4.200000e-06	5.036509e-06	1.263931e-09	3.505243e+01	8.564561e+01
4.210000e-06	5.016742e-06	1.309539e-09	3.491486e+01	8.542243e+01
4.220000e-06	4.996725e-06	1.343821e-09	3.477555e+01	8.519464e+01
4.230000e-06	4.976501e-06	1.250625e-09	3.463480e+01	8.496243e+01
4.240000e-06	4.956015e-06	1.267604e-09	3.449222e+01	8.472601e+01
4.250000e-06	4.935249e-06	1.358050e-09	3.434769e+01	8.448556e+01
4.260000e-06	4.914111e-06	1.281876e-09	3.420058e+01	8.424128e+01
4.270000e-06	4.892434e-06	1.231914e-09	3.404972e+01	8.399332e+01
4.280000e-06	4.870236e-06	1.316575e-09	3.389523e+01	8.374185e+01
4.290000e-06	4.847574e-06	1.299016e-09	3.373751e+01	8.348701e+01
4.300000e-06	4.824320e-06	1.227738e-09	3.357566e+01	8.322893e+01
4.310000e-06	4.800634e-06	1.281646e-09	3.341082e+01	8.296774e+01
4.320000e-06	4.776706e-06	1.301420e-09	3.324429e+01	8.270353e+01
4.330000e-06	4.752486e-06	1.251454e-09	3.307573e+01	8.243639e+01
4.340000e-06	4.728052e-06	1.275675e-09	3.290567e+01	8.216641e+01
4.350000e-06	4.703379e-06	1.293444e-09	3.273396e+01	8.189365e+01
4.360000e-06	4.678398e-06	1.233184e-09	3.256010e+01	8.161815e+01
4.370000e-06	4.653038e-06	1.229828e-09	3.238360e+01	8.133995e+01
4.380000e-06	4.627298e-06	1.260511e-09	3.220446e+01	8.105909e+01
4.390000e-06	4.601187e-06	1.239585e-09	3.202273e+01	8.077558e+01
4.400000e-06	4.574734e-06	1.236994e-09	3.183863e+01	8.048942e+01
4.410000e-06	4.548090e-06	1.257365e-09	3.165320e+01	8.020063e+01
4.420000e-06	4.521160e-06	1.231578e-09	3.146577e+01	7.990918e+01
4.430000e-06	4.493852e-06	1.212999e-09	3.127572e+01	7.961507e+01
4.440000e-06	4.466219e-06	1.229816e-09	3.108340e+01	7.931827e+01
4.450000e-06	4.438337e-06	1.225239e-09	3.088935e+01	7.901876e+01
4.460000e-06	4.410255e-06	1.209065e-09	3.069391e+01	7.871653e+01
4.470000e-06	4.381971e-06	1.216349e-09	3.049706e+01	7.841153e+01
4.480000e-06	4.353472e-06	1.218943e-09	3.029872e+01	7.810375e+01
4.490000e-06	4.324755e-06	1.204680e-09	3.009886e+01	7.779315e+01
4.500000e-06	4.295668e-06	1.201196e-09	2.989643e+01	7.747970e+01
4.510000e-06	4.266065e-06	1.198468e-09	2.969039e+01	7.716338e+01
4.520000e-06	4.236046e-06	1.183264e-09	2.948148e+01	7.684417e+01
4.530000e-06	4.205454e-06	1.179802e-09	2.926857e+01	7.652204e+01
4.540000e-06	4.174336e-06	1.193018e-09	2.905200e+01	7.619696e+01
4.550000e-06	4.142861e-06	1.184426e-09	2.883294e+01	7.586894e+01
4.560000e-06	4.111033e-06	1.164169e-09	2.861142e+01	7.553794e+01
4.570000e-06	4.078961e-06	1.162872e-09	2.838821e+01	7.520396e+01
4.580000e-06	4.046717e-06	1.163295e-09	2.816381e+01	7.486700e+01
4.590000e-06	4.014365e-06	1.149674e-09	2.793865e+01	7.452703e+01
4.600000e-06	3.981791e-06	1.151035e-09	2.771194e+01	7.418407e+01
4.610000e-06	3.948905e-06	1.154439e-09	2.748307e+01	7.383810e+01
4.620000e-06	3.915810e-06	1.138973e-09	2.725274e+01	7.348912e+01
4.630000e-06	3.882430e-06	1.128471e-09	2.702043e+01	7.313713e+01
4.640000e-06	3.848675e-06	1.132125e-09	2.678550e+01	7.278212e+01
4.650000e-06	3.814716e-06	1.122241e-09	2.654916e+01	7.242410e+01
4.660000e-06	3.780512e-06	1.107499e-09	2.631111e+01	7.206305e+01
4.670000e-06	3.746074e-06	1.111681e-09	2.607143e+01	7.169896e+01
4.680000e-06	3.711425e-06	1.115525e-09	2.583028e+01	7.133181e+01
4.690000e-06	3.676447e-06	1.105119e-09	2.558685e+01	7.096159e+01
4.700000e-06	3.641196e-06	1.099837e-09	2.534151e+01	7.058827e+01
4.710000e-06	3.605729e-06	1.094424e-09	2.509468e+01	7.021182e+01
4.720000e-06	3.569986e-06	1.079346e-09	2.484592e+01	6.983220e+01
4.730000e-06	3.533972e-06	1.073316e-09	2.459527e+01	6.944936e+01
4.740000e-06	3.497840e-06	1.080550e-09	2.434381e+01	6.906325e+01
4.750000e-06	3.461620e-06	1.074706e-09	2.409173e+01	6.867381e+01
4.760000e-06	3.425261e-06	1.061744e-09	2.383868e+01	6.828097e+01
4.770000e-06	3.388704e-06	1.058244e-09	2.358425e+01	6.788463e+01
4.780000e-06	3.351980e-06	1.051311e-09	2.332867e+01	6.748473e+01
4.790000e-06	3.315070e-06	1.039663e-09	2.307179e+01	6.708114e+01
4.800000e-06	3.277842e-06	1.035897e-09	2.281270e+01	6.667378e+01
4.810000e-06	3.240156e-06	1.036036e-09	2.255041e+01	6.626252e+01
4.820000e-06	3.202004e-06	1.028009e-09	2.228488e+01	6.584724e+01
4.830000e-06	3.163377e-06	1.020593e-09	2.201605e+01	6.542780e+01
4.840000e-06	3.124307e-06	1.017464e-09	2.174414e+01	6.500408e+01
4.850000e-06	3.084994e-06	1.008324e-09	2.147054e+01	6.457591e+01
4.860000e-06	3.045500e-06	9.967570e-10	2.119567e+01	6.414316e+01
4.870000e-06	3.005754e-06	9.912844e-10	2.091905e+01	6.370567e+01
4.880000e-06	2.965777e-06	9.873608e-10	2.064083e+01	6.326328e+01
4.890000e-06	2.925682e-06	9.826501e-10	2.036177e+01	6.281582e+01
4.900000e-06	2.885444e-06	9.782368e-10	2.008173e+01	6.236314e+01
4.910000e-06	2.845043e-06	9.712232e-10	1.980056e+01	6.190507e+01
4.920000e-06	2.804504e-06	9.592355e-10	1.951842e+01	6.144144e+01
4.930000e-06	2.763852e-06	9.516285e-10	1.923549e+01	6.097209e+01
4.940000e-06	2.723101e-06	9.478349e-10	1.895188e+01	6.049685e+01
4.950000e-06	2.682190e-06	9.428627e-10	1.866715e+01	6.001557e+01
4.960000e-06	2.641107e-06	9.375064e-10	1.838123e+01	5.952809e+01
4.970000e-06	2.599844e-06	9.331145e-10	1.809405e+01	5.903425e+01
4.980000e-06	2.558313e-06	9.257002e-10	1.780501e+01	5.853390e+01
4.990000e-06	2.516545e-06	9.161605e-10	1.751432e+01	5.802690e+01
5.000000e-06	2.474642e-06	9.087543e-10	1.722269e+01	5.751311e+01
5.010000e-06	2.432628e-06	9.037586e-10	1.693029e+01	5.699238e+01
5.020000e-06	2.390484e-06	8.972576e-10	1.663698e+01	5.646458e+01
5.030000e-06	2.348202e-06	8.899545e-10	1.634271e+01	5.592958e+01
5.040000e-06	2.305750e-06	8.852904e-10	1.604726e+01	5.538725e+01
5.050000e-06	2.263106e-06	8.819418e-10	1.575046e+01	5.483748e+01
5.060000e-06	2.220217e-06	8.757865e-10	1.545197e+01	5.428013e+01
5.070000e-06	2.177172e-06	8.674306e-10	1.515240e+01	5.371508e+01
5.080000e-06	2.134060e-06	8.595351e-10	1.485235e+01	5.314221e+01
5.090000e-06	2.090819e-06	8.512569e-10	1.455140e+01	5.256140e+01
5.100000e-06	2.047389e-06	8.434922e-10	1.424915e+01	5.197252e+01
5.110000e-06	2.003753e-06	8.353609e-10	1.394545e+01	5.137543e+01
5.120000e-06	1.959981e-06	8.247113e-10	1.364082e+01	5.076999e+01
5.130000e-06	1.916095e-06	8.146611e-10	1.333539e+01	5.015606e+01
5.140000e-06	1.872125e-06	8.098091e-10	1.302937e+01	4.953348e+01
5.150000e-06	1.828050e-06	8.040776e-10	1.272262e+01	4.890208e+01
5.160000e-06	1.783933e-06	7.948747e-10	1.241558e+01	4.826169e+01
5.170000e-06	1.739758e-06	7.839339e-10	1.210814e+01	4.761210e+01
5.180000e-06	1.695491e-06	7.739973e-10	1.180005e+01	4.695310e+01
5.190000e-06	1.651237e-06	7.638919e-10	1.149206e+01	4.628447e+01
5.200000e-06	1.606932e-06	7.519521e-10	1.118371e+01	4.560596e+01
5.210000e-06	1.562489e-06	7.389191e-10	1.087441e+01	4.491729e+01
5.220000e-06	1.517950e-06	7.243097e-10	1.056443e+01	4.421818e+01
5.230000e-06	1.473381e-06	7.115646e-10	1.025424e+01	4.350831e+01
5.240000e-06	1.428698e-06	6.989170e-10	9.943265e+00	4.278736e+01
5.250000e-06	1.383877e-06	6.848148e-10	9.631328e+00	4.205497e+01
5.260000e-06	1.339033e-06	6.734506e-10	9.319225e+00	4.131075e+01
5.270000e-06	1.294155e-06	6.640519e-10	9.006890e+00	4.055431e+01
5.280000e-06	1.249231e-06	6.537583e-10	8.694233e+00	3.978523e+01
5.290000e-06	1.204143e-06	6.386290e-10	8.380436e+00	3.900306e+01
5.300000e-06	1.158844e-06	6.209357e-10	8.065169e+00	3.820735e+01
5.310000e-06	1.113393e-06	6.030789e-10	7.748847e+00	3.739761e+01
5.320000e-06	1.067860e-06	5.868673e-10	7.431955e+00	3.657336e+01
5.330000e-06	1.022321e-06	5.740095e-10	7.115013e+00	3.573408e+01
5.340000e-06	9.767977e-07	5.620915e-10	6.798188e+00	3.487927e+01
5.350000e-06	9.311989e-07	5.501203e-10	6.480836e+00	3.400840e+01
5.360000e-06	8.854371e-07	5.382370e-10	6.162348e+00	3.312094e+01
5.370000e-06	8.395208e-07	5.274107e-10	5.842786e+00	3.221638e+01
5.380000e-06	7.934572e-07	5.137640e-10	5.522199e+00	3.129419e+01
5.390000e-06	7.474078e-07	4.988328e-10	5.201710e+00	3.035387e+01
5.400000e-06	7.014129e-07	4.828999e-10	4.881601e+00	2.939491e+01
5.410000e-06	6.553539e-07	4.644207e-10	4.561046e+00	2.841684e+01
5.420000e-06	6.092217e-07	4.458967e-10	4.239981e+00	2.741921e+01
5.430000e-06	5.629678e-07	4.318129e-10	3.918069e+00	2.640158e+01
5.440000e-06	5.165676e-07	4.205866e-10	3.595139e+00	2.536357e+01
5.450000e-06	4.701805e-07	4.072090e-10	3.272300e+00	2.430481e+01
5.460000e-06	4.238136e-07	3.916534e-10	2.949602e+00	2.322500e+01
5.470000e-06	3.773492e-07	3.745591e-10	2.626225e+00	2.212388e+01
5.480000e-06	3.307916e-07	3.527045e-10	2.302200e+00	2.100123e+01
5.490000e-06	2.841877e-07	3.293728e-10	1.977852e+00	1.985689e+01
5.500000e-06	2.376086e-07	3.076430e-10	1.653677e+00	1.869079e+01
5.510000e-06	1.910897e-07	2.889098e-10	1.329921e+00	1.750289e+01
5.520000e-06	1.445892e-07	2.755724e-10	1.006293e+00	1.629324e+01
5.530000e-06	9.809536e-08	2.634362e-10	6.827111e-01	1.506196e+01
5.540000e-06	5.157346e-08	2.466748e-10	3.589342e-01	1.380925e+01
5.550000e-06	5.026539e-09	2.261676e-10	3.498304e-02	1.253538e+01
5.560000e-06	-4.150067e-08	2.059508e-10	-2.888309e-01	1.124071e+01
5.570000e-06	-8.795822e-08	1.816405e-10	-6.121600e-01	9.925675e+00
5.580000e-06	-1.344599e-07	1.541761e-10	-9.357960e-01	8.590810e+00
5.590000e-06	-1.810362e-07	1.284637e-10	-1.259952e+00	7.236720e+00
5.600000e-06	-2.275241e-07	1.049535e-10	-1.583492e+00	5.864098e+00
5.610000e-06	-2.739715e-07	8.380786e-11	-1.906751e+00	4.473723e+00
5.620000e-06	-3.203467e-07	6.521075e-11	-2.229507e+00	3.066456e+00
5.630000e-06	-3.666752e-07	4.662825e-11	-2.551938e+00	1.643240e+00
5.640000e-06	-4.130387e-07	2.676335e-11	-2.874612e+00	2.050931e-01
5.650000e-06	-4.593875e-07	4.940672e-12	-3.197184e+00	-1.246888e+00
5.660000e-06	-5.056811e-07	-1.910461e-11	-3.519373e+00	-2.711536e+00
5.670000e-06	-5.518726e-07	-4.465715e-11	-3.840850e+00	-4.187618e+00
5.680000e-06	-5.980542e-07	-7.006950e-11	-4.162259e+00	-5.673835e+00
5.690000e-06	-6.441829e-07	-9.527388e-11	-4.483299e+00	-7.168836e+00
5.700000e-06	-6.901737e-07	-1.187730e-10	-4.803380e+00	-8.671213e+00
5.710000e-06	-7.361252e-07	-1.409445e-10	-5.123187e+00	-1.017952e+01
5.720000e-06	-7.820762e-07	-1.626874e-10	-5.442991e+00	-1.169226e+01
5.730000e-06	-8.279447e-07	-1.854837e-10	-5.762221e+00	-1.320792e+01
5.740000e-06	-8.737650e-07	-2.115722e-10	-6.081114e+00	-1.472496e+01
5.750000e-06	-9.195265e-07	-2.391273e-10	-6.399600e+00	-1.624180e+01
5.760000e-06	-9.651424e-07	-2.671649e-10	-6.717071e+00	-1.775689e+01
5.770000e-06	-1.010661e-06	-2.937295e-10	-7.033863e+00	-1.926865e+01
5.780000e-06	-1.056078e-06	-3.170761e-10	-7.349954e+00	-2.077552e+01
5.790000e-06	-1.101462e-06	-3.411658e-10	-7.665808e+00	-2.227594e+01
5.800000e-06	-1.146809e-06	-3.687373e-10	-7.981407e+00	-2.376839e+01
5.810000e-06	-1.191968e-06	-3.960475e-10	-8.295703e+00	-2.525136e+01
5.820000e-06	-1.236996e-06	-4.209170e-10	-8.609081e+00	-2.672340e+01
5.830000e-06	-1.281969e-06	-4.463786e-10	-8.922080e+00	-2.818309e+01
5.840000e-06	-1.326882e-06	-4.711498e-10	-9.234655e+00	-2.962906e+01
5.850000e-06	-1.371709e-06	-4.930207e-10	-9.546642e+00	-3.106001e+01
5.860000e-06	-1.416360e-06	-5.145095e-10	-9.857397e+00	-3.247468e+01
5.870000e-06	-1.460814e-06	-5.386585e-10	-1.016678e+01	-3.387191e+01
5.880000e-06	-1.505169e-06	-5.639531e-10	-1.047547e+01	-3.525059e+01
5.890000e-06	-1.549556e-06	-5.872993e-10	-1.078440e+01	-3.660970e+01
5.900000e-06	-1.593933e-06	-6.095470e-10	-1.109325e+01	-3.794830e+01
5.910000e-06	-1.638231e-06	-6.312372e-10	-1.140155e+01	-3.926553e+01
5.920000e-06	-1.682498e-06	-6.532986e-10	-1.170963e+01	-4.056064e+01
5.930000e-06	-1.726745e-06	-6.769932e-10	-1.201758e+01	-4.183294e+01
5.940000e-06	-1.770916e-06	-6.986848e-10	-1.232499e+01	-4.308185e+01
5.950000e-06	-1.814975e-06	-7.160662e-10	-1.263162e+01	-4.430687e+01
5.960000e-06	-1.858924e-06	-7.341638e-10	-1.293749e+01	-4.550763e+01
5.970000e-06	-1.902766e-06	-7.504614e-10	-1.324262e+01	-4.668379e+01
5.980000e-06	-1.946534e-06	-7.685246e-10	-1.354723e+01	-4.783515e+01
5.990000e-06	-1.990230e-06	-7.894919e-10	-1.385134e+01	-4.896159e+01
6.000000e-06	-2.033746e-06	-8.124907e-10	-1.415419e+01	-5.006305e+01
6.010000e-06	-2.077093e-06	-8.326457e-10	-1.445588e+01	-5.113957e+01
6.020000e-06	-2.120358e-06	-8.472948e-10	-1.475699e+01	-5.219128e+01
6.030000e-06	-2.163409e-06	-8.600195e-10	-1.505661e+01	-5.321837e+01
6.040000e-06	-2.206236e-06	-8.734888e-10	-1.535467e+01	-5.422109e+01
6.050000e-06	-2.248903e-06	-8.897853e-10	-1.565162e+01	-5.519979e+01
6.060000e-06	-2.291356e-06	-9.057139e-10	-1.594708e+01	-5.615483e+01
6.070000e-06	-2.333608e-06	-9.217010e-10	-1.624114e+01	-5.708668e+01
6.080000e-06	-2.375822e-06	-9.374164e-10	-1.653493e+01	-5.799580e+01
6.090000e-06	-2.417995e-06	-9.552647e-10	-1.682845e+01	-5.888274e+01
6.100000e-06	-2.459947e-06	-9.700909e-10	-1.712041e+01	-5.974805e+01
6.110000e-06	-2.501620e-06	-9.793571e-10	-1.741045e+01	-6.059233e+01
6.120000e-06	-2.543160e-06	-9.894630e-10	-1.769955e+01	-6.141620e+01
6.130000e-06	-2.584615e-06	-1.001203e-09	-1.798807e+01	-6.222029e+01
6.140000e-06	-2.625754e-06	-1.013154e-09	-1.827438e+01	-6.300524e+01
6.150000e-06	-2.666599e-06	-1.027021e-09	-1.855864e+01	-6.377171e+01
6.160000e-06	-2.707295e-06	-1.041401e-09	-1.884188e+01	-6.452033e+01
6.170000e-06	-2.747873e-06	-1.052750e-09	-1.912428e+01	-6.525174e+01
6.180000e-06	-2.788339e-06	-1.058320e-09	-1.940592e+01	-6.596658e+01
6.190000e-06	-2.828673e-06	-1.065293e-09	-1.968662e+01	-6.666546e+01
6.200000e-06	-2.868891e-06	-1.076927e-09	-1.996653e+01	-6.734896e+01
6.210000e-06	-2.909019e-06	-1.089877e-09	-2.024581e+01	-6.801766e+01
6.220000e-06	-2.949009e-06	-1.103441e-09	-2.052413e+01	-6.867208e+01
6.230000e-06	-2.988880e-06	-1.115950e-09	-2.080161e+01	-6.931273e+01
6.240000e-06	-3.028620e-06	-1.125437e-09	-2.107819e+01	-6.994010e+01
6.250000e-06	-3.068132e-06	-1.131988e-09	-2.135318e+01	-7.055461e+01
6.260000e-06	-3.107333e-06	-1.139274e-09	-2.162601e+01	-7.115666e+01
6.270000e-06	-3.146210e-06	-1.147532e-09	-2.189658e+01	-7.174662e+01
6.280000e-06	-3.184647e-06	-1.155986e-09	-2.216408e+01	-7.232482e+01
6.290000e-06	-3.222524e-06	-1.164242e-09	-2.242770e+01	-7.289153e+01
6.300000e-06	-3.259957e-06	-1.172214e-09	-2.268822e+01	-7.344701e+01
6.310000e-06	-3.297118e-06	-1.181275e-09	-2.294684e+01	-7.399146e+01
6.320000e-06	-3.333987e-06	-1.188575e-09	-2.320344e+01	-7.452507e+01
6.330000e-06	-3.370553e-06	-1.197416e-09	-2.345793e+01	-7.504799e+01
6.340000e-06	-3.406971e-06	-1.205221e-09	-2.371139e+01	-7.556031e+01
6.350000e-06	-3.443275e-06	-1.210031e-09	-2.396405e+01	-7.606214e+01
6.360000e-06	-3.479417e-06	-1.213620e-09	-2.421559e+01	-7.655352e+01
6.370000e-06	-3.515437e-06	-1.220367e-09	-2.446627e+01	-7.703450e+01
6.380000e-06	-3.551294e-06	-1.231959e-09	-2.471583e+01	-7.750509e+01
6.390000e-06	-3.586954e-06	-1.240828e-09	-2.496401e+01	-7.796530e+01
6.400000e-06	-3.622340e-06	-1.248066e-09	-2.521028e+01	-7.841512e+01
6.410000e-06	-3.657406e-06	-1.253175e-09	-2.545434e+01	-7.885453e+01
6.420000e-06	-3.692229e-06	-1.259254e-09	-2.569669e+01	-7.928351e+01
6.430000e-06	-3.726783e-06	-1.264611e-09	-2.593717e+01	-7.970203e+01
6.440000e-06	-3.761125e-06	-1.269066e-09	-2.617618e+01	-8.011007e+01
6.450000e-06	-3.795295e-06	-1.274243e-09	-2.641400e+01	-8.050762e+01
6.460000e-06	-3.829199e-06	-1.279956e-09	-2.664996e+01	-8.089466e+01
6.470000e-06	-3.862781e-06	-1.284535e-09	-2.688368e+01	-8.127120e+01
6.480000e-06	-3.896000e-06	-1.288894e-09	-2.711486e+01	-8.163726e+01
6.490000e-06	-3.928861e-06	-1.295176e-09	-2.734357e+01	-8.199286e+01
6.500000e-06	-3.961504e-06	-1.302456e-09	-2.757075e+01	-8.233807e+01
6.510000e-06	-3.993950e-06	-1.309639e-09	-2.779657e+01	-8.267295e+01
6.520000e-06	-4.026208e-06	-1.315898e-09	-2.802107e+01	-8.299759e+01
6.530000e-06	-4.058344e-06	-1.322267e-09	-2.824473e+01	-8.331211e+01
6.540000e-06	-4.090270e-06	-1.329567e-09	-2.846692e+01	-8.361665e+01
6.550000e-06	-4.121916e-06	-1.335677e-09	-2.868717e+01	-8.391137e+01
6.560000e-06	-4.153171e-06	-1.339773e-09	-2.890469e+01	-8.419645e+01
6.570000e-06	-4.184003e-06	-1.346363e-09	-2.911927e+01	-8.447211e+01
6.580000e-06	-4.214332e-06	-1.352692e-09	-2.933035e+01	-8.473856e+01
6.590000e-06	-4.244112e-06	-1.357475e-09	-2.953761e+01	-8.499606e+01
6.600000e-06	-4.273485e-06	-1.361713e-09	-2.974204e+01	-8.524487e+01
6.610000e-06	-4.302430e-06	-1.365840e-09	-2.994348e+01	-8.548528e+01
6.620000e-06	-4.331022e-06	-1.369696e-09	-3.014248e+01	-8.571759e+01
6.630000e-06	-4.359410e-06	-1.372597e-09	-3.034005e+01	-8.594211e+01
6.640000e-06	-4.387640e-06	-1.374788e-09	-3.053652e+01	-8.615916e+01
6.650000e-06	-4.415703e-06	-1.376467e-09	-3.073183e+01	-8.636907e+01
6.660000e-06	-4.443487e-06	-1.379804e-09	-3.092520e+01	-8.657217e+01
6.670000e-06	-4.470968e-06	-1.385062e-09	-3.111645e+01	-8.676880e+01
6.680000e-06	-4.498194e-06	-1.387838e-09	-3.130594e+01	-8.695928e+01
6.690000e-06	-4.525074e-06	-1.390150e-09	-3.149301e+01	-8.714395e+01
6.700000e-06	-4.551600e-06	-1.391963e-09	-3.167763e+01	-8.732312e+01
6.710000e-06	-4.577838e-06	-1.392436e-09	-3.186023e+01	-8.749710e+01
6.720000e-06	-4.603728e-06	-1.392819e-09	-3.204042e+01	-8.766619e+01
6.730000e-06	-4.629188e-06	-1.394960e-09	-3.221761e+01	-8.783065e+01
6.740000e-06	-4.654280e-06	-1.397342e-09	-3.239225e+01	-8.799075e+01
6.750000e-06	-4.679070e-06	-1.397740e-09	-3.256478e+01	-8.814673e+01
6.760000e-06	-4.703653e-06	-1.399433e-09	-3.273586e+01	-8.829879e+01
6.770000e-06	-4.728047e-06	-1.402974e-09	-3.290564e+01	-8.844713e+01
6.780000e-06	-4.752193e-06	-1.407505e-09	-3.307369e+01	-8.859190e+01
6.790000e-06	-4.776159e-06	-1.411980e-09	-3.324048e+01	-8.873324e+01
6.800000e-06	-4.799858e-06	-1.415070e-09	-3.340542e+01	-8.887124e+01
6.810000e-06	-4.823111e-06	-1.416393e-09	-3.356725e+01	-8.900599e+01
6.820000e-06	-4.845793e-06	-1.419301e-09	-3.372511e+01	-8.913753e+01
6.830000e-06	-4.867908e-06	-1.422942e-09	-3.387902e+01	-8.926587e+01
6.840000e-06	-4.889514e-06	-1.424948e-09	-3.402940e+01	-8.939100e+01
6.850000e-06	-4.910687e-06	-1.426644e-09	-3.417675e+01	-8.951289e+01
6.860000e-06	-4.931552e-06	-1.427990e-09	-3.432196e+01	-8.963146e+01
6.870000e-06	-4.952084e-06	-1.427719e-09	-3.446486e+01	-8.974662e+01
6.880000e-06	-4.972369e-06	-1.426344e-09	-3.460604e+01	-8.985825e+01
6.890000e-06	-4.992473e-06	-1.424970e-09	-3.474595e+01	-8.996624e+01
6.900000e-06	-5.012214e-06	-1.425434e-09	-3.488335e+01	-9.007041e+01
6.910000e-06	-5.031598e-06	-1.426759e-09	-3.501825e+01	-9.017062e+01
6.920000e-06	-5.050660e-06	-1.428899e-09	-3.515092e+01	-9.026667e+01
6.930000e-06	-5.069309e-06	-1.431567e-09	-3.528071e+01	-9.035837e+01
6.940000e-06	-5.087626e-06	-1.431385e-09	-3.540819e+01	-9.044555e+01
6.950000e-06	-5.105682e-06	-1.429330e-09	-3.553385e+01	-9.052799e+01
6.960000e-06	-5.123407e-06	-1.426746e-09	-3.565721e+01	-9.060551e+01
6.970000e-06	-5.140765e-06	-1.422294e-09	-3.577802e+01	-9.067791e+01
6.980000e-06	-5.157773e-06	-1.420770e-09	-3.589639e+01	-9.074502e+01
6.990000e-06	-5.174433e-06	-1.422658e-09	-3.601233e+01	-9.080666e+01
7.000000e-06	-5.190844e-06	-1.423225e-09	-3.612655e+01	-9.086268e+01
7.010000e-06	-5.207037e-06	-1.423823e-09	-3.623925e+01	-9.091293e+01
7.020000e-06	-5.222911e-06	-1.427666e-09	-3.634973e+01	-9.095731e+01
7.030000e-06	-5.238286e-06	-1.428774e-09	-3.645673e+01	-9.099571e+01
7.040000e-06	-5.253053e-06	-1.425404e-09	-3.655951e+01	-9.102807e+01
7.050000e-06	-5.267285e-06	-1.421515e-09	-3.665856e+01	-9.105434e+01
7.060000e-06	-5.280908e-06	-1.416589e-09	-3.675337e+01	-9.107452e+01
7.070000e-06	-5.293997e-06	-1.412423e-09	-3.684446e+01	-9.108861e+01
7.080000e-06	-5.306737e-06	-1.411056e-09	-3.693313e+01	-9.109668e+01
7.090000e-06	-5.319135e-06	-1.411806e-09	-3.701941e+01	-9.109880e+01
7.100000e-06	-5.331136e-06	-1.414300e-09	-3.710293e+01	-9.109509e+01
7.110000e-06	-5.342668e-06	-1.417847e-09	-3.718320e+01	-9.108571e+01
7.120000e-06	-5.353753e-06	-1.417065e-09	-3.726034e+01	-9.107083e+01
7.130000e-06	-5.364480e-06	-1.412648e-09	-3.733500e+01	-9.105066e+01
7.140000e-06	-5.374894e-06	-1.407806e-09	-3.740748e+01	-9.102546e+01
7.150000e-06	-5.384909e-06	-1.404239e-09	-3.747718e+01	-9.099549e+01
7.160000e-06	-5.394590e-06	-1.402894e-09	-3.754456e+01	-9.096106e+01
7.170000e-06	-5.403908e-06	-1.404406e-09	-3.760941e+01	-9.092249e+01
7.180000e-06	-5.412828e-06	-1.406405e-09	-3.767149e+01	-9.088013e+01
7.190000e-06	-5.421429e-06	-1.406002e-09	-3.773135e+01	-9.083435e+01
7.200000e-06	-5.429761e-06	-1.406720e-09	-3.778934e+01	-9.078553e+01
7.210000e-06	-5.437898e-06	-1.407580e-09	-3.784597e+01	-9.073407e+01
7.220000e-06	-5.445781e-06	-1.404352e-09	-3.790083e+01	-9.068038e+01
7.230000e-06	-5.453263e-06	-1.399232e-09	-3.795290e+01	-9.062487e+01
7.240000e-06	-5.460130e-06	-1.396528e-09	-3.800069e+01	-9.056795e+01
7.250000e-06	-5.466417e-06	-1.394665e-09	-3.804445e+01	-9.051004e+01
7.260000e-06	-5.472108e-06	-1.392500e-09	-3.808406e+01	-9.045155e+01
7.270000e-06	-5.477196e-06	-1.393857e-09	-3.811947e+01	-9.039287e+01
7.280000e-06	-5.481868e-06	-1.395753e-09	-3.815198e+01	-9.033440e+01
7.290000e-06	-5.486266e-06	-1.395299e-09	-3.818259e+01	-9.027649e+01
7.300000e-06	-5.490489e-06	-1.391666e-09	-3.821198e+01	-9.021951e+01
7.310000e-06	-5.494467e-06	-1.385216e-09	-3.823967e+01	-9.016377e+01
7.320000e-06	-5.498069e-06	-1.379799e-09	-3.826474e+01	-9.010958e+01
7.330000e-06	-5.501295e-06	-1.377309e-09	-3.828719e+01	-9.005720e+01
7.340000e-06	-5.504091e-06	-1.378265e-09	-3.830665e+01	-9.000688e+01
7.350000e-06	-5.506493e-06	-1.380259e-09	-3.832337e+01	-8.995881e+01
7.360000e-06	-5.508608e-06	-1.380417e-09	-3.833809e+01	-8.991316e+01
7.370000e-06	-5.510390e-06	-1.378093e-09	-3.835049e+01	-8.987006e+01
7.380000e-06	-5.511693e-06	-1.373623e-09	-3.835956e+01	-8.982959e+01
7.390000e-06	-5.512559e-06	-1.364836e-09	-3.836558e+01	-8.979182e+01
7.400000e-06	-5.513179e-06	-1.356205e-09	-3.836990e+01	-8.975673e+01
