# Temperatura_=_-1.4
# Concentracion g/m^3_=_1620.0
# C_Vs_to_Am_M_A/Vsm_=_65563218390.804596
# pendiente_HvsI_1/m_=_3716.3
# ordenada_HvsI_A/m_=_1297.0
# frecuencia_Hz_=_135107.80673674913

Tiempo_(s)	Campo_(V.s)	Magnetizacion_(V.s)	Campo_(kA/m)	Magnetizacion_(A/m)
0.000000e+00	-5.513757e-06	-9.715712e-10	-3.837414e+01	-6.561776e+01
1.000000e-08	-5.513936e-06	-9.687760e-10	-3.837539e+01	-6.557575e+01
2.000000e-08	-5.513933e-06	-9.674023e-10	-3.837537e+01	-6.553429e+01
3.000000e-08	-5.513682e-06	-9.669705e-10	-3.837362e+01	-6.549321e+01
4.000000e-08	-5.512937e-06	-9.641581e-10	-3.836844e+01	-6.545234e+01
5.000000e-08	-5.511508e-06	-9.502027e-10	-3.835849e+01	-6.541152e+01
6.000000e-08	-5.509432e-06	-9.310091e-10	-3.834404e+01	-6.537054e+01
7.000000e-08	-5.506782e-06	-9.371183e-10	-3.832560e+01	-6.532921e+01
8.000000e-08	-5.503669e-06	-9.798244e-10	-3.830394e+01	-6.528732e+01
9.000000e-08	-5.500101e-06	-1.034550e-09	-3.827910e+01	-6.524467e+01
1.000000e-07	-5.496082e-06	-1.057119e-09	-3.825113e+01	-6.520103e+01
1.100000e-07	-5.491758e-06	-1.011424e-09	-3.822103e+01	-6.515620e+01
1.200000e-07	-5.487281e-06	-8.959263e-10	-3.818988e+01	-6.510996e+01
1.300000e-07	-5.482582e-06	-8.950963e-10	-3.815718e+01	-6.506209e+01
1.400000e-07	-5.477456e-06	-9.640325e-10	-3.812150e+01	-6.501239e+01
1.500000e-07	-5.471839e-06	-9.791327e-10	-3.808241e+01	-6.496065e+01
1.600000e-07	-5.465851e-06	-9.080164e-10	-3.804073e+01	-6.490666e+01
1.700000e-07	-5.459563e-06	-9.046778e-10	-3.799697e+01	-6.485025e+01
1.800000e-07	-5.452894e-06	-1.043156e-09	-3.795056e+01	-6.479121e+01
1.900000e-07	-5.445746e-06	-1.049613e-09	-3.790080e+01	-6.472939e+01
2.000000e-07	-5.438276e-06	-9.409263e-10	-3.784882e+01	-6.466461e+01
2.100000e-07	-5.430654e-06	-8.820230e-10	-3.779577e+01	-6.459672e+01
2.200000e-07	-5.422808e-06	-9.881878e-10	-3.774117e+01	-6.452559e+01
2.300000e-07	-5.414589e-06	-1.033737e-09	-3.768396e+01	-6.445108e+01
2.400000e-07	-5.405871e-06	-9.899563e-10	-3.762329e+01	-6.437308e+01
2.500000e-07	-5.396579e-06	-9.538063e-10	-3.755862e+01	-6.429150e+01
2.600000e-07	-5.386653e-06	-9.978915e-10	-3.748954e+01	-6.420624e+01
2.700000e-07	-5.376034e-06	-9.881489e-10	-3.741563e+01	-6.411724e+01
2.800000e-07	-5.364850e-06	-9.445197e-10	-3.733780e+01	-6.402443e+01
2.900000e-07	-5.353250e-06	-9.438773e-10	-3.725706e+01	-6.392779e+01
3.000000e-07	-5.341296e-06	-9.730428e-10	-3.717387e+01	-6.382727e+01
3.100000e-07	-5.329069e-06	-9.587135e-10	-3.708877e+01	-6.372286e+01
3.200000e-07	-5.316476e-06	-9.319246e-10	-3.700113e+01	-6.361457e+01
3.300000e-07	-5.303429e-06	-9.452968e-10	-3.691032e+01	-6.350241e+01
3.400000e-07	-5.289952e-06	-9.531583e-10	-3.681653e+01	-6.338639e+01
3.500000e-07	-5.276040e-06	-9.527726e-10	-3.671970e+01	-6.326657e+01
3.600000e-07	-5.261686e-06	-9.311925e-10	-3.661980e+01	-6.314299e+01
3.700000e-07	-5.246957e-06	-9.252168e-10	-3.651729e+01	-6.301571e+01
3.800000e-07	-5.231840e-06	-9.402241e-10	-3.641208e+01	-6.288480e+01
3.900000e-07	-5.216170e-06	-9.585481e-10	-3.630302e+01	-6.275034e+01
4.000000e-07	-5.199880e-06	-9.245051e-10	-3.618965e+01	-6.261243e+01
4.100000e-07	-5.183178e-06	-9.252794e-10	-3.607341e+01	-6.247115e+01
4.200000e-07	-5.166235e-06	-9.511448e-10	-3.595549e+01	-6.232662e+01
4.300000e-07	-5.149057e-06	-9.338143e-10	-3.583594e+01	-6.217895e+01
4.400000e-07	-5.131555e-06	-8.978128e-10	-3.571413e+01	-6.202825e+01
4.500000e-07	-5.113642e-06	-9.543549e-10	-3.558946e+01	-6.187465e+01
4.600000e-07	-5.095267e-06	-9.581496e-10	-3.546158e+01	-6.171826e+01
4.700000e-07	-5.076411e-06	-8.903698e-10	-3.533034e+01	-6.155924e+01
4.800000e-07	-5.057200e-06	-8.999482e-10	-3.519664e+01	-6.139769e+01
4.900000e-07	-5.037756e-06	-9.682297e-10	-3.506131e+01	-6.123376e+01
5.000000e-07	-5.018111e-06	-9.188597e-10	-3.492459e+01	-6.106759e+01
5.100000e-07	-4.998271e-06	-8.816843e-10	-3.478651e+01	-6.089931e+01
5.200000e-07	-4.978131e-06	-9.271282e-10	-3.464634e+01	-6.072905e+01
5.300000e-07	-4.957535e-06	-9.224842e-10	-3.450300e+01	-6.055695e+01
5.400000e-07	-4.936575e-06	-8.800809e-10	-3.435713e+01	-6.038314e+01
5.500000e-07	-4.915308e-06	-9.274045e-10	-3.420912e+01	-6.020775e+01
5.600000e-07	-4.893673e-06	-9.332561e-10	-3.405854e+01	-6.003091e+01
5.700000e-07	-4.871766e-06	-8.679006e-10	-3.390607e+01	-5.985275e+01
5.800000e-07	-4.849653e-06	-8.894166e-10	-3.375217e+01	-5.967338e+01
5.900000e-07	-4.827156e-06	-9.428004e-10	-3.359560e+01	-5.949292e+01
6.000000e-07	-4.804171e-06	-9.006598e-10	-3.343563e+01	-5.931148e+01
6.100000e-07	-4.780860e-06	-8.812410e-10	-3.327339e+01	-5.912917e+01
6.200000e-07	-4.757352e-06	-9.220871e-10	-3.310978e+01	-5.894608e+01
6.300000e-07	-4.733668e-06	-8.961450e-10	-3.294495e+01	-5.876230e+01
6.400000e-07	-4.709756e-06	-8.585977e-10	-3.277853e+01	-5.857793e+01
6.500000e-07	-4.685619e-06	-8.834188e-10	-3.261054e+01	-5.839302e+01
6.600000e-07	-4.661104e-06	-8.916373e-10	-3.243992e+01	-5.820766e+01
6.700000e-07	-4.635985e-06	-8.655525e-10	-3.226511e+01	-5.802191e+01
6.800000e-07	-4.610245e-06	-8.818101e-10	-3.208596e+01	-5.783580e+01
6.900000e-07	-4.583959e-06	-8.904231e-10	-3.190302e+01	-5.764939e+01
7.000000e-07	-4.557207e-06	-8.672088e-10	-3.171684e+01	-5.746270e+01
7.100000e-07	-4.530028e-06	-8.565384e-10	-3.152768e+01	-5.727576e+01
7.200000e-07	-4.502542e-06	-8.682484e-10	-3.133638e+01	-5.708857e+01
7.300000e-07	-4.474909e-06	-8.562608e-10	-3.114406e+01	-5.690112e+01
7.400000e-07	-4.447170e-06	-8.548058e-10	-3.095101e+01	-5.671342e+01
7.500000e-07	-4.419281e-06	-8.624575e-10	-3.075691e+01	-5.652542e+01
7.600000e-07	-4.391101e-06	-8.612022e-10	-3.056079e+01	-5.633710e+01
7.700000e-07	-4.362590e-06	-8.462323e-10	-3.036236e+01	-5.614839e+01
7.800000e-07	-4.333696e-06	-8.433280e-10	-3.016126e+01	-5.595925e+01
7.900000e-07	-4.304444e-06	-8.396824e-10	-2.995768e+01	-5.576959e+01
8.000000e-07	-4.274957e-06	-8.363443e-10	-2.975245e+01	-5.557932e+01
8.100000e-07	-4.245179e-06	-8.330403e-10	-2.954521e+01	-5.538836e+01
8.200000e-07	-4.215032e-06	-8.303090e-10	-2.933539e+01	-5.519657e+01
8.300000e-07	-4.184583e-06	-8.207069e-10	-2.912348e+01	-5.500385e+01
8.400000e-07	-4.153830e-06	-8.178169e-10	-2.890945e+01	-5.481005e+01
8.500000e-07	-4.122774e-06	-8.149361e-10	-2.869330e+01	-5.461502e+01
8.600000e-07	-4.091510e-06	-8.070997e-10	-2.847572e+01	-5.441861e+01
8.700000e-07	-4.060057e-06	-8.018459e-10	-2.825681e+01	-5.422065e+01
8.800000e-07	-4.028478e-06	-8.030372e-10	-2.803703e+01	-5.402095e+01
8.900000e-07	-3.996763e-06	-8.000468e-10	-2.781631e+01	-5.381934e+01
9.000000e-07	-3.964815e-06	-7.932246e-10	-2.759396e+01	-5.361560e+01
9.100000e-07	-3.932529e-06	-7.912706e-10	-2.736926e+01	-5.340955e+01
9.200000e-07	-3.899908e-06	-7.866989e-10	-2.714222e+01	-5.320097e+01
9.300000e-07	-3.866955e-06	-7.819586e-10	-2.691288e+01	-5.298965e+01
9.400000e-07	-3.833568e-06	-7.815037e-10	-2.668052e+01	-5.277537e+01
9.500000e-07	-3.799646e-06	-7.810957e-10	-2.644443e+01	-5.255790e+01
9.600000e-07	-3.765295e-06	-7.703236e-10	-2.620535e+01	-5.233703e+01
9.700000e-07	-3.730624e-06	-7.621396e-10	-2.596406e+01	-5.211253e+01
9.800000e-07	-3.695522e-06	-7.569476e-10	-2.571976e+01	-5.188418e+01
9.900000e-07	-3.660161e-06	-7.542589e-10	-2.547365e+01	-5.165177e+01
1.000000e-06	-3.624688e-06	-7.507257e-10	-2.522677e+01	-5.141507e+01
1.010000e-06	-3.589035e-06	-7.515230e-10	-2.497864e+01	-5.117388e+01
1.020000e-06	-3.553201e-06	-7.465595e-10	-2.472924e+01	-5.092801e+01
1.030000e-06	-3.517250e-06	-7.380027e-10	-2.447904e+01	-5.067725e+01
1.040000e-06	-3.481092e-06	-7.301273e-10	-2.422739e+01	-5.042142e+01
1.050000e-06	-3.444618e-06	-7.262511e-10	-2.397353e+01	-5.016035e+01
1.060000e-06	-3.407864e-06	-7.206710e-10	-2.371774e+01	-4.989389e+01
1.070000e-06	-3.370817e-06	-7.196063e-10	-2.345990e+01	-4.962189e+01
1.080000e-06	-3.333559e-06	-7.191521e-10	-2.320060e+01	-4.934422e+01
1.090000e-06	-3.296137e-06	-7.174644e-10	-2.294016e+01	-4.906076e+01
1.100000e-06	-3.258498e-06	-7.079283e-10	-2.267820e+01	-4.877142e+01
1.110000e-06	-3.220644e-06	-6.978884e-10	-2.241474e+01	-4.847611e+01
1.120000e-06	-3.182550e-06	-6.900572e-10	-2.214962e+01	-4.817477e+01
1.130000e-06	-3.144236e-06	-6.857107e-10	-2.188297e+01	-4.786736e+01
1.140000e-06	-3.105699e-06	-6.839383e-10	-2.161476e+01	-4.755385e+01
1.150000e-06	-3.066922e-06	-6.824289e-10	-2.134488e+01	-4.723423e+01
1.160000e-06	-3.027916e-06	-6.776970e-10	-2.107341e+01	-4.690851e+01
1.170000e-06	-2.988713e-06	-6.708197e-10	-2.080058e+01	-4.657672e+01
1.180000e-06	-2.949385e-06	-6.647887e-10	-2.052686e+01	-4.623890e+01
1.190000e-06	-2.909926e-06	-6.584781e-10	-2.025224e+01	-4.589511e+01
1.200000e-06	-2.870359e-06	-6.526061e-10	-1.997686e+01	-4.554542e+01
1.210000e-06	-2.830667e-06	-6.492092e-10	-1.970062e+01	-4.518993e+01
1.220000e-06	-2.790799e-06	-6.469842e-10	-1.942315e+01	-4.482873e+01
1.230000e-06	-2.750752e-06	-6.421762e-10	-1.914443e+01	-4.446195e+01
1.240000e-06	-2.710570e-06	-6.360250e-10	-1.886478e+01	-4.408968e+01
1.250000e-06	-2.670234e-06	-6.266475e-10	-1.858405e+01	-4.371208e+01
1.260000e-06	-2.629669e-06	-6.178835e-10	-1.830173e+01	-4.332926e+01
1.270000e-06	-2.588823e-06	-6.106769e-10	-1.801745e+01	-4.294137e+01
1.280000e-06	-2.547676e-06	-6.090854e-10	-1.773109e+01	-4.254854e+01
1.290000e-06	-2.506167e-06	-6.076756e-10	-1.744219e+01	-4.215091e+01
1.300000e-06	-2.464367e-06	-6.029925e-10	-1.715128e+01	-4.174860e+01
1.310000e-06	-2.422330e-06	-5.951928e-10	-1.685871e+01	-4.134173e+01
1.320000e-06	-2.379969e-06	-5.876096e-10	-1.656389e+01	-4.093042e+01
1.330000e-06	-2.337323e-06	-5.797513e-10	-1.626708e+01	-4.051477e+01
1.340000e-06	-2.294397e-06	-5.726995e-10	-1.596834e+01	-4.009486e+01
1.350000e-06	-2.251252e-06	-5.657251e-10	-1.566806e+01	-3.967075e+01
1.360000e-06	-2.207977e-06	-5.593491e-10	-1.536688e+01	-3.924250e+01
1.370000e-06	-2.164529e-06	-5.541588e-10	-1.506449e+01	-3.881013e+01
1.380000e-06	-2.120954e-06	-5.527085e-10	-1.476122e+01	-3.837363e+01
1.390000e-06	-2.077316e-06	-5.487127e-10	-1.445751e+01	-3.793298e+01
1.400000e-06	-2.033569e-06	-5.395083e-10	-1.415305e+01	-3.748813e+01
1.410000e-06	-1.989712e-06	-5.271116e-10	-1.384782e+01	-3.703897e+01
1.420000e-06	-1.945836e-06	-5.162257e-10	-1.354245e+01	-3.658541e+01
1.430000e-06	-1.901938e-06	-5.078188e-10	-1.323694e+01	-3.612728e+01
1.440000e-06	-1.857937e-06	-5.016425e-10	-1.293070e+01	-3.566440e+01
1.450000e-06	-1.813785e-06	-4.968226e-10	-1.262342e+01	-3.519655e+01
1.460000e-06	-1.769459e-06	-4.918689e-10	-1.231492e+01	-3.472348e+01
1.470000e-06	-1.725023e-06	-4.837485e-10	-1.200565e+01	-3.424489e+01
1.480000e-06	-1.680447e-06	-4.732348e-10	-1.169542e+01	-3.376046e+01
1.490000e-06	-1.635730e-06	-4.643919e-10	-1.138421e+01	-3.326984e+01
1.500000e-06	-1.590907e-06	-4.595319e-10	-1.107225e+01	-3.277263e+01
1.510000e-06	-1.545877e-06	-4.561817e-10	-1.075885e+01	-3.226842e+01
1.520000e-06	-1.500672e-06	-4.521151e-10	-1.044424e+01	-3.175675e+01
1.530000e-06	-1.455411e-06	-4.464991e-10	-1.012924e+01	-3.123714e+01
1.540000e-06	-1.410049e-06	-4.379497e-10	-9.813529e+00	-3.070910e+01
1.550000e-06	-1.364637e-06	-4.271162e-10	-9.497477e+00	-3.017209e+01
1.560000e-06	-1.319214e-06	-4.153905e-10	-9.181346e+00	-2.962558e+01
1.570000e-06	-1.273742e-06	-4.054266e-10	-8.864871e+00	-2.906900e+01
1.580000e-06	-1.228234e-06	-3.971921e-10	-8.548152e+00	-2.850178e+01
1.590000e-06	-1.182620e-06	-3.915752e-10	-8.230689e+00	-2.792334e+01
1.600000e-06	-1.136808e-06	-3.855085e-10	-7.911851e+00	-2.733309e+01
1.610000e-06	-1.090906e-06	-3.770065e-10	-7.592388e+00	-2.673045e+01
1.620000e-06	-1.045025e-06	-3.662200e-10	-7.273066e+00	-2.611484e+01
1.630000e-06	-9.990700e-07	-3.563695e-10	-6.953236e+00	-2.548568e+01
1.640000e-06	-9.530161e-07	-3.485568e-10	-6.632715e+00	-2.484242e+01
1.650000e-06	-9.068891e-07	-3.403288e-10	-6.311684e+00	-2.418450e+01
1.660000e-06	-8.607054e-07	-3.291554e-10	-5.990259e+00	-2.351142e+01
1.670000e-06	-8.144109e-07	-3.179019e-10	-5.668063e+00	-2.282268e+01
1.680000e-06	-7.680699e-07	-3.067627e-10	-5.345543e+00	-2.211782e+01
1.690000e-06	-7.217049e-07	-2.964583e-10	-5.022856e+00	-2.139641e+01
1.700000e-06	-6.752655e-07	-2.862114e-10	-4.699651e+00	-2.065806e+01
1.710000e-06	-6.288400e-07	-2.759681e-10	-4.376543e+00	-1.990243e+01
1.720000e-06	-5.824067e-07	-2.642235e-10	-4.053381e+00	-1.912924e+01
1.730000e-06	-5.358716e-07	-2.491989e-10	-3.729511e+00	-1.833823e+01
1.740000e-06	-4.892204e-07	-2.325391e-10	-3.404831e+00	-1.752922e+01
1.750000e-06	-4.425005e-07	-2.168812e-10	-3.079675e+00	-1.670208e+01
1.760000e-06	-3.957750e-07	-2.022359e-10	-2.754479e+00	-1.585673e+01
1.770000e-06	-3.490584e-07	-1.899514e-10	-2.429345e+00	-1.499318e+01
1.780000e-06	-3.022453e-07	-1.797532e-10	-2.103539e+00	-1.411147e+01
1.790000e-06	-2.554456e-07	-1.724015e-10	-1.777827e+00	-1.321173e+01
1.800000e-06	-2.086846e-07	-1.630584e-10	-1.452384e+00	-1.229415e+01
1.810000e-06	-1.618812e-07	-1.506145e-10	-1.126646e+00	-1.135898e+01
1.820000e-06	-1.151085e-07	-1.359707e-10	-8.011216e-01	-1.040654e+01
1.830000e-06	-6.833933e-08	-1.228051e-10	-4.756218e-01	-9.437237e+00
1.840000e-06	-2.154855e-08	-1.111425e-10	-1.499716e-01	-8.451515e+00
1.850000e-06	2.528615e-08	-9.653975e-11	1.759842e-01	-7.449900e+00
1.860000e-06	7.211181e-08	-8.246640e-11	5.018772e-01	-6.432975e+00
1.870000e-06	1.189972e-07	-6.973488e-11	8.281862e-01	-5.401388e+00
1.880000e-06	1.658252e-07	-5.729219e-11	1.154095e+00	-4.355843e+00
1.890000e-06	2.125854e-07	-4.253433e-11	1.479532e+00	-3.297102e+00
1.900000e-06	2.593988e-07	-2.548250e-11	1.805340e+00	-2.225978e+00
1.910000e-06	3.061620e-07	-9.084721e-12	2.130799e+00	-1.143333e+00
1.920000e-06	3.529515e-07	6.843558e-12	2.456440e+00	-5.007394e-02
1.930000e-06	3.997863e-07	2.199968e-11	2.782396e+00	1.052851e+00
1.940000e-06	4.465201e-07	3.459128e-11	3.107650e+00	2.164459e+00
1.950000e-06	4.931159e-07	4.607946e-11	3.431943e+00	3.283734e+00
1.960000e-06	5.396718e-07	5.769312e-11	3.755958e+00	4.409634e+00
1.970000e-06	5.861679e-07	7.349751e-11	4.079558e+00	5.541096e+00
1.980000e-06	6.325992e-07	8.841370e-11	4.402706e+00	6.677040e+00
1.990000e-06	6.789922e-07	1.043374e-10	4.725588e+00	7.816375e+00
2.000000e-06	7.253054e-07	1.195871e-10	5.047915e+00	8.958005e+00
2.010000e-06	7.715654e-07	1.350113e-10	5.369870e+00	1.010083e+01
2.020000e-06	8.177963e-07	1.537080e-10	5.691624e+00	1.124376e+01
2.030000e-06	8.639665e-07	1.724494e-10	6.012955e+00	1.238571e+01
2.040000e-06	9.101019e-07	1.892700e-10	6.334044e+00	1.352560e+01
2.050000e-06	9.561755e-07	2.050761e-10	6.654703e+00	1.466240e+01
2.060000e-06	1.002104e-06	2.204029e-10	6.974351e+00	1.579506e+01
2.070000e-06	1.047980e-06	2.358423e-10	7.293636e+00	1.692259e+01
2.080000e-06	1.093791e-06	2.523194e-10	7.612468e+00	1.804403e+01
2.090000e-06	1.139476e-06	2.711573e-10	7.930423e+00	1.915843e+01
2.100000e-06	1.185118e-06	2.906782e-10	8.248076e+00	2.026490e+01
2.110000e-06	1.230721e-06	3.066989e-10	8.565462e+00	2.136259e+01
2.120000e-06	1.276251e-06	3.202066e-10	8.882337e+00	2.245069e+01
2.130000e-06	1.321652e-06	3.343106e-10	9.198311e+00	2.352843e+01
2.140000e-06	1.366979e-06	3.482905e-10	9.513777e+00	2.459510e+01
2.150000e-06	1.412218e-06	3.614402e-10	9.828628e+00	2.565003e+01
2.160000e-06	1.457349e-06	3.764665e-10	1.014273e+01	2.669261e+01
2.170000e-06	1.502400e-06	3.926570e-10	1.045626e+01	2.772227e+01
2.180000e-06	1.547304e-06	4.112340e-10	1.076879e+01	2.873851e+01
2.190000e-06	1.592107e-06	4.277725e-10	1.108060e+01	2.974086e+01
2.200000e-06	1.636796e-06	4.414192e-10	1.139163e+01	3.072890e+01
2.210000e-06	1.681309e-06	4.539310e-10	1.170142e+01	3.170229e+01
2.220000e-06	1.725699e-06	4.659769e-10	1.201036e+01	3.266070e+01
2.230000e-06	1.769952e-06	4.792548e-10	1.231835e+01	3.360388e+01
2.240000e-06	1.814109e-06	4.927761e-10	1.262567e+01	3.453161e+01
2.250000e-06	1.858176e-06	5.056149e-10	1.293236e+01	3.544371e+01
2.260000e-06	1.902082e-06	5.171616e-10	1.323794e+01	3.634005e+01
2.270000e-06	1.945885e-06	5.318355e-10	1.354279e+01	3.722053e+01
2.280000e-06	1.989619e-06	5.488174e-10	1.384717e+01	3.808510e+01
2.290000e-06	2.033322e-06	5.635631e-10	1.415133e+01	3.893373e+01
2.300000e-06	2.077020e-06	5.753916e-10	1.445546e+01	3.976644e+01
2.310000e-06	2.120685e-06	5.847711e-10	1.475935e+01	4.058324e+01
2.320000e-06	2.164249e-06	5.945044e-10	1.506255e+01	4.138420e+01
2.330000e-06	2.207649e-06	6.045616e-10	1.536460e+01	4.216941e+01
2.340000e-06	2.250978e-06	6.164158e-10	1.566615e+01	4.293895e+01
2.350000e-06	2.294237e-06	6.311117e-10	1.596722e+01	4.369294e+01
2.360000e-06	2.337262e-06	6.477820e-10	1.626666e+01	4.443152e+01
2.370000e-06	2.379955e-06	6.630043e-10	1.656380e+01	4.515481e+01
2.380000e-06	2.422270e-06	6.745370e-10	1.685830e+01	4.586296e+01
2.390000e-06	2.464198e-06	6.828415e-10	1.715010e+01	4.655612e+01
2.400000e-06	2.505795e-06	6.886882e-10	1.743961e+01	4.723445e+01
2.410000e-06	2.547085e-06	6.926135e-10	1.772697e+01	4.789809e+01
2.420000e-06	2.588092e-06	6.985239e-10	1.801237e+01	4.854720e+01
2.430000e-06	2.628862e-06	7.103550e-10	1.829611e+01	4.918193e+01
2.440000e-06	2.669425e-06	7.242202e-10	1.857842e+01	4.980242e+01
2.450000e-06	2.709816e-06	7.348929e-10	1.885953e+01	5.040882e+01
2.460000e-06	2.749978e-06	7.436753e-10	1.913905e+01	5.100126e+01
2.470000e-06	2.789970e-06	7.510894e-10	1.941738e+01	5.157986e+01
2.480000e-06	2.829819e-06	7.577077e-10	1.969471e+01	5.214476e+01
2.490000e-06	2.869508e-06	7.652008e-10	1.997094e+01	5.269607e+01
2.500000e-06	2.909105e-06	7.735060e-10	2.024653e+01	5.323388e+01
2.510000e-06	2.948612e-06	7.828956e-10	2.052148e+01	5.375832e+01
2.520000e-06	2.987942e-06	7.920725e-10	2.079520e+01	5.426946e+01
2.530000e-06	3.027034e-06	8.003021e-10	2.106728e+01	5.476741e+01
2.540000e-06	3.065954e-06	8.063008e-10	2.133815e+01	5.525224e+01
2.550000e-06	3.104621e-06	8.105460e-10	2.160726e+01	5.572405e+01
2.560000e-06	3.142978e-06	8.159326e-10	2.187421e+01	5.618291e+01
2.570000e-06	3.181104e-06	8.217229e-10	2.213956e+01	5.662891e+01
2.580000e-06	3.219111e-06	8.271338e-10	2.240407e+01	5.706212e+01
2.590000e-06	3.257015e-06	8.325864e-10	2.266787e+01	5.748263e+01
2.600000e-06	3.294712e-06	8.394964e-10	2.293024e+01	5.789052e+01
2.610000e-06	3.332086e-06	8.446308e-10	2.319035e+01	5.828590e+01
2.620000e-06	3.369065e-06	8.462238e-10	2.344771e+01	5.866886e+01
2.630000e-06	3.405820e-06	8.480440e-10	2.370352e+01	5.903950e+01
2.640000e-06	3.442426e-06	8.530335e-10	2.395828e+01	5.939795e+01
2.650000e-06	3.478742e-06	8.617437e-10	2.421103e+01	5.974433e+01
2.660000e-06	3.514802e-06	8.696101e-10	2.446200e+01	6.007878e+01
2.670000e-06	3.550703e-06	8.746194e-10	2.471186e+01	6.040145e+01
2.680000e-06	3.586505e-06	8.780623e-10	2.496103e+01	6.071251e+01
2.690000e-06	3.622214e-06	8.824567e-10	2.520955e+01	6.101214e+01
2.700000e-06	3.657758e-06	8.879719e-10	2.545693e+01	6.130053e+01
2.710000e-06	3.693135e-06	8.933358e-10	2.570314e+01	6.157791e+01
2.720000e-06	3.728311e-06	8.968366e-10	2.594796e+01	6.184448e+01
2.730000e-06	3.763198e-06	8.991245e-10	2.619076e+01	6.210050e+01
2.740000e-06	3.797683e-06	9.014477e-10	2.643077e+01	6.234623e+01
2.750000e-06	3.831650e-06	9.032691e-10	2.666717e+01	6.258193e+01
2.760000e-06	3.865034e-06	9.056825e-10	2.689951e+01	6.280789e+01
2.770000e-06	3.897901e-06	9.097781e-10	2.712826e+01	6.302441e+01
2.780000e-06	3.930433e-06	9.139522e-10	2.735467e+01	6.323181e+01
2.790000e-06	3.962740e-06	9.188725e-10	2.757952e+01	6.343040e+01
2.800000e-06	3.994811e-06	9.238651e-10	2.780272e+01	6.362052e+01
2.810000e-06	4.026643e-06	9.279383e-10	2.802426e+01	6.380252e+01
2.820000e-06	4.058333e-06	9.312378e-10	2.824481e+01	6.397673e+01
2.830000e-06	4.089866e-06	9.339959e-10	2.846428e+01	6.414351e+01
2.840000e-06	4.121148e-06	9.371450e-10	2.868199e+01	6.430322e+01
2.850000e-06	4.152119e-06	9.423603e-10	2.889754e+01	6.445621e+01
2.860000e-06	4.182782e-06	9.489990e-10	2.911095e+01	6.460283e+01
2.870000e-06	4.213156e-06	9.534638e-10	2.932234e+01	6.474344e+01
2.880000e-06	4.243206e-06	9.560106e-10	2.953148e+01	6.487838e+01
2.890000e-06	4.272991e-06	9.583447e-10	2.973877e+01	6.500800e+01
2.900000e-06	4.302506e-06	9.601165e-10	2.994419e+01	6.513261e+01
2.910000e-06	4.331704e-06	9.618136e-10	3.014740e+01	6.525253e+01
2.920000e-06	4.360543e-06	9.645999e-10	3.034811e+01	6.536808e+01
2.930000e-06	4.389048e-06	9.680982e-10	3.054649e+01	6.547954e+01
2.940000e-06	4.417356e-06	9.716266e-10	3.074351e+01	6.558717e+01
2.950000e-06	4.445433e-06	9.751792e-10	3.093892e+01	6.569124e+01
2.960000e-06	4.473277e-06	9.789074e-10	3.113270e+01	6.579198e+01
2.970000e-06	4.500993e-06	9.823563e-10	3.132560e+01	6.588961e+01
2.980000e-06	4.528577e-06	9.876854e-10	3.151757e+01	6.598430e+01
2.990000e-06	4.555857e-06	9.924853e-10	3.170744e+01	6.607624e+01
3.000000e-06	4.582689e-06	9.940967e-10	3.189418e+01	6.616557e+01
3.010000e-06	4.609114e-06	9.928307e-10	3.207809e+01	6.625240e+01
3.020000e-06	4.634956e-06	9.913358e-10	3.225795e+01	6.633685e+01
3.030000e-06	4.660137e-06	9.927288e-10	3.243320e+01	6.641899e+01
3.040000e-06	4.684871e-06	9.950061e-10	3.260534e+01	6.649886e+01
3.050000e-06	4.709232e-06	9.972260e-10	3.277488e+01	6.657650e+01
3.060000e-06	4.733223e-06	9.988745e-10	3.294185e+01	6.665192e+01
3.070000e-06	4.756948e-06	9.979854e-10	3.310697e+01	6.672511e+01
3.080000e-06	4.780432e-06	9.961941e-10	3.327041e+01	6.679603e+01
3.090000e-06	4.803599e-06	9.959927e-10	3.343165e+01	6.686463e+01
3.100000e-06	4.826482e-06	9.972830e-10	3.359091e+01	6.693084e+01
3.110000e-06	4.849125e-06	9.984820e-10	3.374850e+01	6.699460e+01
3.120000e-06	4.871368e-06	9.987164e-10	3.390330e+01	6.705579e+01
3.130000e-06	4.893213e-06	9.995738e-10	3.405534e+01	6.711432e+01
3.140000e-06	4.914722e-06	1.002714e-09	3.420503e+01	6.717007e+01
3.150000e-06	4.935836e-06	1.007947e-09	3.435198e+01	6.722291e+01
3.160000e-06	4.956611e-06	1.011321e-09	3.449657e+01	6.727273e+01
3.170000e-06	4.977067e-06	1.010356e-09	3.463893e+01	6.731940e+01
3.180000e-06	4.997211e-06	1.007611e-09	3.477913e+01	6.736277e+01
3.190000e-06	5.017101e-06	1.006150e-09	3.491756e+01	6.740274e+01
3.200000e-06	5.036781e-06	1.005470e-09	3.505453e+01	6.743917e+01
3.210000e-06	5.056268e-06	1.005292e-09	3.519016e+01	6.747194e+01
3.220000e-06	5.075574e-06	1.006912e-09	3.532452e+01	6.750096e+01
3.230000e-06	5.094570e-06	1.008766e-09	3.545673e+01	6.752611e+01
3.240000e-06	5.113086e-06	1.008915e-09	3.558559e+01	6.754732e+01
3.250000e-06	5.131072e-06	1.007213e-09	3.571077e+01	6.756451e+01
3.260000e-06	5.148622e-06	1.004414e-09	3.583291e+01	6.757761e+01
3.270000e-06	5.165821e-06	1.004357e-09	3.595261e+01	6.758660e+01
3.280000e-06	5.182724e-06	1.009582e-09	3.607025e+01	6.759144e+01
3.290000e-06	5.199298e-06	1.015751e-09	3.618560e+01	6.759213e+01
3.300000e-06	5.215558e-06	1.018931e-09	3.629876e+01	6.758867e+01
3.310000e-06	5.231392e-06	1.018935e-09	3.640897e+01	6.758111e+01
3.320000e-06	5.246612e-06	1.016779e-09	3.651489e+01	6.756948e+01
3.330000e-06	5.261300e-06	1.013759e-09	3.661711e+01	6.755387e+01
3.340000e-06	5.275607e-06	1.011517e-09	3.671669e+01	6.753437e+01
3.350000e-06	5.289624e-06	1.012656e-09	3.681424e+01	6.751107e+01
3.360000e-06	5.303264e-06	1.018152e-09	3.690917e+01	6.748411e+01
3.370000e-06	5.316464e-06	1.024886e-09	3.700104e+01	6.745364e+01
3.380000e-06	5.329309e-06	1.028028e-09	3.709044e+01	6.741982e+01
3.390000e-06	5.341822e-06	1.027567e-09	3.717752e+01	6.738282e+01
3.400000e-06	5.353983e-06	1.027479e-09	3.726216e+01	6.734283e+01
3.410000e-06	5.365775e-06	1.027060e-09	3.734423e+01	6.730007e+01
3.420000e-06	5.377221e-06	1.025654e-09	3.742389e+01	6.725474e+01
3.430000e-06	5.388245e-06	1.025910e-09	3.750061e+01	6.720708e+01
3.440000e-06	5.398651e-06	1.029015e-09	3.757304e+01	6.715730e+01
3.450000e-06	5.408384e-06	1.031671e-09	3.764078e+01	6.710566e+01
3.460000e-06	5.417608e-06	1.031134e-09	3.770497e+01	6.705239e+01
3.470000e-06	5.426318e-06	1.029437e-09	3.776559e+01	6.699773e+01
3.480000e-06	5.434471e-06	1.028496e-09	3.782234e+01	6.694192e+01
3.490000e-06	5.442286e-06	1.029578e-09	3.787673e+01	6.688521e+01
3.500000e-06	5.449928e-06	1.029962e-09	3.792991e+01	6.682782e+01
3.510000e-06	5.457391e-06	1.027491e-09	3.798186e+01	6.676998e+01
3.520000e-06	5.464465e-06	1.025440e-09	3.803109e+01	6.671192e+01
3.530000e-06	5.471099e-06	1.025126e-09	3.807725e+01	6.665383e+01
3.540000e-06	5.477366e-06	1.024280e-09	3.812087e+01	6.659593e+01
3.550000e-06	5.483255e-06	1.023363e-09	3.816185e+01	6.653838e+01
3.560000e-06	5.488777e-06	1.025702e-09	3.820029e+01	6.648135e+01
3.570000e-06	5.493939e-06	1.029601e-09	3.823621e+01	6.642500e+01
3.580000e-06	5.498658e-06	1.032756e-09	3.826906e+01	6.636945e+01
3.590000e-06	5.502994e-06	1.035006e-09	3.829924e+01	6.631483e+01
3.600000e-06	5.507032e-06	1.036618e-09	3.832734e+01	6.626122e+01
3.610000e-06	5.510805e-06	1.038552e-09	3.835360e+01	6.620869e+01
3.620000e-06	5.514338e-06	1.039901e-09	3.837819e+01	6.615731e+01
3.630000e-06	5.517580e-06	1.039230e-09	3.840075e+01	6.610710e+01
3.640000e-06	5.520410e-06	1.036940e-09	3.842045e+01	6.605807e+01
3.650000e-06	5.522669e-06	1.035706e-09	3.843617e+01	6.601022e+01
3.660000e-06	5.524334e-06	1.036816e-09	3.844775e+01	6.596351e+01
3.670000e-06	5.525408e-06	1.039140e-09	3.845523e+01	6.591788e+01
3.680000e-06	5.525950e-06	1.043304e-09	3.845900e+01	6.587328e+01
3.690000e-06	5.526093e-06	1.048173e-09	3.846000e+01	6.582960e+01
3.700000e-06	5.525935e-06	1.051780e-09	3.845890e+01	6.578675e+01
3.710000e-06	5.525527e-06	1.053033e-09	3.845606e+01	6.574459e+01
3.720000e-06	5.524905e-06	1.050486e-09	3.845173e+01	6.570299e+01
3.730000e-06	5.523907e-06	1.047926e-09	3.844479e+01	6.566179e+01
3.740000e-06	5.522476e-06	1.053387e-09	3.843482e+01	6.562082e+01
3.750000e-06	5.520756e-06	1.068183e-09	3.842286e+01	6.557991e+01
3.760000e-06	5.518747e-06	1.074407e-09	3.840887e+01	6.553885e+01
3.770000e-06	5.516309e-06	1.041202e-09	3.839191e+01	6.549746e+01
3.780000e-06	5.513361e-06	9.794333e-10	3.837139e+01	6.545553e+01
3.790000e-06	5.509916e-06	9.259500e-10	3.834741e+01	6.541286e+01
3.800000e-06	5.505971e-06	9.284294e-10	3.831996e+01	6.536922e+01
3.810000e-06	5.501707e-06	1.054765e-09	3.829028e+01	6.532440e+01
3.820000e-06	5.497340e-06	1.129205e-09	3.825989e+01	6.527818e+01
3.830000e-06	5.492838e-06	1.061946e-09	3.822856e+01	6.523036e+01
3.840000e-06	5.487841e-06	1.017516e-09	3.819378e+01	6.518073e+01
3.850000e-06	5.482239e-06	1.032398e-09	3.815478e+01	6.512907e+01
3.860000e-06	5.476225e-06	1.065509e-09	3.811293e+01	6.507518e+01
3.870000e-06	5.469965e-06	9.662309e-10	3.806936e+01	6.501888e+01
3.880000e-06	5.463302e-06	9.285158e-10	3.802299e+01	6.495998e+01
3.890000e-06	5.455893e-06	1.075467e-09	3.797142e+01	6.489830e+01
3.900000e-06	5.447974e-06	1.184509e-09	3.791631e+01	6.483367e+01
3.910000e-06	5.439803e-06	1.040863e-09	3.785944e+01	6.476596e+01
3.920000e-06	5.431269e-06	8.693360e-10	3.780005e+01	6.469500e+01
3.930000e-06	5.422380e-06	9.789606e-10	3.773819e+01	6.462068e+01
3.940000e-06	5.413193e-06	1.105262e-09	3.767424e+01	6.454289e+01
3.950000e-06	5.403649e-06	1.017887e-09	3.760782e+01	6.446151e+01
3.960000e-06	5.393720e-06	9.004480e-10	3.753872e+01	6.437646e+01
3.970000e-06	5.383373e-06	1.008914e-09	3.746671e+01	6.428768e+01
3.980000e-06	5.372640e-06	1.078446e-09	3.739201e+01	6.419510e+01
3.990000e-06	5.361547e-06	9.799434e-10	3.731481e+01	6.409868e+01
4.000000e-06	5.350093e-06	9.259618e-10	3.723509e+01	6.399839e+01
4.010000e-06	5.338230e-06	1.003292e-09	3.715253e+01	6.389421e+01
4.020000e-06	5.325960e-06	9.818253e-10	3.706713e+01	6.378615e+01
4.030000e-06	5.313252e-06	8.931963e-10	3.697869e+01	6.367421e+01
4.040000e-06	5.300023e-06	9.141283e-10	3.688662e+01	6.355842e+01
4.050000e-06	5.286375e-06	9.914597e-10	3.679163e+01	6.343882e+01
4.060000e-06	5.272234e-06	9.578560e-10	3.669322e+01	6.331545e+01
4.070000e-06	5.257447e-06	9.005151e-10	3.659030e+01	6.318838e+01
4.080000e-06	5.242034e-06	9.273891e-10	3.648303e+01	6.305768e+01
4.090000e-06	5.226178e-06	9.904432e-10	3.637268e+01	6.292342e+01
4.100000e-06	5.210035e-06	9.843409e-10	3.626033e+01	6.278569e+01
4.110000e-06	5.193608e-06	9.027874e-10	3.614600e+01	6.264460e+01
4.120000e-06	5.176871e-06	8.827787e-10	3.602951e+01	6.250024e+01
4.130000e-06	5.159821e-06	9.628276e-10	3.591085e+01	6.235273e+01
4.140000e-06	5.142429e-06	9.825021e-10	3.578981e+01	6.220218e+01
4.150000e-06	5.124615e-06	8.896578e-10	3.566583e+01	6.204872e+01
4.160000e-06	5.106429e-06	9.148882e-10	3.553926e+01	6.189247e+01
4.170000e-06	5.087996e-06	9.966810e-10	3.541097e+01	6.173356e+01
4.180000e-06	5.069308e-06	9.284456e-10	3.528091e+01	6.157212e+01
4.190000e-06	5.050273e-06	8.677506e-10	3.514843e+01	6.140829e+01
4.200000e-06	5.030853e-06	9.814539e-10	3.501327e+01	6.124221e+01
4.210000e-06	5.011034e-06	9.718713e-10	3.487534e+01	6.107400e+01
4.220000e-06	4.990923e-06	8.515817e-10	3.473537e+01	6.090380e+01
4.230000e-06	4.970599e-06	9.062091e-10	3.459392e+01	6.073176e+01
4.240000e-06	4.950040e-06	9.883716e-10	3.445083e+01	6.055799e+01
4.250000e-06	4.929251e-06	8.959340e-10	3.430615e+01	6.038263e+01
4.260000e-06	4.908120e-06	8.949595e-10	3.415908e+01	6.020582e+01
4.270000e-06	4.886389e-06	9.709404e-10	3.400785e+01	6.002766e+01
4.280000e-06	4.863871e-06	9.065565e-10	3.385113e+01	5.984830e+01
4.290000e-06	4.840769e-06	8.673932e-10	3.369034e+01	5.966783e+01
4.300000e-06	4.817320e-06	9.563290e-10	3.352714e+01	5.948637e+01
4.310000e-06	4.793494e-06	9.241965e-10	3.336133e+01	5.930403e+01
4.320000e-06	4.769352e-06	8.551771e-10	3.319330e+01	5.912091e+01
4.330000e-06	4.745022e-06	9.249379e-10	3.302397e+01	5.893709e+01
4.340000e-06	4.720446e-06	9.547981e-10	3.285293e+01	5.875266e+01
4.350000e-06	4.695555e-06	8.841607e-10	3.267969e+01	5.856771e+01
4.360000e-06	4.670383e-06	8.882522e-10	3.250451e+01	5.838229e+01
4.370000e-06	4.644888e-06	9.103111e-10	3.232707e+01	5.819647e+01
4.380000e-06	4.619012e-06	8.713560e-10	3.214698e+01	5.801029e+01
4.390000e-06	4.592809e-06	8.763705e-10	3.196461e+01	5.782381e+01
4.400000e-06	4.566323e-06	9.136107e-10	3.178028e+01	5.763705e+01
4.410000e-06	4.539513e-06	8.993880e-10	3.159369e+01	5.745003e+01
4.420000e-06	4.512349e-06	8.754478e-10	3.140464e+01	5.726276e+01
4.430000e-06	4.484854e-06	8.810471e-10	3.121328e+01	5.707525e+01
4.440000e-06	4.457078e-06	8.798859e-10	3.101996e+01	5.688747e+01
4.450000e-06	4.429109e-06	8.734836e-10	3.082531e+01	5.669940e+01
4.460000e-06	4.400975e-06	8.669354e-10	3.062950e+01	5.651101e+01
4.470000e-06	4.372679e-06	8.633265e-10	3.043258e+01	5.632224e+01
4.480000e-06	4.344149e-06	8.627210e-10	3.023401e+01	5.613304e+01
4.490000e-06	4.315238e-06	8.691772e-10	3.003280e+01	5.594334e+01
4.500000e-06	4.285981e-06	8.686682e-10	2.982918e+01	5.575303e+01
4.510000e-06	4.256287e-06	8.626190e-10	2.962252e+01	5.556203e+01
4.520000e-06	4.225964e-06	8.491914e-10	2.941148e+01	5.537022e+01
4.530000e-06	4.195107e-06	8.466519e-10	2.919672e+01	5.517749e+01
4.540000e-06	4.163843e-06	8.453448e-10	2.897913e+01	5.498369e+01
4.550000e-06	4.132216e-06	8.452507e-10	2.875902e+01	5.478867e+01
4.560000e-06	4.100317e-06	8.424109e-10	2.853701e+01	5.459229e+01
4.570000e-06	4.068194e-06	8.355246e-10	2.831344e+01	5.439436e+01
4.580000e-06	4.035901e-06	8.286791e-10	2.808869e+01	5.419472e+01
4.590000e-06	4.003449e-06	8.339472e-10	2.786284e+01	5.399318e+01
4.600000e-06	3.970756e-06	8.306799e-10	2.763530e+01	5.378954e+01
4.610000e-06	3.937800e-06	8.181356e-10	2.740594e+01	5.358359e+01
4.620000e-06	3.904551e-06	8.109814e-10	2.717454e+01	5.337514e+01
4.630000e-06	3.871049e-06	8.085670e-10	2.694137e+01	5.316396e+01
4.640000e-06	3.837257e-06	8.041980e-10	2.670619e+01	5.294983e+01
4.650000e-06	3.803168e-06	8.081704e-10	2.646894e+01	5.273255e+01
4.660000e-06	3.768848e-06	8.145765e-10	2.623008e+01	5.251187e+01
4.670000e-06	3.734328e-06	8.105139e-10	2.598984e+01	5.228759e+01
4.680000e-06	3.699550e-06	8.060734e-10	2.574779e+01	5.205947e+01
4.690000e-06	3.664460e-06	8.087832e-10	2.550358e+01	5.182731e+01
4.700000e-06	3.629093e-06	8.071741e-10	2.525743e+01	5.159088e+01
4.710000e-06	3.593443e-06	7.961856e-10	2.500931e+01	5.134998e+01
4.720000e-06	3.557629e-06	7.922384e-10	2.476007e+01	5.110441e+01
4.730000e-06	3.521664e-06	7.940004e-10	2.450976e+01	5.085396e+01
4.740000e-06	3.485518e-06	7.899041e-10	2.425819e+01	5.059847e+01
4.750000e-06	3.449279e-06	7.814130e-10	2.400597e+01	5.033775e+01
4.760000e-06	3.412931e-06	7.775785e-10	2.375301e+01	5.007165e+01
4.770000e-06	3.376382e-06	7.698646e-10	2.349863e+01	4.980002e+01
4.780000e-06	3.339538e-06	7.643661e-10	2.324221e+01	4.952273e+01
4.790000e-06	3.302416e-06	7.654415e-10	2.298385e+01	4.923966e+01
4.800000e-06	3.264969e-06	7.680272e-10	2.272323e+01	4.895072e+01
4.810000e-06	3.227157e-06	7.644504e-10	2.246007e+01	4.865582e+01
4.820000e-06	3.189040e-06	7.611217e-10	2.219479e+01	4.835489e+01
4.830000e-06	3.150491e-06	7.562259e-10	2.192650e+01	4.804789e+01
4.840000e-06	3.111518e-06	7.492319e-10	2.165526e+01	4.773479e+01
4.850000e-06	3.072162e-06	7.404787e-10	2.138135e+01	4.741559e+01
4.860000e-06	3.032513e-06	7.340128e-10	2.110541e+01	4.709028e+01
4.870000e-06	2.992804e-06	7.277749e-10	2.082905e+01	4.675890e+01
4.880000e-06	2.952931e-06	7.227325e-10	2.055154e+01	4.642148e+01
4.890000e-06	2.912796e-06	7.194085e-10	2.027221e+01	4.607809e+01
4.900000e-06	2.872541e-06	7.164900e-10	1.999205e+01	4.572879e+01
4.910000e-06	2.832200e-06	7.099171e-10	1.971129e+01	4.537369e+01
4.920000e-06	2.791756e-06	7.024004e-10	1.942981e+01	4.501287e+01
4.930000e-06	2.751149e-06	6.971378e-10	1.914720e+01	4.464644e+01
4.940000e-06	2.710328e-06	6.940607e-10	1.886310e+01	4.427454e+01
4.950000e-06	2.669329e-06	6.898180e-10	1.857775e+01	4.389728e+01
4.960000e-06	2.628144e-06	6.845119e-10	1.829112e+01	4.351480e+01
4.970000e-06	2.586778e-06	6.803391e-10	1.800322e+01	4.312723e+01
4.980000e-06	2.545204e-06	6.770989e-10	1.771388e+01	4.273471e+01
4.990000e-06	2.503424e-06	6.752016e-10	1.742310e+01	4.233738e+01
5.000000e-06	2.461500e-06	6.722933e-10	1.713132e+01	4.193535e+01
5.010000e-06	2.419424e-06	6.683566e-10	1.683849e+01	4.152877e+01
5.020000e-06	2.377196e-06	6.618618e-10	1.654460e+01	4.111773e+01
5.030000e-06	2.334765e-06	6.547339e-10	1.624929e+01	4.070234e+01
5.040000e-06	2.292165e-06	6.468842e-10	1.595280e+01	4.028268e+01
5.050000e-06	2.249465e-06	6.389949e-10	1.565562e+01	3.985883e+01
5.060000e-06	2.206640e-06	6.325208e-10	1.535758e+01	3.943083e+01
5.070000e-06	2.163642e-06	6.276203e-10	1.505832e+01	3.899870e+01
5.080000e-06	2.120399e-06	6.216860e-10	1.475736e+01	3.856245e+01
5.090000e-06	2.076961e-06	6.165252e-10	1.445505e+01	3.812206e+01
5.100000e-06	2.033453e-06	6.105638e-10	1.415224e+01	3.767746e+01
5.110000e-06	1.989858e-06	6.026641e-10	1.384883e+01	3.722857e+01
5.120000e-06	1.946105e-06	5.906492e-10	1.354433e+01	3.677529e+01
5.130000e-06	1.902203e-06	5.805304e-10	1.323878e+01	3.631745e+01
5.140000e-06	1.858175e-06	5.762984e-10	1.293236e+01	3.585488e+01
5.150000e-06	1.814088e-06	5.731635e-10	1.262552e+01	3.538736e+01
5.160000e-06	1.769951e-06	5.678561e-10	1.231834e+01	3.491463e+01
5.170000e-06	1.725774e-06	5.621968e-10	1.201089e+01	3.443642e+01
5.180000e-06	1.681574e-06	5.535018e-10	1.170326e+01	3.395240e+01
5.190000e-06	1.637301e-06	5.411018e-10	1.139514e+01	3.346221e+01
5.200000e-06	1.592944e-06	5.279357e-10	1.108643e+01	3.296547e+01
5.210000e-06	1.548452e-06	5.162031e-10	1.077677e+01	3.246176e+01
5.220000e-06	1.503860e-06	5.062080e-10	1.046643e+01	3.195064e+01
5.230000e-06	1.459277e-06	4.999989e-10	1.015614e+01	3.143162e+01
5.240000e-06	1.414689e-06	4.933750e-10	9.845821e+00	3.090420e+01
5.250000e-06	1.369936e-06	4.853243e-10	9.534354e+00	3.036787e+01
5.260000e-06	1.325066e-06	4.777655e-10	9.222072e+00	2.982207e+01
5.270000e-06	1.280173e-06	4.703998e-10	8.909629e+00	2.926626e+01
5.280000e-06	1.235106e-06	4.614743e-10	8.595981e+00	2.869985e+01
5.290000e-06	1.189886e-06	4.499559e-10	8.281259e+00	2.812227e+01
5.300000e-06	1.144623e-06	4.381148e-10	7.966243e+00	2.753294e+01
5.310000e-06	1.099272e-06	4.262972e-10	7.650612e+00	2.693126e+01
5.320000e-06	1.053703e-06	4.159386e-10	7.333466e+00	2.631665e+01
5.330000e-06	1.007989e-06	4.041271e-10	7.015309e+00	2.568855e+01
5.340000e-06	9.622843e-07	3.911463e-10	6.697219e+00	2.504638e+01
5.350000e-06	9.165231e-07	3.776275e-10	6.378734e+00	2.438962e+01
5.360000e-06	8.706361e-07	3.653961e-10	6.059373e+00	2.371772e+01
5.370000e-06	8.246619e-07	3.542280e-10	5.739407e+00	2.303021e+01
5.380000e-06	7.786843e-07	3.431970e-10	5.419416e+00	2.232661e+01
5.390000e-06	7.327021e-07	3.335134e-10	5.099393e+00	2.160650e+01
5.400000e-06	6.866225e-07	3.241106e-10	4.778692e+00	2.086948e+01
5.410000e-06	6.404124e-07	3.117387e-10	4.457084e+00	2.011521e+01
5.420000e-06	5.940866e-07	2.996081e-10	4.134670e+00	1.934340e+01
5.430000e-06	5.477361e-07	2.896017e-10	3.812084e+00	1.855378e+01
5.440000e-06	5.013862e-07	2.803537e-10	3.489502e+00	1.774619e+01
5.450000e-06	4.549800e-07	2.691309e-10	3.166529e+00	1.692046e+01
5.460000e-06	4.085053e-07	2.551831e-10	2.843078e+00	1.607654e+01
5.470000e-06	3.620469e-07	2.375901e-10	2.519741e+00	1.521441e+01
5.480000e-06	3.156461e-07	2.204261e-10	2.196805e+00	1.433411e+01
5.490000e-06	2.692285e-07	2.070077e-10	1.873752e+00	1.343577e+01
5.500000e-06	2.227765e-07	1.943455e-10	1.550460e+00	1.251957e+01
5.510000e-06	1.762821e-07	1.803142e-10	1.226872e+00	1.158576e+01
5.520000e-06	1.298660e-07	1.672639e-10	9.038296e-01	1.063466e+01
5.530000e-06	8.348753e-08	1.536924e-10	5.810489e-01	9.666644e+00
5.540000e-06	3.697373e-08	1.377809e-10	2.573264e-01	8.682175e+00
5.550000e-06	-9.582701e-09	1.221185e-10	-6.669281e-02	7.681767e+00
5.560000e-06	-5.606453e-08	1.051778e-10	-3.901928e-01	6.665999e+00
5.570000e-06	-1.025244e-07	8.804687e-11	-7.135403e-01	5.635512e+00
5.580000e-06	-1.490252e-07	7.322927e-11	-1.037172e+00	4.591007e+00
5.590000e-06	-1.954881e-07	6.074734e-11	-1.360540e+00	3.533240e+00
5.600000e-06	-2.419901e-07	4.800199e-11	-1.684181e+00	2.463020e+00
5.610000e-06	-2.884909e-07	3.420878e-11	-2.007813e+00	1.381205e+00
5.620000e-06	-3.349000e-07	1.793775e-11	-2.330806e+00	2.886996e-01
5.630000e-06	-3.813329e-07	-1.588624e-12	-2.653966e+00	-8.135527e-01
5.640000e-06	-4.276980e-07	-2.104586e-11	-2.976654e+00	-1.924571e+00
5.650000e-06	-4.739381e-07	-4.076604e-11	-3.298471e+00	-3.043341e+00
5.660000e-06	-5.201496e-07	-6.226072e-11	-3.620090e+00	-4.168825e+00
5.670000e-06	-5.663207e-07	-8.396907e-11	-3.941427e+00	-5.299960e+00
5.680000e-06	-6.123986e-07	-1.039133e-10	-4.262116e+00	-6.435668e+00
5.690000e-06	-6.584382e-07	-1.214592e-10	-4.582538e+00	-7.574858e+00
5.700000e-06	-7.044123e-07	-1.384313e-10	-4.902504e+00	-8.716433e+00
5.710000e-06	-7.503846e-07	-1.546800e-10	-5.222458e+00	-9.859297e+00
5.720000e-06	-7.963865e-07	-1.713748e-10	-5.542618e+00	-1.100235e+01
5.730000e-06	-8.422722e-07	-1.905129e-10	-5.861969e+00	-1.214452e+01
5.740000e-06	-8.880987e-07	-2.104746e-10	-6.180909e+00	-1.328472e+01
5.750000e-06	-9.338646e-07	-2.302815e-10	-6.499426e+00	-1.442191e+01
5.760000e-06	-9.794778e-07	-2.502079e-10	-6.816880e+00	-1.555505e+01
5.770000e-06	-1.024957e-06	-2.694139e-10	-7.133405e+00	-1.668315e+01
5.780000e-06	-1.070364e-06	-2.869936e-10	-7.449419e+00	-1.780522e+01
5.790000e-06	-1.115719e-06	-3.055130e-10	-7.765082e+00	-1.892034e+01
5.800000e-06	-1.160900e-06	-3.273302e-10	-8.079527e+00	-2.002760e+01
5.810000e-06	-1.205913e-06	-3.480746e-10	-8.392800e+00	-2.112614e+01
5.820000e-06	-1.250795e-06	-3.678279e-10	-8.705166e+00	-2.221517e+01
5.830000e-06	-1.295617e-06	-3.889723e-10	-9.017119e+00	-2.329389e+01
5.840000e-06	-1.340443e-06	-4.083702e-10	-9.329093e+00	-2.436161e+01
5.850000e-06	-1.385138e-06	-4.241560e-10	-9.640156e+00	-2.541764e+01
5.860000e-06	-1.429772e-06	-4.407098e-10	-9.950799e+00	-2.646137e+01
5.870000e-06	-1.474339e-06	-4.589411e-10	-1.026097e+01	-2.749222e+01
5.880000e-06	-1.518835e-06	-4.755350e-10	-1.057065e+01	-2.850969e+01
5.890000e-06	-1.563242e-06	-4.900540e-10	-1.087971e+01	-2.951331e+01
5.900000e-06	-1.607537e-06	-5.032548e-10	-1.118799e+01	-3.050265e+01
5.910000e-06	-1.651777e-06	-5.186981e-10	-1.149589e+01	-3.147737e+01
5.920000e-06	-1.695981e-06	-5.361275e-10	-1.180353e+01	-3.243714e+01
5.930000e-06	-1.740129e-06	-5.527984e-10	-1.211079e+01	-3.338169e+01
5.940000e-06	-1.784179e-06	-5.690412e-10	-1.241736e+01	-3.431081e+01
5.950000e-06	-1.828154e-06	-5.846121e-10	-1.272342e+01	-3.522431e+01
5.960000e-06	-1.872071e-06	-5.997193e-10	-1.302907e+01	-3.612206e+01
5.970000e-06	-1.915921e-06	-6.124028e-10	-1.333426e+01	-3.700397e+01
5.980000e-06	-1.959623e-06	-6.245768e-10	-1.363840e+01	-3.786996e+01
5.990000e-06	-2.003160e-06	-6.407111e-10	-1.394141e+01	-3.872002e+01
6.000000e-06	-2.046617e-06	-6.570871e-10	-1.424386e+01	-3.955414e+01
6.010000e-06	-2.089926e-06	-6.724491e-10	-1.454527e+01	-4.037236e+01
6.020000e-06	-2.132997e-06	-6.842914e-10	-1.484504e+01	-4.117474e+01
6.030000e-06	-2.175929e-06	-6.929199e-10	-1.514383e+01	-4.196135e+01
6.040000e-06	-2.218768e-06	-6.998367e-10	-1.544198e+01	-4.273229e+01
6.050000e-06	-2.261359e-06	-7.097626e-10	-1.573840e+01	-4.348767e+01
6.060000e-06	-2.303716e-06	-7.207986e-10	-1.603319e+01	-4.422762e+01
6.070000e-06	-2.345997e-06	-7.315461e-10	-1.632746e+01	-4.495227e+01
6.080000e-06	-2.388196e-06	-7.472767e-10	-1.662115e+01	-4.566177e+01
6.090000e-06	-2.430258e-06	-7.631117e-10	-1.691389e+01	-4.635627e+01
6.100000e-06	-2.472122e-06	-7.741319e-10	-1.720525e+01	-4.703593e+01
6.110000e-06	-2.513817e-06	-7.821034e-10	-1.749544e+01	-4.770088e+01
6.120000e-06	-2.555361e-06	-7.905056e-10	-1.778457e+01	-4.835129e+01
6.130000e-06	-2.596671e-06	-7.997396e-10	-1.807208e+01	-4.898731e+01
6.140000e-06	-2.637727e-06	-8.089552e-10	-1.835781e+01	-4.960908e+01
6.150000e-06	-2.678547e-06	-8.185289e-10	-1.864191e+01	-5.021674e+01
6.160000e-06	-2.719211e-06	-8.284868e-10	-1.892492e+01	-5.081043e+01
6.170000e-06	-2.759777e-06	-8.349511e-10	-1.920724e+01	-5.139028e+01
6.180000e-06	-2.800198e-06	-8.401323e-10	-1.948856e+01	-5.195641e+01
6.190000e-06	-2.840461e-06	-8.460212e-10	-1.976878e+01	-5.250894e+01
6.200000e-06	-2.880653e-06	-8.532327e-10	-2.004850e+01	-5.304797e+01
6.210000e-06	-2.920816e-06	-8.611819e-10	-2.032803e+01	-5.357361e+01
6.220000e-06	-2.960819e-06	-8.692925e-10	-2.060644e+01	-5.408596e+01
6.230000e-06	-3.000641e-06	-8.764284e-10	-2.088359e+01	-5.458510e+01
6.240000e-06	-3.040269e-06	-8.832603e-10	-2.115939e+01	-5.507112e+01
6.250000e-06	-3.079694e-06	-8.888535e-10	-2.143377e+01	-5.554410e+01
6.260000e-06	-3.118832e-06	-8.932210e-10	-2.170616e+01	-5.600413e+01
6.270000e-06	-3.157513e-06	-8.995355e-10	-2.197537e+01	-5.645129e+01
6.280000e-06	-3.195740e-06	-9.078413e-10	-2.224142e+01	-5.688566e+01
6.290000e-06	-3.233541e-06	-9.147210e-10	-2.250450e+01	-5.730732e+01
6.300000e-06	-3.270993e-06	-9.189869e-10	-2.276516e+01	-5.771636e+01
6.310000e-06	-3.308158e-06	-9.227179e-10	-2.302382e+01	-5.811288e+01
6.320000e-06	-3.345078e-06	-9.253662e-10	-2.328077e+01	-5.849696e+01
6.330000e-06	-3.381756e-06	-9.283127e-10	-2.353604e+01	-5.886872e+01
6.340000e-06	-3.418197e-06	-9.308855e-10	-2.378966e+01	-5.922827e+01
6.350000e-06	-3.454407e-06	-9.336662e-10	-2.404166e+01	-5.957575e+01
6.360000e-06	-3.490417e-06	-9.399786e-10	-2.429229e+01	-5.991128e+01
6.370000e-06	-3.526337e-06	-9.490054e-10	-2.454228e+01	-6.023502e+01
6.380000e-06	-3.562190e-06	-9.543639e-10	-2.479180e+01	-6.054714e+01
6.390000e-06	-3.597875e-06	-9.558019e-10	-2.504016e+01	-6.084781e+01
6.400000e-06	-3.633257e-06	-9.572995e-10	-2.528641e+01	-6.113723e+01
6.410000e-06	-3.668319e-06	-9.593511e-10	-2.553044e+01	-6.141561e+01
6.420000e-06	-3.702996e-06	-9.624409e-10	-2.577177e+01	-6.168317e+01
6.430000e-06	-3.737403e-06	-9.680952e-10	-2.601123e+01	-6.194016e+01
6.440000e-06	-3.771699e-06	-9.738563e-10	-2.624993e+01	-6.218682e+01
6.450000e-06	-3.805823e-06	-9.774556e-10	-2.648742e+01	-6.242344e+01
6.460000e-06	-3.839664e-06	-9.787832e-10	-2.672294e+01	-6.265030e+01
6.470000e-06	-3.873123e-06	-9.786842e-10	-2.695581e+01	-6.286769e+01
6.480000e-06	-3.906299e-06	-9.800878e-10	-2.718670e+01	-6.307593e+01
6.490000e-06	-3.939219e-06	-9.837349e-10	-2.741582e+01	-6.327534e+01
6.500000e-06	-3.971839e-06	-9.892154e-10	-2.764284e+01	-6.346625e+01
6.510000e-06	-4.004238e-06	-9.951928e-10	-2.786833e+01	-6.364901e+01
6.520000e-06	-4.036483e-06	-9.997597e-10	-2.809274e+01	-6.382395e+01
6.530000e-06	-4.068580e-06	-1.002732e-09	-2.831613e+01	-6.399143e+01
6.540000e-06	-4.100460e-06	-1.005258e-09	-2.853801e+01	-6.415181e+01
6.550000e-06	-4.132005e-06	-1.009646e-09	-2.875755e+01	-6.430544e+01
6.560000e-06	-4.163083e-06	-1.016436e-09	-2.897385e+01	-6.445268e+01
6.570000e-06	-4.193773e-06	-1.022783e-09	-2.918744e+01	-6.459387e+01
6.580000e-06	-4.224085e-06	-1.024669e-09	-2.939840e+01	-6.472937e+01
6.590000e-06	-4.253832e-06	-1.022748e-09	-2.960543e+01	-6.485951e+01
6.600000e-06	-4.283067e-06	-1.022846e-09	-2.980890e+01	-6.498462e+01
6.610000e-06	-4.311952e-06	-1.024770e-09	-3.000993e+01	-6.510502e+01
6.620000e-06	-4.340502e-06	-1.027281e-09	-3.020863e+01	-6.522102e+01
6.630000e-06	-4.368783e-06	-1.030122e-09	-3.040546e+01	-6.533290e+01
6.640000e-06	-4.396936e-06	-1.032642e-09	-3.060139e+01	-6.544094e+01
6.650000e-06	-4.424917e-06	-1.034412e-09	-3.079613e+01	-6.554539e+01
6.660000e-06	-4.452628e-06	-1.036586e-09	-3.098899e+01	-6.564650e+01
6.670000e-06	-4.480078e-06	-1.037080e-09	-3.118004e+01	-6.574447e+01
6.680000e-06	-4.507180e-06	-1.035999e-09	-3.136866e+01	-6.583949e+01
6.690000e-06	-4.533939e-06	-1.036272e-09	-3.155489e+01	-6.593175e+01
6.700000e-06	-4.560454e-06	-1.038050e-09	-3.173943e+01	-6.602139e+01
6.710000e-06	-4.586634e-06	-1.040849e-09	-3.192164e+01	-6.610852e+01
6.720000e-06	-4.612415e-06	-1.040571e-09	-3.210107e+01	-6.619326e+01
6.730000e-06	-4.637851e-06	-1.037042e-09	-3.227810e+01	-6.627568e+01
6.740000e-06	-4.662958e-06	-1.035826e-09	-3.245283e+01	-6.635584e+01
6.750000e-06	-4.687705e-06	-1.036638e-09	-3.262506e+01	-6.643376e+01
6.760000e-06	-4.712185e-06	-1.038534e-09	-3.279543e+01	-6.650946e+01
6.770000e-06	-4.736458e-06	-1.042038e-09	-3.296437e+01	-6.658293e+01
6.780000e-06	-4.760526e-06	-1.044046e-09	-3.313188e+01	-6.665413e+01
6.790000e-06	-4.784374e-06	-1.043932e-09	-3.329785e+01	-6.672303e+01
6.800000e-06	-4.807897e-06	-1.041270e-09	-3.346156e+01	-6.678954e+01
6.810000e-06	-4.830943e-06	-1.039591e-09	-3.362196e+01	-6.685360e+01
6.820000e-06	-4.853523e-06	-1.038769e-09	-3.377910e+01	-6.691510e+01
6.830000e-06	-4.875626e-06	-1.038794e-09	-3.393294e+01	-6.697395e+01
6.840000e-06	-4.897112e-06	-1.038776e-09	-3.408248e+01	-6.703003e+01
6.850000e-06	-4.918070e-06	-1.039384e-09	-3.422834e+01	-6.708322e+01
6.860000e-06	-4.938670e-06	-1.038969e-09	-3.437171e+01	-6.713339e+01
6.870000e-06	-4.959005e-06	-1.034566e-09	-3.451323e+01	-6.718042e+01
6.880000e-06	-4.979173e-06	-1.031972e-09	-3.465359e+01	-6.722417e+01
6.890000e-06	-4.999161e-06	-1.032870e-09	-3.479271e+01	-6.726452e+01
6.900000e-06	-5.018867e-06	-1.033780e-09	-3.492985e+01	-6.730134e+01
6.910000e-06	-5.038215e-06	-1.033744e-09	-3.506451e+01	-6.733452e+01
6.920000e-06	-5.057117e-06	-1.031741e-09	-3.519606e+01	-6.736395e+01
6.930000e-06	-5.075647e-06	-1.028804e-09	-3.532503e+01	-6.738953e+01
6.940000e-06	-5.093871e-06	-1.026538e-09	-3.545186e+01	-6.741116e+01
6.950000e-06	-5.111760e-06	-1.024741e-09	-3.557636e+01	-6.742878e+01
6.960000e-06	-5.129364e-06	-1.023390e-09	-3.569888e+01	-6.744233e+01
6.970000e-06	-5.146643e-06	-1.023285e-09	-3.581914e+01	-6.745175e+01
6.980000e-06	-5.163500e-06	-1.024540e-09	-3.593646e+01	-6.745703e+01
6.990000e-06	-5.180048e-06	-1.024297e-09	-3.605162e+01	-6.745816e+01
7.000000e-06	-5.196403e-06	-1.024449e-09	-3.616545e+01	-6.745515e+01
7.010000e-06	-5.212501e-06	-1.026337e-09	-3.627749e+01	-6.744802e+01
7.020000e-06	-5.228274e-06	-1.026383e-09	-3.638726e+01	-6.743683e+01
7.030000e-06	-5.243525e-06	-1.022718e-09	-3.649341e+01	-6.742164e+01
7.040000e-06	-5.258067e-06	-1.020076e-09	-3.659461e+01	-6.740255e+01
7.050000e-06	-5.271942e-06	-1.019892e-09	-3.669118e+01	-6.737966e+01
7.060000e-06	-5.285210e-06	-1.019971e-09	-3.678352e+01	-6.735310e+01
7.070000e-06	-5.298033e-06	-1.020395e-09	-3.687277e+01	-6.732301e+01
7.080000e-06	-5.310597e-06	-1.021752e-09	-3.696021e+01	-6.728955e+01
7.090000e-06	-5.322823e-06	-1.022636e-09	-3.704530e+01	-6.725290e+01
7.100000e-06	-5.334701e-06	-1.023220e-09	-3.712796e+01	-6.721326e+01
7.110000e-06	-5.346209e-06	-1.022734e-09	-3.720805e+01	-6.717081e+01
7.120000e-06	-5.357274e-06	-1.020596e-09	-3.728507e+01	-6.712579e+01
7.130000e-06	-5.368000e-06	-1.018135e-09	-3.735971e+01	-6.707840e+01
7.140000e-06	-5.378372e-06	-1.017144e-09	-3.743190e+01	-6.702889e+01
7.150000e-06	-5.388311e-06	-1.017617e-09	-3.750108e+01	-6.697749e+01
7.160000e-06	-5.397869e-06	-1.020045e-09	-3.756760e+01	-6.692444e+01
7.170000e-06	-5.407096e-06	-1.021687e-09	-3.763182e+01	-6.686998e+01
7.180000e-06	-5.415957e-06	-1.020398e-09	-3.769348e+01	-6.681436e+01
7.190000e-06	-5.424453e-06	-1.018487e-09	-3.775261e+01	-6.675780e+01
7.200000e-06	-5.432741e-06	-1.019330e-09	-3.781029e+01	-6.670056e+01
7.210000e-06	-5.440835e-06	-1.020744e-09	-3.786663e+01	-6.664285e+01
7.220000e-06	-5.448574e-06	-1.019050e-09	-3.792049e+01	-6.658489e+01
7.230000e-06	-5.455827e-06	-1.016974e-09	-3.797097e+01	-6.652689e+01
7.240000e-06	-5.462581e-06	-1.014930e-09	-3.801797e+01	-6.646906e+01
7.250000e-06	-5.468678e-06	-1.012823e-09	-3.806041e+01	-6.641157e+01
7.260000e-06	-5.474074e-06	-1.009446e-09	-3.809796e+01	-6.635459e+01
7.270000e-06	-5.479017e-06	-1.006463e-09	-3.813236e+01	-6.629827e+01
7.280000e-06	-5.483610e-06	-1.004924e-09	-3.816433e+01	-6.624275e+01
7.290000e-06	-5.487940e-06	-1.003380e-09	-3.819447e+01	-6.618814e+01
7.300000e-06	-5.492033e-06	-1.000465e-09	-3.822295e+01	-6.613453e+01
7.310000e-06	-5.495844e-06	-9.969024e-10	-3.824947e+01	-6.608201e+01
7.320000e-06	-5.499360e-06	-9.942448e-10	-3.827394e+01	-6.603063e+01
7.330000e-06	-5.502536e-06	-9.927345e-10	-3.829605e+01	-6.598042e+01
7.340000e-06	-5.505257e-06	-9.902972e-10	-3.831499e+01	-6.593139e+01
7.350000e-06	-5.507541e-06	-9.889569e-10	-3.833088e+01	-6.588353e+01
7.360000e-06	-5.509522e-06	-9.889656e-10	-3.834467e+01	-6.583682e+01
7.370000e-06	-5.511161e-06	-9.879332e-10	-3.835608e+01	-6.579120e+01
7.380000e-06	-5.512299e-06	-9.855165e-10	-3.836400e+01	-6.574661e+01
7.390000e-06	-5.513022e-06	-9.823188e-10	-3.836903e+01	-6.570296e+01
7.400000e-06	-5.513478e-06	-9.773600e-10	-3.837220e+01	-6.566014e+01
