# Temperatura_=_9.72
# Concentracion g/m^3_=_1620.0
# C_Vs_to_Am_M_A/Vsm_=_65563218390.804596
# pendiente_HvsI_1/m_=_3716.3
# ordenada_HvsI_A/m_=_1297.0
# frecuencia_Hz_=_135088.7528771111

Tiempo_(s)	Campo_(V.s)	Magnetizacion_(V.s)	Campo_(kA/m)	Magnetizacion_(A/m)
0.000000e+00	-5.506218e-06	-1.463574e-09	-3.837781e+01	-9.530138e+01
1.000000e-08	-5.506369e-06	-1.460459e-09	-3.837887e+01	-9.526851e+01
2.000000e-08	-5.506286e-06	-1.459278e-09	-3.837828e+01	-9.523287e+01
3.000000e-08	-5.505858e-06	-1.461439e-09	-3.837530e+01	-9.519440e+01
4.000000e-08	-5.504939e-06	-1.460981e-09	-3.836890e+01	-9.515305e+01
5.000000e-08	-5.503447e-06	-1.452138e-09	-3.835849e+01	-9.510877e+01
6.000000e-08	-5.501381e-06	-1.454328e-09	-3.834410e+01	-9.506150e+01
7.000000e-08	-5.498707e-06	-1.469762e-09	-3.832546e+01	-9.501118e+01
8.000000e-08	-5.495501e-06	-1.483419e-09	-3.830312e+01	-9.495776e+01
9.000000e-08	-5.491938e-06	-1.470877e-09	-3.827828e+01	-9.490117e+01
1.000000e-07	-5.487964e-06	-1.485854e-09	-3.825058e+01	-9.484137e+01
1.100000e-07	-5.483537e-06	-1.435249e-09	-3.821972e+01	-9.477830e+01
1.200000e-07	-5.478900e-06	-1.429100e-09	-3.818741e+01	-9.471190e+01
1.300000e-07	-5.474058e-06	-1.390063e-09	-3.815366e+01	-9.464214e+01
1.400000e-07	-5.468890e-06	-1.440599e-09	-3.811764e+01	-9.456897e+01
1.500000e-07	-5.463308e-06	-1.421342e-09	-3.807873e+01	-9.449234e+01
1.600000e-07	-5.457399e-06	-1.436445e-09	-3.803754e+01	-9.441222e+01
1.700000e-07	-5.451052e-06	-1.430812e-09	-3.799331e+01	-9.432858e+01
1.800000e-07	-5.444233e-06	-1.493958e-09	-3.794578e+01	-9.424139e+01
1.900000e-07	-5.437113e-06	-1.457940e-09	-3.789615e+01	-9.415061e+01
2.000000e-07	-5.429715e-06	-1.411912e-09	-3.784459e+01	-9.405624e+01
2.100000e-07	-5.422072e-06	-1.394476e-09	-3.779132e+01	-9.395823e+01
2.200000e-07	-5.414118e-06	-1.442342e-09	-3.773589e+01	-9.385658e+01
2.300000e-07	-5.405865e-06	-1.461510e-09	-3.767836e+01	-9.375127e+01
2.400000e-07	-5.397290e-06	-1.427771e-09	-3.761859e+01	-9.364227e+01
2.500000e-07	-5.387941e-06	-1.429244e-09	-3.755343e+01	-9.352957e+01
2.600000e-07	-5.377858e-06	-1.408944e-09	-3.748316e+01	-9.341315e+01
2.700000e-07	-5.367386e-06	-1.403449e-09	-3.741017e+01	-9.329298e+01
2.800000e-07	-5.356345e-06	-1.366306e-09	-3.733321e+01	-9.316906e+01
2.900000e-07	-5.344798e-06	-1.419633e-09	-3.725273e+01	-9.304134e+01
3.000000e-07	-5.332909e-06	-1.401912e-09	-3.716987e+01	-9.290981e+01
3.100000e-07	-5.320577e-06	-1.423940e-09	-3.708391e+01	-9.277442e+01
3.200000e-07	-5.307839e-06	-1.387509e-09	-3.699513e+01	-9.263514e+01
3.300000e-07	-5.294833e-06	-1.428397e-09	-3.690448e+01	-9.249193e+01
3.400000e-07	-5.281405e-06	-1.388288e-09	-3.681088e+01	-9.234474e+01
3.500000e-07	-5.267612e-06	-1.407463e-09	-3.671475e+01	-9.219351e+01
3.600000e-07	-5.253315e-06	-1.379905e-09	-3.661510e+01	-9.203818e+01
3.700000e-07	-5.238443e-06	-1.410842e-09	-3.651145e+01	-9.187869e+01
3.800000e-07	-5.223126e-06	-1.399333e-09	-3.640469e+01	-9.171496e+01
3.900000e-07	-5.207312e-06	-1.409184e-09	-3.629447e+01	-9.154692e+01
4.000000e-07	-5.191039e-06	-1.374915e-09	-3.618104e+01	-9.137447e+01
4.100000e-07	-5.174333e-06	-1.371295e-09	-3.606461e+01	-9.119754e+01
4.200000e-07	-5.157276e-06	-1.373872e-09	-3.594572e+01	-9.101602e+01
4.300000e-07	-5.139929e-06	-1.375413e-09	-3.582481e+01	-9.082983e+01
4.400000e-07	-5.122231e-06	-1.371614e-09	-3.570146e+01	-9.063885e+01
4.500000e-07	-5.104212e-06	-1.381908e-09	-3.557587e+01	-9.044299e+01
4.600000e-07	-5.085892e-06	-1.376486e-09	-3.544818e+01	-9.024215e+01
4.700000e-07	-5.067123e-06	-1.349125e-09	-3.531736e+01	-9.003621e+01
4.800000e-07	-5.047903e-06	-1.352122e-09	-3.518340e+01	-8.982508e+01
4.900000e-07	-5.028418e-06	-1.355675e-09	-3.504759e+01	-8.960865e+01
5.000000e-07	-5.008737e-06	-1.347054e-09	-3.491041e+01	-8.938683e+01
5.100000e-07	-4.988826e-06	-1.332409e-09	-3.477164e+01	-8.915953e+01
5.200000e-07	-4.968625e-06	-1.347035e-09	-3.463084e+01	-8.892666e+01
5.300000e-07	-4.948068e-06	-1.336329e-09	-3.448756e+01	-8.868814e+01
5.400000e-07	-4.927152e-06	-1.337491e-09	-3.434177e+01	-8.844390e+01
5.500000e-07	-4.905818e-06	-1.329093e-09	-3.419308e+01	-8.819388e+01
5.600000e-07	-4.884115e-06	-1.326954e-09	-3.404181e+01	-8.793804e+01
5.700000e-07	-4.862194e-06	-1.306430e-09	-3.388902e+01	-8.767633e+01
5.800000e-07	-4.839997e-06	-1.324144e-09	-3.373431e+01	-8.740874e+01
5.900000e-07	-4.817408e-06	-1.319486e-09	-3.357687e+01	-8.713524e+01
6.000000e-07	-4.794463e-06	-1.312761e-09	-3.341695e+01	-8.685586e+01
6.100000e-07	-4.771119e-06	-1.294582e-09	-3.325424e+01	-8.657060e+01
6.200000e-07	-4.747548e-06	-1.298319e-09	-3.308996e+01	-8.627950e+01
6.300000e-07	-4.723815e-06	-1.278897e-09	-3.292454e+01	-8.598261e+01
6.400000e-07	-4.699842e-06	-1.283162e-09	-3.275745e+01	-8.568000e+01
6.500000e-07	-4.675525e-06	-1.283544e-09	-3.258796e+01	-8.537175e+01
6.600000e-07	-4.650646e-06	-1.283144e-09	-3.241455e+01	-8.505795e+01
6.700000e-07	-4.625297e-06	-1.268868e-09	-3.223788e+01	-8.473873e+01
6.800000e-07	-4.599505e-06	-1.278962e-09	-3.205811e+01	-8.441420e+01
6.900000e-07	-4.573189e-06	-1.269194e-09	-3.187469e+01	-8.408449e+01
7.000000e-07	-4.546471e-06	-1.258748e-09	-3.168847e+01	-8.374977e+01
7.100000e-07	-4.519372e-06	-1.249059e-09	-3.149959e+01	-8.341019e+01
7.200000e-07	-4.491935e-06	-1.248848e-09	-3.130836e+01	-8.306593e+01
7.300000e-07	-4.464333e-06	-1.239252e-09	-3.111598e+01	-8.271715e+01
7.400000e-07	-4.436580e-06	-1.238156e-09	-3.092253e+01	-8.236403e+01
7.500000e-07	-4.408588e-06	-1.239308e-09	-3.072743e+01	-8.200678e+01
7.600000e-07	-4.380339e-06	-1.230189e-09	-3.053054e+01	-8.164557e+01
7.700000e-07	-4.351807e-06	-1.221489e-09	-3.033168e+01	-8.128060e+01
7.800000e-07	-4.322949e-06	-1.214382e-09	-3.013054e+01	-8.091204e+01
7.900000e-07	-4.293738e-06	-1.209182e-09	-2.992694e+01	-8.054009e+01
8.000000e-07	-4.264254e-06	-1.200816e-09	-2.972144e+01	-8.016491e+01
8.100000e-07	-4.234586e-06	-1.199599e-09	-2.951466e+01	-7.978668e+01
8.200000e-07	-4.204519e-06	-1.188506e-09	-2.930510e+01	-7.940555e+01
8.300000e-07	-4.174068e-06	-1.183681e-09	-2.909285e+01	-7.902167e+01
8.400000e-07	-4.143430e-06	-1.177384e-09	-2.887931e+01	-7.863517e+01
8.500000e-07	-4.112534e-06	-1.172663e-09	-2.866396e+01	-7.824616e+01
8.600000e-07	-4.081362e-06	-1.158449e-09	-2.844670e+01	-7.785474e+01
8.700000e-07	-4.049934e-06	-1.156570e-09	-2.822765e+01	-7.746099e+01
8.800000e-07	-4.018276e-06	-1.146588e-09	-2.800700e+01	-7.706497e+01
8.900000e-07	-3.986488e-06	-1.144402e-09	-2.778544e+01	-7.666672e+01
9.000000e-07	-3.954466e-06	-1.134069e-09	-2.756225e+01	-7.626625e+01
9.100000e-07	-3.922189e-06	-1.128700e-09	-2.733728e+01	-7.586356e+01
9.200000e-07	-3.889622e-06	-1.113872e-09	-2.711029e+01	-7.545862e+01
9.300000e-07	-3.856643e-06	-1.109454e-09	-2.688043e+01	-7.505137e+01
9.400000e-07	-3.823261e-06	-1.101477e-09	-2.664776e+01	-7.464176e+01
9.500000e-07	-3.789477e-06	-1.098892e-09	-2.641229e+01	-7.422967e+01
9.600000e-07	-3.755240e-06	-1.090797e-09	-2.617366e+01	-7.381500e+01
9.700000e-07	-3.720546e-06	-1.083079e-09	-2.593185e+01	-7.339761e+01
9.800000e-07	-3.685496e-06	-1.071304e-09	-2.568756e+01	-7.297734e+01
9.900000e-07	-3.650163e-06	-1.064673e-09	-2.544129e+01	-7.255403e+01
1.000000e-06	-3.614656e-06	-1.056401e-09	-2.519381e+01	-7.212748e+01
1.010000e-06	-3.579016e-06	-1.048137e-09	-2.494540e+01	-7.169749e+01
1.020000e-06	-3.543204e-06	-1.041635e-09	-2.469579e+01	-7.126386e+01
1.030000e-06	-3.507222e-06	-1.037766e-09	-2.444500e+01	-7.082635e+01
1.040000e-06	-3.471033e-06	-1.031294e-09	-2.419276e+01	-7.038474e+01
1.050000e-06	-3.434590e-06	-1.024051e-09	-2.393876e+01	-6.993879e+01
1.060000e-06	-3.397910e-06	-1.016891e-09	-2.368311e+01	-6.948827e+01
1.070000e-06	-3.360967e-06	-1.006919e-09	-2.342561e+01	-6.903293e+01
1.080000e-06	-3.323788e-06	-9.996954e-10	-2.316648e+01	-6.857256e+01
1.090000e-06	-3.286447e-06	-9.916498e-10	-2.290622e+01	-6.810692e+01
1.100000e-06	-3.248809e-06	-9.854735e-10	-2.264389e+01	-6.763579e+01
1.110000e-06	-3.210875e-06	-9.751156e-10	-2.237949e+01	-6.715896e+01
1.120000e-06	-3.172788e-06	-9.677527e-10	-2.211403e+01	-6.667623e+01
1.130000e-06	-3.134420e-06	-9.586086e-10	-2.184661e+01	-6.618743e+01
1.140000e-06	-3.095822e-06	-9.522993e-10	-2.157758e+01	-6.569239e+01
1.150000e-06	-3.057123e-06	-9.419459e-10	-2.130785e+01	-6.519097e+01
1.160000e-06	-3.018223e-06	-9.358268e-10	-2.103672e+01	-6.468303e+01
1.170000e-06	-2.979185e-06	-9.273494e-10	-2.076463e+01	-6.416848e+01
1.180000e-06	-2.939932e-06	-9.191297e-10	-2.049105e+01	-6.364722e+01
1.190000e-06	-2.900428e-06	-9.074295e-10	-2.021570e+01	-6.311921e+01
1.200000e-06	-2.860813e-06	-9.009073e-10	-1.993959e+01	-6.258441e+01
1.210000e-06	-2.821105e-06	-8.930391e-10	-1.966283e+01	-6.204279e+01
1.220000e-06	-2.781197e-06	-8.857669e-10	-1.938468e+01	-6.149437e+01
1.230000e-06	-2.741022e-06	-8.758969e-10	-1.910466e+01	-6.093918e+01
1.240000e-06	-2.700742e-06	-8.673800e-10	-1.882391e+01	-6.037727e+01
1.250000e-06	-2.660376e-06	-8.582574e-10	-1.854257e+01	-5.980871e+01
1.260000e-06	-2.619720e-06	-8.494542e-10	-1.825920e+01	-5.923359e+01
1.270000e-06	-2.578776e-06	-8.384188e-10	-1.797382e+01	-5.865201e+01
1.280000e-06	-2.537580e-06	-8.307334e-10	-1.768669e+01	-5.806409e+01
1.290000e-06	-2.496138e-06	-8.235253e-10	-1.739784e+01	-5.746996e+01
1.300000e-06	-2.454506e-06	-8.158573e-10	-1.710767e+01	-5.686974e+01
1.310000e-06	-2.412646e-06	-8.026459e-10	-1.681591e+01	-5.626358e+01
1.320000e-06	-2.370446e-06	-7.901449e-10	-1.652178e+01	-5.565162e+01
1.330000e-06	-2.327888e-06	-7.787477e-10	-1.622515e+01	-5.503399e+01
1.340000e-06	-2.285125e-06	-7.674207e-10	-1.592710e+01	-5.441083e+01
1.350000e-06	-2.242173e-06	-7.596154e-10	-1.562773e+01	-5.378226e+01
1.360000e-06	-2.199020e-06	-7.519585e-10	-1.532696e+01	-5.314839e+01
1.370000e-06	-2.155666e-06	-7.438542e-10	-1.502478e+01	-5.250930e+01
1.380000e-06	-2.112184e-06	-7.371281e-10	-1.472172e+01	-5.186507e+01
1.390000e-06	-2.068640e-06	-7.290114e-10	-1.441822e+01	-5.121574e+01
1.400000e-06	-2.024933e-06	-7.163115e-10	-1.411359e+01	-5.056134e+01
1.410000e-06	-1.981108e-06	-7.041957e-10	-1.380813e+01	-4.990184e+01
1.420000e-06	-1.937256e-06	-6.945726e-10	-1.350249e+01	-4.923721e+01
1.430000e-06	-1.893401e-06	-6.878883e-10	-1.319682e+01	-4.856736e+01
1.440000e-06	-1.849500e-06	-6.790515e-10	-1.289084e+01	-4.789217e+01
1.450000e-06	-1.805490e-06	-6.703235e-10	-1.258409e+01	-4.721148e+01
1.460000e-06	-1.761304e-06	-6.591730e-10	-1.227612e+01	-4.652508e+01
1.470000e-06	-1.716973e-06	-6.464822e-10	-1.196714e+01	-4.583272e+01
1.480000e-06	-1.672464e-06	-6.320867e-10	-1.165692e+01	-4.513412e+01
1.490000e-06	-1.627817e-06	-6.208909e-10	-1.134573e+01	-4.442892e+01
1.500000e-06	-1.583099e-06	-6.112169e-10	-1.103404e+01	-4.371675e+01
1.510000e-06	-1.538232e-06	-6.038045e-10	-1.072133e+01	-4.299719e+01
1.520000e-06	-1.493326e-06	-5.937689e-10	-1.040834e+01	-4.226976e+01
1.530000e-06	-1.448376e-06	-5.836282e-10	-1.009504e+01	-4.153395e+01
1.540000e-06	-1.403215e-06	-5.687177e-10	-9.780274e+00	-4.078922e+01
1.550000e-06	-1.357867e-06	-5.563882e-10	-9.464202e+00	-4.003498e+01
1.560000e-06	-1.312481e-06	-5.454108e-10	-9.147869e+00	-3.927062e+01
1.570000e-06	-1.267007e-06	-5.354604e-10	-8.830914e+00	-3.849548e+01
1.580000e-06	-1.221480e-06	-5.241818e-10	-8.513601e+00	-3.770890e+01
1.590000e-06	-1.175935e-06	-5.148040e-10	-8.196156e+00	-3.691020e+01
1.600000e-06	-1.130265e-06	-5.050789e-10	-7.877838e+00	-3.609865e+01
1.610000e-06	-1.084516e-06	-4.906240e-10	-7.558973e+00	-3.527356e+01
1.620000e-06	-1.038667e-06	-4.751253e-10	-7.239409e+00	-3.443420e+01
1.630000e-06	-9.926791e-07	-4.619224e-10	-6.918878e+00	-3.357985e+01
1.640000e-06	-9.466345e-07	-4.542899e-10	-6.597951e+00	-3.270981e+01
1.650000e-06	-9.005294e-07	-4.429590e-10	-6.276604e+00	-3.182338e+01
1.660000e-06	-8.544304e-07	-4.302851e-10	-5.955298e+00	-3.091990e+01
1.670000e-06	-8.082696e-07	-4.179784e-10	-5.633562e+00	-2.999872e+01
1.680000e-06	-7.620065e-07	-4.017342e-10	-5.311112e+00	-2.905922e+01
1.690000e-06	-7.158127e-07	-3.857856e-10	-4.989146e+00	-2.810084e+01
1.700000e-06	-6.695476e-07	-3.695815e-10	-4.666682e+00	-2.712306e+01
1.710000e-06	-6.231558e-07	-3.546539e-10	-4.343336e+00	-2.612540e+01
1.720000e-06	-5.767179e-07	-3.393350e-10	-4.019668e+00	-2.510745e+01
1.730000e-06	-5.301418e-07	-3.219283e-10	-3.695038e+00	-2.406886e+01
1.740000e-06	-4.835475e-07	-3.036694e-10	-3.370280e+00	-2.300936e+01
1.750000e-06	-4.369555e-07	-2.859573e-10	-3.045538e+00	-2.192875e+01
1.760000e-06	-3.903224e-07	-2.715282e-10	-2.720509e+00	-2.082688e+01
1.770000e-06	-3.437096e-07	-2.576853e-10	-2.395623e+00	-1.970373e+01
1.780000e-06	-2.970322e-07	-2.420987e-10	-2.070286e+00	-1.855932e+01
1.790000e-06	-2.502723e-07	-2.253212e-10	-1.744374e+00	-1.739380e+01
1.800000e-06	-2.034419e-07	-2.086336e-10	-1.417970e+00	-1.620738e+01
1.810000e-06	-1.566702e-07	-1.906768e-10	-1.091976e+00	-1.500036e+01
1.820000e-06	-1.099981e-07	-1.751149e-10	-7.666761e-01	-1.377316e+01
1.830000e-06	-6.330198e-08	-1.605962e-10	-4.412088e-01	-1.252626e+01
1.840000e-06	-1.654942e-08	-1.470537e-10	-1.153479e-01	-1.126025e+01
1.850000e-06	3.025142e-08	-1.312078e-10	2.108495e-01	-9.975805e+00
1.860000e-06	7.698386e-08	-1.142257e-10	5.365701e-01	-8.673689e+00
1.870000e-06	1.236510e-07	-9.380232e-11	8.618358e-01	-7.354749e+00
1.880000e-06	1.702876e-07	-7.071265e-11	1.186888e+00	-6.019915e+00
1.890000e-06	2.168442e-07	-4.799996e-11	1.511383e+00	-4.670196e+00
1.900000e-06	2.634173e-07	-2.711396e-11	1.835994e+00	-3.306671e+00
1.910000e-06	3.100453e-07	-8.314390e-12	2.160986e+00	-1.930491e+00
1.920000e-06	3.566765e-07	7.727548e-12	2.486001e+00	-5.428672e-01
1.930000e-06	4.032550e-07	2.292933e-11	2.810649e+00	8.549332e-01
1.940000e-06	4.498304e-07	4.096531e-11	3.135275e+00	2.261593e+00
1.950000e-06	4.963488e-07	6.291893e-11	3.459503e+00	3.675751e+00
1.960000e-06	5.426527e-07	8.454695e-11	3.782238e+00	5.096012e+00
1.970000e-06	5.889752e-07	1.054496e-10	4.105101e+00	6.520953e+00
1.980000e-06	6.354677e-07	1.231741e-10	4.429149e+00	7.949130e+00
1.990000e-06	6.818810e-07	1.396453e-10	4.752645e+00	9.379088e+00
2.000000e-06	7.281176e-07	1.557292e-10	5.074910e+00	1.080937e+01
2.010000e-06	7.742811e-07	1.738359e-10	5.396665e+00	1.223851e+01
2.020000e-06	8.204481e-07	1.956054e-10	5.718444e+00	1.366507e+01
2.030000e-06	8.665668e-07	2.176357e-10	6.039887e+00	1.508762e+01
2.040000e-06	9.125620e-07	2.384989e-10	6.360469e+00	1.650477e+01
2.050000e-06	9.585407e-07	2.579664e-10	6.680937e+00	1.791514e+01
2.060000e-06	1.004414e-06	2.762806e-10	7.000668e+00	1.931742e+01
2.070000e-06	1.050197e-06	2.941065e-10	7.319771e+00	2.071032e+01
2.080000e-06	1.095983e-06	3.142543e-10	7.638897e+00	2.209263e+01
2.090000e-06	1.141640e-06	3.367494e-10	7.957120e+00	2.346318e+01
2.100000e-06	1.187212e-06	3.598251e-10	8.274753e+00	2.482086e+01
2.110000e-06	1.232745e-06	3.794471e-10	8.592116e+00	2.616466e+01
2.120000e-06	1.278191e-06	3.960604e-10	8.908866e+00	2.749360e+01
2.130000e-06	1.323636e-06	4.123004e-10	9.225617e+00	2.880682e+01
2.140000e-06	1.369029e-06	4.293980e-10	9.542001e+00	3.010350e+01
2.150000e-06	1.414114e-06	4.475972e-10	9.856239e+00	3.138294e+01
2.160000e-06	1.459084e-06	4.670317e-10	1.016968e+01	3.264449e+01
2.170000e-06	1.504002e-06	4.854842e-10	1.048275e+01	3.388760e+01
2.180000e-06	1.548801e-06	5.056607e-10	1.079499e+01	3.511180e+01
2.190000e-06	1.593523e-06	5.236573e-10	1.110670e+01	3.631670e+01
2.200000e-06	1.638060e-06	5.401570e-10	1.141712e+01	3.750201e+01
2.210000e-06	1.682425e-06	5.567581e-10	1.172634e+01	3.866750e+01
2.220000e-06	1.726744e-06	5.720864e-10	1.203524e+01	3.981302e+01
2.230000e-06	1.771059e-06	5.891864e-10	1.234411e+01	4.093852e+01
2.240000e-06	1.815201e-06	6.034560e-10	1.265177e+01	4.204398e+01
2.250000e-06	1.859231e-06	6.163649e-10	1.295866e+01	4.312950e+01
2.260000e-06	1.903203e-06	6.297785e-10	1.326514e+01	4.419520e+01
2.270000e-06	1.947061e-06	6.452676e-10	1.357083e+01	4.524128e+01
2.280000e-06	1.990798e-06	6.668738e-10	1.387567e+01	4.626800e+01
2.290000e-06	2.034483e-06	6.886131e-10	1.418015e+01	4.727565e+01
2.300000e-06	2.078187e-06	7.053311e-10	1.448477e+01	4.826459e+01
2.310000e-06	2.121763e-06	7.165825e-10	1.478849e+01	4.923519e+01
2.320000e-06	2.165212e-06	7.262251e-10	1.509132e+01	5.018788e+01
2.330000e-06	2.208613e-06	7.358371e-10	1.539382e+01	5.112310e+01
2.340000e-06	2.251839e-06	7.451720e-10	1.569510e+01	5.204131e+01
2.350000e-06	2.294900e-06	7.593064e-10	1.599523e+01	5.294301e+01
2.360000e-06	2.337843e-06	7.797750e-10	1.629454e+01	5.382868e+01
2.370000e-06	2.380502e-06	8.008981e-10	1.659187e+01	5.469883e+01
2.380000e-06	2.422825e-06	8.153600e-10	1.688686e+01	5.555395e+01
2.390000e-06	2.464728e-06	8.256545e-10	1.717892e+01	5.639454e+01
2.400000e-06	2.506206e-06	8.344138e-10	1.746801e+01	5.722107e+01
2.410000e-06	2.547438e-06	8.412938e-10	1.775540e+01	5.803403e+01
2.420000e-06	2.588366e-06	8.514822e-10	1.804067e+01	5.883387e+01
2.430000e-06	2.629001e-06	8.653134e-10	1.832389e+01	5.962102e+01
2.440000e-06	2.669405e-06	8.814318e-10	1.860550e+01	6.039589e+01
2.450000e-06	2.709556e-06	8.965282e-10	1.888535e+01	6.115886e+01
2.460000e-06	2.749490e-06	9.095815e-10	1.916368e+01	6.191028e+01
2.470000e-06	2.789307e-06	9.211604e-10	1.944120e+01	6.265049e+01
2.480000e-06	2.829080e-06	9.304280e-10	1.971842e+01	6.337976e+01
2.490000e-06	2.868741e-06	9.405166e-10	1.999485e+01	6.409837e+01
2.500000e-06	2.908255e-06	9.500782e-10	2.027026e+01	6.480654e+01
2.510000e-06	2.947676e-06	9.589352e-10	2.054502e+01	6.550445e+01
2.520000e-06	2.986869e-06	9.709797e-10	2.081819e+01	6.619229e+01
2.530000e-06	3.025901e-06	9.831704e-10	2.109024e+01	6.687017e+01
2.540000e-06	3.064766e-06	9.938252e-10	2.136113e+01	6.753820e+01
2.550000e-06	3.103268e-06	1.002208e-09	2.162948e+01	6.819645e+01
2.560000e-06	3.141522e-06	1.010482e-09	2.189610e+01	6.884497e+01
2.570000e-06	3.179582e-06	1.019036e-09	2.216138e+01	6.948378e+01
2.580000e-06	3.217506e-06	1.026380e-09	2.242571e+01	7.011289e+01
2.590000e-06	3.255211e-06	1.034090e-09	2.268851e+01	7.073228e+01
2.600000e-06	3.292761e-06	1.043768e-09	2.295023e+01	7.134192e+01
2.610000e-06	3.330126e-06	1.052427e-09	2.321066e+01	7.194176e+01
2.620000e-06	3.367124e-06	1.057288e-09	2.346853e+01	7.253175e+01
2.630000e-06	3.403832e-06	1.061823e-09	2.372438e+01	7.311183e+01
2.640000e-06	3.440293e-06	1.068726e-09	2.397851e+01	7.368193e+01
2.650000e-06	3.476496e-06	1.076309e-09	2.423084e+01	7.424199e+01
2.660000e-06	3.512515e-06	1.084065e-09	2.448190e+01	7.479195e+01
2.670000e-06	3.548390e-06	1.091885e-09	2.473194e+01	7.533175e+01
2.680000e-06	3.584140e-06	1.098888e-09	2.498111e+01	7.586135e+01
2.690000e-06	3.619822e-06	1.105920e-09	2.522981e+01	7.638069e+01
2.700000e-06	3.655415e-06	1.112225e-09	2.547789e+01	7.688976e+01
2.710000e-06	3.690822e-06	1.119038e-09	2.572467e+01	7.738855e+01
2.720000e-06	3.725862e-06	1.127305e-09	2.596890e+01	7.787707e+01
2.730000e-06	3.760457e-06	1.136951e-09	2.621003e+01	7.835533e+01
2.740000e-06	3.794661e-06	1.146087e-09	2.644842e+01	7.882338e+01
2.750000e-06	3.828504e-06	1.152715e-09	2.668430e+01	7.928129e+01
2.760000e-06	3.861898e-06	1.155918e-09	2.691706e+01	7.972915e+01
2.770000e-06	3.894789e-06	1.159078e-09	2.714631e+01	8.016705e+01
2.780000e-06	3.927346e-06	1.165242e-09	2.737322e+01	8.059514e+01
2.790000e-06	3.959631e-06	1.174479e-09	2.759825e+01	8.101355e+01
2.800000e-06	3.991565e-06	1.184026e-09	2.782083e+01	8.142245e+01
2.810000e-06	4.023312e-06	1.192608e-09	2.804210e+01	8.182204e+01
2.820000e-06	4.054908e-06	1.198955e-09	2.826232e+01	8.221253e+01
2.830000e-06	4.086329e-06	1.203817e-09	2.848132e+01	8.259413e+01
2.840000e-06	4.117582e-06	1.209080e-09	2.869915e+01	8.296709e+01
2.850000e-06	4.148497e-06	1.216148e-09	2.891462e+01	8.333165e+01
2.860000e-06	4.179022e-06	1.223206e-09	2.912738e+01	8.368809e+01
2.870000e-06	4.209303e-06	1.227219e-09	2.933844e+01	8.403667e+01
2.880000e-06	4.239307e-06	1.231809e-09	2.954756e+01	8.437768e+01
2.890000e-06	4.269035e-06	1.237240e-09	2.975476e+01	8.471139e+01
2.900000e-06	4.298503e-06	1.242830e-09	2.996015e+01	8.503810e+01
2.910000e-06	4.327641e-06	1.248804e-09	3.016324e+01	8.535809e+01
2.920000e-06	4.356436e-06	1.254411e-09	3.036394e+01	8.567164e+01
2.930000e-06	4.384892e-06	1.260920e-09	3.056228e+01	8.597904e+01
2.940000e-06	4.413153e-06	1.268132e-09	3.075925e+01	8.628054e+01
2.950000e-06	4.441188e-06	1.274585e-09	3.095465e+01	8.657641e+01
2.960000e-06	4.468954e-06	1.278735e-09	3.114818e+01	8.686690e+01
2.970000e-06	4.496603e-06	1.282307e-09	3.134089e+01	8.715224e+01
2.980000e-06	4.524081e-06	1.286340e-09	3.153241e+01	8.743265e+01
2.990000e-06	4.551218e-06	1.291730e-09	3.172155e+01	8.770832e+01
3.000000e-06	4.577939e-06	1.299722e-09	3.190780e+01	8.797945e+01
3.010000e-06	4.604252e-06	1.304545e-09	3.209119e+01	8.824619e+01
3.020000e-06	4.630026e-06	1.307505e-09	3.227084e+01	8.850868e+01
3.030000e-06	4.655166e-06	1.314137e-09	3.244606e+01	8.876705e+01
3.040000e-06	4.679719e-06	1.320843e-09	3.261719e+01	8.902138e+01
3.050000e-06	4.703813e-06	1.324630e-09	3.278512e+01	8.927176e+01
3.060000e-06	4.727665e-06	1.328414e-09	3.295137e+01	8.951824e+01
3.070000e-06	4.751267e-06	1.332425e-09	3.311588e+01	8.976085e+01
3.080000e-06	4.774696e-06	1.334701e-09	3.327918e+01	8.999959e+01
3.090000e-06	4.797906e-06	1.336383e-09	3.344095e+01	9.023447e+01
3.100000e-06	4.820702e-06	1.339449e-09	3.359983e+01	9.046545e+01
3.110000e-06	4.843082e-06	1.342686e-09	3.375582e+01	9.069249e+01
3.120000e-06	4.865271e-06	1.345945e-09	3.391047e+01	9.091552e+01
3.130000e-06	4.887229e-06	1.350982e-09	3.406352e+01	9.113445e+01
3.140000e-06	4.908759e-06	1.355347e-09	3.421358e+01	9.134922e+01
3.150000e-06	4.929935e-06	1.358433e-09	3.436117e+01	9.155969e+01
3.160000e-06	4.950778e-06	1.362282e-09	3.450645e+01	9.176578e+01
3.170000e-06	4.971243e-06	1.363588e-09	3.464909e+01	9.196735e+01
3.180000e-06	4.991316e-06	1.363294e-09	3.478900e+01	9.216428e+01
3.190000e-06	5.011137e-06	1.365907e-09	3.492715e+01	9.235645e+01
3.200000e-06	5.030874e-06	1.370602e-09	3.506471e+01	9.254372e+01
3.210000e-06	5.050475e-06	1.374678e-09	3.520133e+01	9.272597e+01
3.220000e-06	5.069713e-06	1.376987e-09	3.533542e+01	9.290307e+01
3.230000e-06	5.088502e-06	1.380076e-09	3.546637e+01	9.307490e+01
3.240000e-06	5.106882e-06	1.381440e-09	3.559448e+01	9.324135e+01
3.250000e-06	5.124795e-06	1.381426e-09	3.571933e+01	9.340231e+01
3.260000e-06	5.142219e-06	1.383540e-09	3.584077e+01	9.355769e+01
3.270000e-06	5.159343e-06	1.386765e-09	3.596013e+01	9.370741e+01
3.280000e-06	5.176263e-06	1.392273e-09	3.607806e+01	9.385140e+01
3.290000e-06	5.192865e-06	1.393312e-09	3.619377e+01	9.398959e+01
3.300000e-06	5.209076e-06	1.392977e-09	3.630676e+01	9.412195e+01
3.310000e-06	5.224927e-06	1.391691e-09	3.641724e+01	9.424845e+01
3.320000e-06	5.240233e-06	1.393704e-09	3.652392e+01	9.436908e+01
3.330000e-06	5.255015e-06	1.396697e-09	3.662695e+01	9.448384e+01
3.340000e-06	5.269386e-06	1.398841e-09	3.672712e+01	9.459277e+01
3.350000e-06	5.283304e-06	1.402883e-09	3.682412e+01	9.469588e+01
3.360000e-06	5.296877e-06	1.405342e-09	3.691872e+01	9.479324e+01
3.370000e-06	5.310073e-06	1.407831e-09	3.701070e+01	9.488491e+01
3.380000e-06	5.322887e-06	1.408678e-09	3.710001e+01	9.497098e+01
3.390000e-06	5.335367e-06	1.409412e-09	3.718700e+01	9.505155e+01
3.400000e-06	5.347506e-06	1.410455e-09	3.727161e+01	9.512671e+01
3.410000e-06	5.359266e-06	1.412064e-09	3.735357e+01	9.519658e+01
3.420000e-06	5.370685e-06	1.415872e-09	3.743316e+01	9.526131e+01
3.430000e-06	5.381609e-06	1.420425e-09	3.750930e+01	9.532102e+01
3.440000e-06	5.391814e-06	1.423999e-09	3.758043e+01	9.537586e+01
3.450000e-06	5.401465e-06	1.423039e-09	3.764769e+01	9.542597e+01
3.460000e-06	5.410585e-06	1.416985e-09	3.771126e+01	9.547152e+01
3.470000e-06	5.419133e-06	1.416681e-09	3.777084e+01	9.551266e+01
3.480000e-06	5.427231e-06	1.418233e-09	3.782728e+01	9.554955e+01
3.490000e-06	5.435037e-06	1.421483e-09	3.788169e+01	9.558234e+01
3.500000e-06	5.442622e-06	1.427989e-09	3.793455e+01	9.561118e+01
3.510000e-06	5.449890e-06	1.432176e-09	3.798521e+01	9.563623e+01
3.520000e-06	5.456872e-06	1.433610e-09	3.803387e+01	9.565764e+01
3.530000e-06	5.463513e-06	1.434674e-09	3.808016e+01	9.567554e+01
3.540000e-06	5.469761e-06	1.434006e-09	3.812371e+01	9.569007e+01
3.550000e-06	5.475603e-06	1.431157e-09	3.816443e+01	9.570134e+01
3.560000e-06	5.481002e-06	1.431108e-09	3.820206e+01	9.570947e+01
3.570000e-06	5.486055e-06	1.436234e-09	3.823727e+01	9.571458e+01
3.580000e-06	5.490725e-06	1.440617e-09	3.826983e+01	9.571674e+01
3.590000e-06	5.494994e-06	1.442683e-09	3.829958e+01	9.571604e+01
3.600000e-06	5.498963e-06	1.442777e-09	3.832724e+01	9.571255e+01
3.610000e-06	5.502723e-06	1.442139e-09	3.835345e+01	9.570634e+01
3.620000e-06	5.506249e-06	1.440738e-09	3.837803e+01	9.569744e+01
3.630000e-06	5.509433e-06	1.438449e-09	3.840022e+01	9.568590e+01
3.640000e-06	5.512285e-06	1.439175e-09	3.842010e+01	9.567173e+01
3.650000e-06	5.514593e-06	1.442957e-09	3.843619e+01	9.565495e+01
3.660000e-06	5.516242e-06	1.448034e-09	3.844768e+01	9.563556e+01
3.670000e-06	5.517328e-06	1.451721e-09	3.845525e+01	9.561356e+01
3.680000e-06	5.517890e-06	1.452482e-09	3.845916e+01	9.558892e+01
3.690000e-06	5.518010e-06	1.453415e-09	3.846000e+01	9.556163e+01
3.700000e-06	5.517797e-06	1.454683e-09	3.845852e+01	9.553165e+01
3.710000e-06	5.517400e-06	1.454008e-09	3.845575e+01	9.549894e+01
3.720000e-06	5.516697e-06	1.453290e-09	3.845085e+01	9.546346e+01
3.730000e-06	5.515574e-06	1.455258e-09	3.844302e+01	9.542516e+01
3.740000e-06	5.514079e-06	1.464786e-09	3.843260e+01	9.538398e+01
3.750000e-06	5.512169e-06	1.472517e-09	3.841929e+01	9.533988e+01
3.760000e-06	5.509943e-06	1.449919e-09	3.840377e+01	9.529279e+01
3.770000e-06	5.507413e-06	1.429308e-09	3.838614e+01	9.524266e+01
3.780000e-06	5.504473e-06	1.426245e-09	3.836565e+01	9.518942e+01
3.790000e-06	5.501101e-06	1.399682e-09	3.834215e+01	9.513303e+01
3.800000e-06	5.497239e-06	1.448235e-09	3.831522e+01	9.507343e+01
3.810000e-06	5.492993e-06	1.460165e-09	3.828563e+01	9.501056e+01
3.820000e-06	5.488522e-06	1.522178e-09	3.825447e+01	9.494438e+01
3.830000e-06	5.483903e-06	1.499116e-09	3.822228e+01	9.487482e+01
3.840000e-06	5.478817e-06	1.470127e-09	3.818683e+01	9.480187e+01
3.850000e-06	5.473225e-06	1.464113e-09	3.814786e+01	9.472546e+01
3.860000e-06	5.467277e-06	1.436470e-09	3.810640e+01	9.464556e+01
3.870000e-06	5.460995e-06	1.443850e-09	3.806261e+01	9.456215e+01
3.880000e-06	5.454200e-06	1.423808e-09	3.801525e+01	9.447518e+01
3.890000e-06	5.446828e-06	1.527649e-09	3.796387e+01	9.438463e+01
3.900000e-06	5.439035e-06	1.495675e-09	3.790955e+01	9.429049e+01
3.910000e-06	5.430882e-06	1.444983e-09	3.785273e+01	9.419272e+01
3.920000e-06	5.422348e-06	1.362567e-09	3.779324e+01	9.409130e+01
3.930000e-06	5.413447e-06	1.447402e-09	3.773120e+01	9.398622e+01
3.940000e-06	5.404329e-06	1.454466e-09	3.766765e+01	9.387746e+01
3.950000e-06	5.394797e-06	1.441512e-09	3.760122e+01	9.376500e+01
3.960000e-06	5.384832e-06	1.417141e-09	3.753176e+01	9.364882e+01
3.970000e-06	5.374523e-06	1.476050e-09	3.745991e+01	9.352890e+01
3.980000e-06	5.363792e-06	1.459293e-09	3.738512e+01	9.340522e+01
3.990000e-06	5.352649e-06	1.392881e-09	3.730745e+01	9.327775e+01
4.000000e-06	5.341071e-06	1.392340e-09	3.722675e+01	9.314646e+01
4.010000e-06	5.329150e-06	1.401645e-09	3.714366e+01	9.301133e+01
4.020000e-06	5.316909e-06	1.395183e-09	3.705834e+01	9.287230e+01
4.030000e-06	5.304161e-06	1.358913e-09	3.696949e+01	9.272935e+01
4.040000e-06	5.290916e-06	1.426133e-09	3.687717e+01	9.258242e+01
4.050000e-06	5.277316e-06	1.411970e-09	3.678238e+01	9.243146e+01
4.060000e-06	5.263166e-06	1.382332e-09	3.668376e+01	9.227641e+01
4.070000e-06	5.248221e-06	1.337164e-09	3.657960e+01	9.211719e+01
4.080000e-06	5.232733e-06	1.387497e-09	3.647165e+01	9.195375e+01
4.090000e-06	5.216848e-06	1.395541e-09	3.636093e+01	9.178600e+01
4.100000e-06	5.200626e-06	1.397396e-09	3.624787e+01	9.161385e+01
4.110000e-06	5.184185e-06	1.356773e-09	3.613327e+01	9.143723e+01
4.120000e-06	5.167541e-06	1.375321e-09	3.601726e+01	9.125603e+01
4.130000e-06	5.150470e-06	1.375930e-09	3.589828e+01	9.107016e+01
4.140000e-06	5.132907e-06	1.385893e-09	3.577587e+01	9.087951e+01
4.150000e-06	5.115031e-06	1.351327e-09	3.565127e+01	9.068399e+01
4.160000e-06	5.096899e-06	1.372889e-09	3.552490e+01	9.048350e+01
4.170000e-06	5.078385e-06	1.383323e-09	3.539585e+01	9.027792e+01
4.180000e-06	5.059505e-06	1.371097e-09	3.526426e+01	9.006715e+01
4.190000e-06	5.040294e-06	1.353423e-09	3.513036e+01	8.985110e+01
4.200000e-06	5.020751e-06	1.373587e-09	3.499415e+01	8.962966e+01
4.210000e-06	5.000953e-06	1.364730e-09	3.485616e+01	8.940275e+01
4.220000e-06	4.980895e-06	1.334318e-09	3.471636e+01	8.917028e+01
4.230000e-06	4.960646e-06	1.342700e-09	3.457522e+01	8.893216e+01
4.240000e-06	4.940186e-06	1.368085e-09	3.443262e+01	8.868833e+01
4.250000e-06	4.919303e-06	1.366775e-09	3.428707e+01	8.843872e+01
4.260000e-06	4.897880e-06	1.343370e-09	3.413775e+01	8.818330e+01
4.270000e-06	4.875904e-06	1.340860e-09	3.398458e+01	8.792201e+01
4.280000e-06	4.853384e-06	1.334052e-09	3.382762e+01	8.765483e+01
4.290000e-06	4.830367e-06	1.341618e-09	3.366719e+01	8.738176e+01
4.300000e-06	4.806914e-06	1.337186e-09	3.350373e+01	8.710280e+01
4.310000e-06	4.783123e-06	1.337362e-09	3.333791e+01	8.681795e+01
4.320000e-06	4.759025e-06	1.329933e-09	3.316995e+01	8.652727e+01
4.330000e-06	4.734670e-06	1.344170e-09	3.300019e+01	8.623079e+01
4.340000e-06	4.710043e-06	1.334401e-09	3.282855e+01	8.592858e+01
4.350000e-06	4.685064e-06	1.322274e-09	3.265444e+01	8.562073e+01
4.360000e-06	4.659850e-06	1.305530e-09	3.247870e+01	8.530732e+01
4.370000e-06	4.634337e-06	1.307516e-09	3.230089e+01	8.498847e+01
4.380000e-06	4.608495e-06	1.293754e-09	3.212077e+01	8.466431e+01
4.390000e-06	4.582379e-06	1.302326e-09	3.193874e+01	8.433496e+01
4.400000e-06	4.555901e-06	1.305940e-09	3.175419e+01	8.400058e+01
4.410000e-06	4.529122e-06	1.300916e-09	3.156755e+01	8.366133e+01
4.420000e-06	4.501929e-06	1.279941e-09	3.137802e+01	8.331738e+01
4.430000e-06	4.474376e-06	1.280861e-09	3.118597e+01	8.296890e+01
4.440000e-06	4.446630e-06	1.276464e-09	3.099259e+01	8.261607e+01
4.450000e-06	4.418652e-06	1.274662e-09	3.079758e+01	8.225908e+01
4.460000e-06	4.390483e-06	1.268682e-09	3.060124e+01	8.189813e+01
4.470000e-06	4.362141e-06	1.264064e-09	3.040370e+01	8.153339e+01
4.480000e-06	4.333595e-06	1.257622e-09	3.020474e+01	8.116505e+01
4.490000e-06	4.304736e-06	1.260915e-09	3.000360e+01	8.079330e+01
4.500000e-06	4.275345e-06	1.254235e-09	2.979875e+01	8.041832e+01
4.510000e-06	4.245477e-06	1.240360e-09	2.959057e+01	8.004027e+01
4.520000e-06	4.215150e-06	1.234471e-09	2.937919e+01	7.965930e+01
4.530000e-06	4.184399e-06	1.235636e-09	2.916486e+01	7.927558e+01
4.540000e-06	4.153389e-06	1.235229e-09	2.894873e+01	7.888922e+01
4.550000e-06	4.122015e-06	1.230572e-09	2.873005e+01	7.850034e+01
4.560000e-06	4.090237e-06	1.222204e-09	2.850856e+01	7.810905e+01
4.570000e-06	4.058171e-06	1.207321e-09	2.828507e+01	7.771542e+01
4.580000e-06	4.025917e-06	1.203777e-09	2.806026e+01	7.731952e+01
4.590000e-06	3.993474e-06	1.198879e-09	2.783413e+01	7.692138e+01
4.600000e-06	3.960766e-06	1.193866e-09	2.760616e+01	7.652103e+01
4.610000e-06	3.927794e-06	1.184038e-09	2.737635e+01	7.611845e+01
4.620000e-06	3.894524e-06	1.179752e-09	2.714446e+01	7.571363e+01
4.630000e-06	3.860931e-06	1.169470e-09	2.691032e+01	7.530651e+01
4.640000e-06	3.827045e-06	1.167297e-09	2.667413e+01	7.489702e+01
4.650000e-06	3.792890e-06	1.159623e-09	2.643608e+01	7.448508e+01
4.660000e-06	3.758556e-06	1.152505e-09	2.619677e+01	7.407056e+01
4.670000e-06	3.724063e-06	1.146332e-09	2.595636e+01	7.365333e+01
4.680000e-06	3.689347e-06	1.148944e-09	2.571439e+01	7.323324e+01
4.690000e-06	3.654351e-06	1.143961e-09	2.547048e+01	7.281011e+01
4.700000e-06	3.619084e-06	1.138529e-09	2.522467e+01	7.238377e+01
4.710000e-06	3.583554e-06	1.127714e-09	2.497703e+01	7.195401e+01
4.720000e-06	3.547753e-06	1.120903e-09	2.472750e+01	7.152061e+01
4.730000e-06	3.511739e-06	1.113852e-09	2.447648e+01	7.108337e+01
4.740000e-06	3.475615e-06	1.112439e-09	2.422470e+01	7.064203e+01
4.750000e-06	3.439427e-06	1.104545e-09	2.397248e+01	7.019639e+01
4.760000e-06	3.403163e-06	1.096086e-09	2.371972e+01	6.974618e+01
4.770000e-06	3.366772e-06	1.087704e-09	2.346608e+01	6.929119e+01
4.780000e-06	3.330108e-06	1.081895e-09	2.321053e+01	6.883118e+01
4.790000e-06	3.293065e-06	1.072495e-09	2.295235e+01	6.836591e+01
4.800000e-06	3.255645e-06	1.062533e-09	2.269153e+01	6.789517e+01
4.810000e-06	3.217716e-06	1.058184e-09	2.242717e+01	6.741876e+01
4.820000e-06	3.179315e-06	1.050852e-09	2.215952e+01	6.693646e+01
4.830000e-06	3.140629e-06	1.044898e-09	2.188988e+01	6.644810e+01
4.840000e-06	3.101602e-06	1.040838e-09	2.161787e+01	6.595352e+01
4.850000e-06	3.062304e-06	1.032669e-09	2.134396e+01	6.545256e+01
4.860000e-06	3.022785e-06	1.019519e-09	2.106852e+01	6.494510e+01
4.870000e-06	2.982989e-06	1.010916e-09	2.079115e+01	6.443103e+01
4.880000e-06	2.943036e-06	1.004577e-09	2.051268e+01	6.391027e+01
4.890000e-06	2.902979e-06	9.987897e-10	2.023348e+01	6.338275e+01
4.900000e-06	2.862765e-06	9.923296e-10	1.995320e+01	6.284844e+01
4.910000e-06	2.822416e-06	9.886726e-10	1.967197e+01	6.230732e+01
4.920000e-06	2.781963e-06	9.815766e-10	1.939001e+01	6.175940e+01
4.930000e-06	2.741343e-06	9.764474e-10	1.910690e+01	6.120470e+01
4.940000e-06	2.700614e-06	9.699555e-10	1.882302e+01	6.064328e+01
4.950000e-06	2.659706e-06	9.635979e-10	1.853789e+01	6.007520e+01
4.960000e-06	2.618573e-06	9.521785e-10	1.825121e+01	5.950055e+01
4.970000e-06	2.577300e-06	9.451520e-10	1.796353e+01	5.891944e+01
4.980000e-06	2.535797e-06	9.386355e-10	1.767426e+01	5.833197e+01
4.990000e-06	2.494101e-06	9.340809e-10	1.738364e+01	5.773828e+01
5.000000e-06	2.452217e-06	9.285986e-10	1.709172e+01	5.713849e+01
5.010000e-06	2.410232e-06	9.237709e-10	1.679909e+01	5.653275e+01
5.020000e-06	2.368134e-06	9.140241e-10	1.650567e+01	5.592120e+01
5.030000e-06	2.325829e-06	9.044842e-10	1.621081e+01	5.530397e+01
5.040000e-06	2.283294e-06	8.964130e-10	1.591434e+01	5.468119e+01
5.050000e-06	2.240567e-06	8.864121e-10	1.561653e+01	5.405300e+01
5.060000e-06	2.197682e-06	8.741868e-10	1.531763e+01	5.341949e+01
5.070000e-06	2.154674e-06	8.664230e-10	1.501787e+01	5.278076e+01
5.080000e-06	2.111572e-06	8.606428e-10	1.471745e+01	5.213689e+01
5.090000e-06	2.068303e-06	8.533224e-10	1.441587e+01	5.148792e+01
5.100000e-06	2.024869e-06	8.422906e-10	1.411314e+01	5.083386e+01
5.110000e-06	1.981284e-06	8.286667e-10	1.380936e+01	5.017473e+01
5.120000e-06	1.937537e-06	8.138792e-10	1.350445e+01	4.951046e+01
5.130000e-06	1.893712e-06	8.009454e-10	1.319899e+01	4.884097e+01
5.140000e-06	1.849857e-06	7.948119e-10	1.289332e+01	4.816617e+01
5.150000e-06	1.805894e-06	7.874977e-10	1.258691e+01	4.748587e+01
5.160000e-06	1.761784e-06	7.794301e-10	1.227946e+01	4.679988e+01
5.170000e-06	1.717602e-06	7.695443e-10	1.197152e+01	4.610796e+01
5.180000e-06	1.673361e-06	7.590060e-10	1.166317e+01	4.540982e+01
5.190000e-06	1.629075e-06	7.433867e-10	1.135450e+01	4.470511e+01
5.200000e-06	1.584676e-06	7.294828e-10	1.104504e+01	4.399347e+01
5.210000e-06	1.540170e-06	7.141732e-10	1.073484e+01	4.327447e+01
5.220000e-06	1.495705e-06	7.005130e-10	1.042492e+01	4.254765e+01
5.230000e-06	1.451138e-06	6.908789e-10	1.011429e+01	4.181249e+01
5.240000e-06	1.406513e-06	6.802609e-10	9.803264e+00	4.106845e+01
5.250000e-06	1.361865e-06	6.674622e-10	9.492065e+00	4.031496e+01
5.260000e-06	1.317047e-06	6.531170e-10	9.179694e+00	3.955139e+01
5.270000e-06	1.272140e-06	6.378385e-10	8.866693e+00	3.877711e+01
5.280000e-06	1.227176e-06	6.223786e-10	8.553301e+00	3.799144e+01
5.290000e-06	1.182124e-06	6.064617e-10	8.239292e+00	3.719370e+01
5.300000e-06	1.137029e-06	5.924865e-10	7.924982e+00	3.638318e+01
5.310000e-06	1.091783e-06	5.800512e-10	7.609625e+00	3.555917e+01
5.320000e-06	1.046358e-06	5.650893e-10	7.293013e+00	3.472096e+01
5.330000e-06	1.000834e-06	5.503167e-10	6.975715e+00	3.386781e+01
5.340000e-06	9.552239e-07	5.403667e-10	6.657819e+00	3.299904e+01
5.350000e-06	9.096278e-07	5.280270e-10	6.340018e+00	3.211394e+01
5.360000e-06	8.639399e-07	5.120800e-10	6.021578e+00	3.121183e+01
5.370000e-06	8.180822e-07	4.957224e-10	5.701954e+00	3.029207e+01
5.380000e-06	7.721926e-07	4.793926e-10	5.382108e+00	2.935406e+01
5.390000e-06	7.262606e-07	4.641142e-10	5.061967e+00	2.839720e+01
5.400000e-06	6.801596e-07	4.505703e-10	4.740647e+00	2.742098e+01
5.410000e-06	6.340640e-07	4.366359e-10	4.419365e+00	2.642492e+01
5.420000e-06	5.880456e-07	4.215514e-10	4.098621e+00	2.540861e+01
5.430000e-06	5.419000e-07	4.076059e-10	3.776991e+00	2.437169e+01
5.440000e-06	4.957468e-07	3.925184e-10	3.455308e+00	2.331387e+01
5.450000e-06	4.496232e-07	3.734390e-10	3.133831e+00	2.223494e+01
5.460000e-06	4.034481e-07	3.532500e-10	2.811994e+00	2.113478e+01
5.470000e-06	3.572110e-07	3.358278e-10	2.489727e+00	2.001333e+01
5.480000e-06	3.108948e-07	3.180262e-10	2.166907e+00	1.887063e+01
5.490000e-06	2.645037e-07	3.011989e-10	1.843565e+00	1.770679e+01
5.500000e-06	2.180500e-07	2.842353e-10	1.519788e+00	1.652202e+01
5.510000e-06	1.716033e-07	2.679843e-10	1.196059e+00	1.531664e+01
5.520000e-06	1.252646e-07	2.499528e-10	8.730820e-01	1.409103e+01
5.530000e-06	7.889194e-08	2.297141e-10	5.498692e-01	1.284568e+01
5.540000e-06	3.244481e-08	2.090626e-10	2.261372e-01	1.158117e+01
5.550000e-06	-1.393023e-08	1.899788e-10	-9.709236e-02	1.029816e+01
5.560000e-06	-6.027766e-08	1.718347e-10	-4.201295e-01	8.997416e+00
5.570000e-06	-1.066122e-07	1.518861e-10	-7.430771e-01	7.679773e+00
5.580000e-06	-1.529876e-07	1.312078e-10	-1.066309e+00	6.346156e+00
5.590000e-06	-1.993835e-07	1.097676e-10	-1.389684e+00	4.997566e+00
5.600000e-06	-2.457385e-07	8.725651e-11	-1.712774e+00	3.635079e+00
5.610000e-06	-2.920161e-07	6.574063e-11	-2.035324e+00	2.259837e+00
5.620000e-06	-3.382140e-07	4.410784e-11	-2.357319e+00	8.730489e-01
5.630000e-06	-3.844550e-07	2.263722e-11	-2.679615e+00	-5.240236e-01
5.640000e-06	-4.306956e-07	2.289772e-12	-3.001907e+00	-1.930066e+00
5.650000e-06	-4.769019e-07	-2.074325e-11	-3.323961e+00	-3.343723e+00
5.660000e-06	-5.230479e-07	-4.546356e-11	-3.645594e+00	-4.763600e+00
5.670000e-06	-5.691842e-07	-7.018122e-11	-3.967159e+00	-6.188276e+00
5.680000e-06	-6.152559e-07	-9.454116e-11	-4.288275e+00	-7.616310e+00
5.690000e-06	-6.611901e-07	-1.182219e-10	-4.608432e+00	-9.046246e+00
5.700000e-06	-7.070553e-07	-1.423412e-10	-4.928108e+00	-1.047662e+01
5.710000e-06	-7.529748e-07	-1.675409e-10	-5.248162e+00	-1.190599e+01
5.720000e-06	-7.989556e-07	-1.930461e-10	-5.568644e+00	-1.333289e+01
5.730000e-06	-8.448027e-07	-2.186112e-10	-5.888193e+00	-1.475590e+01
5.740000e-06	-8.905277e-07	-2.440083e-10	-6.206893e+00	-1.617362e+01
5.750000e-06	-9.361448e-07	-2.693249e-10	-6.524840e+00	-1.758468e+01
5.760000e-06	-9.816660e-07	-2.928938e-10	-6.842118e+00	-1.898775e+01
5.770000e-06	-1.027150e-06	-3.129876e-10	-7.159138e+00	-2.038155e+01
5.780000e-06	-1.072568e-06	-3.324621e-10	-7.475695e+00	-2.176486e+01
5.790000e-06	-1.117781e-06	-3.563532e-10	-7.790823e+00	-2.313650e+01
5.800000e-06	-1.162854e-06	-3.838498e-10	-8.104980e+00	-2.449537e+01
5.810000e-06	-1.207803e-06	-4.104841e-10	-8.418271e+00	-2.584043e+01
5.820000e-06	-1.252598e-06	-4.338852e-10	-8.730490e+00	-2.717071e+01
5.830000e-06	-1.297329e-06	-4.532106e-10	-9.042255e+00	-2.848534e+01
5.840000e-06	-1.341937e-06	-4.698406e-10	-9.353169e+00	-2.978351e+01
5.850000e-06	-1.386432e-06	-4.849536e-10	-9.663295e+00	-3.106447e+01
5.860000e-06	-1.430948e-06	-5.023172e-10	-9.973574e+00	-3.232761e+01
5.870000e-06	-1.475415e-06	-5.260495e-10	-1.028350e+01	-3.357234e+01
5.880000e-06	-1.519776e-06	-5.520022e-10	-1.059269e+01	-3.479820e+01
5.890000e-06	-1.564088e-06	-5.745232e-10	-1.090154e+01	-3.600480e+01
5.900000e-06	-1.608327e-06	-5.929056e-10	-1.120988e+01	-3.719182e+01
5.910000e-06	-1.652566e-06	-6.076462e-10	-1.151823e+01	-3.835903e+01
5.920000e-06	-1.696757e-06	-6.207592e-10	-1.182623e+01	-3.950630e+01
5.930000e-06	-1.740856e-06	-6.380078e-10	-1.213360e+01	-4.063353e+01
5.940000e-06	-1.784921e-06	-6.584322e-10	-1.244073e+01	-4.174074e+01
5.950000e-06	-1.828906e-06	-6.789201e-10	-1.274730e+01	-4.282798e+01
5.960000e-06	-1.872731e-06	-6.988915e-10	-1.305276e+01	-4.389540e+01
5.970000e-06	-1.916479e-06	-7.178721e-10	-1.335768e+01	-4.494318e+01
5.980000e-06	-1.960229e-06	-7.325909e-10	-1.366261e+01	-4.597157e+01
5.990000e-06	-2.003872e-06	-7.467609e-10	-1.396679e+01	-4.698087e+01
6.000000e-06	-2.047281e-06	-7.623487e-10	-1.426935e+01	-4.797142e+01
6.010000e-06	-2.090511e-06	-7.754600e-10	-1.457066e+01	-4.894360e+01
6.020000e-06	-2.133589e-06	-7.882325e-10	-1.487091e+01	-4.989784e+01
6.030000e-06	-2.176392e-06	-8.032904e-10	-1.516925e+01	-5.083456e+01
6.040000e-06	-2.219041e-06	-8.185065e-10	-1.546650e+01	-5.175425e+01
6.050000e-06	-2.261610e-06	-8.309815e-10	-1.576321e+01	-5.265738e+01
6.060000e-06	-2.304052e-06	-8.411878e-10	-1.605902e+01	-5.354444e+01
6.070000e-06	-2.346351e-06	-8.520894e-10	-1.635384e+01	-5.441593e+01
6.080000e-06	-2.388540e-06	-8.670540e-10	-1.664789e+01	-5.527235e+01
6.090000e-06	-2.430558e-06	-8.824615e-10	-1.694076e+01	-5.611420e+01
6.100000e-06	-2.472345e-06	-8.961243e-10	-1.723201e+01	-5.694196e+01
6.110000e-06	-2.513968e-06	-9.074910e-10	-1.752212e+01	-5.775610e+01
6.120000e-06	-2.555337e-06	-9.192345e-10	-1.781045e+01	-5.855709e+01
6.130000e-06	-2.596561e-06	-9.329200e-10	-1.809778e+01	-5.934535e+01
6.140000e-06	-2.637608e-06	-9.461134e-10	-1.838388e+01	-6.012130e+01
6.150000e-06	-2.678353e-06	-9.579603e-10	-1.866786e+01	-6.088531e+01
6.160000e-06	-2.718909e-06	-9.692902e-10	-1.895053e+01	-6.163776e+01
6.170000e-06	-2.759369e-06	-9.787282e-10	-1.923254e+01	-6.237896e+01
6.180000e-06	-2.799753e-06	-9.876312e-10	-1.951401e+01	-6.310920e+01
6.190000e-06	-2.839990e-06	-9.985763e-10	-1.979445e+01	-6.382876e+01
6.200000e-06	-2.880099e-06	-1.011519e-09	-2.007401e+01	-6.453786e+01
6.210000e-06	-2.920102e-06	-1.025716e-09	-2.035283e+01	-6.523670e+01
6.220000e-06	-2.960018e-06	-1.039719e-09	-2.063104e+01	-6.592543e+01
6.230000e-06	-2.999776e-06	-1.051594e-09	-2.090815e+01	-6.660421e+01
6.240000e-06	-3.039290e-06	-1.060553e-09	-2.118356e+01	-6.727313e+01
6.250000e-06	-3.078557e-06	-1.066742e-09	-2.145725e+01	-6.793226e+01
6.260000e-06	-3.117604e-06	-1.071180e-09	-2.172940e+01	-6.858166e+01
6.270000e-06	-3.156242e-06	-1.077461e-09	-2.199870e+01	-6.922135e+01
6.280000e-06	-3.194412e-06	-1.085835e-09	-2.226474e+01	-6.985134e+01
6.290000e-06	-3.232217e-06	-1.096094e-09	-2.252824e+01	-7.047161e+01
6.300000e-06	-3.269607e-06	-1.106354e-09	-2.278884e+01	-7.108213e+01
6.310000e-06	-3.306621e-06	-1.115076e-09	-2.304683e+01	-7.168286e+01
6.320000e-06	-3.343414e-06	-1.121185e-09	-2.330327e+01	-7.227375e+01
6.330000e-06	-3.379940e-06	-1.128695e-09	-2.355786e+01	-7.285473e+01
6.340000e-06	-3.416254e-06	-1.134794e-09	-2.381096e+01	-7.342573e+01
6.350000e-06	-3.452459e-06	-1.139526e-09	-2.406331e+01	-7.398671e+01
6.360000e-06	-3.488508e-06	-1.148708e-09	-2.431457e+01	-7.453758e+01
6.370000e-06	-3.524419e-06	-1.161619e-09	-2.456486e+01	-7.507830e+01
6.380000e-06	-3.560112e-06	-1.173442e-09	-2.481364e+01	-7.560881e+01
6.390000e-06	-3.595560e-06	-1.180287e-09	-2.506070e+01	-7.612908e+01
6.400000e-06	-3.630796e-06	-1.185425e-09	-2.530630e+01	-7.663908e+01
6.410000e-06	-3.665833e-06	-1.190969e-09	-2.555050e+01	-7.713880e+01
6.420000e-06	-3.700512e-06	-1.200254e-09	-2.579221e+01	-7.762824e+01
6.430000e-06	-3.734836e-06	-1.208529e-09	-2.603145e+01	-7.810743e+01
6.440000e-06	-3.768972e-06	-1.214583e-09	-2.626937e+01	-7.857640e+01
6.450000e-06	-3.802876e-06	-1.220175e-09	-2.650568e+01	-7.903522e+01
6.460000e-06	-3.836538e-06	-1.226743e-09	-2.674030e+01	-7.948398e+01
6.470000e-06	-3.869972e-06	-1.232227e-09	-2.697333e+01	-7.992278e+01
6.480000e-06	-3.903026e-06	-1.237255e-09	-2.720372e+01	-8.035175e+01
6.490000e-06	-3.935763e-06	-1.246158e-09	-2.743189e+01	-8.077103e+01
6.500000e-06	-3.968319e-06	-1.257390e-09	-2.765880e+01	-8.118079e+01
6.510000e-06	-4.000675e-06	-1.267851e-09	-2.788432e+01	-8.158122e+01
6.520000e-06	-4.032784e-06	-1.275990e-09	-2.810812e+01	-8.197253e+01
6.530000e-06	-4.064643e-06	-1.282429e-09	-2.833017e+01	-8.235493e+01
6.540000e-06	-4.096306e-06	-1.287240e-09	-2.855086e+01	-8.272867e+01
6.550000e-06	-4.127692e-06	-1.293058e-09	-2.876962e+01	-8.309399e+01
6.560000e-06	-4.158702e-06	-1.300108e-09	-2.898575e+01	-8.345117e+01
6.570000e-06	-4.189323e-06	-1.308928e-09	-2.919918e+01	-8.380046e+01
6.580000e-06	-4.219467e-06	-1.316083e-09	-2.940928e+01	-8.414216e+01
6.590000e-06	-4.249063e-06	-1.320861e-09	-2.961556e+01	-8.447654e+01
6.600000e-06	-4.278271e-06	-1.325058e-09	-2.981914e+01	-8.480390e+01
6.610000e-06	-4.307131e-06	-1.329015e-09	-3.002029e+01	-8.512451e+01
6.620000e-06	-4.335608e-06	-1.332712e-09	-3.021877e+01	-8.543865e+01
6.630000e-06	-4.363857e-06	-1.339019e-09	-3.041567e+01	-8.574662e+01
6.640000e-06	-4.391955e-06	-1.346741e-09	-3.061150e+01	-8.604867e+01
6.650000e-06	-4.419840e-06	-1.353319e-09	-3.080586e+01	-8.634508e+01
6.660000e-06	-4.447493e-06	-1.358226e-09	-3.099860e+01	-8.663607e+01
6.670000e-06	-4.474846e-06	-1.360047e-09	-3.118925e+01	-8.692190e+01
6.680000e-06	-4.501842e-06	-1.362303e-09	-3.137740e+01	-8.720279e+01
6.690000e-06	-4.528487e-06	-1.369043e-09	-3.156312e+01	-8.747892e+01
6.700000e-06	-4.554797e-06	-1.375348e-09	-3.174650e+01	-8.775049e+01
6.710000e-06	-4.580852e-06	-1.378879e-09	-3.192810e+01	-8.801766e+01
6.720000e-06	-4.606696e-06	-1.384563e-09	-3.210823e+01	-8.828057e+01
6.730000e-06	-4.632099e-06	-1.391220e-09	-3.228529e+01	-8.853935e+01
6.740000e-06	-4.657039e-06	-1.395216e-09	-3.245912e+01	-8.879408e+01
6.750000e-06	-4.681768e-06	-1.397728e-09	-3.263147e+01	-8.904486e+01
6.760000e-06	-4.706287e-06	-1.399865e-09	-3.280237e+01	-8.929173e+01
6.770000e-06	-4.730587e-06	-1.401714e-09	-3.297174e+01	-8.953473e+01
6.780000e-06	-4.754648e-06	-1.405266e-09	-3.313944e+01	-8.977387e+01
6.790000e-06	-4.778466e-06	-1.410469e-09	-3.330545e+01	-9.000915e+01
6.800000e-06	-4.802013e-06	-1.414428e-09	-3.346957e+01	-9.024052e+01
6.810000e-06	-4.825099e-06	-1.416228e-09	-3.363047e+01	-9.046796e+01
6.820000e-06	-4.847660e-06	-1.419336e-09	-3.378772e+01	-9.069139e+01
6.830000e-06	-4.869658e-06	-1.422833e-09	-3.394105e+01	-9.091075e+01
6.840000e-06	-4.891085e-06	-1.425396e-09	-3.409039e+01	-9.112593e+01
6.850000e-06	-4.912100e-06	-1.427301e-09	-3.423687e+01	-9.133684e+01
6.860000e-06	-4.932778e-06	-1.428918e-09	-3.438099e+01	-9.154337e+01
6.870000e-06	-4.953153e-06	-1.431427e-09	-3.452300e+01	-9.174539e+01
6.880000e-06	-4.973290e-06	-1.434752e-09	-3.466335e+01	-9.194278e+01
6.890000e-06	-4.993164e-06	-1.436307e-09	-3.480187e+01	-9.213542e+01
6.900000e-06	-5.012720e-06	-1.438370e-09	-3.493818e+01	-9.232318e+01
6.910000e-06	-5.031994e-06	-1.441073e-09	-3.507251e+01	-9.250592e+01
6.920000e-06	-5.050890e-06	-1.444214e-09	-3.520422e+01	-9.268352e+01
6.930000e-06	-5.069351e-06	-1.447976e-09	-3.533289e+01	-9.285587e+01
6.940000e-06	-5.087520e-06	-1.449820e-09	-3.545953e+01	-9.302284e+01
6.950000e-06	-5.105459e-06	-1.452372e-09	-3.558456e+01	-9.318433e+01
6.960000e-06	-5.123114e-06	-1.453345e-09	-3.570762e+01	-9.334026e+01
6.970000e-06	-5.140364e-06	-1.451288e-09	-3.582784e+01	-9.349052e+01
6.980000e-06	-5.157175e-06	-1.451460e-09	-3.594502e+01	-9.363505e+01
6.990000e-06	-5.173666e-06	-1.453939e-09	-3.605996e+01	-9.377380e+01
7.000000e-06	-5.189871e-06	-1.456857e-09	-3.617290e+01	-9.390672e+01
7.010000e-06	-5.205767e-06	-1.460971e-09	-3.628370e+01	-9.403378e+01
7.020000e-06	-5.221250e-06	-1.465348e-09	-3.639161e+01	-9.415497e+01
7.030000e-06	-5.236345e-06	-1.466546e-09	-3.649682e+01	-9.427029e+01
7.040000e-06	-5.251011e-06	-1.465109e-09	-3.659904e+01	-9.437977e+01
7.050000e-06	-5.265074e-06	-1.462330e-09	-3.669706e+01	-9.448343e+01
7.060000e-06	-5.278512e-06	-1.460193e-09	-3.679072e+01	-9.458134e+01
7.070000e-06	-5.291486e-06	-1.459926e-09	-3.688115e+01	-9.467356e+01
7.080000e-06	-5.304184e-06	-1.461346e-09	-3.696965e+01	-9.476016e+01
7.090000e-06	-5.316425e-06	-1.464474e-09	-3.705497e+01	-9.484125e+01
7.100000e-06	-5.328204e-06	-1.467431e-09	-3.713707e+01	-9.491692e+01
7.110000e-06	-5.339549e-06	-1.470585e-09	-3.721614e+01	-9.498731e+01
7.120000e-06	-5.350487e-06	-1.471323e-09	-3.729238e+01	-9.505253e+01
7.130000e-06	-5.361087e-06	-1.470855e-09	-3.736626e+01	-9.511272e+01
7.140000e-06	-5.371345e-06	-1.470180e-09	-3.743776e+01	-9.516803e+01
7.150000e-06	-5.381257e-06	-1.469787e-09	-3.750684e+01	-9.521860e+01
7.160000e-06	-5.390769e-06	-1.471475e-09	-3.757315e+01	-9.526460e+01
7.170000e-06	-5.399873e-06	-1.473753e-09	-3.763659e+01	-9.530617e+01
7.180000e-06	-5.408658e-06	-1.475796e-09	-3.769783e+01	-9.534347e+01
7.190000e-06	-5.417142e-06	-1.478338e-09	-3.775696e+01	-9.537667e+01
7.200000e-06	-5.425334e-06	-1.480467e-09	-3.781405e+01	-9.540591e+01
7.210000e-06	-5.433337e-06	-1.480837e-09	-3.786984e+01	-9.543134e+01
7.220000e-06	-5.441032e-06	-1.479171e-09	-3.792347e+01	-9.545312e+01
7.230000e-06	-5.448307e-06	-1.479405e-09	-3.797418e+01	-9.547137e+01
7.240000e-06	-5.455024e-06	-1.480709e-09	-3.802100e+01	-9.548625e+01
7.250000e-06	-5.461028e-06	-1.478827e-09	-3.806284e+01	-9.549786e+01
7.260000e-06	-5.466411e-06	-1.477208e-09	-3.810036e+01	-9.550632e+01
7.270000e-06	-5.471433e-06	-1.475739e-09	-3.813537e+01	-9.551174e+01
7.280000e-06	-5.476143e-06	-1.475208e-09	-3.816819e+01	-9.551421e+01
7.290000e-06	-5.480495e-06	-1.475877e-09	-3.819853e+01	-9.551382e+01
7.300000e-06	-5.484528e-06	-1.475722e-09	-3.822663e+01	-9.551064e+01
7.310000e-06	-5.488228e-06	-1.474625e-09	-3.825243e+01	-9.550472e+01
7.320000e-06	-5.491640e-06	-1.474622e-09	-3.827620e+01	-9.549611e+01
7.330000e-06	-5.494717e-06	-1.475600e-09	-3.829765e+01	-9.548486e+01
7.340000e-06	-5.497443e-06	-1.475632e-09	-3.831665e+01	-9.547098e+01
7.350000e-06	-5.499825e-06	-1.474795e-09	-3.833325e+01	-9.545448e+01
7.360000e-06	-5.501775e-06	-1.472475e-09	-3.834684e+01	-9.543538e+01
7.370000e-06	-5.503366e-06	-1.470168e-09	-3.835793e+01	-9.541367e+01
7.380000e-06	-5.504549e-06	-1.469118e-09	-3.836618e+01	-9.538933e+01
7.390000e-06	-5.505375e-06	-1.467186e-09	-3.837193e+01	-9.536233e+01
7.400000e-06	-5.505929e-06	-1.465091e-09	-3.837580e+01	-9.533264e+01
