# Temperatura_=_-0.6
# Concentracion g/m^3_=_1620.0
# C_Vs_to_Am_M_A/Vsm_=_65563218390.804596
# pendiente_HvsI_1/m_=_3716.3
# ordenada_HvsI_A/m_=_1297.0
# frecuencia_Hz_=_135098.47229418135

Tiempo_(s)	Campo_(V.s)	Magnetizacion_(V.s)	Campo_(kA/m)	Magnetizacion_(A/m)
0.000000e+00	-5.524016e-06	-1.399261e-09	-3.837447e+01	-9.279385e+01
1.000000e-08	-5.524167e-06	-1.399134e-09	-3.837552e+01	-9.269551e+01
2.000000e-08	-5.523976e-06	-1.401852e-09	-3.837419e+01	-9.259298e+01
3.000000e-08	-5.523402e-06	-1.402548e-09	-3.837020e+01	-9.248635e+01
4.000000e-08	-5.522315e-06	-1.395925e-09	-3.836266e+01	-9.237569e+01
5.000000e-08	-5.520533e-06	-1.380564e-09	-3.835028e+01	-9.226110e+01
6.000000e-08	-5.518181e-06	-1.374127e-09	-3.833394e+01	-9.214271e+01
7.000000e-08	-5.515324e-06	-1.403964e-09	-3.831409e+01	-9.202063e+01
8.000000e-08	-5.511982e-06	-1.444322e-09	-3.829087e+01	-9.189501e+01
9.000000e-08	-5.508231e-06	-1.456383e-09	-3.826482e+01	-9.176598e+01
1.000000e-07	-5.504003e-06	-1.422236e-09	-3.823545e+01	-9.163370e+01
1.100000e-07	-5.499452e-06	-1.371384e-09	-3.820383e+01	-9.149834e+01
1.200000e-07	-5.494776e-06	-1.366671e-09	-3.817134e+01	-9.136005e+01
1.300000e-07	-5.489884e-06	-1.399609e-09	-3.813736e+01	-9.121902e+01
1.400000e-07	-5.484623e-06	-1.402424e-09	-3.810082e+01	-9.107542e+01
1.500000e-07	-5.478947e-06	-1.366945e-09	-3.806138e+01	-9.092943e+01
1.600000e-07	-5.472837e-06	-1.364783e-09	-3.801894e+01	-9.078122e+01
1.700000e-07	-5.466171e-06	-1.414776e-09	-3.797263e+01	-9.063098e+01
1.800000e-07	-5.459119e-06	-1.421576e-09	-3.792365e+01	-9.047888e+01
1.900000e-07	-5.451908e-06	-1.365912e-09	-3.787355e+01	-9.032508e+01
2.000000e-07	-5.444409e-06	-1.328075e-09	-3.782145e+01	-9.016976e+01
2.100000e-07	-5.436568e-06	-1.358164e-09	-3.776698e+01	-9.001308e+01
2.200000e-07	-5.428520e-06	-1.381549e-09	-3.771108e+01	-8.985516e+01
2.300000e-07	-5.420148e-06	-1.357642e-09	-3.765292e+01	-8.969616e+01
2.400000e-07	-5.411099e-06	-1.331673e-09	-3.759006e+01	-8.953620e+01
2.500000e-07	-5.401386e-06	-1.337544e-09	-3.752258e+01	-8.937538e+01
2.600000e-07	-5.391054e-06	-1.340483e-09	-3.745081e+01	-8.921380e+01
2.700000e-07	-5.380176e-06	-1.322601e-09	-3.737524e+01	-8.905154e+01
2.800000e-07	-5.368851e-06	-1.322886e-09	-3.729657e+01	-8.888867e+01
2.900000e-07	-5.357150e-06	-1.342930e-09	-3.721528e+01	-8.872522e+01
3.000000e-07	-5.345078e-06	-1.340172e-09	-3.713142e+01	-8.856122e+01
3.100000e-07	-5.332487e-06	-1.321257e-09	-3.704395e+01	-8.839669e+01
3.200000e-07	-5.319464e-06	-1.324294e-09	-3.695348e+01	-8.823160e+01
3.300000e-07	-5.306129e-06	-1.325921e-09	-3.686085e+01	-8.806593e+01
3.400000e-07	-5.292467e-06	-1.318828e-09	-3.676594e+01	-8.789963e+01
3.500000e-07	-5.278312e-06	-1.322014e-09	-3.666760e+01	-8.773263e+01
3.600000e-07	-5.263631e-06	-1.333305e-09	-3.656562e+01	-8.756484e+01
3.700000e-07	-5.248528e-06	-1.328976e-09	-3.646070e+01	-8.739616e+01
3.800000e-07	-5.232840e-06	-1.329719e-09	-3.635172e+01	-8.722647e+01
3.900000e-07	-5.216617e-06	-1.328466e-09	-3.623902e+01	-8.705564e+01
4.000000e-07	-5.200124e-06	-1.310706e-09	-3.612445e+01	-8.688350e+01
4.100000e-07	-5.183288e-06	-1.298237e-09	-3.600749e+01	-8.670990e+01
4.200000e-07	-5.166139e-06	-1.307324e-09	-3.588836e+01	-8.653466e+01
4.300000e-07	-5.148723e-06	-1.305465e-09	-3.576737e+01	-8.635760e+01
4.400000e-07	-5.130986e-06	-1.304310e-09	-3.564415e+01	-8.617851e+01
4.500000e-07	-5.112853e-06	-1.315705e-09	-3.551819e+01	-8.599721e+01
4.600000e-07	-5.094279e-06	-1.309169e-09	-3.538916e+01	-8.581349e+01
4.700000e-07	-5.075332e-06	-1.286815e-09	-3.525753e+01	-8.562713e+01
4.800000e-07	-5.056026e-06	-1.294208e-09	-3.512342e+01	-8.543794e+01
4.900000e-07	-5.036421e-06	-1.301854e-09	-3.498723e+01	-8.524570e+01
5.000000e-07	-5.016630e-06	-1.277536e-09	-3.484974e+01	-8.505021e+01
5.100000e-07	-4.996674e-06	-1.270099e-09	-3.471111e+01	-8.485127e+01
5.200000e-07	-4.976362e-06	-1.287833e-09	-3.457000e+01	-8.464870e+01
5.300000e-07	-4.955568e-06	-1.281713e-09	-3.442555e+01	-8.444231e+01
5.400000e-07	-4.934374e-06	-1.266880e-09	-3.427832e+01	-8.423192e+01
5.500000e-07	-4.912866e-06	-1.272276e-09	-3.412891e+01	-8.401740e+01
5.600000e-07	-4.891126e-06	-1.261932e-09	-3.397788e+01	-8.379858e+01
5.700000e-07	-4.869031e-06	-1.243677e-09	-3.382440e+01	-8.357535e+01
5.800000e-07	-4.846557e-06	-1.257947e-09	-3.366827e+01	-8.334759e+01
5.900000e-07	-4.823736e-06	-1.262634e-09	-3.350973e+01	-8.311521e+01
6.000000e-07	-4.800577e-06	-1.239680e-09	-3.334886e+01	-8.287813e+01
6.100000e-07	-4.777195e-06	-1.237227e-09	-3.318642e+01	-8.263630e+01
6.200000e-07	-4.753594e-06	-1.241634e-09	-3.302247e+01	-8.238969e+01
6.300000e-07	-4.729751e-06	-1.221958e-09	-3.285684e+01	-8.213827e+01
6.400000e-07	-4.705557e-06	-1.212663e-09	-3.268876e+01	-8.188206e+01
6.500000e-07	-4.680947e-06	-1.226567e-09	-3.251780e+01	-8.162108e+01
6.600000e-07	-4.655918e-06	-1.218705e-09	-3.234393e+01	-8.135537e+01
6.700000e-07	-4.630336e-06	-1.209337e-09	-3.216622e+01	-8.108499e+01
6.800000e-07	-4.604173e-06	-1.216468e-09	-3.198447e+01	-8.081004e+01
6.900000e-07	-4.577447e-06	-1.210256e-09	-3.179881e+01	-8.053059e+01
7.000000e-07	-4.550349e-06	-1.191976e-09	-3.161056e+01	-8.024677e+01
7.100000e-07	-4.523047e-06	-1.191090e-09	-3.142090e+01	-7.995871e+01
7.200000e-07	-4.495493e-06	-1.192405e-09	-3.122948e+01	-7.966654e+01
7.300000e-07	-4.467750e-06	-1.182698e-09	-3.103676e+01	-7.937042e+01
7.400000e-07	-4.439808e-06	-1.181214e-09	-3.084265e+01	-7.907051e+01
7.500000e-07	-4.411634e-06	-1.183933e-09	-3.064693e+01	-7.876697e+01
7.600000e-07	-4.383193e-06	-1.171142e-09	-3.044936e+01	-7.845997e+01
7.700000e-07	-4.354357e-06	-1.160907e-09	-3.024904e+01	-7.814970e+01
7.800000e-07	-4.325215e-06	-1.160284e-09	-3.004659e+01	-7.783633e+01
7.900000e-07	-4.295836e-06	-1.156509e-09	-2.984250e+01	-7.752004e+01
8.000000e-07	-4.266172e-06	-1.148140e-09	-2.963642e+01	-7.720099e+01
8.100000e-07	-4.236179e-06	-1.145214e-09	-2.942807e+01	-7.687935e+01
8.200000e-07	-4.205899e-06	-1.141201e-09	-2.921772e+01	-7.655528e+01
8.300000e-07	-4.175338e-06	-1.131130e-09	-2.900542e+01	-7.622893e+01
8.400000e-07	-4.144398e-06	-1.125759e-09	-2.879048e+01	-7.590044e+01
8.500000e-07	-4.113194e-06	-1.119570e-09	-2.857371e+01	-7.556992e+01
8.600000e-07	-4.081856e-06	-1.109313e-09	-2.835601e+01	-7.523749e+01
8.700000e-07	-4.050419e-06	-1.102225e-09	-2.813763e+01	-7.490323e+01
8.800000e-07	-4.018809e-06	-1.100663e-09	-2.791803e+01	-7.456722e+01
8.900000e-07	-3.986954e-06	-1.095808e-09	-2.769675e+01	-7.422951e+01
9.000000e-07	-3.954868e-06	-1.087446e-09	-2.747385e+01	-7.389013e+01
9.100000e-07	-3.922398e-06	-1.082110e-09	-2.724828e+01	-7.354910e+01
9.200000e-07	-3.889454e-06	-1.076783e-09	-2.701942e+01	-7.320641e+01
9.300000e-07	-3.856068e-06	-1.070297e-09	-2.678750e+01	-7.286203e+01
9.400000e-07	-3.822219e-06	-1.065932e-09	-2.655236e+01	-7.251589e+01
9.500000e-07	-3.787921e-06	-1.061424e-09	-2.631409e+01	-7.216794e+01
9.600000e-07	-3.753219e-06	-1.050879e-09	-2.607302e+01	-7.181806e+01
9.700000e-07	-3.718175e-06	-1.040824e-09	-2.582958e+01	-7.146615e+01
9.800000e-07	-3.682851e-06	-1.036567e-09	-2.558419e+01	-7.111207e+01
9.900000e-07	-3.647369e-06	-1.034003e-09	-2.533770e+01	-7.075566e+01
1.000000e-06	-3.611767e-06	-1.031626e-09	-2.509038e+01	-7.039675e+01
1.010000e-06	-3.576064e-06	-1.028897e-09	-2.484235e+01	-7.003514e+01
1.020000e-06	-3.540236e-06	-1.025531e-09	-2.459346e+01	-6.967064e+01
1.030000e-06	-3.504166e-06	-1.015625e-09	-2.434289e+01	-6.930303e+01
1.040000e-06	-3.467853e-06	-1.003628e-09	-2.409063e+01	-6.893207e+01
1.050000e-06	-3.431297e-06	-9.946424e-10	-2.383668e+01	-6.855753e+01
1.060000e-06	-3.394441e-06	-9.868613e-10	-2.358065e+01	-6.817917e+01
1.070000e-06	-3.357273e-06	-9.812315e-10	-2.332245e+01	-6.779672e+01
1.080000e-06	-3.319805e-06	-9.785482e-10	-2.306217e+01	-6.740994e+01
1.090000e-06	-3.282149e-06	-9.752848e-10	-2.280057e+01	-6.701858e+01
1.100000e-06	-3.244380e-06	-9.700613e-10	-2.253820e+01	-6.662237e+01
1.110000e-06	-3.206320e-06	-9.603240e-10	-2.227380e+01	-6.622107e+01
1.120000e-06	-3.167907e-06	-9.491240e-10	-2.200695e+01	-6.581442e+01
1.130000e-06	-3.129248e-06	-9.399101e-10	-2.173839e+01	-6.540220e+01
1.140000e-06	-3.090390e-06	-9.323724e-10	-2.146846e+01	-6.498416e+01
1.150000e-06	-3.051432e-06	-9.257186e-10	-2.119782e+01	-6.456008e+01
1.160000e-06	-3.012312e-06	-9.204866e-10	-2.092606e+01	-6.412975e+01
1.170000e-06	-2.972961e-06	-9.156831e-10	-2.065269e+01	-6.369297e+01
1.180000e-06	-2.933545e-06	-9.107544e-10	-2.037888e+01	-6.324956e+01
1.190000e-06	-2.894061e-06	-9.056481e-10	-2.010459e+01	-6.279933e+01
1.200000e-06	-2.854389e-06	-8.985567e-10	-1.982899e+01	-6.234215e+01
1.210000e-06	-2.814551e-06	-8.895122e-10	-1.955225e+01	-6.187785e+01
1.220000e-06	-2.774629e-06	-8.785464e-10	-1.927491e+01	-6.140632e+01
1.230000e-06	-2.734504e-06	-8.673240e-10	-1.899617e+01	-6.092744e+01
1.240000e-06	-2.694042e-06	-8.578458e-10	-1.871509e+01	-6.044111e+01
1.250000e-06	-2.653342e-06	-8.519755e-10	-1.843235e+01	-5.994725e+01
1.260000e-06	-2.612336e-06	-8.466035e-10	-1.814749e+01	-5.944577e+01
1.270000e-06	-2.571036e-06	-8.387763e-10	-1.786058e+01	-5.893663e+01
1.280000e-06	-2.529464e-06	-8.301855e-10	-1.757179e+01	-5.841976e+01
1.290000e-06	-2.487622e-06	-8.192385e-10	-1.728112e+01	-5.789513e+01
1.300000e-06	-2.445592e-06	-8.068521e-10	-1.698914e+01	-5.736270e+01
1.310000e-06	-2.403286e-06	-7.949796e-10	-1.669525e+01	-5.682243e+01
1.320000e-06	-2.360689e-06	-7.852856e-10	-1.639934e+01	-5.627429e+01
1.330000e-06	-2.317823e-06	-7.791567e-10	-1.610155e+01	-5.571826e+01
1.340000e-06	-2.274717e-06	-7.739029e-10	-1.580210e+01	-5.515430e+01
1.350000e-06	-2.231417e-06	-7.663806e-10	-1.550130e+01	-5.458238e+01
1.360000e-06	-2.187995e-06	-7.573380e-10	-1.519966e+01	-5.400245e+01
1.370000e-06	-2.144504e-06	-7.478593e-10	-1.489753e+01	-5.341447e+01
1.380000e-06	-2.100912e-06	-7.366883e-10	-1.459471e+01	-5.281836e+01
1.390000e-06	-2.057255e-06	-7.237495e-10	-1.429143e+01	-5.221406e+01
1.400000e-06	-2.013494e-06	-7.121024e-10	-1.398742e+01	-5.160146e+01
1.410000e-06	-1.969619e-06	-7.036200e-10	-1.368263e+01	-5.098045e+01
1.420000e-06	-1.925651e-06	-6.976271e-10	-1.337720e+01	-5.035091e+01
1.430000e-06	-1.881580e-06	-6.934734e-10	-1.307104e+01	-4.971267e+01
1.440000e-06	-1.837454e-06	-6.862932e-10	-1.276450e+01	-4.906556e+01
1.450000e-06	-1.793201e-06	-6.747137e-10	-1.245709e+01	-4.840937e+01
1.460000e-06	-1.748778e-06	-6.615347e-10	-1.214849e+01	-4.774387e+01
1.470000e-06	-1.704230e-06	-6.493703e-10	-1.183902e+01	-4.706880e+01
1.480000e-06	-1.659500e-06	-6.367205e-10	-1.152829e+01	-4.638388e+01
1.490000e-06	-1.614621e-06	-6.263695e-10	-1.121652e+01	-4.568879e+01
1.500000e-06	-1.569679e-06	-6.211810e-10	-1.090432e+01	-4.498318e+01
1.510000e-06	-1.524668e-06	-6.164066e-10	-1.059163e+01	-4.426670e+01
1.520000e-06	-1.479576e-06	-6.070103e-10	-1.027838e+01	-4.353893e+01
1.530000e-06	-1.434347e-06	-5.925083e-10	-9.964183e+00	-4.279946e+01
1.540000e-06	-1.388971e-06	-5.746210e-10	-9.648966e+00	-4.204784e+01
1.550000e-06	-1.343523e-06	-5.568830e-10	-9.333247e+00	-4.128361e+01
1.560000e-06	-1.298000e-06	-5.418954e-10	-9.017002e+00	-4.050626e+01
1.570000e-06	-1.252301e-06	-5.294299e-10	-8.699537e+00	-3.971530e+01
1.580000e-06	-1.206526e-06	-5.204147e-10	-8.381550e+00	-3.891020e+01
1.590000e-06	-1.160719e-06	-5.129033e-10	-8.063333e+00	-3.809042e+01
1.600000e-06	-1.114838e-06	-5.035661e-10	-7.744607e+00	-3.725543e+01
1.610000e-06	-1.068882e-06	-4.894715e-10	-7.425357e+00	-3.640468e+01
1.620000e-06	-1.022834e-06	-4.736671e-10	-7.105466e+00	-3.553762e+01
1.630000e-06	-9.767043e-07	-4.605606e-10	-6.785012e+00	-3.465370e+01
1.640000e-06	-9.304577e-07	-4.474488e-10	-6.463743e+00	-3.375239e+01
1.650000e-06	-8.841775e-07	-4.331301e-10	-6.142242e+00	-3.283317e+01
1.660000e-06	-8.379269e-07	-4.198761e-10	-5.820947e+00	-3.189552e+01
1.670000e-06	-7.915692e-07	-4.054838e-10	-5.498907e+00	-3.093897e+01
1.680000e-06	-7.451568e-07	-3.903902e-10	-5.176487e+00	-2.996305e+01
1.690000e-06	-6.987286e-07	-3.774045e-10	-4.853958e+00	-2.896734e+01
1.700000e-06	-6.522050e-07	-3.641609e-10	-4.530766e+00	-2.795144e+01
1.710000e-06	-6.056159e-07	-3.487053e-10	-4.207119e+00	-2.691500e+01
1.720000e-06	-5.589049e-07	-3.308600e-10	-3.882624e+00	-2.585772e+01
1.730000e-06	-5.121700e-07	-3.093451e-10	-3.557965e+00	-2.477932e+01
1.740000e-06	-4.654924e-07	-2.872191e-10	-3.233702e+00	-2.367961e+01
1.750000e-06	-4.187632e-07	-2.703926e-10	-2.909082e+00	-2.255844e+01
1.760000e-06	-3.719797e-07	-2.574118e-10	-2.584085e+00	-2.141571e+01
1.770000e-06	-3.251799e-07	-2.447189e-10	-2.258974e+00	-2.025140e+01
1.780000e-06	-2.783270e-07	-2.301895e-10	-1.933494e+00	-1.906555e+01
1.790000e-06	-2.314497e-07	-2.127735e-10	-1.607845e+00	-1.785827e+01
1.800000e-06	-1.846120e-07	-1.927550e-10	-1.282471e+00	-1.662973e+01
1.810000e-06	-1.377318e-07	-1.728167e-10	-9.568013e-01	-1.538019e+01
1.820000e-06	-9.090325e-08	-1.558754e-10	-6.314906e-01	-1.410997e+01
1.830000e-06	-4.409747e-08	-1.409031e-10	-3.063382e-01	-1.281947e+01
1.840000e-06	2.771887e-09	-1.254911e-10	1.925587e-02	-1.150917e+01
1.850000e-06	4.957999e-08	-1.085985e-10	3.444244e-01	-1.017962e+01
1.860000e-06	9.634455e-08	-9.312284e-11	6.692905e-01	-8.831432e+00
1.870000e-06	1.430946e-07	-7.631384e-11	9.940555e-01	-7.465315e+00
1.880000e-06	1.898968e-07	-5.540776e-11	1.319183e+00	-6.082034e+00
1.890000e-06	2.367244e-07	-3.325247e-11	1.644487e+00	-4.682427e+00
1.900000e-06	2.835632e-07	-9.882216e-12	1.969869e+00	-3.267399e+00
1.910000e-06	3.304085e-07	1.161420e-11	2.295296e+00	-1.837919e+00
1.920000e-06	3.772030e-07	3.074336e-11	2.620370e+00	-3.950188e-01
1.930000e-06	4.239995e-07	4.876484e-11	2.945458e+00	1.060215e+00
1.940000e-06	4.707568e-07	6.602230e-11	3.270274e+00	2.526641e+00
1.950000e-06	5.174281e-07	8.393475e-11	3.594492e+00	4.003069e+00
1.960000e-06	5.640398e-07	1.029764e-10	3.918296e+00	5.488266e+00
1.970000e-06	6.105929e-07	1.241604e-10	4.241693e+00	6.980959e+00
1.980000e-06	6.570680e-07	1.452718e-10	4.564548e+00	8.479841e+00
1.990000e-06	7.034977e-07	1.679704e-10	4.887088e+00	9.983578e+00
2.000000e-06	7.499105e-07	1.879863e-10	5.209511e+00	1.149081e+01
2.010000e-06	7.962314e-07	2.064621e-10	5.531295e+00	1.300016e+01
2.020000e-06	8.424777e-07	2.249834e-10	5.852561e+00	1.451025e+01
2.030000e-06	8.886470e-07	2.438600e-10	6.173291e+00	1.601969e+01
2.040000e-06	9.347979e-07	2.634225e-10	6.493894e+00	1.752707e+01
2.050000e-06	9.809257e-07	2.843642e-10	6.814337e+00	1.903103e+01
2.060000e-06	1.026918e-06	3.051355e-10	7.133840e+00	2.053018e+01
2.070000e-06	1.072855e-06	3.255954e-10	7.452955e+00	2.202318e+01
2.080000e-06	1.118729e-06	3.457079e-10	7.771633e+00	2.350869e+01
2.090000e-06	1.164409e-06	3.643652e-10	8.088967e+00	2.498541e+01
2.100000e-06	1.210032e-06	3.849733e-10	8.405901e+00	2.645207e+01
2.110000e-06	1.255719e-06	4.044011e-10	8.723286e+00	2.790744e+01
2.120000e-06	1.301236e-06	4.220768e-10	9.039480e+00	2.935034e+01
2.130000e-06	1.346636e-06	4.403176e-10	9.354868e+00	3.077962e+01
2.140000e-06	1.392060e-06	4.595054e-10	9.670423e+00	3.219420e+01
2.150000e-06	1.437352e-06	4.794906e-10	9.985060e+00	3.359304e+01
2.160000e-06	1.482510e-06	4.997571e-10	1.029877e+01	3.497518e+01
2.170000e-06	1.527514e-06	5.202012e-10	1.061140e+01	3.633970e+01
2.180000e-06	1.572427e-06	5.415486e-10	1.092340e+01	3.768574e+01
2.190000e-06	1.617258e-06	5.593200e-10	1.123484e+01	3.901252e+01
2.200000e-06	1.661885e-06	5.747082e-10	1.154485e+01	4.031933e+01
2.210000e-06	1.706385e-06	5.882427e-10	1.185399e+01	4.160552e+01
2.220000e-06	1.750768e-06	6.026802e-10	1.216231e+01	4.287050e+01
2.230000e-06	1.795005e-06	6.205482e-10	1.246962e+01	4.411377e+01
2.240000e-06	1.839096e-06	6.391692e-10	1.277591e+01	4.533488e+01
2.250000e-06	1.883113e-06	6.559463e-10	1.308169e+01	4.653346e+01
2.260000e-06	1.927032e-06	6.704353e-10	1.338679e+01	4.770920e+01
2.270000e-06	1.970886e-06	6.900910e-10	1.369144e+01	4.886188e+01
2.280000e-06	2.014707e-06	7.092504e-10	1.399585e+01	4.999132e+01
2.290000e-06	2.058460e-06	7.246098e-10	1.429980e+01	5.109740e+01
2.300000e-06	2.102191e-06	7.359667e-10	1.460359e+01	5.218009e+01
2.310000e-06	2.145838e-06	7.464519e-10	1.490680e+01	5.323940e+01
2.320000e-06	2.189345e-06	7.598839e-10	1.520904e+01	5.427540e+01
2.330000e-06	2.232724e-06	7.739502e-10	1.551039e+01	5.528822e+01
2.340000e-06	2.275994e-06	7.899033e-10	1.581097e+01	5.627802e+01
2.350000e-06	2.319096e-06	8.082343e-10	1.611040e+01	5.724504e+01
2.360000e-06	2.361942e-06	8.275433e-10	1.640804e+01	5.818953e+01
2.370000e-06	2.404482e-06	8.415157e-10	1.670356e+01	5.911182e+01
2.380000e-06	2.446772e-06	8.525605e-10	1.699734e+01	6.001224e+01
2.390000e-06	2.488753e-06	8.630662e-10	1.728898e+01	6.089118e+01
2.400000e-06	2.530447e-06	8.719012e-10	1.757862e+01	6.174904e+01
2.410000e-06	2.571830e-06	8.816301e-10	1.786610e+01	6.258627e+01
2.420000e-06	2.612931e-06	8.955251e-10	1.815162e+01	6.340332e+01
2.430000e-06	2.653865e-06	9.124516e-10	1.843598e+01	6.420068e+01
2.440000e-06	2.694535e-06	9.275970e-10	1.871851e+01	6.497883e+01
2.450000e-06	2.734832e-06	9.398229e-10	1.899845e+01	6.573830e+01
2.460000e-06	2.774831e-06	9.526094e-10	1.927631e+01	6.647959e+01
2.470000e-06	2.814758e-06	9.635914e-10	1.955368e+01	6.720324e+01
2.480000e-06	2.854592e-06	9.739757e-10	1.983040e+01	6.790976e+01
2.490000e-06	2.894248e-06	9.844478e-10	2.010588e+01	6.859969e+01
2.500000e-06	2.933786e-06	9.943751e-10	2.038055e+01	6.927356e+01
2.510000e-06	2.973213e-06	1.004694e-09	2.065444e+01	6.993188e+01
2.520000e-06	3.012426e-06	1.015475e-09	2.092685e+01	7.057517e+01
2.530000e-06	3.051450e-06	1.025146e-09	2.119794e+01	7.120394e+01
2.540000e-06	3.090347e-06	1.033666e-09	2.146815e+01	7.181868e+01
2.550000e-06	3.128987e-06	1.041965e-09	2.173658e+01	7.241986e+01
2.560000e-06	3.167364e-06	1.050818e-09	2.200318e+01	7.300797e+01
2.570000e-06	3.205517e-06	1.059430e-09	2.226822e+01	7.358344e+01
2.580000e-06	3.243471e-06	1.068899e-09	2.253188e+01	7.414670e+01
2.590000e-06	3.281226e-06	1.079549e-09	2.279416e+01	7.469819e+01
2.600000e-06	3.318770e-06	1.089111e-09	2.305497e+01	7.523829e+01
2.610000e-06	3.356067e-06	1.095683e-09	2.331407e+01	7.576738e+01
2.620000e-06	3.393065e-06	1.100020e-09	2.357109e+01	7.628581e+01
2.630000e-06	3.429790e-06	1.104067e-09	2.382621e+01	7.679394e+01
2.640000e-06	3.466251e-06	1.109138e-09	2.407950e+01	7.729206e+01
2.650000e-06	3.502500e-06	1.117703e-09	2.433132e+01	7.778048e+01
2.660000e-06	3.538494e-06	1.126814e-09	2.458137e+01	7.825948e+01
2.670000e-06	3.574330e-06	1.132574e-09	2.483031e+01	7.872932e+01
2.680000e-06	3.610038e-06	1.137604e-09	2.507837e+01	7.919022e+01
2.690000e-06	3.645593e-06	1.143176e-09	2.532536e+01	7.964241e+01
2.700000e-06	3.681034e-06	1.148156e-09	2.557157e+01	8.008610e+01
2.710000e-06	3.716291e-06	1.153194e-09	2.581649e+01	8.052145e+01
2.720000e-06	3.751214e-06	1.158005e-09	2.605910e+01	8.094864e+01
2.730000e-06	3.785767e-06	1.163943e-09	2.629913e+01	8.136781e+01
2.740000e-06	3.819987e-06	1.168560e-09	2.653685e+01	8.177911e+01
2.750000e-06	3.853853e-06	1.172383e-09	2.677211e+01	8.218264e+01
2.760000e-06	3.887271e-06	1.177667e-09	2.700426e+01	8.257851e+01
2.770000e-06	3.920157e-06	1.184506e-09	2.723272e+01	8.296682e+01
2.780000e-06	3.952580e-06	1.191007e-09	2.745795e+01	8.334764e+01
2.790000e-06	3.984695e-06	1.197090e-09	2.768105e+01	8.372105e+01
2.800000e-06	4.016670e-06	1.202787e-09	2.790318e+01	8.408710e+01
2.810000e-06	4.048551e-06	1.205946e-09	2.812465e+01	8.444584e+01
2.820000e-06	4.080261e-06	1.207918e-09	2.834494e+01	8.479732e+01
2.830000e-06	4.111755e-06	1.212642e-09	2.856371e+01	8.514158e+01
2.840000e-06	4.142990e-06	1.220199e-09	2.878070e+01	8.547863e+01
2.850000e-06	4.173833e-06	1.230459e-09	2.899496e+01	8.580850e+01
2.860000e-06	4.204276e-06	1.239382e-09	2.920644e+01	8.613122e+01
2.870000e-06	4.234426e-06	1.244989e-09	2.941589e+01	8.644680e+01
2.880000e-06	4.264365e-06	1.250074e-09	2.962387e+01	8.675524e+01
2.890000e-06	4.294142e-06	1.255052e-09	2.983073e+01	8.705657e+01
2.900000e-06	4.323627e-06	1.259654e-09	3.003556e+01	8.735078e+01
2.910000e-06	4.352713e-06	1.262605e-09	3.023761e+01	8.763789e+01
2.920000e-06	4.381482e-06	1.266614e-09	3.043746e+01	8.791791e+01
2.930000e-06	4.409977e-06	1.273101e-09	3.063542e+01	8.819084e+01
2.940000e-06	4.438178e-06	1.279048e-09	3.083133e+01	8.845670e+01
2.950000e-06	4.466151e-06	1.283002e-09	3.102565e+01	8.871550e+01
2.960000e-06	4.493954e-06	1.285391e-09	3.121879e+01	8.896725e+01
2.970000e-06	4.521584e-06	1.286732e-09	3.141074e+01	8.921197e+01
2.980000e-06	4.549019e-06	1.288830e-09	3.160132e+01	8.944969e+01
2.990000e-06	4.576170e-06	1.294270e-09	3.178994e+01	8.968043e+01
3.000000e-06	4.603009e-06	1.299097e-09	3.197638e+01	8.990421e+01
3.010000e-06	4.629309e-06	1.299958e-09	3.215909e+01	9.012109e+01
3.020000e-06	4.654914e-06	1.303412e-09	3.233696e+01	9.033108e+01
3.030000e-06	4.679945e-06	1.311379e-09	3.251084e+01	9.053425e+01
3.040000e-06	4.704466e-06	1.318372e-09	3.268119e+01	9.073064e+01
3.050000e-06	4.728606e-06	1.321606e-09	3.284888e+01	9.092031e+01
3.060000e-06	4.752524e-06	1.324930e-09	3.301504e+01	9.110332e+01
3.070000e-06	4.776164e-06	1.327859e-09	3.317926e+01	9.127974e+01
3.080000e-06	4.799485e-06	1.328774e-09	3.334127e+01	9.144965e+01
3.090000e-06	4.822560e-06	1.331161e-09	3.350157e+01	9.161312e+01
3.100000e-06	4.845304e-06	1.334317e-09	3.365957e+01	9.177025e+01
3.110000e-06	4.867724e-06	1.335387e-09	3.381532e+01	9.192112e+01
3.120000e-06	4.889782e-06	1.336996e-09	3.396855e+01	9.206583e+01
3.130000e-06	4.911491e-06	1.342399e-09	3.411935e+01	9.220449e+01
3.140000e-06	4.932930e-06	1.349309e-09	3.426829e+01	9.233721e+01
3.150000e-06	4.953969e-06	1.355623e-09	3.441444e+01	9.246410e+01
3.160000e-06	4.974662e-06	1.360236e-09	3.455819e+01	9.258528e+01
3.170000e-06	4.995043e-06	1.360063e-09	3.469978e+01	9.270086e+01
3.180000e-06	5.015064e-06	1.358313e-09	3.483886e+01	9.281098e+01
3.190000e-06	5.034869e-06	1.358774e-09	3.497644e+01	9.291576e+01
3.200000e-06	5.054504e-06	1.360242e-09	3.511284e+01	9.301533e+01
3.210000e-06	5.073897e-06	1.363188e-09	3.524757e+01	9.310982e+01
3.220000e-06	5.092937e-06	1.368671e-09	3.537983e+01	9.319938e+01
3.230000e-06	5.111610e-06	1.375581e-09	3.550956e+01	9.328412e+01
3.240000e-06	5.129849e-06	1.376448e-09	3.563625e+01	9.336418e+01
3.250000e-06	5.147618e-06	1.371174e-09	3.575969e+01	9.343970e+01
3.260000e-06	5.165023e-06	1.367442e-09	3.588061e+01	9.351080e+01
3.270000e-06	5.182084e-06	1.370676e-09	3.599913e+01	9.357761e+01
3.280000e-06	5.198774e-06	1.377640e-09	3.611506e+01	9.364025e+01
3.290000e-06	5.215282e-06	1.383618e-09	3.622974e+01	9.369884e+01
3.300000e-06	5.231555e-06	1.387403e-09	3.634279e+01	9.375349e+01
3.310000e-06	5.247344e-06	1.386752e-09	3.645247e+01	9.380432e+01
3.320000e-06	5.262515e-06	1.384397e-09	3.655786e+01	9.385142e+01
3.330000e-06	5.277123e-06	1.381994e-09	3.665935e+01	9.389488e+01
3.340000e-06	5.291430e-06	1.381625e-09	3.675873e+01	9.393480e+01
3.350000e-06	5.305330e-06	1.384563e-09	3.685529e+01	9.397125e+01
3.360000e-06	5.318896e-06	1.391096e-09	3.694953e+01	9.400430e+01
3.370000e-06	5.332128e-06	1.398462e-09	3.704145e+01	9.403401e+01
3.380000e-06	5.344886e-06	1.401558e-09	3.713008e+01	9.406043e+01
3.390000e-06	5.357315e-06	1.399896e-09	3.721643e+01	9.408360e+01
3.400000e-06	5.369357e-06	1.396177e-09	3.730008e+01	9.410356e+01
3.410000e-06	5.381024e-06	1.395575e-09	3.738113e+01	9.412031e+01
3.420000e-06	5.392283e-06	1.395494e-09	3.745934e+01	9.413389e+01
3.430000e-06	5.403065e-06	1.398950e-09	3.753424e+01	9.414427e+01
3.440000e-06	5.413288e-06	1.405208e-09	3.760526e+01	9.415146e+01
3.450000e-06	5.422839e-06	1.405767e-09	3.767161e+01	9.415544e+01
3.460000e-06	5.431772e-06	1.404266e-09	3.773367e+01	9.415617e+01
3.470000e-06	5.440166e-06	1.402880e-09	3.779198e+01	9.415363e+01
3.480000e-06	5.448188e-06	1.405060e-09	3.784771e+01	9.414777e+01
3.490000e-06	5.455954e-06	1.408927e-09	3.790166e+01	9.413853e+01
3.500000e-06	5.463541e-06	1.410258e-09	3.795436e+01	9.412587e+01
3.510000e-06	5.470874e-06	1.408949e-09	3.800530e+01	9.410971e+01
3.520000e-06	5.477813e-06	1.407281e-09	3.805351e+01	9.408999e+01
3.530000e-06	5.484375e-06	1.405470e-09	3.809909e+01	9.406664e+01
3.540000e-06	5.490568e-06	1.404596e-09	3.814212e+01	9.403958e+01
3.550000e-06	5.496258e-06	1.406548e-09	3.818164e+01	9.400875e+01
3.560000e-06	5.501474e-06	1.412145e-09	3.821787e+01	9.397405e+01
3.570000e-06	5.506316e-06	1.416156e-09	3.825151e+01	9.393543e+01
3.580000e-06	5.510864e-06	1.416160e-09	3.828311e+01	9.389281e+01
3.590000e-06	5.515118e-06	1.415350e-09	3.831266e+01	9.384611e+01
3.600000e-06	5.519088e-06	1.414670e-09	3.834024e+01	9.379528e+01
3.610000e-06	5.522813e-06	1.415011e-09	3.836611e+01	9.374026e+01
3.620000e-06	5.526189e-06	1.414959e-09	3.838957e+01	9.368099e+01
3.630000e-06	5.529252e-06	1.414532e-09	3.841084e+01	9.361744e+01
3.640000e-06	5.531916e-06	1.415189e-09	3.842935e+01	9.354956e+01
3.650000e-06	5.533935e-06	1.418392e-09	3.844338e+01	9.347733e+01
3.660000e-06	5.535240e-06	1.423715e-09	3.845244e+01	9.340073e+01
3.670000e-06	5.535976e-06	1.428246e-09	3.845756e+01	9.331978e+01
3.680000e-06	5.536321e-06	1.431231e-09	3.845996e+01	9.323446e+01
3.690000e-06	5.536328e-06	1.433095e-09	3.846000e+01	9.314481e+01
3.700000e-06	5.536052e-06	1.433719e-09	3.845808e+01	9.305086e+01
3.710000e-06	5.535441e-06	1.433787e-09	3.845384e+01	9.295266e+01
3.720000e-06	5.534527e-06	1.432274e-09	3.844749e+01	9.285026e+01
3.730000e-06	5.533378e-06	1.434636e-09	3.843951e+01	9.274374e+01
3.740000e-06	5.531803e-06	1.446762e-09	3.842857e+01	9.263320e+01
3.750000e-06	5.529811e-06	1.460306e-09	3.841473e+01	9.251872e+01
3.760000e-06	5.527502e-06	1.436243e-09	3.839869e+01	9.240043e+01
3.770000e-06	5.524864e-06	1.379224e-09	3.838036e+01	9.227844e+01
3.780000e-06	5.521776e-06	1.340270e-09	3.835891e+01	9.215289e+01
3.790000e-06	5.518136e-06	1.353410e-09	3.833363e+01	9.202392e+01
3.800000e-06	5.514089e-06	1.419499e-09	3.830551e+01	9.189169e+01
3.810000e-06	5.509796e-06	1.461057e-09	3.827569e+01	9.175636e+01
3.820000e-06	5.505295e-06	1.438455e-09	3.824442e+01	9.161810e+01
3.830000e-06	5.500445e-06	1.418773e-09	3.821073e+01	9.147707e+01
3.840000e-06	5.494978e-06	1.424276e-09	3.817275e+01	9.133346e+01
3.850000e-06	5.489129e-06	1.411712e-09	3.813212e+01	9.118744e+01
3.860000e-06	5.483121e-06	1.362081e-09	3.809038e+01	9.103920e+01
3.870000e-06	5.476598e-06	1.364525e-09	3.804507e+01	9.088891e+01
3.880000e-06	5.469390e-06	1.444103e-09	3.799499e+01	9.073674e+01
3.890000e-06	5.461659e-06	1.475274e-09	3.794129e+01	9.058286e+01
3.900000e-06	5.453582e-06	1.396704e-09	3.788518e+01	9.042745e+01
3.910000e-06	5.445149e-06	1.318204e-09	3.782660e+01	9.027065e+01
3.920000e-06	5.436319e-06	1.357334e-09	3.776525e+01	9.011262e+01
3.930000e-06	5.427223e-06	1.419397e-09	3.770206e+01	8.995349e+01
3.940000e-06	5.417923e-06	1.397568e-09	3.763746e+01	8.979339e+01
3.950000e-06	5.408232e-06	1.351621e-09	3.757014e+01	8.963242e+01
3.960000e-06	5.398086e-06	1.377348e-09	3.749965e+01	8.947069e+01
3.970000e-06	5.387586e-06	1.398251e-09	3.742671e+01	8.930827e+01
3.980000e-06	5.376740e-06	1.356159e-09	3.735137e+01	8.914522e+01
3.990000e-06	5.365454e-06	1.336750e-09	3.727297e+01	8.898161e+01
4.000000e-06	5.353742e-06	1.374404e-09	3.719160e+01	8.881744e+01
4.010000e-06	5.341645e-06	1.371963e-09	3.710757e+01	8.865273e+01
4.020000e-06	5.329053e-06	1.326138e-09	3.702010e+01	8.848748e+01
4.030000e-06	5.315900e-06	1.337068e-09	3.692872e+01	8.832164e+01
4.040000e-06	5.302355e-06	1.370394e-09	3.683463e+01	8.815518e+01
4.050000e-06	5.288408e-06	1.337522e-09	3.673774e+01	8.798802e+01
4.060000e-06	5.273819e-06	1.299789e-09	3.663639e+01	8.782009e+01
4.070000e-06	5.258648e-06	1.330391e-09	3.653100e+01	8.765127e+01
4.080000e-06	5.243028e-06	1.357716e-09	3.642249e+01	8.748146e+01
4.090000e-06	5.227033e-06	1.339789e-09	3.631138e+01	8.731050e+01
4.100000e-06	5.210696e-06	1.320061e-09	3.619789e+01	8.713827e+01
4.110000e-06	5.194126e-06	1.313613e-09	3.608278e+01	8.696458e+01
4.120000e-06	5.177278e-06	1.310845e-09	3.596574e+01	8.678927e+01
4.130000e-06	5.159959e-06	1.325534e-09	3.584542e+01	8.661215e+01
4.140000e-06	5.142261e-06	1.323407e-09	3.572248e+01	8.643303e+01
4.150000e-06	5.124236e-06	1.302451e-09	3.559727e+01	8.625170e+01
4.160000e-06	5.105853e-06	1.312380e-09	3.546956e+01	8.606797e+01
4.170000e-06	5.087216e-06	1.328470e-09	3.534009e+01	8.588163e+01
4.180000e-06	5.068346e-06	1.296846e-09	3.520900e+01	8.569246e+01
4.190000e-06	5.049049e-06	1.289496e-09	3.507495e+01	8.550027e+01
4.200000e-06	5.029367e-06	1.322421e-09	3.493822e+01	8.530484e+01
4.210000e-06	5.009370e-06	1.300226e-09	3.479931e+01	8.510598e+01
4.220000e-06	4.989095e-06	1.261792e-09	3.465846e+01	8.490350e+01
4.230000e-06	4.968604e-06	1.297742e-09	3.451611e+01	8.469722e+01
4.240000e-06	4.947890e-06	1.315034e-09	3.437221e+01	8.448696e+01
4.250000e-06	4.926899e-06	1.270819e-09	3.422639e+01	8.427257e+01
4.260000e-06	4.905327e-06	1.269066e-09	3.407654e+01	8.405390e+01
4.270000e-06	4.883124e-06	1.293349e-09	3.392229e+01	8.383082e+01
4.280000e-06	4.860336e-06	1.273942e-09	3.376399e+01	8.360323e+01
4.290000e-06	4.836982e-06	1.272377e-09	3.360176e+01	8.337102e+01
4.300000e-06	4.813263e-06	1.294900e-09	3.343698e+01	8.313412e+01
4.310000e-06	4.789237e-06	1.275229e-09	3.327008e+01	8.289247e+01
4.320000e-06	4.764976e-06	1.263751e-09	3.310154e+01	8.264604e+01
4.330000e-06	4.740562e-06	1.287093e-09	3.293194e+01	8.239481e+01
4.340000e-06	4.715919e-06	1.273418e-09	3.276075e+01	8.213878e+01
4.350000e-06	4.690894e-06	1.244077e-09	3.258690e+01	8.187798e+01
4.360000e-06	4.665473e-06	1.256877e-09	3.241031e+01	8.161245e+01
4.370000e-06	4.639736e-06	1.259621e-09	3.223152e+01	8.134224e+01
4.380000e-06	4.613672e-06	1.240541e-09	3.205046e+01	8.106745e+01
4.390000e-06	4.587299e-06	1.251714e-09	3.186724e+01	8.078815e+01
4.400000e-06	4.560590e-06	1.262291e-09	3.168170e+01	8.050448e+01
4.410000e-06	4.533573e-06	1.235674e-09	3.149402e+01	8.021655e+01
4.420000e-06	4.506229e-06	1.224806e-09	3.130406e+01	7.992450e+01
4.430000e-06	4.478495e-06	1.237556e-09	3.111140e+01	7.962849e+01
4.440000e-06	4.450510e-06	1.231831e-09	3.091700e+01	7.932867e+01
4.450000e-06	4.422352e-06	1.220148e-09	3.072138e+01	7.902521e+01
4.460000e-06	4.394010e-06	1.223660e-09	3.052450e+01	7.871828e+01
4.470000e-06	4.365464e-06	1.220224e-09	3.032619e+01	7.840806e+01
4.480000e-06	4.336676e-06	1.210997e-09	3.012620e+01	7.809473e+01
4.490000e-06	4.307562e-06	1.211498e-09	2.992396e+01	7.777845e+01
4.500000e-06	4.278029e-06	1.209801e-09	2.971879e+01	7.745941e+01
4.510000e-06	4.248005e-06	1.196783e-09	2.951022e+01	7.713777e+01
4.520000e-06	4.217467e-06	1.192907e-09	2.929808e+01	7.681368e+01
4.530000e-06	4.186492e-06	1.199245e-09	2.908290e+01	7.648730e+01
4.540000e-06	4.155047e-06	1.194134e-09	2.886446e+01	7.615876e+01
4.550000e-06	4.123173e-06	1.182262e-09	2.864303e+01	7.582819e+01
4.560000e-06	4.091105e-06	1.178474e-09	2.842027e+01	7.549570e+01
4.570000e-06	4.058898e-06	1.175772e-09	2.819653e+01	7.516137e+01
4.580000e-06	4.026534e-06	1.172272e-09	2.797170e+01	7.482529e+01
4.590000e-06	3.994006e-06	1.171669e-09	2.774574e+01	7.448750e+01
4.600000e-06	3.961224e-06	1.165782e-09	2.751800e+01	7.414805e+01
4.610000e-06	3.928080e-06	1.154439e-09	2.728776e+01	7.380694e+01
4.620000e-06	3.894707e-06	1.145580e-09	2.705592e+01	7.346418e+01
4.630000e-06	3.861152e-06	1.139961e-09	2.682281e+01	7.311972e+01
4.640000e-06	3.827271e-06	1.135481e-09	2.658745e+01	7.277352e+01
4.650000e-06	3.793081e-06	1.129027e-09	2.634994e+01	7.242550e+01
4.660000e-06	3.758635e-06	1.126218e-09	2.611065e+01	7.207557e+01
4.670000e-06	3.723965e-06	1.127093e-09	2.586980e+01	7.172362e+01
4.680000e-06	3.688949e-06	1.126305e-09	2.562655e+01	7.136951e+01
4.690000e-06	3.653599e-06	1.124213e-09	2.538098e+01	7.101309e+01
4.700000e-06	3.618024e-06	1.116611e-09	2.513385e+01	7.065417e+01
4.710000e-06	3.582192e-06	1.106660e-09	2.488492e+01	7.029259e+01
4.720000e-06	3.546176e-06	1.100557e-09	2.463473e+01	6.992812e+01
4.730000e-06	3.510062e-06	1.100494e-09	2.438385e+01	6.956056e+01
4.740000e-06	3.473808e-06	1.096661e-09	2.413200e+01	6.918967e+01
4.750000e-06	3.437398e-06	1.089177e-09	2.387906e+01	6.881522e+01
4.760000e-06	3.400864e-06	1.083239e-09	2.362527e+01	6.843697e+01
4.770000e-06	3.364154e-06	1.078152e-09	2.337025e+01	6.805466e+01
4.780000e-06	3.327107e-06	1.074108e-09	2.311289e+01	6.766804e+01
4.790000e-06	3.289768e-06	1.071633e-09	2.285350e+01	6.727685e+01
4.800000e-06	3.252036e-06	1.068850e-09	2.259139e+01	6.688084e+01
4.810000e-06	3.213786e-06	1.063016e-09	2.232567e+01	6.647975e+01
4.820000e-06	3.175184e-06	1.052356e-09	2.205751e+01	6.607335e+01
4.830000e-06	3.136274e-06	1.042456e-09	2.178720e+01	6.566138e+01
4.840000e-06	3.097026e-06	1.034018e-09	2.151455e+01	6.524361e+01
4.850000e-06	3.057480e-06	1.027579e-09	2.123984e+01	6.481983e+01
4.860000e-06	3.017713e-06	1.022693e-09	2.096358e+01	6.438981e+01
4.870000e-06	2.977784e-06	1.018693e-09	2.068620e+01	6.395336e+01
4.880000e-06	2.937731e-06	1.014485e-09	2.040796e+01	6.351029e+01
4.890000e-06	2.897559e-06	1.009680e-09	2.012888e+01	6.306043e+01
4.900000e-06	2.857229e-06	1.002917e-09	1.984872e+01	6.260361e+01
4.910000e-06	2.816744e-06	9.923547e-10	1.956748e+01	6.213970e+01
4.920000e-06	2.776098e-06	9.841359e-10	1.928511e+01	6.166856e+01
4.930000e-06	2.735288e-06	9.793554e-10	1.900161e+01	6.119008e+01
4.940000e-06	2.694289e-06	9.753616e-10	1.871680e+01	6.070416e+01
4.950000e-06	2.653056e-06	9.711898e-10	1.843036e+01	6.021071e+01
4.960000e-06	2.611715e-06	9.654510e-10	1.814318e+01	5.970966e+01
4.970000e-06	2.570278e-06	9.587435e-10	1.785532e+01	5.920094e+01
4.980000e-06	2.528610e-06	9.507651e-10	1.756586e+01	5.868450e+01
4.990000e-06	2.486744e-06	9.429848e-10	1.727502e+01	5.816030e+01
5.000000e-06	2.444739e-06	9.382473e-10	1.698322e+01	5.762830e+01
5.010000e-06	2.402559e-06	9.325204e-10	1.669020e+01	5.708847e+01
5.020000e-06	2.360233e-06	9.257148e-10	1.639617e+01	5.654078e+01
5.030000e-06	2.317758e-06	9.168126e-10	1.610110e+01	5.598519e+01
5.040000e-06	2.275088e-06	9.088838e-10	1.580468e+01	5.542168e+01
5.050000e-06	2.232250e-06	8.997838e-10	1.550709e+01	5.485020e+01
5.060000e-06	2.189188e-06	8.948265e-10	1.520795e+01	5.427073e+01
5.070000e-06	2.145954e-06	8.908935e-10	1.490761e+01	5.368320e+01
5.080000e-06	2.102578e-06	8.849848e-10	1.460628e+01	5.308756e+01
5.090000e-06	2.058966e-06	8.796530e-10	1.430331e+01	5.248373e+01
5.100000e-06	2.015216e-06	8.722311e-10	1.399939e+01	5.187161e+01
5.110000e-06	1.971422e-06	8.612910e-10	1.369516e+01	5.125109e+01
5.120000e-06	1.927514e-06	8.479056e-10	1.339014e+01	5.062205e+01
5.130000e-06	1.883511e-06	8.390432e-10	1.308445e+01	4.998433e+01
5.140000e-06	1.839423e-06	8.321309e-10	1.277818e+01	4.933775e+01
5.150000e-06	1.795248e-06	8.214060e-10	1.247131e+01	4.868211e+01
5.160000e-06	1.751044e-06	8.089125e-10	1.216423e+01	4.801717e+01
5.170000e-06	1.706810e-06	7.994007e-10	1.185694e+01	4.734270e+01
5.180000e-06	1.662515e-06	7.928865e-10	1.154923e+01	4.665839e+01
5.190000e-06	1.618180e-06	7.878028e-10	1.124124e+01	4.596394e+01
5.200000e-06	1.573761e-06	7.797052e-10	1.093267e+01	4.525901e+01
5.210000e-06	1.529198e-06	7.698059e-10	1.062310e+01	4.454323e+01
5.220000e-06	1.484531e-06	7.588793e-10	1.031281e+01	4.381621e+01
5.230000e-06	1.439757e-06	7.409210e-10	1.000176e+01	4.307752e+01
5.240000e-06	1.394883e-06	7.191212e-10	9.690037e+00	4.232671e+01
5.250000e-06	1.349925e-06	7.035572e-10	9.377716e+00	4.156333e+01
5.260000e-06	1.304861e-06	6.943018e-10	9.064664e+00	4.078688e+01
5.270000e-06	1.259769e-06	6.885194e-10	8.751418e+00	3.999686e+01
5.280000e-06	1.214660e-06	6.795584e-10	8.438055e+00	3.919274e+01
5.290000e-06	1.169435e-06	6.689612e-10	8.123879e+00	3.837399e+01
5.300000e-06	1.123983e-06	6.526422e-10	7.808136e+00	3.754007e+01
5.310000e-06	1.078456e-06	6.331614e-10	7.491867e+00	3.669044e+01
5.320000e-06	1.032858e-06	6.164443e-10	7.175103e+00	3.582454e+01
5.330000e-06	9.870959e-07	6.025812e-10	6.857200e+00	3.494183e+01
5.340000e-06	9.412276e-07	5.916690e-10	6.538560e+00	3.404177e+01
5.350000e-06	8.952222e-07	5.798639e-10	6.218968e+00	3.312385e+01
5.360000e-06	8.491570e-07	5.690809e-10	5.898960e+00	3.218754e+01
5.370000e-06	8.030839e-07	5.532405e-10	5.578898e+00	3.123237e+01
5.380000e-06	7.569991e-07	5.322860e-10	5.258754e+00	3.025786e+01
5.390000e-06	7.108890e-07	5.136627e-10	4.938435e+00	2.926360e+01
5.400000e-06	6.646862e-07	4.973072e-10	4.617471e+00	2.824918e+01
5.410000e-06	6.183376e-07	4.805389e-10	4.295495e+00	2.721425e+01
5.420000e-06	5.719064e-07	4.661371e-10	3.972944e+00	2.615850e+01
5.430000e-06	5.254803e-07	4.531627e-10	3.650429e+00	2.508165e+01
5.440000e-06	4.790332e-07	4.373960e-10	3.327769e+00	2.398351e+01
5.450000e-06	4.325472e-07	4.172167e-10	3.004838e+00	2.286392e+01
5.460000e-06	3.861125e-07	3.954396e-10	2.682263e+00	2.172277e+01
5.470000e-06	3.396442e-07	3.736917e-10	2.359455e+00	2.056004e+01
5.480000e-06	2.931886e-07	3.534467e-10	2.036735e+00	1.937577e+01
5.490000e-06	2.466981e-07	3.334744e-10	1.713773e+00	1.817005e+01
5.500000e-06	2.000576e-07	3.142539e-10	1.389769e+00	1.694306e+01
5.510000e-06	1.534045e-07	2.965811e-10	1.065677e+00	1.569504e+01
5.520000e-06	1.068031e-07	2.786716e-10	7.419446e-01	1.442631e+01
5.530000e-06	6.026606e-08	2.577076e-10	4.186589e-01	1.313727e+01
5.540000e-06	1.368691e-08	2.339859e-10	9.508083e-02	1.182839e+01
5.550000e-06	-3.288507e-08	2.100287e-10	-2.284474e-01	1.050020e+01
5.560000e-06	-7.940085e-08	1.858887e-10	-5.515853e-01	9.153325e+00
5.570000e-06	-1.259463e-07	1.629431e-10	-8.749290e-01	7.788459e+00
5.580000e-06	-1.725554e-07	1.412147e-10	-1.198715e+00	6.406361e+00
5.590000e-06	-2.190975e-07	1.212397e-10	-1.522036e+00	5.007865e+00
5.600000e-06	-2.655314e-07	1.017716e-10	-1.844605e+00	3.593870e+00
5.610000e-06	-3.119104e-07	7.955864e-11	-2.166793e+00	2.165340e+00
5.620000e-06	-3.582542e-07	5.501327e-11	-2.488735e+00	7.233009e-01
5.630000e-06	-4.046517e-07	2.969328e-11	-2.811052e+00	-7.311638e-01
5.640000e-06	-4.510505e-07	3.618556e-12	-3.133377e+00	-2.196918e+00
5.650000e-06	-4.974171e-07	-2.244606e-11	-3.455479e+00	-3.672775e+00
5.660000e-06	-5.436840e-07	-4.795441e-11	-3.776887e+00	-5.157505e+00
5.670000e-06	-5.898141e-07	-7.203949e-11	-4.097346e+00	-6.649839e+00
5.680000e-06	-6.358899e-07	-9.462357e-11	-4.417428e+00	-8.148472e+00
5.690000e-06	-6.820079e-07	-1.162018e-10	-4.737802e+00	-9.652071e+00
5.700000e-06	-7.281263e-07	-1.401404e-10	-5.058179e+00	-1.115928e+01
5.710000e-06	-7.741948e-07	-1.663811e-10	-5.378210e+00	-1.266873e+01
5.720000e-06	-8.201523e-07	-1.930553e-10	-5.697469e+00	-1.417902e+01
5.730000e-06	-8.659885e-07	-2.214669e-10	-6.015886e+00	-1.568878e+01
5.740000e-06	-9.117601e-07	-2.489022e-10	-6.333854e+00	-1.719661e+01
5.750000e-06	-9.574524e-07	-2.742637e-10	-6.651271e+00	-1.870112e+01
5.760000e-06	-1.003036e-06	-3.001921e-10	-6.967933e+00	-2.020094e+01
5.770000e-06	-1.048606e-06	-3.244348e-10	-7.284499e+00	-2.169472e+01
5.780000e-06	-1.094116e-06	-3.484679e-10	-7.600651e+00	-2.318112e+01
5.790000e-06	-1.139431e-06	-3.745140e-10	-7.915449e+00	-2.465883e+01
5.800000e-06	-1.184642e-06	-4.014219e-10	-8.229523e+00	-2.612659e+01
5.810000e-06	-1.229769e-06	-4.283517e-10	-8.543012e+00	-2.758317e+01
5.820000e-06	-1.274817e-06	-4.561312e-10	-8.855954e+00	-2.902736e+01
5.830000e-06	-1.319751e-06	-4.830609e-10	-9.168102e+00	-3.045804e+01
5.840000e-06	-1.364671e-06	-5.045621e-10	-9.480154e+00	-3.187410e+01
5.850000e-06	-1.409562e-06	-5.232086e-10	-9.792005e+00	-3.327451e+01
5.860000e-06	-1.454245e-06	-5.444658e-10	-1.010241e+01	-3.465829e+01
5.870000e-06	-1.498868e-06	-5.685658e-10	-1.041240e+01	-3.602452e+01
5.880000e-06	-1.543460e-06	-5.927891e-10	-1.072217e+01	-3.737235e+01
5.890000e-06	-1.587941e-06	-6.148670e-10	-1.103118e+01	-3.870099e+01
5.900000e-06	-1.632356e-06	-6.366770e-10	-1.133972e+01	-4.000970e+01
5.910000e-06	-1.676759e-06	-6.603222e-10	-1.164818e+01	-4.129785e+01
5.920000e-06	-1.721074e-06	-6.810494e-10	-1.195603e+01	-4.256483e+01
5.930000e-06	-1.765232e-06	-7.004395e-10	-1.226279e+01	-4.381014e+01
5.940000e-06	-1.809362e-06	-7.221064e-10	-1.256935e+01	-4.503333e+01
5.950000e-06	-1.853441e-06	-7.433330e-10	-1.287556e+01	-4.623401e+01
5.960000e-06	-1.897413e-06	-7.623715e-10	-1.318103e+01	-4.741189e+01
5.970000e-06	-1.941302e-06	-7.794419e-10	-1.348592e+01	-4.856671e+01
5.980000e-06	-1.985086e-06	-7.973352e-10	-1.379008e+01	-4.969830e+01
5.990000e-06	-2.028736e-06	-8.175409e-10	-1.409331e+01	-5.080656e+01
6.000000e-06	-2.072154e-06	-8.375369e-10	-1.439493e+01	-5.189141e+01
6.010000e-06	-2.115358e-06	-8.558439e-10	-1.469506e+01	-5.295289e+01
6.020000e-06	-2.158490e-06	-8.724678e-10	-1.499469e+01	-5.399104e+01
6.030000e-06	-2.201498e-06	-8.875421e-10	-1.529346e+01	-5.500600e+01
6.040000e-06	-2.244266e-06	-9.043095e-10	-1.559057e+01	-5.599793e+01
6.050000e-06	-2.286883e-06	-9.200379e-10	-1.588662e+01	-5.696705e+01
6.060000e-06	-2.329369e-06	-9.369704e-10	-1.618176e+01	-5.791362e+01
6.070000e-06	-2.371719e-06	-9.562874e-10	-1.647596e+01	-5.883796e+01
6.080000e-06	-2.413967e-06	-9.759196e-10	-1.676945e+01	-5.974041e+01
6.090000e-06	-2.455985e-06	-9.905882e-10	-1.706134e+01	-6.062134e+01
6.100000e-06	-2.497808e-06	-9.985933e-10	-1.735188e+01	-6.148116e+01
6.110000e-06	-2.539496e-06	-1.006053e-09	-1.764148e+01	-6.232030e+01
6.120000e-06	-2.581021e-06	-1.015604e-09	-1.792995e+01	-6.313923e+01
6.130000e-06	-2.622325e-06	-1.029464e-09	-1.821688e+01	-6.393843e+01
6.140000e-06	-2.663404e-06	-1.047995e-09	-1.850225e+01	-6.471838e+01
6.150000e-06	-2.704285e-06	-1.066123e-09	-1.878624e+01	-6.547960e+01
6.160000e-06	-2.745033e-06	-1.077412e-09	-1.906931e+01	-6.622260e+01
6.170000e-06	-2.785634e-06	-1.083928e-09	-1.935136e+01	-6.694791e+01
6.180000e-06	-2.826055e-06	-1.090465e-09	-1.963216e+01	-6.765606e+01
6.190000e-06	-2.866395e-06	-1.099030e-09	-1.991240e+01	-6.834757e+01
6.200000e-06	-2.906664e-06	-1.111157e-09	-2.019214e+01	-6.902297e+01
6.210000e-06	-2.946842e-06	-1.126635e-09	-2.047125e+01	-6.968279e+01
6.220000e-06	-2.986884e-06	-1.140211e-09	-2.074942e+01	-7.032753e+01
6.230000e-06	-3.026705e-06	-1.151854e-09	-2.102605e+01	-7.095770e+01
6.240000e-06	-3.066265e-06	-1.160306e-09	-2.130086e+01	-7.157380e+01
6.250000e-06	-3.105557e-06	-1.164890e-09	-2.157381e+01	-7.217632e+01
6.260000e-06	-3.144437e-06	-1.170671e-09	-2.184391e+01	-7.276571e+01
6.270000e-06	-3.182896e-06	-1.181099e-09	-2.211108e+01	-7.334243e+01
6.280000e-06	-3.220898e-06	-1.190043e-09	-2.237507e+01	-7.390692e+01
6.290000e-06	-3.258553e-06	-1.196486e-09	-2.263666e+01	-7.445958e+01
6.300000e-06	-3.295958e-06	-1.202383e-09	-2.289650e+01	-7.500083e+01
6.310000e-06	-3.332993e-06	-1.205156e-09	-2.315378e+01	-7.553104e+01
6.320000e-06	-3.369729e-06	-1.210557e-09	-2.340898e+01	-7.605057e+01
6.330000e-06	-3.406327e-06	-1.218260e-09	-2.366322e+01	-7.655975e+01
6.340000e-06	-3.442824e-06	-1.226021e-09	-2.391676e+01	-7.705891e+01
6.350000e-06	-3.479133e-06	-1.234547e-09	-2.416899e+01	-7.754835e+01
6.360000e-06	-3.515266e-06	-1.246147e-09	-2.442000e+01	-7.802834e+01
6.370000e-06	-3.551222e-06	-1.256719e-09	-2.466978e+01	-7.849915e+01
6.380000e-06	-3.586969e-06	-1.258971e-09	-2.491811e+01	-7.896100e+01
6.390000e-06	-3.622518e-06	-1.260379e-09	-2.516506e+01	-7.941413e+01
6.400000e-06	-3.657827e-06	-1.265579e-09	-2.541035e+01	-7.985873e+01
6.410000e-06	-3.692816e-06	-1.273151e-09	-2.565341e+01	-8.029498e+01
6.420000e-06	-3.727532e-06	-1.283147e-09	-2.589458e+01	-8.072306e+01
6.430000e-06	-3.762073e-06	-1.291866e-09	-2.613453e+01	-8.114312e+01
6.440000e-06	-3.796420e-06	-1.298410e-09	-2.637313e+01	-8.155528e+01
6.450000e-06	-3.830425e-06	-1.302096e-09	-2.660936e+01	-8.195967e+01
6.460000e-06	-3.864052e-06	-1.304814e-09	-2.684296e+01	-8.235639e+01
6.470000e-06	-3.897413e-06	-1.306738e-09	-2.707471e+01	-8.274554e+01
6.480000e-06	-3.930479e-06	-1.311961e-09	-2.730442e+01	-8.312720e+01
6.490000e-06	-3.963242e-06	-1.320605e-09	-2.753202e+01	-8.350144e+01
6.500000e-06	-3.995770e-06	-1.327000e-09	-2.775799e+01	-8.386832e+01
6.510000e-06	-4.028116e-06	-1.333593e-09	-2.798269e+01	-8.422789e+01
6.520000e-06	-4.060355e-06	-1.339370e-09	-2.820665e+01	-8.458019e+01
6.530000e-06	-4.092379e-06	-1.345559e-09	-2.842912e+01	-8.492526e+01
6.540000e-06	-4.124161e-06	-1.350109e-09	-2.864990e+01	-8.526312e+01
6.550000e-06	-4.155630e-06	-1.355222e-09	-2.886851e+01	-8.559381e+01
6.560000e-06	-4.186552e-06	-1.366186e-09	-2.908332e+01	-8.591734e+01
6.570000e-06	-4.216923e-06	-1.376413e-09	-2.929430e+01	-8.623373e+01
6.580000e-06	-4.246849e-06	-1.381448e-09	-2.950219e+01	-8.654298e+01
6.590000e-06	-4.276335e-06	-1.383520e-09	-2.970703e+01	-8.684512e+01
6.600000e-06	-4.305377e-06	-1.384367e-09	-2.990878e+01	-8.714014e+01
6.610000e-06	-4.334088e-06	-1.384390e-09	-3.010823e+01	-8.742806e+01
6.620000e-06	-4.362577e-06	-1.383357e-09	-3.030614e+01	-8.770888e+01
6.630000e-06	-4.390941e-06	-1.388921e-09	-3.050317e+01	-8.798262e+01
6.640000e-06	-4.419159e-06	-1.399992e-09	-3.069920e+01	-8.824928e+01
6.650000e-06	-4.447099e-06	-1.411917e-09	-3.089330e+01	-8.850889e+01
6.660000e-06	-4.474789e-06	-1.420843e-09	-3.108566e+01	-8.876144e+01
6.670000e-06	-4.502147e-06	-1.421898e-09	-3.127571e+01	-8.900696e+01
6.680000e-06	-4.529094e-06	-1.418439e-09	-3.146290e+01	-8.924548e+01
6.690000e-06	-4.555749e-06	-1.416988e-09	-3.164807e+01	-8.947701e+01
6.700000e-06	-4.582084e-06	-1.418772e-09	-3.183102e+01	-8.970159e+01
6.710000e-06	-4.608122e-06	-1.420853e-09	-3.201190e+01	-8.991925e+01
6.720000e-06	-4.633746e-06	-1.425531e-09	-3.218991e+01	-9.013004e+01
6.730000e-06	-4.658932e-06	-1.430928e-09	-3.236487e+01	-9.033399e+01
6.740000e-06	-4.683817e-06	-1.433825e-09	-3.253774e+01	-9.053116e+01
6.750000e-06	-4.708454e-06	-1.435940e-09	-3.270889e+01	-9.072160e+01
6.760000e-06	-4.732945e-06	-1.438179e-09	-3.287903e+01	-9.090538e+01
6.770000e-06	-4.757252e-06	-1.440492e-09	-3.304788e+01	-9.108256e+01
6.780000e-06	-4.781299e-06	-1.441787e-09	-3.321493e+01	-9.125323e+01
6.790000e-06	-4.805057e-06	-1.442844e-09	-3.337998e+01	-9.141745e+01
6.800000e-06	-4.828460e-06	-1.443790e-09	-3.354256e+01	-9.157531e+01
6.810000e-06	-4.851438e-06	-1.443605e-09	-3.370218e+01	-9.172692e+01
6.820000e-06	-4.873836e-06	-1.445638e-09	-3.385778e+01	-9.187236e+01
6.830000e-06	-4.895637e-06	-1.449192e-09	-3.400922e+01	-9.201174e+01
6.840000e-06	-4.916936e-06	-1.453666e-09	-3.415718e+01	-9.214516e+01
6.850000e-06	-4.937777e-06	-1.458606e-09	-3.430196e+01	-9.227275e+01
6.860000e-06	-4.958323e-06	-1.462100e-09	-3.444469e+01	-9.239461e+01
6.870000e-06	-4.978622e-06	-1.461249e-09	-3.458570e+01	-9.251087e+01
6.880000e-06	-4.998678e-06	-1.457732e-09	-3.472503e+01	-9.262165e+01
6.890000e-06	-5.018500e-06	-1.455233e-09	-3.486273e+01	-9.272709e+01
6.900000e-06	-5.038027e-06	-1.454344e-09	-3.499838e+01	-9.282731e+01
6.910000e-06	-5.057200e-06	-1.455699e-09	-3.513157e+01	-9.292244e+01
6.920000e-06	-5.075989e-06	-1.458974e-09	-3.526210e+01	-9.301261e+01
6.930000e-06	-5.094440e-06	-1.461473e-09	-3.539028e+01	-9.309797e+01
6.940000e-06	-5.112608e-06	-1.461552e-09	-3.551648e+01	-9.317863e+01
6.950000e-06	-5.130459e-06	-1.458480e-09	-3.564049e+01	-9.325474e+01
6.960000e-06	-5.147872e-06	-1.454514e-09	-3.576146e+01	-9.332642e+01
6.970000e-06	-5.164876e-06	-1.453511e-09	-3.587958e+01	-9.339379e+01
6.980000e-06	-5.181639e-06	-1.456198e-09	-3.599603e+01	-9.345699e+01
6.990000e-06	-5.198193e-06	-1.460556e-09	-3.611103e+01	-9.351613e+01
7.000000e-06	-5.214433e-06	-1.463727e-09	-3.622385e+01	-9.357132e+01
7.010000e-06	-5.230285e-06	-1.466513e-09	-3.633397e+01	-9.362268e+01
7.020000e-06	-5.245763e-06	-1.465629e-09	-3.644149e+01	-9.367030e+01
7.030000e-06	-5.260779e-06	-1.460921e-09	-3.654580e+01	-9.371428e+01
7.040000e-06	-5.275154e-06	-1.454943e-09	-3.664567e+01	-9.375471e+01
7.050000e-06	-5.288889e-06	-1.450793e-09	-3.674108e+01	-9.379166e+01
7.060000e-06	-5.302098e-06	-1.449613e-09	-3.683284e+01	-9.382521e+01
7.070000e-06	-5.314807e-06	-1.449806e-09	-3.692113e+01	-9.385541e+01
7.080000e-06	-5.327159e-06	-1.451109e-09	-3.700693e+01	-9.388232e+01
7.090000e-06	-5.339236e-06	-1.452827e-09	-3.709083e+01	-9.390598e+01
7.100000e-06	-5.350897e-06	-1.455102e-09	-3.717184e+01	-9.392641e+01
7.110000e-06	-5.362140e-06	-1.454092e-09	-3.724995e+01	-9.394365e+01
7.120000e-06	-5.373046e-06	-1.450849e-09	-3.732570e+01	-9.395771e+01
7.130000e-06	-5.383636e-06	-1.449504e-09	-3.739927e+01	-9.396857e+01
7.140000e-06	-5.393842e-06	-1.449949e-09	-3.747017e+01	-9.397624e+01
7.150000e-06	-5.403641e-06	-1.452270e-09	-3.753824e+01	-9.398071e+01
7.160000e-06	-5.412976e-06	-1.455365e-09	-3.760309e+01	-9.398193e+01
7.170000e-06	-5.421903e-06	-1.455351e-09	-3.766511e+01	-9.397988e+01
7.180000e-06	-5.430572e-06	-1.451206e-09	-3.772533e+01	-9.397451e+01
7.190000e-06	-5.438998e-06	-1.449479e-09	-3.778387e+01	-9.396577e+01
7.200000e-06	-5.447186e-06	-1.449692e-09	-3.784075e+01	-9.395361e+01
7.210000e-06	-5.455159e-06	-1.445977e-09	-3.789613e+01	-9.393796e+01
7.220000e-06	-5.462730e-06	-1.441534e-09	-3.794873e+01	-9.391876e+01
7.230000e-06	-5.469703e-06	-1.440643e-09	-3.799717e+01	-9.389593e+01
7.240000e-06	-5.475983e-06	-1.441400e-09	-3.804079e+01	-9.386940e+01
7.250000e-06	-5.481607e-06	-1.439738e-09	-3.807987e+01	-9.383910e+01
7.260000e-06	-5.486740e-06	-1.438197e-09	-3.811552e+01	-9.380495e+01
7.270000e-06	-5.491452e-06	-1.438064e-09	-3.814826e+01	-9.376687e+01
7.280000e-06	-5.495898e-06	-1.436869e-09	-3.817914e+01	-9.372480e+01
7.290000e-06	-5.500131e-06	-1.434620e-09	-3.820855e+01	-9.367866e+01
7.300000e-06	-5.504129e-06	-1.430929e-09	-3.823632e+01	-9.362839e+01
7.310000e-06	-5.507781e-06	-1.427507e-09	-3.826169e+01	-9.357394e+01
7.320000e-06	-5.511037e-06	-1.424668e-09	-3.828431e+01	-9.351524e+01
7.330000e-06	-5.513917e-06	-1.423362e-09	-3.830431e+01	-9.345226e+01
7.340000e-06	-5.516498e-06	-1.425293e-09	-3.832225e+01	-9.338496e+01
7.350000e-06	-5.518748e-06	-1.425763e-09	-3.833788e+01	-9.331331e+01
7.360000e-06	-5.520521e-06	-1.426062e-09	-3.835019e+01	-9.323730e+01
7.370000e-06	-5.521752e-06	-1.423234e-09	-3.835874e+01	-9.315692e+01
7.380000e-06	-5.522625e-06	-1.415346e-09	-3.836481e+01	-9.307218e+01
7.390000e-06	-5.523296e-06	-1.405863e-09	-3.836947e+01	-9.298311e+01
7.400000e-06	-5.523720e-06	-1.399850e-09	-3.837241e+01	-9.288973e+01
